0.0166666666667	0.0	0.0	0.0 	0.0 	40.4 	24.0 	0.0 	0.0 	0.0 	0.0 	24.0 	0.0 	0.0 	0.0 	0.0	0.0506451612903	120.0	-7.35483870968	
0.0333333333333	0.0	0.0	0.0 	0.0 	40.8 	24.0 	0.0 	0.0 	0.0 	-0.0 	24.0 	0.0 	0.0 	0.0 	0.0	0.0506451612903	120.0	-7.35483870968	
0.05	0.0	0.0	0.0 	0.0 	41.2 	24.0 	0.0 	0.0 	0.0 	-0.0 	24.0 	0.0 	0.0 	0.0 	0.0	0.0506451612903	120.0	-7.35483870968	
0.0666666666667	0.0	0.0	0.0 	0.0 	41.6 	24.0 	0.0 	0.0 	0.0 	-0.0 	24.0 	0.0 	0.0 	0.0 	0.0	0.0506451612903	120.0	-7.35483870968	
0.0833333333333	0.0	0.0	0.0 	0.0 	42.0 	24.0 	0.0 	0.0 	0.0 	-0.0 	24.0 	0.0 	0.0 	0.0 	0.0	0.0506451612903	120.0	-7.35483870968	
0.1	0.0	0.0	0.0 	0.0 	42.4 	24.0 	0.0 	0.0 	0.0 	-0.0 	24.0 	0.0 	0.0 	0.0 	0.0	0.0506451612903	120.0	-7.35483870968	
0.116666666667	0.0	0.0	0.0 	0.0 	42.8 	24.0 	0.0 	0.0 	0.0 	-0.0 	24.0 	0.0 	0.0 	0.0 	0.0	0.0506451612903	120.0	-7.35483870968	
0.133333333333	0.0	0.0	0.0 	0.0 	43.2 	24.0 	0.0 	0.0 	0.0 	-0.0 	24.0 	0.0 	0.0 	0.0 	0.0	0.0506451612903	120.0	-7.35483870968	
0.15	0.0	0.0	0.0 	0.0 	43.6 	24.0 	0.0 	0.0 	0.0 	-0.0 	24.0 	0.0 	0.0 	0.0 	0.0	0.0506451612903	120.0	-7.35483870968	
0.166666666667	0.0	0.0	0.0 	0.0 	44.0 	24.0 	0.0 	0.0 	0.0 	-0.0 	24.0 	0.0 	0.0 	0.0 	0.0	0.0506451612903	120.0	-7.35483870968	
0.183333333333	0.0	0.0	0.0 	0.0 	44.4 	24.0 	0.0 	0.0 	0.0 	-0.0 	24.0 	0.0 	0.0 	0.0 	0.0	0.0506451612903	120.0	-7.35483870968	
0.2	0.0	0.0	0.0 	0.0 	44.8 	24.0 	0.0 	0.0 	0.0 	-0.0 	24.0 	0.0 	0.0 	0.0 	0.0	0.0506451612903	120.0	-7.35483870968	
0.216666666667	0.0	0.0	0.0 	0.0 	45.2 	24.0 	0.0 	0.0 	0.0 	-0.0 	24.0 	0.0 	0.0 	0.0 	0.0	0.0506451612903	120.0	-7.35483870968	
0.233333333333	0.0	0.0	0.0 	0.0 	45.6 	24.0 	0.0 	0.0 	0.0 	-0.0 	24.0 	0.0 	0.0 	0.0 	0.0	0.0506451612903	120.0	-7.35483870968	
0.25	0.0	0.0	0.0 	0.0 	46.0 	24.0 	0.0 	0.0 	0.0 	-0.0 	24.0 	0.0 	0.0 	0.0 	0.0	0.0506451612903	120.0	-7.35483870968	
0.266666666667	0.0	0.0	0.0 	0.0 	46.4 	24.0 	0.0 	0.0 	0.0 	-0.0 	24.0 	0.0 	0.0 	0.0 	0.0	0.0506451612903	120.0	-7.35483870968	
0.283333333333	0.0	0.0	0.0 	0.0 	46.8 	24.0 	0.0 	0.0 	0.0 	-0.0 	24.0 	0.0 	0.0 	0.0 	0.0	0.0506451612903	120.0	-7.35483870968	
0.3	0.0	0.0	0.0 	0.0 	47.2 	24.0 	0.0 	0.0 	0.0 	-0.0 	24.0 	0.0 	0.0 	0.0 	0.0	0.0506451612903	120.0	-7.35483870968	
0.316666666667	0.0	0.0	0.0 	0.0 	47.6 	24.0 	0.0 	0.0 	0.0 	-0.0 	24.0 	0.0 	0.0 	0.0 	0.0	0.0506451612903	120.0	-7.35483870968	
0.333333333333	0.0	0.0	0.0 	0.0 	48.0 	24.0 	0.0 	0.0 	0.0 	-0.0 	24.0 	0.0 	0.0 	0.0 	0.0	0.0506451612903	120.0	-7.35483870968	
0.35	0.0	0.0	0.0 	0.0 	48.4 	24.0 	0.0 	0.0 	0.0 	-0.0 	24.0 	0.0 	0.0 	0.0 	0.0	0.0506451612903	120.0	-7.35483870968	
0.366666666667	0.0	0.0	0.0 	0.0 	48.8 	24.0 	0.0 	0.0 	0.0 	-0.0 	24.0 	0.0 	0.0 	0.0 	0.0	0.0506451612903	120.0	-7.35483870968	
0.383333333333	0.0	0.0	0.0 	0.0 	49.2 	24.0 	0.0 	0.0 	0.0 	-0.0 	24.0 	0.0 	0.0 	0.0 	0.0	0.0506451612903	120.0	-7.35483870968	
0.4	0.0	0.0	0.0 	0.0 	49.6 	24.0 	0.0 	0.0 	0.0 	-0.0 	24.0 	0.0 	0.0 	0.0 	0.0	0.0506451612903	120.0	-7.35483870968	
0.416666666667	0.0	0.0	0.0 	0.0 	50.0 	24.0 	0.0 	0.0 	0.0 	-0.0 	24.0 	0.0 	0.0 	0.0 	0.0	0.0506451612903	120.0	-7.35483870968	
0.433333333333	0.0	0.0	0.0 	0.0 	50.4 	24.0 	0.0 	0.0 	0.0 	-0.0 	24.0 	0.0 	0.0 	0.0 	0.0	0.0506451612903	120.0	-7.35483870968	
0.45	0.0	0.0	0.0 	0.0 	50.8 	24.0 	0.0 	0.0 	0.0 	-0.0 	24.0 	0.0 	0.0 	0.0 	0.0	0.0506451612903	120.0	-7.35483870968	
0.466666666667	0.0	0.0	0.0 	0.0 	51.2 	24.0 	0.0 	0.0 	0.0 	-0.0 	24.0 	0.0 	0.0 	0.0 	0.0	0.0506451612903	120.0	-7.35483870968	
0.483333333333	0.0	0.0	0.0 	0.0 	51.6 	24.0 	0.0 	0.0 	0.0 	-0.0 	24.0 	0.0 	0.0 	0.0 	0.0	0.0506451612903	120.0	-7.35483870968	
0.5	0.0	0.0	0.0 	0.0 	52.0 	24.0 	0.0 	0.0 	0.0 	-0.0 	24.0 	0.0 	0.0 	0.0 	0.0	0.0506451612903	120.0	-7.35483870968	
0.516666666667	0.0	0.0	0.0 	0.0 	52.4 	24.0 	0.0 	0.0 	0.0 	-0.0 	24.0 	0.0 	0.0 	0.0 	0.0	0.0506451612903	120.0	-7.35483870968	
0.533333333333	0.0	0.0	0.0 	0.0 	52.8 	24.0 	0.0 	0.0 	0.0 	-0.0 	24.0 	0.0 	0.0 	0.0 	0.0	0.0506451612903	120.0	-7.35483870968	
0.55	0.0	0.0	0.0 	0.0 	53.2 	24.0 	0.0 	0.0 	0.0 	-0.0 	24.0 	0.0 	0.0 	0.0 	0.0	0.0506451612903	120.0	-7.35483870968	
0.566666666667	0.0	0.0	0.0 	0.0 	53.6 	24.0 	0.0 	0.0 	0.0 	-0.0 	24.0 	0.0 	0.0 	0.0 	0.0	0.0506451612903	120.0	-7.35483870968	
0.583333333333	0.0	0.0	0.0 	0.0 	54.0 	24.0 	0.0 	0.0 	0.0 	-0.0 	24.0 	0.0 	0.0 	0.0 	0.0	0.0506451612903	120.0	-7.35483870968	
0.6	0.0	0.0	0.0 	0.0 	54.4 	24.0 	0.0 	0.0 	0.0 	-0.0 	24.0 	0.0 	0.0 	0.0 	0.0	0.0506451612903	120.0	-7.35483870968	
0.616666666667	0.0	0.0	0.0 	0.0 	54.8 	24.0 	0.0 	0.0 	0.0 	-0.0 	24.0 	0.0 	0.0 	0.0 	0.0	0.0506451612903	120.0	-7.35483870968	
0.633333333333	0.0	0.0	0.0 	0.0 	55.2 	24.0 	0.0 	0.0 	0.0 	-0.0 	24.0 	0.0 	0.0 	0.0 	0.0	0.0506451612903	120.0	-7.35483870968	
0.65	0.0	0.0	0.0 	0.0 	55.6 	24.0 	0.0 	0.0 	0.0 	-0.0 	24.0 	0.0 	0.0 	0.0 	0.0	0.0506451612903	120.0	-7.35483870968	
0.666666666667	0.0	0.0	0.0 	0.0 	56.0 	24.0 	0.0 	0.0 	0.0 	-0.0 	24.0 	0.0 	0.0 	0.0 	0.0	0.0506451612903	120.0	-7.35483870968	
0.683333333333	0.0	0.0	0.0 	0.0 	56.4 	24.0 	0.0 	0.0 	0.0 	-0.0 	24.0 	0.0 	0.0 	0.0 	0.0	0.0506451612903	120.0	-7.35483870968	
0.7	0.0	0.0	0.0 	0.0 	56.8 	24.0 	0.0 	0.0 	0.0 	-0.0 	24.0 	0.0 	0.0 	0.0 	0.0	0.0506451612903	120.0	-7.35483870968	
0.716666666667	0.0	0.0	0.0 	0.0 	57.2 	24.0 	0.0 	0.0 	0.0 	-0.0 	24.0 	0.0 	0.0 	0.0 	0.0	0.0506451612903	120.0	-7.35483870968	
0.733333333333	0.0	0.0	0.0 	0.0 	57.6 	24.0 	0.0 	0.0 	0.0 	-0.0 	24.0 	0.0 	0.0 	0.0 	0.0	0.0506451612903	120.0	-7.35483870968	
0.75	0.0	0.0	0.0 	0.0 	58.0 	24.0 	0.0 	0.0 	0.0 	-0.0 	24.0 	0.0 	0.0 	0.0 	0.0	0.0506451612903	120.0	-7.35483870968	
0.766666666667	0.0	0.0	0.0 	0.0 	58.4 	24.0 	0.0 	0.0 	0.0 	-0.0 	24.0 	0.0 	0.0 	0.0 	0.0	0.0506451612903	120.0	-7.35483870968	
0.783333333333	0.0	0.0	0.0 	0.0 	58.8 	24.0 	0.0 	0.0 	0.0 	-0.0 	24.0 	0.0 	0.0 	0.0 	0.0	0.0506451612903	120.0	-7.35483870968	
0.8	0.0	0.0	0.0 	0.0 	59.2 	24.0 	0.0 	0.0 	0.0 	-0.0 	24.0 	0.0 	0.0 	0.0 	0.0	0.0506451612903	120.0	-7.35483870968	
0.816666666667	0.0	0.0	0.0 	0.0 	59.6 	24.0 	0.0 	0.0 	0.0 	-0.0 	24.0 	0.0 	0.0 	0.0 	0.0	0.0506451612903	120.0	-7.35483870968	
0.833333333333	0.0	0.0	0.0 	0.0 	60.0 	24.0 	0.0 	0.0 	0.0 	-0.0 	24.0 	0.0 	0.0 	0.0 	0.0	0.0506451612903	120.0	-7.35483870968	
0.85	0.0	0.0	0.0 	0.0 	60.4 	24.0 	0.0 	0.0 	0.0 	-0.0 	24.0 	0.0 	0.0 	0.0 	0.0330593607306	0.0506451612903	120.000027893	-7.35428842681	
0.866666666667	0.0	0.0	0.0 	0.0 	60.8 	24.0 	0.0 	0.0 	0.0 	-0.0 	24.0 	0.0 	0.0 	0.0 	0.0659315360397	0.0506451612903	120.000083521	-7.35319097682	
0.883333333333	0.0	0.0	0.0 	0.0 	61.2 	24.0 	0.0 	0.0 	0.0 	-0.0 	24.0 	0.0 	0.0 	0.0 	0.09861758579	0.0506451612903	120.000166727	-7.35154945784	
0.9	0.0	0.0	0.0 	0.0 	61.6 	24.0 	0.0 	0.0 	0.0 	-0.0 	24.0 	0.0 	0.0 	0.0 	0.131118563843	0.0506451612903	120.000277355	-7.34936695042	
0.916666666667	0.0	0.0	0.0 	0.0 	62.0 	24.0 	0.0 	0.0 	0.0 	-0.0 	24.0 	0.0 	0.0 	0.0 	0.163435518093	0.0506451612903	120.00041525	-7.34664651772	
0.933333333333	0.0	0.0	0.0 	0.0 	62.4 	24.0 	0.0 	0.0 	0.0 	-0.0 	24.0 	0.0 	0.0 	0.0 	0.195569490502	0.0506451612903	120.000580257	-7.3433912055	
0.95	0.0	0.0	0.0 	0.0 	62.8 	24.0 	0.0 	0.0 	0.0 	-0.0 	24.0 	0.0 	0.0 	0.0 	0.227521517132	0.0506451612903	120.000772223	-7.33960404232	
0.966666666667	0.0	0.0	0.0 	0.0 	63.2 	24.0 	0.0 	0.0 	0.0 	-0.0 	24.0 	0.0 	0.0 	0.0 	0.259292628176	0.0506451612903	120.000990994	-7.33528803957	
0.983333333333	0.0	0.0	0.0 	0.0 	63.6 	24.0 	0.0 	0.0 	0.0 	-0.0 	24.0 	0.0 	0.0 	0.0 	0.290883847998	0.0506451612903	120.00123642	-7.33044619159	
1.0	0.0	0.0	0.0 	0.0 	64.0 	24.0 	0.0 	0.0 	0.0 	-0.0 	24.0 	0.0 	0.0 	0.0 	0.32229619516	0.0506451612903	120.00150835	-7.32508147576	
1.01666666667	0.0	0.0	0.0 	0.0 	64.4 	24.0 	0.0 	0.0 	0.0 	-0.0 	24.0 	0.0 	0.0 	0.0 	0.353530682457	0.0506451612903	120.001806632	-7.31919685262	
1.03333333333	0.0	0.0	0.0 	0.0 	64.8 	24.0 	0.0 	0.0 	0.0 	-0.0 	24.0 	0.0 	0.0 	0.0 	0.384588316949	0.0506451612903	120.002131119	-7.31279526594	
1.05	0.0	0.0	0.0 	0.0 	65.2 	24.0 	0.0 	0.0 	0.0 	-0.0 	24.0 	0.0 	0.0 	0.0 	0.415470099995	0.0506451612903	120.002481662	-7.30587964282	
1.06666666667	0.0	0.0	0.0 	0.0 	65.6 	24.0 	0.0 	0.0 	0.0 	-0.0 	24.0 	0.0 	0.0 	0.0 	0.446177027282	0.0506451612903	120.002858113	-7.29845289377	
1.08333333333	0.0	0.0	0.0 	0.0 	66.0 	24.0 	0.0 	0.0 	0.0 	-0.0 	24.0 	0.0 	0.0 	0.0 	0.476710088863	0.0506451612903	120.003260325	-7.29051791286	
1.1	0.0	0.0	0.0 	0.0 	66.4 	24.0 	0.0 	0.0 	0.0 	-0.0 	24.0 	0.0 	0.0 	0.0 	0.507070269182	0.0506451612903	120.003688153	-7.28207757773	
1.11666666667	0.0	0.0	0.0 	0.0 	66.8 	24.0 	0.0 	0.0 	0.0 	-0.0 	24.0 	0.0 	0.0 	0.0 	0.53725854711	0.0506451612903	120.004141452	-7.27313474975	
1.13333333333	0.0	0.0	0.0 	0.0 	67.2 	24.0 	0.0 	0.0 	0.0 	-0.0 	24.0 	0.0 	0.0 	0.0 	0.567275895975	0.0506451612903	120.004620077	-7.2636922741	
1.15	0.0	0.0	0.0 	0.0 	67.6 	24.0 	0.0 	0.0 	0.0 	-0.0 	24.0 	0.0 	0.0 	0.0 	0.597123283596	0.0506451612903	120.005123885	-7.25375297982	
1.16666666667	0.0	0.0	0.0 	0.0 	68.0 	24.0 	0.0 	0.0 	0.0 	-0.0 	24.0 	0.0 	0.0 	0.0 	0.62680167231	0.0506451612903	120.005652733	-7.24331967995	
1.18333333333	0.0	0.0	0.0 	0.0 	68.4 	24.0 	0.0 	0.0 	0.0 	-0.0 	24.0 	0.0 	0.0 	0.0 	0.656312019006	0.0506451612903	120.00620648	-7.2323951716	
1.2	0.0	0.0	0.0 	0.0 	68.8 	24.0 	0.0 	0.0 	0.0 	-0.0 	24.0 	0.0 	0.0 	0.0 	0.685655275154	0.0506451612903	120.006784985	-7.22098223604	
1.21666666667	0.0	0.0	0.0 	0.0 	69.2 	24.0 	0.0 	0.0 	0.0 	-0.0 	24.0 	0.0 	0.0 	0.0 	0.714832386838	0.0506451612903	120.007388107	-7.2090836388	
1.23333333333	0.0	0.0	0.0 	0.0 	69.6 	24.0 	0.0 	0.0 	0.0 	-0.0 	24.0 	0.0 	0.0 	0.0 	0.743844294785	0.0506451612903	120.008015707	-7.19670212975	
1.25	0.0	0.0	0.0 	0.0 	70.0 	24.0 	0.0 	0.0 	0.0 	-0.0 	24.0 	0.0 	0.0 	0.0 	0.772691934394	0.0506451612903	120.008667647	-7.18384044316	
1.26666666667	0.0	0.0	0.0 	0.0 	70.4 	24.0 	0.0 	0.0 	0.0 	-0.0 	24.0 	0.0 	0.0 	0.0 	0.80137623577	0.0506451612903	120.009343788	-7.17050129787	
1.28333333333	0.0	0.0	0.0 	0.0 	70.8 	24.0 	0.0 	0.0 	0.0 	-0.0 	24.0 	0.0 	0.0 	0.0 	0.82989812375	0.0506451612903	120.010043994	-7.15668739729	
1.3	0.0	0.0	0.0 	0.0 	71.2 	24.0 	0.0 	0.0 	0.0 	-0.0 	24.0 	0.0 	0.0 	0.0 	0.858258517935	0.0506451612903	120.010768128	-7.14240142953	
1.31666666667	0.0	0.0	0.0 	0.0 	71.6 	24.0 	0.0 	0.0 	0.0 	-0.0 	24.0 	0.0 	0.0 	0.0 	0.88645833272	0.0506451612903	120.011516056	-7.12764606748	
1.33333333333	0.0	0.0	0.0 	0.0 	72.0 	24.0 	0.0 	0.0 	0.0 	-0.0 	24.0 	0.0 	0.0 	0.0 	0.91449847732	0.0506451612903	120.012287641	-7.1124239689	
1.35	0.0	0.0	0.0 	0.0 	72.4 	24.0 	0.0 	0.0 	0.0 	-0.0 	24.0 	0.0 	0.0 	0.0 	0.942379855804	0.0506451612903	120.013082751	-7.09673777651	
1.36666666667	0.0	0.0	0.0 	0.0 	72.8 	24.0 	0.0 	0.0 	0.0 	-0.0 	24.0 	0.0 	0.0 	0.0 	0.970103367123	0.0506451612903	120.013901251	-7.08059011804	
1.38333333333	0.0	0.0	0.0 	0.0 	73.2 	24.0 	0.0 	0.0 	0.0 	-0.0 	24.0 	0.0 	0.0 	0.0 	0.997669905136	0.0506451612903	120.014743011	-7.06398360636	
1.4	0.0	0.0	0.0 	0.0 	73.6 	24.0 	0.0 	0.0 	0.0 	-0.0 	24.0 	0.0 	0.0 	0.0 	1.02508035864	0.0506451612903	120.015607897	-7.04692083955	
1.41666666667	0.0	0.0	0.0 	0.0 	74.0 	24.0 	0.0 	0.0 	0.0 	-0.0 	24.0 	0.0 	0.0 	0.0 	1.0523356114	0.0506451612903	120.016495779	-7.02940440096	
1.43333333333	0.0	0.0	0.0 	0.0 	74.4 	24.0 	0.0 	0.0 	0.0 	-0.0 	24.0 	0.0 	0.0 	0.0 	1.07943654219	0.0506451612903	120.017406527	-7.01143685934	
1.45	0.0	0.0	0.0 	0.0 	74.8 	24.0 	0.0 	0.0 	0.0 	-0.0 	24.0 	0.0 	0.0 	0.0 	1.10638402478	0.0506451612903	120.018340011	-6.99302076888	
1.46666666667	0.0	0.0	0.0 	0.0 	75.2 	24.0 	0.0 	0.0 	0.0 	-0.0 	24.0 	0.0 	0.0 	0.0 	1.13317892802	0.0506451612903	120.019296103	-6.97415866929	
1.48333333333	0.0	0.0	0.0 	0.0 	75.6 	24.0 	0.0 	0.0 	0.0 	-0.0 	24.0 	0.0 	0.0 	0.0 	1.15982211583	0.0506451612903	120.020274674	-6.95485308594	
1.5	0.0	0.0	0.0 	0.0 	76.0 	24.0 	0.0 	0.0 	0.0 	-0.0 	24.0 	0.0 	0.0 	0.0 	1.18631444722	0.0506451612903	120.021275597	-6.93510652987	
1.51666666667	0.0	0.0	0.0 	0.0 	76.4 	24.0 	0.0 	0.0 	0.0 	-0.0 	24.0 	0.0 	0.0 	0.0 	1.21265677638	0.0506451612903	120.022298746	-6.91492149791	
1.53333333333	0.0	0.0	0.0 	0.0 	76.8 	24.0 	0.0 	0.0 	0.0 	-0.0 	24.0 	0.0 	0.0 	0.0 	1.23884995262	0.0506451612903	120.023343995	-6.89430047276	
1.55	0.0	0.0	0.0 	0.0 	77.2 	24.0 	0.0 	0.0 	0.0 	-0.0 	24.0 	0.0 	0.0 	0.0 	1.26489482047	0.0506451612903	120.024411219	-6.87324592306	
1.56666666667	0.0	0.0	0.0 	0.0 	77.6 	24.0 	0.0 	0.0 	0.0 	-0.0 	24.0 	0.0 	0.0 	0.0 	1.29079221966	0.0506451612903	120.025500293	-6.85176030346	
1.58333333333	0.0	0.0	0.0 	0.0 	78.0 	24.0 	0.0 	0.0 	0.0 	-0.0 	24.0 	0.0 	0.0 	0.0 	1.31654298518	0.0506451612903	120.026611093	-6.82984605472	
1.6	0.0	0.0	0.0 	0.0 	78.4 	24.0 	0.0 	0.0 	0.0 	-0.0 	24.0 	0.0 	0.0 	0.0 	1.34214794727	0.0506451612903	120.027743498	-6.80750560379	
1.61666666667	0.0	0.0	0.0 	0.0 	78.8 	24.0 	0.0 	0.0 	0.0 	-0.0 	24.0 	0.0 	0.0 	0.0 	1.3676079315	0.0506451612903	120.028897383	-6.78474136387	
1.63333333333	0.0	0.0	0.0 	0.0 	79.2 	24.0 	0.0 	0.0 	0.0 	-0.0 	24.0 	0.0 	0.0 	0.0 	1.39292375873	0.0506451612903	120.030072628	-6.76155573448	
1.65	0.0	0.0	0.0 	0.0 	79.6 	24.0 	0.0 	0.0 	0.0 	-0.0 	24.0 	0.0 	0.0 	0.0 	1.41809624521	0.0506451612903	120.031269111	-6.73795110159	
1.66666666667	0.0	0.0	0.0 	0.0 	80.0 	24.0 	0.0 	0.0 	0.0 	-0.0 	24.0 	0.0 	0.0 	0.0 	1.44312620255	0.0506451612903	120.032486713	-6.71392983763	
1.68333333333	0.0	0.0	0.0 	0.0 	80.4 	24.0 	0.0 	0.0 	0.0 	-0.0 	24.0 	0.0 	0.0 	0.0 	1.46801443775	0.0506451612903	120.033725314	-6.68949430161	
1.7	0.0	0.0	0.0 	0.0 	80.8 	24.0 	0.0 	0.0 	0.0 	-0.0 	24.0 	0.0 	0.0 	0.0 	1.49276175326	0.0506451612903	120.034984795	-6.66464683918	
1.71666666667	0.0	0.0	0.0 	0.0 	81.2 	24.0 	0.0 	0.0 	0.0 	-0.0 	24.0 	0.0 	0.0 	0.0 	1.51736894698	0.0506451612903	120.036265037	-6.63938978271	
1.73333333333	0.0	0.0	0.0 	0.0 	81.6 	24.0 	0.0 	0.0 	0.0 	-0.0 	24.0 	0.0 	0.0 	0.0 	1.496475431	0.0644147300055	120.037870511	-6.61450025148	
1.75	0.0	0.0	0.0 	0.0 	82.0 	24.0 	0.0 	0.0 	0.0 	-0.0 	24.0 	0.0 	0.0 	0.0 	1.47558191502	0.078376546918	120.039796055	-6.58998271697	
1.76666666667	0.0	0.0	0.0 	0.0 	82.4 	24.0 	0.0 	0.0 	0.0 	-0.0 	24.0 	0.0 	0.0 	0.0 	1.45468839904	0.0925360563082	120.042036373	-6.56584163945	
1.78333333333	0.0	0.0	0.0 	0.0 	82.8 	24.0 	0.0 	0.0 	0.0 	-0.0 	24.0 	0.0 	0.0 	0.0 	1.43379488306	0.106898937043	120.04458603	-6.54208146579	
1.8	0.0	0.0	0.0 	0.0 	83.2 	24.0 	0.0 	0.0 	0.0 	-0.0 	24.0 	0.0 	0.0 	0.0 	1.41290136708	0.12147111625	120.047439446	-6.51870662689	
1.81666666667	0.0	0.0	0.0 	0.0 	83.6 	24.0 	0.0 	0.0 	0.0 	-0.0 	24.0 	0.0 	0.0 	0.0 	1.39200785109	0.136258784001	120.050590895	-6.49572153512	
1.83333333333	0.0	0.0	0.0 	0.0 	84.0 	24.0 	0.0 	0.0 	0.0 	-0.0 	24.0 	0.0 	0.0 	0.0 	1.37111433511	0.151268409102	120.054034498	-6.47313058153	
1.85	0.0	0.0	0.0 	0.0 	84.4 	24.0 	0.0 	0.0 	0.0 	-0.0 	24.0 	0.0 	0.0 	0.0 	1.35022081913	0.166506756077	120.057764223	-6.45093813279	
1.86666666667	0.0	0.0	0.0 	0.0 	84.8 	24.0 	0.0 	0.0 	0.0 	-0.0 	24.0 	0.0 	0.0 	0.0 	1.32932730315	0.18198090348	120.061773875	-6.42914852805	
1.88333333333	0.0	0.0	0.0 	0.0 	85.2 	24.0 	0.0 	0.0 	0.0 	-0.0 	24.0 	0.0 	0.0 	0.0 	1.30843378717	0.197698263631	120.066057098	-6.4077660755	
1.9	0.0	0.0	0.0 	0.0 	85.6 	24.0 	0.0 	0.0 	0.0 	-0.0 	24.0 	0.0 	0.0 	0.0 	1.28754027119	0.213666603937	120.070607362	-6.3867950487	
1.91666666667	0.0	0.0	0.0 	0.0 	86.0 	24.0 	0.0 	0.0 	0.0 	-0.0 	24.0 	0.0 	0.0 	0.0 	1.2666467552	0.229894069943	120.075417968	-6.36623968266	
1.93333333333	0.0	0.0	0.0 	0.0 	86.4 	24.0 	0.0 	0.0 	0.0 	-0.0 	24.0 	0.0 	0.0 	0.0 	1.24575323922	0.246389210278	120.080482034	-6.3461041697	
1.95	0.0	0.0	0.0 	0.0 	86.8 	24.0 	0.0 	0.0 	0.0 	-0.0 	24.0 	0.0 	0.0 	0.0 	1.22485972324	0.263161003699	120.085792496	-6.3263926549	
1.96666666667	0.0	0.0	0.0 	0.0 	87.2 	24.0 	0.0 	0.0 	0.0 	-0.0 	24.0 	0.0 	0.0 	0.0 	1.20396620726	0.280218888439	120.091342098	-6.30710923133	
1.98333333333	0.0	0.0	0.0 	0.0 	87.6 	24.0 	0.0 	0.0 	0.0 	-0.0 	24.0 	0.0 	0.0 	0.0 	1.18307269128	0.297572794101	120.09712339	-6.2882579349	
2.0	0.0	0.0	0.0 	0.0 	88.0 	24.0 	0.0 	0.0 	0.0 	-0.0 	24.0 	0.0 	0.0 	0.0 	1.1621791753	0.315233176372	120.103128722	-6.26984273885	
2.01666666667	0.0	0.0	0.0 	0.0 	88.4 	24.0 	0.0 	0.0 	0.0 	-0.0 	24.0 	0.0 	0.0 	0.0 	1.14128565931	0.333211054849	120.109350234	-6.25186754776	
2.03333333333	0.0	0.0	0.0 	0.0 	88.8 	24.0 	0.0 	0.0 	0.0 	-0.0 	24.0 	0.0 	0.0 	0.0 	1.12039214333	0.351518054338	120.115779856	-6.23433619129	
2.05	0.0	0.0	0.0 	0.0 	89.2 	24.0 	0.0 	0.0 	0.0 	-0.0 	24.0 	0.0 	0.0 	0.0 	1.09949862735	0.370166449996	120.122409294	-6.21725241724	
2.06666666667	0.0	0.0	0.0 	0.0 	89.6 	24.0 	0.0 	0.0 	0.0 	-0.0 	24.0 	0.0 	0.0 	0.0 	1.07860511137	0.389169216768	120.129230031	-6.20061988429	
2.08333333333	0.0	0.0	0.0 	0.0 	90.0 	24.0 	0.0 	0.0 	0.0 	-0.0 	24.0 	0.0 	0.0 	0.0 	1.05771159539	0.408540083605	120.136233315	-6.18444215403	
2.1	0.0	0.0	0.0 	0.0 	90.4 	24.0 	0.0 	0.0 	0.0 	-0.0 	24.0 	0.0 	0.0 	0.0 	1.0368180794	0.428293593043	120.143410155	-6.1687226825	
2.11666666667	0.0	0.0	0.0 	0.0 	90.8 	24.0 	0.0 	0.0 	0.0 	-0.0 	24.0 	0.0 	0.0 	0.0 	1.01592456342	0.448445166782	120.15075131	-6.15346481096	
2.13333333333	0.0	0.0	0.0 	0.0 	91.2 	24.0 	0.0 	0.0 	0.0 	-0.0 	24.0 	0.0 	0.0 	0.0 	0.995031047441	0.469011178014	120.158247285	-6.13867175609	
2.15	0.0	0.0	0.0 	0.0 	91.6 	24.0 	0.0 	0.0 	0.0 	-0.0 	24.0 	0.0 	0.0 	0.0 	0.974137531459	0.490009031333	120.16588832	-6.12434659921	
2.16666666667	0.0	0.0	0.0 	0.0 	92.0 	24.0 	0.0 	0.0 	0.0 	-0.0 	24.0 	0.0 	0.0 	0.0 	0.953244015478	0.511457251227	120.173664384	-6.11049227486	
2.18333333333	0.0	0.0	0.0 	0.0 	92.4 	24.0 	0.0 	0.0 	0.0 	-0.0 	24.0 	0.0 	0.0 	0.0 	0.932350499496	0.533375580261	120.181565168	-6.09711155826	
2.2	0.0	0.0	0.0 	0.0 	92.8 	24.0 	0.0 	0.0 	0.0 	-0.0 	24.0 	0.0 	0.0 	0.0 	0.911456983514	0.555785088266	120.189580071	-6.08420705183	
2.21666666667	0.0	0.0	0.0 	0.0 	93.2 	24.0 	0.0 	0.0 	0.0 	-0.0 	24.0 	0.0 	0.0 	0.0 	0.890563467533	0.578708294034	120.197698195	-6.0717811706	
2.23333333333	0.0	0.0	0.0 	0.0 	93.6 	24.0 	0.0 	0.0 	0.0 	-0.0 	24.0 	0.0 	0.0 	0.0 	0.869669951551	0.602169301299	120.205908337	-6.05983612635	
2.25	0.0	0.0	0.0 	0.0 	94.0 	24.0 	0.0 	0.0 	0.0 	-0.0 	24.0 	0.0 	0.0 	0.0 	0.848776435569	0.626193951046	120.214198975	-6.04837391036	
2.26666666667	0.0	0.0	0.0 	0.0 	94.4 	24.0 	0.0 	0.0 	0.0 	-0.0 	24.0 	0.0 	0.0 	0.0 	0.827882919587	0.650809992569	120.222558261	-6.03739627473	
2.28333333333	0.0	0.0	0.0 	0.0 	94.8 	24.0 	0.0 	0.0 	0.0 	-0.0 	24.0 	0.0 	0.0 	0.0 	0.806989403606	0.676047276112	120.230974011	-6.02690471197	
2.3	0.0	0.0	0.0 	0.0 	95.2 	24.0 	0.0 	0.0 	0.0 	-0.0 	24.0 	0.0 	0.0 	0.0 	0.786095887624	0.701937970449	120.239433696	-6.01690043283	
2.31666666667	0.0	0.0	0.0 	0.0 	95.6 	24.0 	0.0 	0.0 	0.0 	-0.0 	24.0 	0.0 	0.0 	0.0 	0.765202371642	0.72851680938	120.247924429	-6.00738434199	
2.33333333333	0.0	0.0	0.0 	0.0 	96.0 	24.0 	0.0 	0.0 	0.0 	-0.0 	24.0 	0.0 	0.0 	0.0 	0.74430885566	0.75582137188	120.256432953	-5.99835701162	
2.35	0.0	0.0	0.0 	0.0 	96.4 	24.0 	0.0 	0.0 	0.0 	-0.0 	24.0 	0.0 	0.0 	0.0 	0.723415339679	0.783892401565	120.264945638	-5.98981865234	
2.36666666667	0.0	0.0	0.0 	0.0 	96.8 	24.0 	0.0 	0.0 	0.0 	-0.0 	24.0 	0.0 	0.0 	0.0 	0.702521823697	0.812774172293	120.273448461	-5.98176908135	
2.38333333333	0.0	0.0	0.0 	0.0 	97.2 	24.0 	0.0 	0.0 	0.0 	-0.0 	24.0 	0.0 	0.0 	0.0 	0.681628307715	0.842514908135	120.281927001	-5.97420768756	
2.4	0.0	0.0	0.0 	0.0 	97.6 	24.0 	0.0 	0.0 	0.0 	-0.0 	24.0 	0.0 	0.0 	0.0 	0.660734791733	0.873167267706	120.290366428	-5.96713339305	
2.41666666667	0.0	0.0	0.0 	0.0 	98.0 	24.0 	0.0 	0.0 	0.0 	-0.0 	24.0 	0.0 	0.0 	0.0 	0.639841275752	0.904788905075	120.298751492	-5.9605446107	
2.43333333333	0.0	0.0	0.0 	0.0 	98.4 	24.0 	0.0 	0.0 	0.0 	-0.0 	24.0 	0.0 	0.0 	0.0 	0.61894775977	0.937443122259	120.307066513	-5.95443919733	
2.45	0.0	0.0	0.0 	0.0 	98.8 	24.0 	0.0 	0.0 	0.0 	-0.0 	24.0 	0.0 	0.0 	0.0 	0.598054243788	0.971199631839	120.315295373	-5.94881440182	
2.46666666667	0.0	0.0	0.0 	0.0 	99.2 	24.0 	0.0 	0.0 	0.0 	-0.0 	24.0 	0.0 	0.0 	0.0 	0.577160727807	1.00613545279	120.323421509	-5.9436668076	
2.48333333333	0.0	0.0	0.0 	0.0 	99.6 	24.0 	0.0 	0.0 	0.0 	-0.0 	24.0 	0.0 	0.0 	0.0 	0.556267211825	1.04233596848	120.331427903	-5.93899226867	
2.5	0.0	0.0	0.0 	0.0 	100.0 	24.0 	0.0 	0.0 	0.0 	-0.0 	24.0 	0.0 	0.0 	0.0 	0.535373695843	1.07989618332	120.339297084	-5.93478583822	
2.51666666667	0.0	0.0	0.0 	0.0 	100.4 	24.0 	0.0 	0.0 	0.0 	-0.0 	24.0 	0.0 	0.0 	0.0 	0.514480179861	1.11892222465	120.347011117	-5.931041689	
2.53333333333	0.0	0.0	0.0 	0.0 	100.8 	24.0 	0.0 	0.0 	0.0 	-0.0 	24.0 	0.0 	0.0 	0.0 	0.49358666388	1.15953314962	120.354551612	-5.92775302392	
2.55	0.0	0.0	0.0 	0.0 	101.2 	24.0 	0.0 	0.0 	0.0 	-0.0 	24.0 	0.0 	0.0 	0.0 	0.472693147898	1.20186313442	120.361899726	-5.92491197571	
2.56666666667	0.0	0.0	0.0 	0.0 	101.6 	24.0 	0.0 	0.0 	0.0 	-0.0 	24.0 	0.0 	0.0 	0.0 	0.451799631916	1.24606414743	120.369036174	-5.92250949372	
2.58333333333	0.0	0.0	0.0 	0.0 	102.0 	24.0 	0.0 	0.0 	0.0 	-0.0 	24.0 	0.0 	0.0 	0.0 	0.430906115934	1.2923092404	120.375941247	-5.92053521591	
2.6	0.0	0.0	0.0 	0.0 	102.4 	24.0 	0.0 	0.0 	0.0 	-0.0 	24.0 	0.0 	0.0 	0.0 	0.410012599953	1.34079663756	120.382594839	-5.9189773237	
2.61666666667	0.0	0.0	0.0 	0.0 	102.8 	24.0 	0.0 	0.0 	0.0 	-0.0 	24.0 	0.0 	0.0 	0.0 	0.389119083971	1.39175486661	120.388976488	-5.9178223765	
2.63333333333	0.0	0.0	0.0 	0.0 	103.2 	24.0 	0.0 	0.0 	0.0 	-0.0 	24.0 	0.0 	0.0 	0.0 	0.368225567989	1.44544926723	120.395065431	-5.91705512282	
2.65	0.0	0.0	0.0 	0.0 	103.6 	24.0 	0.0 	0.0 	0.0 	-0.0 	24.0 	0.0 	0.0 	0.0 	0.347332052007	1.50219034606	120.400840681	-5.91665828336	
2.66666666667	0.0	0.0	0.0 	0.0 	104.0 	24.0 	0.0 	0.0 	0.0 	-0.0 	24.0 	0.0 	0.0 	0.0 	0.326438536026	1.5623446447	120.406281128	-5.91661230133	
2.68333333333	0.0	0.0	0.0 	0.0 	104.4 	24.0 	0.0 	0.0 	0.0 	-0.0 	24.0 	0.0 	0.0 	0.0 	0.305545020044	1.62634908558	120.41136569	-5.91689505366	
2.7	0.0	0.0	0.0 	0.0 	104.8 	24.0 	0.0 	0.0 	0.0 	-0.0 	24.0 	0.0 	0.0 	0.0 	0.284651504062	1.69473022293	120.416073494	-5.91748151583	
2.71666666667	0.0	0.0	0.0 	0.0 	105.2 	24.0 	0.0 	0.0 	0.0 	-0.0 	24.0 	0.0 	0.0 	0.0 	0.26375798808	1.76813055872	120.420384146	-5.91834337142	
2.73333333333	0.0	0.0	0.0 	0.0 	105.6 	24.0 	0.0 	0.0 	0.0 	-0.0 	24.0 	0.0 	0.0 	0.0 	0.242864472099	1.84734528178	120.424278087	-5.91944855601	
2.75	0.0	0.0	0.0 	0.0 	106.0 	24.0 	0.0 	0.0 	0.0 	-0.0 	24.0 	0.0 	0.0 	0.0 	0.221970956117	1.93337481011	120.42773708	-5.92076072345	
2.76666666667	0.0	0.0	0.0 	0.0 	106.4 	24.0 	0.0 	0.0 	0.0 	-0.0 	24.0 	0.0 	0.0 	0.0 	0.201077440135	2.02750206147	120.430744898	-5.92223862209	
2.78333333333	0.0	0.0	0.0 	0.0 	106.8 	24.0 	0.0 	0.0 	0.0 	-0.0 	24.0 	0.0 	0.0 	0.0 	0.180183924154	2.13140986917	120.433288281	-5.92383536976	
2.8	0.0	0.0	0.0 	0.0 	107.2 	24.0 	0.0 	0.0 	0.0 	-0.0 	24.0 	0.0 	0.0 	0.0 	0.159290408172	2.2473664734	120.435358326	-5.92549762456	
2.81666666667	0.0	0.0	0.0 	0.0 	107.6 	24.0 	0.0 	0.0 	0.0 	-0.0 	24.0 	0.0 	0.0 	0.0 	0.13839689219	2.37853266364	120.436952511	-5.9271646717	
2.83333333333	0.0	0.0	0.0 	0.0 	108.0 	24.0 	0.0 	0.0 	0.0 	-0.0 	24.0 	0.0 	0.0 	0.0 	0.117503376208	2.52950076452	120.438077764	-5.92876751146	
2.85	0.0	0.0	0.0 	0.0 	108.4 	24.0 	0.0 	0.0 	0.0 	-0.0 	24.0 	0.0 	0.0 	0.0 	0.0966098602266	2.70731281262	120.438755252	-5.93022820954	
2.86666666667	0.0	0.0	0.0 	0.0 	108.8 	24.0 	0.0 	0.0 	0.0 	-0.0 	24.0 	0.0 	0.0 	0.0 	0.0757163442449	2.86504870957	120.439099803	-5.93144220098	
2.88333333333	0.0	0.0	0.0 	0.0 	109.2 	24.0 	0.0 	0.0 	0.0 	-0.0 	24.0 	0.0 	0.0 	0.0 	0.0548228282631	2.99888910976	120.439229751	-5.93234662699	
2.9	0.0	0.0	0.0 	0.0 	109.6 	24.0 	0.0 	0.0 	0.0 	-0.0 	24.0 	0.0 	0.0 	0.0 	0.0339293122814	3.1129510443	120.439245945	-5.9329118836	
2.91666666667	0.0	0.0	0.0 	0.0 	110.0 	24.0 	0.0 	0.0 	0.0 	-0.0 	24.0 	0.0 	0.0 	0.0 	0.0667965618374	3.21067513598	120.439169098	-5.93402250419	
2.93333333333	0.0	0.0	0.0 	0.0 	110.4 	24.0 	0.0 	0.0 	0.0 	-0.0 	24.0 	0.0 	0.0 	0.0 	0.0994777137247	3.29211187904	120.438920484	-5.93566172009	
2.95	0.0	0.0	0.0 	0.0 	110.8 	24.0 	0.0 	0.0 	0.0 	-0.0 	24.0 	0.0 	0.0 	0.0 	0.131973821647	3.35997583159	120.438443946	-5.93780904198	
2.96666666667	0.0	0.0	0.0 	0.0 	111.2 	24.0 	0.0 	0.0 	0.0 	-0.0 	24.0 	0.0 	0.0 	0.0 	0.164285933342	3.41652912538	120.437700591	-5.94044430457	
2.98333333333	0.0	0.0	0.0 	0.0 	111.6 	24.0 	0.0 	0.0 	0.0 	-0.0 	24.0 	0.0 	0.0 	0.0 	0.196415090614	3.46365687021	120.436664418	-5.94354957498	
3.0	0.0	0.0	0.0 	0.0 	112.0 	24.0 	0.0 	0.0 	0.0 	-0.0 	24.0 	0.0 	0.0 	0.0 	0.228362329371	3.50292999089	120.435318886	-5.94710983838	
3.01666666667	0.0	0.0	0.0 	0.0 	112.4 	24.0 	0.0 	0.0 	0.0 	-0.0 	24.0 	0.0 	0.0 	0.0 	0.260128679652	3.53565759147	120.433654301	-5.95111302792	
3.03333333333	0.0	0.0	0.0 	0.0 	112.8 	24.0 	0.0 	0.0 	0.0 	-0.0 	24.0 	0.0 	0.0 	0.0 	0.291715165667	3.56293059195	120.431665865	-5.95554973634	
3.05	0.0	0.0	0.0 	0.0 	113.2 	24.0 	0.0 	0.0 	0.0 	-0.0 	24.0 	0.0 	0.0 	0.0 	0.323122805824	3.58565809235	120.42935223	-5.96041280221	
3.06666666667	0.0	0.0	0.0 	0.0 	113.6 	24.0 	0.0 	0.0 	0.0 	-0.0 	24.0 	0.0 	0.0 	0.0 	0.354352612769	3.60459767601	120.426714436	-5.96569687518	
3.08333333333	0.0	0.0	0.0 	0.0 	114.0 	24.0 	0.0 	0.0 	0.0 	-0.0 	24.0 	0.0 	0.0 	0.0 	0.385405593409	3.6203806624	120.423755139	-5.97139801275	
3.1	0.0	0.0	0.0 	0.0 	114.4 	24.0 	0.0 	0.0 	0.0 	-0.0 	24.0 	0.0 	0.0 	0.0 	0.416282748953	3.63353315106	120.420478042	-5.97751333087	
3.11666666667	0.0	0.0	0.0 	0.0 	114.8 	24.0 	0.0 	0.0 	0.0 	-0.0 	24.0 	0.0 	0.0 	0.0 	0.44698507494	3.64449355827	120.416887491	-5.98404071429	
3.13333333333	0.0	0.0	0.0 	0.0 	115.2 	24.0 	0.0 	0.0 	0.0 	-0.0 	24.0 	0.0 	0.0 	0.0 	0.477513561274	3.65362723095	120.412988179	-5.99097858417	
3.15	0.0	0.0	0.0 	0.0 	115.6 	24.0 	0.0 	0.0 	0.0 	-0.0 	24.0 	0.0 	0.0 	0.0 	0.507869192251	3.66123862485	120.408784945	-5.99832571646	
3.16666666667	0.0	0.0	0.0 	0.0 	116.0 	24.0 	0.0 	0.0 	0.0 	-0.0 	24.0 	0.0 	0.0 	0.0 	0.538052946597	3.6675814531	120.404282622	-6.0060811033	
3.18333333333	0.0	0.0	0.0 	0.0 	116.4 	24.0 	0.0 	0.0 	0.0 	-0.0 	24.0 	0.0 	0.0 	0.0 	0.568065797493	3.6728671433	120.399485945	-6.01424384972	
3.2	0.0	0.0	0.0 	0.0 	116.8 	24.0 	0.0 	0.0 	0.0 	-0.0 	24.0 	0.0 	0.0 	0.0 	0.597908712612	3.67727188514	120.394399483	-6.02281309862	
3.21666666667	0.0	0.0	0.0 	0.0 	117.2 	24.0 	0.0 	0.0 	0.0 	-0.0 	24.0 	0.0 	0.0 	0.0 	0.627582654148	3.68094250334	120.389027603	-6.03178797789	
3.23333333333	0.0	0.0	0.0 	0.0 	117.6 	24.0 	0.0 	0.0 	0.0 	-0.0 	24.0 	0.0 	0.0 	0.0 	0.657088578846	3.68400135184	120.383374446	-6.04116756468	
3.25	0.0	0.0	0.0 	0.0 	118.0 	24.0 	0.0 	0.0 	0.0 	-0.0 	24.0 	0.0 	0.0 	0.0 	0.686427438034	3.68655039226	120.377443919	-6.05095086257	
3.26666666667	0.0	0.0	0.0 	0.0 	118.4 	24.0 	0.0 	0.0 	0.0 	-0.0 	24.0 	0.0 	0.0 	0.0 	0.715600177654	3.68867459261	120.371239698	-6.06113678853	
3.28333333333	0.0	0.0	0.0 	0.0 	118.8 	24.0 	0.0 	0.0 	0.0 	-0.0 	24.0 	0.0 	0.0 	0.0 	0.744607738292	3.69044475956	120.364765231	-6.07172416678	
3.3	0.0	0.0	0.0 	0.0 	119.2 	24.0 	0.0 	0.0 	0.0 	-0.0 	24.0 	0.0 	0.0 	0.0 	0.773451055208	3.69191989869	120.358023752	-6.08271172777	
3.31666666667	0.0	0.0	0.0 	0.0 	119.6 	24.0 	0.0 	0.0 	0.0 	-0.0 	24.0 	0.0 	0.0 	0.0 	0.802131058365	3.6931491813	120.351018293	-6.09409811066	
3.33333333333	0.0	0.0	0.0 	0.0 	120.0 	24.0 	0.0 	0.0 	0.0 	-0.0 	24.0 	0.0 	0.0 	0.0 	0.830648672464	3.69417358347	120.343751698	-6.10588186807	
3.35	0.0	0.0	0.0 	0.0 	120.4 	24.0 	0.0 	0.0 	0.0 	-0.0 	24.0 	0.0 	0.0 	0.0 	0.859004816967	3.69502725195	120.336226641	-6.11806147226	
3.36666666667	0.0	0.0	0.0 	0.0 	120.8 	24.0 	0.0 	0.0 	0.0 	-0.0 	24.0 	0.0 	0.0 	0.0 	0.887200406131	3.69573864235	120.328445638	-6.13063532217	
3.38333333333	0.0	0.0	0.0 	0.0 	121.2 	24.0 	0.0 	0.0 	0.0 	-0.0 	24.0 	0.0 	0.0 	0.0 	0.915236349037	3.69633146768	120.320411063	-6.14360175073	
3.4	0.0	0.0	0.0 	0.0 	121.6 	24.0 	0.0 	0.0 	0.0 	-0.0 	24.0 	0.0 	0.0 	0.0 	0.943113549618	3.69682548879	120.312125163	-6.15695903219	
3.41666666667	0.0	0.0	0.0 	0.0 	122.0 	24.0 	0.0 	0.0 	0.0 	-0.0 	24.0 	0.0 	0.0 	0.0 	0.970832906689	3.69723717305	120.30359007	-6.17070538926	
3.43333333333	0.0	0.0	0.0 	0.0 	122.4 	24.0 	0.0 	0.0 	0.0 	-0.0 	24.0 	0.0 	0.0 	0.0 	0.998395313975	3.69758024326	120.294807812	-6.18483899984	
3.45	0.0	0.0	0.0 	0.0 	122.8 	24.0 	0.0 	0.0 	0.0 	-0.0 	24.0 	0.0 	0.0 	0.0 	1.02580166014	3.69786613511	120.285780327	-6.19935800332	
3.46666666667	0.0	0.0	0.0 	0.0 	123.2 	24.0 	0.0 	0.0 	0.0 	-0.0 	24.0 	0.0 	0.0 	0.0 	1.05305282882	3.69810437831	120.276509469	-6.21426050642	
3.48333333333	0.0	0.0	0.0 	0.0 	123.6 	24.0 	0.0 	0.0 	0.0 	-0.0 	24.0 	0.0 	0.0 	0.0 	1.08014969865	3.69830291432	120.266997021	-6.22954458842	
3.5	0.0	0.0	0.0 	0.0 	124.0 	24.0 	0.0 	0.0 	0.0 	-0.0 	24.0 	0.0 	0.0 	0.0 	1.10709314328	3.69846836099	120.257244701	-6.24520830599	
3.51666666667	0.0	0.0	0.0 	0.0 	124.4 	24.0 	0.0 	0.0 	0.0 	-0.0 	24.0 	0.0 	0.0 	0.0 	1.13388403142	3.69860623321	120.247254171	-6.26124969742	
3.53333333333	0.0	0.0	0.0 	0.0 	124.8 	24.0 	0.0 	0.0 	0.0 	-0.0 	24.0 	0.0 	0.0 	0.0 	1.16052322686	3.69872112674	120.237027039	-6.27766678647	
3.55	0.0	0.0	0.0 	0.0 	125.2 	24.0 	0.0 	0.0 	0.0 	-0.0 	24.0 	0.0 	0.0 	0.0 	1.1870115885	3.69881687134	120.22656487	-6.29445758574	
3.56666666667	0.0	0.0	0.0 	0.0 	125.6 	24.0 	0.0 	0.0 	0.0 	-0.0 	24.0 	0.0 	0.0 	0.0 	1.21334997037	3.6988966585	120.215869188	-6.31162009965	
3.58333333333	0.0	0.0	0.0 	0.0 	126.0 	24.0 	0.0 	0.0 	0.0 	-0.0 	24.0 	0.0 	0.0 	0.0 	1.23953922168	3.69896314781	120.204941483	-6.32915232704	
3.6	0.0	0.0	0.0 	0.0 	126.4 	24.0 	0.0 	0.0 	0.0 	-0.0 	24.0 	0.0 	0.0 	0.0 	1.26558018682	3.69901855556	120.19378321	-6.34705226349	
3.61666666667	0.0	0.0	0.0 	0.0 	126.8 	24.0 	0.0 	0.0 	0.0 	-0.0 	24.0 	0.0 	0.0 	0.0 	1.29147370539	3.69906472869	120.182395797	-6.36531790331	
3.63333333333	0.0	0.0	0.0 	0.0 	127.2 	24.0 	0.0 	0.0 	0.0 	-0.0 	24.0 	0.0 	0.0 	0.0 	1.31722061227	3.6991032063	120.170780648	-6.38394724124	
3.65	0.0	0.0	0.0 	0.0 	127.6 	24.0 	0.0 	0.0 	0.0 	-0.0 	24.0 	0.0 	0.0 	0.0 	1.34282173757	3.69913527097	120.158939141	-6.402938274	
3.66666666667	0.0	0.0	0.0 	0.0 	128.0 	24.0 	0.0 	0.0 	0.0 	-0.0 	24.0 	0.0 	0.0 	0.0 	1.36827790672	3.69916199154	120.146872634	-6.42228900157	
3.68333333333	0.0	0.0	0.0 	0.0 	128.4 	24.0 	0.0 	0.0 	0.0 	-0.0 	24.0 	0.0 	0.0 	0.0 	1.39358994049	3.69918425867	120.134582469	-6.44199742826	
3.7	0.0	0.0	0.0 	0.0 	128.8 	24.0 	0.0 	0.0 	0.0 	-0.0 	24.0 	0.0 	0.0 	0.0 	1.41875865499	3.69920281461	120.122069966	-6.46206156376	
3.71666666667	0.0	0.0	0.0 	0.0 	129.2 	24.0 	0.0 	0.0 	0.0 	-0.0 	24.0 	0.0 	0.0 	0.0 	1.44378486169	3.6992182779	120.109336433	-6.48247942386	
3.73333333333	0.0	0.0	0.0 	0.0 	129.6 	24.0 	0.0 	0.0 	0.0 	-0.0 	24.0 	0.0 	0.0 	0.0 	1.46866936749	3.69923116398	120.096383163	-6.50324903123	
3.75	0.0	0.0	0.0 	0.0 	130.0 	24.0 	0.0 	0.0 	0.0 	-0.0 	24.0 	0.0 	0.0 	0.0 	1.49341297473	3.69924190237	120.083211433	-6.52436841594	
3.76666666667	0.0	0.0	0.0 	0.0 	130.4 	24.0 	0.0 	0.0 	0.0 	-0.0 	24.0 	0.0 	0.0 	0.0 	1.51801648117	3.69925085103	120.069822512	-6.54583561602	
3.78333333333	0.0	0.0	0.0 	0.0 	130.8 	24.0 	0.0 	0.0 	0.0 	-0.0 	24.0 	0.0 	0.0 	0.0 	1.54248068009	3.69925830825	120.056217653	-6.56764867786	
3.8	0.0	0.0	0.0 	0.0 	131.2 	24.0 	0.0 	0.0 	0.0 	-0.0 	24.0 	0.0 	0.0 	0.0 	1.56680636026	3.6992645226	120.042398101	-6.58980565655	
3.81666666667	0.0	0.0	0.0 	0.0 	131.6 	24.0 	0.0 	0.0 	0.0 	-0.0 	24.0 	0.0 	0.0 	0.0 	1.59099430598	3.69926970122	120.028365091	-6.6123046162	
3.83333333333	0.0	0.0	0.0 	0.0 	132.0 	24.0 	0.0 	0.0 	0.0 	-0.0 	24.0 	0.0 	0.0 	0.0 	1.61504529713	3.69927401674	120.014119845	-6.63514363015	
3.85	0.0	0.0	0.0 	0.0 	132.4 	24.0 	0.0 	0.0 	0.0 	-0.0 	24.0 	0.0 	0.0 	0.0 	1.63896010914	3.69927761301	119.999663579	-6.65832078123	
3.86666666667	0.0	0.0	0.0 	0.0 	132.8 	24.0 	0.0 	0.0 	0.0 	-0.0 	24.0 	0.0 	0.0 	0.0 	1.66273951309	3.6992806099	119.984997499	-6.68183416184	
3.88333333333	0.0	0.0	0.0 	0.0 	133.2 	24.0 	0.0 	0.0 	0.0 	-0.0 	24.0 	0.0 	0.0 	0.0 	1.68638427567	3.6992831073	119.970122802	-6.70568187416	
3.9	0.0	0.0	0.0 	0.0 	133.6 	24.0 	0.0 	0.0 	0.0 	-0.0 	24.0 	0.0 	0.0 	0.0 	1.70989515922	3.69928518848	119.955040679	-6.72986203019	
3.91666666667	0.0	0.0	0.0 	0.0 	134.0 	24.0 	0.0 	0.0 	0.0 	-0.0 	24.0 	0.0 	0.0 	0.0 	1.73327292179	3.69928692279	119.939752309	-6.75437275187	
3.93333333333	0.0	0.0	0.0 	0.0 	134.4 	24.0 	0.0 	0.0 	0.0 	-0.0 	24.0 	0.0 	0.0 	0.0 	1.75651831712	3.69928836805	119.924258867	-6.77921217113	
3.95	0.0	0.0	0.0 	0.0 	134.8 	24.0 	0.0 	0.0 	0.0 	-0.0 	24.0 	0.0 	0.0 	0.0 	1.77963209468	3.69928957243	119.908561518	-6.80437842991	
3.96666666667	0.0	0.0	0.0 	0.0 	135.2 	24.0 	0.0 	0.0 	0.0 	-0.0 	24.0 	0.0 	0.0 	0.0 	1.80261499972	3.69929057608	119.892661422	-6.82986968021	
3.98333333333	0.0	0.0	0.0 	0.0 	135.6 	24.0 	0.0 	0.0 	0.0 	-0.0 	24.0 	0.0 	0.0 	0.0 	1.82546777323	3.69929141246	119.87655973	-6.85568408408	
4.0	0.0	0.0	0.0 	0.0 	136.0 	24.0 	0.0 	0.0 	0.0 	-0.0 	24.0 	0.0 	0.0 	0.0 	1.84819115205	3.69929210944	119.860257586	-6.88181981368	
4.01666666667	0.0	0.0	0.0 	0.0 	136.4 	24.0 	0.0 	0.0 	0.0 	-0.0 	24.0 	0.0 	0.0 	0.0 	1.87078586882	3.69929269025	119.843756128	-6.90827505118	
4.03333333333	0.0	0.0	0.0 	0.0 	136.8 	24.0 	0.0 	0.0 	0.0 	-0.0 	24.0 	0.0 	0.0 	0.0 	1.89325265203	3.69929317427	119.827056486	-6.93504798884	
4.05	0.0	0.0	0.0 	0.0 	137.2 	24.0 	0.0 	0.0 	0.0 	-0.0 	24.0 	0.0 	0.0 	0.0 	1.91559222605	3.69929357761	119.810159785	-6.96213682893	
4.06666666667	0.0	0.0	0.0 	0.0 	137.6 	24.0 	0.0 	0.0 	0.0 	-0.0 	24.0 	0.0 	0.0 	0.0 	1.93780531116	3.69929391373	119.793067141	-6.98953978374	
4.08333333333	0.0	0.0	0.0 	0.0 	138.0 	24.0 	0.0 	0.0 	0.0 	-0.0 	24.0 	0.0 	0.0 	0.0 	1.95989262356	3.69929419384	119.775779666	-7.01725507552	
4.1	0.0	0.0	0.0 	0.0 	138.4 	24.0 	0.0 	0.0 	0.0 	-0.0 	24.0 	0.0 	0.0 	0.0 	1.98185487537	3.69929442725	119.758298464	-7.04528093647	
4.11666666667	0.0	0.0	0.0 	0.0 	138.8 	24.0 	0.0 	0.0 	0.0 	-0.0 	24.0 	0.0 	0.0 	0.0 	2.0036927747	3.69929462177	119.740624632	-7.07361560868	
4.13333333333	0.0	0.0	0.0 	0.0 	139.2 	24.0 	0.0 	0.0 	0.0 	-0.0 	24.0 	0.0 	0.0 	0.0 	2.02540702566	3.69929478386	119.722759262	-7.10225734413	
4.15	0.0	0.0	0.0 	0.0 	139.6 	24.0 	0.0 	0.0 	0.0 	-0.0 	24.0 	0.0 	0.0 	0.0 	2.04699832835	3.69929491894	119.704703439	-7.13120440459	
4.16666666667	0.0	0.0	0.0 	0.0 	140.0 	24.0 	0.0 	0.0 	0.0 	-0.0 	24.0 	0.0 	0.0 	0.0 	2.06846737891	3.69929503151	119.686458243	-7.16045506164	
4.18333333333	0.0	0.0	0.0 	0.0 	140.4 	24.0 	0.0 	0.0 	0.0 	-0.0 	24.0 	0.0 	0.0 	0.0 	2.08981486955	3.69929512531	119.668024745	-7.19000759657	
4.2	0.0	0.0	0.0 	0.0 	140.8 	24.0 	0.0 	0.0 	0.0 	-0.0 	24.0 	0.0 	0.0 	0.0 	2.11104148855	3.69929520348	119.649404012	-7.21986030037	
4.21666666667	0.0	0.0	0.0 	0.0 	141.2 	24.0 	0.0 	0.0 	0.0 	-0.0 	24.0 	0.0 	0.0 	0.0 	2.13214792031	3.69929526863	119.630597106	-7.25001147365	
4.23333333333	0.0	0.0	0.0 	0.0 	141.6 	24.0 	0.0 	0.0 	0.0 	-0.0 	24.0 	0.0 	0.0 	0.0 	2.15313484532	3.69929532291	119.611605079	-7.28045942664	
4.25	0.0	0.0	0.0 	0.0 	142.0 	24.0 	0.0 	0.0 	0.0 	-0.0 	24.0 	0.0 	0.0 	0.0 	2.17400294026	3.69929536815	119.592428982	-7.31120247907	
4.26666666667	0.0	0.0	0.0 	0.0 	142.4 	24.0 	0.0 	0.0 	0.0 	-0.0 	24.0 	0.0 	0.0 	0.0 	2.19475287795	3.69929540585	119.573069855	-7.34223896019	
4.28333333333	0.0	0.0	0.0 	0.0 	142.8 	24.0 	0.0 	0.0 	0.0 	-0.0 	24.0 	0.0 	0.0 	0.0 	2.21538532741	3.69929543726	119.553528736	-7.37356720868	
4.3	0.0	0.0	0.0 	0.0 	143.2 	24.0 	0.0 	0.0 	0.0 	-0.0 	24.0 	0.0 	0.0 	0.0 	2.23590095387	3.69929546344	119.533806655	-7.40518557262	
4.31666666667	0.0	0.0	0.0 	0.0 	143.6 	24.0 	0.0 	0.0 	0.0 	-0.0 	24.0 	0.0 	0.0 	0.0 	2.25630041879	3.69929548526	119.513904637	-7.43709240941	
4.33333333333	0.0	0.0	0.0 	0.0 	144.0 	24.0 	0.0 	0.0 	0.0 	-0.0 	24.0 	0.0 	0.0 	0.0 	2.27658437988	3.69929550344	119.493823701	-7.46928608576	
4.35	0.0	0.0	0.0 	0.0 	144.4 	24.0 	0.0 	0.0 	0.0 	-0.0 	24.0 	0.0 	0.0 	0.0 	2.29675349116	3.69929551859	119.47356486	-7.50176497761	
4.36666666667	0.0	0.0	0.0 	0.0 	144.8 	24.0 	0.0 	0.0 	0.0 	-0.0 	24.0 	0.0 	0.0 	0.0 	2.3168084029	3.69929553121	119.453129122	-7.53452747008	
4.38333333333	0.0	0.0	0.0 	0.0 	145.2 	24.0 	0.0 	0.0 	0.0 	-0.0 	24.0 	0.0 	0.0 	0.0 	2.33674976171	3.69929554174	119.432517487	-7.56757195743	
4.4	0.0	0.0	0.0 	0.0 	145.6 	24.0 	0.0 	0.0 	0.0 	-0.0 	24.0 	0.0 	0.0 	0.0 	2.35657821055	3.6992955505	119.411730952	-7.60089684301	
4.41666666667	0.0	0.0	0.0 	0.0 	146.0 	24.0 	0.0 	0.0 	0.0 	-0.0 	24.0 	0.0 	0.0 	0.0 	2.37629438872	3.69929555781	119.390770508	-7.63450053921	
4.43333333333	0.0	0.0	0.0 	0.0 	146.4 	24.0 	0.0 	0.0 	0.0 	-0.0 	24.0 	0.0 	0.0 	0.0 	2.39589893191	3.6992955639	119.369637139	-7.66838146739	
4.45	0.0	0.0	0.0 	0.0 	146.8 	24.0 	0.0 	0.0 	0.0 	-0.0 	24.0 	0.0 	0.0 	0.0 	2.4153924722	3.69929556897	119.348331824	-7.70253805786	
4.46666666667	0.0	0.0	0.0 	0.0 	147.2 	24.0 	0.0 	0.0 	0.0 	-0.0 	24.0 	0.0 	0.0 	0.0 	2.43477563811	3.6992955732	119.326855538	-7.7369687498	
4.48333333333	0.0	0.0	0.0 	0.0 	147.6 	24.0 	0.0 	0.0 	0.0 	-0.0 	24.0 	0.0 	0.0 	0.0 	2.45404905459	3.69929557672	119.305209247	-7.77167199125	
4.5	0.0	0.0	0.0 	0.0 	148.0 	24.0 	0.0 	0.0 	0.0 	-0.0 	24.0 	0.0 	0.0 	0.0 	2.47321334305	3.69929557966	119.283393914	-7.806646239	
4.51666666667	0.0	0.0	0.0 	0.0 	148.4 	24.0 	0.0 	0.0 	0.0 	-0.0 	24.0 	0.0 	0.0 	0.0 	2.49226912138	3.69929558211	119.261410498	-7.8418899586	
4.53333333333	0.0	0.0	0.0 	0.0 	148.8 	24.0 	0.0 	0.0 	0.0 	-0.0 	24.0 	0.0 	0.0 	0.0 	2.51121700398	3.69929558414	119.239259948	-7.87740162429	
4.55	0.0	0.0	0.0 	0.0 	149.2 	24.0 	0.0 	0.0 	0.0 	-0.0 	24.0 	0.0 	0.0 	0.0 	2.53005760177	3.69929558584	119.216943213	-7.91317971892	
4.56666666667	0.0	0.0	0.0 	0.0 	149.6 	24.0 	0.0 	0.0 	0.0 	-0.0 	24.0 	0.0 	0.0 	0.0 	2.54879152219	3.69929558726	119.194461232	-7.94922273397	
4.58333333333	0.0	0.0	0.0 	0.0 	150.0 	24.0 	0.0 	0.0 	0.0 	-0.0 	24.0 	0.0 	0.0 	0.0 	2.56741936928	3.69929558844	119.171814941	-7.98552916943	
4.6	0.0	0.0	0.0 	0.0 	150.4 	24.0 	0.0 	0.0 	0.0 	-0.0 	24.0 	0.0 	0.0 	0.0 	2.58594174363	3.69929558942	119.149005272	-8.02209753379	
4.61666666667	0.0	0.0	0.0 	0.0 	150.8 	24.0 	0.0 	0.0 	0.0 	-0.0 	24.0 	0.0 	0.0 	0.0 	2.60435924243	3.69929559024	119.126033148	-8.05892634398	
4.63333333333	0.0	0.0	0.0 	0.0 	151.2 	24.0 	0.0 	0.0 	0.0 	-0.0 	24.0 	0.0 	0.0 	0.0 	2.62267245951	3.69929559093	119.102899489	-8.09601412534	
4.65	0.0	0.0	0.0 	0.0 	151.6 	24.0 	0.0 	0.0 	0.0 	-0.0 	24.0 	0.0 	0.0 	0.0 	2.64088198531	3.69929559149	119.079605211	-8.13335941155	
4.66666666667	0.0	0.0	0.0 	0.0 	152.0 	24.0 	0.0 	0.0 	0.0 	-0.0 	24.0 	0.0 	0.0 	0.0 	2.65898840694	3.69929559197	119.056151223	-8.17096074459	
4.68333333333	0.0	0.0	0.0 	0.0 	152.4 	24.0 	0.0 	0.0 	0.0 	-0.0 	24.0 	0.0 	0.0 	0.0 	2.6769923082	3.69929559236	119.032538428	-8.2088166747	
4.7	0.0	0.0	0.0 	0.0 	152.8 	24.0 	0.0 	0.0 	0.0 	-0.0 	24.0 	0.0 	0.0 	0.0 	2.69489426956	3.69929559269	119.008767727	-8.24692576034	
4.71666666667	0.0	0.0	0.0 	0.0 	153.2 	24.0 	0.0 	0.0 	0.0 	-0.0 	24.0 	0.0 	0.0 	0.0 	2.71269486822	3.69929559297	118.984840013	-8.2852865681	
4.73333333333	0.0	0.0	0.0 	0.0 	153.6 	24.0 	0.0 	0.0 	0.0 	-0.0 	24.0 	0.0 	0.0 	0.0 	2.7303946781	3.6992955932	118.960756175	-8.32389767271	
4.75	0.0	0.0	0.0 	0.0 	154.0 	24.0 	0.0 	0.0 	0.0 	-0.0 	24.0 	0.0 	0.0 	0.0 	2.74799426987	3.69929559339	118.936517098	-8.36275765698	
4.76666666667	0.0	0.0	0.0 	0.0 	154.4 	24.0 	0.0 	0.0 	0.0 	-0.0 	24.0 	0.0 	0.0 	0.0 	2.76549421099	3.69929559355	118.91212366	-8.40186511171	
4.78333333333	0.0	0.0	0.0 	0.0 	154.8 	24.0 	0.0 	0.0 	0.0 	-0.0 	24.0 	0.0 	0.0 	0.0 	2.78289506569	3.69929559368	118.887576735	-8.4412186357	
4.8	0.0	0.0	0.0 	0.0 	155.2 	24.0 	0.0 	0.0 	0.0 	-0.0 	24.0 	0.0 	0.0 	0.0 	2.800197395	3.69929559379	118.862877192	-8.4808168357	
4.81666666667	0.0	0.0	0.0 	0.0 	155.6 	24.0 	0.0 	0.0 	0.0 	-0.0 	24.0 	0.0 	0.0 	0.0 	2.81740175678	3.69929559388	118.838025896	-8.5206583263	
4.83333333333	0.0	0.0	0.0 	0.0 	156.0 	24.0 	0.0 	0.0 	0.0 	-0.0 	24.0 	0.0 	0.0 	0.0 	2.83450870574	3.69929559396	118.813023706	-8.56074173	
4.85	0.0	0.0	0.0 	0.0 	156.4 	24.0 	0.0 	0.0 	0.0 	-0.0 	24.0 	0.0 	0.0 	0.0 	2.85151879343	3.69929559402	118.787871475	-8.60106567703	
4.86666666667	0.0	0.0	0.0 	0.0 	156.8 	24.0 	0.0 	0.0 	0.0 	-0.0 	24.0 	0.0 	0.0 	0.0 	2.8684325683	3.69929559407	118.762570055	-8.64162880543	
4.88333333333	0.0	0.0	0.0 	0.0 	157.2 	24.0 	0.0 	0.0 	0.0 	-0.0 	24.0 	0.0 	0.0 	0.0 	2.88525057567	3.69929559412	118.737120288	-8.68242976093	
4.9	0.0	0.0	0.0 	0.0 	157.6 	24.0 	0.0 	0.0 	0.0 	-0.0 	24.0 	0.0 	0.0 	0.0 	2.9019733578	3.69929559416	118.711523016	-8.72346719693	
4.91666666667	0.0	0.0	0.0 	0.0 	158.0 	24.0 	0.0 	0.0 	0.0 	-0.0 	24.0 	0.0 	0.0 	0.0 	2.91860145386	3.69929559419	118.685779074	-8.76473977444	
4.93333333333	0.0	0.0	0.0 	0.0 	158.4 	24.0 	0.0 	0.0 	0.0 	-0.0 	24.0 	0.0 	0.0 	0.0 	2.93513539997	3.69929559421	118.659889291	-8.80624616208	
4.95	0.0	0.0	0.0 	0.0 	158.8 	24.0 	0.0 	0.0 	0.0 	-0.0 	24.0 	0.0 	0.0 	0.0 	2.95157572921	3.69929559423	118.633854494	-8.84798503598	
4.96666666667	0.0	0.0	0.0 	0.0 	159.2 	24.0 	0.0 	0.0 	0.0 	-0.0 	24.0 	0.0 	0.0 	0.0 	2.96792297165	3.69929559425	118.607675504	-8.8899550798	
4.98333333333	0.0	0.0	0.0 	0.0 	159.6 	24.0 	0.0 	0.0 	0.0 	-0.0 	24.0 	0.0 	0.0 	0.0 	2.98417765437	3.69929559427	118.581353137	-8.93215498462	
5.0	0.0	0.0	0.0 	0.0 	160.0 	24.0 	0.0 	0.0 	0.0 	-0.0 	24.0 	0.0 	0.0 	0.0 	3.00034030144	3.69929559428	118.554888205	-8.97458344894	
5.01666666667	0.0	0.0	0.0 	0.0 	160.4 	24.0 	0.0 	0.0 	0.0 	-0.0 	24.0 	0.0 	0.0 	0.0 	3.01641143398	3.69929559429	118.528281516	-9.01723917863	
5.03333333333	0.0	0.0	0.0 	0.0 	160.8 	24.0 	0.0 	0.0 	0.0 	-0.0 	24.0 	0.0 	0.0 	0.0 	3.03239157016	3.6992955943	118.501533871	-9.06012088691	
5.05	0.0	0.0	0.0 	0.0 	161.2 	24.0 	0.0 	0.0 	0.0 	-0.0 	24.0 	0.0 	0.0 	0.0 	3.04828122519	3.6992955943	118.474646069	-9.10322729425	
5.06666666667	0.0	0.0	0.0 	0.0 	161.6 	24.0 	0.0 	0.0 	0.0 	-0.0 	24.0 	0.0 	0.0 	0.0 	3.06408091141	3.69929559431	118.447618904	-9.14655712839	
5.08333333333	0.0	0.0	0.0 	0.0 	162.0 	24.0 	0.0 	0.0 	0.0 	-0.0 	24.0 	0.0 	0.0 	0.0 	3.07979113821	3.69929559432	118.420453165	-9.19010912426	
5.1	0.0	0.0	0.0 	0.0 	162.4 	24.0 	0.0 	0.0 	0.0 	-0.0 	24.0 	0.0 	0.0 	0.0 	3.09541241213	3.69929559432	118.393149636	-9.23388202397	
5.11666666667	0.0	0.0	0.0 	0.0 	162.8 	24.0 	0.0 	0.0 	0.0 	-0.0 	24.0 	0.0 	0.0 	0.0 	3.11094523683	3.69929559432	118.365709097	-9.27787457672	
5.13333333333	0.0	0.0	0.0 	0.0 	163.2 	24.0 	0.0 	0.0 	0.0 	-0.0 	24.0 	0.0 	0.0 	0.0 	3.12639011311	3.69929559433	118.338132325	-9.32208553882	
5.15	0.0	0.0	0.0 	0.0 	163.6 	24.0 	0.0 	0.0 	0.0 	-0.0 	24.0 	0.0 	0.0 	0.0 	3.14174753896	3.69929559433	118.310420091	-9.36651367362	
5.16666666667	0.0	0.0	0.0 	0.0 	164.0 	24.0 	0.0 	0.0 	0.0 	-0.0 	24.0 	0.0 	0.0 	0.0 	3.15701800951	3.69929559433	118.28257316	-9.41115775146	
5.18333333333	0.0	0.0	0.0 	0.0 	164.4 	24.0 	0.0 	0.0 	0.0 	-0.0 	24.0 	0.0 	0.0 	0.0 	3.17220201713	3.69929559433	118.254592298	-9.45601654966	
5.2	0.0	0.0	0.0 	0.0 	164.8 	24.0 	0.0 	0.0 	0.0 	-0.0 	24.0 	0.0 	0.0 	0.0 	3.18730005137	3.69929559433	118.226478261	-9.50108885243	
5.21666666667	0.0	0.0	0.0 	0.0 	165.2 	24.0 	0.0 	0.0 	0.0 	-0.0 	24.0 	0.0 	0.0 	0.0 	3.20231259902	3.69929559433	118.198231803	-9.54637345091	
5.23333333333	0.0	0.0	0.0 	0.0 	165.6 	24.0 	0.0 	0.0 	0.0 	-0.0 	24.0 	0.0 	0.0 	0.0 	3.21724014413	3.69929559434	118.169853675	-9.59186914305	
5.25	0.0	0.0	0.0 	0.0 	166.0 	24.0 	0.0 	0.0 	0.0 	-0.0 	24.0 	0.0 	0.0 	0.0 	3.23208316797	3.69929559434	118.141344622	-9.63757473361	
5.26666666667	0.0	0.0	0.0 	0.0 	166.4 	24.0 	0.0 	0.0 	0.0 	-0.0 	24.0 	0.0 	0.0 	0.0 	3.24684214912	3.69929559434	118.112705385	-9.68348903414	
5.28333333333	0.0	0.0	0.0 	0.0 	166.8 	24.0 	0.0 	0.0 	0.0 	-0.0 	24.0 	0.0 	0.0 	0.0 	3.26151756343	3.69929559434	118.083936702	-9.72961086288	
5.3	0.0	0.0	0.0 	0.0 	167.2 	24.0 	0.0 	0.0 	0.0 	-0.0 	24.0 	0.0 	0.0 	0.0 	3.27610988408	3.69929559434	118.055039305	-9.77593904481	
5.31666666667	0.0	0.0	0.0 	0.0 	167.6 	24.0 	0.0 	0.0 	0.0 	-0.0 	24.0 	0.0 	0.0 	0.0 	3.29061958154	3.69929559434	118.026013923	-9.82247241152	
5.33333333333	0.0	0.0	0.0 	0.0 	168.0 	24.0 	0.0 	0.0 	0.0 	-0.0 	24.0 	0.0 	0.0 	0.0 	3.30504712363	3.69929559434	117.996861281	-9.86920980124	
5.35	0.0	0.0	0.0 	0.0 	168.4 	24.0 	0.0 	0.0 	0.0 	-0.0 	24.0 	0.0 	0.0 	0.0 	3.31939297554	3.69929559434	117.9675821	-9.91615005877	
5.36666666667	0.0	0.0	0.0 	0.0 	168.8 	24.0 	0.0 	0.0 	0.0 	-0.0 	24.0 	0.0 	0.0 	0.0 	3.33365759978	3.69929559434	117.938177095	-9.96329203545	
5.38333333333	0.0	0.0	0.0 	0.0 	169.2 	24.0 	0.0 	0.0 	0.0 	-0.0 	24.0 	0.0 	0.0 	0.0 	3.3478414563	3.69929559434	117.908646979	-10.0106345891	
5.4	0.0	0.0	0.0 	0.0 	169.6 	24.0 	0.0 	0.0 	0.0 	-0.0 	24.0 	0.0 	0.0 	0.0 	3.36194500239	3.69929559434	117.878992461	-10.0581765841	
5.41666666667	0.0	0.0	0.0 	0.0 	170.0 	24.0 	0.0 	0.0 	0.0 	-0.0 	24.0 	0.0 	0.0 	0.0 	3.37596869279	3.69929559434	117.849214245	-10.1059168912	
5.43333333333	0.0	0.0	0.0 	0.0 	170.4 	24.0 	0.0 	0.0 	0.0 	-0.0 	24.0 	0.0 	0.0 	0.0 	3.38991297964	3.69929559434	117.819313032	-10.1538543874	
5.45	0.0	0.0	0.0 	0.0 	170.8 	24.0 	0.0 	0.0 	0.0 	-0.0 	24.0 	0.0 	0.0 	0.0 	3.40377831254	3.69929559434	117.789289517	-10.2019879563	
5.46666666667	0.0	0.0	0.0 	0.0 	171.2 	24.0 	0.0 	0.0 	0.0 	-0.0 	24.0 	0.0 	0.0 	0.0 	3.41756513853	3.69929559434	117.759144394	-10.2503164877	
5.48333333333	0.0	0.0	0.0 	0.0 	171.6 	24.0 	0.0 	0.0 	0.0 	-0.0 	24.0 	0.0 	0.0 	0.0 	3.43127390213	3.69929559434	117.72887835	-10.2988388778	
5.5	0.0	0.0	0.0 	0.0 	172.0 	24.0 	0.0 	0.0 	0.0 	-0.0 	24.0 	0.0 	0.0 	0.0 	3.44490504533	3.69929559434	117.698492071	-10.3475540288	
5.51666666667	0.0	0.0	0.0 	0.0 	172.4 	24.0 	0.0 	0.0 	0.0 	-0.0 	24.0 	0.0 	0.0 	0.0 	3.45845900764	3.69929559434	117.667986238	-10.3964608493	
5.53333333333	0.0	0.0	0.0 	0.0 	172.8 	24.0 	0.0 	0.0 	0.0 	-0.0 	24.0 	0.0 	0.0 	0.0 	3.47193622604	3.69929559434	117.637361527	-10.4455582541	
5.55	0.0	0.0	0.0 	0.0 	173.2 	24.0 	0.0 	0.0 	0.0 	-0.0 	24.0 	0.0 	0.0 	0.0 	3.48533713508	3.69929559434	117.606618611	-10.494845164	
5.56666666667	0.0	0.0	0.0 	0.0 	173.6 	24.0 	0.0 	0.0 	0.0 	-0.0 	24.0 	0.0 	0.0 	0.0 	3.49866216683	3.69929559434	117.575758159	-10.5443205061	
5.58333333333	0.0	0.0	0.0 	0.0 	174.0 	24.0 	0.0 	0.0 	0.0 	-0.0 	24.0 	0.0 	0.0 	0.0 	3.5119117509	3.69929559434	117.544780838	-10.5939832135	
5.6	0.0	0.0	0.0 	0.0 	174.4 	24.0 	0.0 	0.0 	0.0 	-0.0 	24.0 	0.0 	0.0 	0.0 	3.52508631451	3.69929559434	117.513687309	-10.6438322253	
5.61666666667	0.0	0.0	0.0 	0.0 	174.8 	24.0 	0.0 	0.0 	0.0 	-0.0 	24.0 	0.0 	0.0 	0.0 	3.53818628241	3.69929559434	117.48247823	-10.6938664865	
5.63333333333	0.0	0.0	0.0 	0.0 	175.2 	24.0 	0.0 	0.0 	0.0 	-0.0 	24.0 	0.0 	0.0 	0.0 	3.55121207697	3.69929559434	117.451154254	-10.7440849483	
5.65	0.0	0.0	0.0 	0.0 	175.6 	24.0 	0.0 	0.0 	0.0 	-0.0 	24.0 	0.0 	0.0 	0.0 	3.56416411818	3.69929559434	117.419716034	-10.7944865678	
5.66666666667	0.0	0.0	0.0 	0.0 	176.0 	24.0 	0.0 	0.0 	0.0 	-0.0 	24.0 	0.0 	0.0 	0.0 	3.57704282363	3.69929559434	117.388164214	-10.8450703078	
5.68333333333	0.0	0.0	0.0 	0.0 	176.4 	24.0 	0.0 	0.0 	0.0 	-0.0 	24.0 	0.0 	0.0 	0.0 	3.58984860855	3.69929559434	117.35649944	-10.8958351372	
5.7	0.0	0.0	0.0 	0.0 	176.8 	24.0 	0.0 	0.0 	0.0 	-0.0 	24.0 	0.0 	0.0 	0.0 	3.60258188584	3.69929559434	117.32472235	-10.9467800307	
5.71666666667	0.0	0.0	0.0 	0.0 	177.2 	24.0 	0.0 	0.0 	0.0 	-0.0 	24.0 	0.0 	0.0 	0.0 	3.61524306603	3.69929559434	117.29283358	-10.9979039686	
5.73333333333	0.0	0.0	0.0 	0.0 	177.6 	24.0 	0.0 	0.0 	0.0 	-0.0 	24.0 	0.0 	0.0 	0.0 	3.62783255734	3.69929559434	117.260833763	-11.0492059373	
5.75	0.0	0.0	0.0 	0.0 	178.0 	24.0 	0.0 	0.0 	0.0 	-0.0 	24.0 	0.0 	0.0 	0.0 	3.6403507657	3.69929559434	117.228723527	-11.1006849287	
5.76666666667	0.0	0.0	0.0 	0.0 	178.4 	24.0 	0.0 	0.0 	0.0 	-0.0 	24.0 	0.0 	0.0 	0.0 	3.65279809469	3.69929559434	117.196503498	-11.1523399405	
5.78333333333	0.0	0.0	0.0 	0.0 	178.8 	24.0 	0.0 	0.0 	0.0 	-0.0 	24.0 	0.0 	0.0 	0.0 	3.66517494566	3.69929559434	117.164174297	-11.204169976	
5.8	0.0	0.0	0.0 	0.0 	179.2 	24.0 	0.0 	0.0 	0.0 	-0.0 	24.0 	0.0 	0.0 	0.0 	3.67748171766	3.69929559434	117.131736542	-11.2561740443	
5.81666666667	0.0	0.0	0.0 	0.0 	179.6 	24.0 	0.0 	0.0 	0.0 	-0.0 	24.0 	0.0 	0.0 	0.0 	3.68971880748	3.69929559434	117.099190848	-11.3083511599	
5.83333333333	0.0	0.0	0.0 	0.0 	180.0 	24.0 	0.0 	0.0 	0.0 	-0.0 	24.0 	0.0 	0.0 	0.0 	3.70188660967	3.69929559434	117.066537826	-11.3607003431	
5.85	0.0	0.0	0.0 	0.0 	180.4 	24.0 	0.0 	0.0 	0.0 	-0.0 	24.0 	0.0 	0.0 	0.0 	3.71398551653	3.69929559434	117.033778085	-11.4132206195	
5.86666666667	0.0	0.0	0.0 	0.0 	180.8 	24.0 	0.0 	0.0 	0.0 	-0.0 	24.0 	0.0 	0.0 	0.0 	3.72601591817	3.69929559434	117.000912227	-11.4659110204	
5.88333333333	0.0	0.0	0.0 	0.0 	181.2 	24.0 	0.0 	0.0 	0.0 	-0.0 	24.0 	0.0 	0.0 	0.0 	3.73797820247	3.69929559434	116.967940854	-11.5187705826	
5.9	0.0	0.0	0.0 	0.0 	181.6 	24.0 	0.0 	0.0 	0.0 	-0.0 	24.0 	0.0 	0.0 	0.0 	3.74987275512	3.69929559434	116.934864564	-11.5717983483	
5.91666666667	0.0	0.0	0.0 	0.0 	182.0 	24.0 	0.0 	0.0 	0.0 	-0.0 	24.0 	0.0 	0.0 	0.0 	3.76169995961	3.69929559434	116.90168395	-11.624993365	
5.93333333333	0.0	0.0	0.0 	0.0 	182.4 	24.0 	0.0 	0.0 	0.0 	-0.0 	24.0 	0.0 	0.0 	0.0 	3.77346019728	3.69929559434	116.868399603	-11.6783546858	
5.95	0.0	0.0	0.0 	0.0 	182.8 	24.0 	0.0 	0.0 	0.0 	-0.0 	24.0 	0.0 	0.0 	0.0 	3.7851538473	3.69929559434	116.835012111	-11.731881369	
5.96666666667	0.0	0.0	0.0 	0.0 	183.2 	24.0 	0.0 	0.0 	0.0 	-0.0 	24.0 	0.0 	0.0 	0.0 	3.79678128671	3.69929559434	116.801522057	-11.7855724784	
5.98333333333	0.0	0.0	0.0 	0.0 	183.6 	24.0 	0.0 	0.0 	0.0 	-0.0 	24.0 	0.0 	0.0 	0.0 	3.80834289038	3.69929559434	116.767930023	-11.839427083	
6.0	0.0	0.0	0.0 	0.0 	184.0 	24.0 	0.0 	0.0 	0.0 	-0.0 	24.0 	0.0 	0.0 	0.0 	3.81983903109	3.69929559434	116.734236585	-11.893444257	
6.01666666667	0.0	0.0	0.0 	0.0 	184.4 	24.0 	0.0 	0.0 	0.0 	-0.0 	24.0 	0.0 	0.0 	0.0 	3.8312700795	3.69929559434	116.700442318	-11.9476230799	
6.03333333333	0.0	0.0	0.0 	0.0 	184.8 	24.0 	0.0 	0.0 	0.0 	-0.0 	24.0 	0.0 	0.0 	0.0 	3.84263640417	3.69929559434	116.666547792	-12.0019626364	
6.05	0.0	0.0	0.0 	0.0 	185.2 	24.0 	0.0 	0.0 	0.0 	-0.0 	24.0 	0.0 	0.0 	0.0 	3.85393837156	3.69929559434	116.632553576	-12.0564620166	
6.06666666667	0.0	0.0	0.0 	0.0 	185.6 	24.0 	0.0 	0.0 	0.0 	-0.0 	24.0 	0.0 	0.0 	0.0 	3.86517634607	3.69929559434	116.598460234	-12.1111203154	
6.08333333333	0.0	0.0	0.0 	0.0 	186.0 	24.0 	0.0 	0.0 	0.0 	-0.0 	24.0 	0.0 	0.0 	0.0 	3.87635069005	3.69929559434	116.564268327	-12.165936633	
6.1	0.0	0.0	0.0 	0.0 	186.4 	24.0 	0.0 	0.0 	0.0 	-0.0 	24.0 	0.0 	0.0 	0.0 	3.88746176377	3.69929559434	116.529978413	-12.2209100747	
6.11666666667	0.0	0.0	0.0 	0.0 	186.8 	24.0 	0.0 	0.0 	0.0 	-0.0 	24.0 	0.0 	0.0 	0.0 	3.89850992547	3.69929559434	116.495591048	-12.2760397509	
6.13333333333	0.0	0.0	0.0 	0.0 	187.2 	24.0 	0.0 	0.0 	0.0 	-0.0 	24.0 	0.0 	0.0 	0.0 	3.90949553137	3.69929559434	116.461106782	-12.331324777	
6.15	0.0	0.0	0.0 	0.0 	187.6 	24.0 	0.0 	0.0 	0.0 	-0.0 	24.0 	0.0 	0.0 	0.0 	3.92041893567	3.69929559434	116.426526164	-12.3867642732	
6.16666666667	0.0	0.0	0.0 	0.0 	188.0 	24.0 	0.0 	0.0 	0.0 	-0.0 	24.0 	0.0 	0.0 	0.0 	3.93128049056	3.69929559434	116.391849741	-12.4423573651	
6.18333333333	0.0	0.0	0.0 	0.0 	188.4 	24.0 	0.0 	0.0 	0.0 	-0.0 	24.0 	0.0 	0.0 	0.0 	3.94208054623	3.69929559434	116.357078054	-12.4981031829	
6.2	0.0	0.0	0.0 	0.0 	188.8 	24.0 	0.0 	0.0 	0.0 	-0.0 	24.0 	0.0 	0.0 	0.0 	3.9528194509	3.69929559434	116.322211644	-12.5540008619	
6.21666666667	0.0	0.0	0.0 	0.0 	189.2 	24.0 	0.0 	0.0 	0.0 	-0.0 	24.0 	0.0 	0.0 	0.0 	3.96349755081	3.69929559434	116.287251045	-12.6100495422	
6.23333333333	0.0	0.0	0.0 	0.0 	189.6 	24.0 	0.0 	0.0 	0.0 	-0.0 	24.0 	0.0 	0.0 	0.0 	3.97411519025	3.69929559434	116.252196792	-12.6662483689	
6.25	0.0	0.0	0.0 	0.0 	190.0 	24.0 	0.0 	0.0 	0.0 	-0.0 	24.0 	0.0 	0.0 	0.0 	3.98467271154	3.69929559434	116.217049415	-12.7225964918	
6.26666666667	0.0	0.0	0.0 	0.0 	190.4 	24.0 	0.0 	0.0 	0.0 	-0.0 	24.0 	0.0 	0.0 	0.0 	3.9951704551	3.69929559434	116.181809442	-12.7790930655	
6.28333333333	0.0	0.0	0.0 	0.0 	190.8 	24.0 	0.0 	0.0 	0.0 	-0.0 	24.0 	0.0 	0.0 	0.0 	4.00560875937	3.69929559434	116.146477395	-12.8357372496	
6.3	0.0	0.0	0.0 	0.0 	191.2 	24.0 	0.0 	0.0 	0.0 	-0.0 	24.0 	0.0 	0.0 	0.0 	4.01598796091	3.69929559434	116.111053797	-12.8925282082	
6.31666666667	0.0	0.0	0.0 	0.0 	191.6 	24.0 	0.0 	0.0 	0.0 	-0.0 	24.0 	0.0 	0.0 	0.0 	4.02630839438	3.69929559434	116.075539167	-12.9494651103	
6.33333333333	0.0	0.0	0.0 	0.0 	192.0 	24.0 	0.0 	0.0 	0.0 	-0.0 	24.0 	0.0 	0.0 	0.0 	4.03657039251	3.69929559434	116.039934019	-13.0065471296	
6.35	0.0	0.0	0.0 	0.0 	192.4 	24.0 	0.0 	0.0 	0.0 	-0.0 	24.0 	0.0 	0.0 	0.0 	4.04677428618	3.69929559434	116.004238866	-13.0637734443	
6.36666666667	0.0	0.0	0.0 	0.0 	192.8 	24.0 	0.0 	0.0 	0.0 	-0.0 	24.0 	0.0 	0.0 	0.0 	4.05692040437	3.69929559434	115.968454218	-13.1211432375	
6.38333333333	0.0	0.0	0.0 	0.0 	193.2 	24.0 	0.0 	0.0 	0.0 	-0.0 	24.0 	0.0 	0.0 	0.0 	4.06700907423	3.69929559434	115.932580581	-13.1786556968	
6.4	0.0	0.0	0.0 	0.0 	193.6 	24.0 	0.0 	0.0 	0.0 	-0.0 	24.0 	0.0 	0.0 	0.0 	4.07704062102	3.69929559434	115.89661846	-13.2363100143	
6.41666666667	0.0	0.0	0.0 	0.0 	194.0 	24.0 	0.0 	0.0 	0.0 	-0.0 	24.0 	0.0 	0.0 	0.0 	4.08701536819	3.69929559434	115.860568355	-13.294105387	
6.43333333333	0.0	0.0	0.0 	0.0 	194.4 	24.0 	0.0 	0.0 	0.0 	-0.0 	24.0 	0.0 	0.0 	0.0 	4.09693363734	3.69929559434	115.824430764	-13.352041016	
6.45	0.0	0.0	0.0 	0.0 	194.8 	24.0 	0.0 	0.0 	0.0 	-0.0 	24.0 	0.0 	0.0 	0.0 	4.10679574825	3.69929559434	115.788206184	-13.4101161073	
6.46666666667	0.0	0.0	0.0 	0.0 	195.2 	24.0 	0.0 	0.0 	0.0 	-0.0 	24.0 	0.0 	0.0 	0.0 	4.1166020189	3.69929559434	115.751895105	-13.4683298711	
6.48333333333	0.0	0.0	0.0 	0.0 	195.6 	24.0 	0.0 	0.0 	0.0 	-0.0 	24.0 	0.0 	0.0 	0.0 	4.12635276546	3.69929559434	115.715498019	-13.5266815224	
6.5	0.0	0.0	0.0 	0.0 	196.0 	24.0 	0.0 	0.0 	0.0 	-0.0 	24.0 	0.0 	0.0 	0.0 	4.13604830231	3.69929559434	115.679015412	-13.5851702805	
6.51666666667	0.0	0.0	0.0 	0.0 	196.4 	24.0 	0.0 	0.0 	0.0 	-0.0 	24.0 	0.0 	0.0 	0.0 	4.14568894206	3.69929559434	115.642447768	-13.6437953688	
6.53333333333	0.0	0.0	0.0 	0.0 	196.8 	24.0 	0.0 	0.0 	0.0 	-0.0 	24.0 	0.0 	0.0 	0.0 	4.15527499554	3.69929559434	115.605795569	-13.7025560157	
6.55	0.0	0.0	0.0 	0.0 	197.2 	24.0 	0.0 	0.0 	0.0 	-0.0 	24.0 	0.0 	0.0 	0.0 	4.16480677182	3.69929559434	115.569059294	-13.7614514535	
6.56666666667	0.0	0.0	0.0 	0.0 	197.6 	24.0 	0.0 	0.0 	0.0 	-0.0 	24.0 	0.0 	0.0 	0.0 	4.17428457823	3.69929559434	115.532239418	-13.8204809189	
6.58333333333	0.0	0.0	0.0 	0.0 	198.0 	24.0 	0.0 	0.0 	0.0 	-0.0 	24.0 	0.0 	0.0 	0.0 	4.18370872034	3.69929559434	115.495336416	-13.8796436533	
6.6	0.0	0.0	0.0 	0.0 	198.4 	24.0 	0.0 	0.0 	0.0 	-0.0 	24.0 	0.0 	0.0 	0.0 	4.19307950202	3.69929559434	115.458350757	-13.9389389019	
6.61666666667	0.0	0.0	0.0 	0.0 	198.8 	24.0 	0.0 	0.0 	0.0 	-0.0 	24.0 	0.0 	0.0 	0.0 	4.20239722539	3.69929559434	115.421282909	-13.9983659144	
6.63333333333	0.0	0.0	0.0 	0.0 	199.2 	24.0 	0.0 	0.0 	0.0 	-0.0 	24.0 	0.0 	0.0 	0.0 	4.21166219087	3.69929559434	115.384133339	-14.0579239449	
6.65	0.0	0.0	0.0 	0.0 	199.6 	24.0 	0.0 	0.0 	0.0 	-0.0 	24.0 	0.0 	0.0 	0.0 	4.22087469718	3.69929559434	115.346902509	-14.1176122513	
6.66666666667	0.0	0.0	0.0 	0.0 	200.0 	24.0 	0.0 	0.0 	0.0 	-0.0 	24.0 	0.0 	0.0 	0.0 	4.23003504137	3.69929559434	115.309590878	-14.1774300963	
6.68333333333	0.0	0.0	0.0 	0.0 	200.4 	24.0 	0.0 	0.0 	0.0 	-0.0 	24.0 	0.0 	0.0 	0.0 	4.23914351876	3.69929559434	115.272198905	-14.2373767461	
6.7	0.0	0.0	0.0 	0.0 	200.8 	24.0 	0.0 	0.0 	0.0 	-0.0 	24.0 	0.0 	0.0 	0.0 	4.24820042303	3.69929559434	115.234727044	-14.2974514716	
6.71666666667	0.0	0.0	0.0 	0.0 	201.2 	24.0 	0.0 	0.0 	0.0 	-0.0 	24.0 	0.0 	0.0 	0.0 	4.25720604621	3.69929559434	115.197175748	-14.3576535476	
6.73333333333	0.0	0.0	0.0 	0.0 	201.6 	24.0 	0.0 	0.0 	0.0 	-0.0 	24.0 	0.0 	0.0 	0.0 	4.26616067864	3.69929559434	115.159545466	-14.417982253	
6.75	0.0	0.0	0.0 	0.0 	202.0 	24.0 	0.0 	0.0 	0.0 	-0.0 	24.0 	0.0 	0.0 	0.0 	4.27506460905	3.69929559434	115.121836645	-14.4784368708	
6.76666666667	0.0	0.0	0.0 	0.0 	202.4 	24.0 	0.0 	0.0 	0.0 	-0.0 	24.0 	0.0 	0.0 	0.0 	4.2839181245	3.69929559434	115.084049731	-14.5390166881	
6.78333333333	0.0	0.0	0.0 	0.0 	202.8 	24.0 	0.0 	0.0 	0.0 	-0.0 	24.0 	0.0 	0.0 	0.0 	4.29272151046	3.69929559434	115.046185166	-14.599720996	
6.8	0.0	0.0	0.0 	0.0 	203.2 	24.0 	0.0 	0.0 	0.0 	-0.0 	24.0 	0.0 	0.0 	0.0 	4.30147505077	3.69929559434	115.008243388	-14.6605490896	
6.81666666667	0.0	0.0	0.0 	0.0 	203.6 	24.0 	0.0 	0.0 	0.0 	-0.0 	24.0 	0.0 	0.0 	0.0 	4.31017902765	3.69929559434	114.970224836	-14.7215002681	
6.83333333333	0.0	0.0	0.0 	0.0 	204.0 	24.0 	0.0 	0.0 	0.0 	-0.0 	24.0 	0.0 	0.0 	0.0 	4.31883372174	3.69929559434	114.932129944	-14.7825738344	
6.85	0.0	0.0	0.0 	0.0 	204.4 	24.0 	0.0 	0.0 	0.0 	-0.0 	24.0 	0.0 	0.0 	0.0 	4.32743941208	3.69929559434	114.893959144	-14.8437690957	
6.86666666667	0.0	0.0	0.0 	0.0 	204.8 	24.0 	0.0 	0.0 	0.0 	-0.0 	24.0 	0.0 	0.0 	0.0 	4.33599637614	3.69929559434	114.855712866	-14.9050853629	
6.88333333333	0.0	0.0	0.0 	0.0 	205.2 	24.0 	0.0 	0.0 	0.0 	-0.0 	24.0 	0.0 	0.0 	0.0 	4.34450488981	3.69929559434	114.817391538	-14.9665219508	
6.9	0.0	0.0	0.0 	0.0 	205.6 	24.0 	0.0 	0.0 	0.0 	-0.0 	24.0 	0.0 	0.0 	0.0 	4.35296522742	3.69929559434	114.778995584	-15.0280781782	
6.91666666667	0.0	0.0	0.0 	0.0 	206.0 	24.0 	0.0 	0.0 	0.0 	-0.0 	24.0 	0.0 	0.0 	0.0 	4.36137766175	3.69929559434	114.740525427	-15.0897533676	
6.93333333333	0.0	0.0	0.0 	0.0 	206.4 	24.0 	0.0 	0.0 	0.0 	-0.0 	24.0 	0.0 	0.0 	0.0 	4.36974246403	3.69929559434	114.701981487	-15.1515468456	
6.95	0.0	0.0	0.0 	0.0 	206.8 	24.0 	0.0 	0.0 	0.0 	-0.0 	24.0 	0.0 	0.0 	0.0 	4.37805990396	3.69929559434	114.663364182	-15.2134579422	
6.96666666667	0.0	0.0	0.0 	0.0 	207.2 	24.0 	0.0 	0.0 	0.0 	-0.0 	24.0 	0.0 	0.0 	0.0 	4.38633024971	3.69929559434	114.624673927	-15.2754859916	
6.98333333333	0.0	0.0	0.0 	0.0 	207.6 	24.0 	0.0 	0.0 	0.0 	-0.0 	24.0 	0.0 	0.0 	0.0 	4.39455376793	3.69929559434	114.585911136	-15.3376303316	
7.0	0.0	0.0	0.0 	0.0 	208.0 	24.0 	0.0 	0.0 	0.0 	-0.0 	24.0 	0.0 	0.0 	0.0 	4.40273072377	3.69929559434	114.547076218	-15.3998903037	
7.01666666667	0.0	0.0	0.0 	0.0 	208.4 	24.0 	0.0 	0.0 	0.0 	-0.0 	24.0 	0.0 	0.0 	0.0 	4.41086138086	3.69929559434	114.508169583	-15.4622652532	
7.03333333333	0.0	0.0	0.0 	0.0 	208.8 	24.0 	0.0 	0.0 	0.0 	-0.0 	24.0 	0.0 	0.0 	0.0 	4.41894600135	3.69929559434	114.469191636	-15.524754529	
7.05	0.0	0.0	0.0 	0.0 	209.2 	24.0 	0.0 	0.0 	0.0 	-0.0 	24.0 	0.0 	0.0 	0.0 	4.42698484591	3.69929559434	114.430142781	-15.5873574839	
7.06666666667	0.0	0.0	0.0 	0.0 	209.6 	24.0 	0.0 	0.0 	0.0 	-0.0 	24.0 	0.0 	0.0 	0.0 	4.43497817372	3.69929559434	114.39102342	-15.6500734742	
7.08333333333	0.0	0.0	0.0 	0.0 	210.0 	24.0 	0.0 	0.0 	0.0 	-0.0 	24.0 	0.0 	0.0 	0.0 	4.44292624251	3.69929559434	114.351833952	-15.7129018599	
7.1	0.0	0.0	0.0 	0.0 	210.4 	24.0 	0.0 	0.0 	0.0 	-0.0 	24.0 	0.0 	0.0 	0.0 	4.45082930853	3.69929559434	114.312574774	-15.7758420045	
7.11666666667	0.0	0.0	0.0 	0.0 	210.8 	24.0 	0.0 	0.0 	0.0 	-0.0 	24.0 	0.0 	0.0 	0.0 	4.4586876266	3.69929559434	114.273246281	-15.8388932753	
7.13333333333	0.0	0.0	0.0 	0.0 	211.2 	24.0 	0.0 	0.0 	0.0 	-0.0 	24.0 	0.0 	0.0 	0.0 	4.46650145009	3.69929559434	114.233848864	-15.9020550431	
7.15	0.0	0.0	0.0 	0.0 	211.6 	24.0 	0.0 	0.0 	0.0 	-0.0 	24.0 	0.0 	0.0 	0.0 	4.47427103092	3.69929559434	114.194382915	-15.9653266822	
7.16666666667	0.0	0.0	0.0 	0.0 	212.0 	24.0 	0.0 	0.0 	0.0 	-0.0 	24.0 	0.0 	0.0 	0.0 	4.4819966196	3.69929559434	114.154848821	-16.0287075706	
7.18333333333	0.0	0.0	0.0 	0.0 	212.4 	24.0 	0.0 	0.0 	0.0 	-0.0 	24.0 	0.0 	0.0 	0.0 	4.48967846522	3.69929559434	114.115246969	-16.0921970896	
7.2	0.0	0.0	0.0 	0.0 	212.8 	24.0 	0.0 	0.0 	0.0 	-0.0 	24.0 	0.0 	0.0 	0.0 	4.49731681547	3.69929559434	114.075577741	-16.1557946241	
7.21666666667	0.0	0.0	0.0 	0.0 	213.2 	24.0 	0.0 	0.0 	0.0 	-0.0 	24.0 	0.0 	0.0 	0.0 	4.5049119166	3.69929559434	114.035841519	-16.2194995627	
7.23333333333	0.0	0.0	0.0 	0.0 	213.6 	24.0 	0.0 	0.0 	0.0 	-0.0 	24.0 	0.0 	0.0 	0.0 	4.51246401351	3.69929559434	113.996038683	-16.2833112971	
7.25	0.0	0.0	0.0 	0.0 	214.0 	24.0 	0.0 	0.0 	0.0 	-0.0 	24.0 	0.0 	0.0 	0.0 	4.51997334969	3.69929559434	113.95616961	-16.3472292226	
7.26666666667	0.0	0.0	0.0 	0.0 	214.4 	24.0 	0.0 	0.0 	0.0 	-0.0 	24.0 	0.0 	0.0 	0.0 	4.52744016726	3.69929559434	113.916234675	-16.411252738	
7.28333333333	0.0	0.0	0.0 	0.0 	214.8 	24.0 	0.0 	0.0 	0.0 	-0.0 	24.0 	0.0 	0.0 	0.0 	4.53486470695	3.69929559434	113.876234251	-16.4753812455	
7.3	0.0	0.0	0.0 	0.0 	215.2 	24.0 	0.0 	0.0 	0.0 	-0.0 	24.0 	0.0 	0.0 	0.0 	4.54224720815	3.69929559434	113.836168708	-16.5396141505	
7.31666666667	0.0	0.0	0.0 	0.0 	215.6 	24.0 	0.0 	0.0 	0.0 	-0.0 	24.0 	0.0 	0.0 	0.0 	4.54958790889	3.69929559434	113.796038416	-16.603950862	
7.33333333333	0.0	0.0	0.0 	0.0 	216.0 	24.0 	0.0 	0.0 	0.0 	-0.0 	24.0 	0.0 	0.0 	0.0 	4.55688704584	3.69929559434	113.75584374	-16.6683907921	
7.35	0.0	0.0	0.0 	0.0 	216.4 	24.0 	0.0 	0.0 	0.0 	-0.0 	24.0 	0.0 	0.0 	0.0 	4.56414485435	3.69929559434	113.715585046	-16.7329333565	
7.36666666667	0.0	0.0	0.0 	0.0 	216.8 	24.0 	0.0 	0.0 	0.0 	-0.0 	24.0 	0.0 	0.0 	0.0 	4.57136156842	3.69929559434	113.675262696	-16.797577974	
7.38333333333	0.0	0.0	0.0 	0.0 	217.2 	24.0 	0.0 	0.0 	0.0 	-0.0 	24.0 	0.0 	0.0 	0.0 	4.57853742072	3.69929559434	113.63487705	-16.8623240668	
7.4	0.0	0.0	0.0 	0.0 	217.6 	24.0 	0.0 	0.0 	0.0 	-0.0 	24.0 	0.0 	0.0 	0.0 	4.58567264264	3.69929559434	113.594428467	-16.9271710603	
7.41666666667	0.0	0.0	0.0 	0.0 	218.0 	24.0 	0.0 	0.0 	0.0 	-0.0 	24.0 	0.0 	0.0 	0.0 	4.5927674642	3.69929559434	113.553917303	-16.9921183833	
7.43333333333	0.0	0.0	0.0 	0.0 	218.4 	24.0 	0.0 	0.0 	0.0 	-0.0 	24.0 	0.0 	0.0 	0.0 	4.59982211418	3.69929559434	113.513343912	-17.0571654676	
7.45	0.0	0.0	0.0 	0.0 	218.8 	24.0 	0.0 	0.0 	0.0 	-0.0 	24.0 	0.0 	0.0 	0.0 	4.60683682001	3.69929559434	113.472708648	-17.1223117483	
7.46666666667	0.0	0.0	0.0 	0.0 	219.2 	24.0 	0.0 	0.0 	0.0 	-0.0 	24.0 	0.0 	0.0 	0.0 	4.61381180788	3.69929559434	113.432011859	-17.1875566639	
7.48333333333	0.0	0.0	0.0 	0.0 	219.6 	24.0 	0.0 	0.0 	0.0 	-0.0 	24.0 	0.0 	0.0 	0.0 	4.62074730267	3.69929559434	113.391253895	-17.2528996558	
7.5	0.0	0.0	0.0 	0.0 	220.0 	24.0 	0.0 	0.0 	0.0 	-0.0 	24.0 	0.0 	0.0 	0.0 	4.62764352799	3.69929559434	113.350435102	-17.3183401687	
7.51666666667	0.0	0.0	0.0 	0.0 	220.4 	24.0 	0.0 	0.0 	0.0 	-0.0 	24.0 	0.0 	0.0 	0.0 	4.63450070618	3.69929559434	113.309555824	-17.3838776505	
7.53333333333	0.0	0.0	0.0 	0.0 	220.8 	24.0 	0.0 	0.0 	0.0 	-0.0 	24.0 	0.0 	0.0 	0.0 	4.64131905835	3.69929559434	113.268616404	-17.4495115521	
7.55	0.0	0.0	0.0 	0.0 	221.2 	24.0 	0.0 	0.0 	0.0 	-0.0 	24.0 	0.0 	0.0 	0.0 	4.64809880432	3.69929559434	113.227617182	-17.5152413276	
7.56666666667	0.0	0.0	0.0 	0.0 	221.6 	24.0 	0.0 	0.0 	0.0 	-0.0 	24.0 	0.0 	0.0 	0.0 	4.65484016269	3.69929559434	113.186558496	-17.581066434	
7.58333333333	0.0	0.0	0.0 	0.0 	222.0 	24.0 	0.0 	0.0 	0.0 	-0.0 	24.0 	0.0 	0.0 	0.0 	4.66154335081	3.69929559434	113.145440685	-17.6469863317	
7.6	0.0	0.0	0.0 	0.0 	222.4 	24.0 	0.0 	0.0 	0.0 	-0.0 	24.0 	0.0 	0.0 	0.0 	4.6682085848	3.69929559434	113.104264082	-17.7130004839	
7.61666666667	0.0	0.0	0.0 	0.0 	222.8 	24.0 	0.0 	0.0 	0.0 	-0.0 	24.0 	0.0 	0.0 	0.0 	4.67483607958	3.69929559434	113.06302902	-17.779108357	
7.63333333333	0.0	0.0	0.0 	0.0 	223.2 	24.0 	0.0 	0.0 	0.0 	-0.0 	24.0 	0.0 	0.0 	0.0 	4.68142604881	3.69929559434	113.02173583	-17.8453094203	
7.65	0.0	0.0	0.0 	0.0 	223.6 	24.0 	0.0 	0.0 	0.0 	-0.0 	24.0 	0.0 	0.0 	0.0 	4.68797870497	3.69929559434	112.980384842	-17.911603146	
7.66666666667	0.0	0.0	0.0 	0.0 	224.0 	24.0 	0.0 	0.0 	0.0 	-0.0 	24.0 	0.0 	0.0 	0.0 	4.69449425933	3.69929559434	112.938976382	-17.9779890097	
7.68333333333	0.0	0.0	0.0 	0.0 	224.4 	24.0 	0.0 	0.0 	0.0 	-0.0 	24.0 	0.0 	0.0 	0.0 	4.70097292197	3.69929559434	112.897510776	-18.0444664895	
7.7	0.0	0.0	0.0 	0.0 	224.8 	24.0 	0.0 	0.0 	0.0 	-0.0 	24.0 	0.0 	0.0 	0.0 	4.70741490178	3.69929559434	112.855988348	-18.1110350668	
7.71666666667	0.0	0.0	0.0 	0.0 	225.2 	24.0 	0.0 	0.0 	0.0 	-0.0 	24.0 	0.0 	0.0 	0.0 	4.71382040644	3.69929559434	112.814409419	-18.1776942257	
7.73333333333	0.0	0.0	0.0 	0.0 	225.6 	24.0 	0.0 	0.0 	0.0 	-0.0 	24.0 	0.0 	0.0 	0.0 	4.7201896425	3.69929559434	112.77277431	-18.2444434534	
7.75	0.0	0.0	0.0 	0.0 	226.0 	24.0 	0.0 	0.0 	0.0 	-0.0 	24.0 	0.0 	0.0 	0.0 	4.7265228153	3.69929559434	112.731083338	-18.3112822398	
7.76666666667	0.0	0.0	0.0 	0.0 	226.4 	24.0 	0.0 	0.0 	0.0 	-0.0 	24.0 	0.0 	0.0 	0.0 	4.73282012904	3.69929559434	112.689336819	-18.3782100779	
7.78333333333	0.0	0.0	0.0 	0.0 	226.8 	24.0 	0.0 	0.0 	0.0 	-0.0 	24.0 	0.0 	0.0 	0.0 	4.73908178675	3.69929559434	112.647535069	-18.4452264635	
7.8	0.0	0.0	0.0 	0.0 	227.2 	24.0 	0.0 	0.0 	0.0 	-0.0 	24.0 	0.0 	0.0 	0.0 	4.74530799034	3.69929559434	112.605678399	-18.5123308951	
7.81666666667	0.0	0.0	0.0 	0.0 	227.6 	24.0 	0.0 	0.0 	0.0 	-0.0 	24.0 	0.0 	0.0 	0.0 	4.75149894053	3.69929559434	112.563767122	-18.5795228744	
7.83333333333	0.0	0.0	0.0 	0.0 	228.0 	24.0 	0.0 	0.0 	0.0 	-0.0 	24.0 	0.0 	0.0 	0.0 	4.75765483694	3.69929559434	112.521801545	-18.6468019055	
7.85	0.0	0.0	0.0 	0.0 	228.4 	24.0 	0.0 	0.0 	0.0 	-0.0 	24.0 	0.0 	0.0 	0.0 	4.76377587804	3.69929559434	112.479781977	-18.7141674956	
7.86666666667	0.0	0.0	0.0 	0.0 	228.8 	24.0 	0.0 	0.0 	0.0 	-0.0 	24.0 	0.0 	0.0 	0.0 	4.7698622612	3.69929559434	112.437708723	-18.7816191545	
7.88333333333	0.0	0.0	0.0 	0.0 	229.2 	24.0 	0.0 	0.0 	0.0 	-0.0 	24.0 	0.0 	0.0 	0.0 	4.77591418264	3.69929559434	112.395582087	-18.849156395	
7.9	0.0	0.0	0.0 	0.0 	229.6 	24.0 	0.0 	0.0 	0.0 	-0.0 	24.0 	0.0 	0.0 	0.0 	4.7819318375	3.69929559434	112.353402371	-18.9167787325	
7.91666666667	0.0	0.0	0.0 	0.0 	230.0 	24.0 	0.0 	0.0 	0.0 	-0.0 	24.0 	0.0 	0.0 	0.0 	4.78791541979	3.69929559434	112.311169877	-18.9844856851	
7.93333333333	0.0	0.0	0.0 	0.0 	230.4 	24.0 	0.0 	0.0 	0.0 	-0.0 	24.0 	0.0 	0.0 	0.0 	4.79386512244	3.69929559434	112.268884902	-19.0522767737	
7.95	0.0	0.0	0.0 	0.0 	230.8 	24.0 	0.0 	0.0 	0.0 	-0.0 	24.0 	0.0 	0.0 	0.0 	4.79978113727	3.69929559434	112.226547745	-19.120151522	
7.96666666667	0.0	0.0	0.0 	0.0 	231.2 	24.0 	0.0 	0.0 	0.0 	-0.0 	24.0 	0.0 	0.0 	0.0 	4.80566365503	3.69929559434	112.184158699	-19.1881094562	
7.98333333333	0.0	0.0	0.0 	0.0 	231.6 	24.0 	0.0 	0.0 	0.0 	-0.0 	24.0 	0.0 	0.0 	0.0 	4.81151286538	3.69929559434	112.14171806	-19.2561501054	
8.0	0.0	0.0	0.0 	0.0 	232.0 	24.0 	0.0 	0.0 	0.0 	-0.0 	24.0 	0.0 	0.0 	0.0 	4.81732895692	3.69929559434	112.099226119	-19.3242730013	
8.01666666667	0.0	0.0	0.0 	0.0 	232.4 	24.0 	0.0 	0.0 	0.0 	-0.0 	24.0 	0.0 	0.0 	0.0 	4.82311211717	3.69929559434	112.056683167	-19.392477678	
8.03333333333	0.0	0.0	0.0 	0.0 	232.8 	24.0 	0.0 	0.0 	0.0 	-0.0 	24.0 	0.0 	0.0 	0.0 	4.82886253258	3.69929559434	112.014089493	-19.4607636726	
8.05	0.0	0.0	0.0 	0.0 	233.2 	24.0 	0.0 	0.0 	0.0 	-0.0 	24.0 	0.0 	0.0 	0.0 	4.83458038856	3.69929559434	111.971445383	-19.5291305247	
8.06666666667	0.0	0.0	0.0 	0.0 	233.6 	24.0 	0.0 	0.0 	0.0 	-0.0 	24.0 	0.0 	0.0 	0.0 	4.84026586946	3.69929559434	111.928751124	-19.5975777763	
8.08333333333	0.0	0.0	0.0 	0.0 	234.0 	24.0 	0.0 	0.0 	0.0 	-0.0 	24.0 	0.0 	0.0 	0.0 	4.8459191586	3.69929559434	111.886007	-19.6661049724	
8.1	0.0	0.0	0.0 	0.0 	234.4 	24.0 	0.0 	0.0 	0.0 	-0.0 	24.0 	0.0 	0.0 	0.0 	4.85154043825	3.69929559434	111.843213292	-19.7347116602	
8.11666666667	0.0	0.0	0.0 	0.0 	234.8 	24.0 	0.0 	0.0 	0.0 	-0.0 	24.0 	0.0 	0.0 	0.0 	4.85712988965	3.69929559434	111.800370281	-19.8033973897	
8.13333333333	0.0	0.0	0.0 	0.0 	235.2 	24.0 	0.0 	0.0 	0.0 	-0.0 	24.0 	0.0 	0.0 	0.0 	4.86268769302	3.69929559434	111.757478247	-19.8721617132	
8.15	0.0	0.0	0.0 	0.0 	235.6 	24.0 	0.0 	0.0 	0.0 	-0.0 	24.0 	0.0 	0.0 	0.0 	4.86821402754	3.69929559434	111.714537467	-19.9410041859	
8.16666666667	0.0	0.0	0.0 	0.0 	236.0 	24.0 	0.0 	0.0 	0.0 	-0.0 	24.0 	0.0 	0.0 	0.0 	4.8737090714	3.69929559434	111.671548217	-20.0099243652	
8.18333333333	0.0	0.0	0.0 	0.0 	236.4 	24.0 	0.0 	0.0 	0.0 	-0.0 	24.0 	0.0 	0.0 	0.0 	4.87917300177	3.69929559434	111.628510772	-20.0789218111	
8.2	0.0	0.0	0.0 	0.0 	236.8 	24.0 	0.0 	0.0 	0.0 	-0.0 	24.0 	0.0 	0.0 	0.0 	4.88460599482	3.69929559434	111.585425405	-20.1479960861	
8.21666666667	0.0	0.0	0.0 	0.0 	237.2 	24.0 	0.0 	0.0 	0.0 	-0.0 	24.0 	0.0 	0.0 	0.0 	4.89000822572	3.69929559434	111.542292386	-20.2171467552	
8.23333333333	0.0	0.0	0.0 	0.0 	237.6 	24.0 	0.0 	0.0 	0.0 	-0.0 	24.0 	0.0 	0.0 	0.0 	4.89537986864	3.69929559434	111.499111986	-20.286373386	
8.25	0.0	0.0	0.0 	0.0 	238.0 	24.0 	0.0 	0.0 	0.0 	-0.0 	24.0 	0.0 	0.0 	0.0 	4.90072109678	3.69929559434	111.455884473	-20.3556755481	
8.26666666667	0.0	0.0	0.0 	0.0 	238.4 	24.0 	0.0 	0.0 	0.0 	-0.0 	24.0 	0.0 	0.0 	0.0 	4.90603208235	3.69929559434	111.412610113	-20.4250528141	
8.28333333333	0.0	0.0	0.0 	0.0 	238.8 	24.0 	0.0 	0.0 	0.0 	-0.0 	24.0 	0.0 	0.0 	0.0 	4.91131299659	3.69929559434	111.369289173	-20.4945047587	
8.3	0.0	0.0	0.0 	0.0 	239.2 	24.0 	0.0 	0.0 	0.0 	-0.0 	24.0 	0.0 	0.0 	0.0 	4.91656400976	3.69929559434	111.325921915	-20.5640309589	
8.31666666667	0.0	0.0	0.0 	0.0 	239.6 	24.0 	0.0 	0.0 	0.0 	-0.0 	24.0 	0.0 	0.0 	0.0 	4.92178529117	3.69929559434	111.282508602	-20.6336309945	
8.33333333333	0.0	0.0	0.0 	0.0 	240.0 	24.0 	0.0 	0.0 	0.0 	-0.0 	24.0 	0.0 	0.0 	0.0 	4.92697700915	3.69929559434	111.239049495	-20.7033044472	
8.35	0.0	0.0	0.0 	0.0 	240.4 	24.0 	0.0 	0.0 	0.0 	-0.0 	24.0 	0.0 	0.0 	0.0 	4.93213933111	3.69929559434	111.195544853	-20.7730509015	
8.36666666667	0.0	0.0	0.0 	0.0 	240.8 	24.0 	0.0 	0.0 	0.0 	-0.0 	24.0 	0.0 	0.0 	0.0 	4.93727242348	3.69929559434	111.151994934	-20.842869944	
8.38333333333	0.0	0.0	0.0 	0.0 	241.2 	24.0 	0.0 	0.0 	0.0 	-0.0 	24.0 	0.0 	0.0 	0.0 	4.94237645177	3.69929559434	111.108399993	-20.9127611636	
8.4	0.0	0.0	0.0 	0.0 	241.6 	24.0 	0.0 	0.0 	0.0 	-0.0 	24.0 	0.0 	0.0 	0.0 	4.94745158054	3.69929559434	111.064760287	-20.9827241517	
8.41666666667	0.0	0.0	0.0 	0.0 	242.0 	24.0 	0.0 	0.0 	0.0 	-0.0 	24.0 	0.0 	0.0 	0.0 	4.95249797341	3.69929559434	111.021076069	-21.0527585019	
8.43333333333	0.0	0.0	0.0 	0.0 	242.4 	24.0 	0.0 	0.0 	0.0 	-0.0 	24.0 	0.0 	0.0 	0.0 	4.95751579311	3.69929559434	110.97734759	-21.1228638103	
8.45	0.0	0.0	0.0 	0.0 	242.8 	24.0 	0.0 	0.0 	0.0 	-0.0 	24.0 	0.0 	0.0 	0.0 	4.9625052014	3.69929559434	110.933575101	-21.1930396749	
8.46666666667	0.0	0.0	0.0 	0.0 	243.2 	24.0 	0.0 	0.0 	0.0 	-0.0 	24.0 	0.0 	0.0 	0.0 	4.96746635917	3.69929559434	110.889758852	-21.2632856964	
8.48333333333	0.0	0.0	0.0 	0.0 	243.6 	24.0 	0.0 	0.0 	0.0 	-0.0 	24.0 	0.0 	0.0 	0.0 	4.97239942636	3.69929559434	110.84589909	-21.3336014774	
8.5	0.0	0.0	0.0 	0.0 	244.0 	24.0 	0.0 	0.0 	0.0 	-0.0 	24.0 	0.0 	0.0 	0.0 	4.97730456202	3.69929559434	110.801996061	-21.403986623	
8.51666666667	0.0	0.0	0.0 	0.0 	244.4 	24.0 	0.0 	0.0 	0.0 	-0.0 	24.0 	0.0 	0.0 	0.0 	4.98218192432	3.69929559434	110.758050011	-21.4744407405	
8.53333333333	0.0	0.0	0.0 	0.0 	244.8 	24.0 	0.0 	0.0 	0.0 	-0.0 	24.0 	0.0 	0.0 	0.0 	4.9870316705	3.69929559434	110.714061183	-21.5449634392	
8.55	0.0	0.0	0.0 	0.0 	245.2 	24.0 	0.0 	0.0 	0.0 	-0.0 	24.0 	0.0 	0.0 	0.0 	4.99185395693	3.69929559434	110.67002982	-21.615554331	
8.56666666667	0.0	0.0	0.0 	0.0 	245.6 	24.0 	0.0 	0.0 	0.0 	-0.0 	24.0 	0.0 	0.0 	0.0 	4.9966489391	3.69929559434	110.625956161	-21.6862130297	
8.58333333333	0.0	0.0	0.0 	0.0 	246.0 	24.0 	0.0 	0.0 	0.0 	-0.0 	24.0 	0.0 	0.0 	0.0 	5.00141677159	3.69929559434	110.581840448	-21.7569391513	
8.6	0.0	0.0	0.0 	0.0 	246.4 	24.0 	0.0 	0.0 	0.0 	-0.0 	24.0 	0.0 	0.0 	0.0 	5.00615760813	3.69929559434	110.537682917	-21.8277323141	
8.61666666667	0.0	0.0	0.0 	0.0 	246.8 	24.0 	0.0 	0.0 	0.0 	-0.0 	24.0 	0.0 	0.0 	0.0 	5.01087160158	3.69929559434	110.493483805	-21.8985921385	
8.63333333333	0.0	0.0	0.0 	0.0 	247.2 	24.0 	0.0 	0.0 	0.0 	-0.0 	24.0 	0.0 	0.0 	0.0 	5.01555890393	3.69929559434	110.449243349	-21.9695182471	
8.65	0.0	0.0	0.0 	0.0 	247.6 	24.0 	0.0 	0.0 	0.0 	-0.0 	24.0 	0.0 	0.0 	0.0 	5.0202196663	3.69929559434	110.404961781	-22.0405102645	
8.66666666667	0.0	0.0	0.0 	0.0 	248.0 	24.0 	0.0 	0.0 	0.0 	-0.0 	24.0 	0.0 	0.0 	0.0 	5.02485403897	3.69929559434	110.360639336	-22.1115678176	
8.68333333333	0.0	0.0	0.0 	0.0 	248.4 	24.0 	0.0 	0.0 	0.0 	-0.0 	24.0 	0.0 	0.0 	0.0 	5.02946217135	3.69929559434	110.316276244	-22.1826905353	
8.7	0.0	0.0	0.0 	0.0 	248.8 	24.0 	0.0 	0.0 	0.0 	-0.0 	24.0 	0.0 	0.0 	0.0 	5.03404421202	3.69929559434	110.271872735	-22.2538780487	
8.71666666667	0.0	0.0	0.0 	0.0 	249.2 	24.0 	0.0 	0.0 	0.0 	-0.0 	24.0 	0.0 	0.0 	0.0 	5.03860030872	3.69929559434	110.227429038	-22.3251299908	
8.73333333333	0.0	0.0	0.0 	0.0 	249.6 	24.0 	0.0 	0.0 	0.0 	-0.0 	24.0 	0.0 	0.0 	0.0 	5.04313060834	3.69929559434	110.182945382	-22.3964459968	
8.75	0.0	0.0	0.0 	0.0 	250.0 	24.0 	0.0 	0.0 	0.0 	-0.0 	24.0 	0.0 	0.0 	0.0 	5.04763525695	3.69929559434	110.138421991	-22.4678257041	
8.76666666667	0.0	0.0	0.0 	0.0 	250.4 	24.0 	0.0 	0.0 	0.0 	-0.0 	24.0 	0.0 	0.0 	0.0 	5.05211439979	3.69929559434	110.093859092	-22.5392687519	
8.78333333333	0.0	0.0	0.0 	0.0 	250.8 	24.0 	0.0 	0.0 	0.0 	-0.0 	24.0 	0.0 	0.0 	0.0 	5.05656818127	3.69929559434	110.049256907	-22.6107747815	
8.8	0.0	0.0	0.0 	0.0 	251.2 	24.0 	0.0 	0.0 	0.0 	-0.0 	24.0 	0.0 	0.0 	0.0 	5.06099674499	3.69929559434	110.00461566	-22.6823434365	
8.81666666667	0.0	0.0	0.0 	0.0 	251.6 	24.0 	0.0 	0.0 	0.0 	-0.0 	24.0 	0.0 	0.0 	0.0 	5.06540023374	3.69929559434	109.959935571	-22.7539743622	
8.83333333333	0.0	0.0	0.0 	0.0 	252.0 	24.0 	0.0 	0.0 	0.0 	-0.0 	24.0 	0.0 	0.0 	0.0 	5.0697787895	3.69929559434	109.91521686	-22.8256672059	
8.85	0.0	0.0	0.0 	0.0 	252.4 	24.0 	0.0 	0.0 	0.0 	-0.0 	24.0 	0.0 	0.0 	0.0 	5.07413255343	3.69929559434	109.870459746	-22.8974216172	
8.86666666667	0.0	0.0	0.0 	0.0 	252.8 	24.0 	0.0 	0.0 	0.0 	-0.0 	24.0 	0.0 	0.0 	0.0 	5.07846166591	3.69929559434	109.825664447	-22.9692372474	
8.88333333333	0.0	0.0	0.0 	0.0 	253.2 	24.0 	0.0 	0.0 	0.0 	-0.0 	24.0 	0.0 	0.0 	0.0 	5.08276626653	3.69929559434	109.780831178	-23.0411137499	
8.9	0.0	0.0	0.0 	0.0 	253.6 	24.0 	0.0 	0.0 	0.0 	-0.0 	24.0 	0.0 	0.0 	0.0 	5.08704649406	3.69929559434	109.735960155	-23.1130507801	
8.91666666667	0.0	0.0	0.0 	0.0 	254.0 	24.0 	0.0 	0.0 	0.0 	-0.0 	24.0 	0.0 	0.0 	0.0 	5.09130248651	3.69929559434	109.691051592	-23.1850479951	
8.93333333333	0.0	0.0	0.0 	0.0 	254.4 	24.0 	0.0 	0.0 	0.0 	-0.0 	24.0 	0.0 	0.0 	0.0 	5.09553438111	3.69929559434	109.6461057	-23.2571050543	
8.95	0.0	0.0	0.0 	0.0 	254.8 	24.0 	0.0 	0.0 	0.0 	-0.0 	24.0 	0.0 	0.0 	0.0 	5.09974231429	3.69929559434	109.601122692	-23.3292216188	
8.96666666667	0.0	0.0	0.0 	0.0 	255.2 	24.0 	0.0 	0.0 	0.0 	-0.0 	24.0 	0.0 	0.0 	0.0 	5.10392642174	3.69929559434	109.556102777	-23.4013973516	
8.98333333333	0.0	0.0	0.0 	0.0 	255.6 	24.0 	0.0 	0.0 	0.0 	-0.0 	24.0 	0.0 	0.0 	0.0 	5.10808683834	3.69929559434	109.511046164	-23.4736319178	
9.0	0.0	0.0	0.0 	0.0 	256.0 	24.0 	0.0 	0.0 	0.0 	-0.0 	24.0 	0.0 	0.0 	0.0 	5.11222369826	3.69929559434	109.465953062	-23.5459249843	
9.01666666667	0.0	0.0	0.0 	0.0 	256.4 	24.0 	0.0 	0.0 	0.0 	-0.0 	24.0 	0.0 	0.0 	0.0 	5.11633713485	3.69929559434	109.420823677	-23.6182762197	
9.03333333333	0.0	0.0	0.0 	0.0 	256.8 	24.0 	0.0 	0.0 	0.0 	-0.0 	24.0 	0.0 	0.0 	0.0 	5.12042728075	3.69929559434	109.375658214	-23.6906852948	
9.05	0.0	0.0	0.0 	0.0 	257.2 	24.0 	0.0 	0.0 	0.0 	-0.0 	24.0 	0.0 	0.0 	0.0 	5.12449426784	3.69929559434	109.330456878	-23.7631518821	
9.06666666667	0.0	0.0	0.0 	0.0 	257.6 	24.0 	0.0 	0.0 	0.0 	-0.0 	24.0 	0.0 	0.0 	0.0 	5.12853822724	3.69929559434	109.285219871	-23.8356756558	
9.08333333333	0.0	0.0	0.0 	0.0 	258.0 	24.0 	0.0 	0.0 	0.0 	-0.0 	24.0 	0.0 	0.0 	0.0 	5.13255928933	3.69929559434	109.239947396	-23.9082562923	
9.1	0.0	0.0	0.0 	0.0 	258.4 	24.0 	0.0 	0.0 	0.0 	-0.0 	24.0 	0.0 	0.0 	0.0 	5.13655758376	3.69929559434	109.194639653	-23.9808934695	
9.11666666667	0.0	0.0	0.0 	0.0 	258.8 	24.0 	0.0 	0.0 	0.0 	-0.0 	24.0 	0.0 	0.0 	0.0 	5.14053323945	3.69929559434	109.149296842	-24.0535868673	
9.13333333333	0.0	0.0	0.0 	0.0 	259.2 	24.0 	0.0 	0.0 	0.0 	-0.0 	24.0 	0.0 	0.0 	0.0 	5.14448638458	3.69929559434	109.103919163	-24.1263361674	
9.15	0.0	0.0	0.0 	0.0 	259.6 	24.0 	0.0 	0.0 	0.0 	-0.0 	24.0 	0.0 	0.0 	0.0 	5.1484171466	3.69929559434	109.058506811	-24.1991410533	
9.16666666667	0.0	0.0	0.0 	0.0 	260.0 	24.0 	0.0 	0.0 	0.0 	-0.0 	24.0 	0.0 	0.0 	0.0 	5.15232565226	3.69929559434	109.013059984	-24.2720012102	
9.18333333333	0.0	0.0	0.0 	0.0 	260.4 	24.0 	0.0 	0.0 	0.0 	-0.0 	24.0 	0.0 	0.0 	0.0 	5.15621202756	3.69929559434	108.967578876	-24.3449163251	
9.2	0.0	0.0	0.0 	0.0 	260.8 	24.0 	0.0 	0.0 	0.0 	-0.0 	24.0 	0.0 	0.0 	0.0 	5.16007639782	3.69929559434	108.922063683	-24.417886087	
9.21666666667	0.0	0.0	0.0 	0.0 	261.2 	24.0 	0.0 	0.0 	0.0 	-0.0 	24.0 	0.0 	0.0 	0.0 	5.16391888762	3.69929559434	108.876514596	-24.4909101863	
9.23333333333	0.0	0.0	0.0 	0.0 	261.6 	24.0 	0.0 	0.0 	0.0 	-0.0 	24.0 	0.0 	0.0 	0.0 	5.16773962086	3.69929559434	108.830931807	-24.5639883155	
9.25	0.0	0.0	0.0 	0.0 	262.0 	24.0 	0.0 	0.0 	0.0 	-0.0 	24.0 	0.0 	0.0 	0.0 	5.17153872072	3.69929559434	108.785315509	-24.6371201686	
9.26666666667	0.0	0.0	0.0 	0.0 	262.4 	24.0 	0.0 	0.0 	0.0 	-0.0 	24.0 	0.0 	0.0 	0.0 	5.1753163097	3.69929559434	108.739665889	-24.7103054414	
9.28333333333	0.0	0.0	0.0 	0.0 	262.8 	24.0 	0.0 	0.0 	0.0 	-0.0 	24.0 	0.0 	0.0 	0.0 	5.17907250959	3.69929559434	108.693983137	-24.7835438314	
9.3	0.0	0.0	0.0 	0.0 	263.2 	24.0 	0.0 	0.0 	0.0 	-0.0 	24.0 	0.0 	0.0 	0.0 	5.1828074415	3.69929559434	108.648267441	-24.8568350379	
9.31666666667	0.0	0.0	0.0 	0.0 	263.6 	24.0 	0.0 	0.0 	0.0 	-0.0 	24.0 	0.0 	0.0 	0.0 	5.18652122585	3.69929559434	108.602518987	-24.9301787618	
9.33333333333	0.0	0.0	0.0 	0.0 	264.0 	24.0 	0.0 	0.0 	0.0 	-0.0 	24.0 	0.0 	0.0 	0.0 	5.19021398238	3.69929559434	108.55673796	-25.0035747058	
9.35	0.0	0.0	0.0 	0.0 	264.4 	24.0 	0.0 	0.0 	0.0 	-0.0 	24.0 	0.0 	0.0 	0.0 	5.19388583015	3.69929559434	108.510924546	-25.0770225742	
9.36666666667	0.0	0.0	0.0 	0.0 	264.8 	24.0 	0.0 	0.0 	0.0 	-0.0 	24.0 	0.0 	0.0 	0.0 	5.19753688755	3.69929559434	108.465078926	-25.150522073	
9.38333333333	0.0	0.0	0.0 	0.0 	265.2 	24.0 	0.0 	0.0 	0.0 	-0.0 	24.0 	0.0 	0.0 	0.0 	5.2011672723	3.69929559434	108.419201285	-25.2240729099	
9.4	0.0	0.0	0.0 	0.0 	265.6 	24.0 	0.0 	0.0 	0.0 	-0.0 	24.0 	0.0 	0.0 	0.0 	5.20477710144	3.69929559434	108.373291802	-25.2976747941	
9.41666666667	0.0	0.0	0.0 	0.0 	266.0 	24.0 	0.0 	0.0 	0.0 	-0.0 	24.0 	0.0 	0.0 	0.0 	5.20836649137	3.69929559434	108.327350658	-25.3713274367	
9.43333333333	0.0	0.0	0.0 	0.0 	266.4 	24.0 	0.0 	0.0 	0.0 	-0.0 	24.0 	0.0 	0.0 	0.0 	5.21193555781	3.69929559434	108.281378034	-25.4450305502	
9.45	0.0	0.0	0.0 	0.0 	266.8 	24.0 	0.0 	0.0 	0.0 	-0.0 	24.0 	0.0 	0.0 	0.0 	5.21548441584	3.69929559434	108.235374105	-25.5187838489	
9.46666666667	0.0	0.0	0.0 	0.0 	267.2 	24.0 	0.0 	0.0 	0.0 	-0.0 	24.0 	0.0 	0.0 	0.0 	5.21901317987	3.69929559434	108.189339051	-25.5925870486	
9.48333333333	0.0	0.0	0.0 	0.0 	267.6 	24.0 	0.0 	0.0 	0.0 	-0.0 	24.0 	0.0 	0.0 	0.0 	5.2225219637	3.69929559434	108.143273048	-25.6664398668	
9.5	0.0	0.0	0.0 	0.0 	268.0 	24.0 	0.0 	0.0 	0.0 	-0.0 	24.0 	0.0 	0.0 	0.0 	5.22601088043	3.69929559434	108.097176269	-25.7403420225	
9.51666666667	0.0	0.0	0.0 	0.0 	268.4 	24.0 	0.0 	0.0 	0.0 	-0.0 	24.0 	0.0 	0.0 	0.0 	5.22948004257	3.69929559434	108.051048891	-25.8142932364	
9.53333333333	0.0	0.0	0.0 	0.0 	268.8 	24.0 	0.0 	0.0 	0.0 	-0.0 	24.0 	0.0 	0.0 	0.0 	5.23292956196	3.69929559434	108.004891085	-25.8882932307	
9.55	0.0	0.0	0.0 	0.0 	269.2 	24.0 	0.0 	0.0 	0.0 	-0.0 	24.0 	0.0 	0.0 	0.0 	5.23635954983	3.69929559434	107.958703025	-25.9623417292	
9.56666666667	0.0	0.0	0.0 	0.0 	269.6 	24.0 	0.0 	0.0 	0.0 	-0.0 	24.0 	0.0 	0.0 	0.0 	5.23977011676	3.69929559434	107.912484881	-26.0364384573	
9.58333333333	0.0	0.0	0.0 	0.0 	270.0 	24.0 	0.0 	0.0 	0.0 	-0.0 	24.0 	0.0 	0.0 	0.0 	5.24316137272	3.69929559434	107.866236825	-26.1105831419	
9.6	0.0	0.0	0.0 	0.0 	270.4 	24.0 	0.0 	0.0 	0.0 	-0.0 	24.0 	0.0 	0.0 	0.0 	5.24653342705	3.69929559434	107.819959024	-26.1847755114	
9.61666666667	0.0	0.0	0.0 	0.0 	270.8 	24.0 	0.0 	0.0 	0.0 	-0.0 	24.0 	0.0 	0.0 	0.0 	5.24988638847	3.69929559434	107.773651649	-26.2590152959	
9.63333333333	0.0	0.0	0.0 	0.0 	271.2 	24.0 	0.0 	0.0 	0.0 	-0.0 	24.0 	0.0 	0.0 	0.0 	5.25322036508	3.69929559434	107.727314865	-26.3333022268	
9.65	0.0	0.0	0.0 	0.0 	271.6 	24.0 	0.0 	0.0 	0.0 	-0.0 	24.0 	0.0 	0.0 	0.0 	5.25653546439	3.69929559434	107.680948841	-26.4076360373	
9.66666666667	0.0	0.0	0.0 	0.0 	272.0 	24.0 	0.0 	0.0 	0.0 	-0.0 	24.0 	0.0 	0.0 	0.0 	5.25983179326	3.69929559434	107.63455374	-26.4820164619	
9.68333333333	0.0	0.0	0.0 	0.0 	272.4 	24.0 	0.0 	0.0 	0.0 	-0.0 	24.0 	0.0 	0.0 	0.0 	5.263109458	3.69929559434	107.588129728	-26.5564432367	
9.7	0.0	0.0	0.0 	0.0 	272.8 	24.0 	0.0 	0.0 	0.0 	-0.0 	24.0 	0.0 	0.0 	0.0 	5.26636856426	3.69929559434	107.541676969	-26.6309160992	
9.71666666667	0.0	0.0	0.0 	0.0 	273.2 	24.0 	0.0 	0.0 	0.0 	-0.0 	24.0 	0.0 	0.0 	0.0 	5.26960921714	3.69929559434	107.495195626	-26.7054347885	
9.73333333333	0.0	0.0	0.0 	0.0 	273.6 	24.0 	0.0 	0.0 	0.0 	-0.0 	24.0 	0.0 	0.0 	0.0 	5.27283152111	3.69929559434	107.448685859	-26.779999045	
9.75	0.0	0.0	0.0 	0.0 	274.0 	24.0 	0.0 	0.0 	0.0 	-0.0 	24.0 	0.0 	0.0 	0.0 	5.27603558008	3.69929559434	107.402147831	-26.8546086109	
9.76666666667	0.0	0.0	0.0 	0.0 	274.4 	24.0 	0.0 	0.0 	0.0 	-0.0 	24.0 	0.0 	0.0 	0.0 	5.27922149735	3.69929559434	107.355581701	-26.9292632295	
9.78333333333	0.0	0.0	0.0 	0.0 	274.8 	24.0 	0.0 	0.0 	0.0 	-0.0 	24.0 	0.0 	0.0 	0.0 	5.28238937563	3.69929559434	107.308987628	-27.0039626458	
9.8	0.0	0.0	0.0 	0.0 	275.2 	24.0 	0.0 	0.0 	0.0 	-0.0 	24.0 	0.0 	0.0 	0.0 	5.28553931706	3.69929559434	107.26236577	-27.0787066061	
9.81666666667	0.0	0.0	0.0 	0.0 	275.6 	24.0 	0.0 	0.0 	0.0 	-0.0 	24.0 	0.0 	0.0 	0.0 	5.28867142321	3.69929559434	107.215716286	-27.1534948582	
9.83333333333	0.0	0.0	0.0 	0.0 	276.0 	24.0 	0.0 	0.0 	0.0 	-0.0 	24.0 	0.0 	0.0 	0.0 	5.29178579506	3.69929559434	107.16903933	-27.2283271512	
9.85	0.0	0.0	0.0 	0.0 	276.4 	24.0 	0.0 	0.0 	0.0 	-0.0 	24.0 	0.0 	0.0 	0.0 	5.29488253302	3.69929559434	107.12233506	-27.303203236	
9.86666666667	0.0	0.0	0.0 	0.0 	276.8 	24.0 	0.0 	0.0 	0.0 	-0.0 	24.0 	0.0 	0.0 	0.0 	5.29796173695	3.69929559434	107.075603629	-27.3781228644	
9.88333333333	0.0	0.0	0.0 	0.0 	277.2 	24.0 	0.0 	0.0 	0.0 	-0.0 	24.0 	0.0 	0.0 	0.0 	5.30102350611	3.69929559434	107.028845191	-27.45308579	
9.9	0.0	0.0	0.0 	0.0 	277.6 	24.0 	0.0 	0.0 	0.0 	-0.0 	24.0 	0.0 	0.0 	0.0 	5.30406793922	3.69929559434	106.982059899	-27.5280917675	
9.91666666667	0.0	0.0	0.0 	0.0 	278.0 	24.0 	0.0 	0.0 	0.0 	-0.0 	24.0 	0.0 	0.0 	0.0 	5.30709513445	3.69929559434	106.935247905	-27.6031405533	
9.93333333333	0.0	0.0	0.0 	0.0 	278.4 	24.0 	0.0 	0.0 	0.0 	-0.0 	24.0 	0.0 	0.0 	0.0 	5.3101051894	3.69929559434	106.888409361	-27.6782319049	
9.95	0.0	0.0	0.0 	0.0 	278.8 	24.0 	0.0 	0.0 	0.0 	-0.0 	24.0 	0.0 	0.0 	0.0 	5.31309820111	3.69929559434	106.841544417	-27.7533655814	
9.96666666667	0.0	0.0	0.0 	0.0 	279.2 	24.0 	0.0 	0.0 	0.0 	-0.0 	24.0 	0.0 	0.0 	0.0 	5.31607426609	3.69929559434	106.794653221	-27.828541343	
9.98333333333	0.0	0.0	0.0 	0.0 	279.6 	24.0 	0.0 	0.0 	0.0 	-0.0 	24.0 	0.0 	0.0 	0.0 	5.31903348029	3.69929559434	106.747735924	-27.9037589515	
