0.0166666666667	0.0	0.0	0.0 	0.0 	40.2166666667 	13.0 	0.0 	0.0 	0.0 	0.0 	13.0 	0.0 	0.0 	0.0 	0.0	-1.57	120.0	-5.67741935484	
0.0333333333333	0.0	0.0	0.0 	0.0 	40.4333333333 	13.0 	0.0 	0.0 	0.0 	-0.0 	13.0 	0.0 	0.0 	0.0 	0.0	-1.57	120.0	-5.67741935484	
0.05	0.0	0.0	0.0 	0.0 	40.65 	13.0 	0.0 	0.0 	0.0 	-0.0 	13.0 	0.0 	0.0 	0.0 	0.0	-1.57	120.0	-5.67741935484	
0.0666666666667	0.0	0.0	0.0 	0.0 	40.8666666667 	13.0 	0.0 	0.0 	0.0 	-0.0 	13.0 	0.0 	0.0 	0.0 	0.0	-1.57	120.0	-5.67741935484	
0.0833333333333	0.0	0.0	0.0 	0.0 	41.0833333333 	13.0 	0.0 	0.0 	0.0 	-0.0 	13.0 	0.0 	0.0 	0.0 	0.0	-1.57	120.0	-5.67741935484	
0.1	0.0	0.0	0.0 	0.0 	41.3 	13.0 	0.0 	0.0 	0.0 	-0.0 	13.0 	0.0 	0.0 	0.0 	0.0	-1.57	120.0	-5.67741935484	
0.116666666667	0.0	0.0	0.0 	0.0 	41.5166666667 	13.0 	0.0 	0.0 	0.0 	-0.0 	13.0 	0.0 	0.0 	0.0 	0.0	-1.57	120.0	-5.67741935484	
0.133333333333	0.0	0.0	0.0 	0.0 	41.7333333333 	13.0 	0.0 	0.0 	0.0 	-0.0 	13.0 	0.0 	0.0 	0.0 	0.0	-1.57	120.0	-5.67741935484	
0.15	0.0	0.0	0.0 	0.0 	41.95 	13.0 	0.0 	0.0 	0.0 	-0.0 	13.0 	0.0 	0.0 	0.0 	0.0	-1.57	120.0	-5.67741935484	
0.166666666667	0.0	0.0	0.0 	0.0 	42.1666666667 	13.0 	0.0 	0.0 	0.0 	-0.0 	13.0 	0.0 	0.0 	0.0 	0.0	-1.57	120.0	-5.67741935484	
0.183333333333	0.0	0.0	0.0 	0.0 	42.3833333333 	13.0 	0.0 	0.0 	0.0 	-0.0 	13.0 	0.0 	0.0 	0.0 	0.0	-1.57	120.0	-5.67741935484	
0.2	0.0	0.0	0.0 	0.0 	42.6 	13.0 	0.0 	0.0 	0.0 	-0.0 	13.0 	0.0 	0.0 	0.0 	0.0	-1.57	120.0	-5.67741935484	
0.216666666667	0.0	0.0	0.0 	0.0 	42.8166666667 	13.0 	0.0 	0.0 	0.0 	-0.0 	13.0 	0.0 	0.0 	0.0 	0.0	-1.57	120.0	-5.67741935484	
0.233333333333	0.0	0.0	0.0 	0.0 	43.0333333333 	13.0 	0.0 	0.0 	0.0 	-0.0 	13.0 	0.0 	0.0 	0.0 	0.0	-1.57	120.0	-5.67741935484	
0.25	0.0	0.0	0.0 	0.0 	43.25 	13.0 	0.0 	0.0 	0.0 	-0.0 	13.0 	0.0 	0.0 	0.0 	0.0	-1.57	120.0	-5.67741935484	
0.266666666667	0.0	0.0	0.0 	0.0 	43.4666666667 	13.0 	0.0 	0.0 	0.0 	-0.0 	13.0 	0.0 	0.0 	0.0 	0.0	-1.57	120.0	-5.67741935484	
0.283333333333	0.0	0.0	0.0 	0.0 	43.6833333333 	13.0 	0.0 	0.0 	0.0 	-0.0 	13.0 	0.0 	0.0 	0.0 	0.0	-1.57	120.0	-5.67741935484	
0.3	0.0	0.0	0.0 	0.0 	43.9 	13.0 	0.0 	0.0 	0.0 	-0.0 	13.0 	0.0 	0.0 	0.0 	0.0	-1.57	120.0	-5.67741935484	
0.316666666667	0.0	0.0	0.0 	0.0 	44.1166666667 	13.0 	0.0 	0.0 	0.0 	-0.0 	13.0 	0.0 	0.0 	0.0 	0.0	-1.57	120.0	-5.67741935484	
0.333333333333	0.0	0.0	0.0 	0.0 	44.3333333333 	13.0 	0.0 	0.0 	0.0 	-0.0 	13.0 	0.0 	0.0 	0.0 	0.0	-1.57	120.0	-5.67741935484	
0.35	0.0	0.0	0.0 	0.0 	44.55 	13.0 	0.0 	0.0 	0.0 	-0.0 	13.0 	0.0 	0.0 	0.0 	0.0	-1.57	120.0	-5.67741935484	
0.366666666667	0.0	0.0	0.0 	0.0 	44.7666666667 	13.0 	0.0 	0.0 	0.0 	-0.0 	13.0 	0.0 	0.0 	0.0 	0.0	-1.57	120.0	-5.67741935484	
0.383333333333	0.0	0.0	0.0 	0.0 	44.9833333333 	13.0 	0.0 	0.0 	0.0 	-0.0 	13.0 	0.0 	0.0 	0.0 	0.0	-1.57	120.0	-5.67741935484	
0.4	0.0	0.0	0.0 	0.0 	45.2 	13.0 	0.0 	0.0 	0.0 	-0.0 	13.0 	0.0 	0.0 	0.0 	0.0	-1.57	120.0	-5.67741935484	
0.416666666667	0.0	0.0	0.0 	0.0 	45.4166666667 	13.0 	0.0 	0.0 	0.0 	-0.0 	13.0 	0.0 	0.0 	0.0 	0.0	-1.57	120.0	-5.67741935484	
0.433333333333	0.0	0.0	0.0 	0.0 	45.6333333333 	13.0 	0.0 	0.0 	0.0 	-0.0 	13.0 	0.0 	0.0 	0.0 	0.0	-1.57	120.0	-5.67741935484	
0.45	0.0	0.0	0.0 	0.0 	45.85 	13.0 	0.0 	0.0 	0.0 	-0.0 	13.0 	0.0 	0.0 	0.0 	0.0	-1.57	120.0	-5.67741935484	
0.466666666667	0.0	0.0	0.0 	0.0 	46.0666666667 	13.0 	0.0 	0.0 	0.0 	-0.0 	13.0 	0.0 	0.0 	0.0 	0.0	-1.57	120.0	-5.67741935484	
0.483333333333	0.0	0.0	0.0 	0.0 	46.2833333333 	13.0 	0.0 	0.0 	0.0 	-0.0 	13.0 	0.0 	0.0 	0.0 	0.0	-1.57	120.0	-5.67741935484	
0.5	0.0	0.0	0.0 	0.0 	46.5 	13.0 	0.0 	0.0 	0.0 	-0.0 	13.0 	0.0 	0.0 	0.0 	0.0	-1.57	120.0	-5.67741935484	
0.516666666667	0.0	0.0	0.0 	0.0 	46.7166666667 	13.0 	0.0 	0.0 	0.0 	-0.0 	13.0 	0.0 	0.0 	0.0 	0.0	-1.57	120.0	-5.67741935484	
0.533333333333	0.0	0.0	0.0 	0.0 	46.9333333333 	13.0 	0.0 	0.0 	0.0 	-0.0 	13.0 	0.0 	0.0 	0.0 	0.0	-1.57	120.0	-5.67741935484	
0.55	0.0	0.0	0.0 	0.0 	47.15 	13.0 	0.0 	0.0 	0.0 	-0.0 	13.0 	0.0 	0.0 	0.0 	0.0	-1.57	120.0	-5.67741935484	
0.566666666667	0.0	0.0	0.0 	0.0 	47.3666666667 	13.0 	0.0 	0.0 	0.0 	-0.0 	13.0 	0.0 	0.0 	0.0 	0.0	-1.57	120.0	-5.67741935484	
0.583333333333	0.0	0.0	0.0 	0.0 	47.5833333333 	13.0 	0.0 	0.0 	0.0 	-0.0 	13.0 	0.0 	0.0 	0.0 	0.0	-1.57	120.0	-5.67741935484	
0.6	0.0	0.0	0.0 	0.0 	47.8 	13.0 	0.0 	0.0 	0.0 	-0.0 	13.0 	0.0 	0.0 	0.0 	0.0	-1.57	120.0	-5.67741935484	
0.616666666667	0.0	0.0	0.0 	0.0 	48.0166666667 	13.0 	0.0 	0.0 	0.0 	-0.0 	13.0 	0.0 	0.0 	0.0 	0.0	-1.57	120.0	-5.67741935484	
0.633333333333	0.0	0.0	0.0 	0.0 	48.2333333333 	13.0 	0.0 	0.0 	0.0 	-0.0 	13.0 	0.0 	0.0 	0.0 	0.0	-1.57	120.0	-5.67741935484	
0.65	0.0	0.0	0.0 	0.0 	48.45 	13.0 	0.0 	0.0 	0.0 	-0.0 	13.0 	0.0 	0.0 	0.0 	0.0	-1.57	120.0	-5.67741935484	
0.666666666667	0.0	0.0	0.0 	0.0 	48.6666666667 	13.0 	0.0 	0.0 	0.0 	-0.0 	13.0 	0.0 	0.0 	0.0 	0.0	-1.57	120.0	-5.67741935484	
0.683333333333	0.0	0.0	0.0 	0.0 	48.8833333333 	13.0 	0.0 	0.0 	0.0 	-0.0 	13.0 	0.0 	0.0 	0.0 	0.0	-1.57	120.0	-5.67741935484	
0.7	0.0	0.0	0.0 	0.0 	49.1 	13.0 	0.0 	0.0 	0.0 	-0.0 	13.0 	0.0 	0.0 	0.0 	0.0	-1.57	120.0	-5.67741935484	
0.716666666667	0.0	0.0	0.0 	0.0 	49.3166666667 	13.0 	0.0 	0.0 	0.0 	-0.0 	13.0 	0.0 	0.0 	0.0 	0.0	-1.57	120.0	-5.67741935484	
0.733333333333	0.0	0.0	0.0 	0.0 	49.5333333333 	13.0 	0.0 	0.0 	0.0 	-0.0 	13.0 	0.0 	0.0 	0.0 	0.0	-1.57	120.0	-5.67741935484	
0.75	0.0	0.0	0.0 	0.0 	49.75 	13.0 	0.0 	0.0 	0.0 	-0.0 	13.0 	0.0 	0.0 	0.0 	0.0	-1.57	120.0	-5.67741935484	
0.766666666667	0.0	0.0	0.0 	0.0 	49.9666666667 	13.0 	0.0 	0.0 	0.0 	-0.0 	13.0 	0.0 	0.0 	0.0 	0.0	-1.57	120.0	-5.67741935484	
0.783333333333	0.0	0.0	0.0 	0.0 	50.1833333333 	13.0 	0.0 	0.0 	0.0 	-0.0 	13.0 	0.0 	0.0 	0.0 	0.0	-1.57	120.0	-5.67741935484	
0.8	0.0	0.0	0.0 	0.0 	50.4 	13.0 	0.0 	0.0 	0.0 	-0.0 	13.0 	0.0 	0.0 	0.0 	0.0	-1.57	120.0	-5.67741935484	
0.816666666667	0.0	0.0	0.0 	0.0 	50.6166666667 	13.0 	0.0 	0.0 	0.0 	-0.0 	13.0 	0.0 	0.0 	0.0 	0.0	-1.57	120.0	-5.67741935484	
0.833333333333	0.0	0.0	0.0 	0.0 	50.8333333333 	13.0 	0.0 	0.0 	0.0 	-0.0 	13.0 	0.0 	0.0 	0.0 	0.0	-1.57	120.0	-5.67741935484	
0.85	0.0	0.0	0.0 	0.0 	51.05 	13.0 	0.0 	0.0 	0.0 	-0.0 	13.0 	0.0 	0.0 	0.0 	0.0	-1.57	120.0	-5.67741935484	
0.866666666667	0.0	0.0	0.0 	0.0 	51.2666666667 	13.0 	0.0 	0.0 	0.0 	-0.0 	13.0 	0.0 	0.0 	0.0 	0.0	-1.57	120.0	-5.67741935484	
0.883333333333	0.0	0.0	0.0 	0.0 	51.4833333333 	13.0 	0.0 	0.0 	0.0 	-0.0 	13.0 	0.0 	0.0 	0.0 	0.0	-1.57	120.0	-5.67741935484	
0.9	0.0	0.0	0.0 	0.0 	51.7 	13.0 	0.0 	0.0 	0.0 	-0.0 	13.0 	0.0 	0.0 	0.0 	0.0	-1.57	120.0	-5.67741935484	
0.916666666667	0.0	0.0	0.0 	0.0 	51.9166666667 	13.0 	0.0 	0.0 	0.0 	-0.0 	13.0 	0.0 	0.0 	0.0 	0.0	-1.57	120.0	-5.67741935484	
0.933333333333	0.0	0.0	0.0 	0.0 	52.1333333333 	13.0 	0.0 	0.0 	0.0 	-0.0 	13.0 	0.0 	0.0 	0.0 	0.0	-1.57	120.0	-5.67741935484	
0.95	0.0	0.0	0.0 	0.0 	52.35 	13.0 	0.0 	0.0 	0.0 	-0.0 	13.0 	0.0 	0.0 	0.0 	0.0	-1.57	120.0	-5.67741935484	
0.966666666667	0.0	0.0	0.0 	0.0 	52.5666666667 	13.0 	0.0 	0.0 	0.0 	-0.0 	13.0 	0.0 	0.0 	0.0 	0.0	-1.57	120.0	-5.67741935484	
0.983333333333	0.0	0.0	0.0 	0.0 	52.7833333333 	13.0 	0.0 	0.0 	0.0 	-0.0 	13.0 	0.0 	0.0 	0.0 	0.0	-1.57	120.0	-5.67741935484	
1.0	0.0	0.0	0.0 	0.0 	53.0 	13.0 	0.0 	0.0 	0.0 	-0.0 	13.0 	0.0 	0.0 	0.0 	0.0	-1.57	120.0	-5.67741935484	
1.01666666667	0.0	0.0	0.0 	0.0 	53.2166666667 	13.0 	0.0 	0.0 	0.0 	-0.0 	13.0 	0.0 	0.0 	0.0 	0.0	-1.57	120.0	-5.67741935484	
1.03333333333	0.0	0.0	0.0 	0.0 	53.4333333333 	13.0 	0.0 	0.0 	0.0 	-0.0 	13.0 	0.0 	0.0 	0.0 	0.0	-1.57	120.0	-5.67741935484	
1.05	0.0	0.0	0.0 	0.0 	53.65 	13.0 	0.0 	0.0 	0.0 	-0.0 	13.0 	0.0 	0.0 	0.0 	0.0	-1.57	120.0	-5.67741935484	
1.06666666667	0.0	0.0	0.0 	0.0 	53.8666666667 	13.0 	0.0 	0.0 	0.0 	-0.0 	13.0 	0.0 	0.0 	0.0 	0.0	-1.57	120.0	-5.67741935484	
1.08333333333	0.0	0.0	0.0 	0.0 	54.0833333333 	13.0 	0.0 	0.0 	0.0 	-0.0 	13.0 	0.0 	0.0 	0.0 	0.0	-1.57	120.0	-5.67741935484	
1.1	0.0	0.0	0.0 	0.0 	54.3 	13.0 	0.0 	0.0 	0.0 	-0.0 	13.0 	0.0 	0.0 	0.0 	0.0	-1.57	120.0	-5.67741935484	
1.11666666667	0.0	0.0	0.0 	0.0 	54.5166666667 	13.0 	0.0 	0.0 	0.0 	-0.0 	13.0 	0.0 	0.0 	0.0 	0.0	-1.57	120.0	-5.67741935484	
1.13333333333	0.0	0.0	0.0 	0.0 	54.7333333333 	13.0 	0.0 	0.0 	0.0 	-0.0 	13.0 	0.0 	0.0 	0.0 	0.0	-1.57	120.0	-5.67741935484	
1.15	0.0	0.0	0.0 	0.0 	54.95 	13.0 	0.0 	0.0 	0.0 	-0.0 	13.0 	0.0 	0.0 	0.0 	0.0	-1.57	120.0	-5.67741935484	
1.16666666667	0.0	0.0	0.0 	0.0 	55.1666666667 	13.0 	0.0 	0.0 	0.0 	-0.0 	13.0 	0.0 	0.0 	0.0 	0.0	-1.57	120.0	-5.67741935484	
1.18333333333	0.0	0.0	0.0 	0.0 	55.3833333333 	13.0 	0.0 	0.0 	0.0 	-0.0 	13.0 	0.0 	0.0 	0.0 	0.0	-1.57	120.0	-5.67741935484	
1.2	0.0	0.0	0.0 	0.0 	55.6 	13.0 	0.0 	0.0 	0.0 	-0.0 	13.0 	0.0 	0.0 	0.0 	0.0	-1.57	120.0	-5.67741935484	
1.21666666667	0.0	0.0	0.0 	0.0 	55.8166666667 	13.0 	0.0 	0.0 	0.0 	-0.0 	13.0 	0.0 	0.0 	0.0 	0.0	-1.57	120.0	-5.67741935484	
1.23333333333	0.0	0.0	0.0 	0.0 	56.0333333333 	13.0 	0.0 	0.0 	0.0 	-0.0 	13.0 	0.0 	0.0 	0.0 	0.0	-1.57	120.0	-5.67741935484	
1.25	0.0	0.0	0.0 	0.0 	56.25 	13.0 	0.0 	0.0 	0.0 	-0.0 	13.0 	0.0 	0.0 	0.0 	0.0	-1.57	120.0	-5.67741935484	
1.26666666667	0.0	0.0	0.0 	0.0 	56.4666666667 	13.0 	0.0 	0.0 	0.0 	-0.0 	13.0 	0.0 	0.0 	0.0 	0.0	-1.57	120.0	-5.67741935484	
1.28333333333	0.0	0.0	0.0 	0.0 	56.6833333333 	13.0 	0.0 	0.0 	0.0 	-0.0 	13.0 	0.0 	0.0 	0.0 	0.0	-1.57	120.0	-5.67741935484	
1.3	0.0	0.0	0.0 	0.0 	56.9 	13.0 	0.0 	0.0 	0.0 	-0.0 	13.0 	0.0 	0.0 	0.0 	0.0	-1.57	120.0	-5.67741935484	
1.31666666667	0.0	0.0	0.0 	0.0 	57.1166666667 	13.0 	0.0 	0.0 	0.0 	-0.0 	13.0 	0.0 	0.0 	0.0 	0.0	-1.57	120.0	-5.67741935484	
1.33333333333	0.0	0.0	0.0 	0.0 	57.3333333333 	13.0 	0.0 	0.0 	0.0 	-0.0 	13.0 	0.0 	0.0 	0.0 	0.0	-1.57	120.0	-5.67741935484	
1.35	0.0	0.0	0.0 	0.0 	57.55 	13.0 	0.0 	0.0 	0.0 	-0.0 	13.0 	0.0 	0.0 	0.0 	0.0	-1.57	120.0	-5.67741935484	
1.36666666667	0.0	0.0	0.0 	0.0 	57.7666666667 	13.0 	0.0 	0.0 	0.0 	-0.0 	13.0 	0.0 	0.0 	0.0 	0.0	-1.57	120.0	-5.67741935484	
1.38333333333	0.0	0.0	0.0 	0.0 	57.9833333333 	13.0 	0.0 	0.0 	0.0 	-0.0 	13.0 	0.0 	0.0 	0.0 	0.0	-1.57	120.0	-5.67741935484	
1.4	0.0	0.0	0.0 	0.0 	58.2 	13.0 	0.0 	0.0 	0.0 	-0.0 	13.0 	0.0 	0.0 	0.0 	0.0	-1.57	120.0	-5.67741935484	
1.41666666667	0.0	0.0	0.0 	0.0 	58.4166666667 	13.0 	0.0 	0.0 	0.0 	-0.0 	13.0 	0.0 	0.0 	0.0 	0.0	-1.57	120.0	-5.67741935484	
1.43333333333	0.0	0.0	0.0 	0.0 	58.6333333333 	13.0 	0.0 	0.0 	0.0 	-0.0 	13.0 	0.0 	0.0 	0.0 	0.0	-1.57	120.0	-5.67741935484	
1.45	0.0	0.0	0.0 	0.0 	58.85 	13.0 	0.0 	0.0 	0.0 	-0.0 	13.0 	0.0 	0.0 	0.0 	0.0	-1.57	120.0	-5.67741935484	
1.46666666667	0.0	0.0	0.0 	0.0 	59.0666666667 	13.0 	0.0 	0.0 	0.0 	-0.0 	13.0 	0.0 	0.0 	0.0 	0.0	-1.57	120.0	-5.67741935484	
1.48333333333	0.0	0.0	0.0 	0.0 	59.2833333333 	13.0 	0.0 	0.0 	0.0 	-0.0 	13.0 	0.0 	0.0 	0.0 	0.0	-1.57	120.0	-5.67741935484	
1.5	0.0	0.0	0.0 	0.0 	59.5 	13.0 	0.0 	0.0 	0.0 	-0.0 	13.0 	0.0 	0.0 	0.0 	0.0	-1.57	120.0	-5.67741935484	
1.51666666667	0.0	0.0	0.0 	0.0 	59.7166666667 	13.0 	0.0 	0.0 	0.0 	-0.0 	13.0 	0.0 	0.0 	0.0 	0.0	-1.57	120.0	-5.67741935484	
1.53333333333	0.0	0.0	0.0 	0.0 	59.9333333333 	13.0 	0.0 	0.0 	0.0 	-0.0 	13.0 	0.0 	0.0 	0.0 	0.0	-1.57	120.0	-5.67741935484	
1.55	0.0	0.0	0.0 	0.0 	60.15 	13.0 	0.0 	0.0 	0.0 	-0.0 	13.0 	0.0 	0.0 	0.0 	0.0451237263464	-1.57	119.999247938	-5.67741875595	
1.56666666667	0.0	0.0	0.0 	0.0 	60.3666666667 	13.0 	0.0 	0.0 	0.0 	-0.0 	13.0 	0.0 	0.0 	0.0 	0.089840222557	-1.57	119.997750602	-5.67741756358	
1.58333333333	0.0	0.0	0.0 	0.0 	60.5833333333 	13.0 	0.0 	0.0 	0.0 	-0.0 	13.0 	0.0 	0.0 	0.0 	0.13415316378	-1.57	119.995514716	-5.67741578309	
1.6	0.0	0.0	0.0 	0.0 	60.8 	13.0 	0.0 	0.0 	0.0 	-0.0 	13.0 	0.0 	0.0 	0.0 	0.178066191996	-1.57	119.992546947	-5.67741341977	
1.61666666667	0.0	0.0	0.0 	0.0 	61.0166666667 	13.0 	0.0 	0.0 	0.0 	-0.0 	13.0 	0.0 	0.0 	0.0 	0.221582916319	-1.57	119.9888539	-5.6774104789	
1.63333333333	0.0	0.0	0.0 	0.0 	61.2333333333 	13.0 	0.0 	0.0 	0.0 	-0.0 	13.0 	0.0 	0.0 	0.0 	0.264706913289	-1.57	119.984442119	-5.67740696568	
1.65	0.0	0.0	0.0 	0.0 	61.45 	13.0 	0.0 	0.0 	0.0 	-0.0 	13.0 	0.0 	0.0 	0.0 	0.307441727172	-1.57	119.979318092	-5.67740288528	
1.66666666667	0.0	0.0	0.0 	0.0 	61.6666666667 	13.0 	0.0 	0.0 	0.0 	-0.0 	13.0 	0.0 	0.0 	0.0 	0.349790870246	-1.57	119.973488246	-5.67739824281	
1.68333333333	0.0	0.0	0.0 	0.0 	61.8833333333 	13.0 	0.0 	0.0 	0.0 	-0.0 	13.0 	0.0 	0.0 	0.0 	0.391757823091	-1.57	119.966958951	-5.67739304336	
1.7	0.0	0.0	0.0 	0.0 	62.1 	13.0 	0.0 	0.0 	0.0 	-0.0 	13.0 	0.0 	0.0 	0.0 	0.433346034877	-1.57	119.95973652	-5.67738729194	
1.71666666667	0.0	0.0	0.0 	0.0 	62.3166666667 	13.0 	0.0 	0.0 	0.0 	-0.0 	13.0 	0.0 	0.0 	0.0 	0.474558923645	-1.57	119.951827207	-5.67738099354	
1.73333333333	0.0	0.0	0.0 	0.0 	62.5333333333 	13.0 	0.0 	0.0 	0.0 	-0.0 	13.0 	0.0 	0.0 	0.0 	0.51539987659	-1.57	119.943237211	-5.6773741531	
1.75	0.0	0.0	0.0 	0.0 	62.75 	13.0 	0.0 	0.0 	0.0 	-0.0 	13.0 	0.0 	0.0 	0.0 	0.555872250339	-1.57	119.933972677	-5.6773667755	
1.76666666667	0.0	0.0	0.0 	0.0 	62.9666666667 	13.0 	0.0 	0.0 	0.0 	-0.0 	13.0 	0.0 	0.0 	0.0 	0.595979371223	-1.57	119.924039691	-5.6773588656	
1.78333333333	0.0	0.0	0.0 	0.0 	63.1833333333 	13.0 	0.0 	0.0 	0.0 	-0.0 	13.0 	0.0 	0.0 	0.0 	0.635724535559	-1.57	119.913444285	-5.67735042819	
1.8	0.0	0.0	0.0 	0.0 	63.4 	13.0 	0.0 	0.0 	0.0 	-0.0 	13.0 	0.0 	0.0 	0.0 	0.67511100991	-1.57	119.902192438	-5.67734146804	
1.81666666667	0.0	0.0	0.0 	0.0 	63.6166666667 	13.0 	0.0 	0.0 	0.0 	-0.0 	13.0 	0.0 	0.0 	0.0 	0.714142031364	-1.57	119.890290075	-5.67733198987	
1.83333333333	0.0	0.0	0.0 	0.0 	63.8333333333 	13.0 	0.0 	0.0 	0.0 	-0.0 	13.0 	0.0 	0.0 	0.0 	0.752820807791	-1.57	119.877743065	-5.67732199835	
1.85	0.0	0.0	0.0 	0.0 	64.05 	13.0 	0.0 	0.0 	0.0 	-0.0 	13.0 	0.0 	0.0 	0.0 	0.791150518114	-1.57	119.864557228	-5.67731149811	
1.86666666667	0.0	0.0	0.0 	0.0 	64.2666666667 	13.0 	0.0 	0.0 	0.0 	-0.0 	13.0 	0.0 	0.0 	0.0 	0.829134312565	-1.57	119.850738327	-5.67730049374	
1.88333333333	0.0	0.0	0.0 	0.0 	64.4833333333 	13.0 	0.0 	0.0 	0.0 	-0.0 	13.0 	0.0 	0.0 	0.0 	0.866775312946	-1.57	119.836292076	-5.6772889898	
1.9	0.0	0.0	0.0 	0.0 	64.7 	13.0 	0.0 	0.0 	0.0 	-0.0 	13.0 	0.0 	0.0 	0.0 	0.904076612888	-1.57	119.821224137	-5.6772769908	
1.91666666667	0.0	0.0	0.0 	0.0 	64.9166666667 	13.0 	0.0 	0.0 	0.0 	-0.0 	13.0 	0.0 	0.0 	0.0 	0.941041278099	-1.57	119.805540121	-5.67726450119	
1.93333333333	0.0	0.0	0.0 	0.0 	65.1333333333 	13.0 	0.0 	0.0 	0.0 	-0.0 	13.0 	0.0 	0.0 	0.0 	0.977672346622	-1.57	119.789245587	-5.67725152542	
1.95	0.0	0.0	0.0 	0.0 	65.35 	13.0 	0.0 	0.0 	0.0 	-0.0 	13.0 	0.0 	0.0 	0.0 	1.01397282908	-1.57	119.772346045	-5.67723806786	
1.96666666667	0.0	0.0	0.0 	0.0 	65.5666666667 	13.0 	0.0 	0.0 	0.0 	-0.0 	13.0 	0.0 	0.0 	0.0 	1.04994570894	-1.57	119.754846956	-5.67722413286	
1.98333333333	0.0	0.0	0.0 	0.0 	65.7833333333 	13.0 	0.0 	0.0 	0.0 	-0.0 	13.0 	0.0 	0.0 	0.0 	1.08559394271	-1.57	119.736753729	-5.67720972474	
2.0	0.0	0.0	0.0 	0.0 	66.0 	13.0 	0.0 	0.0 	0.0 	-0.0 	13.0 	0.0 	0.0 	0.0 	1.12092046026	-1.57	119.718071727	-5.67719484775	
2.01666666667	0.0	0.0	0.0 	0.0 	66.2166666667 	13.0 	0.0 	0.0 	0.0 	-0.0 	13.0 	0.0 	0.0 	0.0 	1.15592816499	-1.57	119.698806264	-5.67717950615	
2.03333333333	0.0	0.0	0.0 	0.0 	66.4333333333 	13.0 	0.0 	0.0 	0.0 	-0.0 	13.0 	0.0 	0.0 	0.0 	1.1906199341	-1.57	119.678962605	-5.6771637041	
2.05	0.0	0.0	0.0 	0.0 	66.65 	13.0 	0.0 	0.0 	0.0 	-0.0 	13.0 	0.0 	0.0 	0.0 	1.22499861882	-1.57	119.658545968	-5.67714744579	
2.06666666667	0.0	0.0	0.0 	0.0 	66.8666666667 	13.0 	0.0 	0.0 	0.0 	-0.0 	13.0 	0.0 	0.0 	0.0 	1.25906704468	-1.57	119.637561524	-5.67713073531	
2.08333333333	0.0	0.0	0.0 	0.0 	67.0833333333 	13.0 	0.0 	0.0 	0.0 	-0.0 	13.0 	0.0 	0.0 	0.0 	1.29282801167	-1.57	119.616014397	-5.67711357675	
2.1	0.0	0.0	0.0 	0.0 	67.3 	13.0 	0.0 	0.0 	0.0 	-0.0 	13.0 	0.0 	0.0 	0.0 	1.32628429454	-1.57	119.593909666	-5.67709597416	
2.11666666667	0.0	0.0	0.0 	0.0 	67.5166666667 	13.0 	0.0 	0.0 	0.0 	-0.0 	13.0 	0.0 	0.0 	0.0 	1.35943864297	-1.57	119.571252362	-5.67707793153	
2.13333333333	0.0	0.0	0.0 	0.0 	67.7333333333 	13.0 	0.0 	0.0 	0.0 	-0.0 	13.0 	0.0 	0.0 	0.0 	1.39229378185	-1.57	119.548047473	-5.67705945286	
2.15	0.0	0.0	0.0 	0.0 	67.95 	13.0 	0.0 	0.0 	0.0 	-0.0 	13.0 	0.0 	0.0 	0.0 	1.42485241148	-1.57	119.52429994	-5.67704054205	
2.16666666667	0.0	0.0	0.0 	0.0 	68.1666666667 	13.0 	0.0 	0.0 	0.0 	-0.0 	13.0 	0.0 	0.0 	0.0 	1.45711720777	-1.57	119.500014661	-5.67702120303	
2.18333333333	0.0	0.0	0.0 	0.0 	68.3833333333 	13.0 	0.0 	0.0 	0.0 	-0.0 	13.0 	0.0 	0.0 	0.0 	1.48909082248	-1.57	119.475196489	-5.67700143965	
2.2	0.0	0.0	0.0 	0.0 	68.6 	13.0 	0.0 	0.0 	0.0 	-0.0 	13.0 	0.0 	0.0 	0.0 	1.52077588347	-1.57	119.449850232	-5.67698125574	
2.21666666667	0.0	0.0	0.0 	0.0 	68.8166666667 	13.0 	0.0 	0.0 	0.0 	-0.0 	13.0 	0.0 	0.0 	0.0 	1.55217499486	-1.57	119.423980657	-5.6769606551	
2.23333333333	0.0	0.0	0.0 	0.0 	69.0333333333 	13.0 	0.0 	0.0 	0.0 	-0.0 	13.0 	0.0 	0.0 	0.0 	1.58329073727	-1.57	119.397592487	-5.67693964149	
2.25	0.0	0.0	0.0 	0.0 	69.25 	13.0 	0.0 	0.0 	0.0 	-0.0 	13.0 	0.0 	0.0 	0.0 	1.61412566802	-1.57	119.370690401	-5.67691821864	
2.26666666667	0.0	0.0	0.0 	0.0 	69.4666666667 	13.0 	0.0 	0.0 	0.0 	-0.0 	13.0 	0.0 	0.0 	0.0 	1.64468232138	-1.57	119.343279037	-5.67689639023	
2.28333333333	0.0	0.0	0.0 	0.0 	69.6833333333 	13.0 	0.0 	0.0 	0.0 	-0.0 	13.0 	0.0 	0.0 	0.0 	1.67496320873	-1.57	119.315362993	-5.67687415993	
2.3	0.0	0.0	0.0 	0.0 	69.9 	13.0 	0.0 	0.0 	0.0 	-0.0 	13.0 	0.0 	0.0 	0.0 	1.70497081878	-1.57	119.286946821	-5.67685153137	
2.31666666667	0.0	0.0	0.0 	0.0 	70.1166666667 	13.0 	0.0 	0.0 	0.0 	-0.0 	13.0 	0.0 	0.0 	0.0 	1.7347076178	-1.57	119.258035037	-5.67682850813	
2.33333333333	0.0	0.0	0.0 	0.0 	70.3333333333 	13.0 	0.0 	0.0 	0.0 	-0.0 	13.0 	0.0 	0.0 	0.0 	1.76417604977	-1.57	119.228632112	-5.67680509379	
2.35	0.0	0.0	0.0 	0.0 	70.55 	13.0 	0.0 	0.0 	0.0 	-0.0 	13.0 	0.0 	0.0 	0.0 	1.79337853666	-1.57	119.198742479	-5.67678129187	
2.36666666667	0.0	0.0	0.0 	0.0 	70.7666666667 	13.0 	0.0 	0.0 	0.0 	-0.0 	13.0 	0.0 	0.0 	0.0 	1.82231747854	-1.57	119.168370531	-5.67675710587	
2.38333333333	0.0	0.0	0.0 	0.0 	70.9833333333 	13.0 	0.0 	0.0 	0.0 	-0.0 	13.0 	0.0 	0.0 	0.0 	1.85099525385	-1.57	119.13752062	-5.67673253925	
2.4	0.0	0.0	0.0 	0.0 	71.2 	13.0 	0.0 	0.0 	0.0 	-0.0 	13.0 	0.0 	0.0 	0.0 	1.87941421953	-1.57	119.106197059	-5.67670759546	
2.41666666667	0.0	0.0	0.0 	0.0 	71.4166666667 	13.0 	0.0 	0.0 	0.0 	-0.0 	13.0 	0.0 	0.0 	0.0 	1.90757671129	-1.57	119.074404124	-5.67668227789	
2.43333333333	0.0	0.0	0.0 	0.0 	71.6333333333 	13.0 	0.0 	0.0 	0.0 	-0.0 	13.0 	0.0 	0.0 	0.0 	1.93548504374	-1.57	119.04214605	-5.67665658991	
2.45	0.0	0.0	0.0 	0.0 	71.85 	13.0 	0.0 	0.0 	0.0 	-0.0 	13.0 	0.0 	0.0 	0.0 	1.96314151059	-1.57	119.009427036	-5.67663053488	
2.46666666667	0.0	0.0	0.0 	0.0 	72.0666666667 	13.0 	0.0 	0.0 	0.0 	-0.0 	13.0 	0.0 	0.0 	0.0 	1.99054838488	-1.57	118.97625124	-5.6766041161	
2.48333333333	0.0	0.0	0.0 	0.0 	72.2833333333 	13.0 	0.0 	0.0 	0.0 	-0.0 	13.0 	0.0 	0.0 	0.0 	2.0177079191	-1.57	118.942622785	-5.67657733685	
2.5	0.0	0.0	0.0 	0.0 	72.5 	13.0 	0.0 	0.0 	0.0 	-0.0 	13.0 	0.0 	0.0 	0.0 	2.04462234545	-1.57	118.908545757	-5.6765502004	
2.51666666667	0.0	0.0	0.0 	0.0 	72.7166666667 	13.0 	0.0 	0.0 	0.0 	-0.0 	13.0 	0.0 	0.0 	0.0 	2.07129387596	-1.57	118.874024203	-5.67652270995	
2.53333333333	0.0	0.0	0.0 	0.0 	72.9333333333 	13.0 	0.0 	0.0 	0.0 	-0.0 	13.0 	0.0 	0.0 	0.0 	2.0977247027	-1.57	118.839062136	-5.67649486871	
2.55	0.0	0.0	0.0 	0.0 	73.15 	13.0 	0.0 	0.0 	0.0 	-0.0 	13.0 	0.0 	0.0 	0.0 	2.12391699796	-1.57	118.80366353	-5.67646667985	
2.56666666667	0.0	0.0	0.0 	0.0 	73.3666666667 	13.0 	0.0 	0.0 	0.0 	-0.0 	13.0 	0.0 	0.0 	0.0 	2.14987291442	-1.57	118.767832327	-5.6764381465	
2.58333333333	0.0	0.0	0.0 	0.0 	73.5833333333 	13.0 	0.0 	0.0 	0.0 	-0.0 	13.0 	0.0 	0.0 	0.0 	2.17559458536	-1.57	118.731572428	-5.67640927176	
2.6	0.0	0.0	0.0 	0.0 	73.8 	13.0 	0.0 	0.0 	0.0 	-0.0 	13.0 	0.0 	0.0 	0.0 	2.20108412476	-1.57	118.694887705	-5.67638005873	
2.61666666667	0.0	0.0	0.0 	0.0 	74.0166666667 	13.0 	0.0 	0.0 	0.0 	-0.0 	13.0 	0.0 	0.0 	0.0 	2.22634362756	-1.57	118.657781989	-5.67635051045	
2.63333333333	0.0	0.0	0.0 	0.0 	74.2333333333 	13.0 	0.0 	0.0 	0.0 	-0.0 	13.0 	0.0 	0.0 	0.0 	2.25137516979	-1.57	118.620259082	-5.67632062994	
2.65	0.0	0.0	0.0 	0.0 	74.45 	13.0 	0.0 	0.0 	0.0 	-0.0 	13.0 	0.0 	0.0 	0.0 	2.27618080872	-1.57	118.582322747	-5.67629042022	
2.66666666667	0.0	0.0	0.0 	0.0 	74.6666666667 	13.0 	0.0 	0.0 	0.0 	-0.0 	13.0 	0.0 	0.0 	0.0 	2.30076258308	-1.57	118.543976716	-5.67625988424	
2.68333333333	0.0	0.0	0.0 	0.0 	74.8833333333 	13.0 	0.0 	0.0 	0.0 	-0.0 	13.0 	0.0 	0.0 	0.0 	2.32512251319	-1.57	118.505224686	-5.67622902495	
2.7	0.0	0.0	0.0 	0.0 	75.1 	13.0 	0.0 	0.0 	0.0 	-0.0 	13.0 	0.0 	0.0 	0.0 	2.34926260114	-1.57	118.466070322	-5.67619784528	
2.71666666667	0.0	0.0	0.0 	0.0 	75.3166666667 	13.0 	0.0 	0.0 	0.0 	-0.0 	13.0 	0.0 	0.0 	0.0 	2.37318483094	-1.57	118.426517254	-5.6761663481	
2.73333333333	0.0	0.0	0.0 	0.0 	75.5333333333 	13.0 	0.0 	0.0 	0.0 	-0.0 	13.0 	0.0 	0.0 	0.0 	2.39689116871	-1.57	118.386569081	-5.67613453629	
2.75	0.0	0.0	0.0 	0.0 	75.75 	13.0 	0.0 	0.0 	0.0 	-0.0 	13.0 	0.0 	0.0 	0.0 	2.42038356282	-1.57	118.346229367	-5.67610241269	
2.76666666667	0.0	0.0	0.0 	0.0 	75.9666666667 	13.0 	0.0 	0.0 	0.0 	-0.0 	13.0 	0.0 	0.0 	0.0 	2.44366394406	-1.57	118.305501648	-5.67606998011	
2.78333333333	0.0	0.0	0.0 	0.0 	76.1833333333 	13.0 	0.0 	0.0 	0.0 	-0.0 	13.0 	0.0 	0.0 	0.0 	2.46673422579	-1.57	118.264389424	-5.67603724134	
2.8	0.0	0.0	0.0 	0.0 	76.4 	13.0 	0.0 	0.0 	0.0 	-0.0 	13.0 	0.0 	0.0 	0.0 	2.4895963041	-1.57	118.222896165	-5.67600419914	
2.81666666667	0.0	0.0	0.0 	0.0 	76.6166666667 	13.0 	0.0 	0.0 	0.0 	-0.0 	13.0 	0.0 	0.0 	0.0 	2.51225205798	-1.57	118.181025311	-5.67597085625	
2.83333333333	0.0	0.0	0.0 	0.0 	76.8333333333 	13.0 	0.0 	0.0 	0.0 	-0.0 	13.0 	0.0 	0.0 	0.0 	2.53470334945	-1.57	118.138780268	-5.67593721538	
2.85	0.0	0.0	0.0 	0.0 	77.05 	13.0 	0.0 	0.0 	0.0 	-0.0 	13.0 	0.0 	0.0 	0.0 	2.55695202373	-1.57	118.096164415	-5.67590327923	
2.86666666667	0.0	0.0	0.0 	0.0 	77.2666666667 	13.0 	0.0 	0.0 	0.0 	-0.0 	13.0 	0.0 	0.0 	0.0 	2.5789999094	-1.57	118.053181097	-5.67586905045	
2.88333333333	0.0	0.0	0.0 	0.0 	77.4833333333 	13.0 	0.0 	0.0 	0.0 	-0.0 	13.0 	0.0 	0.0 	0.0 	2.60084881851	-1.57	118.00983363	-5.6758345317	
2.9	0.0	0.0	0.0 	0.0 	77.7 	13.0 	0.0 	0.0 	0.0 	-0.0 	13.0 	0.0 	0.0 	0.0 	2.62250054679	-1.57	117.966125301	-5.67579972558	
2.91666666667	0.0	0.0	0.0 	0.0 	77.9166666667 	13.0 	0.0 	0.0 	0.0 	-0.0 	13.0 	0.0 	0.0 	0.0 	2.64395687373	-1.57	117.922059368	-5.67576463469	
2.93333333333	0.0	0.0	0.0 	0.0 	78.1333333333 	13.0 	0.0 	0.0 	0.0 	-0.0 	13.0 	0.0 	0.0 	0.0 	2.66521956279	-1.57	117.877639056	-5.67572926159	
2.95	0.0	0.0	0.0 	0.0 	78.35 	13.0 	0.0 	0.0 	0.0 	-0.0 	13.0 	0.0 	0.0 	0.0 	2.68629036149	-1.57	117.832867564	-5.67569360885	
2.96666666667	0.0	0.0	0.0 	0.0 	78.5666666667 	13.0 	0.0 	0.0 	0.0 	-0.0 	13.0 	0.0 	0.0 	0.0 	2.70717100161	-1.57	117.787748061	-5.67565767897	
2.98333333333	0.0	0.0	0.0 	0.0 	78.7833333333 	13.0 	0.0 	0.0 	0.0 	-0.0 	13.0 	0.0 	0.0 	0.0 	2.72786319927	-1.57	117.742283689	-5.67562147447	
3.0	0.0	0.0	0.0 	0.0 	79.0 	13.0 	0.0 	0.0 	0.0 	-0.0 	13.0 	0.0 	0.0 	0.0 	2.74836865511	-1.57	117.696477559	-5.67558499781	
3.01666666667	0.0	0.0	0.0 	0.0 	79.2166666667 	13.0 	0.0 	0.0 	0.0 	-0.0 	13.0 	0.0 	0.0 	0.0 	2.76868905444	-1.57	117.650332756	-5.67554825146	
3.03333333333	0.0	0.0	0.0 	0.0 	79.4333333333 	13.0 	0.0 	0.0 	0.0 	-0.0 	13.0 	0.0 	0.0 	0.0 	2.78882606734	-1.57	117.603852337	-5.67551123785	
3.05	0.0	0.0	0.0 	0.0 	79.65 	13.0 	0.0 	0.0 	0.0 	-0.0 	13.0 	0.0 	0.0 	0.0 	2.80878134883	-1.57	117.557039329	-5.67547395939	
3.06666666667	0.0	0.0	0.0 	0.0 	79.8666666667 	13.0 	0.0 	0.0 	0.0 	-0.0 	13.0 	0.0 	0.0 	0.0 	2.82855653898	-1.57	117.509896735	-5.67543641847	
3.08333333333	0.0	0.0	0.0 	0.0 	80.0833333333 	13.0 	0.0 	0.0 	0.0 	-0.0 	13.0 	0.0 	0.0 	0.0 	2.84815326308	-1.57	117.462427529	-5.67539861746	
3.1	0.0	0.0	0.0 	0.0 	80.3 	13.0 	0.0 	0.0 	0.0 	-0.0 	13.0 	0.0 	0.0 	0.0 	2.86757313174	-1.57	117.414634659	-5.67536055871	
3.11666666667	0.0	0.0	0.0 	0.0 	80.5166666667 	13.0 	0.0 	0.0 	0.0 	-0.0 	13.0 	0.0 	0.0 	0.0 	2.88681774104	-1.57	117.366521045	-5.67532224454	
3.13333333333	0.0	0.0	0.0 	0.0 	80.7333333333 	13.0 	0.0 	0.0 	0.0 	-0.0 	13.0 	0.0 	0.0 	0.0 	2.90588867263	-1.57	117.318089582	-5.67528367726	
3.15	0.0	0.0	0.0 	0.0 	80.95 	13.0 	0.0 	0.0 	0.0 	-0.0 	13.0 	0.0 	0.0 	0.0 	2.92478749392	-1.57	117.26934314	-5.67524485915	
3.16666666667	0.0	0.0	0.0 	0.0 	81.1666666667 	13.0 	0.0 	0.0 	0.0 	-0.0 	13.0 	0.0 	0.0 	0.0 	2.94351575817	-1.57	117.220284559	-5.67520579248	
3.18333333333	0.0	0.0	0.0 	0.0 	81.3833333333 	13.0 	0.0 	0.0 	0.0 	-0.0 	13.0 	0.0 	0.0 	0.0 	2.9620750046	-1.57	117.170916658	-5.67516647949	
3.2	0.0	0.0	0.0 	0.0 	81.6 	13.0 	0.0 	0.0 	0.0 	-0.0 	13.0 	0.0 	0.0 	0.0 	2.98046675857	-1.57	117.121242228	-5.6751269224	
3.21666666667	0.0	0.0	0.0 	0.0 	81.8166666667 	13.0 	0.0 	0.0 	0.0 	-0.0 	13.0 	0.0 	0.0 	0.0 	2.99869253163	-1.57	117.071264035	-5.67508712342	
3.23333333333	0.0	0.0	0.0 	0.0 	82.0333333333 	13.0 	0.0 	0.0 	0.0 	-0.0 	13.0 	0.0 	0.0 	0.0 	3.01675382174	-1.57	117.02098482	-5.67504708473	
3.25	0.0	0.0	0.0 	0.0 	82.25 	13.0 	0.0 	0.0 	0.0 	-0.0 	13.0 	0.0 	0.0 	0.0 	3.03465211331	-1.57	116.970407301	-5.67500680849	
3.26666666667	0.0	0.0	0.0 	0.0 	82.4666666667 	13.0 	0.0 	0.0 	0.0 	-0.0 	13.0 	0.0 	0.0 	0.0 	3.05238887735	-1.57	116.919534169	-5.67496629684	
3.28333333333	0.0	0.0	0.0 	0.0 	82.6833333333 	13.0 	0.0 	0.0 	0.0 	-0.0 	13.0 	0.0 	0.0 	0.0 	3.06996557161	-1.57	116.868368093	-5.67492555191	
3.3	0.0	0.0	0.0 	0.0 	82.9 	13.0 	0.0 	0.0 	0.0 	-0.0 	13.0 	0.0 	0.0 	0.0 	3.08738364069	-1.57	116.816911715	-5.67488457581	
3.31666666667	0.0	0.0	0.0 	0.0 	83.1166666667 	13.0 	0.0 	0.0 	0.0 	-0.0 	13.0 	0.0 	0.0 	0.0 	3.10464451613	-1.57	116.765167656	-5.67484337062	
3.33333333333	0.0	0.0	0.0 	0.0 	83.3333333333 	13.0 	0.0 	0.0 	0.0 	-0.0 	13.0 	0.0 	0.0 	0.0 	3.12174961657	-1.57	116.713138512	-5.67480193841	
3.35	0.0	0.0	0.0 	0.0 	83.55 	13.0 	0.0 	0.0 	0.0 	-0.0 	13.0 	0.0 	0.0 	0.0 	3.13870034783	-1.57	116.660826857	-5.67476028123	
3.36666666667	0.0	0.0	0.0 	0.0 	83.7666666667 	13.0 	0.0 	0.0 	0.0 	-0.0 	13.0 	0.0 	0.0 	0.0 	3.15549810306	-1.57	116.608235238	-5.67471840111	
3.38333333333	0.0	0.0	0.0 	0.0 	83.9833333333 	13.0 	0.0 	0.0 	0.0 	-0.0 	13.0 	0.0 	0.0 	0.0 	3.17214426283	-1.57	116.555366184	-5.67467630005	
3.4	0.0	0.0	0.0 	0.0 	84.2 	13.0 	0.0 	0.0 	0.0 	-0.0 	13.0 	0.0 	0.0 	0.0 	3.18864019525	-1.57	116.502222198	-5.67463398006	
3.41666666667	0.0	0.0	0.0 	0.0 	84.4166666667 	13.0 	0.0 	0.0 	0.0 	-0.0 	13.0 	0.0 	0.0 	0.0 	3.20498725608	-1.57	116.44880576	-5.67459144311	
3.43333333333	0.0	0.0	0.0 	0.0 	84.6333333333 	13.0 	0.0 	0.0 	0.0 	-0.0 	13.0 	0.0 	0.0 	0.0 	3.22118678884	-1.57	116.395119331	-5.67454869116	
3.45	0.0	0.0	0.0 	0.0 	84.85 	13.0 	0.0 	0.0 	0.0 	-0.0 	13.0 	0.0 	0.0 	0.0 	3.23724012496	-1.57	116.341165346	-5.67450572615	
3.46666666667	0.0	0.0	0.0 	0.0 	85.0666666667 	13.0 	0.0 	0.0 	0.0 	-0.0 	13.0 	0.0 	0.0 	0.0 	3.2531485838	-1.57	116.28694622	-5.67446255	
3.48333333333	0.0	0.0	0.0 	0.0 	85.2833333333 	13.0 	0.0 	0.0 	0.0 	-0.0 	13.0 	0.0 	0.0 	0.0 	3.26891347285	-1.57	116.232464346	-5.67441916461	
3.5	0.0	0.0	0.0 	0.0 	85.5 	13.0 	0.0 	0.0 	0.0 	-0.0 	13.0 	0.0 	0.0 	0.0 	3.2845360878	-1.57	116.177722095	-5.67437557188	
3.51666666667	0.0	0.0	0.0 	0.0 	85.7166666667 	13.0 	0.0 	0.0 	0.0 	-0.0 	13.0 	0.0 	0.0 	0.0 	3.30001771263	-1.57	116.122721817	-5.67433177368	
3.53333333333	0.0	0.0	0.0 	0.0 	85.9333333333 	13.0 	0.0 	0.0 	0.0 	-0.0 	13.0 	0.0 	0.0 	0.0 	3.31535961973	-1.57	116.067465841	-5.67428777185	
3.55	0.0	0.0	0.0 	0.0 	86.15 	13.0 	0.0 	0.0 	0.0 	-0.0 	13.0 	0.0 	0.0 	0.0 	3.33056307004	-1.57	116.011956474	-5.67424356825	
3.56666666667	0.0	0.0	0.0 	0.0 	86.3666666667 	13.0 	0.0 	0.0 	0.0 	-0.0 	13.0 	0.0 	0.0 	0.0 	3.34562931307	-1.57	115.956196004	-5.67419916468	
3.58333333333	0.0	0.0	0.0 	0.0 	86.5833333333 	13.0 	0.0 	0.0 	0.0 	-0.0 	13.0 	0.0 	0.0 	0.0 	3.3605595871	-1.57	115.900186695	-5.67415456296	
3.6	0.0	0.0	0.0 	0.0 	86.8 	13.0 	0.0 	0.0 	0.0 	-0.0 	13.0 	0.0 	0.0 	0.0 	3.37535511921	-1.57	115.843930794	-5.67410976487	
3.61666666667	0.0	0.0	0.0 	0.0 	87.0166666667 	13.0 	0.0 	0.0 	0.0 	-0.0 	13.0 	0.0 	0.0 	0.0 	3.39001712542	-1.57	115.787430526	-5.67406477218	
3.63333333333	0.0	0.0	0.0 	0.0 	87.2333333333 	13.0 	0.0 	0.0 	0.0 	-0.0 	13.0 	0.0 	0.0 	0.0 	3.40454681075	-1.57	115.730688098	-5.67401958666	
3.65	0.0	0.0	0.0 	0.0 	87.45 	13.0 	0.0 	0.0 	0.0 	-0.0 	13.0 	0.0 	0.0 	0.0 	3.41894536937	-1.57	115.673705693	-5.67397421003	
3.66666666667	0.0	0.0	0.0 	0.0 	87.6666666667 	13.0 	0.0 	0.0 	0.0 	-0.0 	13.0 	0.0 	0.0 	0.0 	3.43321398467	-1.57	115.616485478	-5.67392864403	
3.68333333333	0.0	0.0	0.0 	0.0 	87.8833333333 	13.0 	0.0 	0.0 	0.0 	-0.0 	13.0 	0.0 	0.0 	0.0 	3.44735382935	-1.57	115.559029599	-5.67388289037	
3.7	0.0	0.0	0.0 	0.0 	88.1 	13.0 	0.0 	0.0 	0.0 	-0.0 	13.0 	0.0 	0.0 	0.0 	3.46136606553	-1.57	115.501340183	-5.67383695073	
3.71666666667	0.0	0.0	0.0 	0.0 	88.3166666667 	13.0 	0.0 	0.0 	0.0 	-0.0 	13.0 	0.0 	0.0 	0.0 	3.47525184485	-1.57	115.443419337	-5.6737908268	
3.73333333333	0.0	0.0	0.0 	0.0 	88.5333333333 	13.0 	0.0 	0.0 	0.0 	-0.0 	13.0 	0.0 	0.0 	0.0 	3.48901230855	-1.57	115.38526915	-5.67374452024	
3.75	0.0	0.0	0.0 	0.0 	88.75 	13.0 	0.0 	0.0 	0.0 	-0.0 	13.0 	0.0 	0.0 	0.0 	3.50264858757	-1.57	115.326891692	-5.67369803269	
3.76666666667	0.0	0.0	0.0 	0.0 	88.9666666667 	13.0 	0.0 	0.0 	0.0 	-0.0 	13.0 	0.0 	0.0 	0.0 	3.51616180265	-1.57	115.268289014	-5.6736513658	
3.78333333333	0.0	0.0	0.0 	0.0 	89.1833333333 	13.0 	0.0 	0.0 	0.0 	-0.0 	13.0 	0.0 	0.0 	0.0 	3.5295530644	-1.57	115.209463149	-5.67360452118	
3.8	0.0	0.0	0.0 	0.0 	89.4 	13.0 	0.0 	0.0 	0.0 	-0.0 	13.0 	0.0 	0.0 	0.0 	3.54282347343	-1.57	115.150416109	-5.67355750043	
3.81666666667	0.0	0.0	0.0 	0.0 	89.6166666667 	13.0 	0.0 	0.0 	0.0 	-0.0 	13.0 	0.0 	0.0 	0.0 	3.55597412039	-1.57	115.091149893	-5.67351030514	
3.83333333333	0.0	0.0	0.0 	0.0 	89.8333333333 	13.0 	0.0 	0.0 	0.0 	-0.0 	13.0 	0.0 	0.0 	0.0 	3.56900608612	-1.57	115.031666477	-5.67346293689	
3.85	0.0	0.0	0.0 	0.0 	90.05 	13.0 	0.0 	0.0 	0.0 	-0.0 	13.0 	0.0 	0.0 	0.0 	3.58192044167	-1.57	114.971967822	-5.67341539724	
3.86666666667	0.0	0.0	0.0 	0.0 	90.2666666667 	13.0 	0.0 	0.0 	0.0 	-0.0 	13.0 	0.0 	0.0 	0.0 	3.59471824846	-1.57	114.91205587	-5.67336768774	
3.88333333333	0.0	0.0	0.0 	0.0 	90.4833333333 	13.0 	0.0 	0.0 	0.0 	-0.0 	13.0 	0.0 	0.0 	0.0 	3.6074005583	-1.57	114.851932547	-5.67331980992	
3.9	0.0	0.0	0.0 	0.0 	90.7 	13.0 	0.0 	0.0 	0.0 	-0.0 	13.0 	0.0 	0.0 	0.0 	3.61996841352	-1.57	114.791599759	-5.67327176529	
3.91666666667	0.0	0.0	0.0 	0.0 	90.9166666667 	13.0 	0.0 	0.0 	0.0 	-0.0 	13.0 	0.0 	0.0 	0.0 	3.63242284705	-1.57	114.731059397	-5.67322355537	
3.93333333333	0.0	0.0	0.0 	0.0 	91.1333333333 	13.0 	0.0 	0.0 	0.0 	-0.0 	13.0 	0.0 	0.0 	0.0 	3.64476488249	-1.57	114.670313335	-5.67317518164	
3.95	0.0	0.0	0.0 	0.0 	91.35 	13.0 	0.0 	0.0 	0.0 	-0.0 	13.0 	0.0 	0.0 	0.0 	3.65699553421	-1.57	114.609363429	-5.67312664559	
3.96666666667	0.0	0.0	0.0 	0.0 	91.5666666667 	13.0 	0.0 	0.0 	0.0 	-0.0 	13.0 	0.0 	0.0 	0.0 	3.66911580741	-1.57	114.548211518	-5.67307794867	
3.98333333333	0.0	0.0	0.0 	0.0 	91.7833333333 	13.0 	0.0 	0.0 	0.0 	-0.0 	13.0 	0.0 	0.0 	0.0 	3.68112669823	-1.57	114.486859426	-5.67302909235	
4.0	0.0	0.0	0.0 	0.0 	92.0 	13.0 	0.0 	0.0 	0.0 	-0.0 	13.0 	0.0 	0.0 	0.0 	3.69302919382	-1.57	114.425308959	-5.67298007805	
4.01666666667	0.0	0.0	0.0 	0.0 	92.2166666667 	13.0 	0.0 	0.0 	0.0 	-0.0 	13.0 	0.0 	0.0 	0.0 	3.70482427242	-1.57	114.363561907	-5.67293090721	
4.03333333333	0.0	0.0	0.0 	0.0 	92.4333333333 	13.0 	0.0 	0.0 	0.0 	-0.0 	13.0 	0.0 	0.0 	0.0 	3.71651290344	-1.57	114.301620045	-5.67288158123	
4.05	0.0	0.0	0.0 	0.0 	92.65 	13.0 	0.0 	0.0 	0.0 	-0.0 	13.0 	0.0 	0.0 	0.0 	3.72809604754	-1.57	114.239485131	-5.67283210153	
4.06666666667	0.0	0.0	0.0 	0.0 	92.8666666667 	13.0 	0.0 	0.0 	0.0 	-0.0 	13.0 	0.0 	0.0 	0.0 	3.73957465672	-1.57	114.177158906	-5.67278246947	
4.08333333333	0.0	0.0	0.0 	0.0 	93.0833333333 	13.0 	0.0 	0.0 	0.0 	-0.0 	13.0 	0.0 	0.0 	0.0 	3.75094967437	-1.57	114.114643098	-5.67273268645	
4.1	0.0	0.0	0.0 	0.0 	93.3 	13.0 	0.0 	0.0 	0.0 	-0.0 	13.0 	0.0 	0.0 	0.0 	3.76222203539	-1.57	114.051939417	-5.67268275382	
4.11666666667	0.0	0.0	0.0 	0.0 	93.5166666667 	13.0 	0.0 	0.0 	0.0 	-0.0 	13.0 	0.0 	0.0 	0.0 	3.77339266622	-1.57	113.98904956	-5.67263267293	
4.13333333333	0.0	0.0	0.0 	0.0 	93.7333333333 	13.0 	0.0 	0.0 	0.0 	-0.0 	13.0 	0.0 	0.0 	0.0 	3.78446248495	-1.57	113.925975205	-5.67258244512	
4.15	0.0	0.0	0.0 	0.0 	93.95 	13.0 	0.0 	0.0 	0.0 	-0.0 	13.0 	0.0 	0.0 	0.0 	3.79543240139	-1.57	113.862718018	-5.67253207172	
4.16666666667	0.0	0.0	0.0 	0.0 	94.1666666667 	13.0 	0.0 	0.0 	0.0 	-0.0 	13.0 	0.0 	0.0 	0.0 	3.80630331713	-1.57	113.79927965	-5.67248155403	
4.18333333333	0.0	0.0	0.0 	0.0 	94.3833333333 	13.0 	0.0 	0.0 	0.0 	-0.0 	13.0 	0.0 	0.0 	0.0 	3.81707612562	-1.57	113.735661734	-5.67243089337	
4.2	0.0	0.0	0.0 	0.0 	94.6 	13.0 	0.0 	0.0 	0.0 	-0.0 	13.0 	0.0 	0.0 	0.0 	3.78855793057	-1.56252878535	113.67252126	-5.67190886499	
4.21666666667	0.0	0.0	0.0 	0.0 	94.8166666667 	13.0 	0.0 	0.0 	0.0 	-0.0 	13.0 	0.0 	0.0 	0.0 	3.76003973552	-1.55500133149	113.609861748	-5.67091907598	
4.23333333333	0.0	0.0	0.0 	0.0 	95.0333333333 	13.0 	0.0 	0.0 	0.0 	-0.0 	13.0 	0.0 	0.0 	0.0 	3.73152154047	-1.5474167853	113.547686719	-5.66946518739	
4.25	0.0	0.0	0.0 	0.0 	95.25 	13.0 	0.0 	0.0 	0.0 	-0.0 	13.0 	0.0 	0.0 	0.0 	3.70300334542	-1.53977427413	113.485999691	-5.66755091505	
4.26666666667	0.0	0.0	0.0 	0.0 	95.4666666667 	13.0 	0.0 	0.0 	0.0 	-0.0 	13.0 	0.0 	0.0 	0.0 	3.67448515037	-1.53207290516	113.424804182	-5.66518003039	
4.28333333333	0.0	0.0	0.0 	0.0 	95.6833333333 	13.0 	0.0 	0.0 	0.0 	-0.0 	13.0 	0.0 	0.0 	0.0 	3.64596695532	-1.52431176479	113.364103707	-5.66235636126	
4.3	0.0	0.0	0.0 	0.0 	95.9 	13.0 	0.0 	0.0 	0.0 	-0.0 	13.0 	0.0 	0.0 	0.0 	3.61744876027	-1.51648991796	113.303901777	-5.65908379286	
4.31666666667	0.0	0.0	0.0 	0.0 	96.1166666667 	13.0 	0.0 	0.0 	0.0 	-0.0 	13.0 	0.0 	0.0 	0.0 	3.58893056521	-1.50860640753	113.244201901	-5.65536626855	
4.33333333333	0.0	0.0	0.0 	0.0 	96.3333333333 	13.0 	0.0 	0.0 	0.0 	-0.0 	13.0 	0.0 	0.0 	0.0 	3.56041237016	-1.5006602535	113.185007584	-5.65120779077	
4.35	0.0	0.0	0.0 	0.0 	96.55 	13.0 	0.0 	0.0 	0.0 	-0.0 	13.0 	0.0 	0.0 	0.0 	3.53189417511	-1.49265045237	113.126322327	-5.64661242194	
4.36666666667	0.0	0.0	0.0 	0.0 	96.7666666667 	13.0 	0.0 	0.0 	0.0 	-0.0 	13.0 	0.0 	0.0 	0.0 	3.50337598006	-1.48457597628	113.068149626	-5.64158428541	
4.38333333333	0.0	0.0	0.0 	0.0 	96.9833333333 	13.0 	0.0 	0.0 	0.0 	-0.0 	13.0 	0.0 	0.0 	0.0 	3.47485778501	-1.47643577231	113.01049297	-5.6361275664	
4.4	0.0	0.0	0.0 	0.0 	97.2 	13.0 	0.0 	0.0 	0.0 	-0.0 	13.0 	0.0 	0.0 	0.0 	3.44633958996	-1.46822876161	112.953355844	-5.63024651295	
4.41666666667	0.0	0.0	0.0 	0.0 	97.4166666667 	13.0 	0.0 	0.0 	0.0 	-0.0 	13.0 	0.0 	0.0 	0.0 	3.41782139491	-1.45995383852	112.896741726	-5.6239454369	
4.43333333333	0.0	0.0	0.0 	0.0 	97.6333333333 	13.0 	0.0 	0.0 	0.0 	-0.0 	13.0 	0.0 	0.0 	0.0 	3.38930319986	-1.45160986972	112.840654085	-5.61722871492	
4.45	0.0	0.0	0.0 	0.0 	97.85 	13.0 	0.0 	0.0 	0.0 	-0.0 	13.0 	0.0 	0.0 	0.0 	3.36078500481	-1.44319569331	112.785096383	-5.61010078952	
4.46666666667	0.0	0.0	0.0 	0.0 	98.0666666667 	13.0 	0.0 	0.0 	0.0 	-0.0 	13.0 	0.0 	0.0 	0.0 	3.33226680976	-1.43471011776	112.730072075	-5.60256617008	
4.48333333333	0.0	0.0	0.0 	0.0 	98.2833333333 	13.0 	0.0 	0.0 	0.0 	-0.0 	13.0 	0.0 	0.0 	0.0 	3.3037486147	-1.42615192099	112.675584603	-5.59462943393	
4.5	0.0	0.0	0.0 	0.0 	98.5 	13.0 	0.0 	0.0 	0.0 	-0.0 	13.0 	0.0 	0.0 	0.0 	3.27523041965	-1.41751984925	112.621637401	-5.58629522743	
4.51666666667	0.0	0.0	0.0 	0.0 	98.7166666667 	13.0 	0.0 	0.0 	0.0 	-0.0 	13.0 	0.0 	0.0 	0.0 	3.2467122246	-1.40881261605	112.568233893	-5.57756826707	
4.53333333333	0.0	0.0	0.0 	0.0 	98.9333333333 	13.0 	0.0 	0.0 	0.0 	-0.0 	13.0 	0.0 	0.0 	0.0 	3.21819402955	-1.400028901	112.515377489	-5.56845334059	
4.55	0.0	0.0	0.0 	0.0 	99.15 	13.0 	0.0 	0.0 	0.0 	-0.0 	13.0 	0.0 	0.0 	0.0 	3.1896758345	-1.39116734859	112.463071587	-5.55895530817	
4.56666666667	0.0	0.0	0.0 	0.0 	99.3666666667 	13.0 	0.0 	0.0 	0.0 	-0.0 	13.0 	0.0 	0.0 	0.0 	3.16115763945	-1.38222656698	112.411319573	-5.54907910354	
4.58333333333	0.0	0.0	0.0 	0.0 	99.5833333333 	13.0 	0.0 	0.0 	0.0 	-0.0 	13.0 	0.0 	0.0 	0.0 	3.1326394444	-1.37320512664	112.360124815	-5.53882973524	
4.6	0.0	0.0	0.0 	0.0 	99.8 	13.0 	0.0 	0.0 	0.0 	-0.0 	13.0 	0.0 	0.0 	0.0 	3.10412124935	-1.364101559	112.30949067	-5.5282122878	
4.61666666667	0.0	0.0	0.0 	0.0 	100.016666667 	13.0 	0.0 	0.0 	0.0 	-0.0 	13.0 	0.0 	0.0 	0.0 	3.0756030543	-1.35491435504	112.259420475	-5.51723192301	
4.63333333333	0.0	0.0	0.0 	0.0 	100.233333333 	13.0 	0.0 	0.0 	0.0 	-0.0 	13.0 	0.0 	0.0 	0.0 	3.04708485925	-1.34564196372	112.209917552	-5.50589388115	
4.65	0.0	0.0	0.0 	0.0 	100.45 	13.0 	0.0 	0.0 	0.0 	-0.0 	13.0 	0.0 	0.0 	0.0 	3.0185666642	-1.33628279049	112.160985203	-5.49420348234	
4.66666666667	0.0	0.0	0.0 	0.0 	100.666666667 	13.0 	0.0 	0.0 	0.0 	-0.0 	13.0 	0.0 	0.0 	0.0 	2.99004846914	-1.32683519558	112.112626711	-5.48216612784	
4.68333333333	0.0	0.0	0.0 	0.0 	100.883333333 	13.0 	0.0 	0.0 	0.0 	-0.0 	13.0 	0.0 	0.0 	0.0 	2.96153027409	-1.31729749231	112.064845339	-5.46978730137	
4.7	0.0	0.0	0.0 	0.0 	101.1 	13.0 	0.0 	0.0 	0.0 	-0.0 	13.0 	0.0 	0.0 	0.0 	2.93301207904	-1.30766794528	112.017644326	-5.45707257056	
4.71666666667	0.0	0.0	0.0 	0.0 	101.316666667 	13.0 	0.0 	0.0 	0.0 	-0.0 	13.0 	0.0 	0.0 	0.0 	2.90449388399	-1.29794476847	111.971026891	-5.44402758825	
4.73333333333	0.0	0.0	0.0 	0.0 	101.533333333 	13.0 	0.0 	0.0 	0.0 	-0.0 	13.0 	0.0 	0.0 	0.0 	2.87597568894	-1.28812612323	111.924996225	-5.43065809404	
4.75	0.0	0.0	0.0 	0.0 	101.75 	13.0 	0.0 	0.0 	0.0 	-0.0 	13.0 	0.0 	0.0 	0.0 	2.84745749389	-1.27821011623	111.879555495	-5.41696991566	
4.76666666667	0.0	0.0	0.0 	0.0 	101.966666667 	13.0 	0.0 	0.0 	0.0 	-0.0 	13.0 	0.0 	0.0 	0.0 	2.81893929884	-1.26819479726	111.834707841	-5.40296897052	
4.78333333333	0.0	0.0	0.0 	0.0 	102.183333333 	13.0 	0.0 	0.0 	0.0 	-0.0 	13.0 	0.0 	0.0 	0.0 	2.79042110379	-1.25807815691	111.790456373	-5.38866126718	
4.8	0.0	0.0	0.0 	0.0 	102.4 	13.0 	0.0 	0.0 	0.0 	-0.0 	13.0 	0.0 	0.0 	0.0 	2.76190290874	-1.24785812417	111.746804172	-5.37405290699	
4.81666666667	0.0	0.0	0.0 	0.0 	102.616666667 	13.0 	0.0 	0.0 	0.0 	-0.0 	13.0 	0.0 	0.0 	0.0 	2.73338471369	-1.23753256386	111.703754288	-5.35915008557	
4.83333333333	0.0	0.0	0.0 	0.0 	102.833333333 	13.0 	0.0 	0.0 	0.0 	-0.0 	13.0 	0.0 	0.0 	0.0 	2.70486651863	-1.22709927399	111.661309734	-5.34395909453	
4.85	0.0	0.0	0.0 	0.0 	103.05 	13.0 	0.0 	0.0 	0.0 	-0.0 	13.0 	0.0 	0.0 	0.0 	2.67634832358	-1.2165559829	111.619473491	-5.32848632303	
4.86666666667	0.0	0.0	0.0 	0.0 	103.266666667 	13.0 	0.0 	0.0 	0.0 	-0.0 	13.0 	0.0 	0.0 	0.0 	2.64783012853	-1.20590034634	111.578248502	-5.31273825954	
4.88333333333	0.0	0.0	0.0 	0.0 	103.483333333 	13.0 	0.0 	0.0 	0.0 	-0.0 	13.0 	0.0 	0.0 	0.0 	2.61931193348	-1.19512994429	111.537637671	-5.29672149354	
4.9	0.0	0.0	0.0 	0.0 	103.7 	13.0 	0.0 	0.0 	0.0 	-0.0 	13.0 	0.0 	0.0 	0.0 	2.59079373843	-1.18424227769	111.497643861	-5.28044271723	
4.91666666667	0.0	0.0	0.0 	0.0 	103.916666667 	13.0 	0.0 	0.0 	0.0 	-0.0 	13.0 	0.0 	0.0 	0.0 	2.56227554338	-1.17323476496	111.458269893	-5.26390872739	
4.93333333333	0.0	0.0	0.0 	0.0 	104.133333333 	13.0 	0.0 	0.0 	0.0 	-0.0 	13.0 	0.0 	0.0 	0.0 	2.53375734833	-1.16210473832	111.419518541	-5.24712642716	
4.95	0.0	0.0	0.0 	0.0 	104.35 	13.0 	0.0 	0.0 	0.0 	-0.0 	13.0 	0.0 	0.0 	0.0 	2.50523915328	-1.15084943992	111.381392534	-5.23010282792	
4.96666666667	0.0	0.0	0.0 	0.0 	104.566666667 	13.0 	0.0 	0.0 	0.0 	-0.0 	13.0 	0.0 	0.0 	0.0 	2.47672095823	-1.13946601769	111.34389455	-5.2128450512	
4.98333333333	0.0	0.0	0.0 	0.0 	104.783333333 	13.0 	0.0 	0.0 	0.0 	-0.0 	13.0 	0.0 	0.0 	0.0 	2.44820276318	-1.12795152109	111.307027216	-5.1953603306	
5.0	0.0	0.0	0.0 	0.0 	105.0 	13.0 	0.0 	0.0 	0.0 	-0.0 	13.0 	0.0 	0.0 	0.0 	2.41968456813	-1.11630289644	111.270793104	-5.17765601378	
5.01666666667	0.0	0.0	0.0 	0.0 	105.216666667 	13.0 	0.0 	0.0 	0.0 	-0.0 	13.0 	0.0 	0.0 	0.0 	2.39116637307	-1.1045169821	111.235194728	-5.15973956448	
5.03333333333	0.0	0.0	0.0 	0.0 	105.433333333 	13.0 	0.0 	0.0 	0.0 	-0.0 	13.0 	0.0 	0.0 	0.0 	2.36264817802	-1.09259050331	111.200234544	-5.14161856456	
5.05	0.0	0.0	0.0 	0.0 	105.65 	13.0 	0.0 	0.0 	0.0 	-0.0 	13.0 	0.0 	0.0 	0.0 	2.33412998297	-1.0805200667	111.165914944	-5.12330071612	
5.06666666667	0.0	0.0	0.0 	0.0 	105.866666667 	13.0 	0.0 	0.0 	0.0 	-0.0 	13.0 	0.0 	0.0 	0.0 	2.30561178792	-1.06830215456	111.132238253	-5.10479384362	
5.08333333333	0.0	0.0	0.0 	0.0 	106.083333333 	13.0 	0.0 	0.0 	0.0 	-0.0 	13.0 	0.0 	0.0 	0.0 	2.27709359287	-1.05593311863	111.09920673	-5.08610589607	
5.1	0.0	0.0	0.0 	0.0 	106.3 	13.0 	0.0 	0.0 	0.0 	-0.0 	13.0 	0.0 	0.0 	0.0 	2.24857539782	-1.04340917357	111.06682256	-5.06724494924	
5.11666666667	0.0	0.0	0.0 	0.0 	106.516666667 	13.0 	0.0 	0.0 	0.0 	-0.0 	13.0 	0.0 	0.0 	0.0 	2.22005720277	-1.03072639003	111.035087851	-5.04821920791	
5.13333333333	0.0	0.0	0.0 	0.0 	106.733333333 	13.0 	0.0 	0.0 	0.0 	-0.0 	13.0 	0.0 	0.0 	0.0 	2.19153900772	-1.01788068722	111.004004635	-5.0290370082	
5.15	0.0	0.0	0.0 	0.0 	106.95 	13.0 	0.0 	0.0 	0.0 	-0.0 	13.0 	0.0 	0.0 	0.0 	2.16302081267	-1.00486782505	110.973574858	-5.00970681988	
5.16666666667	0.0	0.0	0.0 	0.0 	107.166666667 	13.0 	0.0 	0.0 	0.0 	-0.0 	13.0 	0.0 	0.0 	0.0 	2.13450261762	-0.991683395714	110.94380038	-4.99023724877	
5.18333333333	0.0	0.0	0.0 	0.0 	107.383333333 	13.0 	0.0 	0.0 	0.0 	-0.0 	13.0 	0.0 	0.0 	0.0 	2.10598442257	-0.978322814745	110.91468297	-4.97063703916	
5.2	0.0	0.0	0.0 	0.0 	107.6 	13.0 	0.0 	0.0 	0.0 	-0.0 	13.0 	0.0 	0.0 	0.0 	2.07746622751	-0.964781311424	110.886224302	-4.95091507627	
5.21666666667	0.0	0.0	0.0 	0.0 	107.816666667 	13.0 	0.0 	0.0 	0.0 	-0.0 	13.0 	0.0 	0.0 	0.0 	2.04894803246	-0.951053918568	110.858425947	-4.93108038875	
5.23333333333	0.0	0.0	0.0 	0.0 	108.033333333 	13.0 	0.0 	0.0 	0.0 	-0.0 	13.0 	0.0 	0.0 	0.0 	2.02042983741	-0.937135461585	110.831289375	-4.91114215125	
5.25	0.0	0.0	0.0 	0.0 	108.25 	13.0 	0.0 	0.0 	0.0 	-0.0 	13.0 	0.0 	0.0 	0.0 	1.99191164236	-0.923020546767	110.804815943	-4.89110968693	
5.26666666667	0.0	0.0	0.0 	0.0 	108.466666667 	13.0 	0.0 	0.0 	0.0 	-0.0 	13.0 	0.0 	0.0 	0.0 	1.96339344731	-0.908703548741	110.779006895	-4.87099247014	
5.28333333333	0.0	0.0	0.0 	0.0 	108.683333333 	13.0 	0.0 	0.0 	0.0 	-0.0 	13.0 	0.0 	0.0 	0.0 	1.93487525226	-0.89417859701	110.753863351	-4.85080012905	
5.3	0.0	0.0	0.0 	0.0 	108.9 	13.0 	0.0 	0.0 	0.0 	-0.0 	13.0 	0.0 	0.0 	0.0 	1.90635705721	-0.8794395615	110.729386309	-4.83054244833	
5.31666666667	0.0	0.0	0.0 	0.0 	109.116666667 	13.0 	0.0 	0.0 	0.0 	-0.0 	13.0 	0.0 	0.0 	0.0 	1.87783886216	-0.864480037027	110.70557663	-4.81022937182	
5.33333333333	0.0	0.0	0.0 	0.0 	109.333333333 	13.0 	0.0 	0.0 	0.0 	-0.0 	13.0 	0.0 	0.0 	0.0 	1.84932066711	-0.849293326588	110.682435038	-4.78987100533	
5.35	0.0	0.0	0.0 	0.0 	109.55 	13.0 	0.0 	0.0 	0.0 	-0.0 	13.0 	0.0 	0.0 	0.0 	1.82080247206	-0.833872423357	110.65996211	-4.76947761936	
5.36666666667	0.0	0.0	0.0 	0.0 	109.766666667 	13.0 	0.0 	0.0 	0.0 	-0.0 	13.0 	0.0 	0.0 	0.0 	1.792284277	-0.818209991276	110.638158271	-4.74905965188	
5.38333333333	0.0	0.0	0.0 	0.0 	109.983333333 	13.0 	0.0 	0.0 	0.0 	-0.0 	13.0 	0.0 	0.0 	0.0 	1.76376608195	-0.802298344102	110.617023783	-4.72862771115	
5.4	0.0	0.0	0.0 	0.0 	110.2 	13.0 	0.0 	0.0 	0.0 	-0.0 	13.0 	0.0 	0.0 	0.0 	1.7352478869	-0.786129422757	110.596558742	-4.70819257847	
5.41666666667	0.0	0.0	0.0 	0.0 	110.416666667 	13.0 	0.0 	0.0 	0.0 	-0.0 	13.0 	0.0 	0.0 	0.0 	1.70672969185	-0.769694770817	110.576763064	-4.68776521104	
5.43333333333	0.0	0.0	0.0 	0.0 	110.633333333 	13.0 	0.0 	0.0 	0.0 	-0.0 	13.0 	0.0 	0.0 	0.0 	1.6782114968	-0.752985507957	110.557636483	-4.6673567447	
5.45	0.0	0.0	0.0 	0.0 	110.85 	13.0 	0.0 	0.0 	0.0 	-0.0 	13.0 	0.0 	0.0 	0.0 	1.64969330175	-0.735992301138	110.539178533	-4.64697849676	
5.46666666667	0.0	0.0	0.0 	0.0 	111.066666667 	13.0 	0.0 	0.0 	0.0 	-0.0 	13.0 	0.0 	0.0 	0.0 	1.6211751067	-0.7187053333	110.521388547	-4.62664196873	
5.48333333333	0.0	0.0	0.0 	0.0 	111.283333333 	13.0 	0.0 	0.0 	0.0 	-0.0 	13.0 	0.0 	0.0 	0.0 	1.59265691165	-0.701114269304	110.50426564	-4.60635884907	
5.5	0.0	0.0	0.0 	0.0 	111.5 	13.0 	0.0 	0.0 	0.0 	-0.0 	13.0 	0.0 	0.0 	0.0 	1.5641387166	-0.683208218828	110.4878087	-4.58614101582	
5.51666666667	0.0	0.0	0.0 	0.0 	111.716666667 	13.0 	0.0 	0.0 	0.0 	-0.0 	13.0 	0.0 	0.0 	0.0 	1.53562052155	-0.664975695875	110.472016379	-4.56600053926	
5.53333333333	0.0	0.0	0.0 	0.0 	111.933333333 	13.0 	0.0 	0.0 	0.0 	-0.0 	13.0 	0.0 	0.0 	0.0 	1.5071023265	-0.646404574527	110.456887075	-4.54594968441	
5.55	0.0	0.0	0.0 	0.0 	112.15 	13.0 	0.0 	0.0 	0.0 	-0.0 	13.0 	0.0 	0.0 	0.0 	1.47858413144	-0.627482040503	110.442418924	-4.52600091347	
5.56666666667	0.0	0.0	0.0 	0.0 	112.366666667 	13.0 	0.0 	0.0 	0.0 	-0.0 	13.0 	0.0 	0.0 	0.0 	1.45006593639	-0.608194538057	110.428609785	-4.50616688811	
5.58333333333	0.0	0.0	0.0 	0.0 	112.583333333 	13.0 	0.0 	0.0 	0.0 	-0.0 	13.0 	0.0 	0.0 	0.0 	1.42154774134	-0.588527711649	110.415457221	-4.48646047163	
5.6	0.0	0.0	0.0 	0.0 	112.8 	13.0 	0.0 	0.0 	0.0 	-0.0 	13.0 	0.0 	0.0 	0.0 	1.39302954629	-0.568466341763	110.402958491	-4.46689473096	
5.61666666667	0.0	0.0	0.0 	0.0 	113.016666667 	13.0 	0.0 	0.0 	0.0 	-0.0 	13.0 	0.0 	0.0 	0.0 	1.36451135124	-0.547994274155	110.391110524	-4.44748293836	
5.63333333333	0.0	0.0	0.0 	0.0 	113.233333333 	13.0 	0.0 	0.0 	0.0 	-0.0 	13.0 	0.0 	0.0 	0.0 	1.33599315619	-0.527094341718	110.379909909	-4.42823857299	
5.65	0.0	0.0	0.0 	0.0 	113.45 	13.0 	0.0 	0.0 	0.0 	-0.0 	13.0 	0.0 	0.0 	0.0 	1.30747496114	-0.505748277991	110.369352873	-4.40917532205	
5.66666666667	0.0	0.0	0.0 	0.0 	113.666666667 	13.0 	0.0 	0.0 	0.0 	-0.0 	13.0 	0.0 	0.0 	0.0 	1.27895676609	-0.483936621249	110.359435259	-4.39030708167	
5.68333333333	0.0	0.0	0.0 	0.0 	113.883333333 	13.0 	0.0 	0.0 	0.0 	-0.0 	13.0 	0.0 	0.0 	0.0 	1.25043857104	-0.461638607894	110.350152508	-4.37164795733	
5.7	0.0	0.0	0.0 	0.0 	114.1 	13.0 	0.0 	0.0 	0.0 	-0.0 	13.0 	0.0 	0.0 	0.0 	1.22192037599	-0.438832053688	110.341499632	-4.35321226378	
5.71666666667	0.0	0.0	0.0 	0.0 	114.316666667 	13.0 	0.0 	0.0 	0.0 	-0.0 	13.0 	0.0 	0.0 	0.0 	1.19340218093	-0.415493221133	110.333471193	-4.33501452449	
5.73333333333	0.0	0.0	0.0 	0.0 	114.533333333 	13.0 	0.0 	0.0 	0.0 	-0.0 	13.0 	0.0 	0.0 	0.0 	1.16488398588	-0.391596670995	110.326061275	-4.31706947027	
5.75	0.0	0.0	0.0 	0.0 	114.75 	13.0 	0.0 	0.0 	0.0 	-0.0 	13.0 	0.0 	0.0 	0.0 	1.13636579083	-0.367115095665	110.319263454	-4.29939203732	
5.76666666667	0.0	0.0	0.0 	0.0 	114.966666667 	13.0 	0.0 	0.0 	0.0 	-0.0 	13.0 	0.0 	0.0 	0.0 	1.10784759578	-0.342019131601	110.313070772	-4.2819973642	
5.78333333333	0.0	0.0	0.0 	0.0 	115.183333333 	13.0 	0.0 	0.0 	0.0 	-0.0 	13.0 	0.0 	0.0 	0.0 	1.07932940073	-0.316277147632	110.307475698	-4.26490078789	
5.8	0.0	0.0	0.0 	0.0 	115.4 	13.0 	0.0 	0.0 	0.0 	-0.0 	13.0 	0.0 	0.0 	0.0 	1.05081120568	-0.289855005298	110.302470102	-4.24811783856	
5.81666666667	0.0	0.0	0.0 	0.0 	115.616666667 	13.0 	0.0 	0.0 	0.0 	-0.0 	13.0 	0.0 	0.0 	0.0 	1.02229301063	-0.262715786667	110.298045207	-4.23166423294	
5.83333333333	0.0	0.0	0.0 	0.0 	115.833333333 	13.0 	0.0 	0.0 	0.0 	-0.0 	13.0 	0.0 	0.0 	0.0 	0.993774815578	-0.234819484184	110.294191556	-4.21555586603	
5.85	0.0	0.0	0.0 	0.0 	116.05 	13.0 	0.0 	0.0 	0.0 	-0.0 	13.0 	0.0 	0.0 	0.0 	0.965256620527	-0.206122646023	110.290898967	-4.1998088009	
5.86666666667	0.0	0.0	0.0 	0.0 	116.266666667 	13.0 	0.0 	0.0 	0.0 	-0.0 	13.0 	0.0 	0.0 	0.0 	0.936738425476	-0.176577969049	110.288156481	-4.18443925619	
5.88333333333	0.0	0.0	0.0 	0.0 	116.483333333 	13.0 	0.0 	0.0 	0.0 	-0.0 	13.0 	0.0 	0.0 	0.0 	0.908220230425	-0.146133829815	110.285952317	-4.16946359101	
5.9	0.0	0.0	0.0 	0.0 	116.7 	13.0 	0.0 	0.0 	0.0 	-0.0 	13.0 	0.0 	0.0 	0.0 	0.879702035374	-0.114733741933	110.284273814	-4.15489828669	
5.91666666667	0.0	0.0	0.0 	0.0 	116.916666667 	13.0 	0.0 	0.0 	0.0 	-0.0 	13.0 	0.0 	0.0 	0.0 	0.851183840323	-0.0823157254866	110.283107368	-4.14075992487	
5.93333333333	0.0	0.0	0.0 	0.0 	117.133333333 	13.0 	0.0 	0.0 	0.0 	-0.0 	13.0 	0.0 	0.0 	0.0 	0.822665645272	-0.0488115708024	110.282438374	-4.12706516135	
5.95	0.0	0.0	0.0 	0.0 	117.35 	13.0 	0.0 	0.0 	0.0 	-0.0 	13.0 	0.0 	0.0 	0.0 	0.794147450222	-0.0141459746214	110.282251147	-4.11383069479	
5.96666666667	0.0	0.0	0.0 	0.0 	117.566666667 	13.0 	0.0 	0.0 	0.0 	-0.0 	13.0 	0.0 	0.0 	0.0 	0.765629255171	0.0217644788378	110.282528851	-4.10107322936	
5.98333333333	0.0	0.0	0.0 	0.0 	117.783333333 	13.0 	0.0 	0.0 	0.0 	-0.0 	13.0 	0.0 	0.0 	0.0 	0.73711106012	0.059012526582	110.28325341	-4.08880943026	
6.0	0.0	0.0	0.0 	0.0 	118.0 	13.0 	0.0 	0.0 	0.0 	-0.0 	13.0 	0.0 	0.0 	0.0 	0.708592865069	0.0977016693637	110.28440542	-4.07705587065	
6.01666666667	0.0	0.0	0.0 	0.0 	118.216666667 	13.0 	0.0 	0.0 	0.0 	-0.0 	13.0 	0.0 	0.0 	0.0 	0.680074670018	0.137947904482	110.285964047	-4.06582896828	
6.03333333333	0.0	0.0	0.0 	0.0 	118.433333333 	13.0 	0.0 	0.0 	0.0 	-0.0 	13.0 	0.0 	0.0 	0.0 	0.651556474967	0.179881821901	110.287906915	-4.0551449098	
6.05	0.0	0.0	0.0 	0.0 	118.65 	13.0 	0.0 	0.0 	0.0 	-0.0 	13.0 	0.0 	0.0 	0.0 	0.623038279916	0.223651159091	110.29020999	-4.04501956004	
6.06666666667	0.0	0.0	0.0 	0.0 	118.866666667 	13.0 	0.0 	0.0 	0.0 	-0.0 	13.0 	0.0 	0.0 	0.0 	0.594520084865	0.269423940588	110.292847442	-4.03546835321	
6.08333333333	0.0	0.0	0.0 	0.0 	119.083333333 	13.0 	0.0 	0.0 	0.0 	-0.0 	13.0 	0.0 	0.0 	0.0 	0.566001889814	0.317392370548	110.295791503	-4.02650616172	
6.1	0.0	0.0	0.0 	0.0 	119.3 	13.0 	0.0 	0.0 	0.0 	-0.0 	13.0 	0.0 	0.0 	0.0 	0.537483694763	0.36777770594	110.299012308	-4.01814713774	
6.11666666667	0.0	0.0	0.0 	0.0 	119.516666667 	13.0 	0.0 	0.0 	0.0 	-0.0 	13.0 	0.0 	0.0 	0.0 	0.508965499712	0.420836422565	110.302477719	-4.01040452076	
6.13333333333	0.0	0.0	0.0 	0.0 	119.733333333 	13.0 	0.0 	0.0 	0.0 	-0.0 	13.0 	0.0 	0.0 	0.0 	0.480447304661	0.476868108538	110.306153132	-4.0032904029	
6.15	0.0	0.0	0.0 	0.0 	119.95 	13.0 	0.0 	0.0 	0.0 	-0.0 	13.0 	0.0 	0.0 	0.0 	0.45192910961	0.536225700462	110.310001271	-3.99681544077	
6.16666666667	0.0	0.0	0.0 	0.0 	120.166666667 	13.0 	0.0 	0.0 	0.0 	-0.0 	13.0 	0.0 	0.0 	0.0 	0.423410914559	0.599328949278	110.313981959	-3.99098849976	
6.18333333333	0.0	0.0	0.0 	0.0 	120.383333333 	13.0 	0.0 	0.0 	0.0 	-0.0 	13.0 	0.0 	0.0 	0.0 	0.394892719508	0.666682420978	110.318051869	-3.98581621125	
6.2	0.0	0.0	0.0 	0.0 	120.6 	13.0 	0.0 	0.0 	0.0 	-0.0 	13.0 	0.0 	0.0 	0.0 	0.366374524457	0.73889999715	110.322164272	-3.98130241708	
6.21666666667	0.0	0.0	0.0 	0.0 	120.816666667 	13.0 	0.0 	0.0 	0.0 	-0.0 	13.0 	0.0 	0.0 	0.0 	0.337856329406	0.816738911013	110.326268759	-3.97744746562	
6.23333333333	0.0	0.0	0.0 	0.0 	121.033333333 	13.0 	0.0 	0.0 	0.0 	-0.0 	13.0 	0.0 	0.0 	0.0 	0.309338134355	0.901148148221	110.330310984	-3.97424731012	
6.25	0.0	0.0	0.0 	0.0 	121.25 	13.0 	0.0 	0.0 	0.0 	-0.0 	13.0 	0.0 	0.0 	0.0 	0.280819939304	0.993339158263	110.334232417	-3.97169233925	
6.26666666667	-6.94987988518e-07	-1.78090672058e-07	0.0 	0.0 	121.465849167 	12.9019 	0.0 	0.0 	0.0 	-0.0 	12.95095 	-5.88599999911 	0.0 	0.0 	0.252301744254	1.09489247076	110.337970179	-3.9697658386	
6.28333333333	-6.94987988518e-07	-3.32263984042e-07	0.0 	0.0 	121.680063333 	12.8038 	0.0 	0.0 	0.0 	-0.0 	12.85285 	-5.88599999911 	0.0 	0.0 	0.223783549203	1.20792456705	110.34145703	-3.96844193345	
6.3	-6.94987988518e-07	-4.63083425969e-07	0.0 	0.0 	121.8926425 	12.7057 	0.0 	0.0 	0.0 	-0.0 	12.75475 	-5.88599999911 	0.0 	0.0 	0.195265354152	1.33536107949	110.344621673	-3.96768278651	
6.31666666667	-6.94987988518e-07	-5.71715511043e-07	0.0 	0.0 	122.103586667 	12.6076000001 	0.0 	0.0 	0.0 	-0.0 	12.6566500001 	-5.88599999911 	0.0 	0.0 	0.166747159101	1.4814094923	110.347389697	-3.96743470051	
6.33333333333	-6.94987988518e-07	-6.59757641896e-07	0.0 	0.0 	122.312895833 	12.5095000001 	0.0 	0.0 	0.0 	-0.0 	12.5585500001 	-5.88599999911 	0.0 	0.0 	0.13822896405	1.65243606453	110.34968584	-3.96762257458	
6.35	-6.94987988518e-07	-7.29091241639e-07	0.0 	0.0 	122.52057 	12.4114000001 	0.0 	0.0 	0.0 	-0.0 	12.4604500001 	-5.88599999911 	0.0 	0.0 	0.109710768999	1.80253853802	110.351465472	-3.96804253554	
6.36666666667	-6.94987988518e-07	-7.8175905478e-07	0.0 	0.0 	122.726609167 	12.3133000001 	0.0 	0.0 	0.0 	-0.0 	12.3623500001 	-5.88599999911 	0.0 	0.0 	0.0811925739479	1.92843072359	110.352733061	-3.96851623912	
6.38333333333	1.3585394593e-07	-6.06961768441e-07	0.0 	0.0 	122.931013333 	12.2152000001 	0.0 	0.0 	0.0 	-0.0 	12.2642500001 	-5.88599999997 	0.0 	0.0 	0.0526743788969	2.03411894322	110.353518412	-3.96890859555	
6.4	1.3585394593e-07	-4.48280880455e-07	0.0 	0.0 	123.1337825 	12.1171000001 	0.0 	0.0 	0.0 	-0.0 	12.1661500001 	-5.88599999997 	0.0 	0.0 	0.0973227323916	2.1229446933	110.354899421	-3.96975938691	
6.41666666667	1.3585394593e-07	-3.0704897894e-07	0.0 	0.0 	123.334916667 	12.0190000001 	0.0 	0.0 	0.0 	-0.0 	12.0680500001 	-5.88599999997 	0.0 	0.0 	0.141568145869	2.1969661517	110.356811247	-3.97114214329	
6.43333333333	1.3585394593e-07	-1.83753538865e-07	0.0 	0.0 	123.534415833 	11.9209000001 	0.0 	0.0 	0.0 	-0.0 	11.9699500001 	-5.88599999997 	0.0 	0.0 	0.185414255761	2.25865070037	110.359198795	-3.97310407616	
6.45	1.3585394593e-07	-7.82118389064e-08	0.0 	0.0 	123.73228 	11.8228000001 	0.0 	0.0 	0.0 	-0.0 	11.8718500001 	-5.88599999997 	0.0 	0.0 	0.22886466568	2.31005449092	110.362017525	-3.97567399712	
6.46666666667	1.3585394593e-07	1.02725343375e-08	0.0 	0.0 	123.928509167 	11.7247000001 	0.0 	0.0 	0.0 	0.0 	11.7737500001 	-5.88599999997 	0.0 	0.0 	0.271922946717	2.35289098305	110.365232737	-3.97886803575	
6.48333333333	-1.45235898887e-06	-3.24207221828e-07	0.0 	0.0 	124.123103333 	11.6266000001 	0.0 	0.0 	0.0 	-0.0 	11.6756500001 	-5.88599999743 	0.0 	0.0 	0.314592637737	2.38858805983	110.368818223	-3.98269367896	
6.5	-1.45235898887e-06	-6.18683775576e-07	0.0 	0.0 	124.3160625 	11.5285000002 	0.0 	0.0 	0.0 	-0.0 	11.5775500002 	-5.88599999743 	0.0 	0.0 	0.356877245664	2.41833562381	110.372754757	-3.98715258719	
6.51666666667	-1.45235898887e-06	-8.72955455147e-07	0.0 	0.0 	124.507386667 	11.4304000002 	0.0 	0.0 	0.0 	-0.0 	11.4794500002 	-5.88599999743 	0.0 	0.0 	0.398780245776	2.44312526046	110.377028649	-3.99224254262	
6.53333333333	-1.45235898887e-06	-1.08812236724e-06	0.0 	0.0 	124.697075833 	11.3323000003 	0.0 	0.0 	0.0 	-0.0 	11.3813500003 	-5.88599999743 	0.0 	0.0 	0.440305081986	2.463783291	110.381630484	-3.99795879094	
6.55	-1.45235898887e-06	-1.26625911854e-06	0.0 	0.0 	124.88513 	11.2342000003 	0.0 	0.0 	0.0 	-0.0 	11.2832500003 	-5.88599999743 	0.0 	0.0 	0.481455167127	2.48099831645	110.386554055	-4.00429496316	
6.56666666667	-1.45235898887e-06	-1.41013072175e-06	0.0 	0.0 	125.071549167 	11.1361000004 	0.0 	0.0 	0.0 	-0.0 	11.1851500003 	-5.88599999743 	0.0 	0.0 	0.522233883231	2.49534417099	110.391795504	-4.01124370763	
6.58333333333	-1.45235898887e-06	-1.52295084758e-06	0.0 	0.0 	125.256333333 	11.0380000004 	0.0 	0.0 	0.0 	-0.0 	11.0870500004 	-5.88599999743 	0.0 	0.0 	0.56264458181	2.50729904978	110.397352639	-4.01879712218	
6.6	-8.77224901994e-07	-1.46080233975e-06	0.0 	0.0 	125.4394825 	10.9399000004 	0.0 	0.0 	0.0 	-0.0 	10.9889500004 	-5.88599999926 	0.0 	0.0 	0.602690584129	2.51726144877	110.4032244	-4.02694704828	
6.61666666667	-8.77224901994e-07	-1.39440045126e-06	0.0 	0.0 	125.620996667 	10.8418000004 	0.0 	0.0 	0.0 	-0.0 	10.8908500004 	-5.88599999926 	0.0 	0.0 	0.642375181477	2.52556344792	110.40941046	-4.03568526937	
6.63333333333	-8.77224901994e-07	-1.32677725176e-06	0.0 	0.0 	125.800875833 	10.7437000004 	0.0 	0.0 	0.0 	-0.0 	10.7927500004 	-5.88599999926 	0.0 	0.0 	0.681701635444	2.53248178055	110.415910922	-4.04500364269	
6.65	-8.77224901994e-07	-1.26032076122e-06	0.0 	0.0 	125.97912 	10.6456000005 	0.0 	0.0 	0.0 	-0.0 	10.6946500004 	-5.88599999926 	0.0 	0.0 	0.720673178181	2.53824705774	110.422726095	-4.05489418462	
6.66666666667	-8.77224901994e-07	-1.19684523545e-06	0.0 	0.0 	126.155729167 	10.5475000005 	0.0 	0.0 	0.0 	-0.0 	10.5965500005 	-5.88599999926 	0.0 	0.0 	0.759293012672	2.5430514554	110.429856336	-4.06534912344	
6.68333333333	-8.77224901994e-07	-1.13766356755e-06	0.0 	0.0 	126.330703333 	10.4494000005 	0.0 	0.0 	0.0 	-0.0 	10.4984500005 	-5.88599999926 	0.0 	0.0 	0.797564312994	2.54705512012	110.43730194	-4.07636092944	
6.7	-1.29255672809e-06	-1.19008784708e-06	0.0 	0.0 	126.5040425 	10.3513000005 	0.0 	0.0 	0.0 	-0.0 	10.4003500005 	-5.88599999872 	0.0 	0.0 	0.83549022458	2.55039150738	110.445063069	-4.0879223291	
6.71666666667	-1.29255672809e-06	-1.23391881624e-06	0.0 	0.0 	126.675746667 	10.2532000005 	0.0 	0.0 	0.0 	-0.0 	10.3022500005 	-5.88599999872 	0.0 	0.0 	0.873073864474	2.5531718301	110.453139703	-4.10002630845	
6.73333333333	-1.29255672809e-06	-1.26972025208e-06	0.0 	0.0 	126.845815833 	10.1551000005 	0.0 	0.0 	0.0 	-0.0 	10.2041500005 	-5.88599999872 	0.0 	0.0 	0.910318321593	2.5554887657	110.461531614	-4.11266610887	
6.75	-1.29255672809e-06	-1.29818000474e-06	0.0 	0.0 	127.01425 	10.0570000006 	0.0 	0.0 	0.0 	-0.0 	10.1060500006 	-5.88599999872 	0.0 	0.0 	0.947226656973	2.55741954537	110.470238361	-4.12583521811	
6.76666666667	-1.29255672809e-06	-1.32006058565e-06	0.0 	0.0 	127.181049167 	9.95890000059 	0.0 	0.0 	0.0 	-0.0 	10.0079500006 	-5.88599999872 	0.0 	0.0 	0.983801904028	2.55902852843	110.479259282	-4.13952735817	
6.78333333333	-1.29255672809e-06	-1.33615854031e-06	0.0 	0.0 	127.346213333 	9.86080000061 	0.0 	0.0 	0.0 	-0.0 	9.9098500006 	-5.88599999872 	0.0 	0.0 	1.02004706879	2.56036934764	110.488593508	-4.15373647143	
6.8	-1.29255672809e-06	-1.34727189854e-06	0.0 	0.0 	127.5097425 	9.76270000063 	0.0 	0.0 	0.0 	-0.0 	9.81175000062 	-5.88599999872 	0.0 	0.0 	1.05596513018	2.56148669698	110.498239971	-4.16845670592	
6.81666666667	7.67999918043e-06	9.45042549469e-07	0.0 	0.0 	127.671636667 	9.6646000012 	0.0 	0.0 	0.0 	0.0 	9.71365000092 	-5.88599996551 	0.0 	0.0 	1.09155904022	2.56241782144	110.508197418	-4.18368240046	
6.83333333333	7.67999918043e-06	2.93205364139e-06	0.0 	0.0 	127.831895834 	9.56650000178 	0.0 	0.0 	0.0 	0.0 	9.61555000149 	-5.88599996551 	0.0 	0.0 	1.12683172428	2.56319375848	110.518464432	-4.19940807001	
6.85	7.67999918043e-06	4.62036053573e-06	0.0 	0.0 	127.99052 	9.46840000235 	0.0 	0.0 	0.0 	0.0 	9.51745000207 	-5.88599996551 	0.0 	0.0 	1.16178608135	2.56384037269	110.529039443	-4.21562839169	
6.86666666667	7.67999918043e-06	6.02441208648e-06	0.0 	0.0 	128.147509167 	9.37030000293 	0.0 	0.0 	0.0 	0.0 	9.41935000264 	-5.88599996551 	0.0 	0.0 	1.19642498426	2.56437921786	110.539920748	-4.23233819152	
6.88333333333	7.67999918043e-06	7.164289135e-06	0.0 	0.0 	128.302863334 	9.2722000035 	0.0 	0.0 	0.0 	0.0 	9.32125000322 	-5.88599996551 	0.0 	0.0 	1.23075127989	2.5648282555	110.551106526	-4.24953243214	
6.9	7.67999918043e-06	8.06380978653e-06	0.0 	0.0 	128.4565825 	9.17410000408 	0.0 	0.0 	0.0 	0.0 	9.22315000379 	-5.88599996551 	0.0 	0.0 	1.26476778944	2.56520245353	110.562594852	-4.26720620137	
6.91666666667	3.80813805199e-07	6.87852795762e-06	0.0 	0.0 	128.608666667 	9.07600000408 	0.0 	0.0 	0.0 	0.0 	9.12505000408 	-5.88599999993 	0.0 	0.0 	1.29847730866	2.56551428523	110.574383716	-4.28535470189	
6.93333333333	3.80813805199e-07	5.75688097295e-06	0.0 	0.0 	128.759115834 	8.97790000408 	0.0 	0.0 	0.0 	0.0 	9.02695000408 	-5.88599999993 	0.0 	0.0 	1.33188260806	2.56577414497	110.586471027	-4.30397324177	
6.95	3.80813805199e-07	4.71960246084e-06	0.0 	0.0 	128.907930001 	8.87980000408 	0.0 	0.0 	0.0 	0.0 	8.92885000408 	-5.88599999993 	0.0 	0.0 	1.36498643314	2.56599069476	110.598854636	-4.32305722593	
6.96666666667	3.80813805199e-07	3.78012446846e-06	0.0 	0.0 	129.055109167 	8.78170000408 	0.0 	0.0 	0.0 	0.0 	8.83075000408 	-5.88599999993 	0.0 	0.0 	1.39779150463	2.56617115292	110.611532336	-4.34260214852	
6.98333333333	3.80813805199e-07	2.94580056614e-06	0.0 	0.0 	129.200653334 	8.68360000408 	0.0 	0.0 	0.0 	0.0 	8.73265000408 	-5.88599999993 	0.0 	0.0 	1.43030051871	2.56632153472	110.624501879	-4.36260358606	
7.0	3.80813805199e-07	2.21904370557e-06	0.0 	0.0 	129.344562501 	8.58550000408 	0.0 	0.0 	0.0 	0.0 	8.63455000408 	-5.88599999993 	0.0 	0.0 	1.46251614722	2.56644685288	110.637760981	-4.38305719131	
7.01666666667	3.80813805199e-07	1.59836245424e-06	0.0 	0.0 	129.486836668 	8.48740000409 	0.0 	0.0 	0.0 	0.0 	8.53645000408 	-5.88599999993 	0.0 	0.0 	1.49444103788	2.56655128468	110.651307329	-4.40395868785	
7.03333333333	4.34169701538e-07	1.09295853761e-06	0.0 	0.0 	129.627475834 	8.38930000409 	0.0 	0.0 	0.0 	0.0 	8.43835000409 	-5.88599999994 	0.0 	0.0 	1.52607781454	2.56663831119	110.665138591	-4.42530386529	
7.05	4.34169701538e-07	6.80683351094e-07	0.0 	0.0 	129.766480001 	8.29120000409 	0.0 	0.0 	0.0 	0.0 	8.34025000409 	-5.88599999994 	0.0 	0.0 	1.55742907735	2.56671083327	110.679252419	-4.44708857497	
7.06666666667	4.34169701538e-07	3.53466529997e-07	0.0 	0.0 	129.903849168 	8.19310000409 	0.0 	0.0 	0.0 	0.0 	8.24215000409 	-5.88599999994 	0.0 	0.0 	1.588497403	2.56677126835	110.693646453	-4.46930872619	
7.08333333333	4.34169701538e-07	1.02395467758e-07	0.0 	0.0 	130.039583334 	8.09500000409 	0.0 	0.0 	0.0 	0.0 	8.14405000409 	-5.88599999994 	0.0 	0.0 	1.61928534492	2.56682163091	110.708318328	-4.49196028293	
7.1	4.34169701538e-07	-8.18166606722e-08	0.0 	0.0 	130.173682501 	7.99690000409 	0.0 	0.0 	0.0 	-0.0 	8.04595000409 	-5.88599999994 	0.0 	0.0 	1.64979543351	2.56686359971	110.723265678	-4.51503926084	
7.11666666667	4.34169701538e-07	-2.08456486386e-07	0.0 	0.0 	130.306146668 	7.89880000409 	0.0 	0.0 	0.0 	-0.0 	7.94785000409 	-5.88599999994 	0.0 	0.0 	1.68003017633	2.56689857371	110.738486137	-4.53854172471	
7.13333333333	4.34169701538e-07	-2.86520282942e-07	0.0 	0.0 	130.436975835 	7.80070000409 	0.0 	0.0 	0.0 	-0.0 	7.84975000409 	-5.88599999994 	0.0 	0.0 	1.70999205829	2.56692771871	110.753977342	-4.56246378616	
7.15	8.97481041301e-07	-2.05774632444e-07	0.0 	0.0 	130.566170001 	7.7026000041 	0.0 	0.0 	0.0 	-0.0 	7.75165000409 	-5.88599999981 	0.0 	0.0 	1.73968354189	2.5669520062	110.769736938	-4.5868016016	
7.16666666667	8.97481041301e-07	-1.08720013503e-07	0.0 	0.0 	130.693729168 	7.6045000041 	0.0 	0.0 	0.0 	-0.0 	7.6535500041 	-5.88599999981 	0.0 	0.0 	1.76910706743	2.56697224579	110.785762577	-4.61155137048	
7.18333333333	8.97481041301e-07	-2.05890086148e-09	0.0 	0.0 	130.819653335 	7.5064000041 	0.0 	0.0 	0.0 	-0.0 	7.5554500041 	-5.88599999981 	0.0 	0.0 	1.79826505313	2.56698911211	110.802051922	-4.63670933368	
7.2	8.97481041301e-07	1.08714084628e-07	0.0 	0.0 	130.943942502 	7.40830000411 	0.0 	0.0 	0.0 	0.0 	7.4573500041 	-5.88599999981 	0.0 	0.0 	1.82715989545	2.56700316737	110.818602649	-4.66227177212	
7.21666666667	8.97481041301e-07	2.19212115779e-07	0.0 	0.0 	131.066596668 	7.31020000411 	0.0 	0.0 	0.0 	0.0 	7.35925000411 	-5.88599999981 	0.0 	0.0 	1.85579396917	2.5670148801	110.835412443	-4.68823500554	
7.23333333333	8.97481041301e-07	3.26043993843e-07	0.0 	0.0 	131.187615835 	7.21210000411 	0.0 	0.0 	0.0 	0.0 	7.26115000411 	-5.88599999981 	0.0 	0.0 	1.88416962768	2.5670246407	110.852479007	-4.71459539134	
7.25	8.4744619009e-07	4.13874676453e-07	0.0 	0.0 	131.307000002 	7.11400000411 	0.0 	0.0 	0.0 	0.0 	7.16305000411 	-5.88599999987 	0.0 	0.0 	1.91228920309	2.56703277453	110.869800057	-4.7413493236	
7.26666666667	8.4744619009e-07	4.95492565277e-07	0.0 	0.0 	131.424749169 	7.01590000412 	0.0 	0.0 	0.0 	0.0 	7.06495000411 	-5.88599999987 	0.0 	0.0 	1.9401550065	2.56703955273	110.887373325	-4.76849323224	
7.28333333333	8.4744619009e-07	5.69744979891e-07	0.0 	0.0 	131.540863335 	6.91780000412 	0.0 	0.0 	0.0 	0.0 	6.96685000412 	-5.88599999987 	0.0 	0.0 	1.96776932813	2.56704520122	110.905196558	-4.79602358214	
7.3	8.4744619009e-07	6.35968764036e-07	0.0 	0.0 	131.655342502 	6.81970000412 	0.0 	0.0 	0.0 	0.0 	6.86875000412 	-5.88599999987 	0.0 	0.0 	1.99513443754	2.5670499083	110.923267522	-4.82393687246	
7.31666666667	8.4744619009e-07	6.93900866312e-07	0.0 	0.0 	131.768186669 	6.72160000412 	0.0 	0.0 	0.0 	0.0 	6.77065000412 	-5.88599999987 	0.0 	0.0 	2.02225258381	2.56705383087	110.941583998	-4.85222963598	
7.33333333333	8.4744619009e-07	7.43596536944e-07	0.0 	0.0 	131.879395835 	6.62350000412 	0.0 	0.0 	0.0 	0.0 	6.67255000412 	-5.88599999987 	0.0 	0.0 	2.04912599571	2.56705709968	110.960143785	-4.88089843846	
7.35	8.4744619009e-07	7.85355983345e-07	0.0 	0.0 	131.988970002 	6.52540000413 	0.0 	0.0 	0.0 	0.0 	6.57445000413 	-5.88599999987 	0.0 	0.0 	2.07575688192	2.56705982368	110.9789447	-4.90993987814	
7.36666666667	-2.07024177287e-06	7.20023327586e-08	0.0 	0.0 	132.096909169 	6.42730000413 	0.0 	0.0 	0.0 	0.0 	6.47635000413 	-5.8859999995 	0.0 	0.0 	2.10214743117	2.56706209368	110.997984577	-4.93935058518	
7.38333333333	-2.07024177287e-06	-5.47791874746e-07	0.0 	0.0 	132.203213336 	6.32920000414 	0.0 	0.0 	0.0 	-0.0 	6.37825000414 	-5.8859999995 	0.0 	0.0 	2.12829981243	2.56706398535	111.017261269	-4.9691272212	
7.4	-2.07024177287e-06	-1.07570894488e-06	0.0 	0.0 	132.307882502 	6.23110000415 	0.0 	0.0 	0.0 	-0.0 	6.28015000415 	-5.8859999995 	0.0 	0.0 	2.15421617511	2.56706556175	111.036772647	-4.99926647886	
7.41666666667	-2.07024177287e-06	-1.51592382511e-06	0.0 	0.0 	132.410916669 	6.13300000416 	0.0 	0.0 	0.0 	-0.0 	6.18205000416 	-5.8859999995 	0.0 	0.0 	2.17989864923	2.56706687541	111.056516598	-5.02976508141	
7.43333333333	-2.07024177287e-06	-1.87441279315e-06	0.0 	0.0 	132.512315836 	6.03490000417 	0.0 	0.0 	0.0 	-0.0 	6.08395000416 	-5.8859999995 	0.0 	0.0 	2.20534934555	2.56706797012	111.07649103	-5.06061978232	
7.45	-2.07024177287e-06	-2.158361399e-06	0.0 	0.0 	132.612080003 	5.93680000418 	0.0 	0.0 	0.0 	-0.0 	5.98585000417 	-5.8859999995 	0.0 	0.0 	2.23057035582	2.56706888239	111.096693866	-5.0918273649	
7.46666666667	-1.56332697454e-06	-2.24577091315e-06	0.0 	0.0 	132.710209169 	5.83870000418 	0.0 	0.0 	0.0 	-0.0 	5.88775000418 	-5.8859999998 	0.0 	0.0 	2.2555637529	2.56706964261	111.11712305	-5.12338464197	
7.48333333333	-1.56332697454e-06	-2.29218691353e-06	0.0 	0.0 	132.806703336 	5.74060000418 	0.0 	0.0 	0.0 	-0.0 	5.78965000418 	-5.8859999998 	0.0 	0.0 	2.28033159094	2.56707027612	111.137776542	-5.15528845549	
7.5	-1.56332697454e-06	-2.30538244073e-06	0.0 	0.0 	132.901562503 	5.64250000419 	0.0 	0.0 	0.0 	-0.0 	5.69155000418 	-5.8859999998 	0.0 	0.0 	2.30487590555	2.56707080405	111.15865232	-5.18753567624	
7.51666666667	-1.56332697454e-06	-2.29241974099e-06	0.0 	0.0 	132.99478667 	5.54440000419 	0.0 	0.0 	0.0 	-0.0 	5.59345000419 	-5.8859999998 	0.0 	0.0 	2.32919871397	2.56707124399	111.179748381	-5.22012320353	
7.53333333333	-1.56332697454e-06	-2.25958949975e-06	0.0 	0.0 	133.086375836 	5.44630000419 	0.0 	0.0 	0.0 	-0.0 	5.49535000419 	-5.8859999998 	0.0 	0.0 	2.35330201524	2.56707161061	111.201062739	-5.25304796491	
7.55	-1.56332697454e-06	-2.21238785887e-06	0.0 	0.0 	133.176330003 	5.3482000042 	0.0 	0.0 	0.0 	-0.0 	5.39725000419 	-5.8859999998 	0.0 	0.0 	2.37718779036	2.56707191613	111.222593426	-5.28630691583	
7.56666666667	-1.56332697454e-06	-2.15552343455e-06	0.0 	0.0 	133.26464917 	5.2501000042 	0.0 	0.0 	0.0 	-0.0 	5.2991500042 	-5.8859999998 	0.0 	0.0 	2.40085800244	2.56707217072	111.24433849	-5.31989703941	
7.58333333333	-1.93088321344e-06	-2.18713365255e-06	0.0 	0.0 	133.351333337 	5.1520000042 	0.0 	0.0 	0.0 	-0.0 	5.2010500042 	-5.88599999982 	0.0 	0.0 	2.42431459689	2.56707238289	111.266295998	-5.35381534611	
7.6	-1.93088321344e-06	-2.20362374527e-06	0.0 	0.0 	133.436382503 	5.05390000421 	0.0 	0.0 	0.0 	-0.0 	5.1029500042 	-5.88599999982 	0.0 	0.0 	2.44755950154	2.56707255969	111.288464034	-5.38805887352	
7.61666666667	-1.93088321344e-06	-2.20788042552e-06	0.0 	0.0 	133.51979667 	4.95580000421 	0.0 	0.0 	0.0 	-0.0 	5.00485000421 	-5.88599999982 	0.0 	0.0 	2.47059462686	2.56707270703	111.310840698	-5.42262468605	
7.63333333333	-1.93088321344e-06	-2.20252318983e-06	0.0 	0.0 	133.601575837 	4.85770000421 	0.0 	0.0 	0.0 	-0.0 	4.90675000421 	-5.88599999982 	0.0 	0.0 	2.49342186603	2.56707282981	111.333424109	-5.4575098747	
7.65	-1.93088321344e-06	-2.18988258291e-06	0.0 	0.0 	133.681720003 	4.75960000421 	0.0 	0.0 	0.0 	-0.0 	4.80865000421 	-5.88599999982 	0.0 	0.0 	2.51604309519	2.56707293212	111.356212401	-5.49271155679	
7.66666666667	-1.93088321344e-06	-2.17199238225e-06	0.0 	0.0 	133.76022917 	4.66150000422 	0.0 	0.0 	0.0 	-0.0 	4.71055000422 	-5.88599999982 	0.0 	0.0 	2.53846017352	2.56707301739	111.379203726	-5.52822687571	
7.68333333333	-5.47042570527e-06	-3.05760057874e-06	0.0 	0.0 	133.837103337 	4.56340000423 	0.0 	0.0 	0.0 	-0.0 	4.61245000422 	-5.88599999909 	0.0 	0.0 	2.56067494342	2.56707308844	111.402396252	-5.5640530007	
7.7	-5.47042570527e-06	-3.81934771623e-06	0.0 	0.0 	133.912342504 	4.46530000425 	0.0 	0.0 	0.0 	-0.0 	4.51435000424 	-5.88599999909 	0.0 	0.0 	2.58268923068	2.56707314765	111.425788163	-5.60018712658	
7.71666666667	-5.47042570527e-06	-4.46129793494e-06	0.0 	0.0 	133.98594667 	4.36720000426 	0.0 	0.0 	0.0 	-0.0 	4.41625000426 	-5.88599999909 	0.0 	0.0 	2.60450484461	2.56707319699	111.449377661	-5.63662647352	
7.73333333333	-5.47042570527e-06	-4.99034459727e-06	0.0 	0.0 	134.057915837 	4.26910000428 	0.0 	0.0 	0.0 	-0.0 	4.31815000427 	-5.88599999909 	0.0 	0.0 	2.62612357819	2.56707323811	111.473162962	-5.67336828681	
7.75	-5.47042570527e-06	-5.41535829519e-06	0.0 	0.0 	134.128250004 	4.17100000429 	0.0 	0.0 	0.0 	-0.0 	4.22005000429 	-5.88599999909 	0.0 	0.0 	2.64754720819	2.56707327238	111.4971423	-5.71040983663	
7.76666666667	-5.47042570527e-06	-5.74646476765e-06	0.0 	0.0 	134.196949171 	4.07290000431 	0.0 	0.0 	0.0 	-0.0 	4.1219500043 	-5.88599999909 	0.0 	0.0 	2.6687774954	2.56707330093	111.521313924	-5.74774841782	
7.78333333333	-5.47042570527e-06	-5.99444606311e-06	0.0 	0.0 	134.264013337 	3.97480000432 	0.0 	0.0 	0.0 	-0.0 	4.02385000432 	-5.88599999909 	0.0 	0.0 	2.68981618467	2.56707332473	111.545676098	-5.78538134964	
7.8	-4.79662218304e-06	-5.99759377833e-06	0.0 	0.0 	134.329442504 	3.87670000433 	0.0 	0.0 	0.0 	-0.0 	3.92575000433 	-5.88599999963 	0.0 	0.0 	2.71066500513	2.56707334456	111.570227103	-5.82330597558	
7.81666666667	-4.79662218304e-06	-5.96250289527e-06	0.0 	0.0 	134.393236671 	3.77860000434 	0.0 	0.0 	0.0 	-0.0 	3.82765000433 	-5.88599999963 	0.0 	0.0 	2.73132567029	2.56707336108	111.594965235	-5.8615196631	
7.83333333333	-4.79662218304e-06	-5.89887368865e-06	0.0 	0.0 	134.455395838 	3.68050000434 	0.0 	0.0 	0.0 	-0.0 	3.72955000434 	-5.88599999963 	0.0 	0.0 	2.75179987822	2.56707337485	111.619888805	-5.90001980343	
7.85	-4.79662218304e-06	-5.81511569396e-06	0.0 	0.0 	134.515920004 	3.58240000435 	0.0 	0.0 	0.0 	-0.0 	3.63145000434 	-5.88599999963 	0.0 	0.0 	2.77208931163	2.56707338633	111.64499614	-5.93880381136	
7.86666666667	-4.79662218304e-06	-5.71837532587e-06	0.0 	0.0 	134.574809171 	3.48430000435 	0.0 	0.0 	0.0 	-0.0 	3.53335000435 	-5.88599999963 	0.0 	0.0 	2.79219563807	2.56707339589	111.670285582	-5.97786912502	
7.88333333333	-4.79662218304e-06	-5.61459675488e-06	0.0 	0.0 	134.632063338 	3.38620000436 	0.0 	0.0 	0.0 	-0.0 	3.43525000436 	-5.88599999963 	0.0 	0.0 	2.81212051004	2.56707340386	111.695755486	-6.01721320566	
7.9	-4.79662218304e-06	-5.50860665699e-06	0.0 	0.0 	134.687682505 	3.28810000437 	0.0 	0.0 	0.0 	-0.0 	3.33715000436 	-5.88599999963 	0.0 	0.0 	2.83186556512	2.5670734105	111.721404225	-6.05683353744	
7.91666666667	-4.90113255977e-06	-5.43099560036e-06	0.0 	0.0 	134.741666671 	3.19000000437 	0.0 	0.0 	0.0 	-0.0 	3.23905000437 	-5.88599999982 	0.0 	0.0 	2.85143242611	2.56707341603	111.747230184	-6.09672762725	
7.93333333333	-4.90113255977e-06	-5.35428881145e-06	0.0 	0.0 	134.794015838 	3.09190000437 	0.0 	0.0 	0.0 	-0.0 	3.14095000437 	-5.88599999982 	0.0 	0.0 	2.87082270115	2.56707342065	111.773231765	-6.13689300447	
7.95	-4.90113255977e-06	-5.28067991718e-06	0.0 	0.0 	134.844730005 	2.99380000438 	0.0 	0.0 	0.0 	-0.0 	3.04285000437 	-5.88599999982 	0.0 	0.0 	2.89003798391	2.56707342449	111.799407382	-6.17732722078	
7.96666666667	-4.90113255977e-06	-5.2117721692e-06	0.0 	0.0 	134.893809172 	2.89570000438 	0.0 	0.0 	0.0 	-0.0 	2.94475000438 	-5.88599999982 	0.0 	0.0 	2.90907985363	2.56707342769	111.825755464	-6.21802784996	
7.98333333333	-4.90113255977e-06	-5.14866117672e-06	0.0 	0.0 	134.941253338 	2.79760000438 	0.0 	0.0 	0.0 	-0.0 	2.84665000438 	-5.88599999982 	0.0 	0.0 	2.92794987533	2.56707343036	111.852274456	-6.2589924877	
8.0	-4.90113255977e-06	-5.09201488827e-06	0.0 	0.0 	134.987062505 	2.69950000438 	0.0 	0.0 	0.0 	-0.0 	2.74855000438 	-5.88599999982 	0.0 	0.0 	2.94664959989	2.56707343258	111.878962814	-6.30021875137	
8.01666666667	-4.90113255977e-06	-5.04214894196e-06	0.0 	0.0 	135.031236672 	2.60140000439 	0.0 	0.0 	0.0 	-0.0 	2.65045000439 	-5.88599999982 	0.0 	0.0 	2.9651805642	2.56707343444	111.905819011	-6.34170427985	
8.03333333333	-4.02984656776e-06	-4.77582903617e-06	0.0 	0.0 	135.073775838 	2.50330000439 	0.0 	0.0 	0.0 	-0.0 	2.55235000439 	-5.88599999995 	0.0 	0.0 	2.98354429128	2.56707343598	111.932841532	-6.38344673335	
8.05	-4.02984656776e-06	-4.54611915704e-06	0.0 	0.0 	135.114680005 	2.40520000439 	0.0 	0.0 	0.0 	-0.0 	2.45425000439 	-5.88599999995 	0.0 	0.0 	3.0017422904	2.56707343727	111.960028875	-6.42544379316	
8.06666666667	-4.02984656776e-06	-4.3519604823e-06	0.0 	0.0 	135.153949172 	2.30710000439 	0.0 	0.0 	0.0 	-0.0 	2.35615000439 	-5.88599999995 	0.0 	0.0 	3.01977605721	2.56707343834	111.987379553	-6.46769316154	
8.08333333333	-4.02984656776e-06	-4.19142144955e-06	0.0 	0.0 	135.191583339 	2.20900000439 	0.0 	0.0 	0.0 	-0.0 	2.25805000439 	-5.88599999995 	0.0 	0.0 	3.03764707387	2.56707343924	112.014892093	-6.51019256145	
8.1	-4.02984656776e-06	-4.06195448411e-06	0.0 	0.0 	135.227582505 	2.11090000439 	0.0 	0.0 	0.0 	-0.0 	2.15995000439 	-5.88599999995 	0.0 	0.0 	3.05535680916	2.56707343998	112.042565032	-6.55293973642	
8.11666666667	-4.02984656776e-06	-3.96061421351e-06	0.0 	0.0 	135.261946672 	2.01280000439 	0.0 	0.0 	0.0 	-0.0 	2.06185000439 	-5.88599999995 	0.0 	0.0 	3.07290671859	2.5670734406	112.070396925	-6.59593245034	
8.13333333333	-4.02984656776e-06	-3.88423901487e-06	0.0 	0.0 	135.294675839 	1.91470000439 	0.0 	0.0 	0.0 	-0.0 	1.96375000439 	-5.88599999995 	0.0 	0.0 	3.09029824457	2.56707344112	112.098386336	-6.63916848728	
8.15	-6.00164189331e-06	-4.33487102412e-06	0.0 	0.0 	135.325770006 	1.81660000439 	0.0 	0.0 	0.0 	-0.0 	1.86565000439 	-5.88599999997 	0.0 	0.0 	3.10753281645	2.56707344155	112.126531843	-6.68264565131	
8.16666666667	-6.00164189331e-06	-4.73619742095e-06	0.0 	0.0 	135.355229172 	1.71850000439 	0.0 	0.0 	0.0 	-0.0 	1.76755000439 	-5.88599999997 	0.0 	0.0 	3.12461185071	2.56707344191	112.154832039	-6.72636176632	
8.18333333333	-6.00164189331e-06	-5.08677051826e-06	0.0 	0.0 	135.383053339 	1.62040000439 	0.0 	0.0 	0.0 	-0.0 	1.66945000439 	-5.88599999997 	0.0 	0.0 	3.14153675104	2.56707344221	112.183285527	-6.77031467583	
8.2	-6.00164189331e-06	-5.38705439914e-06	0.0 	0.0 	135.409242506 	1.5223000044 	0.0 	0.0 	0.0 	-0.0 	1.57135000439 	-5.88599999997 	0.0 	0.0 	3.15830890845	2.56707344246	112.211890923	-6.81450224284	
8.21666666667	-6.00164189331e-06	-5.63898026601e-06	0.0 	0.0 	135.433796673 	1.4242000044 	0.0 	0.0 	0.0 	-0.0 	1.4732500044 	-5.88599999997 	0.0 	0.0 	3.17492970142	2.56707344266	112.240646857	-6.85892234961	
8.23333333333	-6.00164189331e-06	-5.8455559887e-06	0.0 	0.0 	135.456715839 	1.3261000044 	0.0 	0.0 	0.0 	-0.0 	1.3751500044 	-5.88599999997 	0.0 	0.0 	3.19140049596	2.56707344284	112.269551969	-6.90357289754	
8.25	-6.00164189331e-06	-6.01052985829e-06	0.0 	0.0 	135.478000006 	1.2280000044 	0.0 	0.0 	0.0 	-0.0 	1.2770500044 	-5.88599999997 	0.0 	0.0 	3.20772264578	2.56707344298	112.298604915	-6.94845180695	
8.26666666667	-6.70320444667e-06	-6.31788226263e-06	0.0 	0.0 	135.497649173 	1.1299000044 	0.0 	0.0 	0.0 	-0.0 	1.1789500044 	-5.88599999999 	0.0 	0.0 	3.22389749236	2.5670734431	112.327804359	-6.99355701694	
8.28333333333	-6.70320444667e-06	-6.56812169423e-06	0.0 	0.0 	135.51566334 	1.0318000044 	0.0 	0.0 	0.0 	-0.0 	1.0808500044 	-5.88599999999 	0.0 	0.0 	3.23992636506	2.5670734432	112.35714898	-7.0388864852	
8.3	-6.70320444667e-06	-6.76627858974e-06	0.0 	0.0 	135.532042506 	0.933700004397 	0.0 	0.0 	0.0 	-0.0 	0.982750004397 	-5.88599999999 	0.0 	0.0 	3.25581058127	2.56707344329	112.386637467	-7.08443818786	
8.31666666667	-6.70320444667e-06	-6.76627858974e-06	0.0 	0.0 	135.532042506 	0.0 	0.0 	0.0 	0.0 	0.0 	0.0 	0.0 	0.0 	0.0 	0.0	2.56707344329	112.386637467	-7.08443818786	
8.33333333333	-6.70320444667e-06	-6.76627858974e-06	0.0 	0.0 	135.532042506 	0.0 	0.0 	0.0 	0.0 	0.0 	0.0 	0.0 	0.0 	0.0 	0.0	2.56707344329	112.386637467	-7.08443818786	
8.35	-6.70320444667e-06	-6.76627858974e-06	0.0 	0.0 	135.532042506 	0.0 	0.0 	0.0 	0.0 	0.0 	0.0 	0.0 	0.0 	0.0 	0.0	2.56707344329	112.386637467	-7.08443818786	
8.36666666667	-6.70320444667e-06	-6.76627858974e-06	0.0 	0.0 	135.532042506 	0.0 	0.0 	0.0 	0.0 	0.0 	0.0 	0.0 	0.0 	0.0 	0.0	2.56707344329	112.386637467	-7.08443818786	
8.38333333333	-6.70320444667e-06	-6.76627858974e-06	0.0 	0.0 	135.532042506 	0.0 	0.0 	0.0 	0.0 	0.0 	0.0 	0.0 	0.0 	0.0 	0.0	2.56707344329	112.386637467	-7.08443818786	
8.4	-6.70320444667e-06	-6.76627858974e-06	0.0 	0.0 	135.532042506 	0.0 	0.0 	0.0 	0.0 	0.0 	0.0 	0.0 	0.0 	0.0 	0.0	2.56707344329	112.386637467	-7.08443818786	
8.41666666667	-6.70320444667e-06	-6.76627858974e-06	0.0 	0.0 	135.532042506 	0.0 	0.0 	0.0 	0.0 	0.0 	0.0 	0.0 	0.0 	0.0 	0.0	2.56707344329	112.386637467	-7.08443818786	
8.43333333333	-6.70320444667e-06	-6.76627858974e-06	0.0 	0.0 	135.532042506 	0.0 	0.0 	0.0 	0.0 	0.0 	0.0 	0.0 	0.0 	0.0 	0.0	2.56707344329	112.386637467	-7.08443818786	
8.45	-6.70320444667e-06	-6.76627858974e-06	0.0 	0.0 	135.532042506 	0.0 	0.0 	0.0 	0.0 	0.0 	0.0 	0.0 	0.0 	0.0 	0.0	2.56707344329	112.386637467	-7.08443818786	
8.46666666667	-6.70320444667e-06	-6.76627858974e-06	0.0 	0.0 	135.532042506 	0.0 	0.0 	0.0 	0.0 	0.0 	0.0 	0.0 	0.0 	0.0 	0.0	2.56707344329	112.386637467	-7.08443818786	
8.48333333333	-6.70320444667e-06	-6.76627858974e-06	0.0 	0.0 	135.532042506 	0.0 	0.0 	0.0 	0.0 	0.0 	0.0 	0.0 	0.0 	0.0 	0.0	2.56707344329	112.386637467	-7.08443818786	
8.5	-6.70320444667e-06	-6.76627858974e-06	0.0 	0.0 	135.532042506 	0.0 	0.0 	0.0 	0.0 	0.0 	0.0 	0.0 	0.0 	0.0 	0.0	2.56707344329	112.386637467	-7.08443818786	
8.51666666667	-6.70320444667e-06	-6.76627858974e-06	0.0 	0.0 	135.532042506 	0.0 	0.0 	0.0 	0.0 	0.0 	0.0 	0.0 	0.0 	0.0 	0.0	2.56707344329	112.386637467	-7.08443818786	
8.53333333333	-6.70320444667e-06	-6.76627858974e-06	0.0 	0.0 	135.532042506 	0.0 	0.0 	0.0 	0.0 	0.0 	0.0 	0.0 	0.0 	0.0 	0.0	2.56707344329	112.386637467	-7.08443818786	
8.55	-6.70320444667e-06	-6.76627858974e-06	0.0 	0.0 	135.532042506 	0.0 	0.0 	0.0 	0.0 	0.0 	0.0 	0.0 	0.0 	0.0 	0.0	2.56707344329	112.386637467	-7.08443818786	
8.56666666667	-6.70320444667e-06	-6.76627858974e-06	0.0 	0.0 	135.532042506 	0.0 	0.0 	0.0 	0.0 	0.0 	0.0 	0.0 	0.0 	0.0 	0.0	2.56707344329	112.386637467	-7.08443818786	
8.58333333333	-6.70320444667e-06	-6.76627858974e-06	0.0 	0.0 	135.532042506 	0.0 	0.0 	0.0 	0.0 	0.0 	0.0 	0.0 	0.0 	0.0 	0.0	2.56707344329	112.386637467	-7.08443818786	
8.6	-6.70320444667e-06	-6.76627858974e-06	0.0 	0.0 	135.532042506 	0.0 	0.0 	0.0 	0.0 	0.0 	0.0 	0.0 	0.0 	0.0 	0.0	2.56707344329	112.386637467	-7.08443818786	
8.61666666667	-6.70320444667e-06	-6.76627858974e-06	0.0 	0.0 	135.532042506 	0.0 	0.0 	0.0 	0.0 	0.0 	0.0 	0.0 	0.0 	0.0 	0.0	2.56707344329	112.386637467	-7.08443818786	
8.63333333333	-6.70320444667e-06	-6.76627858974e-06	0.0 	0.0 	135.532042506 	0.0 	0.0 	0.0 	0.0 	0.0 	0.0 	0.0 	0.0 	0.0 	0.0	2.56707344329	112.386637467	-7.08443818786	
8.65	-6.70320444667e-06	-6.76627858974e-06	0.0 	0.0 	135.532042506 	0.0 	0.0 	0.0 	0.0 	0.0 	0.0 	0.0 	0.0 	0.0 	0.0	2.56707344329	112.386637467	-7.08443818786	
8.66666666667	-6.70320444667e-06	-6.76627858974e-06	0.0 	0.0 	135.532042506 	0.0 	0.0 	0.0 	0.0 	0.0 	0.0 	0.0 	0.0 	0.0 	0.0	2.56707344329	112.386637467	-7.08443818786	
8.68333333333	-6.70320444667e-06	-6.76627858974e-06	0.0 	0.0 	135.532042506 	0.0 	0.0 	0.0 	0.0 	0.0 	0.0 	0.0 	0.0 	0.0 	0.0	2.56707344329	112.386637467	-7.08443818786	
8.7	-6.70320444667e-06	-6.76627858974e-06	0.0 	0.0 	135.532042506 	0.0 	0.0 	0.0 	0.0 	0.0 	0.0 	0.0 	0.0 	0.0 	0.0	2.56707344329	112.386637467	-7.08443818786	
8.71666666667	-6.70320444667e-06	-6.76627858974e-06	0.0 	0.0 	135.532042506 	0.0 	0.0 	0.0 	0.0 	0.0 	0.0 	0.0 	0.0 	0.0 	0.0	2.56707344329	112.386637467	-7.08443818786	
8.73333333333	-6.70320444667e-06	-6.76627858974e-06	0.0 	0.0 	135.532042506 	0.0 	0.0 	0.0 	0.0 	0.0 	0.0 	0.0 	0.0 	0.0 	0.0	2.56707344329	112.386637467	-7.08443818786	
8.75	-6.70320444667e-06	-6.76627858974e-06	0.0 	0.0 	135.532042506 	0.0 	0.0 	0.0 	0.0 	0.0 	0.0 	0.0 	0.0 	0.0 	0.0	2.56707344329	112.386637467	-7.08443818786	
8.76666666667	-6.70320444667e-06	-6.76627858974e-06	0.0 	0.0 	135.532042506 	0.0 	0.0 	0.0 	0.0 	0.0 	0.0 	0.0 	0.0 	0.0 	0.0	2.56707344329	112.386637467	-7.08443818786	
8.78333333333	-6.70320444667e-06	-6.76627858974e-06	0.0 	0.0 	135.532042506 	0.0 	0.0 	0.0 	0.0 	0.0 	0.0 	0.0 	0.0 	0.0 	0.0	2.56707344329	112.386637467	-7.08443818786	
8.8	-6.70320444667e-06	-6.76627858974e-06	0.0 	0.0 	135.532042506 	0.0 	0.0 	0.0 	0.0 	0.0 	0.0 	0.0 	0.0 	0.0 	0.0	2.56707344329	112.386637467	-7.08443818786	
8.81666666667	-6.70320444667e-06	-6.76627858974e-06	0.0 	0.0 	135.532042506 	0.0 	0.0 	0.0 	0.0 	0.0 	0.0 	0.0 	0.0 	0.0 	0.0	2.56707344329	112.386637467	-7.08443818786	
8.83333333333	-6.70320444667e-06	-6.76627858974e-06	0.0 	0.0 	135.532042506 	0.0 	0.0 	0.0 	0.0 	0.0 	0.0 	0.0 	0.0 	0.0 	0.0	2.56707344329	112.386637467	-7.08443818786	
8.85	-6.70320444667e-06	-6.76627858974e-06	0.0 	0.0 	135.532042506 	0.0 	0.0 	0.0 	0.0 	0.0 	0.0 	0.0 	0.0 	0.0 	0.0	2.56707344329	112.386637467	-7.08443818786	
8.86666666667	-6.70320444667e-06	-6.76627858974e-06	0.0 	0.0 	135.532042506 	0.0 	0.0 	0.0 	0.0 	0.0 	0.0 	0.0 	0.0 	0.0 	0.0	2.56707344329	112.386637467	-7.08443818786	
8.88333333333	-6.70320444667e-06	-6.76627858974e-06	0.0 	0.0 	135.532042506 	0.0 	0.0 	0.0 	0.0 	0.0 	0.0 	0.0 	0.0 	0.0 	0.0	2.56707344329	112.386637467	-7.08443818786	
8.9	-6.70320444667e-06	-6.76627858974e-06	0.0 	0.0 	135.532042506 	0.0 	0.0 	0.0 	0.0 	0.0 	0.0 	0.0 	0.0 	0.0 	0.0	2.56707344329	112.386637467	-7.08443818786	
8.91666666667	-6.70320444667e-06	-6.76627858974e-06	0.0 	0.0 	135.532042506 	0.0 	0.0 	0.0 	0.0 	0.0 	0.0 	0.0 	0.0 	0.0 	0.0	2.56707344329	112.386637467	-7.08443818786	
8.93333333333	-6.70320444667e-06	-6.76627858974e-06	0.0 	0.0 	135.532042506 	0.0 	0.0 	0.0 	0.0 	0.0 	0.0 	0.0 	0.0 	0.0 	0.0	2.56707344329	112.386637467	-7.08443818786	
8.95	-6.70320444667e-06	-6.76627858974e-06	0.0 	0.0 	135.532042506 	0.0 	0.0 	0.0 	0.0 	0.0 	0.0 	0.0 	0.0 	0.0 	0.0	2.56707344329	112.386637467	-7.08443818786	
8.96666666667	-6.70320444667e-06	-6.76627858974e-06	0.0 	0.0 	135.532042506 	0.0 	0.0 	0.0 	0.0 	0.0 	0.0 	0.0 	0.0 	0.0 	0.0	2.56707344329	112.386637467	-7.08443818786	
8.98333333333	-6.70320444667e-06	-6.76627858974e-06	0.0 	0.0 	135.532042506 	0.0 	0.0 	0.0 	0.0 	0.0 	0.0 	0.0 	0.0 	0.0 	0.0	2.56707344329	112.386637467	-7.08443818786	
9.0	-6.70320444667e-06	-6.76627858974e-06	0.0 	0.0 	135.532042506 	0.0 	0.0 	0.0 	0.0 	0.0 	0.0 	0.0 	0.0 	0.0 	0.0	2.56707344329	112.386637467	-7.08443818786	
9.01666666667	-6.70320444667e-06	-6.76627858974e-06	0.0 	0.0 	135.532042506 	0.0 	0.0 	0.0 	0.0 	0.0 	0.0 	0.0 	0.0 	0.0 	0.0	2.56707344329	112.386637467	-7.08443818786	
9.03333333333	-6.70320444667e-06	-6.76627858974e-06	0.0 	0.0 	135.532042506 	0.0 	0.0 	0.0 	0.0 	0.0 	0.0 	0.0 	0.0 	0.0 	0.0	2.56707344329	112.386637467	-7.08443818786	
9.05	-6.70320444667e-06	-6.76627858974e-06	0.0 	0.0 	135.532042506 	0.0 	0.0 	0.0 	0.0 	0.0 	0.0 	0.0 	0.0 	0.0 	0.0	2.56707344329	112.386637467	-7.08443818786	
9.06666666667	-6.70320444667e-06	-6.76627858974e-06	0.0 	0.0 	135.532042506 	0.0 	0.0 	0.0 	0.0 	0.0 	0.0 	0.0 	0.0 	0.0 	0.0	2.56707344329	112.386637467	-7.08443818786	
9.08333333333	-6.70320444667e-06	-6.76627858974e-06	0.0 	0.0 	135.532042506 	0.0 	0.0 	0.0 	0.0 	0.0 	0.0 	0.0 	0.0 	0.0 	0.0	2.56707344329	112.386637467	-7.08443818786	
9.1	-6.70320444667e-06	-6.76627858974e-06	0.0 	0.0 	135.532042506 	0.0 	0.0 	0.0 	0.0 	0.0 	0.0 	0.0 	0.0 	0.0 	0.0	2.56707344329	112.386637467	-7.08443818786	
9.11666666667	-6.70320444667e-06	-6.76627858974e-06	0.0 	0.0 	135.532042506 	0.0 	0.0 	0.0 	0.0 	0.0 	0.0 	0.0 	0.0 	0.0 	0.0	2.56707344329	112.386637467	-7.08443818786	
9.13333333333	-6.70320444667e-06	-6.76627858974e-06	0.0 	0.0 	135.532042506 	0.0 	0.0 	0.0 	0.0 	0.0 	0.0 	0.0 	0.0 	0.0 	0.0	2.56707344329	112.386637467	-7.08443818786	
9.15	-6.70320444667e-06	-6.76627858974e-06	0.0 	0.0 	135.532042506 	0.0 	0.0 	0.0 	0.0 	0.0 	0.0 	0.0 	0.0 	0.0 	0.0	2.56707344329	112.386637467	-7.08443818786	
9.16666666667	-6.70320444667e-06	-6.76627858974e-06	0.0 	0.0 	135.532042506 	0.0 	0.0 	0.0 	0.0 	0.0 	0.0 	0.0 	0.0 	0.0 	0.0	2.56707344329	112.386637467	-7.08443818786	
9.18333333333	-6.70320444667e-06	-6.76627858974e-06	0.0 	0.0 	135.532042506 	0.0 	0.0 	0.0 	0.0 	0.0 	0.0 	0.0 	0.0 	0.0 	0.0	2.56707344329	112.386637467	-7.08443818786	
9.2	-6.70320444667e-06	-6.76627858974e-06	0.0 	0.0 	135.532042506 	0.0 	0.0 	0.0 	0.0 	0.0 	0.0 	0.0 	0.0 	0.0 	0.0	2.56707344329	112.386637467	-7.08443818786	
9.21666666667	-6.70320444667e-06	-6.76627858974e-06	0.0 	0.0 	135.532042506 	0.0 	0.0 	0.0 	0.0 	0.0 	0.0 	0.0 	0.0 	0.0 	0.0	2.56707344329	112.386637467	-7.08443818786	
9.23333333333	-6.70320444667e-06	-6.76627858974e-06	0.0 	0.0 	135.532042506 	0.0 	0.0 	0.0 	0.0 	0.0 	0.0 	0.0 	0.0 	0.0 	0.0	2.56707344329	112.386637467	-7.08443818786	
9.25	-6.70320444667e-06	-6.76627858974e-06	0.0 	0.0 	135.532042506 	0.0 	0.0 	0.0 	0.0 	0.0 	0.0 	0.0 	0.0 	0.0 	0.0	2.56707344329	112.386637467	-7.08443818786	
9.26666666667	-6.70320444667e-06	-6.76627858974e-06	0.0 	0.0 	135.532042506 	0.0 	0.0 	0.0 	0.0 	0.0 	0.0 	0.0 	0.0 	0.0 	0.0	2.56707344329	112.386637467	-7.08443818786	
9.28333333333	-6.70320444667e-06	-6.76627858974e-06	0.0 	0.0 	135.532042506 	0.0 	0.0 	0.0 	0.0 	0.0 	0.0 	0.0 	0.0 	0.0 	0.0	2.56707344329	112.386637467	-7.08443818786	
9.3	-6.70320444667e-06	-6.76627858974e-06	0.0 	0.0 	135.532042506 	0.0 	0.0 	0.0 	0.0 	0.0 	0.0 	0.0 	0.0 	0.0 	0.0	2.56707344329	112.386637467	-7.08443818786	
9.31666666667	-6.70320444667e-06	-6.76627858974e-06	0.0 	0.0 	135.532042506 	0.0 	0.0 	0.0 	0.0 	0.0 	0.0 	0.0 	0.0 	0.0 	0.0	2.56707344329	112.386637467	-7.08443818786	
9.33333333333	-6.70320444667e-06	-6.76627858974e-06	0.0 	0.0 	135.532042506 	0.0 	0.0 	0.0 	0.0 	0.0 	0.0 	0.0 	0.0 	0.0 	0.0	2.56707344329	112.386637467	-7.08443818786	
9.35	-6.70320444667e-06	-6.76627858974e-06	0.0 	0.0 	135.532042506 	0.0 	0.0 	0.0 	0.0 	0.0 	0.0 	0.0 	0.0 	0.0 	0.0	2.56707344329	112.386637467	-7.08443818786	
9.36666666667	-6.70320444667e-06	-6.76627858974e-06	0.0 	0.0 	135.532042506 	0.0 	0.0 	0.0 	0.0 	0.0 	0.0 	0.0 	0.0 	0.0 	0.0	2.56707344329	112.386637467	-7.08443818786	
9.38333333333	-6.70320444667e-06	-6.76627858974e-06	0.0 	0.0 	135.532042506 	0.0 	0.0 	0.0 	0.0 	0.0 	0.0 	0.0 	0.0 	0.0 	0.0	2.56707344329	112.386637467	-7.08443818786	
9.4	-6.70320444667e-06	-6.76627858974e-06	0.0 	0.0 	135.532042506 	0.0 	0.0 	0.0 	0.0 	0.0 	0.0 	0.0 	0.0 	0.0 	0.0	2.56707344329	112.386637467	-7.08443818786	
9.41666666667	-6.70320444667e-06	-6.76627858974e-06	0.0 	0.0 	135.532042506 	0.0 	0.0 	0.0 	0.0 	0.0 	0.0 	0.0 	0.0 	0.0 	0.0	2.56707344329	112.386637467	-7.08443818786	
9.43333333333	-6.70320444667e-06	-6.76627858974e-06	0.0 	0.0 	135.532042506 	0.0 	0.0 	0.0 	0.0 	0.0 	0.0 	0.0 	0.0 	0.0 	0.0	2.56707344329	112.386637467	-7.08443818786	
9.45	-6.70320444667e-06	-6.76627858974e-06	0.0 	0.0 	135.532042506 	0.0 	0.0 	0.0 	0.0 	0.0 	0.0 	0.0 	0.0 	0.0 	0.0	2.56707344329	112.386637467	-7.08443818786	
9.46666666667	-6.70320444667e-06	-6.76627858974e-06	0.0 	0.0 	135.532042506 	0.0 	0.0 	0.0 	0.0 	0.0 	0.0 	0.0 	0.0 	0.0 	0.0	2.56707344329	112.386637467	-7.08443818786	
9.48333333333	-6.70320444667e-06	-6.76627858974e-06	0.0 	0.0 	135.532042506 	0.0 	0.0 	0.0 	0.0 	0.0 	0.0 	0.0 	0.0 	0.0 	0.0	2.56707344329	112.386637467	-7.08443818786	
9.5	-6.70320444667e-06	-6.76627858974e-06	0.0 	0.0 	135.532042506 	0.0 	0.0 	0.0 	0.0 	0.0 	0.0 	0.0 	0.0 	0.0 	0.0	2.56707344329	112.386637467	-7.08443818786	
9.51666666667	-6.70320444667e-06	-6.76627858974e-06	0.0 	0.0 	135.532042506 	0.0 	0.0 	0.0 	0.0 	0.0 	0.0 	0.0 	0.0 	0.0 	0.0	2.56707344329	112.386637467	-7.08443818786	
9.53333333333	-6.70320444667e-06	-6.76627858974e-06	0.0 	0.0 	135.532042506 	0.0 	0.0 	0.0 	0.0 	0.0 	0.0 	0.0 	0.0 	0.0 	0.0	2.56707344329	112.386637467	-7.08443818786	
9.55	-6.70320444667e-06	-6.76627858974e-06	0.0 	0.0 	135.532042506 	0.0 	0.0 	0.0 	0.0 	0.0 	0.0 	0.0 	0.0 	0.0 	0.0	2.56707344329	112.386637467	-7.08443818786	
9.56666666667	-6.70320444667e-06	-6.76627858974e-06	0.0 	0.0 	135.532042506 	0.0 	0.0 	0.0 	0.0 	0.0 	0.0 	0.0 	0.0 	0.0 	0.0	2.56707344329	112.386637467	-7.08443818786	
9.58333333333	-6.70320444667e-06	-6.76627858974e-06	0.0 	0.0 	135.532042506 	0.0 	0.0 	0.0 	0.0 	0.0 	0.0 	0.0 	0.0 	0.0 	0.0	2.56707344329	112.386637467	-7.08443818786	
9.6	-6.70320444667e-06	-6.76627858974e-06	0.0 	0.0 	135.532042506 	0.0 	0.0 	0.0 	0.0 	0.0 	0.0 	0.0 	0.0 	0.0 	0.0	2.56707344329	112.386637467	-7.08443818786	
9.61666666667	-6.70320444667e-06	-6.76627858974e-06	0.0 	0.0 	135.532042506 	0.0 	0.0 	0.0 	0.0 	0.0 	0.0 	0.0 	0.0 	0.0 	0.0	2.56707344329	112.386637467	-7.08443818786	
9.63333333333	-6.70320444667e-06	-6.76627858974e-06	0.0 	0.0 	135.532042506 	0.0 	0.0 	0.0 	0.0 	0.0 	0.0 	0.0 	0.0 	0.0 	0.0	2.56707344329	112.386637467	-7.08443818786	
9.65	-6.70320444667e-06	-6.76627858974e-06	0.0 	0.0 	135.532042506 	0.0 	0.0 	0.0 	0.0 	0.0 	0.0 	0.0 	0.0 	0.0 	0.0	2.56707344329	112.386637467	-7.08443818786	
9.66666666667	-6.70320444667e-06	-6.76627858974e-06	0.0 	0.0 	135.532042506 	0.0 	0.0 	0.0 	0.0 	0.0 	0.0 	0.0 	0.0 	0.0 	0.0	2.56707344329	112.386637467	-7.08443818786	
9.68333333333	-6.70320444667e-06	-6.76627858974e-06	0.0 	0.0 	135.532042506 	0.0 	0.0 	0.0 	0.0 	0.0 	0.0 	0.0 	0.0 	0.0 	0.0	2.56707344329	112.386637467	-7.08443818786	
9.7	-6.70320444667e-06	-6.76627858974e-06	0.0 	0.0 	135.532042506 	0.0 	0.0 	0.0 	0.0 	0.0 	0.0 	0.0 	0.0 	0.0 	0.0	2.56707344329	112.386637467	-7.08443818786	
9.71666666667	-6.70320444667e-06	-6.76627858974e-06	0.0 	0.0 	135.532042506 	0.0 	0.0 	0.0 	0.0 	0.0 	0.0 	0.0 	0.0 	0.0 	0.0	2.56707344329	112.386637467	-7.08443818786	
9.73333333333	-6.70320444667e-06	-6.76627858974e-06	0.0 	0.0 	135.532042506 	0.0 	0.0 	0.0 	0.0 	0.0 	0.0 	0.0 	0.0 	0.0 	0.0	2.56707344329	112.386637467	-7.08443818786	
9.75	-6.70320444667e-06	-6.76627858974e-06	0.0 	0.0 	135.532042506 	0.0 	0.0 	0.0 	0.0 	0.0 	0.0 	0.0 	0.0 	0.0 	0.0	2.56707344329	112.386637467	-7.08443818786	
9.76666666667	-6.70320444667e-06	-6.76627858974e-06	0.0 	0.0 	135.532042506 	0.0 	0.0 	0.0 	0.0 	0.0 	0.0 	0.0 	0.0 	0.0 	0.0	2.56707344329	112.386637467	-7.08443818786	
9.78333333333	-6.70320444667e-06	-6.76627858974e-06	0.0 	0.0 	135.532042506 	0.0 	0.0 	0.0 	0.0 	0.0 	0.0 	0.0 	0.0 	0.0 	0.0	2.56707344329	112.386637467	-7.08443818786	
9.8	-6.70320444667e-06	-6.76627858974e-06	0.0 	0.0 	135.532042506 	0.0 	0.0 	0.0 	0.0 	0.0 	0.0 	0.0 	0.0 	0.0 	0.0	2.56707344329	112.386637467	-7.08443818786	
9.81666666667	-6.70320444667e-06	-6.76627858974e-06	0.0 	0.0 	135.532042506 	0.0 	0.0 	0.0 	0.0 	0.0 	0.0 	0.0 	0.0 	0.0 	0.0	2.56707344329	112.386637467	-7.08443818786	
9.83333333333	-6.70320444667e-06	-6.76627858974e-06	0.0 	0.0 	135.532042506 	0.0 	0.0 	0.0 	0.0 	0.0 	0.0 	0.0 	0.0 	0.0 	0.0	2.56707344329	112.386637467	-7.08443818786	
9.85	-6.70320444667e-06	-6.76627858974e-06	0.0 	0.0 	135.532042506 	0.0 	0.0 	0.0 	0.0 	0.0 	0.0 	0.0 	0.0 	0.0 	0.0	2.56707344329	112.386637467	-7.08443818786	
9.86666666667	-6.70320444667e-06	-6.76627858974e-06	0.0 	0.0 	135.532042506 	0.0 	0.0 	0.0 	0.0 	0.0 	0.0 	0.0 	0.0 	0.0 	0.0	2.56707344329	112.386637467	-7.08443818786	
9.88333333333	-6.70320444667e-06	-6.76627858974e-06	0.0 	0.0 	135.532042506 	0.0 	0.0 	0.0 	0.0 	0.0 	0.0 	0.0 	0.0 	0.0 	0.0	2.56707344329	112.386637467	-7.08443818786	
9.9	-6.70320444667e-06	-6.76627858974e-06	0.0 	0.0 	135.532042506 	0.0 	0.0 	0.0 	0.0 	0.0 	0.0 	0.0 	0.0 	0.0 	0.0	2.56707344329	112.386637467	-7.08443818786	
9.91666666667	-6.70320444667e-06	-6.76627858974e-06	0.0 	0.0 	135.532042506 	0.0 	0.0 	0.0 	0.0 	0.0 	0.0 	0.0 	0.0 	0.0 	0.0	2.56707344329	112.386637467	-7.08443818786	
9.93333333333	-6.70320444667e-06	-6.76627858974e-06	0.0 	0.0 	135.532042506 	0.0 	0.0 	0.0 	0.0 	0.0 	0.0 	0.0 	0.0 	0.0 	0.0	2.56707344329	112.386637467	-7.08443818786	
9.95	-6.70320444667e-06	-6.76627858974e-06	0.0 	0.0 	135.532042506 	0.0 	0.0 	0.0 	0.0 	0.0 	0.0 	0.0 	0.0 	0.0 	0.0	2.56707344329	112.386637467	-7.08443818786	
9.96666666667	-6.70320444667e-06	-6.76627858974e-06	0.0 	0.0 	135.532042506 	0.0 	0.0 	0.0 	0.0 	0.0 	0.0 	0.0 	0.0 	0.0 	0.0	2.56707344329	112.386637467	-7.08443818786	
9.98333333333	-6.70320444667e-06	-6.76627858974e-06	0.0 	0.0 	135.532042506 	0.0 	0.0 	0.0 	0.0 	0.0 	0.0 	0.0 	0.0 	0.0 	0.0	2.56707344329	112.386637467	-7.08443818786	
