0.0166666666667	0.0	0.0	0.0 	0.0 	60.2333333333 	14.0 	0.0 	0.0 	0.0 	0.0 	14.0 	0.0 	0.0 	0.0 	0.0	1.36741935484	140.0	-26.6451612903	
0.0333333333333	0.0	0.0	0.0 	0.0 	60.4666666667 	14.0 	0.0 	0.0 	0.0 	-0.0 	14.0 	0.0 	0.0 	0.0 	0.0	1.36741935484	140.0	-26.6451612903	
0.05	0.0	0.0	0.0 	0.0 	60.7 	14.0 	0.0 	0.0 	0.0 	-0.0 	14.0 	0.0 	0.0 	0.0 	0.0	1.36741935484	140.0	-26.6451612903	
0.0666666666667	0.0	0.0	0.0 	0.0 	60.9333333333 	14.0 	0.0 	0.0 	0.0 	-0.0 	14.0 	0.0 	0.0 	0.0 	0.0	1.36741935484	140.0	-26.6451612903	
0.0833333333333	0.0	0.0	0.0 	0.0 	61.1666666667 	14.0 	0.0 	0.0 	0.0 	-0.0 	14.0 	0.0 	0.0 	0.0 	0.0	1.36741935484	140.0	-26.6451612903	
0.1	0.0	0.0	0.0 	0.0 	61.4 	14.0 	0.0 	0.0 	0.0 	-0.0 	14.0 	0.0 	0.0 	0.0 	0.0	1.36741935484	140.0	-26.6451612903	
0.116666666667	0.0	0.0	0.0 	0.0 	61.6333333333 	14.0 	0.0 	0.0 	0.0 	-0.0 	14.0 	0.0 	0.0 	0.0 	0.0	1.36741935484	140.0	-26.6451612903	
0.133333333333	0.0	0.0	0.0 	0.0 	61.8666666667 	14.0 	0.0 	0.0 	0.0 	-0.0 	14.0 	0.0 	0.0 	0.0 	0.0	1.36741935484	140.0	-26.6451612903	
0.15	0.0	0.0	0.0 	0.0 	62.1 	14.0 	0.0 	0.0 	0.0 	-0.0 	14.0 	0.0 	0.0 	0.0 	0.0	1.36741935484	140.0	-26.6451612903	
0.166666666667	0.0	0.0	0.0 	0.0 	62.3333333333 	14.0 	0.0 	0.0 	0.0 	-0.0 	14.0 	0.0 	0.0 	0.0 	0.0	1.36741935484	140.0	-26.6451612903	
0.183333333333	0.0	0.0	0.0 	0.0 	62.5666666667 	14.0 	0.0 	0.0 	0.0 	-0.0 	14.0 	0.0 	0.0 	0.0 	0.0	1.36741935484	140.0	-26.6451612903	
0.2	0.0	0.0	0.0 	0.0 	62.8 	14.0 	0.0 	0.0 	0.0 	-0.0 	14.0 	0.0 	0.0 	0.0 	0.0	1.36741935484	140.0	-26.6451612903	
0.216666666667	0.0	0.0	0.0 	0.0 	63.0333333333 	14.0 	0.0 	0.0 	0.0 	-0.0 	14.0 	0.0 	0.0 	0.0 	0.0	1.36741935484	140.0	-26.6451612903	
0.233333333333	0.0	0.0	0.0 	0.0 	63.2666666667 	14.0 	0.0 	0.0 	0.0 	-0.0 	14.0 	0.0 	0.0 	0.0 	0.0	1.36741935484	140.0	-26.6451612903	
0.25	0.0	0.0	0.0 	0.0 	63.5 	14.0 	0.0 	0.0 	0.0 	-0.0 	14.0 	0.0 	0.0 	0.0 	0.0	1.36741935484	140.0	-26.6451612903	
0.266666666667	0.0	0.0	0.0 	0.0 	63.7333333333 	14.0 	0.0 	0.0 	0.0 	-0.0 	14.0 	0.0 	0.0 	0.0 	0.0	1.36741935484	140.0	-26.6451612903	
0.283333333333	0.0	0.0	0.0 	0.0 	63.9666666667 	14.0 	0.0 	0.0 	0.0 	-0.0 	14.0 	0.0 	0.0 	0.0 	0.0	1.36741935484	140.0	-26.6451612903	
0.3	0.0	0.0	0.0 	0.0 	64.2 	14.0 	0.0 	0.0 	0.0 	-0.0 	14.0 	0.0 	0.0 	0.0 	0.0	1.36741935484	140.0	-26.6451612903	
0.316666666667	0.0	0.0	0.0 	0.0 	64.4333333333 	14.0 	0.0 	0.0 	0.0 	-0.0 	14.0 	0.0 	0.0 	0.0 	0.0	1.36741935484	140.0	-26.6451612903	
0.333333333333	0.0	0.0	0.0 	0.0 	64.6666666667 	14.0 	0.0 	0.0 	0.0 	-0.0 	14.0 	0.0 	0.0 	0.0 	0.0	1.36741935484	140.0	-26.6451612903	
0.35	0.0	0.0	0.0 	0.0 	64.9 	14.0 	0.0 	0.0 	0.0 	-0.0 	14.0 	0.0 	0.0 	0.0 	0.0	1.36741935484	140.0	-26.6451612903	
0.366666666667	0.0	0.0	0.0 	0.0 	65.1333333333 	14.0 	0.0 	0.0 	0.0 	-0.0 	14.0 	0.0 	0.0 	0.0 	0.0	1.36741935484	140.0	-26.6451612903	
0.383333333333	0.0	0.0	0.0 	0.0 	65.3666666667 	14.0 	0.0 	0.0 	0.0 	-0.0 	14.0 	0.0 	0.0 	0.0 	0.0	1.36741935484	140.0	-26.6451612903	
0.4	0.0	0.0	0.0 	0.0 	65.6 	14.0 	0.0 	0.0 	0.0 	-0.0 	14.0 	0.0 	0.0 	0.0 	0.0	1.36741935484	140.0	-26.6451612903	
0.416666666667	0.0	0.0	0.0 	0.0 	65.8333333333 	14.0 	0.0 	0.0 	0.0 	-0.0 	14.0 	0.0 	0.0 	0.0 	0.0	1.36741935484	140.0	-26.6451612903	
0.433333333333	0.0	0.0	0.0 	0.0 	66.0666666667 	14.0 	0.0 	0.0 	0.0 	-0.0 	14.0 	0.0 	0.0 	0.0 	0.0	1.36741935484	140.0	-26.6451612903	
0.45	0.0	0.0	0.0 	0.0 	66.3 	14.0 	0.0 	0.0 	0.0 	-0.0 	14.0 	0.0 	0.0 	0.0 	0.0	1.36741935484	140.0	-26.6451612903	
0.466666666667	0.0	0.0	0.0 	0.0 	66.5333333333 	14.0 	0.0 	0.0 	0.0 	-0.0 	14.0 	0.0 	0.0 	0.0 	0.0	1.36741935484	140.0	-26.6451612903	
0.483333333333	0.0	0.0	0.0 	0.0 	66.7666666667 	14.0 	0.0 	0.0 	0.0 	-0.0 	14.0 	0.0 	0.0 	0.0 	0.0	1.36741935484	140.0	-26.6451612903	
0.5	0.0	0.0	0.0 	0.0 	67.0 	14.0 	0.0 	0.0 	0.0 	-0.0 	14.0 	0.0 	0.0 	0.0 	0.0	1.36741935484	140.0	-26.6451612903	
0.516666666667	0.0	0.0	0.0 	0.0 	67.2333333333 	14.0 	0.0 	0.0 	0.0 	-0.0 	14.0 	0.0 	0.0 	0.0 	0.0	1.36741935484	140.0	-26.6451612903	
0.533333333333	0.0	0.0	0.0 	0.0 	67.4666666667 	14.0 	0.0 	0.0 	0.0 	-0.0 	14.0 	0.0 	0.0 	0.0 	0.0	1.36741935484	140.0	-26.6451612903	
0.55	0.0	0.0	0.0 	0.0 	67.7 	14.0 	0.0 	0.0 	0.0 	-0.0 	14.0 	0.0 	0.0 	0.0 	0.0	1.36741935484	140.0	-26.6451612903	
0.566666666667	0.0	0.0	0.0 	0.0 	67.9333333333 	14.0 	0.0 	0.0 	0.0 	-0.0 	14.0 	0.0 	0.0 	0.0 	0.0	1.36741935484	140.0	-26.6451612903	
0.583333333333	0.0	0.0	0.0 	0.0 	68.1666666667 	14.0 	0.0 	0.0 	0.0 	-0.0 	14.0 	0.0 	0.0 	0.0 	0.0	1.36741935484	140.0	-26.6451612903	
0.6	0.0	0.0	0.0 	0.0 	68.4 	14.0 	0.0 	0.0 	0.0 	-0.0 	14.0 	0.0 	0.0 	0.0 	0.0	1.36741935484	140.0	-26.6451612903	
0.616666666667	0.0	0.0	0.0 	0.0 	68.6333333333 	14.0 	0.0 	0.0 	0.0 	-0.0 	14.0 	0.0 	0.0 	0.0 	0.0	1.36741935484	140.0	-26.6451612903	
0.633333333333	0.0	0.0	0.0 	0.0 	68.8666666667 	14.0 	0.0 	0.0 	0.0 	-0.0 	14.0 	0.0 	0.0 	0.0 	0.0	1.36741935484	140.0	-26.6451612903	
0.65	0.0	0.0	0.0 	0.0 	69.1 	14.0 	0.0 	0.0 	0.0 	-0.0 	14.0 	0.0 	0.0 	0.0 	0.0	1.36741935484	140.0	-26.6451612903	
0.666666666667	0.0	0.0	0.0 	0.0 	69.3333333333 	14.0 	0.0 	0.0 	0.0 	-0.0 	14.0 	0.0 	0.0 	0.0 	0.0	1.36741935484	140.0	-26.6451612903	
0.683333333333	0.0	0.0	0.0 	0.0 	69.5666666667 	14.0 	0.0 	0.0 	0.0 	-0.0 	14.0 	0.0 	0.0 	0.0 	0.0	1.36741935484	140.0	-26.6451612903	
0.7	0.0	0.0	0.0 	0.0 	69.8 	14.0 	0.0 	0.0 	0.0 	-0.0 	14.0 	0.0 	0.0 	0.0 	0.0	1.36741935484	140.0	-26.6451612903	
0.716666666667	0.0	0.0	0.0 	0.0 	70.0333333333 	14.0 	0.0 	0.0 	0.0 	-0.0 	14.0 	0.0 	0.0 	0.0 	0.0	1.36741935484	140.0	-26.6451612903	
0.733333333333	0.0	0.0	0.0 	0.0 	70.2666666667 	14.0 	0.0 	0.0 	0.0 	-0.0 	14.0 	0.0 	0.0 	0.0 	0.0	1.36741935484	140.0	-26.6451612903	
0.75	0.0	0.0	0.0 	0.0 	70.5 	14.0 	0.0 	0.0 	0.0 	-0.0 	14.0 	0.0 	0.0 	0.0 	0.0	1.36741935484	140.0	-26.6451612903	
0.766666666667	0.0	0.0	0.0 	0.0 	70.7333333333 	14.0 	0.0 	0.0 	0.0 	-0.0 	14.0 	0.0 	0.0 	0.0 	0.0	1.36741935484	140.0	-26.6451612903	
0.783333333333	0.0	0.0	0.0 	0.0 	70.9666666667 	14.0 	0.0 	0.0 	0.0 	-0.0 	14.0 	0.0 	0.0 	0.0 	0.0	1.36741935484	140.0	-26.6451612903	
0.8	0.0	0.0	0.0 	0.0 	71.2 	14.0 	0.0 	0.0 	0.0 	-0.0 	14.0 	0.0 	0.0 	0.0 	0.0	1.36741935484	140.0	-26.6451612903	
0.816666666667	0.0	0.0	0.0 	0.0 	71.4333333333 	14.0 	0.0 	0.0 	0.0 	-0.0 	14.0 	0.0 	0.0 	0.0 	0.0	1.36741935484	140.0	-26.6451612903	
0.833333333333	0.0	0.0	0.0 	0.0 	71.6666666667 	14.0 	0.0 	0.0 	0.0 	-0.0 	14.0 	0.0 	0.0 	0.0 	0.0	1.36741935484	140.0	-26.6451612903	
0.85	0.0	0.0	0.0 	0.0 	71.9 	14.0 	0.0 	0.0 	0.0 	-0.0 	14.0 	0.0 	0.0 	0.0 	0.0	1.36741935484	140.0	-26.6451612903	
0.866666666667	0.0	0.0	0.0 	0.0 	72.1333333333 	14.0 	0.0 	0.0 	0.0 	-0.0 	14.0 	0.0 	0.0 	0.0 	0.0	1.36741935484	140.0	-26.6451612903	
0.883333333333	0.0	0.0	0.0 	0.0 	72.3666666667 	14.0 	0.0 	0.0 	0.0 	-0.0 	14.0 	0.0 	0.0 	0.0 	0.0	1.36741935484	140.0	-26.6451612903	
0.9	0.0	0.0	0.0 	0.0 	72.6 	14.0 	0.0 	0.0 	0.0 	-0.0 	14.0 	0.0 	0.0 	0.0 	0.0	1.36741935484	140.0	-26.6451612903	
0.916666666667	0.0	0.0	0.0 	0.0 	72.8333333333 	14.0 	0.0 	0.0 	0.0 	-0.0 	14.0 	0.0 	0.0 	0.0 	0.0	1.36741935484	140.0	-26.6451612903	
0.933333333333	0.0	0.0	0.0 	0.0 	73.0666666667 	14.0 	0.0 	0.0 	0.0 	-0.0 	14.0 	0.0 	0.0 	0.0 	0.0	1.36741935484	140.0	-26.6451612903	
0.95	0.0	0.0	0.0 	0.0 	73.3 	14.0 	0.0 	0.0 	0.0 	-0.0 	14.0 	0.0 	0.0 	0.0 	0.0	1.36741935484	140.0	-26.6451612903	
0.966666666667	0.0	0.0	0.0 	0.0 	73.5333333333 	14.0 	0.0 	0.0 	0.0 	-0.0 	14.0 	0.0 	0.0 	0.0 	0.0	1.36741935484	140.0	-26.6451612903	
0.983333333333	0.0	0.0	0.0 	0.0 	73.7666666667 	14.0 	0.0 	0.0 	0.0 	-0.0 	14.0 	0.0 	0.0 	0.0 	0.0	1.36741935484	140.0	-26.6451612903	
1.0	0.0	0.0	0.0 	0.0 	74.0 	14.0 	0.0 	0.0 	0.0 	-0.0 	14.0 	0.0 	0.0 	0.0 	0.0	1.36741935484	140.0	-26.6451612903	
1.01666666667	0.0	0.0	0.0 	0.0 	74.2333333333 	14.0 	0.0 	0.0 	0.0 	-0.0 	14.0 	0.0 	0.0 	0.0 	0.0	1.36741935484	140.0	-26.6451612903	
1.03333333333	0.0	0.0	0.0 	0.0 	74.4666666667 	14.0 	0.0 	0.0 	0.0 	-0.0 	14.0 	0.0 	0.0 	0.0 	0.0	1.36741935484	140.0	-26.6451612903	
1.05	0.0	0.0	0.0 	0.0 	74.7 	14.0 	0.0 	0.0 	0.0 	-0.0 	14.0 	0.0 	0.0 	0.0 	0.0	1.36741935484	140.0	-26.6451612903	
1.06666666667	0.0	0.0	0.0 	0.0 	74.9333333333 	14.0 	0.0 	0.0 	0.0 	-0.0 	14.0 	0.0 	0.0 	0.0 	0.0	1.36741935484	140.0	-26.6451612903	
1.08333333333	0.0	0.0	0.0 	0.0 	75.1666666667 	14.0 	0.0 	0.0 	0.0 	-0.0 	14.0 	0.0 	0.0 	0.0 	0.0	1.36741935484	140.0	-26.6451612903	
1.1	0.0	0.0	0.0 	0.0 	75.4 	14.0 	0.0 	0.0 	0.0 	-0.0 	14.0 	0.0 	0.0 	0.0 	0.0	1.36741935484	140.0	-26.6451612903	
1.11666666667	0.0	0.0	0.0 	0.0 	75.6333333333 	14.0 	0.0 	0.0 	0.0 	-0.0 	14.0 	0.0 	0.0 	0.0 	0.0	1.36741935484	140.0	-26.6451612903	
1.13333333333	0.0	0.0	0.0 	0.0 	75.8666666667 	14.0 	0.0 	0.0 	0.0 	-0.0 	14.0 	0.0 	0.0 	0.0 	0.0	1.36741935484	140.0	-26.6451612903	
1.15	0.0	0.0	0.0 	0.0 	76.1 	14.0 	0.0 	0.0 	0.0 	-0.0 	14.0 	0.0 	0.0 	0.0 	0.0	1.36741935484	140.0	-26.6451612903	
1.16666666667	0.0	0.0	0.0 	0.0 	76.3333333333 	14.0 	0.0 	0.0 	0.0 	-0.0 	14.0 	0.0 	0.0 	0.0 	0.0	1.36741935484	140.0	-26.6451612903	
1.18333333333	0.0	0.0	0.0 	0.0 	76.5666666667 	14.0 	0.0 	0.0 	0.0 	-0.0 	14.0 	0.0 	0.0 	0.0 	0.0	1.36741935484	140.0	-26.6451612903	
1.2	0.0	0.0	0.0 	0.0 	76.8 	14.0 	0.0 	0.0 	0.0 	-0.0 	14.0 	0.0 	0.0 	0.0 	0.0	1.36741935484	140.0	-26.6451612903	
1.21666666667	0.0	0.0	0.0 	0.0 	77.0333333333 	14.0 	0.0 	0.0 	0.0 	-0.0 	14.0 	0.0 	0.0 	0.0 	0.0	1.36741935484	140.0	-26.6451612903	
1.23333333333	0.0	0.0	0.0 	0.0 	77.2666666667 	14.0 	0.0 	0.0 	0.0 	-0.0 	14.0 	0.0 	0.0 	0.0 	0.0	1.36741935484	140.0	-26.6451612903	
1.25	0.0	0.0	0.0 	0.0 	77.5 	14.0 	0.0 	0.0 	0.0 	-0.0 	14.0 	0.0 	0.0 	0.0 	0.0	1.36741935484	140.0	-26.6451612903	
1.26666666667	0.0	0.0	0.0 	0.0 	77.7333333333 	14.0 	0.0 	0.0 	0.0 	-0.0 	14.0 	0.0 	0.0 	0.0 	0.0	1.36741935484	140.0	-26.6451612903	
1.28333333333	0.0	0.0	0.0 	0.0 	77.9666666667 	14.0 	0.0 	0.0 	0.0 	-0.0 	14.0 	0.0 	0.0 	0.0 	0.0	1.36741935484	140.0	-26.6451612903	
1.3	0.0	0.0	0.0 	0.0 	78.2 	14.0 	0.0 	0.0 	0.0 	-0.0 	14.0 	0.0 	0.0 	0.0 	0.0	1.36741935484	140.0	-26.6451612903	
1.31666666667	0.0	0.0	0.0 	0.0 	78.4333333333 	14.0 	0.0 	0.0 	0.0 	-0.0 	14.0 	0.0 	0.0 	0.0 	0.0	1.36741935484	140.0	-26.6451612903	
1.33333333333	0.0	0.0	0.0 	0.0 	78.6666666667 	14.0 	0.0 	0.0 	0.0 	-0.0 	14.0 	0.0 	0.0 	0.0 	0.0	1.36741935484	140.0	-26.6451612903	
1.35	0.0	0.0	0.0 	0.0 	78.9 	14.0 	0.0 	0.0 	0.0 	-0.0 	14.0 	0.0 	0.0 	0.0 	0.0	1.36741935484	140.0	-26.6451612903	
1.36666666667	0.0	0.0	0.0 	0.0 	79.1333333333 	14.0 	0.0 	0.0 	0.0 	-0.0 	14.0 	0.0 	0.0 	0.0 	0.0	1.36741935484	140.0	-26.6451612903	
1.38333333333	0.0	0.0	0.0 	0.0 	79.3666666667 	14.0 	0.0 	0.0 	0.0 	-0.0 	14.0 	0.0 	0.0 	0.0 	0.0	1.36741935484	140.0	-26.6451612903	
1.4	0.0	0.0	0.0 	0.0 	79.6 	14.0 	0.0 	0.0 	0.0 	-0.0 	14.0 	0.0 	0.0 	0.0 	0.0	1.36741935484	140.0	-26.6451612903	
1.41666666667	0.0	0.0	0.0 	0.0 	79.8333333333 	14.0 	0.0 	0.0 	0.0 	-0.0 	14.0 	0.0 	0.0 	0.0 	0.0	1.36741935484	140.0	-26.6451612903	
1.43333333333	0.0	0.0	0.0 	0.0 	80.0666666667 	14.0 	0.0 	0.0 	0.0 	-0.0 	14.0 	0.0 	0.0 	0.0 	0.269534050179	1.70993646026	140.00444882	-26.6457843255	
1.45	0.0	0.0	0.0 	0.0 	80.3 	14.0 	0.0 	0.0 	0.0 	-0.0 	14.0 	0.0 	0.0 	0.0 	0.533078454799	1.99536738145	140.012544642	-26.6494441753	
1.46666666667	0.0	0.0	0.0 	0.0 	80.5333333333 	14.0 	0.0 	0.0 	0.0 	-0.0 	14.0 	0.0 	0.0 	0.0 	0.790766317094	2.23322648243	140.022936629	-26.6575499892	
1.48333333333	0.0	0.0	0.0 	0.0 	80.7666666667 	14.0 	0.0 	0.0 	0.0 	-0.0 	14.0 	0.0 	0.0 	0.0 	1.04272778245	2.43144239992	140.034266695	-26.6707277036	
1.5	0.0	0.0	0.0 	0.0 	81.0 	14.0 	0.0 	0.0 	0.0 	-0.0 	14.0 	0.0 	0.0 	0.0 	1.28909010413	2.59480768335	140.045437598	-26.6890800619	
1.51666666667	0.0	0.0	0.0 	0.0 	81.2333333333 	14.0 	0.0 	0.0 	0.0 	-0.0 	14.0 	0.0 	0.0 	0.0 	1.52997770755	2.72695168101	140.055710413	-26.7124188778	
1.53333333333	0.0	0.0	0.0 	0.0 	81.4666666667 	14.0 	0.0 	0.0 	0.0 	-0.0 	14.0 	0.0 	0.0 	0.0 	1.76551225312	2.83829024423	140.064498942	-26.740500979	
1.55	0.0	0.0	0.0 	0.0 	81.7 	14.0 	0.0 	0.0 	0.0 	-0.0 	14.0 	0.0 	0.0 	0.0 	1.99581269767	2.93477528386	140.071329483	-26.7730556582	
1.56666666667	0.0	0.0	0.0 	0.0 	81.9333333333 	14.0 	0.0 	0.0 	0.0 	-0.0 	14.0 	0.0 	0.0 	0.0 	2.22099535457	3.01606640112	140.075963843	-26.809780998	
1.58333333333	0.0	0.0	0.0 	0.0 	82.1666666667 	14.0 	0.0 	0.0 	0.0 	-0.0 	14.0 	0.0 	0.0 	0.0 	2.44117395242	3.08380899883	140.078313534	-26.8503993247	
1.6	0.0	0.0	0.0 	0.0 	82.4 	14.0 	0.0 	0.0 	0.0 	-0.0 	14.0 	0.0 	0.0 	0.0 	2.65645969255	3.14026116358	140.078372485	-26.8946736137	
1.61666666667	0.0	0.0	0.0 	0.0 	82.6333333333 	14.0 	0.0 	0.0 	0.0 	-0.0 	14.0 	0.0 	0.0 	0.0 	2.86696130512	3.18730463421	140.076189005	-26.9424063878	
1.63333333333	0.0	0.0	0.0 	0.0 	82.8666666667 	14.0 	0.0 	0.0 	0.0 	-0.0 	14.0 	0.0 	0.0 	0.0 	3.07278510407	3.22650752641	140.071845476	-26.9934349469	
1.65	0.0	0.0	0.0 	0.0 	83.1 	14.0 	0.0 	0.0 	0.0 	-0.0 	14.0 	0.0 	0.0 	0.0 	3.27403504083	3.25917660324	140.065444018	-27.047625409	
1.66666666667	0.0	0.0	0.0 	0.0 	83.3333333333 	14.0 	0.0 	0.0 	0.0 	-0.0 	14.0 	0.0 	0.0 	0.0 	3.47081275676	3.28640083392	140.057096562	-27.10486684	
1.68333333333	0.0	0.0	0.0 	0.0 	83.5666666667 	14.0 	0.0 	0.0 	0.0 	-0.0 	14.0 	0.0 	0.0 	0.0 	3.66321763457	3.30908769283	140.046918131	-27.1650660503	
1.7	0.0	0.0	0.0 	0.0 	83.8 	14.0 	0.0 	0.0 	0.0 	-0.0 	14.0 	0.0 	0.0 	0.0 	3.85134684843	3.32799340859	140.035022398	-27.2281432564	
1.71666666667	0.0	0.0	0.0 	0.0 	84.0333333333 	14.0 	0.0 	0.0 	0.0 	-0.0 	14.0 	0.0 	0.0 	0.0 	4.03529541309	3.34374817172	140.021518859	-27.2940286051	
1.73333333333	0.0	0.0	0.0 	0.0 	84.2666666667 	14.0 	0.0 	0.0 	0.0 	-0.0 	14.0 	0.0 	0.0 	0.0 	4.21515623186	3.356877141	140.006511122	-27.362659474	
1.75	0.0	0.0	0.0 	0.0 	84.5 	14.0 	0.0 	0.0 	0.0 	-0.0 	14.0 	0.0 	0.0 	0.0 	4.39102014356	3.36781794872	139.99009598	-27.4339784235	
1.76666666667	0.0	0.0	0.0 	0.0 	84.7333333333 	14.0 	0.0 	0.0 	0.0 	-0.0 	14.0 	0.0 	0.0 	0.0 	4.56297596832	3.3769352885	139.972363025	-27.507931678	
1.78333333333	0.0	0.0	0.0 	0.0 	84.9666666667 	14.0 	0.0 	0.0 	0.0 	-0.0 	14.0 	0.0 	0.0 	0.0 	4.73111055254	3.38453307164	139.953394604	-27.584468023	
1.8	0.0	0.0	0.0 	0.0 	85.2 	14.0 	0.0 	0.0 	0.0 	-0.0 	14.0 	0.0 	0.0 	0.0 	4.89550881266	3.3908645576	139.933266031	-27.6635380211	
1.81666666667	0.0	0.0	0.0 	0.0 	85.4333333333 	14.0 	0.0 	0.0 	0.0 	-0.0 	14.0 	0.0 	0.0 	0.0 	5.05625377812	3.39614079589	139.912045934	-27.7450934711	
1.83333333333	0.0	0.0	0.0 	0.0 	85.6666666667 	14.0 	0.0 	0.0 	0.0 	-0.0 	14.0 	0.0 	0.0 	0.0 	5.21342663323	3.40053766114	139.889796691	-27.8290870448	
1.85	0.0	0.0	0.0 	0.0 	85.9 	14.0 	0.0 	0.0 	0.0 	-0.0 	14.0 	0.0 	0.0 	0.0 	5.36710675822	3.40420171551	139.866574916	-27.9154720549	
1.86666666667	0.0	0.0	0.0 	0.0 	86.1333333333 	14.0 	0.0 	0.0 	0.0 	-0.0 	14.0 	0.0 	0.0 	0.0 	5.51737176933	3.40725509416	139.842431952	-28.0042023164	
1.88333333333	0.0	0.0	0.0 	0.0 	86.3666666667 	14.0 	0.0 	0.0 	0.0 	-0.0 	14.0 	0.0 	0.0 	0.0 	5.66429755797	3.40979957636	139.817414364	-28.0952320734	
1.9	0.0	0.0	0.0 	0.0 	86.6 	14.0 	0.0 	0.0 	0.0 	-0.0 	14.0 	0.0 	0.0 	0.0 	5.80795832908	3.41191997819	139.791564411	-28.1885159705	
1.91666666667	0.0	0.0	0.0 	0.0 	86.8333333333 	14.0 	0.0 	0.0 	0.0 	-0.0 	14.0 	0.0 	0.0 	0.0 	5.94842663861	3.41368697972	139.764920486	-28.2840090535	
1.93333333333	0.0	0.0	0.0 	0.0 	87.0666666667 	14.0 	0.0 	0.0 	0.0 	-0.0 	14.0 	0.0 	0.0 	0.0 	6.08577343016	3.415159481	139.737517533	-28.3816667885	
1.95	0.0	0.0	0.0 	0.0 	87.3 	14.0 	0.0 	0.0 	0.0 	-0.0 	14.0 	0.0 	0.0 	0.0 	6.22006807078	3.41638656539	139.709387421	-28.481445092	
1.96666666667	0.0	0.0	0.0 	0.0 	87.5333333333 	14.0 	0.0 	0.0 	0.0 	-0.0 	14.0 	0.0 	0.0 	0.0 	6.35137838605	3.41740913572	139.680559293	-28.5833003649	
1.98333333333	0.0	0.0	0.0 	0.0 	87.7666666667 	14.0 	0.0 	0.0 	0.0 	-0.0 	14.0 	0.0 	0.0 	0.0 	6.47977069432	3.41826127767	139.651059869	-28.6871895293	
2.0	0.0	0.0	0.0 	0.0 	88.0 	14.0 	0.0 	0.0 	0.0 	-0.0 	14.0 	0.0 	0.0 	0.0 	6.60530984018	3.41897139595	139.620913727	-28.7930700628	
2.01666666667	0.0	0.0	0.0 	0.0 	88.2333333333 	14.0 	0.0 	0.0 	0.0 	-0.0 	14.0 	0.0 	0.0 	0.0 	6.72805922724	3.41956316119	139.590143551	-28.9009000312	
2.03333333333	0.0	0.0	0.0 	0.0 	88.4666666667 	14.0 	0.0 	0.0 	0.0 	-0.0 	14.0 	0.0 	0.0 	0.0 	6.84808085015	3.42005629888	139.558770346	-29.0106381168	
2.05	0.0	0.0	0.0 	0.0 	88.7 	14.0 	0.0 	0.0 	0.0 	-0.0 	14.0 	0.0 	0.0 	0.0 	6.96543532588	3.42046724697	139.526813638	-29.1222436434	
2.06666666667	0.0	0.0	0.0 	0.0 	88.9333333333 	14.0 	0.0 	0.0 	0.0 	-0.0 	14.0 	0.0 	0.0 	0.0 	7.08018192437	3.4208097037	139.494291636	-29.235676597	
2.08333333333	0.0	0.0	0.0 	0.0 	89.1666666667 	14.0 	0.0 	0.0 	0.0 	-0.0 	14.0 	0.0 	0.0 	0.0 	7.19237859846	3.42109508431	139.461221388	-29.3508976421	
2.1	0.0	0.0	0.0 	0.0 	89.4 	14.0 	0.0 	0.0 	0.0 	-0.0 	14.0 	0.0 	0.0 	0.0 	7.30208201311	3.42133290149	139.42761891	-29.4678681348	
2.11666666667	0.0	0.0	0.0 	0.0 	89.6333333333 	14.0 	0.0 	0.0 	0.0 	-0.0 	14.0 	0.0 	0.0 	0.0 	7.40934757411	3.42153108247	139.393499299	-29.5865501322	
2.13333333333	0.0	0.0	0.0 	0.0 	89.8666666667 	14.0 	0.0 	0.0 	0.0 	-0.0 	14.0 	0.0 	0.0 	0.0 	7.51422945598	3.42169623329	139.358876837	-29.706906398	
2.15	0.0	0.0	0.0 	0.0 	90.1 	14.0 	0.0 	0.0 	0.0 	-0.0 	14.0 	0.0 	0.0 	0.0 	7.61678062936	3.42183385897	139.323765071	-29.8289004065	
2.16666666667	0.0	0.0	0.0 	0.0 	90.3333333333 	14.0 	0.0 	0.0 	0.0 	-0.0 	14.0 	0.0 	0.0 	0.0 	7.71705288777	3.42194854704	139.288176896	-29.9524963429	
2.18333333333	0.0	0.0	0.0 	0.0 	90.5666666667 	14.0 	0.0 	0.0 	0.0 	-0.0 	14.0 	0.0 	0.0 	0.0 	7.81509687378	3.42204412042	139.252124616	-30.0776591017	
2.2	0.0	0.0	0.0 	0.0 	90.8 	14.0 	0.0 	0.0 	0.0 	-0.0 	14.0 	0.0 	0.0 	0.0 	7.91096210454	3.42212376492	139.215620004	-30.2043542841	
2.21666666667	0.0	0.0	0.0 	0.0 	91.0333333333 	14.0 	0.0 	0.0 	0.0 	-0.0 	14.0 	0.0 	0.0 	0.0 	8.00469699684	3.42219013533	139.17867435	-30.3325481923	
2.23333333333	0.0	0.0	0.0 	0.0 	91.2666666667 	14.0 	0.0 	0.0 	0.0 	-0.0 	14.0 	0.0 	0.0 	0.0 	8.09634889154	3.422245444	139.141298506	-30.4622078236	
2.25	0.0	0.0	0.0 	0.0 	91.5 	14.0 	0.0 	0.0 	0.0 	-0.0 	14.0 	0.0 	0.0 	0.0 	8.18596407746	3.42229153456	139.103502921	-30.5933008626	
2.26666666667	0.0	0.0	0.0 	0.0 	91.7333333333 	14.0 	0.0 	0.0 	0.0 	-0.0 	14.0 	0.0 	0.0 	0.0 	8.27358781481	3.42232994336	139.065297678	-30.725795673	
2.28333333333	0.0	0.0	0.0 	0.0 	91.9666666667 	14.0 	0.0 	0.0 	0.0 	-0.0 	14.0 	0.0 	0.0 	0.0 	8.35926435799	3.4223619507	139.026692519	-30.8596612883	
2.3	0.0	0.0	0.0 	0.0 	92.2 	14.0 	0.0 	0.0 	0.0 	-0.0 	14.0 	0.0 	0.0 	0.0 	8.44303697799	3.42238862348	138.987696871	-30.9948674018	
2.31666666667	0.0	0.0	0.0 	0.0 	92.4333333333 	14.0 	0.0 	0.0 	0.0 	-0.0 	14.0 	0.0 	0.0 	0.0 	8.52494798422	3.42241085079	138.948319868	-31.1313843564	
2.33333333333	0.0	0.0	0.0 	0.0 	92.6666666667 	14.0 	0.0 	0.0 	0.0 	-0.0 	14.0 	0.0 	0.0 	0.0 	8.60503874586	3.42242937356	138.90857037	-31.2691831335	
2.35	0.0	0.0	0.0 	0.0 	92.9 	14.0 	0.0 	0.0 	0.0 	-0.0 	14.0 	0.0 	0.0 	0.0 	8.68334971279	3.42244480919	138.868456983	-31.4082353422	
2.36666666667	0.0	0.0	0.0 	0.0 	93.1333333333 	14.0 	0.0 	0.0 	0.0 	-0.0 	14.0 	0.0 	0.0 	0.0 	8.75992043602	3.42245767222	138.827988066	-31.5485132079	
2.38333333333	0.0	0.0	0.0 	0.0 	93.3666666667 	14.0 	0.0 	0.0 	0.0 	-0.0 	14.0 	0.0 	0.0 	0.0 	8.83478958762	3.42246839141	138.787171754	-31.6899895607	
2.4	0.0	0.0	0.0 	0.0 	93.6 	14.0 	0.0 	0.0 	0.0 	-0.0 	14.0 	0.0 	0.0 	0.0 	8.9079949803	3.42247732407	138.746015963	-31.8326378243	
2.41666666667	0.0	0.0	0.0 	0.0 	93.8333333333 	14.0 	0.0 	0.0 	0.0 	-0.0 	14.0 	0.0 	0.0 	0.0 	8.97957358647	3.42248476796	138.704528401	-31.9764320037	
2.43333333333	0.0	0.0	0.0 	0.0 	94.0666666667 	14.0 	0.0 	0.0 	0.0 	-0.0 	14.0 	0.0 	0.0 	0.0 	9.04956155695	3.42249097119	138.66271658	-32.1213466743	
2.45	0.0	0.0	0.0 	0.0 	94.3 	14.0 	0.0 	0.0 	0.0 	-0.0 	14.0 	0.0 	0.0 	0.0 	9.1179942392	3.42249614056	138.620587824	-32.2673569703	
2.46666666667	0.0	0.0	0.0 	0.0 	94.5333333333 	14.0 	0.0 	0.0 	0.0 	-0.0 	14.0 	0.0 	0.0 	0.0 	9.18490619517	3.42250044836	138.578149275	-32.4144385729	
2.48333333333	0.0	0.0	0.0 	0.0 	94.7666666667 	14.0 	0.0 	0.0 	0.0 	-0.0 	14.0 	0.0 	0.0 	0.0 	9.25033121879	3.42250403819	138.5354079	-32.5625676993	
2.5	0.0	0.0	0.0 	0.0 	95.0 	14.0 	0.0 	0.0 	0.0 	-0.0 	14.0 	0.0 	0.0 	0.0 	9.314302353	3.42250702972	138.492370499	-32.7117210915	
2.51666666667	0.0	0.0	0.0 	0.0 	95.2333333333 	14.0 	0.0 	0.0 	0.0 	-0.0 	14.0 	0.0 	0.0 	0.0 	9.37685190645	3.42250952267	138.449043708	-32.8618760049	
2.53333333333	0.0	0.0	0.0 	0.0 	95.4666666667 	14.0 	0.0 	0.0 	0.0 	-0.0 	14.0 	0.0 	0.0 	0.0 	9.43801146982	3.42251160012	138.405434009	-33.0130101979	
2.55	0.0	0.0	0.0 	0.0 	95.7 	14.0 	0.0 	0.0 	0.0 	-0.0 	14.0 	0.0 	0.0 	0.0 	9.49781193178	3.42251333133	138.36154773	-33.1651019208	
2.56666666667	0.0	0.0	0.0 	0.0 	95.9333333333 	14.0 	0.0 	0.0 	0.0 	-0.0 	14.0 	0.0 	0.0 	0.0 	9.55628349458	3.422514774	138.317391053	-33.3181299051	
2.58333333333	0.0	0.0	0.0 	0.0 	96.1666666667 	14.0 	0.0 	0.0 	0.0 	-0.0 	14.0 	0.0 	0.0 	0.0 	9.61345568933	3.42251597623	138.272970015	-33.4720733536	
2.6	0.0	0.0	0.0 	0.0 	96.4 	14.0 	0.0 	0.0 	0.0 	-0.0 	14.0 	0.0 	0.0 	0.0 	9.66935739085	3.42251697809	138.228290516	-33.6269119298	
2.61666666667	0.0	0.0	0.0 	0.0 	96.6333333333 	14.0 	0.0 	0.0 	0.0 	-0.0 	14.0 	0.0 	0.0 	0.0 	9.72401683235	3.42251781297	138.18335832	-33.782625748	
2.63333333333	0.0	0.0	0.0 	0.0 	96.8666666667 	14.0 	0.0 	0.0 	0.0 	-0.0 	14.0 	0.0 	0.0 	0.0 	9.77746161959	3.4225185087	138.138179061	-33.9391953634	
2.65	0.0	0.0	0.0 	0.0 	97.1 	14.0 	0.0 	0.0 	0.0 	-0.0 	14.0 	0.0 	0.0 	0.0 	9.82971874489	3.42251908848	138.092758243	-34.0966017625	
2.66666666667	0.0	0.0	0.0 	0.0 	97.3333333333 	14.0 	0.0 	0.0 	0.0 	-0.0 	14.0 	0.0 	0.0 	0.0 	9.88081460073	3.42251957163	138.047101246	-34.2548263536	
2.68333333333	0.0	0.0	0.0 	0.0 	97.5666666667 	14.0 	0.0 	0.0 	0.0 	-0.0 	14.0 	0.0 	0.0 	0.0 	9.93077499312	3.42251997425	138.001213331	-34.4138509577	
2.7	0.0	0.0	0.0 	0.0 	97.8 	14.0 	0.0 	0.0 	0.0 	-0.0 	14.0 	0.0 	0.0 	0.0 	9.97962515456	3.42252030977	137.955099635	-34.5736577993	
2.71666666667	0.0	0.0	0.0 	0.0 	98.0333333333 	14.0 	0.0 	0.0 	0.0 	-0.0 	14.0 	0.0 	0.0 	0.0 	10.0273897569	3.42252058937	137.908765185	-34.7342294973	
2.73333333333	0.0	0.0	0.0 	0.0 	98.2666666667 	14.0 	0.0 	0.0 	0.0 	-0.0 	14.0 	0.0 	0.0 	0.0 	10.0740929236	3.42252082237	137.862214892	-34.8955490568	
2.75	0.0	0.0	0.0 	0.0 	98.5 	14.0 	0.0 	0.0 	0.0 	-0.0 	14.0 	0.0 	0.0 	0.0 	10.1197582421	3.42252101654	137.815453557	-35.05759986	
2.76666666667	0.0	0.0	0.0 	0.0 	98.7333333333 	14.0 	0.0 	0.0 	0.0 	-0.0 	14.0 	0.0 	0.0 	0.0 	10.1644087758	3.42252117834	137.768485875	-35.2203656584	
2.78333333333	0.0	0.0	0.0 	0.0 	98.9666666667 	14.0 	0.0 	0.0 	0.0 	-0.0 	14.0 	0.0 	0.0 	0.0 	10.2080670754	3.42252131318	137.721316435	-35.3838305642	
2.8	0.0	0.0	0.0 	0.0 	99.2 	14.0 	0.0 	0.0 	0.0 	-0.0 	14.0 	0.0 	0.0 	0.0 	10.2507551906	3.42252142555	137.673949723	-35.5479790425	
2.81666666667	0.0	0.0	0.0 	0.0 	99.4333333333 	14.0 	0.0 	0.0 	0.0 	-0.0 	14.0 	0.0 	0.0 	0.0 	10.292494681	3.42252151919	137.626390126	-35.7127959036	
2.83333333333	0.0	0.0	0.0 	0.0 	99.6666666667 	14.0 	0.0 	0.0 	0.0 	-0.0 	14.0 	0.0 	0.0 	0.0 	10.3333066271	3.42252159722	137.578641932	-35.8782662951	
2.85	0.0	0.0	0.0 	0.0 	99.9 	14.0 	0.0 	0.0 	0.0 	-0.0 	14.0 	0.0 	0.0 	0.0 	10.3732116411	3.42252166224	137.530709334	-36.0443756946	
2.86666666667	0.0	0.0	0.0 	0.0 	100.133333333 	14.0 	0.0 	0.0 	0.0 	-0.0 	14.0 	0.0 	0.0 	0.0 	10.4122298771	3.42252171643	137.482596431	-36.2111099025	
2.88333333333	0.0	0.0	0.0 	0.0 	100.366666667 	14.0 	0.0 	0.0 	0.0 	-0.0 	14.0 	0.0 	0.0 	0.0 	10.4503810411	3.42252176159	137.434307231	-36.3784550344	
2.9	0.0	0.0	0.0 	0.0 	100.6 	14.0 	0.0 	0.0 	0.0 	-0.0 	14.0 	0.0 	0.0 	0.0 	10.4876844015	3.42252179922	137.385845653	-36.5463975145	
2.91666666667	0.0	0.0	0.0 	0.0 	100.833333333 	14.0 	0.0 	0.0 	0.0 	-0.0 	14.0 	0.0 	0.0 	0.0 	10.5241587983	3.42252183058	137.337215529	-36.7149240687	
2.93333333333	0.0	0.0	0.0 	0.0 	101.066666667 	14.0 	0.0 	0.0 	0.0 	-0.0 	14.0 	0.0 	0.0 	0.0 	10.5598226529	3.42252185671	137.288420605	-36.8840217178	
2.95	0.0	0.0	0.0 	0.0 	101.3 	14.0 	0.0 	0.0 	0.0 	-0.0 	14.0 	0.0 	0.0 	0.0 	10.5946939775	3.42252187849	137.239464543	-37.0536777709	
2.96666666667	0.0	0.0	0.0 	0.0 	101.533333333 	14.0 	0.0 	0.0 	0.0 	-0.0 	14.0 	0.0 	0.0 	0.0 	10.6287903837	3.42252189663	137.190350925	-37.2238798193	
2.98333333333	0.0	0.0	0.0 	0.0 	101.766666667 	14.0 	0.0 	0.0 	0.0 	-0.0 	14.0 	0.0 	0.0 	0.0 	10.6621290921	3.42252191176	137.141083253	-37.3946157298	
3.0	0.0	0.0	0.0 	0.0 	102.0 	14.0 	0.0 	0.0 	0.0 	-0.0 	14.0 	0.0 	0.0 	0.0 	10.6947269402	3.42252192436	137.09166495	-37.5658736389	
3.01666666667	0.0	0.0	0.0 	0.0 	102.233333333 	14.0 	0.0 	0.0 	0.0 	-0.0 	14.0 	0.0 	0.0 	0.0 	10.7266003917	3.42252193486	137.042099364	-37.7376419467	
3.03333333333	0.0	0.0	0.0 	0.0 	102.466666667 	14.0 	0.0 	0.0 	0.0 	-0.0 	14.0 	0.0 	0.0 	0.0 	10.7577655443	3.42252194361	136.992389768	-37.9099093111	
3.05	0.0	0.0	0.0 	0.0 	102.7 	14.0 	0.0 	0.0 	0.0 	-0.0 	14.0 	0.0 	0.0 	0.0 	10.7882381379	3.42252195091	136.942539363	-38.0826646421	
3.06666666667	0.0	0.0	0.0 	0.0 	102.933333333 	14.0 	0.0 	0.0 	0.0 	-0.0 	14.0 	0.0 	0.0 	0.0 	10.8180335628	3.42252195698	136.892551278	-38.2558970959	
3.08333333333	0.0	0.0	0.0 	0.0 	103.166666667 	14.0 	0.0 	0.0 	0.0 	-0.0 	14.0 	0.0 	0.0 	0.0 	10.8471668672	3.42252196205	136.842428572	-38.4295960699	
3.1	0.0	0.0	0.0 	0.0 	103.4 	14.0 	0.0 	0.0 	0.0 	-0.0 	14.0 	0.0 	0.0 	0.0 	10.8756527647	3.42252196627	136.792174238	-38.603751197	
3.11666666667	0.0	0.0	0.0 	0.0 	103.633333333 	14.0 	0.0 	0.0 	0.0 	-0.0 	14.0 	0.0 	0.0 	0.0 	10.9035056424	3.42252196979	136.741791201	-38.7783523406	
3.13333333333	0.0	0.0	0.0 	0.0 	103.866666667 	14.0 	0.0 	0.0 	0.0 	-0.0 	14.0 	0.0 	0.0 	0.0 	10.9307395671	3.42252197272	136.69128232	-38.9533895891	
3.15	0.0	0.0	0.0 	0.0 	104.1 	14.0 	0.0 	0.0 	0.0 	-0.0 	14.0 	0.0 	0.0 	0.0 	10.9573682936	3.42252197516	136.640650392	-39.1288532513	
3.16666666667	0.0	0.0	0.0 	0.0 	104.333333333 	14.0 	0.0 	0.0 	0.0 	-0.0 	14.0 	0.0 	0.0 	0.0 	10.9834052706	3.4225219772	136.589898152	-39.3047338514	
3.18333333333	0.0	0.0	0.0 	0.0 	104.566666667 	14.0 	0.0 	0.0 	0.0 	-0.0 	14.0 	0.0 	0.0 	0.0 	11.0088636481	3.42252197889	136.539028273	-39.4810221242	
3.2	0.0	0.0	0.0 	0.0 	104.8 	14.0 	0.0 	0.0 	0.0 	-0.0 	14.0 	0.0 	0.0 	0.0 	11.0337562839	3.42252198031	136.48804337	-39.6577090103	
3.21666666667	0.0	0.0	0.0 	0.0 	105.033333333 	14.0 	0.0 	0.0 	0.0 	-0.0 	14.0 	0.0 	0.0 	0.0 	11.05809575	3.42252198148	136.436945999	-39.8347856515	
3.23333333333	0.0	0.0	0.0 	0.0 	105.266666667 	14.0 	0.0 	0.0 	0.0 	-0.0 	14.0 	0.0 	0.0 	0.0 	11.081894339	3.42252198246	136.385738659	-40.0122433867	
3.25	0.0	0.0	0.0 	0.0 	105.5 	14.0 	0.0 	0.0 	0.0 	-0.0 	14.0 	0.0 	0.0 	0.0 	11.1051640706	3.42252198328	136.334423793	-40.1900737471	
3.26666666667	0.0	0.0	0.0 	0.0 	105.733333333 	14.0 	0.0 	0.0 	0.0 	-0.0 	14.0 	0.0 	0.0 	0.0 	11.127916697	3.42252198396	136.283003792	-40.3682684522	
3.28333333333	0.0	0.0	0.0 	0.0 	105.966666667 	14.0 	0.0 	0.0 	0.0 	-0.0 	14.0 	0.0 	0.0 	0.0 	11.1501637094	3.42252198453	136.231480991	-40.5468194054	
3.3	0.0	0.0	0.0 	0.0 	106.2 	14.0 	0.0 	0.0 	0.0 	-0.0 	14.0 	0.0 	0.0 	0.0 	11.1719163438	3.42252198501	136.179857676	-40.7257186902	
3.31666666667	0.0	0.0	0.0 	0.0 	106.433333333 	14.0 	0.0 	0.0 	0.0 	-0.0 	14.0 	0.0 	0.0 	0.0 	11.1931855864	3.4225219854	136.128136079	-40.9049585657	
3.33333333333	0.0	0.0	0.0 	0.0 	106.666666667 	14.0 	0.0 	0.0 	0.0 	-0.0 	14.0 	0.0 	0.0 	0.0 	11.2139821791	3.42252198573	136.076318386	-41.0845314634	
3.35	0.0	0.0	0.0 	0.0 	106.9 	14.0 	0.0 	0.0 	0.0 	-0.0 	14.0 	0.0 	0.0 	0.0 	11.2343166253	3.422521986	136.02440673	-41.2644299827	
3.36666666667	0.0	0.0	0.0 	0.0 	107.133333333 	14.0 	0.0 	0.0 	0.0 	-0.0 	14.0 	0.0 	0.0 	0.0 	11.2541991949	3.42252198623	135.972403201	-41.4446468876	
3.38333333333	0.0	0.0	0.0 	0.0 	107.366666667 	14.0 	0.0 	0.0 	0.0 	-0.0 	14.0 	0.0 	0.0 	0.0 	11.2736399296	3.42252198642	135.92030984	-41.6251751029	
3.4	0.0	0.0	0.0 	0.0 	107.6 	14.0 	0.0 	0.0 	0.0 	-0.0 	14.0 	0.0 	0.0 	0.0 	11.2926486481	3.42252198658	135.868128643	-41.8060077106	
3.41666666667	0.0	0.0	0.0 	0.0 	107.833333333 	14.0 	0.0 	0.0 	0.0 	-0.0 	14.0 	0.0 	0.0 	0.0 	11.3112349505	3.42252198671	135.815861562	-41.9871379463	
3.43333333333	0.0	0.0	0.0 	0.0 	108.066666667 	14.0 	0.0 	0.0 	0.0 	-0.0 	14.0 	0.0 	0.0 	0.0 	11.329408224	3.42252198682	135.763510506	-42.1685591962	
3.45	0.0	0.0	0.0 	0.0 	108.3 	14.0 	0.0 	0.0 	0.0 	-0.0 	14.0 	0.0 	0.0 	0.0 	11.347177647	3.42252198691	135.711077341	-42.3502649932	
3.46666666667	0.0	0.0	0.0 	0.0 	108.533333333 	14.0 	0.0 	0.0 	0.0 	-0.0 	14.0 	0.0 	0.0 	0.0 	11.3645521939	3.42252198699	135.658563891	-42.5322490142	
3.48333333333	0.0	0.0	0.0 	0.0 	108.766666667 	14.0 	0.0 	0.0 	0.0 	-0.0 	14.0 	0.0 	0.0 	0.0 	11.3815406398	3.42252198705	135.605971941	-42.7145050762	
3.5	0.0	0.0	0.0 	0.0 	109.0 	14.0 	0.0 	0.0 	0.0 	-0.0 	14.0 	0.0 	0.0 	0.0 	11.3981515646	3.42252198711	135.553303235	-42.897027134	
3.51666666667	0.0	0.0	0.0 	0.0 	109.233333333 	14.0 	0.0 	0.0 	0.0 	-0.0 	14.0 	0.0 	0.0 	0.0 	11.4143933578	3.42252198715	135.500559479	-43.0798092766	
3.53333333333	0.0	0.0	0.0 	0.0 	109.466666667 	14.0 	0.0 	0.0 	0.0 	-0.0 	14.0 	0.0 	0.0 	0.0 	11.4302742222	3.42252198719	135.44774234	-43.2628457243	
3.55	0.0	0.0	0.0 	0.0 	109.7 	14.0 	0.0 	0.0 	0.0 	-0.0 	14.0 	0.0 	0.0 	0.0 	11.4458021786	3.42252198722	135.394853449	-43.4461308259	
3.56666666667	0.0	0.0	0.0 	0.0 	109.933333333 	14.0 	0.0 	0.0 	0.0 	-0.0 	14.0 	0.0 	0.0 	0.0 	11.4609850693	3.42252198724	135.341894401	-43.6296590557	
3.58333333333	0.0	0.0	0.0 	0.0 	110.166666667 	14.0 	0.0 	0.0 	0.0 	-0.0 	14.0 	0.0 	0.0 	0.0 	11.4758305623	3.42252198727	135.288866755	-43.8134250108	
3.6	0.0	0.0	0.0 	0.0 	110.4 	14.0 	0.0 	0.0 	0.0 	-0.0 	14.0 	0.0 	0.0 	0.0 	11.4903461556	3.42252198728	135.235772036	-43.9974234086	
3.61666666667	0.0	0.0	0.0 	0.0 	110.633333333 	14.0 	0.0 	0.0 	0.0 	-0.0 	14.0 	0.0 	0.0 	0.0 	11.5045391801	3.4225219873	135.182611732	-44.1816490836	
3.63333333333	0.0	0.0	0.0 	0.0 	110.866666667 	14.0 	0.0 	0.0 	0.0 	-0.0 	14.0 	0.0 	0.0 	0.0 	11.518416804	3.42252198731	135.129387303	-44.3660969851	
3.65	0.0	0.0	0.0 	0.0 	111.1 	14.0 	0.0 	0.0 	0.0 	-0.0 	14.0 	0.0 	0.0 	0.0 	11.5319860363	3.42252198732	135.076100173	-44.5507621749	
3.66666666667	0.0	0.0	0.0 	0.0 	111.333333333 	14.0 	0.0 	0.0 	0.0 	-0.0 	14.0 	0.0 	0.0 	0.0 	11.5452537302	3.42252198733	135.022751736	-44.7356398244	
3.68333333333	0.0	0.0	0.0 	0.0 	111.566666667 	14.0 	0.0 	0.0 	0.0 	-0.0 	14.0 	0.0 	0.0 	0.0 	11.5582265863	3.42252198734	134.969343353	-44.920725212	
3.7	0.0	0.0	0.0 	0.0 	111.8 	14.0 	0.0 	0.0 	0.0 	-0.0 	14.0 	0.0 	0.0 	0.0 	11.5709111568	3.42252198734	134.915876358	-45.1060137216	
3.71666666667	0.0	0.0	0.0 	0.0 	112.033333333 	14.0 	0.0 	0.0 	0.0 	-0.0 	14.0 	0.0 	0.0 	0.0 	11.583313848	3.42252198735	134.862352052	-45.2915008392	
3.73333333333	0.0	0.0	0.0 	0.0 	112.266666667 	14.0 	0.0 	0.0 	0.0 	-0.0 	14.0 	0.0 	0.0 	0.0 	11.5954409237	3.42252198735	134.808771709	-45.4771821514	
3.75	0.0	0.0	0.0 	0.0 	112.5 	14.0 	0.0 	0.0 	0.0 	-0.0 	14.0 	0.0 	0.0 	0.0 	11.6072985089	3.42252198736	134.755136574	-45.6630533426	
3.76666666667	0.0	0.0	0.0 	0.0 	112.733333333 	14.0 	0.0 	0.0 	0.0 	-0.0 	14.0 	0.0 	0.0 	0.0 	11.6188925923	3.42252198736	134.701447866	-45.8491101935	
3.78333333333	0.0	0.0	0.0 	0.0 	112.966666667 	14.0 	0.0 	0.0 	0.0 	-0.0 	14.0 	0.0 	0.0 	0.0 	11.6302290293	3.42252198736	134.647706773	-46.0353485781	
3.8	0.0	0.0	0.0 	0.0 	113.2 	14.0 	0.0 	0.0 	0.0 	-0.0 	14.0 	0.0 	0.0 	0.0 	11.6413135455	3.42252198736	134.593914462	-46.2217644625	
3.81666666667	0.0	0.0	0.0 	0.0 	113.433333333 	14.0 	0.0 	0.0 	0.0 	-0.0 	14.0 	0.0 	0.0 	0.0 	11.6521517391	3.42252198736	134.540072069	-46.4083539021	
3.83333333333	0.0	0.0	0.0 	0.0 	113.666666667 	14.0 	0.0 	0.0 	0.0 	-0.0 	14.0 	0.0 	0.0 	0.0 	11.662749084	3.42252198737	134.486180707	-46.5951130403	
3.85	0.0	0.0	0.0 	0.0 	113.9 	14.0 	0.0 	0.0 	0.0 	-0.0 	14.0 	0.0 	0.0 	0.0 	11.6731109323	3.42252198737	134.432241466	-46.7820381058	
3.86666666667	0.0	0.0	0.0 	0.0 	114.133333333 	14.0 	0.0 	0.0 	0.0 	-0.0 	14.0 	0.0 	0.0 	0.0 	11.6832425173	3.42252198737	134.378255408	-46.9691254115	
3.88333333333	0.0	0.0	0.0 	0.0 	114.366666667 	14.0 	0.0 	0.0 	0.0 	-0.0 	14.0 	0.0 	0.0 	0.0 	11.693148956	3.42252198737	134.324223575	-47.156371352	
3.9	0.0	0.0	0.0 	0.0 	114.6 	14.0 	0.0 	0.0 	0.0 	-0.0 	14.0 	0.0 	0.0 	0.0 	11.7028352516	3.42252198737	134.270146983	-47.3437724021	
3.91666666667	0.0	0.0	0.0 	0.0 	114.833333333 	14.0 	0.0 	0.0 	0.0 	-0.0 	14.0 	0.0 	0.0 	0.0 	11.7123062962	3.42252198737	134.216026627	-47.5313251149	
3.93333333333	0.0	0.0	0.0 	0.0 	115.066666667 	14.0 	0.0 	0.0 	0.0 	-0.0 	14.0 	0.0 	0.0 	0.0 	11.7215668731	3.42252198737	134.16186348	-47.7190261202	
3.95	0.0	0.0	0.0 	0.0 	115.3 	14.0 	0.0 	0.0 	0.0 	-0.0 	14.0 	0.0 	0.0 	0.0 	11.7306216594	3.42252198737	134.107658493	-47.9068721225	
3.96666666667	0.0	0.0	0.0 	0.0 	115.533333333 	14.0 	0.0 	0.0 	0.0 	-0.0 	14.0 	0.0 	0.0 	0.0 	11.7394752283	3.42252198737	134.053412594	-48.0948598996	
3.98333333333	0.0	0.0	0.0 	0.0 	115.766666667 	14.0 	0.0 	0.0 	0.0 	-0.0 	14.0 	0.0 	0.0 	0.0 	11.7481320512	3.42252198737	133.999126694	-48.2829863011	
4.0	0.0	0.0	0.0 	0.0 	116.0 	14.0 	0.0 	0.0 	0.0 	-0.0 	14.0 	0.0 	0.0 	0.0 	11.7565965002	3.42252198737	133.944801682	-48.4712482464	
4.01666666667	0.0	0.0	0.0 	0.0 	116.233333333 	14.0 	0.0 	0.0 	0.0 	-0.0 	14.0 	0.0 	0.0 	0.0 	11.7648728504	3.42252198737	133.890438426	-48.6596427234	
4.03333333333	0.0	0.0	0.0 	0.0 	116.466666667 	14.0 	0.0 	0.0 	0.0 	-0.0 	14.0 	0.0 	0.0 	0.0 	11.7729652817	3.42252198737	133.836037776	-48.8481667869	
4.05	0.0	0.0	0.0 	0.0 	116.7 	14.0 	0.0 	0.0 	0.0 	-0.0 	14.0 	0.0 	0.0 	0.0 	11.7808778811	3.42252198737	133.781600564	-49.0368175573	
4.06666666667	0.0	0.0	0.0 	0.0 	116.933333333 	14.0 	0.0 	0.0 	0.0 	-0.0 	14.0 	0.0 	0.0 	0.0 	11.7886146451	3.42252198737	133.727127602	-49.2255922188	
4.08333333333	0.0	0.0	0.0 	0.0 	117.166666667 	14.0 	0.0 	0.0 	0.0 	-0.0 	14.0 	0.0 	0.0 	0.0 	11.7961794809	3.42252198737	133.672619684	-49.4144880184	
4.1	0.0	0.0	0.0 	0.0 	117.4 	14.0 	0.0 	0.0 	0.0 	-0.0 	14.0 	0.0 	0.0 	0.0 	11.8035762093	3.42252198737	133.618077587	-49.603502264	
4.11666666667	0.0	0.0	0.0 	0.0 	117.633333333 	14.0 	0.0 	0.0 	0.0 	-0.0 	14.0 	0.0 	0.0 	0.0 	11.8108085659	3.42252198737	133.563502071	-49.7926323235	
4.13333333333	0.0	0.0	0.0 	0.0 	117.866666667 	14.0 	0.0 	0.0 	0.0 	-0.0 	14.0 	0.0 	0.0 	0.0 	11.8178802035	3.42252198737	133.508893878	-49.9818756233	
4.15	0.0	0.0	0.0 	0.0 	118.1 	14.0 	0.0 	0.0 	0.0 	-0.0 	14.0 	0.0 	0.0 	0.0 	11.8247946936	3.42252198737	133.454253735	-50.171229647	
4.16666666667	0.0	0.0	0.0 	0.0 	118.333333333 	14.0 	0.0 	0.0 	0.0 	-0.0 	14.0 	0.0 	0.0 	0.0 	11.8315555284	3.42252198737	133.399582351	-50.3606919339	
4.18333333333	0.0	0.0	0.0 	0.0 	118.566666667 	14.0 	0.0 	0.0 	0.0 	-0.0 	14.0 	0.0 	0.0 	0.0 	11.8381661224	3.42252198737	133.344880421	-50.5502600783	
4.2	0.0	0.0	0.0 	0.0 	118.8 	14.0 	0.0 	0.0 	0.0 	-0.0 	14.0 	0.0 	0.0 	0.0 	11.8446298143	3.42252198737	133.290148623	-50.7399317277	
4.21666666667	0.0	0.0	0.0 	0.0 	119.033333333 	14.0 	0.0 	0.0 	0.0 	-0.0 	14.0 	0.0 	0.0 	0.0 	11.8509498686	3.42252198737	133.235387621	-50.9297045821	
4.23333333333	0.0	0.0	0.0 	0.0 	119.266666667 	14.0 	0.0 	0.0 	0.0 	-0.0 	14.0 	0.0 	0.0 	0.0 	11.8571294773	3.42252198737	133.180598065	-51.1195763924	
4.25	0.0	0.0	0.0 	0.0 	119.5 	14.0 	0.0 	0.0 	0.0 	-0.0 	14.0 	0.0 	0.0 	0.0 	11.8631717613	3.42252198737	133.125780588	-51.3095449597	
4.26666666667	0.0	0.0	0.0 	0.0 	119.733333333 	14.0 	0.0 	0.0 	0.0 	-0.0 	14.0 	0.0 	0.0 	0.0 	11.8690797723	3.42252198737	133.070935812	-51.4996081337	
4.28333333333	0.0	0.0	0.0 	0.0 	119.966666667 	14.0 	0.0 	0.0 	0.0 	-0.0 	14.0 	0.0 	0.0 	0.0 	11.8748564942	3.42252198737	133.016064342	-51.6897638121	
4.3	0.0	0.0	0.0 	0.0 	120.2 	14.0 	0.0 	0.0 	0.0 	-0.0 	14.0 	0.0 	0.0 	0.0 	11.8805048445	3.42252198737	132.961166773	-51.8800099393	
4.31666666667	0.0	0.0	0.0 	0.0 	120.433333333 	14.0 	0.0 	0.0 	0.0 	-0.0 	14.0 	0.0 	0.0 	0.0 	11.8860276759	3.42252198737	132.906243683	-52.0703445052	
4.33333333333	0.0	0.0	0.0 	0.0 	120.666666667 	14.0 	0.0 	0.0 	0.0 	-0.0 	14.0 	0.0 	0.0 	0.0 	11.8914277778	3.42252198737	132.851295641	-52.2607655447	
4.35	0.0	0.0	0.0 	0.0 	120.9 	14.0 	0.0 	0.0 	0.0 	-0.0 	14.0 	0.0 	0.0 	0.0 	11.8967078773	3.42252198737	132.7963232	-52.4512711359	
4.36666666667	0.0	0.0	0.0 	0.0 	121.133333333 	14.0 	0.0 	0.0 	0.0 	-0.0 	14.0 	0.0 	0.0 	0.0 	11.9018706413	3.42252198737	132.741326903	-52.6418594001	
4.38333333333	0.0	0.0	0.0 	0.0 	121.366666667 	14.0 	0.0 	0.0 	0.0 	-0.0 	14.0 	0.0 	0.0 	0.0 	11.9069186773	3.42252198737	132.68630728	-52.8325285	
4.4	0.0	0.0	0.0 	0.0 	121.6 	14.0 	0.0 	0.0 	0.0 	-0.0 	14.0 	0.0 	0.0 	0.0 	11.9118545346	3.42252198737	132.63126485	-53.0232766392	
4.41666666667	0.0	0.0	0.0 	0.0 	121.833333333 	14.0 	0.0 	0.0 	0.0 	-0.0 	14.0 	0.0 	0.0 	0.0 	11.9166807063	3.42252198737	132.576200119	-53.2141020614	
4.43333333333	0.0	0.0	0.0 	0.0 	122.066666667 	14.0 	0.0 	0.0 	0.0 	-0.0 	14.0 	0.0 	0.0 	0.0 	11.9213996296	3.42252198737	132.521113582	-53.4050030492	
4.45	0.0	0.0	0.0 	0.0 	122.3 	14.0 	0.0 	0.0 	0.0 	-0.0 	14.0 	0.0 	0.0 	0.0 	11.926013688	3.42252198737	132.466005725	-53.5959779233	
4.46666666667	0.0	0.0	0.0 	0.0 	122.533333333 	14.0 	0.0 	0.0 	0.0 	-0.0 	14.0 	0.0 	0.0 	0.0 	11.9305252118	3.42252198737	132.41087702	-53.7870250418	
4.48333333333	0.0	0.0	0.0 	0.0 	122.766666667 	14.0 	0.0 	0.0 	0.0 	-0.0 	14.0 	0.0 	0.0 	0.0 	11.9349364795	3.42252198737	132.355727933	-53.9781427992	
4.5	0.0	0.0	0.0 	0.0 	123.0 	14.0 	0.0 	0.0 	0.0 	-0.0 	14.0 	0.0 	0.0 	0.0 	11.939249719	3.42252198737	132.300558914	-54.1693296259	
4.51666666667	0.0	0.0	0.0 	0.0 	123.233333333 	14.0 	0.0 	0.0 	0.0 	-0.0 	14.0 	0.0 	0.0 	0.0 	11.9434671088	3.42252198737	132.245370408	-54.3605839869	
4.53333333333	0.0	0.0	0.0 	0.0 	123.466666667 	14.0 	0.0 	0.0 	0.0 	-0.0 	14.0 	0.0 	0.0 	0.0 	11.9475907788	3.42252198737	132.190162847	-54.5519043815	
4.55	0.0	0.0	0.0 	0.0 	123.7 	14.0 	0.0 	0.0 	0.0 	-0.0 	14.0 	0.0 	0.0 	0.0 	11.9516228116	3.42252198737	132.134936655	-54.7432893423	
4.56666666667	0.0	0.0	0.0 	0.0 	123.933333333 	14.0 	0.0 	0.0 	0.0 	-0.0 	14.0 	0.0 	0.0 	0.0 	11.9555652438	3.42252198737	132.079692245	-54.9347374344	
4.58333333333	0.0	0.0	0.0 	0.0 	124.166666667 	14.0 	0.0 	0.0 	0.0 	-0.0 	14.0 	0.0 	0.0 	0.0 	11.9594200663	3.42252198737	132.024430023	-55.1262472549	
4.6	0.0	0.0	0.0 	0.0 	124.4 	14.0 	0.0 	0.0 	0.0 	-0.0 	14.0 	0.0 	0.0 	0.0 	11.9631892261	3.42252198737	131.969150385	-55.3178174322	
4.61666666667	0.0	0.0	0.0 	0.0 	124.633333333 	14.0 	0.0 	0.0 	0.0 	-0.0 	14.0 	0.0 	0.0 	0.0 	11.9668746269	3.42252198737	131.913853717	-55.5094466249	
4.63333333333	0.0	0.0	0.0 	0.0 	124.866666667 	14.0 	0.0 	0.0 	0.0 	-0.0 	14.0 	0.0 	0.0 	0.0 	11.9704781298	3.42252198737	131.858540398	-55.7011335215	
4.65	0.0	0.0	0.0 	0.0 	125.1 	14.0 	0.0 	0.0 	0.0 	-0.0 	14.0 	0.0 	0.0 	0.0 	11.9740015548	3.42252198737	131.803210798	-55.8928768399	
4.66666666667	0.0	0.0	0.0 	0.0 	125.333333333 	14.0 	0.0 	0.0 	0.0 	-0.0 	14.0 	0.0 	0.0 	0.0 	11.9774466816	3.42252198737	131.747865278	-56.0846753261	
4.68333333333	0.0	0.0	0.0 	0.0 	125.566666667 	14.0 	0.0 	0.0 	0.0 	-0.0 	14.0 	0.0 	0.0 	0.0 	11.9808152499	3.42252198737	131.692504193	-56.2765277542	
4.7	0.0	0.0	0.0 	0.0 	125.8 	14.0 	0.0 	0.0 	0.0 	-0.0 	14.0 	0.0 	0.0 	0.0 	11.9841089612	3.42252198737	131.637127889	-56.4684329255	
4.71666666667	0.0	0.0	0.0 	0.0 	126.033333333 	14.0 	0.0 	0.0 	0.0 	-0.0 	14.0 	0.0 	0.0 	0.0 	11.9873294789	3.42252198737	131.581736703	-56.660389668	
4.73333333333	0.0	0.0	0.0 	0.0 	126.266666667 	14.0 	0.0 	0.0 	0.0 	-0.0 	14.0 	0.0 	0.0 	0.0 	11.9904784296	3.42252198737	131.526330966	-56.8523968355	
4.75	0.0	0.0	0.0 	0.0 	126.5 	14.0 	0.0 	0.0 	0.0 	-0.0 	14.0 	0.0 	0.0 	0.0 	11.9935574036	3.42252198737	131.470911002	-57.0444533076	
4.76666666667	0.0	0.0	0.0 	0.0 	126.733333333 	14.0 	0.0 	0.0 	0.0 	-0.0 	14.0 	0.0 	0.0 	0.0 	11.9965679559	3.42252198737	131.415477127	-57.2365579886	
4.78333333333	0.0	0.0	0.0 	0.0 	126.966666667 	14.0 	0.0 	0.0 	0.0 	-0.0 	14.0 	0.0 	0.0 	0.0 	11.999511607	3.42252198737	131.360029649	-57.4287098071	
4.8	0.0	0.0	0.0 	0.0 	127.2 	14.0 	0.0 	0.0 	0.0 	-0.0 	14.0 	0.0 	0.0 	0.0 	12.0023898437	3.42252198737	131.304568872	-57.6209077158	
4.81666666667	0.0	0.0	0.0 	0.0 	127.433333333 	14.0 	0.0 	0.0 	0.0 	-0.0 	14.0 	0.0 	0.0 	0.0 	12.0052041196	3.42252198737	131.249095091	-57.8131506903	
4.83333333333	0.0	0.0	0.0 	0.0 	127.666666667 	14.0 	0.0 	0.0 	0.0 	-0.0 	14.0 	0.0 	0.0 	0.0 	12.007955856	3.42252198737	131.193608594	-58.0054377291	
4.85	0.0	0.0	0.0 	0.0 	127.9 	14.0 	0.0 	0.0 	0.0 	-0.0 	14.0 	0.0 	0.0 	0.0 	12.0106464427	3.42252198737	131.138109665	-58.1977678532	
4.86666666667	0.0	0.0	0.0 	0.0 	128.133333333 	14.0 	0.0 	0.0 	0.0 	-0.0 	14.0 	0.0 	0.0 	0.0 	12.0132772386	3.42252198737	131.082598579	-58.390140105	
4.88333333333	0.0	0.0	0.0 	0.0 	128.366666667 	14.0 	0.0 	0.0 	0.0 	-0.0 	14.0 	0.0 	0.0 	0.0 	12.0158495724	3.42252198737	131.027075607	-58.5825535483	
4.9	0.0	0.0	0.0 	0.0 	128.6 	14.0 	0.0 	0.0 	0.0 	-0.0 	14.0 	0.0 	0.0 	0.0 	12.0183647432	3.42252198737	130.971541013	-58.7750072679	
4.91666666667	0.0	0.0	0.0 	0.0 	128.833333333 	14.0 	0.0 	0.0 	0.0 	-0.0 	14.0 	0.0 	0.0 	0.0 	12.0208240213	3.42252198737	130.915995055	-58.9675003686	
4.93333333333	0.0	0.0	0.0 	0.0 	129.066666667 	14.0 	0.0 	0.0 	0.0 	-0.0 	14.0 	0.0 	0.0 	0.0 	12.0232286488	3.42252198737	130.860437986	-59.1600319753	
4.95	0.0	0.0	0.0 	0.0 	129.3 	14.0 	0.0 	0.0 	0.0 	-0.0 	14.0 	0.0 	0.0 	0.0 	12.0255798401	3.42252198737	130.804870052	-59.3526012324	
4.96666666667	0.0	0.0	0.0 	0.0 	129.533333333 	14.0 	0.0 	0.0 	0.0 	-0.0 	14.0 	0.0 	0.0 	0.0 	12.0278787827	3.42252198737	130.749291496	-59.5452073031	
4.98333333333	0.0	0.0	0.0 	0.0 	129.766666667 	14.0 	0.0 	0.0 	0.0 	-0.0 	14.0 	0.0 	0.0 	0.0 	12.0301266377	3.42252198737	130.693702552	-59.7378493695	
5.0	0.0	0.0	0.0 	0.0 	130.0 	14.0 	0.0 	0.0 	0.0 	-0.0 	14.0 	0.0 	0.0 	0.0 	12.0323245404	3.42252198737	130.638103453	-59.9305266315	
5.01666666667	0.0	0.0	0.0 	0.0 	130.233333333 	14.0 	0.0 	0.0 	0.0 	-0.0 	14.0 	0.0 	0.0 	0.0 	12.0344736008	3.42252198737	130.582494422	-60.123238307	
5.03333333333	0.0	0.0	0.0 	0.0 	130.466666667 	14.0 	0.0 	0.0 	0.0 	-0.0 	14.0 	0.0 	0.0 	0.0 	12.0365749043	3.42252198737	130.526875683	-60.3159836314	
5.05	0.0	0.0	0.0 	0.0 	130.7 	14.0 	0.0 	0.0 	0.0 	-0.0 	14.0 	0.0 	0.0 	0.0 	12.0386295121	3.42252198737	130.471247449	-60.5087618568	
5.06666666667	0.0	0.0	0.0 	0.0 	130.933333333 	14.0 	0.0 	0.0 	0.0 	-0.0 	14.0 	0.0 	0.0 	0.0 	12.0406384621	3.42252198737	130.415609932	-60.7015722522	
5.08333333333	0.0	0.0	0.0 	0.0 	131.166666667 	14.0 	0.0 	0.0 	0.0 	-0.0 	14.0 	0.0 	0.0 	0.0 	12.0426027686	3.42252198737	130.359963339	-60.8944141026	
5.1	0.0	0.0	0.0 	0.0 	131.4 	14.0 	0.0 	0.0 	0.0 	-0.0 	14.0 	0.0 	0.0 	0.0 	12.044523424	3.42252198737	130.30430787	-61.087286709	
5.11666666667	0.0	0.0	0.0 	0.0 	131.633333333 	14.0 	0.0 	0.0 	0.0 	-0.0 	14.0 	0.0 	0.0 	0.0 	12.046401398	3.42252198737	130.248643724	-61.280189388	
5.13333333333	0.0	0.0	0.0 	0.0 	131.866666667 	14.0 	0.0 	0.0 	0.0 	-0.0 	14.0 	0.0 	0.0 	0.0 	12.0482376394	3.42252198737	130.192971093	-61.4731214713	
5.15	0.0	0.0	0.0 	0.0 	132.1 	14.0 	0.0 	0.0 	0.0 	-0.0 	14.0 	0.0 	0.0 	0.0 	12.0500330754	3.42252198737	130.137290166	-61.6660823054	
5.16666666667	0.0	0.0	0.0 	0.0 	132.333333333 	14.0 	0.0 	0.0 	0.0 	-0.0 	14.0 	0.0 	0.0 	0.0 	12.0517886127	3.42252198737	130.081601126	-61.8590712515	
5.18333333333	0.0	0.0	0.0 	0.0 	132.566666667 	14.0 	0.0 	0.0 	0.0 	-0.0 	14.0 	0.0 	0.0 	0.0 	12.0535051382	3.42252198737	130.025904155	-62.0520876849	
5.2	0.0	0.0	0.0 	0.0 	132.8 	14.0 	0.0 	0.0 	0.0 	-0.0 	14.0 	0.0 	0.0 	0.0 	12.0551835186	3.42252198737	129.970199428	-62.2451309946	
5.21666666667	0.0	0.0	0.0 	0.0 	133.033333333 	14.0 	0.0 	0.0 	0.0 	-0.0 	14.0 	0.0 	0.0 	0.0 	12.0568246017	3.42252198737	129.914487118	-62.4382005836	
5.23333333333	0.0	0.0	0.0 	0.0 	133.266666667 	14.0 	0.0 	0.0 	0.0 	-0.0 	14.0 	0.0 	0.0 	0.0 	12.0584292163	3.42252198737	129.858767394	-62.6312958677	
5.25	0.0	0.0	0.0 	0.0 	133.5 	14.0 	0.0 	0.0 	0.0 	-0.0 	14.0 	0.0 	0.0 	0.0 	12.0599981728	3.42252198737	129.80304042	-62.8244162759	
5.26666666667	0.0	0.0	0.0 	0.0 	133.733333333 	14.0 	0.0 	0.0 	0.0 	-0.0 	14.0 	0.0 	0.0 	0.0 	12.0615322636	3.42252198737	129.747306357	-63.0175612501	
5.28333333333	0.0	0.0	0.0 	0.0 	133.966666667 	14.0 	0.0 	0.0 	0.0 	-0.0 	14.0 	0.0 	0.0 	0.0 	12.0630322635	3.42252198737	129.691565362	-63.2107302442	
5.3	0.0	0.0	0.0 	0.0 	134.2 	14.0 	0.0 	0.0 	0.0 	-0.0 	14.0 	0.0 	0.0 	0.0 	12.06449893	3.42252198737	129.635817591	-63.4039227244	
5.31666666667	0.0	0.0	0.0 	0.0 	134.433333333 	14.0 	0.0 	0.0 	0.0 	-0.0 	14.0 	0.0 	0.0 	0.0 	12.065933004	3.42252198737	129.580063193	-63.597138169	
5.33333333333	0.0	0.0	0.0 	0.0 	134.666666667 	14.0 	0.0 	0.0 	0.0 	-0.0 	14.0 	0.0 	0.0 	0.0 	12.0673352096	3.42252198737	129.524302315	-63.7903760674	
5.35	0.0	0.0	0.0 	0.0 	134.9 	14.0 	0.0 	0.0 	0.0 	-0.0 	14.0 	0.0 	0.0 	0.0 	12.0687062551	3.42252198737	129.468535103	-63.9836359209	
5.36666666667	0.0	0.0	0.0 	0.0 	135.133333333 	14.0 	0.0 	0.0 	0.0 	-0.0 	14.0 	0.0 	0.0 	0.0 	12.070046833	3.42252198737	129.412761695	-64.1769172414	
5.38333333333	0.0	0.0	0.0 	0.0 	135.366666667 	14.0 	0.0 	0.0 	0.0 	-0.0 	14.0 	0.0 	0.0 	0.0 	12.0713576202	3.42252198737	129.356982231	-64.3702195519	
5.4	0.0	0.0	0.0 	0.0 	135.6 	14.0 	0.0 	0.0 	0.0 	-0.0 	14.0 	0.0 	0.0 	0.0 	12.0726392788	3.42252198737	129.301196845	-64.5635423861	
5.41666666667	0.0	0.0	0.0 	0.0 	135.833333333 	14.0 	0.0 	0.0 	0.0 	-0.0 	14.0 	0.0 	0.0 	0.0 	12.0738924561	3.42252198737	129.245405668	-64.7568852877	
5.43333333333	0.0	0.0	0.0 	0.0 	136.066666667 	14.0 	0.0 	0.0 	0.0 	-0.0 	14.0 	0.0 	0.0 	0.0 	12.0751177851	3.42252198737	129.189608828	-64.9502478109	
5.45	0.0	0.0	0.0 	0.0 	136.3 	14.0 	0.0 	0.0 	0.0 	-0.0 	14.0 	0.0 	0.0 	0.0 	12.0763158845	3.42252198737	129.133806453	-65.1436295197	
5.46666666667	0.0	0.0	0.0 	0.0 	136.533333333 	14.0 	0.0 	0.0 	0.0 	-0.0 	14.0 	0.0 	0.0 	0.0 	12.0774873594	3.42252198737	129.077998665	-65.3370299876	
5.48333333333	0.0	0.0	0.0 	0.0 	136.766666667 	14.0 	0.0 	0.0 	0.0 	-0.0 	14.0 	0.0 	0.0 	0.0 	12.0786328016	3.42252198737	129.022185583	-65.5304487979	
5.5	0.0	0.0	0.0 	0.0 	137.0 	14.0 	0.0 	0.0 	0.0 	-0.0 	14.0 	0.0 	0.0 	0.0 	12.0797527896	3.42252198737	128.966367327	-65.7238855428	
5.51666666667	0.0	0.0	0.0 	0.0 	137.233333333 	14.0 	0.0 	0.0 	0.0 	-0.0 	14.0 	0.0 	0.0 	0.0 	12.0808478889	3.42252198737	128.91054401	-65.9173398239	
5.53333333333	0.0	0.0	0.0 	0.0 	137.466666667 	14.0 	0.0 	0.0 	0.0 	-0.0 	14.0 	0.0 	0.0 	0.0 	12.0819186526	3.42252198737	128.854715745	-66.1108112515	
5.55	0.0	0.0	0.0 	0.0 	137.7 	14.0 	0.0 	0.0 	0.0 	-0.0 	14.0 	0.0 	0.0 	0.0 	12.0829656216	3.42252198737	128.798882642	-66.3042994445	
5.56666666667	0.0	0.0	0.0 	0.0 	137.933333333 	14.0 	0.0 	0.0 	0.0 	-0.0 	14.0 	0.0 	0.0 	0.0 	12.0839893247	3.42252198737	128.743044809	-66.4978040303	
5.58333333333	0.0	0.0	0.0 	0.0 	138.166666667 	14.0 	0.0 	0.0 	0.0 	-0.0 	14.0 	0.0 	0.0 	0.0 	12.0849902787	3.42252198737	128.687202351	-66.6913246448	
5.6	0.0	0.0	0.0 	0.0 	138.4 	14.0 	0.0 	0.0 	0.0 	-0.0 	14.0 	0.0 	0.0 	0.0 	12.0859689894	3.42252198737	128.631355371	-66.8848609316	
5.61666666667	0.0	0.0	0.0 	0.0 	138.633333333 	14.0 	0.0 	0.0 	0.0 	-0.0 	14.0 	0.0 	0.0 	0.0 	12.0869259509	3.42252198737	128.575503968	-67.0784125426	
5.63333333333	0.0	0.0	0.0 	0.0 	138.866666667 	14.0 	0.0 	0.0 	0.0 	-0.0 	14.0 	0.0 	0.0 	0.0 	12.0878616466	3.42252198737	128.519648242	-67.2719791371	
5.65	0.0	0.0	0.0 	0.0 	139.1 	14.0 	0.0 	0.0 	0.0 	-0.0 	14.0 	0.0 	0.0 	0.0 	12.0887765491	3.42252198737	128.463788288	-67.4655603823	
5.66666666667	0.0	0.0	0.0 	0.0 	139.333333333 	14.0 	0.0 	0.0 	0.0 	-0.0 	14.0 	0.0 	0.0 	0.0 	12.0896711204	3.42252198737	128.407924201	-67.6591559524	
5.68333333333	0.0	0.0	0.0 	0.0 	139.566666667 	14.0 	0.0 	0.0 	0.0 	-0.0 	14.0 	0.0 	0.0 	0.0 	12.0905458124	3.42252198737	128.352056072	-67.8527655293	
5.7	0.0	0.0	0.0 	0.0 	139.8 	14.0 	0.0 	0.0 	0.0 	-0.0 	14.0 	0.0 	0.0 	0.0 	12.0914010667	3.42252198737	128.296183991	-68.0463888017	
5.71666666667	0.0	0.0	0.0 	0.0 	140.033333333 	14.0 	0.0 	0.0 	0.0 	-0.0 	14.0 	0.0 	0.0 	0.0 	12.0922373154	3.42252198737	128.240308045	-68.2400254651	
5.73333333333	0.0	0.0	0.0 	0.0 	140.266666667 	14.0 	0.0 	0.0 	0.0 	-0.0 	14.0 	0.0 	0.0 	0.0 	12.0930549808	3.42252198737	128.184428322	-68.4336752221	
5.75	0.0	0.0	0.0 	0.0 	140.5 	14.0 	0.0 	0.0 	0.0 	-0.0 	14.0 	0.0 	0.0 	0.0 	12.0938544758	3.42252198737	128.128544904	-68.6273377816	
5.76666666667	0.0	0.0	0.0 	0.0 	140.733333333 	14.0 	0.0 	0.0 	0.0 	-0.0 	14.0 	0.0 	0.0 	0.0 	12.0946362043	3.42252198737	128.072657874	-68.8210128592	
5.78333333333	0.0	0.0	0.0 	0.0 	140.966666667 	14.0 	0.0 	0.0 	0.0 	-0.0 	14.0 	0.0 	0.0 	0.0 	12.0954005611	3.42252198737	128.016767312	-69.0147001766	
5.8	0.0	0.0	0.0 	0.0 	141.2 	14.0 	0.0 	0.0 	0.0 	-0.0 	14.0 	0.0 	0.0 	0.0 	12.0961479321	3.42252198737	127.960873296	-69.208399462	
5.81666666667	0.0	0.0	0.0 	0.0 	141.433333333 	14.0 	0.0 	0.0 	0.0 	-0.0 	14.0 	0.0 	0.0 	0.0 	12.0968786949	3.42252198737	127.904975904	-69.4021104492	
5.83333333333	0.0	0.0	0.0 	0.0 	141.666666667 	14.0 	0.0 	0.0 	0.0 	-0.0 	14.0 	0.0 	0.0 	0.0 	12.0975932186	3.42252198737	127.84907521	-69.5958328784	
5.85	0.0	0.0	0.0 	0.0 	141.9 	14.0 	0.0 	0.0 	0.0 	-0.0 	14.0 	0.0 	0.0 	0.0 	12.0982918639	3.42252198737	127.793171288	-69.7895664952	
5.86666666667	0.0	0.0	0.0 	0.0 	142.133333333 	14.0 	0.0 	0.0 	0.0 	-0.0 	14.0 	0.0 	0.0 	0.0 	12.0989749837	3.42252198737	127.737264209	-69.9833110509	
5.88333333333	0.0	0.0	0.0 	0.0 	142.366666667 	14.0 	0.0 	0.0 	0.0 	-0.0 	14.0 	0.0 	0.0 	0.0 	12.0996429232	3.42252198737	127.681354044	-70.1770663026	
5.9	0.0	0.0	0.0 	0.0 	142.6 	14.0 	0.0 	0.0 	0.0 	-0.0 	14.0 	0.0 	0.0 	0.0 	12.1002960195	3.42252198737	127.625440861	-70.3708320125	
5.91666666667	0.0	0.0	0.0 	0.0 	142.833333333 	14.0 	0.0 	0.0 	0.0 	-0.0 	14.0 	0.0 	0.0 	0.0 	12.1009346026	3.42252198737	127.569524727	-70.5646079483	
5.93333333333	0.0	0.0	0.0 	0.0 	143.066666667 	14.0 	0.0 	0.0 	0.0 	-0.0 	14.0 	0.0 	0.0 	0.0 	12.1015589949	3.42252198737	127.513605708	-70.7583938826	
5.95	0.0	0.0	0.0 	0.0 	143.3 	14.0 	0.0 	0.0 	0.0 	-0.0 	14.0 	0.0 	0.0 	0.0 	12.1021695119	3.42252198737	127.457683868	-70.9521895933	
5.96666666667	0.0	0.0	0.0 	0.0 	143.533333333 	14.0 	0.0 	0.0 	0.0 	-0.0 	14.0 	0.0 	0.0 	0.0 	12.1027664618	3.42252198737	127.401759269	-71.1459948632	
5.98333333333	0.0	0.0	0.0 	0.0 	143.766666667 	14.0 	0.0 	0.0 	0.0 	-0.0 	14.0 	0.0 	0.0 	0.0 	12.1033501462	3.42252198737	127.345831974	-71.3398094797	
6.0	0.0	0.0	0.0 	0.0 	144.0 	14.0 	0.0 	0.0 	0.0 	-0.0 	14.0 	0.0 	0.0 	0.0 	12.1039208598	3.42252198737	127.289902041	-71.5336332353	
6.01666666667	0.0	0.0	0.0 	0.0 	144.233333333 	14.0 	0.0 	0.0 	0.0 	-0.0 	14.0 	0.0 	0.0 	0.0 	12.1044788908	3.42252198737	127.23396953	-71.7274659268	
6.03333333333	0.0	0.0	0.0 	0.0 	144.466666667 	14.0 	0.0 	0.0 	0.0 	-0.0 	14.0 	0.0 	0.0 	0.0 	12.1050245212	3.42252198737	127.178034497	-71.9213073557	
6.05	0.0	0.0	0.0 	0.0 	144.7 	14.0 	0.0 	0.0 	0.0 	-0.0 	14.0 	0.0 	0.0 	0.0 	12.1055580265	3.42252198737	127.122097	-72.1151573277	
6.06666666667	0.0	0.0	0.0 	0.0 	144.933333333 	14.0 	0.0 	0.0 	0.0 	-0.0 	14.0 	0.0 	0.0 	0.0 	12.1060796761	3.42252198737	127.066157091	-72.3090156531	
6.08333333333	0.0	0.0	0.0 	0.0 	145.166666667 	14.0 	0.0 	0.0 	0.0 	-0.0 	14.0 	0.0 	0.0 	0.0 	12.1065897335	3.42252198737	127.010214826	-72.5028821461	
6.1	0.0	0.0	0.0 	0.0 	145.4 	14.0 	0.0 	0.0 	0.0 	-0.0 	14.0 	0.0 	0.0 	0.0 	12.1070884562	3.42252198737	126.954270257	-72.6967566254	
6.11666666667	0.0	0.0	0.0 	0.0 	145.633333333 	14.0 	0.0 	0.0 	0.0 	-0.0 	14.0 	0.0 	0.0 	0.0 	12.1075760963	3.42252198737	126.898323434	-72.8906389134	
6.13333333333	0.0	0.0	0.0 	0.0 	145.866666667 	14.0 	0.0 	0.0 	0.0 	-0.0 	14.0 	0.0 	0.0 	0.0 	12.1080528999	3.42252198737	126.842374408	-73.0845288366	
6.15	0.0	0.0	0.0 	0.0 	146.1 	14.0 	0.0 	0.0 	0.0 	-0.0 	14.0 	0.0 	0.0 	0.0 	12.1085191078	3.42252198737	126.786423227	-73.2784262253	
6.16666666667	0.0	0.0	0.0 	0.0 	146.333333333 	14.0 	0.0 	0.0 	0.0 	-0.0 	14.0 	0.0 	0.0 	0.0 	12.1089749556	3.42252198737	126.73046994	-73.4723309137	
6.18333333333	0.0	0.0	0.0 	0.0 	146.566666667 	14.0 	0.0 	0.0 	0.0 	-0.0 	14.0 	0.0 	0.0 	0.0 	12.1094206734	3.42252198737	126.674514594	-73.6662427394	
6.2	0.0	0.0	0.0 	0.0 	146.8 	14.0 	0.0 	0.0 	0.0 	-0.0 	14.0 	0.0 	0.0 	0.0 	12.1098564864	3.42252198737	126.618557234	-73.860161544	
6.21666666667	0.0	0.0	0.0 	0.0 	147.033333333 	14.0 	0.0 	0.0 	0.0 	-0.0 	14.0 	0.0 	0.0 	0.0 	12.1102826147	3.42252198737	126.562597905	-74.0540871723	
6.23333333333	0.0	0.0	0.0 	0.0 	147.266666667 	14.0 	0.0 	0.0 	0.0 	-0.0 	14.0 	0.0 	0.0 	0.0 	12.1106992734	3.42252198737	126.50663665	-74.2480194727	
6.25	0.0	0.0	0.0 	0.0 	147.5 	14.0 	0.0 	0.0 	0.0 	-0.0 	14.0 	0.0 	0.0 	0.0 	12.1111066731	3.42252198737	126.450673513	-74.4419582969	
6.26666666667	0.0	0.0	0.0 	0.0 	147.733333333 	14.0 	0.0 	0.0 	0.0 	-0.0 	14.0 	0.0 	0.0 	0.0 	12.1115050194	3.42252198737	126.394708535	-74.6359034999	
6.28333333333	0.0	0.0	0.0 	0.0 	147.966666667 	14.0 	0.0 	0.0 	0.0 	-0.0 	14.0 	0.0 	0.0 	0.0 	12.1118945136	3.42252198737	126.338741758	-74.82985494	
6.3	0.0	0.0	0.0 	0.0 	148.2 	14.0 	0.0 	0.0 	0.0 	-0.0 	14.0 	0.0 	0.0 	0.0 	12.1122753524	3.42252198737	126.282773221	-75.0238124786	
6.31666666667	0.0	0.0	0.0 	0.0 	148.433333333 	14.0 	0.0 	0.0 	0.0 	-0.0 	14.0 	0.0 	0.0 	0.0 	12.1126477281	3.42252198737	126.226802963	-75.2177759802	
6.33333333333	0.0	0.0	0.0 	0.0 	148.666666667 	14.0 	0.0 	0.0 	0.0 	-0.0 	14.0 	0.0 	0.0 	0.0 	12.1130118287	3.42252198737	126.170831022	-75.4117453122	
6.35	0.0	0.0	0.0 	0.0 	148.9 	14.0 	0.0 	0.0 	0.0 	-0.0 	14.0 	0.0 	0.0 	0.0 	12.1133678383	3.42252198737	126.114857437	-75.6057203451	
6.36666666667	0.0	0.0	0.0 	0.0 	149.133333333 	14.0 	0.0 	0.0 	0.0 	-0.0 	14.0 	0.0 	0.0 	0.0 	12.1137159365	3.42252198737	126.058882243	-75.7997009523	
6.38333333333	0.0	0.0	0.0 	0.0 	149.366666667 	14.0 	0.0 	0.0 	0.0 	-0.0 	14.0 	0.0 	0.0 	0.0 	12.1140562992	3.42252198737	126.002905476	-75.9936870097	
6.4	0.0	0.0	0.0 	0.0 	149.6 	14.0 	0.0 	0.0 	0.0 	-0.0 	14.0 	0.0 	0.0 	0.0 	12.1143890983	3.42252198737	125.946927172	-76.1876783964	
6.41666666667	0.0	0.0	0.0 	0.0 	149.833333333 	14.0 	0.0 	0.0 	0.0 	-0.0 	14.0 	0.0 	0.0 	0.0 	12.1147145018	3.42252198737	125.890947364	-76.3816749938	
6.43333333333	0.0	0.0	0.0 	0.0 	150.066666667 	14.0 	0.0 	0.0 	0.0 	-0.0 	14.0 	0.0 	0.0 	0.0 	12.1150326742	3.42252198737	125.834966085	-76.5756766863	
6.45	0.0	0.0	0.0 	0.0 	150.3 	14.0 	0.0 	0.0 	0.0 	-0.0 	14.0 	0.0 	0.0 	0.0 	12.115343776	3.42252198737	125.778983369	-76.7696833605	
6.46666666667	0.0	0.0	0.0 	0.0 	150.533333333 	14.0 	0.0 	0.0 	0.0 	-0.0 	14.0 	0.0 	0.0 	0.0 	12.1156479645	3.42252198737	125.722999248	-76.9636949057	
6.48333333333	0.0	0.0	0.0 	0.0 	150.766666667 	14.0 	0.0 	0.0 	0.0 	-0.0 	14.0 	0.0 	0.0 	0.0 	12.1159453933	3.42252198737	125.667013752	-77.1577112138	
6.5	0.0	0.0	0.0 	0.0 	151.0 	14.0 	0.0 	0.0 	0.0 	-0.0 	14.0 	0.0 	0.0 	0.0 	12.1162362125	3.42252198737	125.611026912	-77.3517321789	
6.51666666667	0.0	0.0	0.0 	0.0 	151.233333333 	14.0 	0.0 	0.0 	0.0 	-0.0 	14.0 	0.0 	0.0 	0.0 	12.1165205691	3.42252198737	125.555038759	-77.5457576974	
6.53333333333	0.0	0.0	0.0 	0.0 	151.466666667 	14.0 	0.0 	0.0 	0.0 	-0.0 	14.0 	0.0 	0.0 	0.0 	12.1167986066	3.42252198737	125.49904932	-77.7397876683	
6.55	0.0	0.0	0.0 	0.0 	151.7 	14.0 	0.0 	0.0 	0.0 	-0.0 	14.0 	0.0 	0.0 	0.0 	12.1170704655	3.42252198737	125.443058626	-77.9338219925	
6.56666666667	0.0	0.0	0.0 	0.0 	151.933333333 	14.0 	0.0 	0.0 	0.0 	-0.0 	14.0 	0.0 	0.0 	0.0 	12.1173362831	3.42252198737	125.387066703	-78.1278605733	
6.58333333333	0.0	0.0	0.0 	0.0 	152.166666667 	14.0 	0.0 	0.0 	0.0 	-0.0 	14.0 	0.0 	0.0 	0.0 	12.1175961937	3.42252198737	125.331073579	-78.3219033162	
6.6	0.0	0.0	0.0 	0.0 	152.4 	14.0 	0.0 	0.0 	0.0 	-0.0 	14.0 	0.0 	0.0 	0.0 	12.1178503285	3.42252198737	125.275079281	-78.5159501286	
6.61666666667	0.0	0.0	0.0 	0.0 	152.633333333 	14.0 	0.0 	0.0 	0.0 	-0.0 	14.0 	0.0 	0.0 	0.0 	12.1180988158	3.42252198737	125.219083834	-78.71000092	
6.63333333333	0.0	0.0	0.0 	0.0 	152.866666667 	14.0 	0.0 	0.0 	0.0 	-0.0 	14.0 	0.0 	0.0 	0.0 	12.1183417812	3.42252198737	125.163087265	-78.9040556022	
6.65	0.0	0.0	0.0 	0.0 	153.1 	14.0 	0.0 	0.0 	0.0 	-0.0 	14.0 	0.0 	0.0 	0.0 	12.1185793473	3.42252198737	125.107089598	-79.0981140886	
6.66666666667	0.0	0.0	0.0 	0.0 	153.333333333 	14.0 	0.0 	0.0 	0.0 	-0.0 	14.0 	0.0 	0.0 	0.0 	12.1188116342	3.42252198737	125.051090858	-79.2921762947	
6.68333333333	0.0	0.0	0.0 	0.0 	153.566666667 	14.0 	0.0 	0.0 	0.0 	-0.0 	14.0 	0.0 	0.0 	0.0 	12.1190387592	3.42252198737	124.995091069	-79.4862421378	
6.7	0.0	0.0	0.0 	0.0 	153.8 	14.0 	0.0 	0.0 	0.0 	-0.0 	14.0 	0.0 	0.0 	0.0 	12.1192608369	3.42252198737	124.939090253	-79.6803115371	
6.71666666667	0.0	0.0	0.0 	0.0 	154.033333333 	14.0 	0.0 	0.0 	0.0 	-0.0 	14.0 	0.0 	0.0 	0.0 	12.1194779796	3.42252198737	124.883088433	-79.8743844135	
6.73333333333	0.0	0.0	0.0 	0.0 	154.266666667 	14.0 	0.0 	0.0 	0.0 	-0.0 	14.0 	0.0 	0.0 	0.0 	12.1196902969	3.42252198737	124.827085633	-80.0684606899	
6.75	0.0	0.0	0.0 	0.0 	154.5 	14.0 	0.0 	0.0 	0.0 	-0.0 	14.0 	0.0 	0.0 	0.0 	12.1198978961	3.42252198737	124.771081873	-80.2625402906	
6.76666666667	0.0	0.0	0.0 	0.0 	154.733333333 	14.0 	0.0 	0.0 	0.0 	-0.0 	14.0 	0.0 	0.0 	0.0 	12.1201008819	3.42252198737	124.715077176	-80.4566231418	
6.78333333333	0.0	0.0	0.0 	0.0 	154.966666667 	14.0 	0.0 	0.0 	0.0 	-0.0 	14.0 	0.0 	0.0 	0.0 	12.1202993569	3.42252198737	124.659071561	-80.6507091712	
6.8	0.0	0.0	0.0 	0.0 	155.2 	14.0 	0.0 	0.0 	0.0 	-0.0 	14.0 	0.0 	0.0 	0.0 	12.1204934214	3.42252198737	124.60306505	-80.8447983082	
6.81666666667	0.0	0.0	0.0 	0.0 	155.433333333 	14.0 	0.0 	0.0 	0.0 	-0.0 	14.0 	0.0 	0.0 	0.0 	12.1206831733	3.42252198737	124.547057661	-81.0388904838	
6.83333333333	0.0	0.0	0.0 	0.0 	155.666666667 	14.0 	0.0 	0.0 	0.0 	-0.0 	14.0 	0.0 	0.0 	0.0 	12.1208687085	3.42252198737	124.491049416	-81.2329856305	
6.85	0.0	0.0	0.0 	0.0 	155.9 	14.0 	0.0 	0.0 	0.0 	-0.0 	14.0 	0.0 	0.0 	0.0 	12.1210501207	3.42252198737	124.435040332	-81.4270836821	
6.86666666667	0.0	0.0	0.0 	0.0 	156.133333333 	14.0 	0.0 	0.0 	0.0 	-0.0 	14.0 	0.0 	0.0 	0.0 	12.1212275016	3.42252198737	124.379030429	-81.6211845742	
6.88333333333	0.0	0.0	0.0 	0.0 	156.366666667 	14.0 	0.0 	0.0 	0.0 	-0.0 	14.0 	0.0 	0.0 	0.0 	12.1214009406	3.42252198737	124.323019724	-81.8152882436	
6.9	0.0	0.0	0.0 	0.0 	156.6 	14.0 	0.0 	0.0 	0.0 	-0.0 	14.0 	0.0 	0.0 	0.0 	12.1215705254	3.42252198737	124.267008235	-82.0093946286	
6.91666666667	0.0	0.0	0.0 	0.0 	156.833333333 	14.0 	0.0 	0.0 	0.0 	-0.0 	14.0 	0.0 	0.0 	0.0 	12.1217363417	3.42252198737	124.21099598	-82.2035036689	
6.93333333333	0.0	0.0	0.0 	0.0 	157.066666667 	14.0 	0.0 	0.0 	0.0 	-0.0 	14.0 	0.0 	0.0 	0.0 	12.1218984732	3.42252198737	124.154982977	-82.3976153055	
6.95	0.0	0.0	0.0 	0.0 	157.3 	14.0 	0.0 	0.0 	0.0 	-0.0 	14.0 	0.0 	0.0 	0.0 	12.1220570017	3.42252198737	124.09896924	-82.5917294806	
6.96666666667	0.0	0.0	0.0 	0.0 	157.533333333 	14.0 	0.0 	0.0 	0.0 	-0.0 	14.0 	0.0 	0.0 	0.0 	12.1222120074	3.42252198737	124.042954787	-82.7858461379	
6.98333333333	0.0	0.0	0.0 	0.0 	157.766666667 	14.0 	0.0 	0.0 	0.0 	-0.0 	14.0 	0.0 	0.0 	0.0 	12.1223635686	3.42252198737	123.986939634	-82.9799652222	
7.0	0.0	0.0	0.0 	0.0 	158.0 	14.0 	0.0 	0.0 	0.0 	-0.0 	14.0 	0.0 	0.0 	0.0 	12.1225117617	3.42252198737	123.930923797	-83.1740866795	
7.01666666667	0.0	0.0	0.0 	0.0 	158.233333333 	14.0 	0.0 	0.0 	0.0 	-0.0 	14.0 	0.0 	0.0 	0.0 	12.1226566616	3.42252198737	123.874907289	-83.3682104572	
7.03333333333	0.0	0.0	0.0 	0.0 	158.466666667 	14.0 	0.0 	0.0 	0.0 	-0.0 	14.0 	0.0 	0.0 	0.0 	12.1227983415	3.42252198737	123.818890127	-83.5623365036	
7.05	0.0	0.0	0.0 	0.0 	158.7 	14.0 	0.0 	0.0 	0.0 	-0.0 	14.0 	0.0 	0.0 	0.0 	12.122936873	3.42252198737	123.762872325	-83.7564647684	
7.06666666667	0.0	0.0	0.0 	0.0 	158.933333333 	14.0 	0.0 	0.0 	0.0 	-0.0 	14.0 	0.0 	0.0 	0.0 	12.123072326	3.42252198737	123.706853897	-83.9505952022	
7.08333333333	0.0	0.0	0.0 	0.0 	159.166666667 	14.0 	0.0 	0.0 	0.0 	-0.0 	14.0 	0.0 	0.0 	0.0 	12.1232047689	3.42252198737	123.650834857	-84.1447277568	
7.1	0.0	0.0	0.0 	0.0 	159.4 	14.0 	0.0 	0.0 	0.0 	-0.0 	14.0 	0.0 	0.0 	0.0 	12.1233342687	3.42252198737	123.594815219	-84.3388623852	
7.11666666667	0.0	0.0	0.0 	0.0 	159.633333333 	14.0 	0.0 	0.0 	0.0 	-0.0 	14.0 	0.0 	0.0 	0.0 	12.1234608907	3.42252198737	123.538794995	-84.5329990413	
7.13333333333	0.0	0.0	0.0 	0.0 	159.866666667 	14.0 	0.0 	0.0 	0.0 	-0.0 	14.0 	0.0 	0.0 	0.0 	12.1235846988	3.42252198737	123.482774199	-84.7271376799	
7.15	0.0	0.0	0.0 	0.0 	160.1 	14.0 	0.0 	0.0 	0.0 	-0.0 	14.0 	0.0 	0.0 	0.0 	12.1237057557	3.42252198737	123.426752844	-84.921278257	
7.16666666667	0.0	0.0	0.0 	0.0 	160.333333333 	14.0 	0.0 	0.0 	0.0 	-0.0 	14.0 	0.0 	0.0 	0.0 	12.1238241224	3.42252198737	123.370730942	-85.1154207295	
7.18333333333	0.0	0.0	0.0 	0.0 	160.566666667 	14.0 	0.0 	0.0 	0.0 	-0.0 	14.0 	0.0 	0.0 	0.0 	12.1239398588	3.42252198737	123.314708506	-85.3095650554	
7.2	0.0	0.0	0.0 	0.0 	160.8 	14.0 	0.0 	0.0 	0.0 	-0.0 	14.0 	0.0 	0.0 	0.0 	12.1240530232	3.42252198737	123.258685546	-85.5037111935	
7.21666666667	0.0	0.0	0.0 	0.0 	161.033333333 	14.0 	0.0 	0.0 	0.0 	-0.0 	14.0 	0.0 	0.0 	0.0 	12.1241636729	3.42252198737	123.202662075	-85.6978591033	
7.23333333333	0.0	0.0	0.0 	0.0 	161.266666667 	14.0 	0.0 	0.0 	0.0 	-0.0 	14.0 	0.0 	0.0 	0.0 	12.1242718636	3.42252198737	123.146638104	-85.8920087457	
7.25	0.0	0.0	0.0 	0.0 	161.5 	14.0 	0.0 	0.0 	0.0 	-0.0 	14.0 	0.0 	0.0 	0.0 	12.1243776502	3.42252198737	123.090613644	-86.0861600821	
7.26666666667	0.0	0.0	0.0 	0.0 	161.733333333 	14.0 	0.0 	0.0 	0.0 	-0.0 	14.0 	0.0 	0.0 	0.0 	12.1244810859	3.42252198737	123.034588707	-86.2803130748	
7.28333333333	0.0	0.0	0.0 	0.0 	161.966666667 	14.0 	0.0 	0.0 	0.0 	-0.0 	14.0 	0.0 	0.0 	0.0 	12.1245822231	3.42252198737	122.978563302	-86.4744676871	
7.3	0.0	0.0	0.0 	0.0 	162.2 	14.0 	0.0 	0.0 	0.0 	-0.0 	14.0 	0.0 	0.0 	0.0 	12.1246811127	3.42252198737	122.92253744	-86.6686238829	
7.31666666667	0.0	0.0	0.0 	0.0 	162.433333333 	14.0 	0.0 	0.0 	0.0 	-0.0 	14.0 	0.0 	0.0 	0.0 	12.1247778049	3.42252198737	122.866511131	-86.8627816271	
7.33333333333	0.0	0.0	0.0 	0.0 	162.666666667 	14.0 	0.0 	0.0 	0.0 	-0.0 	14.0 	0.0 	0.0 	0.0 	12.1248723483	3.42252198737	122.810484385	-87.0569408852	
7.35	0.0	0.0	0.0 	0.0 	162.9 	14.0 	0.0 	0.0 	0.0 	-0.0 	14.0 	0.0 	0.0 	0.0 	12.1249647907	3.42252198737	122.754457213	-87.2511016236	
7.36666666667	0.0	0.0	0.0 	0.0 	163.133333333 	14.0 	0.0 	0.0 	0.0 	-0.0 	14.0 	0.0 	0.0 	0.0 	12.1250551789	3.42252198737	122.698429622	-87.4452638095	
7.38333333333	0.0	0.0	0.0 	0.0 	163.366666667 	14.0 	0.0 	0.0 	0.0 	-0.0 	14.0 	0.0 	0.0 	0.0 	12.1251435584	3.42252198737	122.642401623	-87.6394274106	
7.4	0.0	0.0	0.0 	0.0 	163.6 	14.0 	0.0 	0.0 	0.0 	-0.0 	14.0 	0.0 	0.0 	0.0 	12.125229974	3.42252198737	122.586373225	-87.8335923954	
7.41666666667	0.0	0.0	0.0 	0.0 	163.833333333 	14.0 	0.0 	0.0 	0.0 	-0.0 	14.0 	0.0 	0.0 	0.0 	12.1253144692	3.42252198737	122.530344437	-88.0277587334	
7.43333333333	0.0	0.0	0.0 	0.0 	164.066666667 	14.0 	0.0 	0.0 	0.0 	-0.0 	14.0 	0.0 	0.0 	0.0 	12.1253970867	3.42252198737	122.474315266	-88.2219263943	
7.45	0.0	0.0	0.0 	0.0 	164.3 	14.0 	0.0 	0.0 	0.0 	-0.0 	14.0 	0.0 	0.0 	0.0 	12.1254778683	3.42252198737	122.418285723	-88.4160953488	
7.46666666667	0.0	0.0	0.0 	0.0 	164.533333333 	14.0 	0.0 	0.0 	0.0 	-0.0 	14.0 	0.0 	0.0 	0.0 	12.1255568547	3.42252198737	122.362255814	-88.6102655681	
7.48333333333	0.0	0.0	0.0 	0.0 	164.766666667 	14.0 	0.0 	0.0 	0.0 	-0.0 	14.0 	0.0 	0.0 	0.0 	12.1256340859	3.42252198737	122.306225549	-88.8044370242	
7.5	0.0	0.0	0.0 	0.0 	165.0 	14.0 	0.0 	0.0 	0.0 	-0.0 	14.0 	0.0 	0.0 	0.0 	12.1257096008	3.42252198737	122.250194934	-88.9986096895	
7.51666666667	0.0	0.0	0.0 	0.0 	165.233333333 	14.0 	0.0 	0.0 	0.0 	-0.0 	14.0 	0.0 	0.0 	0.0 	12.1257834377	3.42252198737	122.194163979	-89.1927835372	
7.53333333333	0.0	0.0	0.0 	0.0 	165.466666667 	14.0 	0.0 	0.0 	0.0 	-0.0 	14.0 	0.0 	0.0 	0.0 	12.1258556337	3.42252198737	122.138132689	-89.3869585409	
7.55	0.0	0.0	0.0 	0.0 	165.7 	14.0 	0.0 	0.0 	0.0 	-0.0 	14.0 	0.0 	0.0 	0.0 	12.1259262253	3.42252198737	122.082101074	-89.5811346751	
7.56666666667	0.0	0.0	0.0 	0.0 	165.933333333 	14.0 	0.0 	0.0 	0.0 	-0.0 	14.0 	0.0 	0.0 	0.0 	12.1259952483	3.42252198737	122.02606914	-89.7753119146	
7.58333333333	0.0	0.0	0.0 	0.0 	166.166666667 	14.0 	0.0 	0.0 	0.0 	-0.0 	14.0 	0.0 	0.0 	0.0 	12.1260627374	3.42252198737	121.970036894	-89.9694902348	
7.6	0.0	0.0	0.0 	0.0 	166.4 	14.0 	0.0 	0.0 	0.0 	-0.0 	14.0 	0.0 	0.0 	0.0 	12.1261287267	3.42252198737	121.914004342	-90.1636696116	
7.61666666667	0.0	0.0	0.0 	0.0 	166.633333333 	14.0 	0.0 	0.0 	0.0 	-0.0 	14.0 	0.0 	0.0 	0.0 	12.1261932497	3.42252198737	121.857971493	-90.3578500218	
7.63333333333	0.0	0.0	0.0 	0.0 	166.866666667 	14.0 	0.0 	0.0 	0.0 	-0.0 	14.0 	0.0 	0.0 	0.0 	12.1262563387	3.42252198737	121.801938352	-90.5520314421	
7.65	0.0	0.0	0.0 	0.0 	167.1 	14.0 	0.0 	0.0 	0.0 	-0.0 	14.0 	0.0 	0.0 	0.0 	12.1263180258	3.42252198737	121.745904927	-90.7462138503	
7.66666666667	0.0	0.0	0.0 	0.0 	167.333333333 	14.0 	0.0 	0.0 	0.0 	-0.0 	14.0 	0.0 	0.0 	0.0 	12.1263783421	3.42252198737	121.689871222	-90.9403972244	
7.68333333333	0.0	0.0	0.0 	0.0 	167.566666667 	14.0 	0.0 	0.0 	0.0 	-0.0 	14.0 	0.0 	0.0 	0.0 	12.126437318	3.42252198737	121.633837245	-91.1345815429	
7.7	0.0	0.0	0.0 	0.0 	167.8 	14.0 	0.0 	0.0 	0.0 	-0.0 	14.0 	0.0 	0.0 	0.0 	12.1264949833	3.42252198737	121.577803002	-91.3287667847	
7.71666666667	0.0	0.0	0.0 	0.0 	168.033333333 	14.0 	0.0 	0.0 	0.0 	-0.0 	14.0 	0.0 	0.0 	0.0 	12.1265513672	3.42252198737	121.521768497	-91.5229529295	
7.73333333333	0.0	0.0	0.0 	0.0 	168.266666667 	14.0 	0.0 	0.0 	0.0 	-0.0 	14.0 	0.0 	0.0 	0.0 	12.1266064981	3.42252198737	121.465733739	-91.7171399571	
7.75	0.0	0.0	0.0 	0.0 	168.5 	14.0 	0.0 	0.0 	0.0 	-0.0 	14.0 	0.0 	0.0 	0.0 	12.1266604039	3.42252198737	121.409698731	-91.9113278479	
7.76666666667	0.0	0.0	0.0 	0.0 	168.733333333 	14.0 	0.0 	0.0 	0.0 	-0.0 	14.0 	0.0 	0.0 	0.0 	12.1267131118	3.42252198737	121.353663479	-92.1055165827	
7.78333333333	0.0	0.0	0.0 	0.0 	168.966666667 	14.0 	0.0 	0.0 	0.0 	-0.0 	14.0 	0.0 	0.0 	0.0 	12.1267646484	3.42252198737	121.29762799	-92.2997061428	
7.8	0.0	0.0	0.0 	0.0 	169.2 	14.0 	0.0 	0.0 	0.0 	-0.0 	14.0 	0.0 	0.0 	0.0 	12.1268150397	3.42252198737	121.241592267	-92.4938965098	
7.81666666667	0.0	0.0	0.0 	0.0 	169.433333333 	14.0 	0.0 	0.0 	0.0 	-0.0 	14.0 	0.0 	0.0 	0.0 	12.1268643112	3.42252198737	121.185556317	-92.6880876659	
7.83333333333	0.0	0.0	0.0 	0.0 	169.666666667 	14.0 	0.0 	0.0 	0.0 	-0.0 	14.0 	0.0 	0.0 	0.0 	12.1269124878	3.42252198737	121.129520145	-92.8822795934	
7.85	0.0	0.0	0.0 	0.0 	169.9 	14.0 	0.0 	0.0 	0.0 	-0.0 	14.0 	0.0 	0.0 	0.0 	12.1269595938	3.42252198737	121.073483754	-93.0764722752	
7.86666666667	0.0	0.0	0.0 	0.0 	170.133333333 	14.0 	0.0 	0.0 	0.0 	-0.0 	14.0 	0.0 	0.0 	0.0 	12.127005653	3.42252198737	121.017447151	-93.2706656946	
7.88333333333	0.0	0.0	0.0 	0.0 	170.366666667 	14.0 	0.0 	0.0 	0.0 	-0.0 	14.0 	0.0 	0.0 	0.0 	12.1270506887	3.42252198737	120.96141034	-93.4648598351	
7.9	0.0	0.0	0.0 	0.0 	170.6 	14.0 	0.0 	0.0 	0.0 	-0.0 	14.0 	0.0 	0.0 	0.0 	12.1270947236	3.42252198737	120.905373325	-93.6590546808	
7.91666666667	0.0	0.0	0.0 	0.0 	170.833333333 	14.0 	0.0 	0.0 	0.0 	-0.0 	14.0 	0.0 	0.0 	0.0 	12.1271377799	3.42252198737	120.849336111	-93.853250216	
7.93333333333	0.0	0.0	0.0 	0.0 	171.066666667 	14.0 	0.0 	0.0 	0.0 	-0.0 	14.0 	0.0 	0.0 	0.0 	12.1271798794	3.42252198737	120.793298703	-94.0474464253	
7.95	0.0	0.0	0.0 	0.0 	171.3 	14.0 	0.0 	0.0 	0.0 	-0.0 	14.0 	0.0 	0.0 	0.0 	12.1272210434	3.42252198737	120.737261104	-94.2416432938	
7.96666666667	0.0	0.0	0.0 	0.0 	171.533333333 	14.0 	0.0 	0.0 	0.0 	-0.0 	14.0 	0.0 	0.0 	0.0 	12.1272612926	3.42252198737	120.68122332	-94.4358408068	
7.98333333333	0.0	0.0	0.0 	0.0 	171.766666667 	14.0 	0.0 	0.0 	0.0 	-0.0 	14.0 	0.0 	0.0 	0.0 	12.1273006474	3.42252198737	120.625185353	-94.63003895	
8.0	0.0	0.0	0.0 	0.0 	172.0 	14.0 	0.0 	0.0 	0.0 	-0.0 	14.0 	0.0 	0.0 	0.0 	12.1273391276	3.42252198737	120.569147209	-94.8242377094	
8.01666666667	0.0	0.0	0.0 	0.0 	172.233333333 	14.0 	0.0 	0.0 	0.0 	-0.0 	14.0 	0.0 	0.0 	0.0 	12.1273767527	3.42252198737	120.513108891	-95.0184370713	
8.03333333333	0.0	0.0	0.0 	0.0 	172.466666667 	14.0 	0.0 	0.0 	0.0 	-0.0 	14.0 	0.0 	0.0 	0.0 	12.1274135417	3.42252198737	120.457070403	-95.2126370223	
8.05	0.0	0.0	0.0 	0.0 	172.7 	14.0 	0.0 	0.0 	0.0 	-0.0 	14.0 	0.0 	0.0 	0.0 	12.1274495132	3.42252198737	120.401031749	-95.4068375494	
8.06666666667	0.0	0.0	0.0 	0.0 	172.933333333 	14.0 	0.0 	0.0 	0.0 	-0.0 	14.0 	0.0 	0.0 	0.0 	12.1274846853	3.42252198737	120.344992932	-95.6010386397	
8.08333333333	0.0	0.0	0.0 	0.0 	173.166666667 	14.0 	0.0 	0.0 	0.0 	-0.0 	14.0 	0.0 	0.0 	0.0 	12.1275190758	3.42252198737	120.288953957	-95.7952402806	
8.1	0.0	0.0	0.0 	0.0 	173.4 	14.0 	0.0 	0.0 	0.0 	-0.0 	14.0 	0.0 	0.0 	0.0 	12.1275527021	3.42252198737	120.232914826	-95.9894424601	
8.11666666667	0.0	0.0	0.0 	0.0 	173.633333333 	14.0 	0.0 	0.0 	0.0 	-0.0 	14.0 	0.0 	0.0 	0.0 	12.1275855811	3.42252198737	120.176875543	-96.183645166	
8.13333333333	0.0	0.0	0.0 	0.0 	173.866666667 	14.0 	0.0 	0.0 	0.0 	-0.0 	14.0 	0.0 	0.0 	0.0 	12.1276177295	3.42252198737	120.120836111	-96.3778483868	
8.15	0.0	0.0	0.0 	0.0 	174.1 	14.0 	0.0 	0.0 	0.0 	-0.0 	14.0 	0.0 	0.0 	0.0 	12.1276491635	3.42252198737	120.064796534	-96.5720521109	
8.16666666667	0.0	0.0	0.0 	0.0 	174.333333333 	14.0 	0.0 	0.0 	0.0 	-0.0 	14.0 	0.0 	0.0 	0.0 	12.1276798989	3.42252198737	120.008756816	-96.7662563272	
8.18333333333	0.0	0.0	0.0 	0.0 	174.566666667 	14.0 	0.0 	0.0 	0.0 	-0.0 	14.0 	0.0 	0.0 	0.0 	12.1277099513	3.42252198737	119.952716958	-96.9604610247	
8.2	0.0	0.0	0.0 	0.0 	174.8 	14.0 	0.0 	0.0 	0.0 	-0.0 	14.0 	0.0 	0.0 	0.0 	12.1277393359	3.42252198737	119.896676965	-97.1546661927	
8.21666666667	0.0	0.0	0.0 	0.0 	175.033333333 	14.0 	0.0 	0.0 	0.0 	-0.0 	14.0 	0.0 	0.0 	0.0 	12.1277680675	3.42252198737	119.840636838	-97.3488718209	
8.23333333333	0.0	0.0	0.0 	0.0 	175.266666667 	14.0 	0.0 	0.0 	0.0 	-0.0 	14.0 	0.0 	0.0 	0.0 	12.1277961606	3.42252198737	119.784596582	-97.5430778989	
8.25	0.0	0.0	0.0 	0.0 	175.5 	14.0 	0.0 	0.0 	0.0 	-0.0 	14.0 	0.0 	0.0 	0.0 	12.1278236295	3.42252198737	119.7285562	-97.7372844168	
8.26666666667	0.0	0.0	0.0 	0.0 	175.733333333 	14.0 	0.0 	0.0 	0.0 	-0.0 	14.0 	0.0 	0.0 	0.0 	12.1278504879	3.42252198737	119.672515692	-97.9314913648	
8.28333333333	0.0	0.0	0.0 	0.0 	175.966666667 	14.0 	0.0 	0.0 	0.0 	-0.0 	14.0 	0.0 	0.0 	0.0 	12.1278767494	3.42252198737	119.616475064	-98.1256987333	
8.3	0.0	0.0	0.0 	0.0 	176.2 	14.0 	0.0 	0.0 	0.0 	-0.0 	14.0 	0.0 	0.0 	0.0 	12.1279024274	3.42252198737	119.560434317	-98.319906513	
8.31666666667	0.0	0.0	0.0 	0.0 	176.433333333 	14.0 	0.0 	0.0 	0.0 	-0.0 	14.0 	0.0 	0.0 	0.0 	12.1279275348	3.42252198737	119.504393454	-98.5141146947	
8.33333333333	0.0	0.0	0.0 	0.0 	176.666666667 	14.0 	0.0 	0.0 	0.0 	-0.0 	14.0 	0.0 	0.0 	0.0 	12.1279520842	3.42252198737	119.448352477	-98.7083232696	
8.35	0.0	0.0	0.0 	0.0 	176.9 	14.0 	0.0 	0.0 	0.0 	-0.0 	14.0 	0.0 	0.0 	0.0 	12.127976088	3.42252198737	119.39231139	-98.9025322288	
8.36666666667	0.0	0.0	0.0 	0.0 	177.133333333 	14.0 	0.0 	0.0 	0.0 	-0.0 	14.0 	0.0 	0.0 	0.0 	12.1279995585	3.42252198737	119.336270194	-99.0967415639	
8.38333333333	0.0	0.0	0.0 	0.0 	177.366666667 	14.0 	0.0 	0.0 	0.0 	-0.0 	14.0 	0.0 	0.0 	0.0 	12.1280225074	3.42252198737	119.280228892	-99.2909512665	
8.4	0.0	0.0	0.0 	0.0 	177.6 	14.0 	0.0 	0.0 	0.0 	-0.0 	14.0 	0.0 	0.0 	0.0 	12.1280449463	3.42252198737	119.224187487	-99.4851613284	
8.41666666667	0.0	0.0	0.0 	0.0 	177.833333333 	14.0 	0.0 	0.0 	0.0 	-0.0 	14.0 	0.0 	0.0 	0.0 	12.1280668865	3.42252198737	119.16814598	-99.6793717416	
8.43333333333	0.0	0.0	0.0 	0.0 	178.066666667 	14.0 	0.0 	0.0 	0.0 	-0.0 	14.0 	0.0 	0.0 	0.0 	12.1280883392	3.42252198737	119.112104374	-99.8735824984	
8.45	0.0	0.0	0.0 	0.0 	178.3 	14.0 	0.0 	0.0 	0.0 	-0.0 	14.0 	0.0 	0.0 	0.0 	12.1281093152	3.42252198737	119.056062671	-100.067793591	
8.46666666667	0.0	0.0	0.0 	0.0 	178.533333333 	14.0 	0.0 	0.0 	0.0 	-0.0 	14.0 	0.0 	0.0 	0.0 	12.128129825	3.42252198737	119.000020873	-100.262005012	
8.48333333333	0.0	0.0	0.0 	0.0 	178.766666667 	14.0 	0.0 	0.0 	0.0 	-0.0 	14.0 	0.0 	0.0 	0.0 	12.1281498791	3.42252198737	118.943978982	-100.456216754	
8.5	0.0	0.0	0.0 	0.0 	179.0 	14.0 	0.0 	0.0 	0.0 	-0.0 	14.0 	0.0 	0.0 	0.0 	12.1281694875	3.42252198737	118.887937001	-100.650428811	
8.51666666667	0.0	0.0	0.0 	0.0 	179.233333333 	14.0 	0.0 	0.0 	0.0 	-0.0 	14.0 	0.0 	0.0 	0.0 	12.1281886602	3.42252198737	118.831894932	-100.844641174	
8.53333333333	0.0	0.0	0.0 	0.0 	179.466666667 	14.0 	0.0 	0.0 	0.0 	-0.0 	14.0 	0.0 	0.0 	0.0 	12.1282074068	3.42252198737	118.775852775	-101.038853837	
8.55	0.0	0.0	0.0 	0.0 	179.7 	14.0 	0.0 	0.0 	0.0 	-0.0 	14.0 	0.0 	0.0 	0.0 	12.1282257369	3.42252198737	118.719810534	-101.233066794	
8.56666666667	0.0	0.0	0.0 	0.0 	179.933333333 	14.0 	0.0 	0.0 	0.0 	-0.0 	14.0 	0.0 	0.0 	0.0 	12.1282436596	3.42252198737	118.66376821	-101.427280038	
8.58333333333	0.0	0.0	0.0 	0.0 	180.166666667 	14.0 	0.0 	0.0 	0.0 	-0.0 	14.0 	0.0 	0.0 	0.0 	12.128261184	3.42252198737	118.607725806	-101.621493563	
8.6	0.0	0.0	0.0 	0.0 	180.4 	14.0 	0.0 	0.0 	0.0 	-0.0 	14.0 	0.0 	0.0 	0.0 	12.1282783189	3.42252198737	118.551683322	-101.815707362	
8.61666666667	0.0	0.0	0.0 	0.0 	180.633333333 	14.0 	0.0 	0.0 	0.0 	-0.0 	14.0 	0.0 	0.0 	0.0 	12.1282950731	3.42252198737	118.49564076	-102.009921429	
8.63333333333	0.0	0.0	0.0 	0.0 	180.866666667 	14.0 	0.0 	0.0 	0.0 	-0.0 	14.0 	0.0 	0.0 	0.0 	12.128311455	3.42252198737	118.439598123	-102.204135759	
8.65	0.0	0.0	0.0 	0.0 	181.1 	14.0 	0.0 	0.0 	0.0 	-0.0 	14.0 	0.0 	0.0 	0.0 	12.1283274729	3.42252198737	118.383555412	-102.398350345	
8.66666666667	0.0	0.0	0.0 	0.0 	181.333333333 	14.0 	0.0 	0.0 	0.0 	-0.0 	14.0 	0.0 	0.0 	0.0 	12.1283431348	3.42252198737	118.327512629	-102.592565181	
8.68333333333	0.0	0.0	0.0 	0.0 	181.566666667 	14.0 	0.0 	0.0 	0.0 	-0.0 	14.0 	0.0 	0.0 	0.0 	12.1283584486	3.42252198737	118.271469774	-102.786780264	
8.7	0.0	0.0	0.0 	0.0 	181.8 	14.0 	0.0 	0.0 	0.0 	-0.0 	14.0 	0.0 	0.0 	0.0 	12.1283734222	3.42252198737	118.215426851	-102.980995585	
8.71666666667	0.0	0.0	0.0 	0.0 	182.033333333 	14.0 	0.0 	0.0 	0.0 	-0.0 	14.0 	0.0 	0.0 	0.0 	12.128388063	3.42252198737	118.15938386	-103.175211142	
8.73333333333	0.0	0.0	0.0 	0.0 	182.266666667 	14.0 	0.0 	0.0 	0.0 	-0.0 	14.0 	0.0 	0.0 	0.0 	12.1284023784	3.42252198737	118.103340803	-103.369426927	
8.75	0.0	0.0	0.0 	0.0 	182.5 	14.0 	0.0 	0.0 	0.0 	-0.0 	14.0 	0.0 	0.0 	0.0 	12.1284163757	3.42252198737	118.047297681	-103.563642937	
8.76666666667	0.0	0.0	0.0 	0.0 	182.733333333 	14.0 	0.0 	0.0 	0.0 	-0.0 	14.0 	0.0 	0.0 	0.0 	12.128430062	3.42252198737	117.991254496	-103.757859166	
8.78333333333	0.0	0.0	0.0 	0.0 	182.966666667 	14.0 	0.0 	0.0 	0.0 	-0.0 	14.0 	0.0 	0.0 	0.0 	12.1284434441	3.42252198737	117.935211249	-103.952075609	
8.8	0.0	0.0	0.0 	0.0 	183.2 	14.0 	0.0 	0.0 	0.0 	-0.0 	14.0 	0.0 	0.0 	0.0 	12.1284565289	3.42252198737	117.879167941	-104.146292262	
8.81666666667	0.0	0.0	0.0 	0.0 	183.433333333 	14.0 	0.0 	0.0 	0.0 	-0.0 	14.0 	0.0 	0.0 	0.0 	12.1284693229	3.42252198737	117.823124575	-104.340509119	
8.83333333333	0.0	0.0	0.0 	0.0 	183.666666667 	14.0 	0.0 	0.0 	0.0 	-0.0 	14.0 	0.0 	0.0 	0.0 	12.1284818325	3.42252198737	117.76708115	-104.534726177	
8.85	0.0	0.0	0.0 	0.0 	183.9 	14.0 	0.0 	0.0 	0.0 	-0.0 	14.0 	0.0 	0.0 	0.0 	12.1284940642	3.42252198737	117.711037669	-104.728943431	
8.86666666667	0.0	0.0	0.0 	0.0 	184.133333333 	14.0 	0.0 	0.0 	0.0 	-0.0 	14.0 	0.0 	0.0 	0.0 	12.1285060241	3.42252198737	117.654994133	-104.923160876	
8.88333333333	0.0	0.0	0.0 	0.0 	184.366666667 	14.0 	0.0 	0.0 	0.0 	-0.0 	14.0 	0.0 	0.0 	0.0 	12.1285177182	3.42252198737	117.598950543	-105.117378509	
8.9	0.0	0.0	0.0 	0.0 	184.6 	14.0 	0.0 	0.0 	0.0 	-0.0 	14.0 	0.0 	0.0 	0.0 	12.1285291524	3.42252198737	117.5429069	-105.311596324	
8.91666666667	0.0	0.0	0.0 	0.0 	184.833333333 	14.0 	0.0 	0.0 	0.0 	-0.0 	14.0 	0.0 	0.0 	0.0 	12.1285403325	3.42252198737	117.486863205	-105.505814319	
8.93333333333	0.0	0.0	0.0 	0.0 	185.066666667 	14.0 	0.0 	0.0 	0.0 	-0.0 	14.0 	0.0 	0.0 	0.0 	12.1285512642	3.42252198737	117.43081946	-105.700032489	
8.95	0.0	0.0	0.0 	0.0 	185.3 	14.0 	0.0 	0.0 	0.0 	-0.0 	14.0 	0.0 	0.0 	0.0 	12.128561953	3.42252198737	117.374775666	-105.89425083	
8.96666666667	0.0	0.0	0.0 	0.0 	185.533333333 	14.0 	0.0 	0.0 	0.0 	-0.0 	14.0 	0.0 	0.0 	0.0 	12.1285724042	3.42252198737	117.318731823	-106.088469338	
8.98333333333	0.0	0.0	0.0 	0.0 	185.766666667 	14.0 	0.0 	0.0 	0.0 	-0.0 	14.0 	0.0 	0.0 	0.0 	12.1285826232	3.42252198737	117.262687933	-106.28268801	
9.0	0.0	0.0	0.0 	0.0 	186.0 	14.0 	0.0 	0.0 	0.0 	-0.0 	14.0 	0.0 	0.0 	0.0 	12.128592615	3.42252198737	117.206643996	-106.476906842	
9.01666666667	0.0	0.0	0.0 	0.0 	186.233333333 	14.0 	0.0 	0.0 	0.0 	-0.0 	14.0 	0.0 	0.0 	0.0 	12.1286023849	3.42252198737	117.150600015	-106.67112583	
9.03333333333	0.0	0.0	0.0 	0.0 	186.466666667 	14.0 	0.0 	0.0 	0.0 	-0.0 	14.0 	0.0 	0.0 	0.0 	12.1286119376	3.42252198737	117.094555989	-106.865344971	
9.05	0.0	0.0	0.0 	0.0 	186.7 	14.0 	0.0 	0.0 	0.0 	-0.0 	14.0 	0.0 	0.0 	0.0 	12.1286212781	3.42252198737	117.038511921	-107.059564262	
9.06666666667	0.0	0.0	0.0 	0.0 	186.933333333 	14.0 	0.0 	0.0 	0.0 	-0.0 	14.0 	0.0 	0.0 	0.0 	12.128630411	3.42252198737	116.98246781	-107.253783699	
9.08333333333	0.0	0.0	0.0 	0.0 	187.166666667 	14.0 	0.0 	0.0 	0.0 	-0.0 	14.0 	0.0 	0.0 	0.0 	12.1286393409	3.42252198737	116.926423658	-107.448003279	
9.1	0.0	0.0	0.0 	0.0 	187.4 	14.0 	0.0 	0.0 	0.0 	-0.0 	14.0 	0.0 	0.0 	0.0 	12.1286480724	3.42252198737	116.870379465	-107.642222999	
9.11666666667	0.0	0.0	0.0 	0.0 	187.633333333 	14.0 	0.0 	0.0 	0.0 	-0.0 	14.0 	0.0 	0.0 	0.0 	12.1286566099	3.42252198737	116.814335233	-107.836442856	
9.13333333333	0.0	0.0	0.0 	0.0 	187.866666667 	14.0 	0.0 	0.0 	0.0 	-0.0 	14.0 	0.0 	0.0 	0.0 	12.1286649576	3.42252198737	116.758290963	-108.030662846	
9.15	0.0	0.0	0.0 	0.0 	188.1 	14.0 	0.0 	0.0 	0.0 	-0.0 	14.0 	0.0 	0.0 	0.0 	12.1286731198	3.42252198737	116.702246654	-108.224882967	
9.16666666667	0.0	0.0	0.0 	0.0 	188.333333333 	14.0 	0.0 	0.0 	0.0 	-0.0 	14.0 	0.0 	0.0 	0.0 	12.1286811007	3.42252198737	116.646202309	-108.419103216	
9.18333333333	0.0	0.0	0.0 	0.0 	188.566666667 	14.0 	0.0 	0.0 	0.0 	-0.0 	14.0 	0.0 	0.0 	0.0 	12.1286889042	3.42252198737	116.590157928	-108.61332359	
9.2	0.0	0.0	0.0 	0.0 	188.8 	14.0 	0.0 	0.0 	0.0 	-0.0 	14.0 	0.0 	0.0 	0.0 	12.1286965343	3.42252198737	116.534113512	-108.807544086	
9.21666666667	0.0	0.0	0.0 	0.0 	189.033333333 	14.0 	0.0 	0.0 	0.0 	-0.0 	14.0 	0.0 	0.0 	0.0 	12.1287039948	3.42252198737	116.478069061	-109.001764701	
9.23333333333	0.0	0.0	0.0 	0.0 	189.266666667 	14.0 	0.0 	0.0 	0.0 	-0.0 	14.0 	0.0 	0.0 	0.0 	12.1287112895	3.42252198737	116.422024576	-109.195985434	
9.25	0.0	0.0	0.0 	0.0 	189.5 	14.0 	0.0 	0.0 	0.0 	-0.0 	14.0 	0.0 	0.0 	0.0 	12.1287184222	3.42252198737	116.365980058	-109.39020628	
9.26666666667	0.0	0.0	0.0 	0.0 	189.733333333 	14.0 	0.0 	0.0 	0.0 	-0.0 	14.0 	0.0 	0.0 	0.0 	12.1287253963	3.42252198737	116.309935509	-109.584427238	
9.28333333333	0.0	0.0	0.0 	0.0 	189.966666667 	14.0 	0.0 	0.0 	0.0 	-0.0 	14.0 	0.0 	0.0 	0.0 	12.1287322154	3.42252198737	116.253890927	-109.778648306	
9.3	0.0	0.0	0.0 	0.0 	190.2 	14.0 	0.0 	0.0 	0.0 	-0.0 	14.0 	0.0 	0.0 	0.0 	12.1287388831	3.42252198737	116.197846315	-109.97286948	
9.31666666667	0.0	0.0	0.0 	0.0 	190.433333333 	14.0 	0.0 	0.0 	0.0 	-0.0 	14.0 	0.0 	0.0 	0.0 	12.1287454025	3.42252198737	116.141801673	-110.167090758	
9.33333333333	0.0	0.0	0.0 	0.0 	190.666666667 	14.0 	0.0 	0.0 	0.0 	-0.0 	14.0 	0.0 	0.0 	0.0 	12.1287517771	3.42252198737	116.085757001	-110.361312139	
9.35	0.0	0.0	0.0 	0.0 	190.9 	14.0 	0.0 	0.0 	0.0 	-0.0 	14.0 	0.0 	0.0 	0.0 	12.12875801	3.42252198737	116.029712301	-110.555533619	
9.36666666667	0.0	0.0	0.0 	0.0 	191.133333333 	14.0 	0.0 	0.0 	0.0 	-0.0 	14.0 	0.0 	0.0 	0.0 	12.1287641044	3.42252198737	115.973667572	-110.749755197	
9.38333333333	0.0	0.0	0.0 	0.0 	191.366666667 	14.0 	0.0 	0.0 	0.0 	-0.0 	14.0 	0.0 	0.0 	0.0 	12.1287700634	3.42252198737	115.917622816	-110.943976871	
9.4	0.0	0.0	0.0 	0.0 	191.6 	14.0 	0.0 	0.0 	0.0 	-0.0 	14.0 	0.0 	0.0 	0.0 	12.1287758899	3.42252198737	115.861578032	-111.138198637	
9.41666666667	0.0	0.0	0.0 	0.0 	191.833333333 	14.0 	0.0 	0.0 	0.0 	-0.0 	14.0 	0.0 	0.0 	0.0 	12.128781587	3.42252198737	115.805533223	-111.332420495	
9.43333333333	0.0	0.0	0.0 	0.0 	192.066666667 	14.0 	0.0 	0.0 	0.0 	-0.0 	14.0 	0.0 	0.0 	0.0 	12.1287871574	3.42252198737	115.749488388	-111.526642443	
9.45	0.0	0.0	0.0 	0.0 	192.3 	14.0 	0.0 	0.0 	0.0 	-0.0 	14.0 	0.0 	0.0 	0.0 	12.1287926041	3.42252198737	115.693443527	-111.720864477	
9.46666666667	0.0	0.0	0.0 	0.0 	192.533333333 	14.0 	0.0 	0.0 	0.0 	-0.0 	14.0 	0.0 	0.0 	0.0 	12.1287979298	3.42252198737	115.637398642	-111.915086597	
9.48333333333	0.0	0.0	0.0 	0.0 	192.766666667 	14.0 	0.0 	0.0 	0.0 	-0.0 	14.0 	0.0 	0.0 	0.0 	12.1288031371	3.42252198737	115.581353733	-112.1093088	
9.5	0.0	0.0	0.0 	0.0 	193.0 	14.0 	0.0 	0.0 	0.0 	-0.0 	14.0 	0.0 	0.0 	0.0 	12.1288082286	3.42252198737	115.525308801	-112.303531084	
9.51666666667	0.0	0.0	0.0 	0.0 	193.233333333 	14.0 	0.0 	0.0 	0.0 	-0.0 	14.0 	0.0 	0.0 	0.0 	12.1288132071	3.42252198737	115.469263845	-112.497753448	
9.53333333333	0.0	0.0	0.0 	0.0 	193.466666667 	14.0 	0.0 	0.0 	0.0 	-0.0 	14.0 	0.0 	0.0 	0.0 	12.1288180749	3.42252198737	115.413218867	-112.691975891	
9.55	0.0	0.0	0.0 	0.0 	193.7 	14.0 	0.0 	0.0 	0.0 	-0.0 	14.0 	0.0 	0.0 	0.0 	12.1288228345	3.42252198737	115.357173867	-112.886198409	
9.56666666667	0.0	0.0	0.0 	0.0 	193.933333333 	14.0 	0.0 	0.0 	0.0 	-0.0 	14.0 	0.0 	0.0 	0.0 	12.1288274884	3.42252198737	115.301128845	-113.080421002	
9.58333333333	0.0	0.0	0.0 	0.0 	194.166666667 	14.0 	0.0 	0.0 	0.0 	-0.0 	14.0 	0.0 	0.0 	0.0 	12.1288320388	3.42252198737	115.245083803	-113.274643668	
9.6	0.0	0.0	0.0 	0.0 	194.4 	14.0 	0.0 	0.0 	0.0 	-0.0 	14.0 	0.0 	0.0 	0.0 	12.1288364881	3.42252198737	115.18903874	-113.468866405	
9.61666666667	0.0	0.0	0.0 	0.0 	194.633333333 	14.0 	0.0 	0.0 	0.0 	-0.0 	14.0 	0.0 	0.0 	0.0 	12.1288408386	3.42252198737	115.132993656	-113.663089212	
9.63333333333	0.0	0.0	0.0 	0.0 	194.866666667 	14.0 	0.0 	0.0 	0.0 	-0.0 	14.0 	0.0 	0.0 	0.0 	12.1288450923	3.42252198737	115.076948554	-113.857312087	
9.65	0.0	0.0	0.0 	0.0 	195.1 	14.0 	0.0 	0.0 	0.0 	-0.0 	14.0 	0.0 	0.0 	0.0 	12.1288492516	3.42252198737	115.020903431	-114.051535028	
9.66666666667	0.0	0.0	0.0 	0.0 	195.333333333 	14.0 	0.0 	0.0 	0.0 	-0.0 	14.0 	0.0 	0.0 	0.0 	12.1288533184	3.42252198737	114.96485829	-114.245758035	
9.68333333333	0.0	0.0	0.0 	0.0 	195.566666667 	14.0 	0.0 	0.0 	0.0 	-0.0 	14.0 	0.0 	0.0 	0.0 	12.1288572948	3.42252198737	114.908813131	-114.439981105	
9.7	0.0	0.0	0.0 	0.0 	195.8 	14.0 	0.0 	0.0 	0.0 	-0.0 	14.0 	0.0 	0.0 	0.0 	12.1288611829	3.42252198737	114.852767954	-114.634204238	
9.71666666667	0.0	0.0	0.0 	0.0 	196.033333333 	14.0 	0.0 	0.0 	0.0 	-0.0 	14.0 	0.0 	0.0 	0.0 	12.1288649846	3.42252198737	114.796722759	-114.828427431	
9.73333333333	0.0	0.0	0.0 	0.0 	196.266666667 	14.0 	0.0 	0.0 	0.0 	-0.0 	14.0 	0.0 	0.0 	0.0 	12.1288687017	3.42252198737	114.740677547	-115.022650684	
9.75	0.0	0.0	0.0 	0.0 	196.5 	14.0 	0.0 	0.0 	0.0 	-0.0 	14.0 	0.0 	0.0 	0.0 	12.1288723363	3.42252198737	114.684632318	-115.216873995	
9.76666666667	0.0	0.0	0.0 	0.0 	196.733333333 	14.0 	0.0 	0.0 	0.0 	-0.0 	14.0 	0.0 	0.0 	0.0 	12.1288758901	3.42252198737	114.628587073	-115.411097363	
9.78333333333	0.0	0.0	0.0 	0.0 	196.966666667 	14.0 	0.0 	0.0 	0.0 	-0.0 	14.0 	0.0 	0.0 	0.0 	12.128879365	3.42252198737	114.572541812	-115.605320787	
9.8	0.0	0.0	0.0 	0.0 	197.2 	14.0 	0.0 	0.0 	0.0 	-0.0 	14.0 	0.0 	0.0 	0.0 	12.1288827626	3.42252198737	114.516496535	-115.799544265	
9.81666666667	0.0	0.0	0.0 	0.0 	197.433333333 	14.0 	0.0 	0.0 	0.0 	-0.0 	14.0 	0.0 	0.0 	0.0 	12.1288860847	3.42252198737	114.460451242	-115.993767796	
9.83333333333	0.0	0.0	0.0 	0.0 	197.666666667 	14.0 	0.0 	0.0 	0.0 	-0.0 	14.0 	0.0 	0.0 	0.0 	12.128889333	3.42252198737	114.404405935	-116.18799138	
9.85	0.0	0.0	0.0 	0.0 	197.9 	14.0 	0.0 	0.0 	0.0 	-0.0 	14.0 	0.0 	0.0 	0.0 	12.1288925091	3.42252198737	114.348360613	-116.382215014	
9.86666666667	0.0	0.0	0.0 	0.0 	198.133333333 	14.0 	0.0 	0.0 	0.0 	-0.0 	14.0 	0.0 	0.0 	0.0 	12.1288956147	3.42252198737	114.292315277	-116.576438698	
9.88333333333	0.0	0.0	0.0 	0.0 	198.366666667 	14.0 	0.0 	0.0 	0.0 	-0.0 	14.0 	0.0 	0.0 	0.0 	12.1288986512	3.42252198737	114.236269926	-116.77066243	
9.9	0.0	0.0	0.0 	0.0 	198.6 	14.0 	0.0 	0.0 	0.0 	-0.0 	14.0 	0.0 	0.0 	0.0 	12.1289016202	3.42252198737	114.180224562	-116.96488621	
9.91666666667	0.0	0.0	0.0 	0.0 	198.833333333 	14.0 	0.0 	0.0 	0.0 	-0.0 	14.0 	0.0 	0.0 	0.0 	12.1289045233	3.42252198737	114.124179185	-117.159110037	
9.93333333333	0.0	0.0	0.0 	0.0 	199.066666667 	14.0 	0.0 	0.0 	0.0 	-0.0 	14.0 	0.0 	0.0 	0.0 	12.1289073618	3.42252198737	114.068133794	-117.353333909	
9.95	0.0	0.0	0.0 	0.0 	199.3 	14.0 	0.0 	0.0 	0.0 	-0.0 	14.0 	0.0 	0.0 	0.0 	12.1289101373	3.42252198737	114.01208839	-117.547557825	
9.96666666667	0.0	0.0	0.0 	0.0 	199.533333333 	14.0 	0.0 	0.0 	0.0 	-0.0 	14.0 	0.0 	0.0 	0.0 	12.1289128511	3.42252198737	113.956042974	-117.741781785	
9.98333333333	0.0	0.0	0.0 	0.0 	199.766666667 	14.0 	0.0 	0.0 	0.0 	-0.0 	14.0 	0.0 	0.0 	0.0 	12.1289155046	3.42252198737	113.899997546	-117.936005788	
