709 1010000101001011100001110 4.61549478263 0.0 8 4.51454619493 0.0 3 4.57061192265 0.0 5 4.57104610575 0.0 4 4.57149371761 0.0 6 4.62055112762 0.0 1 4.69888817955 0.0 2 4.70872478985 0.0 7 4.71841715986 0.0
610 1010000101001011100001111 4.67639837514 0.0 5.0 4.43752728306 0.0 7.0 4.56875015327 0.0 1.0 4.63960071831 0.0 6.0 4.64207222099 0.0 2.0 4.71042877719 0.0 8.0 4.71349178407 0.0 4.0 4.76150042787 0.0 3.0 4.78283981968 0.0
602 1010000101001011100001111 4.67690999034 0.0 1.0 2.34729543608 0.0 7.0 4.45807301949 0.0 2.0 4.53701970287 0.0 4.0 4.71264126094 0.0 3.0 4.7127720531 0.0 6.0 4.74520694446 0.0 5.0 4.7842629895 0.0 8.0 4.81914496687 0.0
304 1010000101001011100001111 4.71567903201 0.0 2.0 4.64670316704 0.0 1.0 4.65179476221 0.0 4.0 4.65588590076 0.0 7.0 4.71321839197 0.0 6.0 4.7415051727 0.0 3.0 4.75210666261 0.0 5.0 4.77225384801 0.0 8.0 4.78089576961 0.0
101 1010000101001011100001111 4.71958412841 0.0 1.0 4.56639084058 0.0 7.0 4.65118431786 0.0 8.0 4.6534027741 0.0 5.0 4.7110841363 0.0 2.0 4.7496259488 0.0 4.0 4.76422365445 0.0 3.0 4.77406779385 0.0 6.0 4.77891194378 0.0
702 1010000101001011100001111 4.72286028761 0.0 4 4.56732358484 0.0 8 4.65690097922 0.0 6 4.71024706375 0.0 7 4.71329489225 0.0 5 4.71339201249 0.0 2 4.75450718194 0.0 3 4.76616588012 0.0 1 4.79910728372 0.0
708 1010000101001011100001111 4.73430752027 0.0 6 4.65043407236 0.0 5 4.65476063399 0.0 2 4.69995076432 0.0 8 4.7133401314 0.0 1 4.75256804637 0.0 3 4.771371139 0.0 7 4.78187018352 0.0 4 4.7951762934 0.0
404 1010000101001011100001111 4.73616500307 0.0 5.0 3.77142562911 0.0 3.0 4.64998300679 0.0 4.0 4.71317750176 0.0 1.0 4.71346379025 0.0 8.0 4.74605564483 0.0 2.0 4.77196307544 0.0 7.0 4.77820079309 0.0 6.0 4.80124056676 0.0
305 1010000101001011100110111 5.19598002159 0.0 4.0 5.15988251618 0.0 5.0 5.16335946785 0.0 2.0 5.18318906879 0.0 8.0 5.19344034079 0.0 7.0 5.20125956692 0.0 1.0 5.20603110984 0.0 6.0 5.20615293851 0.0 3.0 5.21290948049 0.0
403 0000000000000011100000000 6.74418439743 0.0 8.0 6.62643800766 0.0 5.0 6.64233606672 0.0 2.0 6.727886046 0.0 4.0 6.72801951321 0.0 7.0 6.7583354198 0.0 1.0 6.76249661069 0.0 3.0 6.7826067254 0.0 6.0 6.79005882327 0.0
710 0000000100000011100100111 8.49990797916 0.0 2 8.48244574124 0.0 6 8.49760641917 0.0 1 8.49990797916 0.0 3 8.49990797916 0.0 4 8.49990797916 0.0 5 8.49990797916 0.0 7 8.49990797916 0.0 8 8.49990797916 0.0
704 0000000101001011100001111 9.25839546167 0.0 1 9.20869635211 0.0 4 9.2539445617 0.0 5 9.25627935335 0.0 8 9.25717573048 0.0 6 9.2578394879 0.0 7 9.26228727493 0.0 3 9.26312003949 0.0 2 9.26348038331 0.0
503 1010000001001010100001011 10.1285013468 0.0 7.0 8.23761157733 0.0 6.0 9.66610012217 0.0 8.0 9.76057853419 0.0 5.0 9.76965050806 0.0 4.0 10.4435435282 0.0 2.0 10.5402328169 0.0 3.0 10.6696458505 0.0 1.0 12.0769380585 0.0
407 0001100100010001001000100 10.6893576907 0.0 7.0 7.60178577945 0.0 8.0 9.96094620619 0.0 1.0 10.308390782 0.0 6.0 10.5123114203 0.0 4.0 10.9245502533 0.0 3.0 11.0121783073 0.0 5.0 11.0142449619 0.0 2.0 11.0462098027 0.0
603 0001100100010001001000100 10.8504982466 0.0 6.0 6.92873831995 0.0 3.0 10.3566472996 0.0 1.0 10.7511124775 0.0 2.0 10.7950633339 0.0 7.0 10.903755857 0.0 4.0 10.952061318 0.0 8.0 10.9878297922 0.0 5.0 11.0324554667 0.0
