0.0166666666667	0.0	0.0	0.0 	0.0 	60.3166666667 	19.0 	0.0 	0.0 	0.0 	0.0 	19.0 	0.0 	0.0 	0.0 	0.0	1.46870967742	140.0	-11.5483870968	
0.0333333333333	0.0	0.0	0.0 	0.0 	60.6333333333 	19.0 	0.0 	0.0 	0.0 	-0.0 	19.0 	0.0 	0.0 	0.0 	0.0	1.46870967742	140.0	-11.5483870968	
0.05	0.0	0.0	0.0 	0.0 	60.95 	19.0 	0.0 	0.0 	0.0 	-0.0 	19.0 	0.0 	0.0 	0.0 	0.0	1.46870967742	140.0	-11.5483870968	
0.0666666666667	0.0	0.0	0.0 	0.0 	61.2666666667 	19.0 	0.0 	0.0 	0.0 	-0.0 	19.0 	0.0 	0.0 	0.0 	0.0	1.46870967742	140.0	-11.5483870968	
0.0833333333333	0.0	0.0	0.0 	0.0 	61.5833333333 	19.0 	0.0 	0.0 	0.0 	-0.0 	19.0 	0.0 	0.0 	0.0 	0.0	1.46870967742	140.0	-11.5483870968	
0.1	0.0	0.0	0.0 	0.0 	61.9 	19.0 	0.0 	0.0 	0.0 	-0.0 	19.0 	0.0 	0.0 	0.0 	0.0	1.46870967742	140.0	-11.5483870968	
0.116666666667	0.0	0.0	0.0 	0.0 	62.2166666667 	19.0 	0.0 	0.0 	0.0 	-0.0 	19.0 	0.0 	0.0 	0.0 	0.0	1.46870967742	140.0	-11.5483870968	
0.133333333333	0.0	0.0	0.0 	0.0 	62.5333333333 	19.0 	0.0 	0.0 	0.0 	-0.0 	19.0 	0.0 	0.0 	0.0 	0.0	1.46870967742	140.0	-11.5483870968	
0.15	0.0	0.0	0.0 	0.0 	62.85 	19.0 	0.0 	0.0 	0.0 	-0.0 	19.0 	0.0 	0.0 	0.0 	0.0	1.46870967742	140.0	-11.5483870968	
0.166666666667	0.0	0.0	0.0 	0.0 	63.1666666667 	19.0 	0.0 	0.0 	0.0 	-0.0 	19.0 	0.0 	0.0 	0.0 	0.0	1.46870967742	140.0	-11.5483870968	
0.183333333333	0.0	0.0	0.0 	0.0 	63.4833333333 	19.0 	0.0 	0.0 	0.0 	-0.0 	19.0 	0.0 	0.0 	0.0 	0.0	1.46870967742	140.0	-11.5483870968	
0.2	0.0	0.0	0.0 	0.0 	63.8 	19.0 	0.0 	0.0 	0.0 	-0.0 	19.0 	0.0 	0.0 	0.0 	0.0	1.46870967742	140.0	-11.5483870968	
0.216666666667	0.0	0.0	0.0 	0.0 	64.1166666667 	19.0 	0.0 	0.0 	0.0 	-0.0 	19.0 	0.0 	0.0 	0.0 	0.0	1.46870967742	140.0	-11.5483870968	
0.233333333333	0.0	0.0	0.0 	0.0 	64.4333333333 	19.0 	0.0 	0.0 	0.0 	-0.0 	19.0 	0.0 	0.0 	0.0 	0.0	1.46870967742	140.0	-11.5483870968	
0.25	0.0	0.0	0.0 	0.0 	64.75 	19.0 	0.0 	0.0 	0.0 	-0.0 	19.0 	0.0 	0.0 	0.0 	0.0	1.46870967742	140.0	-11.5483870968	
0.266666666667	0.0	0.0	0.0 	0.0 	65.0666666667 	19.0 	0.0 	0.0 	0.0 	-0.0 	19.0 	0.0 	0.0 	0.0 	0.0	1.46870967742	140.0	-11.5483870968	
0.283333333333	0.0	0.0	0.0 	0.0 	65.3833333333 	19.0 	0.0 	0.0 	0.0 	-0.0 	19.0 	0.0 	0.0 	0.0 	0.0	1.46870967742	140.0	-11.5483870968	
0.3	0.0	0.0	0.0 	0.0 	65.7 	19.0 	0.0 	0.0 	0.0 	-0.0 	19.0 	0.0 	0.0 	0.0 	0.0	1.46870967742	140.0	-11.5483870968	
0.316666666667	0.0	0.0	0.0 	0.0 	66.0166666667 	19.0 	0.0 	0.0 	0.0 	-0.0 	19.0 	0.0 	0.0 	0.0 	0.0	1.46870967742	140.0	-11.5483870968	
0.333333333333	0.0	0.0	0.0 	0.0 	66.3333333333 	19.0 	0.0 	0.0 	0.0 	-0.0 	19.0 	0.0 	0.0 	0.0 	0.0	1.46870967742	140.0	-11.5483870968	
0.35	0.0	0.0	0.0 	0.0 	66.65 	19.0 	0.0 	0.0 	0.0 	-0.0 	19.0 	0.0 	0.0 	0.0 	0.0	1.46870967742	140.0	-11.5483870968	
0.366666666667	0.0	0.0	0.0 	0.0 	66.9666666667 	19.0 	0.0 	0.0 	0.0 	-0.0 	19.0 	0.0 	0.0 	0.0 	0.0	1.46870967742	140.0	-11.5483870968	
0.383333333333	0.0	0.0	0.0 	0.0 	67.2833333333 	19.0 	0.0 	0.0 	0.0 	-0.0 	19.0 	0.0 	0.0 	0.0 	0.0	1.46870967742	140.0	-11.5483870968	
0.4	0.0	0.0	0.0 	0.0 	67.6 	19.0 	0.0 	0.0 	0.0 	-0.0 	19.0 	0.0 	0.0 	0.0 	0.0	1.46870967742	140.0	-11.5483870968	
0.416666666667	0.0	0.0	0.0 	0.0 	67.9166666667 	19.0 	0.0 	0.0 	0.0 	-0.0 	19.0 	0.0 	0.0 	0.0 	0.0	1.46870967742	140.0	-11.5483870968	
0.433333333333	0.0	0.0	0.0 	0.0 	68.2333333333 	19.0 	0.0 	0.0 	0.0 	-0.0 	19.0 	0.0 	0.0 	0.0 	0.0	1.46870967742	140.0	-11.5483870968	
0.45	0.0	0.0	0.0 	0.0 	68.55 	19.0 	0.0 	0.0 	0.0 	-0.0 	19.0 	0.0 	0.0 	0.0 	0.0	1.46870967742	140.0	-11.5483870968	
0.466666666667	0.0	0.0	0.0 	0.0 	68.8666666667 	19.0 	0.0 	0.0 	0.0 	-0.0 	19.0 	0.0 	0.0 	0.0 	0.0	1.46870967742	140.0	-11.5483870968	
0.483333333333	0.0	0.0	0.0 	0.0 	69.1833333333 	19.0 	0.0 	0.0 	0.0 	-0.0 	19.0 	0.0 	0.0 	0.0 	0.0	1.46870967742	140.0	-11.5483870968	
0.5	0.0	0.0	0.0 	0.0 	69.5 	19.0 	0.0 	0.0 	0.0 	-0.0 	19.0 	0.0 	0.0 	0.0 	0.0	1.46870967742	140.0	-11.5483870968	
0.516666666667	0.0	0.0	0.0 	0.0 	69.8166666667 	19.0 	0.0 	0.0 	0.0 	-0.0 	19.0 	0.0 	0.0 	0.0 	0.0	1.46870967742	140.0	-11.5483870968	
0.533333333333	0.0	0.0	0.0 	0.0 	70.1333333333 	19.0 	0.0 	0.0 	0.0 	-0.0 	19.0 	0.0 	0.0 	0.0 	0.0	1.46870967742	140.0	-11.5483870968	
0.55	0.0	0.0	0.0 	0.0 	70.45 	19.0 	0.0 	0.0 	0.0 	-0.0 	19.0 	0.0 	0.0 	0.0 	0.0	1.46870967742	140.0	-11.5483870968	
0.566666666667	0.0	0.0	0.0 	0.0 	70.7666666667 	19.0 	0.0 	0.0 	0.0 	-0.0 	19.0 	0.0 	0.0 	0.0 	0.0	1.46870967742	140.0	-11.5483870968	
0.583333333333	0.0	0.0	0.0 	0.0 	71.0833333333 	19.0 	0.0 	0.0 	0.0 	-0.0 	19.0 	0.0 	0.0 	0.0 	0.0	1.46870967742	140.0	-11.5483870968	
0.6	0.0	0.0	0.0 	0.0 	71.4 	19.0 	0.0 	0.0 	0.0 	-0.0 	19.0 	0.0 	0.0 	0.0 	0.0	1.46870967742	140.0	-11.5483870968	
0.616666666667	0.0	0.0	0.0 	0.0 	71.7166666667 	19.0 	0.0 	0.0 	0.0 	-0.0 	19.0 	0.0 	0.0 	0.0 	0.0	1.46870967742	140.0	-11.5483870968	
0.633333333333	0.0	0.0	0.0 	0.0 	72.0333333333 	19.0 	0.0 	0.0 	0.0 	-0.0 	19.0 	0.0 	0.0 	0.0 	0.0	1.46870967742	140.0	-11.5483870968	
0.65	0.0	0.0	0.0 	0.0 	72.35 	19.0 	0.0 	0.0 	0.0 	-0.0 	19.0 	0.0 	0.0 	0.0 	0.0	1.46870967742	140.0	-11.5483870968	
0.666666666667	0.0	0.0	0.0 	0.0 	72.6666666667 	19.0 	0.0 	0.0 	0.0 	-0.0 	19.0 	0.0 	0.0 	0.0 	0.0	1.46870967742	140.0	-11.5483870968	
0.683333333333	0.0	0.0	0.0 	0.0 	72.9833333333 	19.0 	0.0 	0.0 	0.0 	-0.0 	19.0 	0.0 	0.0 	0.0 	0.0	1.46870967742	140.0	-11.5483870968	
0.7	0.0	0.0	0.0 	0.0 	73.3 	19.0 	0.0 	0.0 	0.0 	-0.0 	19.0 	0.0 	0.0 	0.0 	0.0	1.46870967742	140.0	-11.5483870968	
0.716666666667	0.0	0.0	0.0 	0.0 	73.6166666667 	19.0 	0.0 	0.0 	0.0 	-0.0 	19.0 	0.0 	0.0 	0.0 	0.0	1.46870967742	140.0	-11.5483870968	
0.733333333333	0.0	0.0	0.0 	0.0 	73.9333333333 	19.0 	0.0 	0.0 	0.0 	-0.0 	19.0 	0.0 	0.0 	0.0 	0.0	1.46870967742	140.0	-11.5483870968	
0.75	0.0	0.0	0.0 	0.0 	74.25 	19.0 	0.0 	0.0 	0.0 	-0.0 	19.0 	0.0 	0.0 	0.0 	0.0	1.46870967742	140.0	-11.5483870968	
0.766666666667	0.0	0.0	0.0 	0.0 	74.5666666667 	19.0 	0.0 	0.0 	0.0 	-0.0 	19.0 	0.0 	0.0 	0.0 	0.0	1.46870967742	140.0	-11.5483870968	
0.783333333333	0.0	0.0	0.0 	0.0 	74.8833333333 	19.0 	0.0 	0.0 	0.0 	-0.0 	19.0 	0.0 	0.0 	0.0 	0.0	1.46870967742	140.0	-11.5483870968	
0.8	0.0	0.0	0.0 	0.0 	75.2 	19.0 	0.0 	0.0 	0.0 	-0.0 	19.0 	0.0 	0.0 	0.0 	0.0	1.46870967742	140.0	-11.5483870968	
0.816666666667	0.0	0.0	0.0 	0.0 	75.5166666667 	19.0 	0.0 	0.0 	0.0 	-0.0 	19.0 	0.0 	0.0 	0.0 	0.0	1.46870967742	140.0	-11.5483870968	
0.833333333333	0.0	0.0	0.0 	0.0 	75.8333333333 	19.0 	0.0 	0.0 	0.0 	-0.0 	19.0 	0.0 	0.0 	0.0 	0.0	1.46870967742	140.0	-11.5483870968	
0.85	0.0	0.0	0.0 	0.0 	76.15 	19.0 	0.0 	0.0 	0.0 	-0.0 	19.0 	0.0 	0.0 	0.0 	0.0	1.46870967742	140.0	-11.5483870968	
0.866666666667	0.0	0.0	0.0 	0.0 	76.4666666667 	19.0 	0.0 	0.0 	0.0 	-0.0 	19.0 	0.0 	0.0 	0.0 	0.0	1.46870967742	140.0	-11.5483870968	
0.883333333333	0.0	0.0	0.0 	0.0 	76.7833333333 	19.0 	0.0 	0.0 	0.0 	-0.0 	19.0 	0.0 	0.0 	0.0 	0.0	1.46870967742	140.0	-11.5483870968	
0.9	0.0	0.0	0.0 	0.0 	77.1 	19.0 	0.0 	0.0 	0.0 	-0.0 	19.0 	0.0 	0.0 	0.0 	0.0	1.46870967742	140.0	-11.5483870968	
0.916666666667	0.0	0.0	0.0 	0.0 	77.4166666667 	19.0 	0.0 	0.0 	0.0 	-0.0 	19.0 	0.0 	0.0 	0.0 	0.0	1.46870967742	140.0	-11.5483870968	
0.933333333333	0.0	0.0	0.0 	0.0 	77.7333333333 	19.0 	0.0 	0.0 	0.0 	-0.0 	19.0 	0.0 	0.0 	0.0 	0.0	1.46870967742	140.0	-11.5483870968	
0.95	0.0	0.0	0.0 	0.0 	78.05 	19.0 	0.0 	0.0 	0.0 	-0.0 	19.0 	0.0 	0.0 	0.0 	0.0	1.46870967742	140.0	-11.5483870968	
0.966666666667	0.0	0.0	0.0 	0.0 	78.3666666667 	19.0 	0.0 	0.0 	0.0 	-0.0 	19.0 	0.0 	0.0 	0.0 	0.0	1.46870967742	140.0	-11.5483870968	
0.983333333333	0.0	0.0	0.0 	0.0 	78.6833333333 	19.0 	0.0 	0.0 	0.0 	-0.0 	19.0 	0.0 	0.0 	0.0 	0.0	1.46870967742	140.0	-11.5483870968	
1.0	0.0	0.0	0.0 	0.0 	79.0 	19.0 	0.0 	0.0 	0.0 	-0.0 	19.0 	0.0 	0.0 	0.0 	0.0	1.46870967742	140.0	-11.5483870968	
1.01666666667	0.0	0.0	0.0 	0.0 	79.3166666667 	19.0 	0.0 	0.0 	0.0 	-0.0 	19.0 	0.0 	0.0 	0.0 	0.0	1.46870967742	140.0	-11.5483870968	
1.03333333333	0.0	0.0	0.0 	0.0 	79.6333333333 	19.0 	0.0 	0.0 	0.0 	-0.0 	19.0 	0.0 	0.0 	0.0 	0.0	1.46870967742	140.0	-11.5483870968	
1.05	0.0	0.0	0.0 	0.0 	79.95 	19.0 	0.0 	0.0 	0.0 	-0.0 	19.0 	0.0 	0.0 	0.0 	0.0	1.46870967742	140.0	-11.5483870968	
1.06666666667	0.0	0.0	0.0 	0.0 	80.2666666667 	19.0 	0.0 	0.0 	0.0 	-0.0 	19.0 	0.0 	0.0 	0.0 	0.0711111111111	1.74184675263	140.001167889	-11.5485888361	
1.08333333333	0.0	0.0	0.0 	0.0 	80.5833333333 	19.0 	0.0 	0.0 	0.0 	-0.0 	19.0 	0.0 	0.0 	0.0 	0.14189563786	1.96946098196	140.003347359	-11.5495068726	
1.1	0.0	0.0	0.0 	0.0 	80.9 	19.0 	0.0 	0.0 	0.0 	-0.0 	19.0 	0.0 	0.0 	0.0 	0.212355080116	2.15913950641	140.006291526	-11.5514710989	
1.11666666667	0.0	0.0	0.0 	0.0 	81.2166666667 	19.0 	0.0 	0.0 	0.0 	-0.0 	19.0 	0.0 	0.0 	0.0 	0.282490930859	2.31720494345	140.009747954	-11.5546679856	
1.13333333333	0.0	0.0	0.0 	0.0 	81.5333333333 	19.0 	0.0 	0.0 	0.0 	-0.0 	19.0 	0.0 	0.0 	0.0 	0.352304676214	2.44892614099	140.0134976	-11.5591865628	
1.15	0.0	0.0	0.0 	0.0 	81.85 	19.0 	0.0 	0.0 	0.0 	-0.0 	19.0 	0.0 	0.0 	0.0 	0.421797795478	2.5586938056	140.017367218	-11.5650556718	
1.16666666667	0.0	0.0	0.0 	0.0 	82.1666666667 	19.0 	0.0 	0.0 	0.0 	-0.0 	19.0 	0.0 	0.0 	0.0 	0.490971761158	2.65016685944	140.021228575	-11.5722701822	
1.18333333333	0.0	0.0	0.0 	0.0 	82.4833333333 	19.0 	0.0 	0.0 	0.0 	-0.0 	19.0 	0.0 	0.0 	0.0 	0.559828038996	2.72639440431	140.024992218	-11.5808078992	
1.2	0.0	0.0	0.0 	0.0 	82.8 	19.0 	0.0 	0.0 	0.0 	-0.0 	19.0 	0.0 	0.0 	0.0 	0.628368088002	2.78991735837	140.028599795	-11.5906397331	
1.21666666667	0.0	0.0	0.0 	0.0 	83.1166666667 	19.0 	0.0 	0.0 	0.0 	-0.0 	19.0 	0.0 	0.0 	0.0 	0.696593360487	2.84285315342	140.032016769	-11.6017354	
1.23333333333	0.0	0.0	0.0 	0.0 	83.4333333333 	19.0 	0.0 	0.0 	0.0 	-0.0 	19.0 	0.0 	0.0 	0.0 	0.764505302091	2.88696631596	140.03522621	-11.6140663288	
1.25	0.0	0.0	0.0 	0.0 	83.75 	19.0 	0.0 	0.0 	0.0 	-0.0 	19.0 	0.0 	0.0 	0.0 	0.832105351814	2.92372728474	140.038223814	-11.6276069166	
1.26666666667	0.0	0.0	0.0 	0.0 	84.0666666667 	19.0 	0.0 	0.0 	0.0 	-0.0 	19.0 	0.0 	0.0 	0.0 	0.89939494205	2.95436142539	140.041014025	-11.6423348592	
1.28333333333	0.0	0.0	0.0 	0.0 	84.3833333333 	19.0 	0.0 	0.0 	0.0 	-0.0 	19.0 	0.0 	0.0 	0.0 	0.966375498613	2.97988987594	140.043607117	-11.6582310044	
1.3	0.0	0.0	0.0 	0.0 	84.7 	19.0 	0.0 	0.0 	0.0 	-0.0 	19.0 	0.0 	0.0 	0.0 	1.03304844077	3.00116358473	140.046017012	-11.6752789901	
1.31666666667	0.0	0.0	0.0 	0.0 	85.0166666667 	19.0 	0.0 	0.0 	0.0 	-0.0 	19.0 	0.0 	0.0 	0.0 	1.09941518126	3.01889167538	140.048259696	-11.6934648138	
1.33333333333	0.0	0.0	0.0 	0.0 	85.3333333333 	19.0 	0.0 	0.0 	0.0 	-0.0 	19.0 	0.0 	0.0 	0.0 	1.16547712636	3.03366508426	140.05035208	-11.7127764099	
1.35	0.0	0.0	0.0 	0.0 	85.65 	19.0 	0.0 	0.0 	0.0 	-0.0 	19.0 	0.0 	0.0 	0.0 	1.23123567585	3.04597625833	140.052311197	-11.7332032712	
1.36666666667	0.0	0.0	0.0 	0.0 	85.9666666667 	19.0 	0.0 	0.0 	0.0 	-0.0 	19.0 	0.0 	0.0 	0.0 	1.29669222312	3.05623557005	140.054153656	-11.754736127	
1.38333333333	0.0	0.0	0.0 	0.0 	86.2833333333 	19.0 	0.0 	0.0 	0.0 	-0.0 	19.0 	0.0 	0.0 	0.0 	1.36184815513	3.06478499648	140.055895282	-11.7773666783	
1.4	0.0	0.0	0.0 	0.0 	86.6 	19.0 	0.0 	0.0 	0.0 	-0.0 	19.0 	0.0 	0.0 	0.0 	1.42670485249	3.07190951851	140.057550895	-11.8010873849	
1.41666666667	0.0	0.0	0.0 	0.0 	86.9166666667 	19.0 	0.0 	0.0 	0.0 	-0.0 	19.0 	0.0 	0.0 	0.0 	1.49126368946	3.0778466202	140.059134192	-11.8258912982	
1.43333333333	0.0	0.0	0.0 	0.0 	87.2333333333 	19.0 	0.0 	0.0 	0.0 	-0.0 	19.0 	0.0 	0.0 	0.0 	1.555526034	3.08279420495	140.060657689	-11.8517719296	
1.45	0.0	0.0	0.0 	0.0 	87.55 	19.0 	0.0 	0.0 	0.0 	-0.0 	19.0 	0.0 	0.0 	0.0 	1.61949324777	3.08691719223	140.062132729	-11.8787231494	
1.46666666667	0.0	0.0	0.0 	0.0 	87.8666666667 	19.0 	0.0 	0.0 	0.0 	-0.0 	19.0 	0.0 	0.0 	0.0 	1.68316668619	3.09035301497	140.063569515	-11.9067391093	
1.48333333333	0.0	0.0	0.0 	0.0 	88.1833333333 	19.0 	0.0 	0.0 	0.0 	-0.0 	19.0 	0.0 	0.0 	0.0 	1.74654769844	3.09321620058	140.064977162	-11.9358141825	
1.5	0.0	0.0	0.0 	0.0 	88.5 	19.0 	0.0 	0.0 	0.0 	-0.0 	19.0 	0.0 	0.0 	0.0 	1.80963762753	3.0956021886	140.066363774	-11.9659429185	
1.51666666667	0.0	0.0	0.0 	0.0 	88.8166666667 	19.0 	0.0 	0.0 	0.0 	-0.0 	19.0 	0.0 	0.0 	0.0 	1.87243781028	3.09759051194	140.067736519	-11.9971200086	
1.53333333333	0.0	0.0	0.0 	0.0 	89.1333333333 	19.0 	0.0 	0.0 	0.0 	-0.0 	19.0 	0.0 	0.0 	0.0 	1.93494957737	3.09924744806	140.069101708	-12.0293402593	
1.55	0.0	0.0	0.0 	0.0 	89.45 	19.0 	0.0 	0.0 	0.0 	-0.0 	19.0 	0.0 	0.0 	0.0 	1.99717425339	3.10062822816	140.070464878	-12.0625985722	
1.56666666667	0.0	0.0	0.0 	0.0 	89.7666666667 	19.0 	0.0 	0.0 	0.0 	-0.0 	19.0 	0.0 	0.0 	0.0 	2.05911315682	3.10177887824	140.071830869	-12.0968899286	
1.58333333333	0.0	0.0	0.0 	0.0 	90.0833333333 	19.0 	0.0 	0.0 	0.0 	-0.0 	19.0 	0.0 	0.0 	0.0 	2.1207676001	3.10273775331	140.073203893	-12.1322093776	
1.6	0.0	0.0	0.0 	0.0 	90.4 	19.0 	0.0 	0.0 	0.0 	-0.0 	19.0 	0.0 	0.0 	0.0 	2.18213888964	3.10353681587	140.074587611	-12.1685520266	
1.61666666667	0.0	0.0	0.0 	0.0 	90.7166666667 	19.0 	0.0 	0.0 	0.0 	-0.0 	19.0 	0.0 	0.0 	0.0 	2.24322832585	3.10420270133	140.075985189	-12.2059130346	
1.63333333333	0.0	0.0	0.0 	0.0 	91.0333333333 	19.0 	0.0 	0.0 	0.0 	-0.0 	19.0 	0.0 	0.0 	0.0 	2.30403720317	3.10475760589	140.077399358	-12.2442876063	
1.65	0.0	0.0	0.0 	0.0 	91.35 	19.0 	0.0 	0.0 	0.0 	-0.0 	19.0 	0.0 	0.0 	0.0 	2.36456681009	3.10522002635	140.078832467	-12.2836709873	
1.66666666667	0.0	0.0	0.0 	0.0 	91.6666666667 	19.0 	0.0 	0.0 	0.0 	-0.0 	19.0 	0.0 	0.0 	0.0 	2.42481842918	3.10560537673	140.08028653	-12.324058461	
1.68333333333	0.0	0.0	0.0 	0.0 	91.9833333333 	19.0 	0.0 	0.0 	0.0 	-0.0 	19.0 	0.0 	0.0 	0.0 	2.48479333713	3.10592650206	140.081763267	-12.3654453458	
1.7	0.0	0.0	0.0 	0.0 	92.3 	19.0 	0.0 	0.0 	0.0 	-0.0 	19.0 	0.0 	0.0 	0.0 	2.54449280477	3.10619410649	140.083264143	-12.407826992	
1.71666666667	0.0	0.0	0.0 	0.0 	92.6166666667 	19.0 	0.0 	0.0 	0.0 	-0.0 	19.0 	0.0 	0.0 	0.0 	2.60391809708	3.10641711018	140.084790398	-12.4511987807	
1.73333333333	0.0	0.0	0.0 	0.0 	92.9333333333 	19.0 	0.0 	0.0 	0.0 	-0.0 	19.0 	0.0 	0.0 	0.0 	2.66307047322	3.1066029466	140.086343082	-12.4955561219	
1.75	0.0	0.0	0.0 	0.0 	93.25 	19.0 	0.0 	0.0 	0.0 	-0.0 	19.0 	0.0 	0.0 	0.0 	2.7219511866	3.10675781027	140.087923075	-12.5408944528	
1.76666666667	0.0	0.0	0.0 	0.0 	93.5666666667 	19.0 	0.0 	0.0 	0.0 	-0.0 	19.0 	0.0 	0.0 	0.0 	2.78056148486	3.10688686334	140.089531112	-12.5872092373	
1.78333333333	0.0	0.0	0.0 	0.0 	93.8833333333 	19.0 	0.0 	0.0 	0.0 	-0.0 	19.0 	0.0 	0.0 	0.0 	2.83890260989	3.10699440756	140.091167803	-12.6344959647	
1.8	0.0	0.0	0.0 	0.0 	94.2 	19.0 	0.0 	0.0 	0.0 	-0.0 	19.0 	0.0 	0.0 	0.0 	2.8969757979	3.10708402774	140.09283365	-12.6827501487	
1.81666666667	0.0	0.0	0.0 	0.0 	94.5166666667 	19.0 	0.0 	0.0 	0.0 	-0.0 	19.0 	0.0 	0.0 	0.0 	2.95478227943	3.10715871123	140.094529062	-12.7319673273	
1.83333333333	0.0	0.0	0.0 	0.0 	94.8333333333 	19.0 	0.0 	0.0 	0.0 	-0.0 	19.0 	0.0 	0.0 	0.0 	3.01232327933	3.10722094747	140.096254367	-12.7821430616	
1.85	0.0	0.0	0.0 	0.0 	95.15 	19.0 	0.0 	0.0 	0.0 	-0.0 	19.0 	0.0 	0.0 	0.0 	3.06960001686	3.107272811	140.098009825	-12.8332729353	
1.86666666667	0.0	0.0	0.0 	0.0 	95.4666666667 	19.0 	0.0 	0.0 	0.0 	-0.0 	19.0 	0.0 	0.0 	0.0 	3.12661370567	3.10731603061	140.099795638	-12.885352555	
1.88333333333	0.0	0.0	0.0 	0.0 	95.7833333333 	19.0 	0.0 	0.0 	0.0 	-0.0 	19.0 	0.0 	0.0 	0.0 	3.18336555384	3.10735204695	140.101611956	-12.9383775486	
1.9	0.0	0.0	0.0 	0.0 	96.1 	19.0 	0.0 	0.0 	0.0 	-0.0 	19.0 	0.0 	0.0 	0.0 	3.23985676389	3.10738206057	140.103458886	-12.9923435659	
1.91666666667	0.0	0.0	0.0 	0.0 	96.4166666667 	19.0 	0.0 	0.0 	0.0 	-0.0 	19.0 	0.0 	0.0 	0.0 	3.29608853282	3.10740707192	140.105336499	-13.0472462781	
1.93333333333	0.0	0.0	0.0 	0.0 	96.7333333333 	19.0 	0.0 	0.0 	0.0 	-0.0 	19.0 	0.0 	0.0 	0.0 	3.35206205215	3.10742791471	140.107244833	-13.1030813769	
1.95	0.0	0.0	0.0 	0.0 	97.05 	19.0 	0.0 	0.0 	0.0 	-0.0 	19.0 	0.0 	0.0 	0.0 	3.40777850791	3.1074452837	140.1091839	-13.1598445751	
1.96666666667	0.0	0.0	0.0 	0.0 	97.3666666667 	19.0 	0.0 	0.0 	0.0 	-0.0 	19.0 	0.0 	0.0 	0.0 	3.46323908069	3.10745975786	140.111153691	-13.2175316059	
1.98333333333	0.0	0.0	0.0 	0.0 	97.6833333333 	19.0 	0.0 	0.0 	0.0 	-0.0 	19.0 	0.0 	0.0 	0.0 	3.51844494566	3.10747181966	140.113154174	-13.2761382226	
2.0	0.0	0.0	0.0 	0.0 	98.0 	19.0 	0.0 	0.0 	0.0 	-0.0 	19.0 	0.0 	0.0 	0.0 	3.57339727257	3.10748187116	140.115185303	-13.3356601987	
2.01666666667	0.0	0.0	0.0 	0.0 	98.3166666667 	19.0 	0.0 	0.0 	0.0 	-0.0 	19.0 	0.0 	0.0 	0.0 	3.62809722584	3.10749024741	140.117247017	-13.3960933277	
2.03333333333	0.0	0.0	0.0 	0.0 	98.6333333333 	19.0 	0.0 	0.0 	0.0 	-0.0 	19.0 	0.0 	0.0 	0.0 	3.6825459645	3.10749722762	140.119339245	-13.4574334226	
2.05	0.0	0.0	0.0 	0.0 	98.95 	19.0 	0.0 	0.0 	0.0 	-0.0 	19.0 	0.0 	0.0 	0.0 	3.7367446423	3.10750304446	140.121461903	-13.5196763162	
2.06666666667	0.0	0.0	0.0 	0.0 	99.2666666667 	19.0 	0.0 	0.0 	0.0 	-0.0 	19.0 	0.0 	0.0 	0.0 	3.79069440764	3.10750789182	140.123614901	-13.5828178605	
2.08333333333	0.0	0.0	0.0 	0.0 	99.5833333333 	19.0 	0.0 	0.0 	0.0 	-0.0 	19.0 	0.0 	0.0 	0.0 	3.8443964037	3.1075119313	140.125798142	-13.6468539271	
2.1	0.0	0.0	0.0 	0.0 	99.9 	19.0 	0.0 	0.0 	0.0 	-0.0 	19.0 	0.0 	0.0 	0.0 	3.89785176836	3.10751529752	140.128011522	-13.7117804066	
2.11666666667	0.0	0.0	0.0 	0.0 	100.216666667 	19.0 	0.0 	0.0 	0.0 	-0.0 	19.0 	0.0 	0.0 	0.0 	3.95106163431	3.10751810271	140.130254932	-13.7775932085	
2.13333333333	0.0	0.0	0.0 	0.0 	100.533333333 	19.0 	0.0 	0.0 	0.0 	-0.0 	19.0 	0.0 	0.0 	0.0 	4.00402712903	3.10752044037	140.132528259	-13.8442882616	
2.15	0.0	0.0	0.0 	0.0 	100.85 	19.0 	0.0 	0.0 	0.0 	-0.0 	19.0 	0.0 	0.0 	0.0 	4.05674937481	3.10752238842	140.134831389	-13.9118615132	
2.16666666667	0.0	0.0	0.0 	0.0 	101.166666667 	19.0 	0.0 	0.0 	0.0 	-0.0 	19.0 	0.0 	0.0 	0.0 	4.10922948879	3.10752401179	140.137164202	-13.9803089297	
2.18333333333	0.0	0.0	0.0 	0.0 	101.483333333 	19.0 	0.0 	0.0 	0.0 	-0.0 	19.0 	0.0 	0.0 	0.0 	4.16146858299	3.1075253646	140.139526578	-14.0496264956	
2.2	0.0	0.0	0.0 	0.0 	101.8 	19.0 	0.0 	0.0 	0.0 	-0.0 	19.0 	0.0 	0.0 	0.0 	4.21346776431	3.10752649195	140.141918393	-14.1198102144	
2.21666666667	0.0	0.0	0.0 	0.0 	102.116666667 	19.0 	0.0 	0.0 	0.0 	-0.0 	19.0 	0.0 	0.0 	0.0 	4.26522813458	3.1075274314	140.144339524	-14.1908561078	
2.23333333333	0.0	0.0	0.0 	0.0 	102.433333333 	19.0 	0.0 	0.0 	0.0 	-0.0 	19.0 	0.0 	0.0 	0.0 	4.31675079056	3.10752821427	140.146789845	-14.2627602159	
2.25	0.0	0.0	0.0 	0.0 	102.75 	19.0 	0.0 	0.0 	0.0 	-0.0 	19.0 	0.0 	0.0 	0.0 	4.36803682396	3.10752886667	140.14926923	-14.3355185969	
2.26666666667	0.0	0.0	0.0 	0.0 	103.066666667 	19.0 	0.0 	0.0 	0.0 	-0.0 	19.0 	0.0 	0.0 	0.0 	4.41908732151	3.10752941034	140.151777552	-14.4091273274	
2.28333333333	0.0	0.0	0.0 	0.0 	103.383333333 	19.0 	0.0 	0.0 	0.0 	-0.0 	19.0 	0.0 	0.0 	0.0 	4.46990336492	3.10752986339	140.154314684	-14.4835825017	
2.3	0.0	0.0	0.0 	0.0 	103.7 	19.0 	0.0 	0.0 	0.0 	-0.0 	19.0 	0.0 	0.0 	0.0 	4.52048603095	3.10753024093	140.156880499	-14.5588802324	
2.31666666667	0.0	0.0	0.0 	0.0 	104.016666667 	19.0 	0.0 	0.0 	0.0 	-0.0 	19.0 	0.0 	0.0 	0.0 	4.5708363914	3.10753055556	140.159474869	-14.6350166498	
2.33333333333	0.0	0.0	0.0 	0.0 	104.333333333 	19.0 	0.0 	0.0 	0.0 	-0.0 	19.0 	0.0 	0.0 	0.0 	4.62095551316	3.10753081774	140.162097665	-14.7119879021	
2.35	0.0	0.0	0.0 	0.0 	104.65 	19.0 	0.0 	0.0 	0.0 	-0.0 	19.0 	0.0 	0.0 	0.0 	4.67084445821	3.10753103623	140.164748761	-14.7897901551	
2.36666666667	0.0	0.0	0.0 	0.0 	104.966666667 	19.0 	0.0 	0.0 	0.0 	-0.0 	19.0 	0.0 	0.0 	0.0 	4.72050428366	3.1075312183	140.167428029	-14.8684195922	
2.38333333333	0.0	0.0	0.0 	0.0 	105.283333333 	19.0 	0.0 	0.0 	0.0 	-0.0 	19.0 	0.0 	0.0 	0.0 	4.76993604177	3.10753137002	140.170135341	-14.9478724145	
2.4	0.0	0.0	0.0 	0.0 	105.6 	19.0 	0.0 	0.0 	0.0 	-0.0 	19.0 	0.0 	0.0 	0.0 	4.81914077994	3.10753149646	140.172870571	-15.0281448404	
2.41666666667	0.0	0.0	0.0 	0.0 	105.916666667 	19.0 	0.0 	0.0 	0.0 	-0.0 	19.0 	0.0 	0.0 	0.0 	4.86811954081	3.10753160183	140.175633591	-15.1092331059	
2.43333333333	0.0	0.0	0.0 	0.0 	106.233333333 	19.0 	0.0 	0.0 	0.0 	-0.0 	19.0 	0.0 	0.0 	0.0 	4.91687336218	3.10753168963	140.178424275	-15.191133464	
2.45	0.0	0.0	0.0 	0.0 	106.55 	19.0 	0.0 	0.0 	0.0 	-0.0 	19.0 	0.0 	0.0 	0.0 	4.9654032771	3.1075317628	140.181242498	-15.273842185	
2.46666666667	0.0	0.0	0.0 	0.0 	106.866666667 	19.0 	0.0 	0.0 	0.0 	-0.0 	19.0 	0.0 	0.0 	0.0 	5.01371031391	3.10753182378	140.184088133	-15.3573555566	
2.48333333333	0.0	0.0	0.0 	0.0 	107.183333333 	19.0 	0.0 	0.0 	0.0 	-0.0 	19.0 	0.0 	0.0 	0.0 	5.06179549617	3.10753187459	140.186961056	-15.4416698831	
2.5	0.0	0.0	0.0 	0.0 	107.5 	19.0 	0.0 	0.0 	0.0 	-0.0 	19.0 	0.0 	0.0 	0.0 	5.10965984278	3.10753191694	140.189861141	-15.5267814862	
2.51666666667	0.0	0.0	0.0 	0.0 	107.816666667 	19.0 	0.0 	0.0 	0.0 	-0.0 	19.0 	0.0 	0.0 	0.0 	5.15730436794	3.10753195222	140.192788266	-15.6126867042	
2.53333333333	0.0	0.0	0.0 	0.0 	108.133333333 	19.0 	0.0 	0.0 	0.0 	-0.0 	19.0 	0.0 	0.0 	0.0 	5.20473008122	3.10753198163	140.195742304	-15.6993818924	
2.55	0.0	0.0	0.0 	0.0 	108.45 	19.0 	0.0 	0.0 	0.0 	-0.0 	19.0 	0.0 	0.0 	0.0 	5.25193798751	3.10753200613	140.198723135	-15.7868634228	
2.56666666667	0.0	0.0	0.0 	0.0 	108.766666667 	19.0 	0.0 	0.0 	0.0 	-0.0 	19.0 	0.0 	0.0 	0.0 	5.29892908712	3.10753202656	140.201730634	-15.875127684	
2.58333333333	0.0	0.0	0.0 	0.0 	109.083333333 	19.0 	0.0 	0.0 	0.0 	-0.0 	19.0 	0.0 	0.0 	0.0 	5.34570437576	3.10753204357	140.20476468	-15.9641710812	
2.6	0.0	0.0	0.0 	0.0 	109.4 	19.0 	0.0 	0.0 	0.0 	-0.0 	19.0 	0.0 	0.0 	0.0 	5.39226484455	3.10753205775	140.20782515	-16.0539900362	
2.61666666667	0.0	0.0	0.0 	0.0 	109.716666667 	19.0 	0.0 	0.0 	0.0 	-0.0 	19.0 	0.0 	0.0 	0.0 	5.43861148008	3.10753206957	140.210911925	-16.1445809871	
2.63333333333	0.0	0.0	0.0 	0.0 	110.033333333 	19.0 	0.0 	0.0 	0.0 	-0.0 	19.0 	0.0 	0.0 	0.0 	5.4847452644	3.10753207942	140.214024882	-16.2359403885	
2.65	0.0	0.0	0.0 	0.0 	110.35 	19.0 	0.0 	0.0 	0.0 	-0.0 	19.0 	0.0 	0.0 	0.0 	5.53066717503	3.10753208763	140.217163903	-16.3280647111	
2.66666666667	0.0	0.0	0.0 	0.0 	110.666666667 	19.0 	0.0 	0.0 	0.0 	-0.0 	19.0 	0.0 	0.0 	0.0 	5.57637818505	3.10753209446	140.220328867	-16.4209504421	
2.68333333333	0.0	0.0	0.0 	0.0 	110.983333333 	19.0 	0.0 	0.0 	0.0 	-0.0 	19.0 	0.0 	0.0 	0.0 	5.62187926301	3.10753210016	140.223519655	-16.5145940846	
2.7	0.0	0.0	0.0 	0.0 	111.3 	19.0 	0.0 	0.0 	0.0 	-0.0 	19.0 	0.0 	0.0 	0.0 	5.66717137306	3.10753210491	140.226736149	-16.6089921577	
2.71666666667	0.0	0.0	0.0 	0.0 	111.616666667 	19.0 	0.0 	0.0 	0.0 	-0.0 	19.0 	0.0 	0.0 	0.0 	5.7122554749	3.10753210887	140.229978231	-16.7041411968	
2.73333333333	0.0	0.0	0.0 	0.0 	111.933333333 	19.0 	0.0 	0.0 	0.0 	-0.0 	19.0 	0.0 	0.0 	0.0 	5.75713252383	3.10753211217	140.233245784	-16.8000377528	
2.75	0.0	0.0	0.0 	0.0 	112.25 	19.0 	0.0 	0.0 	0.0 	-0.0 	19.0 	0.0 	0.0 	0.0 	5.80180347076	3.10753211492	140.236538689	-16.8966783928	
2.76666666667	0.0	0.0	0.0 	0.0 	112.566666667 	19.0 	0.0 	0.0 	0.0 	-0.0 	19.0 	0.0 	0.0 	0.0 	5.84626926223	3.10753211721	140.239856832	-16.9940596995	
2.78333333333	0.0	0.0	0.0 	0.0 	112.883333333 	19.0 	0.0 	0.0 	0.0 	-0.0 	19.0 	0.0 	0.0 	0.0 	5.89053084043	3.10753211912	140.243200096	-17.0921782714	
2.8	0.0	0.0	0.0 	0.0 	113.2 	19.0 	0.0 	0.0 	0.0 	-0.0 	19.0 	0.0 	0.0 	0.0 	5.93458914324	3.10753212071	140.246568366	-17.1910307223	
2.81666666667	0.0	0.0	0.0 	0.0 	113.516666667 	19.0 	0.0 	0.0 	0.0 	-0.0 	19.0 	0.0 	0.0 	0.0 	5.97844510421	3.10753212203	140.249961527	-17.2906136821	
2.83333333333	0.0	0.0	0.0 	0.0 	113.833333333 	19.0 	0.0 	0.0 	0.0 	-0.0 	19.0 	0.0 	0.0 	0.0 	6.02209965262	3.10753212314	140.253379464	-17.3909237956	
2.85	0.0	0.0	0.0 	0.0 	114.15 	19.0 	0.0 	0.0 	0.0 	-0.0 	19.0 	0.0 	0.0 	0.0 	6.06555371348	3.10753212406	140.256822065	-17.4919577234	
2.86666666667	0.0	0.0	0.0 	0.0 	114.466666667 	19.0 	0.0 	0.0 	0.0 	-0.0 	19.0 	0.0 	0.0 	0.0 	6.10880820753	3.10753212482	140.260289215	-17.5937121414	
2.88333333333	0.0	0.0	0.0 	0.0 	114.783333333 	19.0 	0.0 	0.0 	0.0 	-0.0 	19.0 	0.0 	0.0 	0.0 	6.15186405132	3.10753212546	140.263780802	-17.6961837405	
2.9	0.0	0.0	0.0 	0.0 	115.1 	19.0 	0.0 	0.0 	0.0 	-0.0 	19.0 	0.0 	0.0 	0.0 	6.19472215716	3.107532126	140.267296714	-17.7993692271	
2.91666666667	0.0	0.0	0.0 	0.0 	115.416666667 	19.0 	0.0 	0.0 	0.0 	-0.0 	19.0 	0.0 	0.0 	0.0 	6.23738343318	3.10753212644	140.270836839	-17.9032653225	
2.93333333333	0.0	0.0	0.0 	0.0 	115.733333333 	19.0 	0.0 	0.0 	0.0 	-0.0 	19.0 	0.0 	0.0 	0.0 	6.27984878334	3.10753212681	140.274401065	-18.0078687633	
2.95	0.0	0.0	0.0 	0.0 	116.05 	19.0 	0.0 	0.0 	0.0 	-0.0 	19.0 	0.0 	0.0 	0.0 	6.32211910744	3.10753212712	140.277989283	-18.1131763009	
2.96666666667	0.0	0.0	0.0 	0.0 	116.366666667 	19.0 	0.0 	0.0 	0.0 	-0.0 	19.0 	0.0 	0.0 	0.0 	6.36419530117	3.10753212737	140.281601382	-18.2191847017	
2.98333333333	0.0	0.0	0.0 	0.0 	116.683333333 	19.0 	0.0 	0.0 	0.0 	-0.0 	19.0 	0.0 	0.0 	0.0 	6.40607825608	3.10753212759	140.285237252	-18.3258907468	
3.0	0.0	0.0	0.0 	0.0 	117.0 	19.0 	0.0 	0.0 	0.0 	-0.0 	19.0 	0.0 	0.0 	0.0 	6.44776885965	3.10753212777	140.288896784	-18.4332912323	
3.01666666667	0.0	0.0	0.0 	0.0 	117.316666667 	19.0 	0.0 	0.0 	0.0 	-0.0 	19.0 	0.0 	0.0 	0.0 	6.48926799526	3.10753212792	140.29257987	-18.5413829689	
3.03333333333	0.0	0.0	0.0 	0.0 	117.633333333 	19.0 	0.0 	0.0 	0.0 	-0.0 	19.0 	0.0 	0.0 	0.0 	6.53057654224	3.10753212804	140.296286401	-18.650162782	
3.05	0.0	0.0	0.0 	0.0 	117.95 	19.0 	0.0 	0.0 	0.0 	-0.0 	19.0 	0.0 	0.0 	0.0 	6.5716953759	3.10753212814	140.30001627	-18.7596275114	
3.06666666667	0.0	0.0	0.0 	0.0 	118.266666667 	19.0 	0.0 	0.0 	0.0 	-0.0 	19.0 	0.0 	0.0 	0.0 	6.61262536751	3.10753212823	140.303769369	-18.8697740118	
3.08333333333	0.0	0.0	0.0 	0.0 	118.583333333 	19.0 	0.0 	0.0 	0.0 	-0.0 	19.0 	0.0 	0.0 	0.0 	6.65336738434	3.1075321283	140.307545592	-18.9805991519	
3.1	0.0	0.0	0.0 	0.0 	118.9 	19.0 	0.0 	0.0 	0.0 	-0.0 	19.0 	0.0 	0.0 	0.0 	6.69392228968	3.10753212836	140.311344832	-19.0920998151	
3.11666666667	0.0	0.0	0.0 	0.0 	119.216666667 	19.0 	0.0 	0.0 	0.0 	-0.0 	19.0 	0.0 	0.0 	0.0 	6.73429094287	3.10753212841	140.315166985	-19.2042728989	
3.13333333333	0.0	0.0	0.0 	0.0 	119.533333333 	19.0 	0.0 	0.0 	0.0 	-0.0 	19.0 	0.0 	0.0 	0.0 	6.77447419928	3.10753212845	140.319011944	-19.3171153152	
3.15	0.0	0.0	0.0 	0.0 	119.85 	19.0 	0.0 	0.0 	0.0 	-0.0 	19.0 	0.0 	0.0 	0.0 	6.81447291037	3.10753212849	140.322879605	-19.4306239901	
3.16666666667	0.0	0.0	0.0 	0.0 	120.166666667 	19.0 	0.0 	0.0 	0.0 	-0.0 	19.0 	0.0 	0.0 	0.0 	6.85428792367	3.10753212851	140.326769863	-19.5447958636	
3.18333333333	0.0	0.0	0.0 	0.0 	120.483333333 	19.0 	0.0 	0.0 	0.0 	-0.0 	19.0 	0.0 	0.0 	0.0 	6.89392008283	3.10753212854	140.330682615	-19.65962789	
3.2	0.0	0.0	0.0 	0.0 	120.8 	19.0 	0.0 	0.0 	0.0 	-0.0 	19.0 	0.0 	0.0 	0.0 	6.93337022764	3.10753212856	140.334617758	-19.7751170375	
3.21666666667	0.0	0.0	0.0 	0.0 	121.116666667 	19.0 	0.0 	0.0 	0.0 	-0.0 	19.0 	0.0 	0.0 	0.0 	6.972639194	3.10753212858	140.338575189	-19.8912602881	
3.23333333333	0.0	0.0	0.0 	0.0 	121.433333333 	19.0 	0.0 	0.0 	0.0 	-0.0 	19.0 	0.0 	0.0 	0.0 	7.011727814	3.10753212859	140.342554805	-20.0080546379	
3.25	0.0	0.0	0.0 	0.0 	121.75 	19.0 	0.0 	0.0 	0.0 	-0.0 	19.0 	0.0 	0.0 	0.0 	7.05063691589	3.1075321286	140.346556504	-20.1254970966	
3.26666666667	0.0	0.0	0.0 	0.0 	122.066666667 	19.0 	0.0 	0.0 	0.0 	-0.0 	19.0 	0.0 	0.0 	0.0 	7.08936732413	3.10753212861	140.350580186	-20.2435846877	
3.28333333333	0.0	0.0	0.0 	0.0 	122.383333333 	19.0 	0.0 	0.0 	0.0 	-0.0 	19.0 	0.0 	0.0 	0.0 	7.12791985938	3.10753212862	140.354625748	-20.3623144484	
3.3	0.0	0.0	0.0 	0.0 	122.7 	19.0 	0.0 	0.0 	0.0 	-0.0 	19.0 	0.0 	0.0 	0.0 	7.16629533854	3.10753212862	140.358693091	-20.4816834294	
3.31666666667	0.0	0.0	0.0 	0.0 	123.016666667 	19.0 	0.0 	0.0 	0.0 	-0.0 	19.0 	0.0 	0.0 	0.0 	7.20449457477	3.10753212863	140.362782115	-20.6016886951	
3.33333333333	0.0	0.0	0.0 	0.0 	123.333333333 	19.0 	0.0 	0.0 	0.0 	-0.0 	19.0 	0.0 	0.0 	0.0 	7.24251837746	3.10753212864	140.36689272	-20.7223273233	
3.35	0.0	0.0	0.0 	0.0 	123.65 	19.0 	0.0 	0.0 	0.0 	-0.0 	19.0 	0.0 	0.0 	0.0 	7.28036755232	3.10753212864	140.371024806	-20.8435964051	
3.36666666667	0.0	0.0	0.0 	0.0 	123.966666667 	19.0 	0.0 	0.0 	0.0 	-0.0 	19.0 	0.0 	0.0 	0.0 	7.31804290134	3.10753212864	140.375178276	-20.9654930453	
3.38333333333	0.0	0.0	0.0 	0.0 	124.283333333 	19.0 	0.0 	0.0 	0.0 	-0.0 	19.0 	0.0 	0.0 	0.0 	7.35554522283	3.10753212864	140.379353031	-21.0880143616	
3.4	0.0	0.0	0.0 	0.0 	124.6 	19.0 	0.0 	0.0 	0.0 	-0.0 	19.0 	0.0 	0.0 	0.0 	7.39287531143	3.10753212865	140.383548973	-21.2111574853	
3.41666666667	0.0	0.0	0.0 	0.0 	124.916666667 	19.0 	0.0 	0.0 	0.0 	-0.0 	19.0 	0.0 	0.0 	0.0 	7.43003395815	3.10753212865	140.387766005	-21.3349195605	
3.43333333333	0.0	0.0	0.0 	0.0 	125.233333333 	19.0 	0.0 	0.0 	0.0 	-0.0 	19.0 	0.0 	0.0 	0.0 	7.46702195034	3.10753212865	140.392004031	-21.4592977446	
3.45	0.0	0.0	0.0 	0.0 	125.55 	19.0 	0.0 	0.0 	0.0 	-0.0 	19.0 	0.0 	0.0 	0.0 	7.50384007176	3.10753212865	140.396262952	-21.5842892083	
3.46666666667	0.0	0.0	0.0 	0.0 	125.866666667 	19.0 	0.0 	0.0 	0.0 	-0.0 	19.0 	0.0 	0.0 	0.0 	7.54048910254	3.10753212865	140.400542675	-21.7098911348	
3.48333333333	0.0	0.0	0.0 	0.0 	126.183333333 	19.0 	0.0 	0.0 	0.0 	-0.0 	19.0 	0.0 	0.0 	0.0 	7.57696981925	3.10753212865	140.404843103	-21.8361007206	
3.5	0.0	0.0	0.0 	0.0 	126.5 	19.0 	0.0 	0.0 	0.0 	-0.0 	19.0 	0.0 	0.0 	0.0 	7.6132829949	3.10753212865	140.409164141	-21.962915175	
3.51666666667	0.0	0.0	0.0 	0.0 	126.816666667 	19.0 	0.0 	0.0 	0.0 	-0.0 	19.0 	0.0 	0.0 	0.0 	7.64942939892	3.10753212866	140.413505694	-22.09033172	
3.53333333333	0.0	0.0	0.0 	0.0 	127.133333333 	19.0 	0.0 	0.0 	0.0 	-0.0 	19.0 	0.0 	0.0 	0.0 	7.68540979724	3.10753212866	140.417867669	-22.2183475906	
3.55	0.0	0.0	0.0 	0.0 	127.45 	19.0 	0.0 	0.0 	0.0 	-0.0 	19.0 	0.0 	0.0 	0.0 	7.72122495224	3.10753212866	140.422249971	-22.3469600341	
3.56666666667	0.0	0.0	0.0 	0.0 	127.766666667 	19.0 	0.0 	0.0 	0.0 	-0.0 	19.0 	0.0 	0.0 	0.0 	7.75687562283	3.10753212866	140.426652508	-22.4761663109	
3.58333333333	0.0	0.0	0.0 	0.0 	128.083333333 	19.0 	0.0 	0.0 	0.0 	-0.0 	19.0 	0.0 	0.0 	0.0 	7.79236256442	3.10753212866	140.431075185	-22.6059636937	
3.6	0.0	0.0	0.0 	0.0 	128.4 	19.0 	0.0 	0.0 	0.0 	-0.0 	19.0 	0.0 	0.0 	0.0 	7.82768652894	3.10753212866	140.435517911	-22.7363494677	
3.61666666667	0.0	0.0	0.0 	0.0 	128.716666667 	19.0 	0.0 	0.0 	0.0 	-0.0 	19.0 	0.0 	0.0 	0.0 	7.86284826488	3.10753212866	140.439980594	-22.8673209308	
3.63333333333	0.0	0.0	0.0 	0.0 	129.033333333 	19.0 	0.0 	0.0 	0.0 	-0.0 	19.0 	0.0 	0.0 	0.0 	7.89784851729	3.10753212866	140.444463141	-22.9988753931	
3.65	0.0	0.0	0.0 	0.0 	129.35 	19.0 	0.0 	0.0 	0.0 	-0.0 	19.0 	0.0 	0.0 	0.0 	7.9326880278	3.10753212866	140.448965463	-23.1310101771	
3.66666666667	0.0	0.0	0.0 	0.0 	129.666666667 	19.0 	0.0 	0.0 	0.0 	-0.0 	19.0 	0.0 	0.0 	0.0 	7.96736753464	3.10753212866	140.453487467	-23.2637226176	
3.68333333333	0.0	0.0	0.0 	0.0 	129.983333333 	19.0 	0.0 	0.0 	0.0 	-0.0 	19.0 	0.0 	0.0 	0.0 	8.00188777263	3.10753212866	140.458029064	-23.3970100618	
3.7	0.0	0.0	0.0 	0.0 	130.3 	19.0 	0.0 	0.0 	0.0 	-0.0 	19.0 	0.0 	0.0 	0.0 	8.03624947323	3.10753212866	140.462590163	-23.5308698688	
3.71666666667	0.0	0.0	0.0 	0.0 	130.616666667 	19.0 	0.0 	0.0 	0.0 	-0.0 	19.0 	0.0 	0.0 	0.0 	8.07045336454	3.10753212866	140.467170675	-23.66529941	
3.73333333333	0.0	0.0	0.0 	0.0 	130.933333333 	19.0 	0.0 	0.0 	0.0 	-0.0 	19.0 	0.0 	0.0 	0.0 	8.10450017131	3.10753212866	140.471770511	-23.8002960689	
3.75	0.0	0.0	0.0 	0.0 	131.25 	19.0 	0.0 	0.0 	0.0 	-0.0 	19.0 	0.0 	0.0 	0.0 	8.13839061496	3.10753212866	140.476389582	-23.9358572408	
3.76666666667	0.0	0.0	0.0 	0.0 	131.566666667 	19.0 	0.0 	0.0 	0.0 	-0.0 	19.0 	0.0 	0.0 	0.0 	8.17212541362	3.10753212866	140.4810278	-24.0719803334	
3.78333333333	0.0	0.0	0.0 	0.0 	131.883333333 	19.0 	0.0 	0.0 	0.0 	-0.0 	19.0 	0.0 	0.0 	0.0 	8.20570528209	3.10753212866	140.485685076	-24.2086627658	
3.8	0.0	0.0	0.0 	0.0 	132.2 	19.0 	0.0 	0.0 	0.0 	-0.0 	19.0 	0.0 	0.0 	0.0 	8.23913093191	3.10753212866	140.490361324	-24.3459019692	
3.81666666667	0.0	0.0	0.0 	0.0 	132.516666667 	19.0 	0.0 	0.0 	0.0 	-0.0 	19.0 	0.0 	0.0 	0.0 	8.27240307133	3.10753212866	140.495056456	-24.4836953867	
3.83333333333	0.0	0.0	0.0 	0.0 	132.833333333 	19.0 	0.0 	0.0 	0.0 	-0.0 	19.0 	0.0 	0.0 	0.0 	8.30552240537	3.10753212866	140.499770385	-24.6220404729	
3.85	0.0	0.0	0.0 	0.0 	133.15 	19.0 	0.0 	0.0 	0.0 	-0.0 	19.0 	0.0 	0.0 	0.0 	8.33848963581	3.10753212866	140.504503026	-24.7609346942	
3.86666666667	0.0	0.0	0.0 	0.0 	133.466666667 	19.0 	0.0 	0.0 	0.0 	-0.0 	19.0 	0.0 	0.0 	0.0 	8.37130546118	3.10753212866	140.509254291	-24.9003755288	
3.88333333333	0.0	0.0	0.0 	0.0 	133.783333333 	19.0 	0.0 	0.0 	0.0 	-0.0 	19.0 	0.0 	0.0 	0.0 	8.40397057684	3.10753212866	140.514024096	-25.0403604662	
3.9	0.0	0.0	0.0 	0.0 	134.1 	19.0 	0.0 	0.0 	0.0 	-0.0 	19.0 	0.0 	0.0 	0.0 	8.43648567494	3.10753212866	140.518812356	-25.1808870076	
3.91666666667	0.0	0.0	0.0 	0.0 	134.416666667 	19.0 	0.0 	0.0 	0.0 	-0.0 	19.0 	0.0 	0.0 	0.0 	8.46885144443	3.10753212866	140.523618985	-25.3219526656	
3.93333333333	0.0	0.0	0.0 	0.0 	134.733333333 	19.0 	0.0 	0.0 	0.0 	-0.0 	19.0 	0.0 	0.0 	0.0 	8.50106857113	3.10753212866	140.5284439	-25.4635549642	
3.95	0.0	0.0	0.0 	0.0 	135.05 	19.0 	0.0 	0.0 	0.0 	-0.0 	19.0 	0.0 	0.0 	0.0 	8.53313773769	3.10753212866	140.533287016	-25.605691439	
3.96666666667	0.0	0.0	0.0 	0.0 	135.366666667 	19.0 	0.0 	0.0 	0.0 	-0.0 	19.0 	0.0 	0.0 	0.0 	8.56505962364	3.10753212866	140.538148249	-25.7483596367	
3.98333333333	0.0	0.0	0.0 	0.0 	135.683333333 	19.0 	0.0 	0.0 	0.0 	-0.0 	19.0 	0.0 	0.0 	0.0 	8.59683490536	3.10753212866	140.543027518	-25.8915571152	
4.0	0.0	0.0	0.0 	0.0 	136.0 	19.0 	0.0 	0.0 	0.0 	-0.0 	19.0 	0.0 	0.0 	0.0 	8.62846425617	3.10753212866	140.547924738	-26.0352814438	
4.01666666667	0.0	0.0	0.0 	0.0 	136.316666667 	19.0 	0.0 	0.0 	0.0 	-0.0 	19.0 	0.0 	0.0 	0.0 	8.65994834625	3.10753212866	140.552839827	-26.1795302028	
4.03333333333	0.0	0.0	0.0 	0.0 	136.633333333 	19.0 	0.0 	0.0 	0.0 	-0.0 	19.0 	0.0 	0.0 	0.0 	8.69128784274	3.10753212866	140.557772703	-26.3243009839	
4.05	0.0	0.0	0.0 	0.0 	136.95 	19.0 	0.0 	0.0 	0.0 	-0.0 	19.0 	0.0 	0.0 	0.0 	8.72248340968	3.10753212866	140.562723285	-26.4695913896	
4.06666666667	0.0	0.0	0.0 	0.0 	137.266666667 	19.0 	0.0 	0.0 	0.0 	-0.0 	19.0 	0.0 	0.0 	0.0 	8.7535357081	3.10753212866	140.567691492	-26.6153990333	
4.08333333333	0.0	0.0	0.0 	0.0 	137.583333333 	19.0 	0.0 	0.0 	0.0 	-0.0 	19.0 	0.0 	0.0 	0.0 	8.78444539595	3.10753212866	140.572677241	-26.7617215397	
4.1	0.0	0.0	0.0 	0.0 	137.9 	19.0 	0.0 	0.0 	0.0 	-0.0 	19.0 	0.0 	0.0 	0.0 	8.81521312821	3.10753212866	140.577680454	-26.9085565443	
4.11666666667	0.0	0.0	0.0 	0.0 	138.216666667 	19.0 	0.0 	0.0 	0.0 	-0.0 	19.0 	0.0 	0.0 	0.0 	8.84583955681	3.10753212866	140.582701048	-27.0559016933	
4.13333333333	0.0	0.0	0.0 	0.0 	138.533333333 	19.0 	0.0 	0.0 	0.0 	-0.0 	19.0 	0.0 	0.0 	0.0 	8.87632533069	3.10753212866	140.587738946	-27.2037546438	
4.15	0.0	0.0	0.0 	0.0 	138.85 	19.0 	0.0 	0.0 	0.0 	-0.0 	19.0 	0.0 	0.0 	0.0 	8.90667109584	3.10753212866	140.592794066	-27.3521130637	
4.16666666667	0.0	0.0	0.0 	0.0 	139.166666667 	19.0 	0.0 	0.0 	0.0 	-0.0 	19.0 	0.0 	0.0 	0.0 	8.93687749525	3.10753212866	140.597866331	-27.5009746316	
4.18333333333	0.0	0.0	0.0 	0.0 	139.483333333 	19.0 	0.0 	0.0 	0.0 	-0.0 	19.0 	0.0 	0.0 	0.0 	8.96694516898	3.10753212866	140.602955661	-27.6503370367	
4.2	0.0	0.0	0.0 	0.0 	139.8 	19.0 	0.0 	0.0 	0.0 	-0.0 	19.0 	0.0 	0.0 	0.0 	8.99687475413	3.10753212866	140.608061979	-27.800197979	
4.21666666667	0.0	0.0	0.0 	0.0 	140.116666667 	19.0 	0.0 	0.0 	0.0 	-0.0 	19.0 	0.0 	0.0 	0.0 	9.02666688489	3.10753212866	140.613185205	-27.9505551687	
4.23333333333	0.0	0.0	0.0 	0.0 	140.433333333 	19.0 	0.0 	0.0 	0.0 	-0.0 	19.0 	0.0 	0.0 	0.0 	9.05632219253	3.10753212866	140.618325262	-28.1014063269	
4.25	0.0	0.0	0.0 	0.0 	140.75 	19.0 	0.0 	0.0 	0.0 	-0.0 	19.0 	0.0 	0.0 	0.0 	9.08584130542	3.10753212866	140.623482074	-28.252749185	
4.26666666667	0.0	0.0	0.0 	0.0 	141.066666667 	19.0 	0.0 	0.0 	0.0 	-0.0 	19.0 	0.0 	0.0 	0.0 	9.11522484906	3.10753212866	140.628655562	-28.4045814848	
4.28333333333	0.0	0.0	0.0 	0.0 	141.383333333 	19.0 	0.0 	0.0 	0.0 	-0.0 	19.0 	0.0 	0.0 	0.0 	9.14447344604	3.10753212866	140.633845651	-28.5569009784	
4.3	0.0	0.0	0.0 	0.0 	141.7 	19.0 	0.0 	0.0 	0.0 	-0.0 	19.0 	0.0 	0.0 	0.0 	9.17358771614	3.10753212866	140.639052265	-28.7097054285	
4.31666666667	0.0	0.0	0.0 	0.0 	142.016666667 	19.0 	0.0 	0.0 	0.0 	-0.0 	19.0 	0.0 	0.0 	0.0 	9.20256827626	3.10753212866	140.644275326	-28.8629926077	
4.33333333333	0.0	0.0	0.0 	0.0 	142.333333333 	19.0 	0.0 	0.0 	0.0 	-0.0 	19.0 	0.0 	0.0 	0.0 	9.23141574048	3.10753212866	140.649514761	-29.0167602991	
4.35	0.0	0.0	0.0 	0.0 	142.65 	19.0 	0.0 	0.0 	0.0 	-0.0 	19.0 	0.0 	0.0 	0.0 	9.26013072004	3.10753212866	140.654770493	-29.171006296	
4.36666666667	0.0	0.0	0.0 	0.0 	142.966666667 	19.0 	0.0 	0.0 	0.0 	-0.0 	19.0 	0.0 	0.0 	0.0 	9.2887138234	3.10753212866	140.660042448	-29.3257284016	
4.38333333333	0.0	0.0	0.0 	0.0 	143.283333333 	19.0 	0.0 	0.0 	0.0 	-0.0 	19.0 	0.0 	0.0 	0.0 	9.31716565621	3.10753212866	140.665330552	-29.4809244293	
4.4	0.0	0.0	0.0 	0.0 	143.6 	19.0 	0.0 	0.0 	0.0 	-0.0 	19.0 	0.0 	0.0 	0.0 	9.34548682134	3.10753212866	140.670634729	-29.6365922028	
4.41666666667	0.0	0.0	0.0 	0.0 	143.916666667 	19.0 	0.0 	0.0 	0.0 	-0.0 	19.0 	0.0 	0.0 	0.0 	9.3736779189	3.10753212866	140.675954907	-29.7927295553	
4.43333333333	0.0	0.0	0.0 	0.0 	144.233333333 	19.0 	0.0 	0.0 	0.0 	-0.0 	19.0 	0.0 	0.0 	0.0 	9.40173954624	3.10753212866	140.681291011	-29.9493343303	
4.45	0.0	0.0	0.0 	0.0 	144.55 	19.0 	0.0 	0.0 	0.0 	-0.0 	19.0 	0.0 	0.0 	0.0 	9.42967229795	3.10753212866	140.686642969	-30.1064043812	
4.46666666667	0.0	0.0	0.0 	0.0 	144.866666667 	19.0 	0.0 	0.0 	0.0 	-0.0 	19.0 	0.0 	0.0 	0.0 	9.45747676592	3.10753212866	140.692010708	-30.2639375712	
4.48333333333	0.0	0.0	0.0 	0.0 	145.183333333 	19.0 	0.0 	0.0 	0.0 	-0.0 	19.0 	0.0 	0.0 	0.0 	9.48515353929	3.10753212866	140.697394156	-30.4219317731	
4.5	0.0	0.0	0.0 	0.0 	145.5 	19.0 	0.0 	0.0 	0.0 	-0.0 	19.0 	0.0 	0.0 	0.0 	9.51270320452	3.10753212866	140.702793239	-30.5803848698	
4.51666666667	0.0	0.0	0.0 	0.0 	145.816666667 	19.0 	0.0 	0.0 	0.0 	-0.0 	19.0 	0.0 	0.0 	0.0 	9.54012634535	3.10753212866	140.708207888	-30.7392947538	
4.53333333333	0.0	0.0	0.0 	0.0 	146.133333333 	19.0 	0.0 	0.0 	0.0 	-0.0 	19.0 	0.0 	0.0 	0.0 	9.56742354288	3.10753212866	140.713638029	-30.8986593271	
4.55	0.0	0.0	0.0 	0.0 	146.45 	19.0 	0.0 	0.0 	0.0 	-0.0 	19.0 	0.0 	0.0 	0.0 	9.5945953755	3.10753212866	140.719083591	-31.0584765017	
4.56666666667	0.0	0.0	0.0 	0.0 	146.766666667 	19.0 	0.0 	0.0 	0.0 	-0.0 	19.0 	0.0 	0.0 	0.0 	9.62164241896	3.10753212866	140.724544505	-31.2187441989	
4.58333333333	0.0	0.0	0.0 	0.0 	147.083333333 	19.0 	0.0 	0.0 	0.0 	-0.0 	19.0 	0.0 	0.0 	0.0 	9.64856524637	3.10753212866	140.7300207	-31.3794603497	
4.6	0.0	0.0	0.0 	0.0 	147.4 	19.0 	0.0 	0.0 	0.0 	-0.0 	19.0 	0.0 	0.0 	0.0 	9.6753644282	3.10753212866	140.735512104	-31.5406228944	
4.61666666667	0.0	0.0	0.0 	0.0 	147.716666667 	19.0 	0.0 	0.0 	0.0 	-0.0 	19.0 	0.0 	0.0 	0.0 	9.70204053231	3.10753212866	140.741018649	-31.7022297829	
4.63333333333	0.0	0.0	0.0 	0.0 	148.033333333 	19.0 	0.0 	0.0 	0.0 	-0.0 	19.0 	0.0 	0.0 	0.0 	9.72859412394	3.10753212866	140.746540265	-31.8642789747	
4.65	0.0	0.0	0.0 	0.0 	148.35 	19.0 	0.0 	0.0 	0.0 	-0.0 	19.0 	0.0 	0.0 	0.0 	9.75502576574	3.10753212866	140.752076883	-32.0267684383	
4.66666666667	0.0	0.0	0.0 	0.0 	148.666666667 	19.0 	0.0 	0.0 	0.0 	-0.0 	19.0 	0.0 	0.0 	0.0 	9.78133601778	3.10753212866	140.757628433	-32.1896961517	
4.68333333333	0.0	0.0	0.0 	0.0 	148.983333333 	19.0 	0.0 	0.0 	0.0 	-0.0 	19.0 	0.0 	0.0 	0.0 	9.80752543755	3.10753212866	140.763194848	-32.3530601023	
4.7	0.0	0.0	0.0 	0.0 	149.3 	19.0 	0.0 	0.0 	0.0 	-0.0 	19.0 	0.0 	0.0 	0.0 	9.83359457998	3.10753212866	140.768776059	-32.5168582867	
4.71666666667	0.0	0.0	0.0 	0.0 	149.616666667 	19.0 	0.0 	0.0 	0.0 	-0.0 	19.0 	0.0 	0.0 	0.0 	9.85954399747	3.10753212866	140.774371997	-32.6810887104	
4.73333333333	0.0	0.0	0.0 	0.0 	149.933333333 	19.0 	0.0 	0.0 	0.0 	-0.0 	19.0 	0.0 	0.0 	0.0 	9.88537423985	3.10753212866	140.779982596	-32.8457493886	
4.75	0.0	0.0	0.0 	0.0 	150.25 	19.0 	0.0 	0.0 	0.0 	-0.0 	19.0 	0.0 	0.0 	0.0 	9.91108585445	3.10753212866	140.785607788	-33.0108383451	
4.76666666667	0.0	0.0	0.0 	0.0 	150.566666667 	19.0 	0.0 	0.0 	0.0 	-0.0 	19.0 	0.0 	0.0 	0.0 	9.93667938608	3.10753212866	140.791247506	-33.176353613	
4.78333333333	0.0	0.0	0.0 	0.0 	150.883333333 	19.0 	0.0 	0.0 	0.0 	-0.0 	19.0 	0.0 	0.0 	0.0 	9.96215537705	3.10753212866	140.796901683	-33.3422932345	
4.8	0.0	0.0	0.0 	0.0 	151.2 	19.0 	0.0 	0.0 	0.0 	-0.0 	19.0 	0.0 	0.0 	0.0 	9.98751436717	3.10753212866	140.802570254	-33.5086552607	
4.81666666667	0.0	0.0	0.0 	0.0 	151.516666667 	19.0 	0.0 	0.0 	0.0 	-0.0 	19.0 	0.0 	0.0 	0.0 	10.0127568938	3.10753212866	140.80825315	-33.6754377517	
4.83333333333	0.0	0.0	0.0 	0.0 	151.833333333 	19.0 	0.0 	0.0 	0.0 	-0.0 	19.0 	0.0 	0.0 	0.0 	10.0378834917	3.10753212866	140.813950308	-33.8426387764	
4.85	0.0	0.0	0.0 	0.0 	152.15 	19.0 	0.0 	0.0 	0.0 	-0.0 	19.0 	0.0 	0.0 	0.0 	10.0628946935	3.10753212866	140.819661662	-34.0102564127	
4.86666666667	0.0	0.0	0.0 	0.0 	152.466666667 	19.0 	0.0 	0.0 	0.0 	-0.0 	19.0 	0.0 	0.0 	0.0 	10.087791029	3.10753212866	140.825387146	-34.1782887473	
4.88333333333	0.0	0.0	0.0 	0.0 	152.783333333 	19.0 	0.0 	0.0 	0.0 	-0.0 	19.0 	0.0 	0.0 	0.0 	10.1125730257	3.10753212866	140.831126695	-34.3467338756	
4.9	0.0	0.0	0.0 	0.0 	153.1 	19.0 	0.0 	0.0 	0.0 	-0.0 	19.0 	0.0 	0.0 	0.0 	10.1372412089	3.10753212866	140.836880245	-34.5155899018	
4.91666666667	0.0	0.0	0.0 	0.0 	153.416666667 	19.0 	0.0 	0.0 	0.0 	-0.0 	19.0 	0.0 	0.0 	0.0 	10.1617961011	3.10753212866	140.842647731	-34.6848549388	
4.93333333333	0.0	0.0	0.0 	0.0 	153.733333333 	19.0 	0.0 	0.0 	0.0 	-0.0 	19.0 	0.0 	0.0 	0.0 	10.1862382227	3.10753212866	140.84842909	-34.8545271083	
4.95	0.0	0.0	0.0 	0.0 	154.05 	19.0 	0.0 	0.0 	0.0 	-0.0 	19.0 	0.0 	0.0 	0.0 	10.2105680916	3.10753212866	140.854224258	-35.0246045404	
4.96666666667	0.0	0.0	0.0 	0.0 	154.366666667 	19.0 	0.0 	0.0 	0.0 	-0.0 	19.0 	0.0 	0.0 	0.0 	10.2347862233	3.10753212866	140.860033171	-35.1950853739	
4.98333333333	0.0	0.0	0.0 	0.0 	154.683333333 	19.0 	0.0 	0.0 	0.0 	-0.0 	19.0 	0.0 	0.0 	0.0 	10.2588931311	3.10753212866	140.865855767	-35.3659677561	
5.0	0.0	0.0	0.0 	0.0 	155.0 	19.0 	0.0 	0.0 	0.0 	-0.0 	19.0 	0.0 	0.0 	0.0 	10.2828893256	3.10753212866	140.871691982	-35.537249843	
5.01666666667	0.0	0.0	0.0 	0.0 	155.316666667 	19.0 	0.0 	0.0 	0.0 	-0.0 	19.0 	0.0 	0.0 	0.0 	10.3067753153	3.10753212866	140.877541753	-35.7089297988	
5.03333333333	0.0	0.0	0.0 	0.0 	155.633333333 	19.0 	0.0 	0.0 	0.0 	-0.0 	19.0 	0.0 	0.0 	0.0 	10.3305516065	3.10753212866	140.88340502	-35.8810057963	
5.05	0.0	0.0	0.0 	0.0 	155.95 	19.0 	0.0 	0.0 	0.0 	-0.0 	19.0 	0.0 	0.0 	0.0 	10.3542187028	3.10753212866	140.889281719	-36.0534760166	
5.06666666667	0.0	0.0	0.0 	0.0 	156.266666667 	19.0 	0.0 	0.0 	0.0 	-0.0 	19.0 	0.0 	0.0 	0.0 	10.3777771058	3.10753212866	140.895171789	-36.2263386493	
5.08333333333	0.0	0.0	0.0 	0.0 	156.583333333 	19.0 	0.0 	0.0 	0.0 	-0.0 	19.0 	0.0 	0.0 	0.0 	10.4012273146	3.10753212866	140.901075168	-36.399591892	
5.1	0.0	0.0	0.0 	0.0 	156.9 	19.0 	0.0 	0.0 	0.0 	-0.0 	19.0 	0.0 	0.0 	0.0 	10.4245698262	3.10753212866	140.906991796	-36.573233951	
5.11666666667	0.0	0.0	0.0 	0.0 	157.216666667 	19.0 	0.0 	0.0 	0.0 	-0.0 	19.0 	0.0 	0.0 	0.0 	10.4478051352	3.10753212866	140.912921611	-36.7472630405	
5.13333333333	0.0	0.0	0.0 	0.0 	157.533333333 	19.0 	0.0 	0.0 	0.0 	-0.0 	19.0 	0.0 	0.0 	0.0 	10.4709337338	3.10753212866	140.918864554	-36.9216773831	
5.15	0.0	0.0	0.0 	0.0 	157.85 	19.0 	0.0 	0.0 	0.0 	-0.0 	19.0 	0.0 	0.0 	0.0 	10.4939561122	3.10753212866	140.924820563	-37.0964752094	
5.16666666667	0.0	0.0	0.0 	0.0 	158.166666667 	19.0 	0.0 	0.0 	0.0 	-0.0 	19.0 	0.0 	0.0 	0.0 	10.5168727582	3.10753212866	140.930789579	-37.2716547583	
5.18333333333	0.0	0.0	0.0 	0.0 	158.483333333 	19.0 	0.0 	0.0 	0.0 	-0.0 	19.0 	0.0 	0.0 	0.0 	10.5396841574	3.10753212866	140.936771542	-37.4472142767	
5.2	0.0	0.0	0.0 	0.0 	158.8 	19.0 	0.0 	0.0 	0.0 	-0.0 	19.0 	0.0 	0.0 	0.0 	10.5623907931	3.10753212866	140.942766392	-37.6231520195	
5.21666666667	0.0	0.0	0.0 	0.0 	159.116666667 	19.0 	0.0 	0.0 	0.0 	-0.0 	19.0 	0.0 	0.0 	0.0 	10.5849931465	3.10753212866	140.948774071	-37.7994662497	
5.23333333333	0.0	0.0	0.0 	0.0 	159.433333333 	19.0 	0.0 	0.0 	0.0 	-0.0 	19.0 	0.0 	0.0 	0.0 	10.6074916965	3.10753212866	140.954794519	-37.9761552382	
5.25	0.0	0.0	0.0 	0.0 	159.75 	19.0 	0.0 	0.0 	0.0 	-0.0 	19.0 	0.0 	0.0 	0.0 	10.6298869198	3.10753212866	140.960827677	-38.153217264	
5.26666666667	0.0	0.0	0.0 	0.0 	160.066666667 	19.0 	0.0 	0.0 	0.0 	-0.0 	19.0 	0.0 	0.0 	0.0 	10.652179291	3.10753212866	140.966873488	-38.3306506138	
5.28333333333	0.0	0.0	0.0 	0.0 	160.383333333 	19.0 	0.0 	0.0 	0.0 	-0.0 	19.0 	0.0 	0.0 	0.0 	10.6743692824	3.10753212866	140.972931894	-38.5084535823	
5.3	0.0	0.0	0.0 	0.0 	160.7 	19.0 	0.0 	0.0 	0.0 	-0.0 	19.0 	0.0 	0.0 	0.0 	10.6964573642	3.10753212866	140.979002836	-38.686624472	
5.31666666667	0.0	0.0	0.0 	0.0 	161.016666667 	19.0 	0.0 	0.0 	0.0 	-0.0 	19.0 	0.0 	0.0 	0.0 	10.7184440045	3.10753212866	140.985086257	-38.8651615932	
5.33333333333	0.0	0.0	0.0 	0.0 	161.333333333 	19.0 	0.0 	0.0 	0.0 	-0.0 	19.0 	0.0 	0.0 	0.0 	10.7403296691	3.10753212866	140.991182099	-39.0440632638	
5.35	0.0	0.0	0.0 	0.0 	161.65 	19.0 	0.0 	0.0 	0.0 	-0.0 	19.0 	0.0 	0.0 	0.0 	10.7621148217	3.10753212866	140.997290306	-39.2233278097	
5.36666666667	0.0	0.0	0.0 	0.0 	161.966666667 	19.0 	0.0 	0.0 	0.0 	-0.0 	19.0 	0.0 	0.0 	0.0 	10.783799924	3.10753212866	141.00341082	-39.4029535644	
5.38333333333	0.0	0.0	0.0 	0.0 	162.283333333 	19.0 	0.0 	0.0 	0.0 	-0.0 	19.0 	0.0 	0.0 	0.0 	10.8053854355	3.10753212866	141.009543586	-39.582938869	
5.4	0.0	0.0	0.0 	0.0 	162.6 	19.0 	0.0 	0.0 	0.0 	-0.0 	19.0 	0.0 	0.0 	0.0 	10.8268718135	3.10753212866	141.015688547	-39.7632820721	
5.41666666667	0.0	0.0	0.0 	0.0 	162.916666667 	19.0 	0.0 	0.0 	0.0 	-0.0 	19.0 	0.0 	0.0 	0.0 	10.8482595133	3.10753212866	141.021845646	-39.9439815302	
5.43333333333	0.0	0.0	0.0 	0.0 	163.233333333 	19.0 	0.0 	0.0 	0.0 	-0.0 	19.0 	0.0 	0.0 	0.0 	10.8695489881	3.10753212866	141.028014829	-40.125035607	
5.45	0.0	0.0	0.0 	0.0 	163.55 	19.0 	0.0 	0.0 	0.0 	-0.0 	19.0 	0.0 	0.0 	0.0 	10.890740689	3.10753212866	141.034196039	-40.306442674	
5.46666666667	0.0	0.0	0.0 	0.0 	163.866666667 	19.0 	0.0 	0.0 	0.0 	-0.0 	19.0 	0.0 	0.0 	0.0 	10.9118350651	3.10753212866	141.040389222	-40.4882011101	
5.48333333333	0.0	0.0	0.0 	0.0 	164.183333333 	19.0 	0.0 	0.0 	0.0 	-0.0 	19.0 	0.0 	0.0 	0.0 	10.9328325634	3.10753212866	141.046594322	-40.6703093014	
5.5	0.0	0.0	0.0 	0.0 	164.5 	19.0 	0.0 	0.0 	0.0 	-0.0 	19.0 	0.0 	0.0 	0.0 	10.9537336286	3.10753212866	141.052811286	-40.8527656418	
5.51666666667	0.0	0.0	0.0 	0.0 	164.816666667 	19.0 	0.0 	0.0 	0.0 	-0.0 	19.0 	0.0 	0.0 	0.0 	10.9745387038	3.10753212866	141.059040057	-41.0355685323	
5.53333333333	0.0	0.0	0.0 	0.0 	165.133333333 	19.0 	0.0 	0.0 	0.0 	-0.0 	19.0 	0.0 	0.0 	0.0 	10.9952482298	3.10753212866	141.065280582	-41.2187163814	
5.55	0.0	0.0	0.0 	0.0 	165.45 	19.0 	0.0 	0.0 	0.0 	-0.0 	19.0 	0.0 	0.0 	0.0 	11.0158626453	3.10753212866	141.071532808	-41.4022076049	
5.56666666667	0.0	0.0	0.0 	0.0 	165.766666667 	19.0 	0.0 	0.0 	0.0 	-0.0 	19.0 	0.0 	0.0 	0.0 	11.0363823872	3.10753212866	141.077796679	-41.5860406256	
5.58333333333	0.0	0.0	0.0 	0.0 	166.083333333 	19.0 	0.0 	0.0 	0.0 	-0.0 	19.0 	0.0 	0.0 	0.0 	11.0568078903	3.10753212866	141.084072144	-41.770213874	
5.6	0.0	0.0	0.0 	0.0 	166.4 	19.0 	0.0 	0.0 	0.0 	-0.0 	19.0 	0.0 	0.0 	0.0 	11.0771395874	3.10753212866	141.090359148	-41.9547257874	
5.61666666667	0.0	0.0	0.0 	0.0 	166.716666667 	19.0 	0.0 	0.0 	0.0 	-0.0 	19.0 	0.0 	0.0 	0.0 	11.0973779093	3.10753212866	141.096657638	-42.1395748106	
5.63333333333	0.0	0.0	0.0 	0.0 	167.033333333 	19.0 	0.0 	0.0 	0.0 	-0.0 	19.0 	0.0 	0.0 	0.0 	11.1175232849	3.10753212866	141.102967563	-42.3247593953	
5.65	0.0	0.0	0.0 	0.0 	167.35 	19.0 	0.0 	0.0 	0.0 	-0.0 	19.0 	0.0 	0.0 	0.0 	11.1375761409	3.10753212866	141.109288868	-42.5102780004	
5.66666666667	0.0	0.0	0.0 	0.0 	167.666666667 	19.0 	0.0 	0.0 	0.0 	-0.0 	19.0 	0.0 	0.0 	0.0 	11.1575369023	3.10753212866	141.115621503	-42.6961290919	
5.68333333333	0.0	0.0	0.0 	0.0 	167.983333333 	19.0 	0.0 	0.0 	0.0 	-0.0 	19.0 	0.0 	0.0 	0.0 	11.1774059921	3.10753212866	141.121965415	-42.8823111428	
5.7	0.0	0.0	0.0 	0.0 	168.3 	19.0 	0.0 	0.0 	0.0 	-0.0 	19.0 	0.0 	0.0 	0.0 	11.1971838312	3.10753212866	141.128320552	-43.0688226332	
5.71666666667	0.0	0.0	0.0 	0.0 	168.616666667 	19.0 	0.0 	0.0 	0.0 	-0.0 	19.0 	0.0 	0.0 	0.0 	11.2168708388	3.10753212866	141.134686863	-43.2556620501	
5.73333333333	0.0	0.0	0.0 	0.0 	168.933333333 	19.0 	0.0 	0.0 	0.0 	-0.0 	19.0 	0.0 	0.0 	0.0 	11.236467432	3.10753212866	141.141064296	-43.4428278875	
5.75	0.0	0.0	0.0 	0.0 	169.25 	19.0 	0.0 	0.0 	0.0 	-0.0 	19.0 	0.0 	0.0 	0.0 	11.255974026	3.10753212866	141.1474528	-43.6303186462	
5.76666666667	0.0	0.0	0.0 	0.0 	169.566666667 	19.0 	0.0 	0.0 	0.0 	-0.0 	19.0 	0.0 	0.0 	0.0 	11.2753910342	3.10753212866	141.153852325	-43.8181328339	
5.78333333333	0.0	0.0	0.0 	0.0 	169.883333333 	19.0 	0.0 	0.0 	0.0 	-0.0 	19.0 	0.0 	0.0 	0.0 	11.294718868	3.10753212866	141.16026282	-44.0062689654	
5.8	0.0	0.0	0.0 	0.0 	170.2 	19.0 	0.0 	0.0 	0.0 	-0.0 	19.0 	0.0 	0.0 	0.0 	11.3139579369	3.10753212866	141.166684234	-44.1947255621	
5.81666666667	0.0	0.0	0.0 	0.0 	170.516666667 	19.0 	0.0 	0.0 	0.0 	-0.0 	19.0 	0.0 	0.0 	0.0 	11.3331086486	3.10753212866	141.173116517	-44.3835011522	
5.83333333333	0.0	0.0	0.0 	0.0 	170.833333333 	19.0 	0.0 	0.0 	0.0 	-0.0 	19.0 	0.0 	0.0 	0.0 	11.3521714089	3.10753212866	141.179559619	-44.5725942707	
5.85	0.0	0.0	0.0 	0.0 	171.15 	19.0 	0.0 	0.0 	0.0 	-0.0 	19.0 	0.0 	0.0 	0.0 	11.3711466216	3.10753212866	141.186013492	-44.7620034593	
5.86666666667	0.0	0.0	0.0 	0.0 	171.466666667 	19.0 	0.0 	0.0 	0.0 	-0.0 	19.0 	0.0 	0.0 	0.0 	11.390034689	3.10753212866	141.192478084	-44.9517272664	
5.88333333333	0.0	0.0	0.0 	0.0 	171.783333333 	19.0 	0.0 	0.0 	0.0 	-0.0 	19.0 	0.0 	0.0 	0.0 	11.4088360112	3.10753212866	141.198953348	-45.1417642471	
5.9	0.0	0.0	0.0 	0.0 	172.1 	19.0 	0.0 	0.0 	0.0 	-0.0 	19.0 	0.0 	0.0 	0.0 	11.4275509865	3.10753212866	141.205439233	-45.3321129632	
5.91666666667	0.0	0.0	0.0 	0.0 	172.416666667 	19.0 	0.0 	0.0 	0.0 	-0.0 	19.0 	0.0 	0.0 	0.0 	11.4461800116	3.10753212866	141.211935692	-45.522771983	
5.93333333333	0.0	0.0	0.0 	0.0 	172.733333333 	19.0 	0.0 	0.0 	0.0 	-0.0 	19.0 	0.0 	0.0 	0.0 	11.4647234812	3.10753212866	141.218442676	-45.7137398813	
5.95	0.0	0.0	0.0 	0.0 	173.05 	19.0 	0.0 	0.0 	0.0 	-0.0 	19.0 	0.0 	0.0 	0.0 	11.4831817882	3.10753212866	141.224960135	-45.9050152397	
5.96666666667	0.0	0.0	0.0 	0.0 	173.366666667 	19.0 	0.0 	0.0 	0.0 	-0.0 	19.0 	0.0 	0.0 	0.0 	11.5015553237	3.10753212866	141.231488023	-46.096596646	
5.98333333333	0.0	0.0	0.0 	0.0 	173.683333333 	19.0 	0.0 	0.0 	0.0 	-0.0 	19.0 	0.0 	0.0 	0.0 	11.519844477	3.10753212866	141.238026291	-46.2884826948	
6.0	0.0	0.0	0.0 	0.0 	174.0 	19.0 	0.0 	0.0 	0.0 	-0.0 	19.0 	0.0 	0.0 	0.0 	11.5380496357	3.10753212866	141.244574892	-46.4806719869	
6.01666666667	0.0	0.0	0.0 	0.0 	174.316666667 	19.0 	0.0 	0.0 	0.0 	-0.0 	19.0 	0.0 	0.0 	0.0 	11.5561711855	3.10753212866	141.251133778	-46.6731631296	
6.03333333333	0.0	0.0	0.0 	0.0 	174.633333333 	19.0 	0.0 	0.0 	0.0 	-0.0 	19.0 	0.0 	0.0 	0.0 	11.5742095105	3.10753212866	141.257702902	-46.8659547368	
6.05	0.0	0.0	0.0 	0.0 	174.95 	19.0 	0.0 	0.0 	0.0 	-0.0 	19.0 	0.0 	0.0 	0.0 	11.5921649927	3.10753212866	141.264282216	-47.0590454283	
6.06666666667	0.0	0.0	0.0 	0.0 	175.266666667 	19.0 	0.0 	0.0 	0.0 	-0.0 	19.0 	0.0 	0.0 	0.0 	11.6100380127	3.10753212866	141.270871675	-47.2524338308	
6.08333333333	0.0	0.0	0.0 	0.0 	175.583333333 	19.0 	0.0 	0.0 	0.0 	-0.0 	19.0 	0.0 	0.0 	0.0 	11.6278289493	3.10753212866	141.277471232	-47.4461185769	
6.1	0.0	0.0	0.0 	0.0 	175.9 	19.0 	0.0 	0.0 	0.0 	-0.0 	19.0 	0.0 	0.0 	0.0 	11.6455381793	3.10753212866	141.284080839	-47.6400983057	
6.11666666667	0.0	0.0	0.0 	0.0 	176.216666667 	19.0 	0.0 	0.0 	0.0 	-0.0 	19.0 	0.0 	0.0 	0.0 	11.663166078	3.10753212866	141.290700452	-47.8343716623	
6.13333333333	0.0	0.0	0.0 	0.0 	176.533333333 	19.0 	0.0 	0.0 	0.0 	-0.0 	19.0 	0.0 	0.0 	0.0 	11.680713019	3.10753212866	141.297330023	-48.0289372984	
6.15	0.0	0.0	0.0 	0.0 	176.85 	19.0 	0.0 	0.0 	0.0 	-0.0 	19.0 	0.0 	0.0 	0.0 	11.698179374	3.10753212866	141.303969508	-48.2237938715	
6.16666666667	0.0	0.0	0.0 	0.0 	177.166666667 	19.0 	0.0 	0.0 	0.0 	-0.0 	19.0 	0.0 	0.0 	0.0 	11.7155655132	3.10753212866	141.310618861	-48.4189400456	
6.18333333333	0.0	0.0	0.0 	0.0 	177.483333333 	19.0 	0.0 	0.0 	0.0 	-0.0 	19.0 	0.0 	0.0 	0.0 	11.7328718049	3.10753212866	141.317278036	-48.6143744905	
6.2	0.0	0.0	0.0 	0.0 	177.8 	19.0 	0.0 	0.0 	0.0 	-0.0 	19.0 	0.0 	0.0 	0.0 	11.7500986159	3.10753212866	141.323946989	-48.8100958825	
6.21666666667	0.0	0.0	0.0 	0.0 	178.116666667 	19.0 	0.0 	0.0 	0.0 	-0.0 	19.0 	0.0 	0.0 	0.0 	11.7672463111	3.10753212866	141.330625674	-49.0061029036	
6.23333333333	0.0	0.0	0.0 	0.0 	178.433333333 	19.0 	0.0 	0.0 	0.0 	-0.0 	19.0 	0.0 	0.0 	0.0 	11.784315254	3.10753212866	141.337314046	-49.202394242	
6.25	0.0	0.0	0.0 	0.0 	178.75 	19.0 	0.0 	0.0 	0.0 	-0.0 	19.0 	0.0 	0.0 	0.0 	11.8013058061	3.10753212866	141.344012062	-49.3989685921	
6.26666666667	0.0	0.0	0.0 	0.0 	179.066666667 	19.0 	0.0 	0.0 	0.0 	-0.0 	19.0 	0.0 	0.0 	0.0 	11.8182183276	3.10753212866	141.350719677	-49.5958246541	
6.28333333333	0.0	0.0	0.0 	0.0 	179.383333333 	19.0 	0.0 	0.0 	0.0 	-0.0 	19.0 	0.0 	0.0 	0.0 	11.8350531768	3.10753212866	141.357436847	-49.7929611342	
6.3	0.0	0.0	0.0 	0.0 	179.7 	19.0 	0.0 	0.0 	0.0 	-0.0 	19.0 	0.0 	0.0 	0.0 	11.8518107104	3.10753212866	141.364163528	-49.9903767445	
6.31666666667	0.0	0.0	0.0 	0.0 	180.016666667 	19.0 	0.0 	0.0 	0.0 	-0.0 	19.0 	0.0 	0.0 	0.0 	11.8684912834	3.10753212866	141.370899676	-50.1880702031	
6.33333333333	0.0	0.0	0.0 	0.0 	180.333333333 	19.0 	0.0 	0.0 	0.0 	-0.0 	19.0 	0.0 	0.0 	0.0 	11.8850952493	3.10753212866	141.377645248	-50.3860402339	
6.35	0.0	0.0	0.0 	0.0 	180.65 	19.0 	0.0 	0.0 	0.0 	-0.0 	19.0 	0.0 	0.0 	0.0 	11.90162296	3.10753212866	141.3844002	-50.5842855668	
6.36666666667	0.0	0.0	0.0 	0.0 	180.966666667 	19.0 	0.0 	0.0 	0.0 	-0.0 	19.0 	0.0 	0.0 	0.0 	11.9180747657	3.10753212866	141.39116449	-50.7828049375	
6.38333333333	0.0	0.0	0.0 	0.0 	181.283333333 	19.0 	0.0 	0.0 	0.0 	-0.0 	19.0 	0.0 	0.0 	0.0 	11.9344510149	3.10753212866	141.397938075	-50.9815970873	
6.4	0.0	0.0	0.0 	0.0 	181.6 	19.0 	0.0 	0.0 	0.0 	-0.0 	19.0 	0.0 	0.0 	0.0 	11.9507520547	3.10753212866	141.404720911	-51.1806607636	
6.41666666667	0.0	0.0	0.0 	0.0 	181.916666667 	19.0 	0.0 	0.0 	0.0 	-0.0 	19.0 	0.0 	0.0 	0.0 	11.9669782305	3.10753212866	141.411512957	-51.3799947193	
6.43333333333	0.0	0.0	0.0 	0.0 	182.233333333 	19.0 	0.0 	0.0 	0.0 	-0.0 	19.0 	0.0 	0.0 	0.0 	11.983129886	3.10753212866	141.41831417	-51.5795977131	
6.45	0.0	0.0	0.0 	0.0 	182.55 	19.0 	0.0 	0.0 	0.0 	-0.0 	19.0 	0.0 	0.0 	0.0 	11.9992073636	3.10753212866	141.425124508	-51.7794685094	
6.46666666667	0.0	0.0	0.0 	0.0 	182.866666667 	19.0 	0.0 	0.0 	0.0 	-0.0 	19.0 	0.0 	0.0 	0.0 	12.0152110038	3.10753212866	141.431943929	-51.9796058784	
6.48333333333	0.0	0.0	0.0 	0.0 	183.183333333 	19.0 	0.0 	0.0 	0.0 	-0.0 	19.0 	0.0 	0.0 	0.0 	12.0311411459	3.10753212866	141.438772392	-52.1800085957	
6.5	0.0	0.0	0.0 	0.0 	183.5 	19.0 	0.0 	0.0 	0.0 	-0.0 	19.0 	0.0 	0.0 	0.0 	12.0469981273	3.10753212866	141.445609854	-52.3806754428	
6.51666666667	0.0	0.0	0.0 	0.0 	183.816666667 	19.0 	0.0 	0.0 	0.0 	-0.0 	19.0 	0.0 	0.0 	0.0 	12.062782284	3.10753212866	141.452456275	-52.5816052066	
6.53333333333	0.0	0.0	0.0 	0.0 	184.133333333 	19.0 	0.0 	0.0 	0.0 	-0.0 	19.0 	0.0 	0.0 	0.0 	12.0784939506	3.10753212866	141.459311614	-52.7827966796	
6.55	0.0	0.0	0.0 	0.0 	184.45 	19.0 	0.0 	0.0 	0.0 	-0.0 	19.0 	0.0 	0.0 	0.0 	12.0941334598	3.10753212866	141.466175828	-52.9842486599	
6.56666666667	0.0	0.0	0.0 	0.0 	184.766666667 	19.0 	0.0 	0.0 	0.0 	-0.0 	19.0 	0.0 	0.0 	0.0 	12.1097011432	3.10753212866	141.473048879	-53.1859599511	
6.58333333333	0.0	0.0	0.0 	0.0 	185.083333333 	19.0 	0.0 	0.0 	0.0 	-0.0 	19.0 	0.0 	0.0 	0.0 	12.1251973306	3.10753212866	141.479930725	-53.3879293623	
6.6	0.0	0.0	0.0 	0.0 	185.4 	19.0 	0.0 	0.0 	0.0 	-0.0 	19.0 	0.0 	0.0 	0.0 	12.1406223502	3.10753212866	141.486821325	-53.5901557081	
6.61666666667	0.0	0.0	0.0 	0.0 	185.716666667 	19.0 	0.0 	0.0 	0.0 	-0.0 	19.0 	0.0 	0.0 	0.0 	12.1559765291	3.10753212866	141.49372064	-53.7926378084	
6.63333333333	0.0	0.0	0.0 	0.0 	186.033333333 	19.0 	0.0 	0.0 	0.0 	-0.0 	19.0 	0.0 	0.0 	0.0 	12.1712601924	3.10753212866	141.500628629	-53.9953744887	
6.65	0.0	0.0	0.0 	0.0 	186.35 	19.0 	0.0 	0.0 	0.0 	-0.0 	19.0 	0.0 	0.0 	0.0 	12.1864736641	3.10753212866	141.507545253	-54.1983645798	
6.66666666667	0.0	0.0	0.0 	0.0 	186.666666667 	19.0 	0.0 	0.0 	0.0 	-0.0 	19.0 	0.0 	0.0 	0.0 	12.2016172665	3.10753212866	141.514470472	-54.4016069178	
6.68333333333	0.0	0.0	0.0 	0.0 	186.983333333 	19.0 	0.0 	0.0 	0.0 	-0.0 	19.0 	0.0 	0.0 	0.0 	12.2166913206	3.10753212866	141.521404246	-54.6051003444	
6.7	0.0	0.0	0.0 	0.0 	187.3 	19.0 	0.0 	0.0 	0.0 	-0.0 	19.0 	0.0 	0.0 	0.0 	12.2316961456	3.10753212866	141.528346537	-54.8088437064	
6.71666666667	0.0	0.0	0.0 	0.0 	187.616666667 	19.0 	0.0 	0.0 	0.0 	-0.0 	19.0 	0.0 	0.0 	0.0 	12.2466320596	3.10753212866	141.535297305	-55.0128358559	
6.73333333333	0.0	0.0	0.0 	0.0 	187.933333333 	19.0 	0.0 	0.0 	0.0 	-0.0 	19.0 	0.0 	0.0 	0.0 	12.2614993791	3.10753212866	141.542256511	-55.2170756503	
6.75	0.0	0.0	0.0 	0.0 	188.25 	19.0 	0.0 	0.0 	0.0 	-0.0 	19.0 	0.0 	0.0 	0.0 	12.2762984189	3.10753212866	141.549224116	-55.4215619523	
6.76666666667	0.0	0.0	0.0 	0.0 	188.566666667 	19.0 	0.0 	0.0 	0.0 	-0.0 	19.0 	0.0 	0.0 	0.0 	12.2910294929	3.10753212866	141.556200083	-55.6262936299	
6.78333333333	0.0	0.0	0.0 	0.0 	188.883333333 	19.0 	0.0 	0.0 	0.0 	-0.0 	19.0 	0.0 	0.0 	0.0 	12.305692913	3.10753212866	141.563184371	-55.831269556	
6.8	0.0	0.0	0.0 	0.0 	189.2 	19.0 	0.0 	0.0 	0.0 	-0.0 	19.0 	0.0 	0.0 	0.0 	12.32028899	3.10753212866	141.570176944	-56.0364886089	
6.81666666667	0.0	0.0	0.0 	0.0 	189.516666667 	19.0 	0.0 	0.0 	0.0 	-0.0 	19.0 	0.0 	0.0 	0.0 	12.3348180331	3.10753212866	141.577177763	-56.2419496722	
6.83333333333	0.0	0.0	0.0 	0.0 	189.833333333 	19.0 	0.0 	0.0 	0.0 	-0.0 	19.0 	0.0 	0.0 	0.0 	12.3492803503	3.10753212866	141.584186791	-56.4476516342	
6.85	0.0	0.0	0.0 	0.0 	190.15 	19.0 	0.0 	0.0 	0.0 	-0.0 	19.0 	0.0 	0.0 	0.0 	12.363676248	3.10753212866	141.591203989	-56.6535933887	
6.86666666667	0.0	0.0	0.0 	0.0 	190.466666667 	19.0 	0.0 	0.0 	0.0 	-0.0 	19.0 	0.0 	0.0 	0.0 	12.3780060311	3.10753212866	141.59822932	-56.8597738345	
6.88333333333	0.0	0.0	0.0 	0.0 	190.783333333 	19.0 	0.0 	0.0 	0.0 	-0.0 	19.0 	0.0 	0.0 	0.0 	12.3922700034	3.10753212866	141.605262747	-57.0661918752	
6.9	0.0	0.0	0.0 	0.0 	191.1 	19.0 	0.0 	0.0 	0.0 	-0.0 	19.0 	0.0 	0.0 	0.0 	12.4064684671	3.10753212866	141.612304233	-57.2728464197	
6.91666666667	0.0	0.0	0.0 	0.0 	191.416666667 	19.0 	0.0 	0.0 	0.0 	-0.0 	19.0 	0.0 	0.0 	0.0 	12.420601723	3.10753212866	141.61935374	-57.4797363818	
6.93333333333	0.0	0.0	0.0 	0.0 	191.733333333 	19.0 	0.0 	0.0 	0.0 	-0.0 	19.0 	0.0 	0.0 	0.0 	12.4346700707	3.10753212866	141.626411231	-57.6868606805	
6.95	0.0	0.0	0.0 	0.0 	192.05 	19.0 	0.0 	0.0 	0.0 	-0.0 	19.0 	0.0 	0.0 	0.0 	12.4486738081	3.10753212866	141.633476671	-57.8942182393	
6.96666666667	0.0	0.0	0.0 	0.0 	192.366666667 	19.0 	0.0 	0.0 	0.0 	-0.0 	19.0 	0.0 	0.0 	0.0 	12.4626132321	3.10753212866	141.640550022	-58.1018079872	
6.98333333333	0.0	0.0	0.0 	0.0 	192.683333333 	19.0 	0.0 	0.0 	0.0 	-0.0 	19.0 	0.0 	0.0 	0.0 	12.476488638	3.10753212866	141.647631249	-58.3096288577	
7.0	0.0	0.0	0.0 	0.0 	193.0 	19.0 	0.0 	0.0 	0.0 	-0.0 	19.0 	0.0 	0.0 	0.0 	12.4903003198	3.10753212866	141.654720314	-58.5176797894	
7.01666666667	0.0	0.0	0.0 	0.0 	193.316666667 	19.0 	0.0 	0.0 	0.0 	-0.0 	19.0 	0.0 	0.0 	0.0 	12.5040485702	3.10753212866	141.661817183	-58.7259597256	
7.03333333333	0.0	0.0	0.0 	0.0 	193.633333333 	19.0 	0.0 	0.0 	0.0 	-0.0 	19.0 	0.0 	0.0 	0.0 	12.5177336805	3.10753212866	141.668921819	-58.9344676148	
7.05	0.0	0.0	0.0 	0.0 	193.95 	19.0 	0.0 	0.0 	0.0 	-0.0 	19.0 	0.0 	0.0 	0.0 	12.5313559406	3.10753212866	141.676034186	-59.14320241	
7.06666666667	0.0	0.0	0.0 	0.0 	194.266666667 	19.0 	0.0 	0.0 	0.0 	-0.0 	19.0 	0.0 	0.0 	0.0 	12.5449156393	3.10753212866	141.683154249	-59.352163069	
7.08333333333	0.0	0.0	0.0 	0.0 	194.583333333 	19.0 	0.0 	0.0 	0.0 	-0.0 	19.0 	0.0 	0.0 	0.0 	12.5584130637	3.10753212866	141.690281973	-59.5613485547	
7.1	0.0	0.0	0.0 	0.0 	194.9 	19.0 	0.0 	0.0 	0.0 	-0.0 	19.0 	0.0 	0.0 	0.0 	12.5718485	3.10753212866	141.697417323	-59.7707578344	
7.11666666667	0.0	0.0	0.0 	0.0 	195.216666667 	19.0 	0.0 	0.0 	0.0 	-0.0 	19.0 	0.0 	0.0 	0.0 	12.5852222328	3.10753212866	141.704560263	-59.9803898803	
7.13333333333	0.0	0.0	0.0 	0.0 	195.533333333 	19.0 	0.0 	0.0 	0.0 	-0.0 	19.0 	0.0 	0.0 	0.0 	12.5985345456	3.10753212866	141.711710758	-60.1902436695	
7.15	0.0	0.0	0.0 	0.0 	195.85 	19.0 	0.0 	0.0 	0.0 	-0.0 	19.0 	0.0 	0.0 	0.0 	12.6117857202	3.10753212866	141.718868775	-60.4003181835	
7.16666666667	0.0	0.0	0.0 	0.0 	196.166666667 	19.0 	0.0 	0.0 	0.0 	-0.0 	19.0 	0.0 	0.0 	0.0 	12.6249760377	3.10753212866	141.726034278	-60.6106124086	
7.18333333333	0.0	0.0	0.0 	0.0 	196.483333333 	19.0 	0.0 	0.0 	0.0 	-0.0 	19.0 	0.0 	0.0 	0.0 	12.6381057773	3.10753212866	141.733207233	-60.8211253358	
7.2	0.0	0.0	0.0 	0.0 	196.8 	19.0 	0.0 	0.0 	0.0 	-0.0 	19.0 	0.0 	0.0 	0.0 	12.6511752175	3.10753212866	141.740387605	-61.0318559606	
7.21666666667	0.0	0.0	0.0 	0.0 	197.116666667 	19.0 	0.0 	0.0 	0.0 	-0.0 	19.0 	0.0 	0.0 	0.0 	12.664184635	3.10753212866	141.747575362	-61.2428032833	
7.23333333333	0.0	0.0	0.0 	0.0 	197.433333333 	19.0 	0.0 	0.0 	0.0 	-0.0 	19.0 	0.0 	0.0 	0.0 	12.6771343056	3.10753212866	141.754770468	-61.4539663087	
7.25	0.0	0.0	0.0 	0.0 	197.75 	19.0 	0.0 	0.0 	0.0 	-0.0 	19.0 	0.0 	0.0 	0.0 	12.6900245036	3.10753212866	141.76197289	-61.6653440461	
7.26666666667	0.0	0.0	0.0 	0.0 	198.066666667 	19.0 	0.0 	0.0 	0.0 	-0.0 	19.0 	0.0 	0.0 	0.0 	12.7028555021	3.10753212866	141.769182594	-61.8769355094	
7.28333333333	0.0	0.0	0.0 	0.0 	198.383333333 	19.0 	0.0 	0.0 	0.0 	-0.0 	19.0 	0.0 	0.0 	0.0 	12.7156275732	3.10753212866	141.776399548	-62.0887397171	
7.3	0.0	0.0	0.0 	0.0 	198.7 	19.0 	0.0 	0.0 	0.0 	-0.0 	19.0 	0.0 	0.0 	0.0 	12.7283409873	3.10753212866	141.783623717	-62.3007556922	
7.31666666667	0.0	0.0	0.0 	0.0 	199.016666667 	19.0 	0.0 	0.0 	0.0 	-0.0 	19.0 	0.0 	0.0 	0.0 	12.7409960139	3.10753212866	141.790855069	-62.512982462	
7.33333333333	0.0	0.0	0.0 	0.0 	199.333333333 	19.0 	0.0 	0.0 	0.0 	-0.0 	19.0 	0.0 	0.0 	0.0 	12.7535929211	3.10753212866	141.79809357	-62.7254190586	
7.35	0.0	0.0	0.0 	0.0 	199.65 	19.0 	0.0 	0.0 	0.0 	-0.0 	19.0 	0.0 	0.0 	0.0 	12.7661319758	3.10753212866	141.805339188	-62.9380645181	
7.36666666667	0.0	0.0	0.0 	0.0 	199.966666667 	19.0 	0.0 	0.0 	0.0 	-0.0 	19.0 	0.0 	0.0 	0.0 	12.7786134437	3.10753212866	141.812591891	-63.1509178815	
7.38333333333	0.0	0.0	0.0 	0.0 	200.283333333 	19.0 	0.0 	0.0 	0.0 	-0.0 	19.0 	0.0 	0.0 	0.0 	12.7910375894	3.10753212866	141.819851644	-63.3639781938	
7.4	0.0	0.0	0.0 	0.0 	200.6 	19.0 	0.0 	0.0 	0.0 	-0.0 	19.0 	0.0 	0.0 	0.0 	12.803404676	3.10753212866	141.827118417	-63.5772445047	
7.41666666667	0.0	0.0	0.0 	0.0 	200.916666667 	19.0 	0.0 	0.0 	0.0 	-0.0 	19.0 	0.0 	0.0 	0.0 	12.8157149657	3.10753212866	141.834392177	-63.7907158682	
7.43333333333	0.0	0.0	0.0 	0.0 	201.233333333 	19.0 	0.0 	0.0 	0.0 	-0.0 	19.0 	0.0 	0.0 	0.0 	12.8279687192	3.10753212866	141.841672891	-64.0043913423	
7.45	0.0	0.0	0.0 	0.0 	201.55 	19.0 	0.0 	0.0 	0.0 	-0.0 	19.0 	0.0 	0.0 	0.0 	12.8401661962	3.10753212866	141.848960529	-64.2182699899	
7.46666666667	0.0	0.0	0.0 	0.0 	201.866666667 	19.0 	0.0 	0.0 	0.0 	-0.0 	19.0 	0.0 	0.0 	0.0 	12.8523076551	3.10753212866	141.856255057	-64.4323508777	
7.48333333333	0.0	0.0	0.0 	0.0 	202.183333333 	19.0 	0.0 	0.0 	0.0 	-0.0 	19.0 	0.0 	0.0 	0.0 	12.8643933533	3.10753212866	141.863556445	-64.6466330771	
7.5	0.0	0.0	0.0 	0.0 	202.5 	19.0 	0.0 	0.0 	0.0 	-0.0 	19.0 	0.0 	0.0 	0.0 	12.8764235468	3.10753212866	141.870864661	-64.8611156633	
7.51666666667	0.0	0.0	0.0 	0.0 	202.816666667 	19.0 	0.0 	0.0 	0.0 	-0.0 	19.0 	0.0 	0.0 	0.0 	12.8883984905	3.10753212866	141.878179673	-65.0757977162	
7.53333333333	0.0	0.0	0.0 	0.0 	203.133333333 	19.0 	0.0 	0.0 	0.0 	-0.0 	19.0 	0.0 	0.0 	0.0 	12.9003184382	3.10753212866	141.885501451	-65.2906783196	
7.55	0.0	0.0	0.0 	0.0 	203.45 	19.0 	0.0 	0.0 	0.0 	-0.0 	19.0 	0.0 	0.0 	0.0 	12.9121836424	3.10753212866	141.892829963	-65.5057565618	
7.56666666667	0.0	0.0	0.0 	0.0 	203.766666667 	19.0 	0.0 	0.0 	0.0 	-0.0 	19.0 	0.0 	0.0 	0.0 	12.9239943545	3.10753212866	141.900165179	-65.721031535	
7.58333333333	0.0	0.0	0.0 	0.0 	204.083333333 	19.0 	0.0 	0.0 	0.0 	-0.0 	19.0 	0.0 	0.0 	0.0 	12.9357508249	3.10753212866	141.907507067	-65.9365023357	
7.6	0.0	0.0	0.0 	0.0 	204.4 	19.0 	0.0 	0.0 	0.0 	-0.0 	19.0 	0.0 	0.0 	0.0 	12.9474533026	3.10753212866	141.914855596	-66.1521680646	
7.61666666667	0.0	0.0	0.0 	0.0 	204.716666667 	19.0 	0.0 	0.0 	0.0 	-0.0 	19.0 	0.0 	0.0 	0.0 	12.9591020356	3.10753212866	141.922210738	-66.3680278264	
7.63333333333	0.0	0.0	0.0 	0.0 	205.033333333 	19.0 	0.0 	0.0 	0.0 	-0.0 	19.0 	0.0 	0.0 	0.0 	12.9706972707	3.10753212866	141.92957246	-66.5840807301	
7.65	0.0	0.0	0.0 	0.0 	205.35 	19.0 	0.0 	0.0 	0.0 	-0.0 	19.0 	0.0 	0.0 	0.0 	12.9822392536	3.10753212866	141.936940733	-66.8003258885	
7.66666666667	0.0	0.0	0.0 	0.0 	205.666666667 	19.0 	0.0 	0.0 	0.0 	-0.0 	19.0 	0.0 	0.0 	0.0 	12.9937282289	3.10753212866	141.944315527	-67.0167624189	
7.68333333333	0.0	0.0	0.0 	0.0 	205.983333333 	19.0 	0.0 	0.0 	0.0 	-0.0 	19.0 	0.0 	0.0 	0.0 	13.00516444	3.10753212866	141.951696812	-67.2333894422	
7.7	0.0	0.0	0.0 	0.0 	206.3 	19.0 	0.0 	0.0 	0.0 	-0.0 	19.0 	0.0 	0.0 	0.0 	13.0165481292	3.10753212866	141.959084558	-67.4502060836	
7.71666666667	0.0	0.0	0.0 	0.0 	206.616666667 	19.0 	0.0 	0.0 	0.0 	-0.0 	19.0 	0.0 	0.0 	0.0 	13.0278795378	3.10753212866	141.966478735	-67.6672114722	
7.73333333333	0.0	0.0	0.0 	0.0 	206.933333333 	19.0 	0.0 	0.0 	0.0 	-0.0 	19.0 	0.0 	0.0 	0.0 	13.0391589058	3.10753212866	141.973879314	-67.8844047414	
7.75	0.0	0.0	0.0 	0.0 	207.25 	19.0 	0.0 	0.0 	0.0 	-0.0 	19.0 	0.0 	0.0 	0.0 	13.0503864723	3.10753212866	141.981286265	-68.101785028	
7.76666666667	0.0	0.0	0.0 	0.0 	207.566666667 	19.0 	0.0 	0.0 	0.0 	-0.0 	19.0 	0.0 	0.0 	0.0 	13.0615624752	3.10753212866	141.988699559	-68.3193514734	
7.78333333333	0.0	0.0	0.0 	0.0 	207.883333333 	19.0 	0.0 	0.0 	0.0 	-0.0 	19.0 	0.0 	0.0 	0.0 	13.0726871513	3.10753212866	141.996119167	-68.5371032225	
7.8	0.0	0.0	0.0 	0.0 	208.2 	19.0 	0.0 	0.0 	0.0 	-0.0 	19.0 	0.0 	0.0 	0.0 	13.0837607362	3.10753212866	142.003545061	-68.7550394243	
7.81666666667	0.0	0.0	0.0 	0.0 	208.516666667 	19.0 	0.0 	0.0 	0.0 	-0.0 	19.0 	0.0 	0.0 	0.0 	13.0947834647	3.10753212866	142.01097721	-68.9731592317	
7.83333333333	0.0	0.0	0.0 	0.0 	208.833333333 	19.0 	0.0 	0.0 	0.0 	-0.0 	19.0 	0.0 	0.0 	0.0 	13.1057555702	3.10753212866	142.018415587	-69.1914618014	
7.85	0.0	0.0	0.0 	0.0 	209.15 	19.0 	0.0 	0.0 	0.0 	-0.0 	19.0 	0.0 	0.0 	0.0 	13.1166772854	3.10753212866	142.025860163	-69.4099462942	
7.86666666667	0.0	0.0	0.0 	0.0 	209.466666667 	19.0 	0.0 	0.0 	0.0 	-0.0 	19.0 	0.0 	0.0 	0.0 	13.1275488416	3.10753212866	142.033310908	-69.6286118744	
7.88333333333	0.0	0.0	0.0 	0.0 	209.783333333 	19.0 	0.0 	0.0 	0.0 	-0.0 	19.0 	0.0 	0.0 	0.0 	13.1383704691	3.10753212866	142.040767796	-69.8474577106	
7.9	0.0	0.0	0.0 	0.0 	210.1 	19.0 	0.0 	0.0 	0.0 	-0.0 	19.0 	0.0 	0.0 	0.0 	13.1491423973	3.10753212866	142.048230798	-70.0664829747	
7.91666666667	0.0	0.0	0.0 	0.0 	210.416666667 	19.0 	0.0 	0.0 	0.0 	-0.0 	19.0 	0.0 	0.0 	0.0 	13.1598648545	3.10753212866	142.055699885	-70.2856868428	
7.93333333333	0.0	0.0	0.0 	0.0 	210.733333333 	19.0 	0.0 	0.0 	0.0 	-0.0 	19.0 	0.0 	0.0 	0.0 	13.1705380677	3.10753212866	142.063175031	-70.5050684946	
7.95	0.0	0.0	0.0 	0.0 	211.05 	19.0 	0.0 	0.0 	0.0 	-0.0 	19.0 	0.0 	0.0 	0.0 	13.1811622633	3.10753212866	142.070656206	-70.7246271136	
7.96666666667	0.0	0.0	0.0 	0.0 	211.366666667 	19.0 	0.0 	0.0 	0.0 	-0.0 	19.0 	0.0 	0.0 	0.0 	13.1917376662	3.10753212866	142.078143383	-70.9443618871	
7.98333333333	0.0	0.0	0.0 	0.0 	211.683333333 	19.0 	0.0 	0.0 	0.0 	-0.0 	19.0 	0.0 	0.0 	0.0 	13.2022645006	3.10753212866	142.085636535	-71.1642720061	
8.0	0.0	0.0	0.0 	0.0 	212.0 	19.0 	0.0 	0.0 	0.0 	-0.0 	19.0 	0.0 	0.0 	0.0 	13.2127429896	3.10753212866	142.093135634	-71.3843566653	
8.01666666667	0.0	0.0	0.0 	0.0 	212.316666667 	19.0 	0.0 	0.0 	0.0 	-0.0 	19.0 	0.0 	0.0 	0.0 	13.2231733551	3.10753212866	142.100640653	-71.6046150631	
8.03333333333	0.0	0.0	0.0 	0.0 	212.633333333 	19.0 	0.0 	0.0 	0.0 	-0.0 	19.0 	0.0 	0.0 	0.0 	13.2335558182	3.10753212866	142.108151565	-71.8250464015	
8.05	0.0	0.0	0.0 	0.0 	212.95 	19.0 	0.0 	0.0 	0.0 	-0.0 	19.0 	0.0 	0.0 	0.0 	13.2438905989	3.10753212866	142.115668343	-72.0456498865	
8.06666666667	0.0	0.0	0.0 	0.0 	213.266666667 	19.0 	0.0 	0.0 	0.0 	-0.0 	19.0 	0.0 	0.0 	0.0 	13.2541779162	3.10753212866	142.123190959	-72.2664247272	
8.08333333333	0.0	0.0	0.0 	0.0 	213.583333333 	19.0 	0.0 	0.0 	0.0 	-0.0 	19.0 	0.0 	0.0 	0.0 	13.2644179879	3.10753212866	142.130719387	-72.4873701368	
8.1	0.0	0.0	0.0 	0.0 	213.9 	19.0 	0.0 	0.0 	0.0 	-0.0 	19.0 	0.0 	0.0 	0.0 	13.2746110313	3.10753212866	142.1382536	-72.708485332	
8.11666666667	0.0	0.0	0.0 	0.0 	214.216666667 	19.0 	0.0 	0.0 	0.0 	-0.0 	19.0 	0.0 	0.0 	0.0 	13.2847572621	3.10753212866	142.145793572	-72.9297695329	
8.13333333333	0.0	0.0	0.0 	0.0 	214.533333333 	19.0 	0.0 	0.0 	0.0 	-0.0 	19.0 	0.0 	0.0 	0.0 	13.2948568954	3.10753212866	142.153339277	-73.1512219634	
8.15	0.0	0.0	0.0 	0.0 	214.85 	19.0 	0.0 	0.0 	0.0 	-0.0 	19.0 	0.0 	0.0 	0.0 	13.3049101452	3.10753212866	142.160890687	-73.3728418509	
8.16666666667	0.0	0.0	0.0 	0.0 	215.166666667 	19.0 	0.0 	0.0 	0.0 	-0.0 	19.0 	0.0 	0.0 	0.0 	13.3149172245	3.10753212866	142.168447776	-73.5946284263	
8.18333333333	0.0	0.0	0.0 	0.0 	215.483333333 	19.0 	0.0 	0.0 	0.0 	-0.0 	19.0 	0.0 	0.0 	0.0 	13.3248783454	3.10753212866	142.17601052	-73.8165809241	
8.2	0.0	0.0	0.0 	0.0 	215.8 	19.0 	0.0 	0.0 	0.0 	-0.0 	19.0 	0.0 	0.0 	0.0 	13.334793719	3.10753212866	142.183578891	-74.0386985823	
8.21666666667	0.0	0.0	0.0 	0.0 	216.116666667 	19.0 	0.0 	0.0 	0.0 	-0.0 	19.0 	0.0 	0.0 	0.0 	13.3446635552	3.10753212866	142.191152864	-74.2609806423	
8.23333333333	0.0	0.0	0.0 	0.0 	216.433333333 	19.0 	0.0 	0.0 	0.0 	-0.0 	19.0 	0.0 	0.0 	0.0 	13.3544880633	3.10753212866	142.198732412	-74.4834263492	
8.25	0.0	0.0	0.0 	0.0 	216.75 	19.0 	0.0 	0.0 	0.0 	-0.0 	19.0 	0.0 	0.0 	0.0 	13.3642674515	3.10753212866	142.206317512	-74.7060349513	
8.26666666667	0.0	0.0	0.0 	0.0 	217.066666667 	19.0 	0.0 	0.0 	0.0 	-0.0 	19.0 	0.0 	0.0 	0.0 	13.3740019269	3.10753212866	142.213908136	-74.9288057006	
8.28333333333	0.0	0.0	0.0 	0.0 	217.383333333 	19.0 	0.0 	0.0 	0.0 	-0.0 	19.0 	0.0 	0.0 	0.0 	13.3836916958	3.10753212866	142.22150426	-75.1517378524	
8.3	0.0	0.0	0.0 	0.0 	217.7 	19.0 	0.0 	0.0 	0.0 	-0.0 	19.0 	0.0 	0.0 	0.0 	13.3933369636	3.10753212866	142.229105858	-75.3748306654	
8.31666666667	0.0	0.0	0.0 	0.0 	218.016666667 	19.0 	0.0 	0.0 	0.0 	-0.0 	19.0 	0.0 	0.0 	0.0 	13.4029379346	3.10753212866	142.236712905	-75.5980834018	
8.33333333333	0.0	0.0	0.0 	0.0 	218.333333333 	19.0 	0.0 	0.0 	0.0 	-0.0 	19.0 	0.0 	0.0 	0.0 	13.4124948122	3.10753212866	142.244325377	-75.821495327	
8.35	0.0	0.0	0.0 	0.0 	218.65 	19.0 	0.0 	0.0 	0.0 	-0.0 	19.0 	0.0 	0.0 	0.0 	13.422007799	3.10753212866	142.251943247	-76.0450657101	
8.36666666667	0.0	0.0	0.0 	0.0 	218.966666667 	19.0 	0.0 	0.0 	0.0 	-0.0 	19.0 	0.0 	0.0 	0.0 	13.4314770965	3.10753212866	142.259566493	-76.2687938233	
8.38333333333	0.0	0.0	0.0 	0.0 	219.283333333 	19.0 	0.0 	0.0 	0.0 	-0.0 	19.0 	0.0 	0.0 	0.0 	13.4409029054	3.10753212866	142.267195087	-76.4926789422	
8.4	0.0	0.0	0.0 	0.0 	219.6 	19.0 	0.0 	0.0 	0.0 	-0.0 	19.0 	0.0 	0.0 	0.0 	13.4502854254	3.10753212866	142.274829008	-76.7167203457	
8.41666666667	0.0	0.0	0.0 	0.0 	219.916666667 	19.0 	0.0 	0.0 	0.0 	-0.0 	19.0 	0.0 	0.0 	0.0 	13.4596248553	3.10753212866	142.282468228	-76.9409173162	
8.43333333333	0.0	0.0	0.0 	0.0 	220.233333333 	19.0 	0.0 	0.0 	0.0 	-0.0 	19.0 	0.0 	0.0 	0.0 	13.468921393	3.10753212866	142.290112726	-77.165269139	
8.45	0.0	0.0	0.0 	0.0 	220.55 	19.0 	0.0 	0.0 	0.0 	-0.0 	19.0 	0.0 	0.0 	0.0 	13.4781752355	3.10753212866	142.297762475	-77.3897751031	
8.46666666667	0.0	0.0	0.0 	0.0 	220.866666667 	19.0 	0.0 	0.0 	0.0 	-0.0 	19.0 	0.0 	0.0 	0.0 	13.4873865788	3.10753212866	142.305417453	-77.6144345005	
8.48333333333	0.0	0.0	0.0 	0.0 	221.183333333 	19.0 	0.0 	0.0 	0.0 	-0.0 	19.0 	0.0 	0.0 	0.0 	13.4965556183	3.10753212866	142.313077634	-77.8392466266	
8.5	0.0	0.0	0.0 	0.0 	221.5 	19.0 	0.0 	0.0 	0.0 	-0.0 	19.0 	0.0 	0.0 	0.0 	13.505682548	3.10753212866	142.320742996	-78.06421078	
8.51666666667	0.0	0.0	0.0 	0.0 	221.816666667 	19.0 	0.0 	0.0 	0.0 	-0.0 	19.0 	0.0 	0.0 	0.0 	13.5147675615	3.10753212866	142.328413514	-78.2893262625	
8.53333333333	0.0	0.0	0.0 	0.0 	222.133333333 	19.0 	0.0 	0.0 	0.0 	-0.0 	19.0 	0.0 	0.0 	0.0 	13.5238108512	3.10753212866	142.336089164	-78.514592379	
8.55	0.0	0.0	0.0 	0.0 	222.45 	19.0 	0.0 	0.0 	0.0 	-0.0 	19.0 	0.0 	0.0 	0.0 	13.5328126088	3.10753212866	142.343769924	-78.7400084378	
8.56666666667	0.0	0.0	0.0 	0.0 	222.766666667 	19.0 	0.0 	0.0 	0.0 	-0.0 	19.0 	0.0 	0.0 	0.0 	13.5417730249	3.10753212866	142.351455769	-78.9655737503	
8.58333333333	0.0	0.0	0.0 	0.0 	223.083333333 	19.0 	0.0 	0.0 	0.0 	-0.0 	19.0 	0.0 	0.0 	0.0 	13.5506922896	3.10753212866	142.359146677	-79.191287631	
8.6	0.0	0.0	0.0 	0.0 	223.4 	19.0 	0.0 	0.0 	0.0 	-0.0 	19.0 	0.0 	0.0 	0.0 	13.5595705917	3.10753212866	142.366842624	-79.4171493975	
8.61666666667	0.0	0.0	0.0 	0.0 	223.716666667 	19.0 	0.0 	0.0 	0.0 	-0.0 	19.0 	0.0 	0.0 	0.0 	13.5684081193	3.10753212866	142.374543586	-79.6431583707	
8.63333333333	0.0	0.0	0.0 	0.0 	224.033333333 	19.0 	0.0 	0.0 	0.0 	-0.0 	19.0 	0.0 	0.0 	0.0 	13.5772050598	3.10753212866	142.382249541	-79.8693138746	
8.65	0.0	0.0	0.0 	0.0 	224.35 	19.0 	0.0 	0.0 	0.0 	-0.0 	19.0 	0.0 	0.0 	0.0 	13.5859615995	3.10753212866	142.389960467	-80.0956152361	
8.66666666667	0.0	0.0	0.0 	0.0 	224.666666667 	19.0 	0.0 	0.0 	0.0 	-0.0 	19.0 	0.0 	0.0 	0.0 	13.594677924	3.10753212866	142.397676339	-80.3220617855	
8.68333333333	0.0	0.0	0.0 	0.0 	224.983333333 	19.0 	0.0 	0.0 	0.0 	-0.0 	19.0 	0.0 	0.0 	0.0 	13.603354218	3.10753212866	142.405397136	-80.5486528559	
8.7	0.0	0.0	0.0 	0.0 	225.3 	19.0 	0.0 	0.0 	0.0 	-0.0 	19.0 	0.0 	0.0 	0.0 	13.6119906653	3.10753212866	142.413122834	-80.7753877836	
8.71666666667	0.0	0.0	0.0 	0.0 	225.616666667 	19.0 	0.0 	0.0 	0.0 	-0.0 	19.0 	0.0 	0.0 	0.0 	13.6205874489	3.10753212866	142.420853412	-81.0022659079	
8.73333333333	0.0	0.0	0.0 	0.0 	225.933333333 	19.0 	0.0 	0.0 	0.0 	-0.0 	19.0 	0.0 	0.0 	0.0 	13.629144751	3.10753212866	142.428588847	-81.2292865712	
8.75	0.0	0.0	0.0 	0.0 	226.25 	19.0 	0.0 	0.0 	0.0 	-0.0 	19.0 	0.0 	0.0 	0.0 	13.6376627529	3.10753212866	142.436329116	-81.4564491188	
8.76666666667	0.0	0.0	0.0 	0.0 	226.566666667 	19.0 	0.0 	0.0 	0.0 	-0.0 	19.0 	0.0 	0.0 	0.0 	13.6461416351	3.10753212866	142.444074197	-81.6837528992	
8.78333333333	0.0	0.0	0.0 	0.0 	226.883333333 	19.0 	0.0 	0.0 	0.0 	-0.0 	19.0 	0.0 	0.0 	0.0 	13.6545815772	3.10753212866	142.451824069	-81.9111972638	
8.8	0.0	0.0	0.0 	0.0 	227.2 	19.0 	0.0 	0.0 	0.0 	-0.0 	19.0 	0.0 	0.0 	0.0 	13.6629827581	3.10753212866	142.459578708	-82.1387815667	
8.81666666667	0.0	0.0	0.0 	0.0 	227.516666667 	19.0 	0.0 	0.0 	0.0 	-0.0 	19.0 	0.0 	0.0 	0.0 	13.6713453558	3.10753212866	142.467338095	-82.3665051655	
8.83333333333	0.0	0.0	0.0 	0.0 	227.833333333 	19.0 	0.0 	0.0 	0.0 	-0.0 	19.0 	0.0 	0.0 	0.0 	13.6796695475	3.10753212866	142.475102205	-82.5943674203	
8.85	0.0	0.0	0.0 	0.0 	228.15 	19.0 	0.0 	0.0 	0.0 	-0.0 	19.0 	0.0 	0.0 	0.0 	13.6879555096	3.10753212866	142.482871019	-82.8223676944	
8.86666666667	0.0	0.0	0.0 	0.0 	228.466666667 	19.0 	0.0 	0.0 	0.0 	-0.0 	19.0 	0.0 	0.0 	0.0 	13.6962034176	3.10753212866	142.490644513	-83.0505053539	
8.88333333333	0.0	0.0	0.0 	0.0 	228.783333333 	19.0 	0.0 	0.0 	0.0 	-0.0 	19.0 	0.0 	0.0 	0.0 	13.7044134463	3.10753212866	142.498422668	-83.2787797679	
8.9	0.0	0.0	0.0 	0.0 	229.1 	19.0 	0.0 	0.0 	0.0 	-0.0 	19.0 	0.0 	0.0 	0.0 	13.7125857698	3.10753212866	142.506205461	-83.5071903082	
8.91666666667	0.0	0.0	0.0 	0.0 	229.416666667 	19.0 	0.0 	0.0 	0.0 	-0.0 	19.0 	0.0 	0.0 	0.0 	13.7207205611	3.10753212866	142.513992871	-83.7357363498	
8.93333333333	0.0	0.0	0.0 	0.0 	229.733333333 	19.0 	0.0 	0.0 	0.0 	-0.0 	19.0 	0.0 	0.0 	0.0 	13.7288179925	3.10753212866	142.521784876	-83.9644172703	
8.95	0.0	0.0	0.0 	0.0 	230.05 	19.0 	0.0 	0.0 	0.0 	-0.0 	19.0 	0.0 	0.0 	0.0 	13.7368782358	3.10753212866	142.529581457	-84.1932324502	
8.96666666667	0.0	0.0	0.0 	0.0 	230.366666667 	19.0 	0.0 	0.0 	0.0 	-0.0 	19.0 	0.0 	0.0 	0.0 	13.7449014617	3.10753212866	142.537382591	-84.422181273	
8.98333333333	0.0	0.0	0.0 	0.0 	230.683333333 	19.0 	0.0 	0.0 	0.0 	-0.0 	19.0 	0.0 	0.0 	0.0 	13.7528878402	3.10753212866	142.545188257	-84.651263125	
9.0	0.0	0.0	0.0 	0.0 	231.0 	19.0 	0.0 	0.0 	0.0 	-0.0 	19.0 	0.0 	0.0 	0.0 	13.7608375405	3.10753212866	142.552998436	-84.8804773951	
9.01666666667	0.0	0.0	0.0 	0.0 	231.316666667 	19.0 	0.0 	0.0 	0.0 	-0.0 	19.0 	0.0 	0.0 	0.0 	13.768750731	3.10753212866	142.560813106	-85.1098234752	
9.03333333333	0.0	0.0	0.0 	0.0 	231.633333333 	19.0 	0.0 	0.0 	0.0 	-0.0 	19.0 	0.0 	0.0 	0.0 	13.7766275795	3.10753212866	142.568632247	-85.3393007599	
9.05	0.0	0.0	0.0 	0.0 	231.95 	19.0 	0.0 	0.0 	0.0 	-0.0 	19.0 	0.0 	0.0 	0.0 	13.7844682529	3.10753212866	142.576455838	-85.5689086468	
9.06666666667	0.0	0.0	0.0 	0.0 	232.266666667 	19.0 	0.0 	0.0 	0.0 	-0.0 	19.0 	0.0 	0.0 	0.0 	13.7922729172	3.10753212866	142.584283858	-85.7986465359	
9.08333333333	0.0	0.0	0.0 	0.0 	232.583333333 	19.0 	0.0 	0.0 	0.0 	-0.0 	19.0 	0.0 	0.0 	0.0 	13.8000417379	3.10753212866	142.592116288	-86.0285138303	
9.1	0.0	0.0	0.0 	0.0 	232.9 	19.0 	0.0 	0.0 	0.0 	-0.0 	19.0 	0.0 	0.0 	0.0 	13.8077748795	3.10753212866	142.599953107	-86.2585099357	
9.11666666667	0.0	0.0	0.0 	0.0 	233.216666667 	19.0 	0.0 	0.0 	0.0 	-0.0 	19.0 	0.0 	0.0 	0.0 	13.815472506	3.10753212866	142.607794295	-86.4886342604	
9.13333333333	0.0	0.0	0.0 	0.0 	233.533333333 	19.0 	0.0 	0.0 	0.0 	-0.0 	19.0 	0.0 	0.0 	0.0 	13.8231347804	3.10753212866	142.615639831	-86.7188862156	
9.15	0.0	0.0	0.0 	0.0 	233.85 	19.0 	0.0 	0.0 	0.0 	-0.0 	19.0 	0.0 	0.0 	0.0 	13.8307618651	3.10753212866	142.623489697	-86.9492652151	
9.16666666667	0.0	0.0	0.0 	0.0 	234.166666667 	19.0 	0.0 	0.0 	0.0 	-0.0 	19.0 	0.0 	0.0 	0.0 	13.8383539217	3.10753212866	142.631343871	-87.1797706756	
9.18333333333	0.0	0.0	0.0 	0.0 	234.483333333 	19.0 	0.0 	0.0 	0.0 	-0.0 	19.0 	0.0 	0.0 	0.0 	13.8459111111	3.10753212866	142.639202335	-87.4104020161	
9.2	0.0	0.0	0.0 	0.0 	234.8 	19.0 	0.0 	0.0 	0.0 	-0.0 	19.0 	0.0 	0.0 	0.0 	13.8534335934	3.10753212866	142.647065068	-87.6411586587	
9.21666666667	0.0	0.0	0.0 	0.0 	235.116666667 	19.0 	0.0 	0.0 	0.0 	-0.0 	19.0 	0.0 	0.0 	0.0 	13.8609215281	3.10753212866	142.654932051	-87.8720400277	
9.23333333333	0.0	0.0	0.0 	0.0 	235.433333333 	19.0 	0.0 	0.0 	0.0 	-0.0 	19.0 	0.0 	0.0 	0.0 	13.8683750736	3.10753212866	142.662803265	-88.1030455505	
9.25	0.0	0.0	0.0 	0.0 	235.75 	19.0 	0.0 	0.0 	0.0 	-0.0 	19.0 	0.0 	0.0 	0.0 	13.8757943881	3.10753212866	142.670678689	-88.3341746568	
9.26666666667	0.0	0.0	0.0 	0.0 	236.066666667 	19.0 	0.0 	0.0 	0.0 	-0.0 	19.0 	0.0 	0.0 	0.0 	13.8831796287	3.10753212866	142.678558305	-88.565426779	
9.28333333333	0.0	0.0	0.0 	0.0 	236.383333333 	19.0 	0.0 	0.0 	0.0 	-0.0 	19.0 	0.0 	0.0 	0.0 	13.8905309519	3.10753212866	142.686442094	-88.7968013523	
9.3	0.0	0.0	0.0 	0.0 	236.7 	19.0 	0.0 	0.0 	0.0 	-0.0 	19.0 	0.0 	0.0 	0.0 	13.8978485134	3.10753212866	142.694330035	-89.0282978141	
9.31666666667	0.0	0.0	0.0 	0.0 	237.016666667 	19.0 	0.0 	0.0 	0.0 	-0.0 	19.0 	0.0 	0.0 	0.0 	13.9051324684	3.10753212866	142.702222111	-89.2599156048	
9.33333333333	0.0	0.0	0.0 	0.0 	237.333333333 	19.0 	0.0 	0.0 	0.0 	-0.0 	19.0 	0.0 	0.0 	0.0 	13.9123829711	3.10753212866	142.710118302	-89.4916541671	
9.35	0.0	0.0	0.0 	0.0 	237.65 	19.0 	0.0 	0.0 	0.0 	-0.0 	19.0 	0.0 	0.0 	0.0 	13.9196001753	3.10753212866	142.718018589	-89.7235129464	
9.36666666667	0.0	0.0	0.0 	0.0 	237.966666667 	19.0 	0.0 	0.0 	0.0 	-0.0 	19.0 	0.0 	0.0 	0.0 	13.9267842337	3.10753212866	142.725922953	-89.9554913905	
9.38333333333	0.0	0.0	0.0 	0.0 	238.283333333 	19.0 	0.0 	0.0 	0.0 	-0.0 	19.0 	0.0 	0.0 	0.0 	13.9339352987	3.10753212866	142.733831376	-90.18758895	
9.4	0.0	0.0	0.0 	0.0 	238.6 	19.0 	0.0 	0.0 	0.0 	-0.0 	19.0 	0.0 	0.0 	0.0 	13.9410535218	3.10753212866	142.74174384	-90.4198050777	
9.41666666667	0.0	0.0	0.0 	0.0 	238.916666667 	19.0 	0.0 	0.0 	0.0 	-0.0 	19.0 	0.0 	0.0 	0.0 	13.9481390538	3.10753212866	142.749660324	-90.652139229	
9.43333333333	0.0	0.0	0.0 	0.0 	239.233333333 	19.0 	0.0 	0.0 	0.0 	-0.0 	19.0 	0.0 	0.0 	0.0 	13.9551920448	3.10753212866	142.757580812	-90.8845908621	
9.45	0.0	0.0	0.0 	0.0 	239.55 	19.0 	0.0 	0.0 	0.0 	-0.0 	19.0 	0.0 	0.0 	0.0 	13.9622126443	3.10753212866	142.765505285	-91.1171594373	
9.46666666667	0.0	0.0	0.0 	0.0 	239.866666667 	19.0 	0.0 	0.0 	0.0 	-0.0 	19.0 	0.0 	0.0 	0.0 	13.969201001	3.10753212866	142.773433723	-91.3498444175	
9.48333333333	0.0	0.0	0.0 	0.0 	240.183333333 	19.0 	0.0 	0.0 	0.0 	-0.0 	19.0 	0.0 	0.0 	0.0 	13.9761572631	3.10753212866	142.78136611	-91.5826452682	
9.5	0.0	0.0	0.0 	0.0 	240.5 	19.0 	0.0 	0.0 	0.0 	-0.0 	19.0 	0.0 	0.0 	0.0 	13.9830815779	3.10753212866	142.789302427	-91.8155614572	
9.51666666667	0.0	0.0	0.0 	0.0 	240.816666667 	19.0 	0.0 	0.0 	0.0 	-0.0 	19.0 	0.0 	0.0 	0.0 	13.9899740921	3.10753212866	142.797242656	-92.0485924548	
9.53333333333	0.0	0.0	0.0 	0.0 	241.133333333 	19.0 	0.0 	0.0 	0.0 	-0.0 	19.0 	0.0 	0.0 	0.0 	13.9968349519	3.10753212866	142.805186779	-92.2817377338	
9.55	0.0	0.0	0.0 	0.0 	241.45 	19.0 	0.0 	0.0 	0.0 	-0.0 	19.0 	0.0 	0.0 	0.0 	14.0036643024	3.10753212866	142.813134778	-92.5149967692	
9.56666666667	0.0	0.0	0.0 	0.0 	241.766666667 	19.0 	0.0 	0.0 	0.0 	-0.0 	19.0 	0.0 	0.0 	0.0 	14.0104622886	3.10753212866	142.821086635	-92.7483690387	
9.58333333333	0.0	0.0	0.0 	0.0 	242.083333333 	19.0 	0.0 	0.0 	0.0 	-0.0 	19.0 	0.0 	0.0 	0.0 	14.0172290544	3.10753212866	142.829042333	-92.9818540222	
9.6	0.0	0.0	0.0 	0.0 	242.4 	19.0 	0.0 	0.0 	0.0 	-0.0 	19.0 	0.0 	0.0 	0.0 	14.0239647432	3.10753212866	142.837001854	-93.2154512021	
9.61666666667	0.0	0.0	0.0 	0.0 	242.716666667 	19.0 	0.0 	0.0 	0.0 	-0.0 	19.0 	0.0 	0.0 	0.0 	14.0306694977	3.10753212866	142.84496518	-93.4491600631	
9.63333333333	0.0	0.0	0.0 	0.0 	243.033333333 	19.0 	0.0 	0.0 	0.0 	-0.0 	19.0 	0.0 	0.0 	0.0 	14.03734346	3.10753212866	142.852932294	-93.6829800923	
9.65	0.0	0.0	0.0 	0.0 	243.35 	19.0 	0.0 	0.0 	0.0 	-0.0 	19.0 	0.0 	0.0 	0.0 	14.0439867715	3.10753212866	142.860903179	-93.9169107791	
9.66666666667	0.0	0.0	0.0 	0.0 	243.666666667 	19.0 	0.0 	0.0 	0.0 	-0.0 	19.0 	0.0 	0.0 	0.0 	14.050599573	3.10753212866	142.868877817	-94.1509516153	
9.68333333333	0.0	0.0	0.0 	0.0 	243.983333333 	19.0 	0.0 	0.0 	0.0 	-0.0 	19.0 	0.0 	0.0 	0.0 	14.0571820046	3.10753212866	142.87685619	-94.3851020951	
9.7	0.0	0.0	0.0 	0.0 	244.3 	19.0 	0.0 	0.0 	0.0 	-0.0 	19.0 	0.0 	0.0 	0.0 	14.0637342058	3.10753212866	142.884838283	-94.6193617149	
9.71666666667	0.0	0.0	0.0 	0.0 	244.616666667 	19.0 	0.0 	0.0 	0.0 	-0.0 	19.0 	0.0 	0.0 	0.0 	14.0702563153	3.10753212866	142.892824077	-94.8537299735	
9.73333333333	0.0	0.0	0.0 	0.0 	244.933333333 	19.0 	0.0 	0.0 	0.0 	-0.0 	19.0 	0.0 	0.0 	0.0 	14.0767484715	3.10753212866	142.900813556	-95.088206372	
9.75	0.0	0.0	0.0 	0.0 	245.25 	19.0 	0.0 	0.0 	0.0 	-0.0 	19.0 	0.0 	0.0 	0.0 	14.0832108119	3.10753212866	142.908806703	-95.3227904136	
9.76666666667	0.0	0.0	0.0 	0.0 	245.566666667 	19.0 	0.0 	0.0 	0.0 	-0.0 	19.0 	0.0 	0.0 	0.0 	14.0896434733	3.10753212866	142.916803501	-95.5574816041	
9.78333333333	0.0	0.0	0.0 	0.0 	245.883333333 	19.0 	0.0 	0.0 	0.0 	-0.0 	19.0 	0.0 	0.0 	0.0 	14.0960465922	3.10753212866	142.924803933	-95.7922794514	
9.8	0.0	0.0	0.0 	0.0 	246.2 	19.0 	0.0 	0.0 	0.0 	-0.0 	19.0 	0.0 	0.0 	0.0 	14.1024203041	3.10753212866	142.932807982	-96.0271834655	
9.81666666667	0.0	0.0	0.0 	0.0 	246.516666667 	19.0 	0.0 	0.0 	0.0 	-0.0 	19.0 	0.0 	0.0 	0.0 	14.1087647442	3.10753212866	142.940815633	-96.262193159	
9.83333333333	0.0	0.0	0.0 	0.0 	246.833333333 	19.0 	0.0 	0.0 	0.0 	-0.0 	19.0 	0.0 	0.0 	0.0 	14.1150800469	3.10753212866	142.948826868	-96.4973080465	
9.85	0.0	0.0	0.0 	0.0 	247.15 	19.0 	0.0 	0.0 	0.0 	-0.0 	19.0 	0.0 	0.0 	0.0 	14.1213663459	3.10753212866	142.95684167	-96.7325276449	
9.86666666667	0.0	0.0	0.0 	0.0 	247.466666667 	19.0 	0.0 	0.0 	0.0 	-0.0 	19.0 	0.0 	0.0 	0.0 	14.1276237746	3.10753212866	142.964860024	-96.9678514733	
9.88333333333	0.0	0.0	0.0 	0.0 	247.783333333 	19.0 	0.0 	0.0 	0.0 	-0.0 	19.0 	0.0 	0.0 	0.0 	14.1338524654	3.10753212866	142.972881914	-97.2032790529	
9.9	0.0	0.0	0.0 	0.0 	248.1 	19.0 	0.0 	0.0 	0.0 	-0.0 	19.0 	0.0 	0.0 	0.0 	14.1400525504	3.10753212866	142.980907322	-97.4388099074	
9.91666666667	0.0	0.0	0.0 	0.0 	248.416666667 	19.0 	0.0 	0.0 	0.0 	-0.0 	19.0 	0.0 	0.0 	0.0 	14.1462241609	3.10753212866	142.988936233	-97.6744435624	
9.93333333333	0.0	0.0	0.0 	0.0 	248.733333333 	19.0 	0.0 	0.0 	0.0 	-0.0 	19.0 	0.0 	0.0 	0.0 	14.1523674277	3.10753212866	142.996968631	-97.9101795458	
9.95	0.0	0.0	0.0 	0.0 	249.05 	19.0 	0.0 	0.0 	0.0 	-0.0 	19.0 	0.0 	0.0 	0.0 	14.158482481	3.10753212866	143.005004499	-98.1460173876	
9.96666666667	0.0	0.0	0.0 	0.0 	249.366666667 	19.0 	0.0 	0.0 	0.0 	-0.0 	19.0 	0.0 	0.0 	0.0 	14.1645694503	3.10753212866	143.013043822	-98.3819566201	
9.98333333333	0.0	0.0	0.0 	0.0 	249.683333333 	19.0 	0.0 	0.0 	0.0 	-0.0 	19.0 	0.0 	0.0 	0.0 	14.1706284647	3.10753212866	143.021086584	-98.6179967776	
