0.0166666666667	0.0	0.0	0.0 	0.0 	60.3666666667 	22.0 	0.0 	0.0 	0.0 	0.0 	22.0 	0.0 	0.0 	0.0 	0.0	-1.26612903226	140.0	-8.1935483871	
0.0333333333333	0.0	0.0	0.0 	0.0 	60.7333333333 	22.0 	0.0 	0.0 	0.0 	-0.0 	22.0 	0.0 	0.0 	0.0 	0.0	-1.26612903226	140.0	-8.1935483871	
0.05	0.0	0.0	0.0 	0.0 	61.1 	22.0 	0.0 	0.0 	0.0 	-0.0 	22.0 	0.0 	0.0 	0.0 	0.0	-1.26612903226	140.0	-8.1935483871	
0.0666666666667	0.0	0.0	0.0 	0.0 	61.4666666667 	22.0 	0.0 	0.0 	0.0 	-0.0 	22.0 	0.0 	0.0 	0.0 	0.0	-1.26612903226	140.0	-8.1935483871	
0.0833333333333	0.0	0.0	0.0 	0.0 	61.8333333333 	22.0 	0.0 	0.0 	0.0 	-0.0 	22.0 	0.0 	0.0 	0.0 	0.0	-1.26612903226	140.0	-8.1935483871	
0.1	0.0	0.0	0.0 	0.0 	62.2 	22.0 	0.0 	0.0 	0.0 	-0.0 	22.0 	0.0 	0.0 	0.0 	0.0	-1.26612903226	140.0	-8.1935483871	
0.116666666667	0.0	0.0	0.0 	0.0 	62.5666666667 	22.0 	0.0 	0.0 	0.0 	-0.0 	22.0 	0.0 	0.0 	0.0 	0.0	-1.26612903226	140.0	-8.1935483871	
0.133333333333	0.0	0.0	0.0 	0.0 	62.9333333333 	22.0 	0.0 	0.0 	0.0 	-0.0 	22.0 	0.0 	0.0 	0.0 	0.0	-1.26612903226	140.0	-8.1935483871	
0.15	0.0	0.0	0.0 	0.0 	63.3 	22.0 	0.0 	0.0 	0.0 	-0.0 	22.0 	0.0 	0.0 	0.0 	0.0	-1.26612903226	140.0	-8.1935483871	
0.166666666667	0.0	0.0	0.0 	0.0 	63.6666666667 	22.0 	0.0 	0.0 	0.0 	-0.0 	22.0 	0.0 	0.0 	0.0 	0.0	-1.26612903226	140.0	-8.1935483871	
0.183333333333	0.0	0.0	0.0 	0.0 	64.0333333333 	22.0 	0.0 	0.0 	0.0 	-0.0 	22.0 	0.0 	0.0 	0.0 	0.0	-1.26612903226	140.0	-8.1935483871	
0.2	0.0	0.0	0.0 	0.0 	64.4 	22.0 	0.0 	0.0 	0.0 	-0.0 	22.0 	0.0 	0.0 	0.0 	0.0	-1.26612903226	140.0	-8.1935483871	
0.216666666667	0.0	0.0	0.0 	0.0 	64.7666666667 	22.0 	0.0 	0.0 	0.0 	-0.0 	22.0 	0.0 	0.0 	0.0 	0.0	-1.26612903226	140.0	-8.1935483871	
0.233333333333	0.0	0.0	0.0 	0.0 	65.1333333333 	22.0 	0.0 	0.0 	0.0 	-0.0 	22.0 	0.0 	0.0 	0.0 	0.0	-1.26612903226	140.0	-8.1935483871	
0.25	0.0	0.0	0.0 	0.0 	65.5 	22.0 	0.0 	0.0 	0.0 	-0.0 	22.0 	0.0 	0.0 	0.0 	0.0	-1.26612903226	140.0	-8.1935483871	
0.266666666667	0.0	0.0	0.0 	0.0 	65.8666666667 	22.0 	0.0 	0.0 	0.0 	-0.0 	22.0 	0.0 	0.0 	0.0 	0.0	-1.26612903226	140.0	-8.1935483871	
0.283333333333	0.0	0.0	0.0 	0.0 	66.2333333333 	22.0 	0.0 	0.0 	0.0 	-0.0 	22.0 	0.0 	0.0 	0.0 	0.0	-1.26612903226	140.0	-8.1935483871	
0.3	0.0	0.0	0.0 	0.0 	66.6 	22.0 	0.0 	0.0 	0.0 	-0.0 	22.0 	0.0 	0.0 	0.0 	0.0	-1.26612903226	140.0	-8.1935483871	
0.316666666667	0.0	0.0	0.0 	0.0 	66.9666666667 	22.0 	0.0 	0.0 	0.0 	-0.0 	22.0 	0.0 	0.0 	0.0 	0.0	-1.26612903226	140.0	-8.1935483871	
0.333333333333	0.0	0.0	0.0 	0.0 	67.3333333333 	22.0 	0.0 	0.0 	0.0 	-0.0 	22.0 	0.0 	0.0 	0.0 	0.0	-1.26612903226	140.0	-8.1935483871	
0.35	0.0	0.0	0.0 	0.0 	67.7 	22.0 	0.0 	0.0 	0.0 	-0.0 	22.0 	0.0 	0.0 	0.0 	0.0	-1.26612903226	140.0	-8.1935483871	
0.366666666667	0.0	0.0	0.0 	0.0 	68.0666666667 	22.0 	0.0 	0.0 	0.0 	-0.0 	22.0 	0.0 	0.0 	0.0 	0.0	-1.26612903226	140.0	-8.1935483871	
0.383333333333	0.0	0.0	0.0 	0.0 	68.4333333333 	22.0 	0.0 	0.0 	0.0 	-0.0 	22.0 	0.0 	0.0 	0.0 	0.0	-1.26612903226	140.0	-8.1935483871	
0.4	0.0	0.0	0.0 	0.0 	68.8 	22.0 	0.0 	0.0 	0.0 	-0.0 	22.0 	0.0 	0.0 	0.0 	0.0	-1.26612903226	140.0	-8.1935483871	
0.416666666667	0.0	0.0	0.0 	0.0 	69.1666666667 	22.0 	0.0 	0.0 	0.0 	-0.0 	22.0 	0.0 	0.0 	0.0 	0.0	-1.26612903226	140.0	-8.1935483871	
0.433333333333	0.0	0.0	0.0 	0.0 	69.5333333333 	22.0 	0.0 	0.0 	0.0 	-0.0 	22.0 	0.0 	0.0 	0.0 	0.0	-1.26612903226	140.0	-8.1935483871	
0.45	0.0	0.0	0.0 	0.0 	69.9 	22.0 	0.0 	0.0 	0.0 	-0.0 	22.0 	0.0 	0.0 	0.0 	0.0	-1.26612903226	140.0	-8.1935483871	
0.466666666667	0.0	0.0	0.0 	0.0 	70.2666666667 	22.0 	0.0 	0.0 	0.0 	-0.0 	22.0 	0.0 	0.0 	0.0 	0.0	-1.26612903226	140.0	-8.1935483871	
0.483333333333	0.0	0.0	0.0 	0.0 	70.6333333333 	22.0 	0.0 	0.0 	0.0 	-0.0 	22.0 	0.0 	0.0 	0.0 	0.0	-1.26612903226	140.0	-8.1935483871	
0.5	0.0	0.0	0.0 	0.0 	71.0 	22.0 	0.0 	0.0 	0.0 	-0.0 	22.0 	0.0 	0.0 	0.0 	0.0	-1.26612903226	140.0	-8.1935483871	
0.516666666667	0.0	0.0	0.0 	0.0 	71.3666666667 	22.0 	0.0 	0.0 	0.0 	-0.0 	22.0 	0.0 	0.0 	0.0 	0.0	-1.26612903226	140.0	-8.1935483871	
0.533333333333	0.0	0.0	0.0 	0.0 	71.7333333333 	22.0 	0.0 	0.0 	0.0 	-0.0 	22.0 	0.0 	0.0 	0.0 	0.0	-1.26612903226	140.0	-8.1935483871	
0.55	0.0	0.0	0.0 	0.0 	72.1 	22.0 	0.0 	0.0 	0.0 	-0.0 	22.0 	0.0 	0.0 	0.0 	0.0	-1.26612903226	140.0	-8.1935483871	
0.566666666667	0.0	0.0	0.0 	0.0 	72.4666666667 	22.0 	0.0 	0.0 	0.0 	-0.0 	22.0 	0.0 	0.0 	0.0 	0.0	-1.26612903226	140.0	-8.1935483871	
0.583333333333	0.0	0.0	0.0 	0.0 	72.8333333333 	22.0 	0.0 	0.0 	0.0 	-0.0 	22.0 	0.0 	0.0 	0.0 	0.0	-1.26612903226	140.0	-8.1935483871	
0.6	0.0	0.0	0.0 	0.0 	73.2 	22.0 	0.0 	0.0 	0.0 	-0.0 	22.0 	0.0 	0.0 	0.0 	0.0	-1.26612903226	140.0	-8.1935483871	
0.616666666667	0.0	0.0	0.0 	0.0 	73.5666666667 	22.0 	0.0 	0.0 	0.0 	-0.0 	22.0 	0.0 	0.0 	0.0 	0.0	-1.26612903226	140.0	-8.1935483871	
0.633333333333	0.0	0.0	0.0 	0.0 	73.9333333333 	22.0 	0.0 	0.0 	0.0 	-0.0 	22.0 	0.0 	0.0 	0.0 	0.0	-1.26612903226	140.0	-8.1935483871	
0.65	0.0	0.0	0.0 	0.0 	74.3 	22.0 	0.0 	0.0 	0.0 	-0.0 	22.0 	0.0 	0.0 	0.0 	0.0	-1.26612903226	140.0	-8.1935483871	
0.666666666667	0.0	0.0	0.0 	0.0 	74.6666666667 	22.0 	0.0 	0.0 	0.0 	-0.0 	22.0 	0.0 	0.0 	0.0 	0.0	-1.26612903226	140.0	-8.1935483871	
0.683333333333	0.0	0.0	0.0 	0.0 	75.0333333333 	22.0 	0.0 	0.0 	0.0 	-0.0 	22.0 	0.0 	0.0 	0.0 	0.0	-1.26612903226	140.0	-8.1935483871	
0.7	0.0	0.0	0.0 	0.0 	75.4 	22.0 	0.0 	0.0 	0.0 	-0.0 	22.0 	0.0 	0.0 	0.0 	0.0	-1.26612903226	140.0	-8.1935483871	
0.716666666667	0.0	0.0	0.0 	0.0 	75.7666666667 	22.0 	0.0 	0.0 	0.0 	-0.0 	22.0 	0.0 	0.0 	0.0 	0.0	-1.26612903226	140.0	-8.1935483871	
0.733333333333	0.0	0.0	0.0 	0.0 	76.1333333333 	22.0 	0.0 	0.0 	0.0 	-0.0 	22.0 	0.0 	0.0 	0.0 	0.0	-1.26612903226	140.0	-8.1935483871	
0.75	0.0	0.0	0.0 	0.0 	76.5 	22.0 	0.0 	0.0 	0.0 	-0.0 	22.0 	0.0 	0.0 	0.0 	0.0	-1.26612903226	140.0	-8.1935483871	
0.766666666667	0.0	0.0	0.0 	0.0 	76.8666666667 	22.0 	0.0 	0.0 	0.0 	-0.0 	22.0 	0.0 	0.0 	0.0 	0.0	-1.26612903226	140.0	-8.1935483871	
0.783333333333	0.0	0.0	0.0 	0.0 	77.2333333333 	22.0 	0.0 	0.0 	0.0 	-0.0 	22.0 	0.0 	0.0 	0.0 	0.0	-1.26612903226	140.0	-8.1935483871	
0.8	0.0	0.0	0.0 	0.0 	77.6 	22.0 	0.0 	0.0 	0.0 	-0.0 	22.0 	0.0 	0.0 	0.0 	0.0	-1.26612903226	140.0	-8.1935483871	
0.816666666667	0.0	0.0	0.0 	0.0 	77.9666666667 	22.0 	0.0 	0.0 	0.0 	-0.0 	22.0 	0.0 	0.0 	0.0 	0.0	-1.26612903226	140.0	-8.1935483871	
0.833333333333	0.0	0.0	0.0 	0.0 	78.3333333333 	22.0 	0.0 	0.0 	0.0 	-0.0 	22.0 	0.0 	0.0 	0.0 	0.0	-1.26612903226	140.0	-8.1935483871	
0.85	0.0	0.0	0.0 	0.0 	78.7 	22.0 	0.0 	0.0 	0.0 	-0.0 	22.0 	0.0 	0.0 	0.0 	0.0	-1.26612903226	140.0	-8.1935483871	
0.866666666667	0.0	0.0	0.0 	0.0 	79.0666666667 	22.0 	0.0 	0.0 	0.0 	-0.0 	22.0 	0.0 	0.0 	0.0 	0.0	-1.26612903226	140.0	-8.1935483871	
0.883333333333	0.0	0.0	0.0 	0.0 	79.4333333333 	22.0 	0.0 	0.0 	0.0 	-0.0 	22.0 	0.0 	0.0 	0.0 	0.0	-1.26612903226	140.0	-8.1935483871	
0.9	0.0	0.0	0.0 	0.0 	79.8 	22.0 	0.0 	0.0 	0.0 	-0.0 	22.0 	0.0 	0.0 	0.0 	0.0	-1.26612903226	140.0	-8.1935483871	
0.916666666667	0.0	0.0	0.0 	0.0 	80.1666666667 	22.0 	0.0 	0.0 	0.0 	-0.0 	22.0 	0.0 	0.0 	0.0 	0.185663082437	-1.26612903226	139.997048122	-8.19262014654	
0.933333333333	0.0	0.0	0.0 	0.0 	80.5333333333 	22.0 	0.0 	0.0 	0.0 	-0.0 	22.0 	0.0 	0.0 	0.0 	0.367200318598	-1.26612903226	139.991209962	-8.190784293	
0.95	0.0	0.0	0.0 	0.0 	80.9 	22.0 	0.0 	0.0 	0.0 	-0.0 	22.0 	0.0 	0.0 	0.0 	0.544703393955	-1.26612903226	139.982549661	-8.18806099565	
0.966666666667	0.0	0.0	0.0 	0.0 	81.2666666667 	22.0 	0.0 	0.0 	0.0 	-0.0 	22.0 	0.0 	0.0 	0.0 	0.718261956527	-1.26612903226	139.971129933	-8.18446997547	
0.983333333333	0.0	0.0	0.0 	0.0 	81.6333333333 	22.0 	0.0 	0.0 	0.0 	-0.0 	22.0 	0.0 	0.0 	0.0 	0.887963662153	-1.26612903226	139.957012098	-8.18003051517	
1.0	0.0	0.0	0.0 	0.0 	82.0 	22.0 	0.0 	0.0 	0.0 	-0.0 	22.0 	0.0 	0.0 	0.0 	1.05389421876	-1.26612903226	139.940256114	-8.174761469	
1.01666666667	0.0	0.0	0.0 	0.0 	82.3666666667 	22.0 	0.0 	0.0 	0.0 	-0.0 	22.0 	0.0 	0.0 	0.0 	1.21613742967	-1.26612903226	139.920920607	-8.16868127219	
1.03333333333	0.0	0.0	0.0 	0.0 	82.7333333333 	22.0 	0.0 	0.0 	0.0 	-0.0 	22.0 	0.0 	0.0 	0.0 	1.3747752359	-1.26612903226	139.899062899	-8.16180795031	
1.05	0.0	0.0	0.0 	0.0 	83.1 	22.0 	0.0 	0.0 	0.0 	-0.0 	22.0 	0.0 	0.0 	0.0 	1.52988775754	-1.26612903226	139.87473904	-8.15415912836	
1.06666666667	0.0	0.0	0.0 	0.0 	83.4666666667 	22.0 	0.0 	0.0 	0.0 	-0.0 	22.0 	0.0 	0.0 	0.0 	1.68155333425	-1.26612903226	139.848003833	-8.14575203968	
1.08333333333	0.0	0.0	0.0 	0.0 	83.8333333333 	22.0 	0.0 	0.0 	0.0 	-0.0 	22.0 	0.0 	0.0 	0.0 	1.82984856481	-1.26612903226	139.818910863	-8.13660353463	
1.1	0.0	0.0	0.0 	0.0 	84.2 	22.0 	0.0 	0.0 	0.0 	-0.0 	22.0 	0.0 	0.0 	0.0 	1.97484834581	-1.26612903226	139.787512525	-8.12673008914	
1.11666666667	0.0	0.0	0.0 	0.0 	84.5666666667 	22.0 	0.0 	0.0 	0.0 	-0.0 	22.0 	0.0 	0.0 	0.0 	2.11662590945	-1.26612903226	139.753860049	-8.116147813	
1.13333333333	0.0	0.0	0.0 	0.0 	84.9333333333 	22.0 	0.0 	0.0 	0.0 	-0.0 	22.0 	0.0 	0.0 	0.0 	2.25525286057	-1.26612903226	139.718003528	-8.104872458	
1.15	0.0	0.0	0.0 	0.0 	85.3 	22.0 	0.0 	0.0 	0.0 	-0.0 	22.0 	0.0 	0.0 	0.0 	2.39079921277	-1.26612903226	139.67999194	-8.09291942589	
1.16666666667	0.0	0.0	0.0 	0.0 	85.6666666667 	22.0 	0.0 	0.0 	0.0 	-0.0 	22.0 	0.0 	0.0 	0.0 	2.52333342381	-1.26612903226	139.639873176	-8.08030377615	
1.18333333333	0.0	0.0	0.0 	0.0 	86.0333333333 	22.0 	0.0 	0.0 	0.0 	-0.0 	22.0 	0.0 	0.0 	0.0 	2.65292243017	-1.26612903226	139.597694061	-8.06704023364	
1.2	0.0	0.0	0.0 	0.0 	86.4 	22.0 	0.0 	0.0 	0.0 	-0.0 	22.0 	0.0 	0.0 	0.0 	2.77963168082	-1.26612903226	139.553500382	-8.05314319596	
1.21666666667	0.0	0.0	0.0 	0.0 	86.7666666667 	22.0 	0.0 	0.0 	0.0 	-0.0 	22.0 	0.0 	0.0 	0.0 	2.90352517035	-1.26612903226	139.507336905	-8.03862674078	
1.23333333333	0.0	0.0	0.0 	0.0 	87.1333333333 	22.0 	0.0 	0.0 	0.0 	-0.0 	22.0 	0.0 	0.0 	0.0 	3.02466547123	-1.26612903226	139.459247406	-8.02350463295	
1.25	0.0	0.0	0.0 	0.0 	87.5 	22.0 	0.0 	0.0 	0.0 	-0.0 	22.0 	0.0 	0.0 	0.0 	3.14311376541	-1.26612903226	139.409274683	-8.0077903314	
1.26666666667	0.0	0.0	0.0 	0.0 	87.8666666667 	22.0 	0.0 	0.0 	0.0 	-0.0 	22.0 	0.0 	0.0 	0.0 	3.25892987529	-1.26612903226	139.357460587	-7.99149699599	
1.28333333333	0.0	0.0	0.0 	0.0 	88.2333333333 	22.0 	0.0 	0.0 	0.0 	-0.0 	22.0 	0.0 	0.0 	0.0 	3.37217229383	-1.26612903226	139.303846037	-7.97463749416	
1.3	0.0	0.0	0.0 	0.0 	88.6 	22.0 	0.0 	0.0 	0.0 	-0.0 	22.0 	0.0 	0.0 	0.0 	3.48289821418	-1.26612903226	139.248471043	-7.95722440736	
1.31666666667	0.0	0.0	0.0 	0.0 	88.9666666667 	22.0 	0.0 	0.0 	0.0 	-0.0 	22.0 	0.0 	0.0 	0.0 	3.59116355853	-1.26612903226	139.191374727	-7.9392700375	
1.33333333333	0.0	0.0	0.0 	0.0 	89.3333333333 	22.0 	0.0 	0.0 	0.0 	-0.0 	22.0 	0.0 	0.0 	0.0 	3.69702300633	-1.26612903226	139.132595338	-7.92078641307	
1.35	0.0	0.0	0.0 	0.0 	89.7 	22.0 	0.0 	0.0 	0.0 	-0.0 	22.0 	0.0 	0.0 	0.0 	3.80053002196	-1.26612903226	139.07217028	-7.90178529531	
1.36666666667	0.0	0.0	0.0 	0.0 	90.0666666667 	22.0 	0.0 	0.0 	0.0 	-0.0 	22.0 	0.0 	0.0 	0.0 	3.90173688169	-1.26612903226	139.010136123	-7.88227818404	
1.38333333333	0.0	0.0	0.0 	0.0 	90.4333333333 	22.0 	0.0 	0.0 	0.0 	-0.0 	22.0 	0.0 	0.0 	0.0 	4.00069470009	-1.26612903226	138.946528624	-7.86227632359	
1.4	0.0	0.0	0.0 	0.0 	90.8 	22.0 	0.0 	0.0 	0.0 	-0.0 	22.0 	0.0 	0.0 	0.0 	4.09745345585	-1.26612903226	138.881382746	-7.84179070837	
1.41666666667	0.0	0.0	0.0 	0.0 	91.1666666667 	22.0 	0.0 	0.0 	0.0 	-0.0 	22.0 	0.0 	0.0 	0.0 	4.19206201705	-1.26612903226	138.814732676	-7.82083208849	
1.43333333333	0.0	0.0	0.0 	0.0 	91.5333333333 	22.0 	0.0 	0.0 	0.0 	-0.0 	22.0 	0.0 	0.0 	0.0 	4.28456816578	-1.26612903226	138.746611841	-7.79941097516	
1.45	0.0	0.0	0.0 	0.0 	91.9 	22.0 	0.0 	0.0 	0.0 	-0.0 	22.0 	0.0 	0.0 	0.0 	4.37501862231	-1.26612903226	138.677052923	-7.77753764602	
1.46666666667	0.0	0.0	0.0 	0.0 	92.2666666667 	22.0 	0.0 	0.0 	0.0 	-0.0 	22.0 	0.0 	0.0 	0.0 	4.46345906869	-1.26612903226	138.606087881	-7.75522215031	
1.48333333333	0.0	0.0	0.0 	0.0 	92.6333333333 	22.0 	0.0 	0.0 	0.0 	-0.0 	22.0 	0.0 	0.0 	0.0 	4.54993417183	-1.26612903226	138.533747961	-7.73247431394	
1.5	0.0	0.0	0.0 	0.0 	93.0 	22.0 	0.0 	0.0 	0.0 	-0.0 	22.0 	0.0 	0.0 	0.0 	4.634487606	-1.26612903226	138.460063717	-7.7093037445	
1.51666666667	0.0	0.0	0.0 	0.0 	93.3666666667 	22.0 	0.0 	0.0 	0.0 	-0.0 	22.0 	0.0 	0.0 	0.0 	4.71716207497	-1.26612903226	138.385065022	-7.68571983605	
1.53333333333	0.0	0.0	0.0 	0.0 	93.7333333333 	22.0 	0.0 	0.0 	0.0 	-0.0 	22.0 	0.0 	0.0 	0.0 	4.79799933352	-1.26612903226	138.308781086	-7.66173177389	
1.55	0.0	0.0	0.0 	0.0 	94.1 	22.0 	0.0 	0.0 	0.0 	-0.0 	22.0 	0.0 	0.0 	0.0 	4.87704020855	-1.26612903226	138.23124047	-7.63734853923	
1.56666666667	0.0	0.0	0.0 	0.0 	94.4666666667 	22.0 	0.0 	0.0 	0.0 	-0.0 	22.0 	0.0 	0.0 	0.0 	4.95432461968	-1.26612903226	138.152471101	-7.61257891367	
1.58333333333	0.0	0.0	0.0 	0.0 	94.8333333333 	22.0 	0.0 	0.0 	0.0 	-0.0 	22.0 	0.0 	0.0 	0.0 	5.02989159946	-1.26612903226	138.072500283	-7.58743148369	
1.6	0.0	0.0	0.0 	0.0 	95.2 	22.0 	0.0 	0.0 	0.0 	-0.0 	22.0 	0.0 	0.0 	0.0 	5.10377931302	-1.26612903226	137.991354717	-7.56191464492	
1.61666666667	0.0	0.0	0.0 	0.0 	95.5666666667 	22.0 	0.0 	0.0 	0.0 	-0.0 	22.0 	0.0 	0.0 	0.0 	5.17602507739	-1.26612903226	137.909060507	-7.53603660647	
1.63333333333	0.0	0.0	0.0 	0.0 	95.9333333333 	22.0 	0.0 	0.0 	0.0 	-0.0 	22.0 	0.0 	0.0 	0.0 	5.24666538033	-1.26612903226	137.825643179	-7.50980539498	
1.65	0.0	0.0	0.0 	0.0 	96.3 	22.0 	0.0 	0.0 	0.0 	-0.0 	22.0 	0.0 	0.0 	0.0 	5.31573589876	-1.26612903226	137.74112769	-7.48322885874	
1.66666666667	0.0	0.0	0.0 	0.0 	96.6666666667 	22.0 	0.0 	0.0 	0.0 	-0.0 	22.0 	0.0 	0.0 	0.0 	5.38327151678	-1.26612903226	137.655538446	-7.45631467165	
1.68333333333	0.0	0.0	0.0 	0.0 	97.0333333333 	22.0 	0.0 	0.0 	0.0 	-0.0 	22.0 	0.0 	0.0 	0.0 	5.44930634329	-1.26612903226	137.568899306	-7.42907033705	
1.7	0.0	0.0	0.0 	0.0 	97.4 	22.0 	0.0 	0.0 	0.0 	-0.0 	22.0 	0.0 	0.0 	0.0 	5.51387372921	-1.26612903226	137.481233601	-7.40150319155	
1.71666666667	0.0	0.0	0.0 	0.0 	97.7666666667 	22.0 	0.0 	0.0 	0.0 	-0.0 	22.0 	0.0 	0.0 	0.0 	5.57700628433	-1.26612903226	137.392564146	-7.37362040873	
1.73333333333	0.0	0.0	0.0 	0.0 	98.1333333333 	22.0 	0.0 	0.0 	0.0 	-0.0 	22.0 	0.0 	0.0 	0.0 	5.63873589378	-1.26612903226	137.302913244	-7.34542900275	
1.75	0.0	0.0	0.0 	0.0 	98.5 	22.0 	0.0 	0.0 	0.0 	-0.0 	22.0 	0.0 	0.0 	0.0 	5.69909373414	-1.26612903226	137.212302706	-7.31693583191	
1.76666666667	0.0	0.0	0.0 	0.0 	98.8666666667 	22.0 	0.0 	0.0 	0.0 	-0.0 	22.0 	0.0 	0.0 	0.0 	5.75811028915	-1.26612903226	137.120753857	-7.28814760208	
1.78333333333	0.0	0.0	0.0 	0.0 	99.2333333333 	22.0 	0.0 	0.0 	0.0 	-0.0 	22.0 	0.0 	0.0 	0.0 	5.81581536516	-1.26612903226	137.028287548	-7.25907087015	
1.8	0.0	0.0	0.0 	0.0 	99.6 	22.0 	0.0 	0.0 	0.0 	-0.0 	22.0 	0.0 	0.0 	0.0 	5.87223810615	-1.26612903226	136.934924168	-7.22971204725	
1.81666666667	0.0	0.0	0.0 	0.0 	99.9666666667 	22.0 	0.0 	0.0 	0.0 	-0.0 	22.0 	0.0 	0.0 	0.0 	5.92740700845	-1.26612903226	136.840683652	-7.20007740209	
1.83333333333	0.0	0.0	0.0 	0.0 	100.333333333 	22.0 	0.0 	0.0 	0.0 	-0.0 	22.0 	0.0 	0.0 	0.0 	5.98134993514	-1.26612903226	136.74558549	-7.17017306404	
1.85	0.0	0.0	0.0 	0.0 	100.7 	22.0 	0.0 	0.0 	0.0 	-0.0 	22.0 	0.0 	0.0 	0.0 	6.03409413013	-1.26612903226	136.649648743	-7.14000502629	
1.86666666667	0.0	0.0	0.0 	0.0 	101.066666667 	22.0 	0.0 	0.0 	0.0 	-0.0 	22.0 	0.0 	0.0 	0.0 	6.0856662319	-1.26612903226	136.552892045	-7.10957914882	
1.88333333333	0.0	0.0	0.0 	0.0 	101.433333333 	22.0 	0.0 	0.0 	0.0 	-0.0 	22.0 	0.0 	0.0 	0.0 	6.13609228696	-1.26612903226	136.455333617	-7.07890116141	
1.9	0.0	0.0	0.0 	0.0 	101.8 	22.0 	0.0 	0.0 	0.0 	-0.0 	22.0 	0.0 	0.0 	0.0 	6.18539776302	-1.26612903226	136.356991276	-7.04797666649	
1.91666666667	0.0	0.0	0.0 	0.0 	102.166666667 	22.0 	0.0 	0.0 	0.0 	-0.0 	22.0 	0.0 	0.0 	0.0 	6.23360756184	-1.26612903226	136.257882442	-7.01681114202	
1.93333333333	0.0	0.0	0.0 	0.0 	102.533333333 	22.0 	0.0 	0.0 	0.0 	-0.0 	22.0 	0.0 	0.0 	0.0 	6.28074603179	-1.26612903226	136.158024148	-6.98540994421	
1.95	0.0	0.0	0.0 	0.0 	102.9 	22.0 	0.0 	0.0 	0.0 	-0.0 	22.0 	0.0 	0.0 	0.0 	6.32683698019	-1.26612903226	136.057433049	-6.95377831023	
1.96666666667	0.0	0.0	0.0 	0.0 	103.266666667 	22.0 	0.0 	0.0 	0.0 	-0.0 	22.0 	0.0 	0.0 	0.0 	6.37190368529	-1.26612903226	135.956125429	-6.9219213609	
1.98333333333	0.0	0.0	0.0 	0.0 	103.633333333 	22.0 	0.0 	0.0 	0.0 	-0.0 	22.0 	0.0 	0.0 	0.0 	6.41596890805	-1.26612903226	135.854117212	-6.88984410323	
2.0	0.0	0.0	0.0 	0.0 	104.0 	22.0 	0.0 	0.0 	0.0 	-0.0 	22.0 	0.0 	0.0 	0.0 	6.45905490364	-1.26612903226	135.751423965	-6.85755143295	
2.01666666667	0.0	0.0	0.0 	0.0 	104.366666667 	22.0 	0.0 	0.0 	0.0 	-0.0 	22.0 	0.0 	0.0 	0.0 	6.50118343267	-1.26612903226	135.648060912	-6.82504813701	
2.03333333333	0.0	0.0	0.0 	0.0 	104.733333333 	22.0 	0.0 	0.0 	0.0 	-0.0 	22.0 	0.0 	0.0 	0.0 	6.54237577215	-1.26612903226	135.544042937	-6.79233889598	
2.05	0.0	0.0	0.0 	0.0 	105.1 	22.0 	0.0 	0.0 	0.0 	-0.0 	22.0 	0.0 	0.0 	0.0 	6.58265272632	-1.26612903226	135.439384594	-6.75942828642	
2.06666666667	0.0	0.0	0.0 	0.0 	105.466666667 	22.0 	0.0 	0.0 	0.0 	-0.0 	22.0 	0.0 	0.0 	0.0 	6.62203463706	-1.26612903226	135.334100114	-6.72632078318	
2.08333333333	0.0	0.0	0.0 	0.0 	105.833333333 	22.0 	0.0 	0.0 	0.0 	-0.0 	22.0 	0.0 	0.0 	0.0 	6.66054139423	-1.26612903226	135.22820341	-6.69302076168	
2.1	0.0	0.0	0.0 	0.0 	106.2 	22.0 	0.0 	0.0 	0.0 	-0.0 	22.0 	0.0 	0.0 	0.0 	6.69819244569	-1.26612903226	135.121708088	-6.65953250011	
2.11666666667	0.0	0.0	0.0 	0.0 	106.566666667 	22.0 	0.0 	0.0 	0.0 	-0.0 	22.0 	0.0 	0.0 	0.0 	6.58085337759	-1.24861101243	135.017670749	-6.62480312286	
2.13333333333	0.0	0.0	0.0 	0.0 	106.933333333 	22.0 	0.0 	0.0 	0.0 	-0.0 	22.0 	0.0 	0.0 	0.0 	6.46351430949	-1.23078063977	134.916112842	-6.58887655318	
2.15	0.0	0.0	0.0 	0.0 	107.3 	22.0 	0.0 	0.0 	0.0 	-0.0 	22.0 	0.0 	0.0 	0.0 	6.34617524139	-1.21262657335	134.817055392	-6.55179789024	
2.16666666667	0.0	0.0	0.0 	0.0 	107.666666667 	22.0 	0.0 	0.0 	0.0 	-0.0 	22.0 	0.0 	0.0 	0.0 	6.22883617329	-1.19413684314	134.720518967	-6.51361344414	
2.18333333333	0.0	0.0	0.0 	0.0 	108.033333333 	22.0 	0.0 	0.0 	0.0 	-0.0 	22.0 	0.0 	0.0 	0.0 	6.11149710518	-1.17529880264	134.626523632	-6.47437077214	
2.2	0.0	0.0	0.0 	0.0 	108.4 	22.0 	0.0 	0.0 	0.0 	-0.0 	22.0 	0.0 	0.0 	0.0 	5.99415803708	-1.15609907693	134.535088911	-6.43411871614	
2.21666666667	0.0	0.0	0.0 	0.0 	108.766666667 	22.0 	0.0 	0.0 	0.0 	-0.0 	22.0 	0.0 	0.0 	0.0 	5.87681896898	-1.13652350562	134.446233735	-6.3929074415	
2.23333333333	0.0	0.0	0.0 	0.0 	109.133333333 	22.0 	0.0 	0.0 	0.0 	-0.0 	22.0 	0.0 	0.0 	0.0 	5.75947990088	-1.11655708012	134.359976395	-6.35078847713	
2.25	0.0	0.0	0.0 	0.0 	109.5 	22.0 	0.0 	0.0 	0.0 	-0.0 	22.0 	0.0 	0.0 	0.0 	5.64214083278	-1.09618387453	134.276334488	-6.30781475702	
2.26666666667	0.0	0.0	0.0 	0.0 	109.866666667 	22.0 	0.0 	0.0 	0.0 	-0.0 	22.0 	0.0 	0.0 	0.0 	5.52480176468	-1.07538696932	134.195324856	-6.26404066303	
2.28333333333	0.0	0.0	0.0 	0.0 	110.233333333 	22.0 	0.0 	0.0 	0.0 	-0.0 	22.0 	0.0 	0.0 	0.0 	5.40746269658	-1.0541483669	134.116963524	-6.21952206926	
2.3	0.0	0.0	0.0 	0.0 	110.6 	22.0 	0.0 	0.0 	0.0 	-0.0 	22.0 	0.0 	0.0 	0.0 	5.29012362848	-1.0324488981	134.041265633	-6.17431638767	
2.31666666667	0.0	0.0	0.0 	0.0 	110.966666667 	22.0 	0.0 	0.0 	0.0 	-0.0 	22.0 	0.0 	0.0 	0.0 	5.17278456038	-1.01026811815	133.968245363	-6.12848261529	
2.33333333333	0.0	0.0	0.0 	0.0 	111.333333333 	22.0 	0.0 	0.0 	0.0 	-0.0 	22.0 	0.0 	0.0 	0.0 	5.05544549228	-0.987584191006	133.897915858	-6.0820813827	
2.35	0.0	0.0	0.0 	0.0 	111.7 	22.0 	0.0 	0.0 	0.0 	-0.0 	22.0 	0.0 	0.0 	0.0 	4.93810642418	-0.964373760139	133.830289135	-6.03517500404	
2.36666666667	0.0	0.0	0.0 	0.0 	112.066666667 	22.0 	0.0 	0.0 	0.0 	-0.0 	22.0 	0.0 	0.0 	0.0 	4.82076735608	-0.940611804032	133.765375994	-5.98782752833	
2.38333333333	0.0	0.0	0.0 	0.0 	112.433333333 	22.0 	0.0 	0.0 	0.0 	-0.0 	22.0 	0.0 	0.0 	0.0 	4.70342828798	-0.916271474074	133.70318591	-5.9401047921	
2.4	0.0	0.0	0.0 	0.0 	112.8 	22.0 	0.0 	0.0 	0.0 	-0.0 	22.0 	0.0 	0.0 	0.0 	4.58608921988	-0.891323912228	133.643726931	-5.89207447329	
2.41666666667	0.0	0.0	0.0 	0.0 	113.166666667 	22.0 	0.0 	0.0 	0.0 	-0.0 	22.0 	0.0 	0.0 	0.0 	4.46875015178	-0.865738045387	133.587005548	-5.84380614617	
2.43333333333	0.0	0.0	0.0 	0.0 	113.533333333 	22.0 	0.0 	0.0 	0.0 	-0.0 	22.0 	0.0 	0.0 	0.0 	4.35141108368	-0.839480352718	133.533026571	-5.7953713373	
2.45	0.0	0.0	0.0 	0.0 	113.9 	22.0 	0.0 	0.0 	0.0 	-0.0 	22.0 	0.0 	0.0 	0.0 	4.23407201558	-0.812514601645	133.481792981	-5.74684358215	
2.46666666667	0.0	0.0	0.0 	0.0 	114.266666667 	22.0 	0.0 	0.0 	0.0 	-0.0 	22.0 	0.0 	0.0 	0.0 	4.11673294748	-0.784801547245	133.433305772	-5.6982984822	
2.48333333333	0.0	0.0	0.0 	0.0 	114.633333333 	22.0 	0.0 	0.0 	0.0 	-0.0 	22.0 	0.0 	0.0 	0.0 	3.99939387938	-0.756298588807	133.387563783	-5.64981376213	
2.5	0.0	0.0	0.0 	0.0 	115.0 	22.0 	0.0 	0.0 	0.0 	-0.0 	22.0 	0.0 	0.0 	0.0 	3.88205481128	-0.726959376007	133.344563507	-5.60146932662	
2.51666666667	0.0	0.0	0.0 	0.0 	115.366666667 	22.0 	0.0 	0.0 	0.0 	-0.0 	22.0 	0.0 	0.0 	0.0 	3.76471574318	-0.69673335556	133.304298881	-5.55334731616	
2.53333333333	0.0	0.0	0.0 	0.0 	115.733333333 	22.0 	0.0 	0.0 	0.0 	-0.0 	22.0 	0.0 	0.0 	0.0 	3.64737667508	-0.665565247234	133.266761063	-5.50553216121	
2.55	0.0	0.0	0.0 	0.0 	116.1 	22.0 	0.0 	0.0 	0.0 	-0.0 	22.0 	0.0 	0.0 	0.0 	3.53003760698	-0.633394435565	133.231938174	-5.45811063364	
2.56666666667	0.0	0.0	0.0 	0.0 	116.466666667 	22.0 	0.0 	0.0 	0.0 	-0.0 	22.0 	0.0 	0.0 	0.0 	3.41269853888	-0.600154260483	133.199815024	-5.41117189429	
2.58333333333	0.0	0.0	0.0 	0.0 	116.833333333 	22.0 	0.0 	0.0 	0.0 	-0.0 	22.0 	0.0 	0.0 	0.0 	3.29535947078	-0.565771185986	133.1703728	-5.36480753521	
2.6	0.0	0.0	0.0 	0.0 	117.2 	22.0 	0.0 	0.0 	0.0 	-0.0 	22.0 	0.0 	0.0 	0.0 	3.17802040268	-0.530163820798	133.143588726	-5.31911161449	
2.61666666667	0.0	0.0	0.0 	0.0 	117.566666667 	22.0 	0.0 	0.0 	0.0 	-0.0 	22.0 	0.0 	0.0 	0.0 	3.06068133458	-0.493241758246	133.119435679	-5.27418068142	
2.63333333333	0.0	0.0	0.0 	0.0 	117.933333333 	22.0 	0.0 	0.0 	0.0 	-0.0 	22.0 	0.0 	0.0 	0.0 	2.94334226647	-0.454904193739	133.097881768	-5.23011378871	
2.65	0.0	0.0	0.0 	0.0 	118.3 	22.0 	0.0 	0.0 	0.0 	-0.0 	22.0 	0.0 	0.0 	0.0 	2.82600319837	-0.415038266681	133.078889851	-5.18701248796	
2.66666666667	0.0	0.0	0.0 	0.0 	118.666666667 	22.0 	0.0 	0.0 	0.0 	-0.0 	22.0 	0.0 	0.0 	0.0 	2.70866413027	-0.373517058153	133.062417009	-5.14498080317	
2.68333333333	0.0	0.0	0.0 	0.0 	119.033333333 	22.0 	0.0 	0.0 	0.0 	-0.0 	22.0 	0.0 	0.0 	0.0 	2.59132506217	-0.330197154888	133.04841394	-5.10412517591	
2.7	0.0	0.0	0.0 	0.0 	119.4 	22.0 	0.0 	0.0 	0.0 	-0.0 	22.0 	0.0 	0.0 	0.0 	2.47398599407	-0.28491566172	133.036824285	-5.06455437352	
2.71666666667	0.0	0.0	0.0 	0.0 	119.766666667 	22.0 	0.0 	0.0 	0.0 	-0.0 	22.0 	0.0 	0.0 	0.0 	2.35664692597	-0.23748650554	133.027583855	-5.02637934965	
2.73333333333	0.0	0.0	0.0 	0.0 	120.133333333 	22.0 	0.0 	0.0 	0.0 	-0.0 	22.0 	0.0 	0.0 	0.0 	2.23930785787	-0.187695819117	133.020619769	-4.98971304248	
2.75	0.0	0.0	0.0 	0.0 	120.5 	22.0 	0.0 	0.0 	0.0 	-0.0 	22.0 	0.0 	0.0 	0.0 	2.12196878977	-0.135296115482	133.015849451	-4.95467009186	
2.76666666667	0.0	0.0	0.0 	0.0 	120.866666667 	22.0 	0.0 	0.0 	0.0 	-0.0 	22.0 	0.0 	0.0 	0.0 	2.00462972167	-0.0799988516078	133.0131795	-4.92136645001	
2.78333333333	0.0	0.0	0.0 	0.0 	121.233333333 	22.0 	0.0 	0.0 	0.0 	-0.0 	22.0 	0.0 	0.0 	0.0 	1.88729065357	-0.0214648157049	133.012504379	-4.88991885173	
2.8	0.0	0.0	0.0 	0.0 	121.6 	22.0 	0.0 	0.0 	0.0 	-0.0 	22.0 	0.0 	0.0 	0.0 	1.76995158547	0.0407084737555	133.013704915	-4.860444098	
2.81666666667	0.0	0.0	0.0 	0.0 	121.966666667 	22.0 	0.0 	0.0 	0.0 	-0.0 	22.0 	0.0 	0.0 	0.0 	1.65261251737	0.107003545928	133.016646551	-4.83305808911	
2.83333333333	0.0	0.0	0.0 	0.0 	122.333333333 	22.0 	0.0 	0.0 	0.0 	-0.0 	22.0 	0.0 	0.0 	0.0 	1.53527344927	0.178005711812	133.021177326	-4.80787451836	
2.85	0.0	0.0	0.0 	0.0 	122.7 	22.0 	0.0 	0.0 	0.0 	-0.0 	22.0 	0.0 	0.0 	0.0 	1.41793438117	0.254434486214	133.027125516	-4.78500309998	
2.86666666667	0.0	0.0	0.0 	0.0 	123.066666667 	22.0 	0.0 	0.0 	0.0 	-0.0 	22.0 	0.0 	0.0 	0.0 	1.30059531307	0.337188011101	133.034296885	-4.76454714834	
2.88333333333	0.0	0.0	0.0 	0.0 	123.433333333 	22.0 	0.0 	0.0 	0.0 	-0.0 	22.0 	0.0 	0.0 	0.0 	1.18325624497	0.427407518216	133.042471469	-4.74660023893	
2.9	0.0	0.0	0.0 	0.0 	123.8 	22.0 	0.0 	0.0 	0.0 	-0.0 	22.0 	0.0 	0.0 	0.0 	1.06591717687	0.526573754269	133.051399843	-4.73124154342	
2.91666666667	0.0	0.0	0.0 	0.0 	124.166666667 	22.0 	0.0 	0.0 	0.0 	-0.0 	22.0 	0.0 	0.0 	0.0 	0.948578108769	0.636656479875	133.060798834	-4.71852920542	
2.93333333333	0.0	0.0	0.0 	0.0 	124.533333333 	22.0 	0.0 	0.0 	0.0 	-0.0 	22.0 	0.0 	0.0 	0.0 	0.831239040669	0.760356433538	133.070346719	-4.70849074147	
2.95	0.0	0.0	0.0 	0.0 	124.9 	22.0 	0.0 	0.0 	0.0 	-0.0 	22.0 	0.0 	0.0 	0.0 	0.713899972568	0.901518075809	133.079678221	-4.70110877656	
2.96666666667	0.0	0.0	0.0 	0.0 	125.266666667 	22.0 	0.0 	0.0 	0.0 	-0.0 	22.0 	0.0 	0.0 	0.0 	0.596560904468	1.06588153373	133.088380212	-4.69629917461	
2.98333333333	0.0	0.0	0.0 	0.0 	125.633333333 	22.0 	0.0 	0.0 	0.0 	-0.0 	22.0 	0.0 	0.0 	0.0 	0.479221836367	1.26257405451	133.095990849	-4.69387618775	
3.0	0.0	0.0	0.0 	0.0 	126.0 	22.0 	0.0 	0.0 	0.0 	-0.0 	22.0 	0.0 	0.0 	0.0 	0.361882768267	1.50742739632	133.102010122	-4.69349424143	
3.01666666667	0.0	0.0	0.0 	0.0 	126.366666667 	22.0 	0.0 	0.0 	0.0 	-0.0 	22.0 	0.0 	0.0 	0.0 	0.244543700167	1.73120660856	133.106033526	-4.69414522994	
3.03333333333	0.0	0.0	0.0 	0.0 	126.733333333 	22.0 	0.0 	0.0 	0.0 	-0.0 	22.0 	0.0 	0.0 	0.0 	0.127204632066	1.92206686861	133.108024143	-4.69487472952	
3.05	0.0	0.0	0.0 	0.0 	127.1 	22.0 	0.0 	0.0 	0.0 	-0.0 	22.0 	0.0 	0.0 	0.0 	0.00986556396603	2.08585808982	133.108167237	-4.69495572392	
3.06666666667	0.0	0.0	0.0 	0.0 	127.466666667 	22.0 	0.0 	0.0 	0.0 	-0.0 	22.0 	0.0 	0.0 	0.0 	0.195309411649	2.2274777958	133.110745395	-4.69694297071	
3.08333333333	0.0	0.0	0.0 	0.0 	127.833333333 	22.0 	0.0 	0.0 	0.0 	-0.0 	22.0 	0.0 	0.0 	0.0 	0.376632284938	2.34549421744	133.115231288	-4.70133387675	
3.1	0.0	0.0	0.0 	0.0 	128.2 	22.0 	0.0 	0.0 	0.0 	-0.0 	22.0 	0.0 	0.0 	0.0 	0.553925761043	2.44384123548	133.121162875	-4.7084083288	
3.11666666667	0.0	0.0	0.0 	0.0 	128.566666667 	22.0 	0.0 	0.0 	0.0 	-0.0 	22.0 	0.0 	0.0 	0.0 	0.727279382124	2.52579708384	133.12816425	-4.71830313664	
3.13333333333	0.0	0.0	0.0 	0.0 	128.933333333 	22.0 	0.0 	0.0 	0.0 	-0.0 	22.0 	0.0 	0.0 	0.0 	0.896780700514	2.59409362415	133.135944622	-4.73106476065	
3.15	0.0	0.0	0.0 	0.0 	129.3 	22.0 	0.0 	0.0 	0.0 	-0.0 	22.0 	0.0 	0.0 	0.0 	1.06251532294	2.65100740773	133.144287885	-4.74668475017	
3.16666666667	0.0	0.0	0.0 	0.0 	129.666666667 	22.0 	0.0 	0.0 	0.0 	-0.0 	22.0 	0.0 	0.0 	0.0 	1.22456695376	2.69843556072	133.153039329	-4.76512269612	
3.18333333333	0.0	0.0	0.0 	0.0 	130.033333333 	22.0 	0.0 	0.0 	0.0 	-0.0 	22.0 	0.0 	0.0 	0.0 	1.38301743722	2.73795902155	133.16209262	-4.78632066339	
3.2	0.0	0.0	0.0 	0.0 	130.4 	22.0 	0.0 	0.0 	0.0 	-0.0 	22.0 	0.0 	0.0 	0.0 	1.53794679883	2.7708952389	133.171378373	-4.81021202413	
3.21666666667	0.0	0.0	0.0 	0.0 	130.766666667 	22.0 	0.0 	0.0 	0.0 	-0.0 	22.0 	0.0 	0.0 	0.0 	1.68943328574	2.79834208669	133.18085468	-4.83672671276	
3.23333333333	0.0	0.0	0.0 	0.0 	131.133333333 	22.0 	0.0 	0.0 	0.0 	-0.0 	22.0 	0.0 	0.0 	0.0 	1.83755340627	2.82121445986	133.190499555	-4.8657942468	
3.25	0.0	0.0	0.0 	0.0 	131.5 	22.0 	0.0 	0.0 	0.0 	-0.0 	22.0 	0.0 	0.0 	0.0 	1.98238196857	2.84027477083	133.200305043	-4.89734538222	
3.26666666667	0.0	0.0	0.0 	0.0 	131.866666667 	22.0 	0.0 	0.0 	0.0 	-0.0 	22.0 	0.0 	0.0 	0.0 	2.12399211837	2.8561583633	133.210272733	-4.931312953	
3.28333333333	0.0	0.0	0.0 	0.0 	132.233333333 	22.0 	0.0 	0.0 	0.0 	-0.0 	22.0 	0.0 	0.0 	0.0 	2.26245537596	2.86939469036	133.220410385	-4.96763223599	
3.3	0.0	0.0	0.0 	0.0 	132.6 	22.0 	0.0 	0.0 	0.0 	-0.0 	22.0 	0.0 	0.0 	0.0 	2.39784167226	2.88042496291	133.23072945	-5.00624104886	
3.31666666667	0.0	0.0	0.0 	0.0 	132.966666667 	22.0 	0.0 	0.0 	0.0 	-0.0 	22.0 	0.0 	0.0 	0.0 	2.5302193842	2.8896168567	133.241243264	-5.04707970527	
3.33333333333	0.0	0.0	0.0 	0.0 	133.333333333 	22.0 	0.0 	0.0 	0.0 	-0.0 	22.0 	0.0 	0.0 	0.0 	2.65965536921	2.8972767682	133.251965779	-5.09009089985	
3.35	0.0	0.0	0.0 	0.0 	133.7 	22.0 	0.0 	0.0 	0.0 	-0.0 	22.0 	0.0 	0.0 	0.0 	2.786214999	2.90366002778	133.262910682	-5.13521956406	
3.36666666667	0.0	0.0	0.0 	0.0 	134.066666667 	22.0 	0.0 	0.0 	0.0 	-0.0 	22.0 	0.0 	0.0 	0.0 	2.90996219257	2.90897941076	133.274090813	-5.18241271547	
3.38333333333	0.0	0.0	0.0 	0.0 	134.433333333 	22.0 	0.0 	0.0 	0.0 	-0.0 	22.0 	0.0 	0.0 	0.0 	3.03095944851	2.91341222991	133.285517807	-5.23161931186	
3.4	0.0	0.0	0.0 	0.0 	134.8 	22.0 	0.0 	0.0 	0.0 	-0.0 	22.0 	0.0 	0.0 	0.0 	3.14926787653	2.91710624587	133.29720189	-5.28279011559	
3.41666666667	0.0	0.0	0.0 	0.0 	135.166666667 	22.0 	0.0 	0.0 	0.0 	-0.0 	22.0 	0.0 	0.0 	0.0 	3.26494722838	2.9201845925	133.309151789	-5.33587756991	
3.43333333333	0.0	0.0	0.0 	0.0 	135.533333333 	22.0 	0.0 	0.0 	0.0 	-0.0 	22.0 	0.0 	0.0 	0.0 	3.37805592797	2.92274988136	133.321374729	-5.3908356875	
3.45	0.0	0.0	0.0 	0.0 	135.9 	22.0 	0.0 	0.0 	0.0 	-0.0 	22.0 	0.0 	0.0 	0.0 	3.48865110089	2.92488762208	133.333876478	-5.44761995039	
3.46666666667	0.0	0.0	0.0 	0.0 	136.266666667 	22.0 	0.0 	0.0 	0.0 	-0.0 	22.0 	0.0 	0.0 	0.0 	3.59678860331	2.92666907268	133.346661429	-5.50618722025	
3.48333333333	0.0	0.0	0.0 	0.0 	136.633333333 	22.0 	0.0 	0.0 	0.0 	-0.0 	22.0 	0.0 	0.0 	0.0 	3.70252305012	2.92815361484	133.359732702	-5.56649565778	
3.5	0.0	0.0	0.0 	0.0 	137.0 	22.0 	0.0 	0.0 	0.0 	-0.0 	22.0 	0.0 	0.0 	0.0 	3.80590784255	2.92939073331	133.37309226	-5.62850465026	
3.51666666667	0.0	0.0	0.0 	0.0 	137.366666667 	22.0 	0.0 	0.0 	0.0 	-0.0 	22.0 	0.0 	0.0 	0.0 	3.90699519516	2.93042166537	133.386741023	-5.69217474611	
3.53333333333	0.0	0.0	0.0 	0.0 	137.733333333 	22.0 	0.0 	0.0 	0.0 	-0.0 	22.0 	0.0 	0.0 	0.0 	4.00583616215	2.93128077542	133.40067899	-5.75746759577	
3.55	0.0	0.0	0.0 	0.0 	138.1 	22.0 	0.0 	0.0 	0.0 	-0.0 	22.0 	0.0 	0.0 	0.0 	4.1024806632	2.93199670046	133.414905348	-5.82434589794	
3.56666666667	0.0	0.0	0.0 	0.0 	138.466666667 	22.0 	0.0 	0.0 	0.0 	-0.0 	22.0 	0.0 	0.0 	0.0 	4.19697750868	2.93259330466	133.429418575	-5.89277335074	
3.58333333333	0.0	0.0	0.0 	0.0 	138.833333333 	22.0 	0.0 	0.0 	0.0 	-0.0 	22.0 	0.0 	0.0 	0.0 	4.28937442426	2.93309047483	133.444216542	-5.96271460709	
3.6	0.0	0.0	0.0 	0.0 	139.2 	22.0 	0.0 	0.0 	0.0 	-0.0 	22.0 	0.0 	0.0 	0.0 	4.37971807504	2.9335047833	133.459296597	-6.03413523391	
3.61666666667	0.0	0.0	0.0 	0.0 	139.566666667 	22.0 	0.0 	0.0 	0.0 	-0.0 	22.0 	0.0 	0.0 	0.0 	4.46805408915	2.93385004036	133.47465565	-6.10700167466	
3.63333333333	0.0	0.0	0.0 	0.0 	139.933333333 	22.0 	0.0 	0.0 	0.0 	-0.0 	22.0 	0.0 	0.0 	0.0 	4.55442708071	2.93413775458	133.490290243	-6.18128121487	
3.65	0.0	0.0	0.0 	0.0 	140.3 	22.0 	0.0 	0.0 	0.0 	-0.0 	22.0 	0.0 	0.0 	0.0 	4.63888067247	2.93437751643	133.50619661	-6.25694195038	
3.66666666667	0.0	0.0	0.0 	0.0 	140.666666667 	22.0 	0.0 	0.0 	0.0 	-0.0 	22.0 	0.0 	0.0 	0.0 	4.72145751774	2.93457731797	133.52237074	-6.33395275792	
3.68333333333	0.0	0.0	0.0 	0.0 	141.033333333 	22.0 	0.0 	0.0 	0.0 	-0.0 	22.0 	0.0 	0.0 	0.0 	4.80219932201	2.93474381925	133.538808423	-6.41228326786	
3.7	0.0	0.0	0.0 	0.0 	141.4 	22.0 	0.0 	0.0 	0.0 	-0.0 	22.0 	0.0 	0.0 	0.0 	4.88114686395	2.93488257032	133.555505292	-6.49190383883	
3.71666666667	0.0	0.0	0.0 	0.0 	141.766666667 	22.0 	0.0 	0.0 	0.0 	-0.0 	22.0 	0.0 	0.0 	0.0 	4.95834001608	2.93499819621	133.572456862	-6.57278553406	
3.73333333333	0.0	0.0	0.0 	0.0 	142.133333333 	22.0 	0.0 	0.0 	0.0 	-0.0 	22.0 	0.0 	0.0 	0.0 	5.03381776483	2.93509455112	133.589658564	-6.65490009925	
3.75	0.0	0.0	0.0 	0.0 	142.5 	22.0 	0.0 	0.0 	0.0 	-0.0 	22.0 	0.0 	0.0 	0.0 	5.10761823027	2.93517484688	133.607105769	-6.73821994179	
3.76666666667	0.0	0.0	0.0 	0.0 	142.866666667 	22.0 	0.0 	0.0 	0.0 	-0.0 	22.0 	0.0 	0.0 	0.0 	5.17977868537	2.93524176001	133.624793813	-6.82271811122	
3.78333333333	0.0	0.0	0.0 	0.0 	143.233333333 	22.0 	0.0 	0.0 	0.0 	-0.0 	22.0 	0.0 	0.0 	0.0 	5.2503355748	2.93529752095	133.642718022	-6.90836828078	
3.8	0.0	0.0	0.0 	0.0 	143.6 	22.0 	0.0 	0.0 	0.0 	-0.0 	22.0 	0.0 	0.0 	0.0 	5.31932453335	2.93534398841	133.66087372	-6.99514472996	
3.81666666667	0.0	0.0	0.0 	0.0 	143.966666667 	22.0 	0.0 	0.0 	0.0 	-0.0 	22.0 	0.0 	0.0 	0.0 	5.38678040393	2.93538271128	133.679256254	-7.08302232791	
3.83333333333	0.0	0.0	0.0 	0.0 	144.333333333 	22.0 	0.0 	0.0 	0.0 	-0.0 	22.0 	0.0 	0.0 	0.0 	5.45273725517	2.93541498035	133.697860996	-7.17197651772	
3.85	0.0	0.0	0.0 	0.0 	144.7 	22.0 	0.0 	0.0 	0.0 	-0.0 	22.0 	0.0 	0.0 	0.0 	5.51722839861	2.93544187123	133.716683362	-7.26198330134	
3.86666666667	0.0	0.0	0.0 	0.0 	145.066666667 	22.0 	0.0 	0.0 	0.0 	-0.0 	22.0 	0.0 	0.0 	0.0 	5.58028640552	2.93546428031	133.735718814	-7.35301922523	
3.88333333333	0.0	0.0	0.0 	0.0 	145.433333333 	22.0 	0.0 	0.0 	0.0 	-0.0 	22.0 	0.0 	0.0 	0.0 	5.64194312339	2.93548295453	133.754962871	-7.44506136661	
3.9	0.0	0.0	0.0 	0.0 	145.8 	22.0 	0.0 	0.0 	0.0 	-0.0 	22.0 	0.0 	0.0 	0.0 	5.70222969197	2.93549851639	133.774411111	-7.53808732019	
3.91666666667	0.0	0.0	0.0 	0.0 	146.166666667 	22.0 	0.0 	0.0 	0.0 	-0.0 	22.0 	0.0 	0.0 	0.0 	5.76117655903	2.9355114846	133.794059178	-7.63207518548	
3.93333333333	0.0	0.0	0.0 	0.0 	146.533333333 	22.0 	0.0 	0.0 	0.0 	-0.0 	22.0 	0.0 	0.0 	0.0 	5.81881349571	2.93552229145	133.813902786	-7.72700355451	
3.95	0.0	0.0	0.0 	0.0 	146.9 	22.0 	0.0 	0.0 	0.0 	-0.0 	22.0 	0.0 	0.0 	0.0 	5.87516961158	2.93553129715	133.833937719	-7.82285150003	
3.96666666667	0.0	0.0	0.0 	0.0 	147.266666667 	22.0 	0.0 	0.0 	0.0 	-0.0 	22.0 	0.0 	0.0 	0.0 	5.93027336932	2.9355388019	133.854159836	-7.91959856404	
3.98333333333	0.0	0.0	0.0 	0.0 	147.633333333 	22.0 	0.0 	0.0 	0.0 	-0.0 	22.0 	0.0 	0.0 	0.0 	5.9841525991	2.93554505586	133.874565069	-8.01722474673	
4.0	0.0	0.0	0.0 	0.0 	148.0 	22.0 	0.0 	0.0 	0.0 	-0.0 	22.0 	0.0 	0.0 	0.0 	6.03683451267	2.9355502675	133.895149428	-8.11571049574	
4.01666666667	0.0	0.0	0.0 	0.0 	148.366666667 	22.0 	0.0 	0.0 	0.0 	-0.0 	22.0 	0.0 	0.0 	0.0 	6.08834571705	2.93555461053	133.915908998	-8.2150366958	
4.03333333333	0.0	0.0	0.0 	0.0 	148.733333333 	22.0 	0.0 	0.0 	0.0 	-0.0 	22.0 	0.0 	0.0 	0.0 	6.13871222799	2.93555822972	133.936839942	-8.31518465854	
4.05	0.0	0.0	0.0 	0.0 	149.1 	22.0 	0.0 	0.0 	0.0 	-0.0 	22.0 	0.0 	0.0 	0.0 	6.18795948314	2.93556124571	133.957938498	-8.41613611275	
4.06666666667	0.0	0.0	0.0 	0.0 	149.466666667 	22.0 	0.0 	0.0 	0.0 	-0.0 	22.0 	0.0 	0.0 	0.0 	6.23611235484	2.93556375903	133.97920098	-8.51787319478	
4.08333333333	0.0	0.0	0.0 	0.0 	149.833333333 	22.0 	0.0 	0.0 	0.0 	-0.0 	22.0 	0.0 	0.0 	0.0 	6.28319516273	2.93556585347	134.00062378	-8.62037843925	
4.1	0.0	0.0	0.0 	0.0 	150.2 	22.0 	0.0 	0.0 	0.0 	-0.0 	22.0 	0.0 	0.0 	0.0 	6.32923168599	2.93556759884	134.022203364	-8.72363477001	
4.11666666667	0.0	0.0	0.0 	0.0 	150.566666667 	22.0 	0.0 	0.0 	0.0 	-0.0 	22.0 	0.0 	0.0 	0.0 	6.37424517541	2.93556905331	134.04393627	-8.8276254913	
4.13333333333	0.0	0.0	0.0 	0.0 	150.933333333 	22.0 	0.0 	0.0 	0.0 	-0.0 	22.0 	0.0 	0.0 	0.0 	6.41825836506	2.93557026537	134.065819111	-8.93233427917	
4.15	0.0	0.0	0.0 	0.0 	151.3 	22.0 	0.0 	0.0 	0.0 	-0.0 	22.0 	0.0 	0.0 	0.0 	6.46129348383	2.93557127542	134.087848573	-9.03774517307	
4.16666666667	0.0	0.0	0.0 	0.0 	151.666666667 	22.0 	0.0 	0.0 	0.0 	-0.0 	22.0 	0.0 	0.0 	0.0 	6.50337226663	2.93557211713	134.110021412	-9.1438425677	
4.18333333333	0.0	0.0	0.0 	0.0 	152.033333333 	22.0 	0.0 	0.0 	0.0 	-0.0 	22.0 	0.0 	0.0 	0.0 	6.54451596536	2.93557281855	134.132334452	-9.25061120501	
4.2	0.0	0.0	0.0 	0.0 	152.4 	22.0 	0.0 	0.0 	0.0 	-0.0 	22.0 	0.0 	0.0 	0.0 	6.58474535968	2.93557340307	134.154784588	-9.35803616642	
4.21666666667	0.0	0.0	0.0 	0.0 	152.766666667 	22.0 	0.0 	0.0 	0.0 	-0.0 	22.0 	0.0 	0.0 	0.0 	6.62408076746	2.93557389017	134.177368783	-9.46610286518	
4.23333333333	0.0	0.0	0.0 	0.0 	153.133333333 	22.0 	0.0 	0.0 	0.0 	-0.0 	22.0 	0.0 	0.0 	0.0 	6.66254205506	2.93557429609	134.200084063	-9.574797039	
4.25	0.0	0.0	0.0 	0.0 	153.5 	22.0 	0.0 	0.0 	0.0 	-0.0 	22.0 	0.0 	0.0 	0.0 	6.70014864739	2.93557463435	134.222927523	-9.68410474275	
4.26666666667	0.0	0.0	0.0 	0.0 	153.866666667 	22.0 	0.0 	0.0 	0.0 	-0.0 	22.0 	0.0 	0.0 	0.0 	6.73691953766	2.93557491624	134.245896318	-9.79401234139	
4.28333333333	0.0	0.0	0.0 	0.0 	154.233333333 	22.0 	0.0 	0.0 	0.0 	-0.0 	22.0 	0.0 	0.0 	0.0 	6.77287329704	2.93557515114	134.268987668	-9.90450650306	
4.3	0.0	0.0	0.0 	0.0 	154.6 	22.0 	0.0 	0.0 	0.0 	-0.0 	22.0 	0.0 	0.0 	0.0 	6.80802808399	2.9355753469	134.292198852	-10.0155741923	
4.31666666667	0.0	0.0	0.0 	0.0 	154.966666667 	22.0 	0.0 	0.0 	0.0 	-0.0 	22.0 	0.0 	0.0 	0.0 	6.84240165345	2.93557551002	134.315527211	-10.1272026634	
4.33333333333	0.0	0.0	0.0 	0.0 	155.333333333 	22.0 	0.0 	0.0 	0.0 	-0.0 	22.0 	0.0 	0.0 	0.0 	6.87601136581	2.93557564596	134.338970143	-10.2393794541	
4.35	0.0	0.0	0.0 	0.0 	155.7 	22.0 	0.0 	0.0 	0.0 	-0.0 	22.0 	0.0 	0.0 	0.0 	6.90887419567	2.93557575925	134.362525104	-10.352092379	
4.36666666667	0.0	0.0	0.0 	0.0 	156.066666667 	22.0 	0.0 	0.0 	0.0 	-0.0 	22.0 	0.0 	0.0 	0.0 	6.94100674043	2.93557585365	134.386189606	-10.4653295237	
4.38333333333	0.0	0.0	0.0 	0.0 	156.433333333 	22.0 	0.0 	0.0 	0.0 	-0.0 	22.0 	0.0 	0.0 	0.0 	6.97242522863	2.93557593232	134.409961217	-10.5790792385	
4.4	0.0	0.0	0.0 	0.0 	156.8 	22.0 	0.0 	0.0 	0.0 	-0.0 	22.0 	0.0 	0.0 	0.0 	7.00314552821	2.93557599788	134.433837557	-10.6933301328	
4.41666666667	0.0	0.0	0.0 	0.0 	157.166666667 	22.0 	0.0 	0.0 	0.0 	-0.0 	22.0 	0.0 	0.0 	0.0 	7.03318315446	2.93557605251	134.4578163	-10.808071069	
4.43333333333	0.0	0.0	0.0 	0.0 	157.533333333 	22.0 	0.0 	0.0 	0.0 	-0.0 	22.0 	0.0 	0.0 	0.0 	7.06255327791	2.93557609804	134.481895172	-10.9232911571	
4.45	0.0	0.0	0.0 	0.0 	157.9 	22.0 	0.0 	0.0 	0.0 	-0.0 	22.0 	0.0 	0.0 	0.0 	7.09127073195	2.93557613597	134.506071948	-11.0389797492	
4.46666666667	0.0	0.0	0.0 	0.0 	158.266666667 	22.0 	0.0 	0.0 	0.0 	-0.0 	22.0 	0.0 	0.0 	0.0 	7.11935002035	2.93557616759	134.530344453	-11.1551264339	
4.48333333333	0.0	0.0	0.0 	0.0 	158.633333333 	22.0 	0.0 	0.0 	0.0 	-0.0 	22.0 	0.0 	0.0 	0.0 	7.14680532455	2.93557619394	134.554710561	-11.2717210312	
4.5	0.0	0.0	0.0 	0.0 	159.0 	22.0 	0.0 	0.0 	0.0 	-0.0 	22.0 	0.0 	0.0 	0.0 	7.17365051089	2.93557621589	134.579168191	-11.3887535875	
4.51666666667	0.0	0.0	0.0 	0.0 	159.366666667 	22.0 	0.0 	0.0 	0.0 	-0.0 	22.0 	0.0 	0.0 	0.0 	7.19989913753	2.93557623419	134.60371531	-11.5062143704	
4.53333333333	0.0	0.0	0.0 	0.0 	159.733333333 	22.0 	0.0 	0.0 	0.0 	-0.0 	22.0 	0.0 	0.0 	0.0 	7.22556446136	2.93557624943	134.62834993	-11.6240938634	
4.55	0.0	0.0	0.0 	0.0 	160.1 	22.0 	0.0 	0.0 	0.0 	-0.0 	22.0 	0.0 	0.0 	0.0 	7.25065944465	2.93557626214	134.653070106	-11.7423827621	
4.56666666667	0.0	0.0	0.0 	0.0 	160.466666667 	22.0 	0.0 	0.0 	0.0 	-0.0 	22.0 	0.0 	0.0 	0.0 	7.27519676165	2.93557627273	134.677873938	-11.8610719683	
4.58333333333	0.0	0.0	0.0 	0.0 	160.833333333 	22.0 	0.0 	0.0 	0.0 	-0.0 	22.0 	0.0 	0.0 	0.0 	7.29918880494	2.93557628155	134.702759567	-11.9801525864	
4.6	0.0	0.0	0.0 	0.0 	161.2 	22.0 	0.0 	0.0 	0.0 	-0.0 	22.0 	0.0 	0.0 	0.0 	7.32264769171	2.9355762889	134.727725174	-12.0996159182	
4.61666666667	0.0	0.0	0.0 	0.0 	161.566666667 	22.0 	0.0 	0.0 	0.0 	-0.0 	22.0 	0.0 	0.0 	0.0 	7.34558526989	2.93557629503	134.752768984	-12.2194534591	
4.63333333333	0.0	0.0	0.0 	0.0 	161.933333333 	22.0 	0.0 	0.0 	0.0 	-0.0 	22.0 	0.0 	0.0 	0.0 	7.36801312411	2.93557630014	134.777889258	-12.3396568932	
4.65	0.0	0.0	0.0 	0.0 	162.3 	22.0 	0.0 	0.0 	0.0 	-0.0 	22.0 	0.0 	0.0 	0.0 	7.38994258157	2.93557630439	134.803084297	-12.4602180895	
4.66666666667	0.0	0.0	0.0 	0.0 	162.666666667 	22.0 	0.0 	0.0 	0.0 	-0.0 	22.0 	0.0 	0.0 	0.0 	7.41138471775	2.93557630794	134.82835244	-12.5811290977	
4.68333333333	0.0	0.0	0.0 	0.0 	163.033333333 	22.0 	0.0 	0.0 	0.0 	-0.0 	22.0 	0.0 	0.0 	0.0 	7.43235036201	2.93557631089	134.853692061	-12.7023821443	
4.7	0.0	0.0	0.0 	0.0 	163.4 	22.0 	0.0 	0.0 	0.0 	-0.0 	22.0 	0.0 	0.0 	0.0 	7.45285010307	2.93557631335	134.879101574	-12.8239696284	
4.71666666667	0.0	0.0	0.0 	0.0 	163.766666667 	22.0 	0.0 	0.0 	0.0 	-0.0 	22.0 	0.0 	0.0 	0.0 	7.47289429433	2.93557631541	134.904579425	-12.945884118	
4.73333333333	0.0	0.0	0.0 	0.0 	164.133333333 	22.0 	0.0 	0.0 	0.0 	-0.0 	22.0 	0.0 	0.0 	0.0 	7.49249305911	2.93557631712	134.930124095	-13.0681183463	
4.75	0.0	0.0	0.0 	0.0 	164.5 	22.0 	0.0 	0.0 	0.0 	-0.0 	22.0 	0.0 	0.0 	0.0 	7.51165629579	2.93557631854	134.955734099	-13.1906652081	
4.76666666667	0.0	0.0	0.0 	0.0 	164.866666667 	22.0 	0.0 	0.0 	0.0 	-0.0 	22.0 	0.0 	0.0 	0.0 	7.53039368277	2.93557631973	134.981407986	-13.3135177559	
4.78333333333	0.0	0.0	0.0 	0.0 	165.233333333 	22.0 	0.0 	0.0 	0.0 	-0.0 	22.0 	0.0 	0.0 	0.0 	7.54871468337	2.93557632072	135.007144335	-13.4366691966	
4.8	0.0	0.0	0.0 	0.0 	165.6 	22.0 	0.0 	0.0 	0.0 	-0.0 	22.0 	0.0 	0.0 	0.0 	7.56662855062	2.93557632154	135.03294176	-13.5601128882	
4.81666666667	0.0	0.0	0.0 	0.0 	165.966666667 	22.0 	0.0 	0.0 	0.0 	-0.0 	22.0 	0.0 	0.0 	0.0 	7.58414433193	2.93557632223	135.058798902	-13.6838423363	
4.83333333333	0.0	0.0	0.0 	0.0 	166.333333333 	22.0 	0.0 	0.0 	0.0 	-0.0 	22.0 	0.0 	0.0 	0.0 	7.60127087366	2.9355763228	135.084714435	-13.8078511907	
4.85	0.0	0.0	0.0 	0.0 	166.7 	22.0 	0.0 	0.0 	0.0 	-0.0 	22.0 	0.0 	0.0 	0.0 	7.61801682557	2.93557632328	135.11068706	-13.9321332424	
4.86666666667	0.0	0.0	0.0 	0.0 	167.066666667 	22.0 	0.0 	0.0 	0.0 	-0.0 	22.0 	0.0 	0.0 	0.0 	7.63439064522	2.93557632368	135.136715511	-14.0566824202	
4.88333333333	0.0	0.0	0.0 	0.0 	167.433333333 	22.0 	0.0 	0.0 	0.0 	-0.0 	22.0 	0.0 	0.0 	0.0 	7.6504006022	2.93557632401	135.162798545	-14.1814927882	
4.9	0.0	0.0	0.0 	0.0 	167.8 	22.0 	0.0 	0.0 	0.0 	-0.0 	22.0 	0.0 	0.0 	0.0 	7.66605478237	2.93557632429	135.188934949	-14.3065585419	
4.91666666667	0.0	0.0	0.0 	0.0 	168.166666667 	22.0 	0.0 	0.0 	0.0 	-0.0 	22.0 	0.0 	0.0 	0.0 	7.68136109187	2.93557632452	135.215123539	-14.4318740063	
4.93333333333	0.0	0.0	0.0 	0.0 	168.533333333 	22.0 	0.0 	0.0 	0.0 	-0.0 	22.0 	0.0 	0.0 	0.0 	7.69632726115	2.93557632471	135.241363154	-14.5574336322	
4.95	0.0	0.0	0.0 	0.0 	168.9 	22.0 	0.0 	0.0 	0.0 	-0.0 	22.0 	0.0 	0.0 	0.0 	7.7109608489	2.93557632487	135.26765266	-14.6832319937	
4.96666666667	0.0	0.0	0.0 	0.0 	169.266666667 	22.0 	0.0 	0.0 	0.0 	-0.0 	22.0 	0.0 	0.0 	0.0 	7.7252692458	2.935576325	135.293990948	-14.8092637857	
4.98333333333	0.0	0.0	0.0 	0.0 	169.633333333 	22.0 	0.0 	0.0 	0.0 	-0.0 	22.0 	0.0 	0.0 	0.0 	7.73925967833	2.93557632511	135.320376936	-14.9355238207	
5.0	0.0	0.0	0.0 	0.0 	170.0 	22.0 	0.0 	0.0 	0.0 	-0.0 	22.0 	0.0 	0.0 	0.0 	7.75293921236	2.9355763252	135.346809561	-15.0620070268	
5.01666666667	0.0	0.0	0.0 	0.0 	170.366666667 	22.0 	0.0 	0.0 	0.0 	-0.0 	22.0 	0.0 	0.0 	0.0 	7.76631475675	2.93557632528	135.373287789	-15.1887084445	
5.03333333333	0.0	0.0	0.0 	0.0 	170.733333333 	22.0 	0.0 	0.0 	0.0 	-0.0 	22.0 	0.0 	0.0 	0.0 	7.77939306681	2.93557632535	135.399810606	-15.3156232248	
5.05	0.0	0.0	0.0 	0.0 	171.1 	22.0 	0.0 	0.0 	0.0 	-0.0 	22.0 	0.0 	0.0 	0.0 	7.79218074776	2.9355763254	135.42637702	-15.4427466262	
5.06666666667	0.0	0.0	0.0 	0.0 	171.466666667 	22.0 	0.0 	0.0 	0.0 	-0.0 	22.0 	0.0 	0.0 	0.0 	7.80468425803	2.93557632544	135.452986064	-15.5700740126	
5.08333333333	0.0	0.0	0.0 	0.0 	171.833333333 	22.0 	0.0 	0.0 	0.0 	-0.0 	22.0 	0.0 	0.0 	0.0 	7.81690991251	2.93557632548	135.479636789	-15.6976008512	
5.1	0.0	0.0	0.0 	0.0 	172.2 	22.0 	0.0 	0.0 	0.0 	-0.0 	22.0 	0.0 	0.0 	0.0 	7.82886388578	2.93557632551	135.50632827	-15.8253227096	
5.11666666667	0.0	0.0	0.0 	0.0 	172.566666667 	22.0 	0.0 	0.0 	0.0 	-0.0 	22.0 	0.0 	0.0 	0.0 	7.8405522152	2.93557632554	135.533059601	-15.953235254	
5.13333333333	0.0	0.0	0.0 	0.0 	172.933333333 	22.0 	0.0 	0.0 	0.0 	-0.0 	22.0 	0.0 	0.0 	0.0 	7.85198080397	2.93557632556	135.559829896	-16.0813342471	
5.15	0.0	0.0	0.0 	0.0 	173.3 	22.0 	0.0 	0.0 	0.0 	-0.0 	22.0 	0.0 	0.0 	0.0 	7.86315542409	2.93557632558	135.586638289	-16.2096155454	
5.16666666667	0.0	0.0	0.0 	0.0 	173.666666667 	22.0 	0.0 	0.0 	0.0 	-0.0 	22.0 	0.0 	0.0 	0.0 	7.87408171933	2.93557632559	135.613483934	-16.3380750978	
5.18333333333	0.0	0.0	0.0 	0.0 	174.033333333 	22.0 	0.0 	0.0 	0.0 	-0.0 	22.0 	0.0 	0.0 	0.0 	7.884765208	2.9355763256	135.640366003	-16.466708943	
5.2	0.0	0.0	0.0 	0.0 	174.4 	22.0 	0.0 	0.0 	0.0 	-0.0 	22.0 	0.0 	0.0 	0.0 	7.89521128582	2.93557632562	135.667283687	-16.5955132079	
5.21666666667	0.0	0.0	0.0 	0.0 	174.766666667 	22.0 	0.0 	0.0 	0.0 	-0.0 	22.0 	0.0 	0.0 	0.0 	7.90542522857	2.93557632562	135.694236193	-16.7244841054	
5.23333333333	0.0	0.0	0.0 	0.0 	175.133333333 	22.0 	0.0 	0.0 	0.0 	-0.0 	22.0 	0.0 	0.0 	0.0 	7.91541219482	2.93557632563	135.721222749	-16.8536179325	
5.25	0.0	0.0	0.0 	0.0 	175.5 	22.0 	0.0 	0.0 	0.0 	-0.0 	22.0 	0.0 	0.0 	0.0 	7.92517722848	2.93557632564	135.748242598	-16.9829110686	
5.26666666667	0.0	0.0	0.0 	0.0 	175.866666667 	22.0 	0.0 	0.0 	0.0 	-0.0 	22.0 	0.0 	0.0 	0.0 	7.9347252614	2.93557632564	135.775294999	-17.1123599734	
5.28333333333	0.0	0.0	0.0 	0.0 	176.233333333 	22.0 	0.0 	0.0 	0.0 	-0.0 	22.0 	0.0 	0.0 	0.0 	7.9440611158	2.93557632565	135.80237923	-17.2419611855	
5.3	0.0	0.0	0.0 	0.0 	176.6 	22.0 	0.0 	0.0 	0.0 	-0.0 	22.0 	0.0 	0.0 	0.0 	7.95318950678	2.93557632565	135.829494582	-17.3717113203	
5.31666666667	0.0	0.0	0.0 	0.0 	176.966666667 	22.0 	0.0 	0.0 	0.0 	-0.0 	22.0 	0.0 	0.0 	0.0 	7.96211504462	2.93557632565	135.856640365	-17.5016070682	
5.33333333333	0.0	0.0	0.0 	0.0 	177.333333333 	22.0 	0.0 	0.0 	0.0 	-0.0 	22.0 	0.0 	0.0 	0.0 	7.97084223718	2.93557632565	135.883815903	-17.6316451936	
5.35	0.0	0.0	0.0 	0.0 	177.7 	22.0 	0.0 	0.0 	0.0 	-0.0 	22.0 	0.0 	0.0 	0.0 	7.97937549212	2.93557632566	135.911020533	-17.7618225324	
5.36666666667	0.0	0.0	0.0 	0.0 	178.066666667 	22.0 	0.0 	0.0 	0.0 	-0.0 	22.0 	0.0 	0.0 	0.0 	7.98771911918	2.93557632566	135.93825361	-17.8921359911	
5.38333333333	0.0	0.0	0.0 	0.0 	178.433333333 	22.0 	0.0 	0.0 	0.0 	-0.0 	22.0 	0.0 	0.0 	0.0 	7.9958773323	2.93557632566	135.965514501	-18.0225825447	
5.4	0.0	0.0	0.0 	0.0 	178.8 	22.0 	0.0 	0.0 	0.0 	-0.0 	22.0 	0.0 	0.0 	0.0 	8.0038542518	2.93557632566	135.992802589	-18.1531592355	
5.41666666667	0.0	0.0	0.0 	0.0 	179.166666667 	22.0 	0.0 	0.0 	0.0 	-0.0 	22.0 	0.0 	0.0 	0.0 	8.01165390642	2.93557632566	136.020117268	-18.2838631717	
5.43333333333	0.0	0.0	0.0 	0.0 	179.533333333 	22.0 	0.0 	0.0 	0.0 	-0.0 	22.0 	0.0 	0.0 	0.0 	8.01928023538	2.93557632566	136.047457948	-18.4146915256	
5.45	0.0	0.0	0.0 	0.0 	179.9 	22.0 	0.0 	0.0 	0.0 	-0.0 	22.0 	0.0 	0.0 	0.0 	8.02673709036	2.93557632566	136.074824052	-18.5456415323	
5.46666666667	0.0	0.0	0.0 	0.0 	180.266666667 	22.0 	0.0 	0.0 	0.0 	-0.0 	22.0 	0.0 	0.0 	0.0 	8.03402823746	2.93557632566	136.102215013	-18.6767104883	
5.48333333333	0.0	0.0	0.0 	0.0 	180.633333333 	22.0 	0.0 	0.0 	0.0 	-0.0 	22.0 	0.0 	0.0 	0.0 	8.04115735906	2.93557632566	136.129630281	-18.8078957505	
5.5	0.0	0.0	0.0 	0.0 	181.0 	22.0 	0.0 	0.0 	0.0 	-0.0 	22.0 	0.0 	0.0 	0.0 	8.04812805574	2.93557632567	136.157069314	-18.9391947343	
5.51666666667	0.0	0.0	0.0 	0.0 	181.366666667 	22.0 	0.0 	0.0 	0.0 	-0.0 	22.0 	0.0 	0.0 	0.0 	8.05494384805	2.93557632567	136.184531585	-19.0706049124	
5.53333333333	0.0	0.0	0.0 	0.0 	181.733333333 	22.0 	0.0 	0.0 	0.0 	-0.0 	22.0 	0.0 	0.0 	0.0 	8.06160817831	2.93557632567	136.212016577	-19.2021238139	
5.55	0.0	0.0	0.0 	0.0 	182.1 	22.0 	0.0 	0.0 	0.0 	-0.0 	22.0 	0.0 	0.0 	0.0 	8.06812441234	2.93557632567	136.239523785	-19.3337490227	
5.56666666667	0.0	0.0	0.0 	0.0 	182.466666667 	22.0 	0.0 	0.0 	0.0 	-0.0 	22.0 	0.0 	0.0 	0.0 	8.07449584117	2.93557632567	136.267052715	-19.4654781764	
5.58333333333	0.0	0.0	0.0 	0.0 	182.833333333 	22.0 	0.0 	0.0 	0.0 	-0.0 	22.0 	0.0 	0.0 	0.0 	8.08072568269	2.93557632567	136.294602886	-19.5973089652	
5.6	0.0	0.0	0.0 	0.0 	183.2 	22.0 	0.0 	0.0 	0.0 	-0.0 	22.0 	0.0 	0.0 	0.0 	8.08681708329	2.93557632567	136.322173824	-19.7292391305	
5.61666666667	0.0	0.0	0.0 	0.0 	183.566666667 	22.0 	0.0 	0.0 	0.0 	-0.0 	22.0 	0.0 	0.0 	0.0 	8.09277311944	2.93557632567	136.349765069	-19.8612664639	
5.63333333333	0.0	0.0	0.0 	0.0 	183.933333333 	22.0 	0.0 	0.0 	0.0 	-0.0 	22.0 	0.0 	0.0 	0.0 	8.09859679922	2.93557632567	136.377376168	-19.9933888061	
5.65	0.0	0.0	0.0 	0.0 	184.3 	22.0 	0.0 	0.0 	0.0 	-0.0 	22.0 	0.0 	0.0 	0.0 	8.1042910639	2.93557632567	136.405006682	-20.1256040459	
5.66666666667	0.0	0.0	0.0 	0.0 	184.666666667 	22.0 	0.0 	0.0 	0.0 	-0.0 	22.0 	0.0 	0.0 	0.0 	8.10985878936	2.93557632567	136.432656178	-20.2579101188	
5.68333333333	0.0	0.0	0.0 	0.0 	185.033333333 	22.0 	0.0 	0.0 	0.0 	-0.0 	22.0 	0.0 	0.0 	0.0 	8.11530278759	2.93557632567	136.460324234	-20.3903050063	
5.7	0.0	0.0	0.0 	0.0 	185.4 	22.0 	0.0 	0.0 	0.0 	-0.0 	22.0 	0.0 	0.0 	0.0 	8.12062580808	2.93557632567	136.488010439	-20.5227867348	
5.71666666667	0.0	0.0	0.0 	0.0 	185.766666667 	22.0 	0.0 	0.0 	0.0 	-0.0 	22.0 	0.0 	0.0 	0.0 	8.12583053922	2.93557632567	136.515714389	-20.6553533744	
5.73333333333	0.0	0.0	0.0 	0.0 	186.133333333 	22.0 	0.0 	0.0 	0.0 	-0.0 	22.0 	0.0 	0.0 	0.0 	8.13091960968	2.93557632567	136.543435689	-20.7880030383	
5.75	0.0	0.0	0.0 	0.0 	186.5 	22.0 	0.0 	0.0 	0.0 	-0.0 	22.0 	0.0 	0.0 	0.0 	8.13589558968	2.93557632567	136.571173954	-20.9207338814	
5.76666666667	0.0	0.0	0.0 	0.0 	186.866666667 	22.0 	0.0 	0.0 	0.0 	-0.0 	22.0 	0.0 	0.0 	0.0 	8.14076099235	2.93557632567	136.598928807	-21.0535440999	
5.78333333333	0.0	0.0	0.0 	0.0 	187.233333333 	22.0 	0.0 	0.0 	0.0 	-0.0 	22.0 	0.0 	0.0 	0.0 	8.14551827495	2.93557632567	136.626699879	-21.1864319297	
5.8	0.0	0.0	0.0 	0.0 	187.6 	22.0 	0.0 	0.0 	0.0 	-0.0 	22.0 	0.0 	0.0 	0.0 	8.15016984017	2.93557632567	136.65448681	-21.3193956462	
5.81666666667	0.0	0.0	0.0 	0.0 	187.966666667 	22.0 	0.0 	0.0 	0.0 	-0.0 	22.0 	0.0 	0.0 	0.0 	8.15471803727	2.93557632567	136.682289248	-21.452433563	
5.83333333333	0.0	0.0	0.0 	0.0 	188.333333333 	22.0 	0.0 	0.0 	0.0 	-0.0 	22.0 	0.0 	0.0 	0.0 	8.15916516332	2.93557632567	136.710106847	-21.5855440312	
5.85	0.0	0.0	0.0 	0.0 	188.7 	22.0 	0.0 	0.0 	0.0 	-0.0 	22.0 	0.0 	0.0 	0.0 	8.16351346435	2.93557632567	136.737939272	-21.7187254387	
5.86666666667	0.0	0.0	0.0 	0.0 	189.066666667 	22.0 	0.0 	0.0 	0.0 	-0.0 	22.0 	0.0 	0.0 	0.0 	8.16776513647	2.93557632567	136.765786192	-21.8519762088	
5.88333333333	0.0	0.0	0.0 	0.0 	189.433333333 	22.0 	0.0 	0.0 	0.0 	-0.0 	22.0 	0.0 	0.0 	0.0 	8.17192232699	2.93557632567	136.793647285	-21.9852948003	
5.9	0.0	0.0	0.0 	0.0 	189.8 	22.0 	0.0 	0.0 	0.0 	-0.0 	22.0 	0.0 	0.0 	0.0 	8.17598713549	2.93557632567	136.821522237	-22.118679706	
5.91666666667	0.0	0.0	0.0 	0.0 	190.166666667 	22.0 	0.0 	0.0 	0.0 	-0.0 	22.0 	0.0 	0.0 	0.0 	8.17996161492	2.93557632567	136.84941074	-22.2521294523	
5.93333333333	0.0	0.0	0.0 	0.0 	190.533333333 	22.0 	0.0 	0.0 	0.0 	-0.0 	22.0 	0.0 	0.0 	0.0 	8.18384777258	2.93557632567	136.877312491	-22.3856425982	
5.95	0.0	0.0	0.0 	0.0 	190.9 	22.0 	0.0 	0.0 	0.0 	-0.0 	22.0 	0.0 	0.0 	0.0 	8.18764757118	2.93557632567	136.905227198	-22.5192177349	
5.96666666667	0.0	0.0	0.0 	0.0 	191.266666667 	22.0 	0.0 	0.0 	0.0 	-0.0 	22.0 	0.0 	0.0 	0.0 	8.19136292981	2.93557632567	136.933154571	-22.6528534848	
5.98333333333	0.0	0.0	0.0 	0.0 	191.633333333 	22.0 	0.0 	0.0 	0.0 	-0.0 	22.0 	0.0 	0.0 	0.0 	8.19499572492	2.93557632567	136.961094331	-22.7865485009	
6.0	0.0	0.0	0.0 	0.0 	192.0 	22.0 	0.0 	0.0 	0.0 	-0.0 	22.0 	0.0 	0.0 	0.0 	8.19854779125	2.93557632567	136.9890462	-22.9203014663	
6.01666666667	0.0	0.0	0.0 	0.0 	192.366666667 	22.0 	0.0 	0.0 	0.0 	-0.0 	22.0 	0.0 	0.0 	0.0 	8.20202092277	2.93557632567	137.017009911	-23.0541110931	
6.03333333333	0.0	0.0	0.0 	0.0 	192.733333333 	22.0 	0.0 	0.0 	0.0 	-0.0 	22.0 	0.0 	0.0 	0.0 	8.20541687359	2.93557632567	137.044985199	-23.1879761222	
6.05	0.0	0.0	0.0 	0.0 	193.1 	22.0 	0.0 	0.0 	0.0 	-0.0 	22.0 	0.0 	0.0 	0.0 	8.20873735884	2.93557632567	137.072971809	-23.3218953225	
6.06666666667	0.0	0.0	0.0 	0.0 	193.466666667 	22.0 	0.0 	0.0 	0.0 	-0.0 	22.0 	0.0 	0.0 	0.0 	8.21198405552	2.93557632567	137.100969487	-23.4558674901	
6.08333333333	0.0	0.0	0.0 	0.0 	193.833333333 	22.0 	0.0 	0.0 	0.0 	-0.0 	22.0 	0.0 	0.0 	0.0 	8.21515860339	2.93557632567	137.128977989	-23.589891448	
6.1	0.0	0.0	0.0 	0.0 	194.2 	22.0 	0.0 	0.0 	0.0 	-0.0 	22.0 	0.0 	0.0 	0.0 	8.21826260575	2.93557632567	137.156997074	-23.7239660453	
6.11666666667	0.0	0.0	0.0 	0.0 	194.566666667 	22.0 	0.0 	0.0 	0.0 	-0.0 	22.0 	0.0 	0.0 	0.0 	8.22129763029	2.93557632567	137.185026506	-23.8580901567	
6.13333333333	0.0	0.0	0.0 	0.0 	194.933333333 	22.0 	0.0 	0.0 	0.0 	-0.0 	22.0 	0.0 	0.0 	0.0 	8.22426520983	2.93557632567	137.213066055	-23.9922626818	
6.15	0.0	0.0	0.0 	0.0 	195.3 	22.0 	0.0 	0.0 	0.0 	-0.0 	22.0 	0.0 	0.0 	0.0 	8.22716684316	2.93557632567	137.241115498	-24.1264825449	
6.16666666667	0.0	0.0	0.0 	0.0 	195.666666667 	22.0 	0.0 	0.0 	0.0 	-0.0 	22.0 	0.0 	0.0 	0.0 	8.23000399575	2.93557632567	137.269174613	-24.2607486939	
6.18333333333	0.0	0.0	0.0 	0.0 	196.033333333 	22.0 	0.0 	0.0 	0.0 	-0.0 	22.0 	0.0 	0.0 	0.0 	8.2327781005	2.93557632567	137.297243186	-24.3950601002	
6.2	0.0	0.0	0.0 	0.0 	196.4 	22.0 	0.0 	0.0 	0.0 	-0.0 	22.0 	0.0 	0.0 	0.0 	8.23549055848	2.93557632567	137.325321007	-24.5294157583	
6.21666666667	0.0	0.0	0.0 	0.0 	196.766666667 	22.0 	0.0 	0.0 	0.0 	-0.0 	22.0 	0.0 	0.0 	0.0 	8.23814273962	2.93557632567	137.35340787	-24.6638146846	
6.23333333333	0.0	0.0	0.0 	0.0 	197.133333333 	22.0 	0.0 	0.0 	0.0 	-0.0 	22.0 	0.0 	0.0 	0.0 	8.2407359834	2.93557632567	137.381503575	-24.7982559176	
6.25	0.0	0.0	0.0 	0.0 	197.5 	22.0 	0.0 	0.0 	0.0 	-0.0 	22.0 	0.0 	0.0 	0.0 	8.24327159954	2.93557632567	137.409607924	-24.9327385173	
6.26666666667	0.0	0.0	0.0 	0.0 	197.866666667 	22.0 	0.0 	0.0 	0.0 	-0.0 	22.0 	0.0 	0.0 	0.0 	8.24575086865	2.93557632567	137.437720726	-25.0672615644	
6.28333333333	0.0	0.0	0.0 	0.0 	198.233333333 	22.0 	0.0 	0.0 	0.0 	-0.0 	22.0 	0.0 	0.0 	0.0 	8.2481750429	2.93557632567	137.465841793	-25.2018241599	
6.3	0.0	0.0	0.0 	0.0 	198.6 	22.0 	0.0 	0.0 	0.0 	-0.0 	22.0 	0.0 	0.0 	0.0 	8.2505453466	2.93557632567	137.493970941	-25.3364254252	
6.31666666667	0.0	0.0	0.0 	0.0 	198.966666667 	22.0 	0.0 	0.0 	0.0 	-0.0 	22.0 	0.0 	0.0 	0.0 	8.2528629769	2.93557632567	137.522107991	-25.4710645008	
6.33333333333	0.0	0.0	0.0 	0.0 	199.333333333 	22.0 	0.0 	0.0 	0.0 	-0.0 	22.0 	0.0 	0.0 	0.0 	8.25512910429	2.93557632567	137.550252767	-25.6057405465	
6.35	0.0	0.0	0.0 	0.0 	199.7 	22.0 	0.0 	0.0 	0.0 	-0.0 	22.0 	0.0 	0.0 	0.0 	8.2573448733	2.93557632567	137.578405098	-25.7404527408	
6.36666666667	0.0	0.0	0.0 	0.0 	200.066666667 	22.0 	0.0 	0.0 	0.0 	-0.0 	22.0 	0.0 	0.0 	0.0 	8.259511403	2.93557632567	137.606564815	-25.8752002803	
6.38333333333	0.0	0.0	0.0 	0.0 	200.433333333 	22.0 	0.0 	0.0 	0.0 	-0.0 	22.0 	0.0 	0.0 	0.0 	8.26162978759	2.93557632567	137.634731754	-26.0099823796	
6.4	0.0	0.0	0.0 	0.0 	200.8 	22.0 	0.0 	0.0 	0.0 	-0.0 	22.0 	0.0 	0.0 	0.0 	8.26370109697	2.93557632567	137.662905755	-26.1447982707	
6.41666666667	0.0	0.0	0.0 	0.0 	201.166666667 	22.0 	0.0 	0.0 	0.0 	-0.0 	22.0 	0.0 	0.0 	0.0 	8.26572637725	2.93557632567	137.691086661	-26.2796472028	
6.43333333333	0.0	0.0	0.0 	0.0 	201.533333333 	22.0 	0.0 	0.0 	0.0 	-0.0 	22.0 	0.0 	0.0 	0.0 	8.26770665131	2.93557632567	137.719274318	-26.4145284414	
6.45	0.0	0.0	0.0 	0.0 	201.9 	22.0 	0.0 	0.0 	0.0 	-0.0 	22.0 	0.0 	0.0 	0.0 	8.26964291927	2.93557632567	137.747468577	-26.5494412688	
6.46666666667	0.0	0.0	0.0 	0.0 	202.266666667 	22.0 	0.0 	0.0 	0.0 	-0.0 	22.0 	0.0 	0.0 	0.0 	8.27153615906	2.93557632567	137.775669291	-26.6843849829	
6.48333333333	0.0	0.0	0.0 	0.0 	202.633333333 	22.0 	0.0 	0.0 	0.0 	-0.0 	22.0 	0.0 	0.0 	0.0 	8.27338732685	2.93557632567	137.803876316	-26.8193588974	
6.5	0.0	0.0	0.0 	0.0 	203.0 	22.0 	0.0 	0.0 	0.0 	-0.0 	22.0 	0.0 	0.0 	0.0 	8.27519735758	2.93557632567	137.832089512	-26.9543623411	
6.51666666667	0.0	0.0	0.0 	0.0 	203.366666667 	22.0 	0.0 	0.0 	0.0 	-0.0 	22.0 	0.0 	0.0 	0.0 	8.2769671654	2.93557632567	137.860308742	-27.0893946579	
6.53333333333	0.0	0.0	0.0 	0.0 	203.733333333 	22.0 	0.0 	0.0 	0.0 	-0.0 	22.0 	0.0 	0.0 	0.0 	8.27869764416	2.93557632567	137.888533872	-27.2244552061	
6.55	0.0	0.0	0.0 	0.0 	204.1 	22.0 	0.0 	0.0 	0.0 	-0.0 	22.0 	0.0 	0.0 	0.0 	8.28038966784	2.93557632567	137.91676477	-27.3595433584	
6.56666666667	0.0	0.0	0.0 	0.0 	204.466666667 	22.0 	0.0 	0.0 	0.0 	-0.0 	22.0 	0.0 	0.0 	0.0 	8.28204409099	2.93557632567	137.945001309	-27.4946585013	
6.58333333333	0.0	0.0	0.0 	0.0 	204.833333333 	22.0 	0.0 	0.0 	0.0 	-0.0 	22.0 	0.0 	0.0 	0.0 	8.28366174919	2.93557632567	137.973243364	-27.629800035	
6.6	0.0	0.0	0.0 	0.0 	205.2 	22.0 	0.0 	0.0 	0.0 	-0.0 	22.0 	0.0 	0.0 	0.0 	8.28524345942	2.93557632567	138.00149081	-27.7649673731	
6.61666666667	0.0	0.0	0.0 	0.0 	205.566666667 	22.0 	0.0 	0.0 	0.0 	-0.0 	22.0 	0.0 	0.0 	0.0 	8.28679002054	2.93557632567	138.02974353	-27.9001599422	
6.63333333333	0.0	0.0	0.0 	0.0 	205.933333333 	22.0 	0.0 	0.0 	0.0 	-0.0 	22.0 	0.0 	0.0 	0.0 	8.28830221363	2.93557632567	138.058001405	-28.0353771815	
6.65	0.0	0.0	0.0 	0.0 	206.3 	22.0 	0.0 	0.0 	0.0 	-0.0 	22.0 	0.0 	0.0 	0.0 	8.28978080243	2.93557632567	138.086264322	-28.1706185429	
6.66666666667	0.0	0.0	0.0 	0.0 	206.666666667 	22.0 	0.0 	0.0 	0.0 	-0.0 	22.0 	0.0 	0.0 	0.0 	8.2912265337	2.93557632567	138.114532167	-28.3058834902	
6.68333333333	0.0	0.0	0.0 	0.0 	207.033333333 	22.0 	0.0 	0.0 	0.0 	-0.0 	22.0 	0.0 	0.0 	0.0 	8.29264013761	2.93557632567	138.142804832	-28.4411714994	
6.7	0.0	0.0	0.0 	0.0 	207.4 	22.0 	0.0 	0.0 	0.0 	-0.0 	22.0 	0.0 	0.0 	0.0 	8.2940223281	2.93557632567	138.171082209	-28.576482058	
6.71666666667	0.0	0.0	0.0 	0.0 	207.766666667 	22.0 	0.0 	0.0 	0.0 	-0.0 	22.0 	0.0 	0.0 	0.0 	8.29537380325	2.93557632567	138.199364194	-28.7118146648	
6.73333333333	0.0	0.0	0.0 	0.0 	208.133333333 	22.0 	0.0 	0.0 	0.0 	-0.0 	22.0 	0.0 	0.0 	0.0 	8.29669524561	2.93557632567	138.227650685	-28.84716883	
6.75	0.0	0.0	0.0 	0.0 	208.5 	22.0 	0.0 	0.0 	0.0 	-0.0 	22.0 	0.0 	0.0 	0.0 	8.29798732259	2.93557632567	138.25594158	-28.9825440744	
6.76666666667	0.0	0.0	0.0 	0.0 	208.866666667 	22.0 	0.0 	0.0 	0.0 	-0.0 	22.0 	0.0 	0.0 	0.0 	8.29925068675	2.93557632567	138.284236783	-29.1179399296	
6.78333333333	0.0	0.0	0.0 	0.0 	209.233333333 	22.0 	0.0 	0.0 	0.0 	-0.0 	22.0 	0.0 	0.0 	0.0 	8.30048597615	2.93557632567	138.312536197	-29.2533559376	
6.8	0.0	0.0	0.0 	0.0 	209.6 	22.0 	0.0 	0.0 	0.0 	-0.0 	22.0 	0.0 	0.0 	0.0 	8.30169381467	2.93557632567	138.340839729	-29.3887916505	
6.81666666667	0.0	0.0	0.0 	0.0 	209.966666667 	22.0 	0.0 	0.0 	0.0 	-0.0 	22.0 	0.0 	0.0 	0.0 	8.30287481234	2.93557632567	138.369147288	-29.5242466305	
6.83333333333	0.0	0.0	0.0 	0.0 	210.333333333 	22.0 	0.0 	0.0 	0.0 	-0.0 	22.0 	0.0 	0.0 	0.0 	8.30402956561	2.93557632567	138.397458784	-29.6597204494	
6.85	0.0	0.0	0.0 	0.0 	210.7 	22.0 	0.0 	0.0 	0.0 	-0.0 	22.0 	0.0 	0.0 	0.0 	8.3051586577	2.93557632567	138.425774129	-29.7952126886	
6.86666666667	0.0	0.0	0.0 	0.0 	211.066666667 	22.0 	0.0 	0.0 	0.0 	-0.0 	22.0 	0.0 	0.0 	0.0 	8.30626265886	2.93557632567	138.454093238	-29.9307229387	
6.88333333333	0.0	0.0	0.0 	0.0 	211.433333333 	22.0 	0.0 	0.0 	0.0 	-0.0 	22.0 	0.0 	0.0 	0.0 	8.30734212665	2.93557632567	138.482416027	-30.0662507995	
6.9	0.0	0.0	0.0 	0.0 	211.8 	22.0 	0.0 	0.0 	0.0 	-0.0 	22.0 	0.0 	0.0 	0.0 	8.30839760628	2.93557632567	138.510742415	-30.2017958796	
6.91666666667	0.0	0.0	0.0 	0.0 	212.166666667 	22.0 	0.0 	0.0 	0.0 	-0.0 	22.0 	0.0 	0.0 	0.0 	8.3094296308	2.93557632567	138.539072322	-30.3373577964	
6.93333333333	0.0	0.0	0.0 	0.0 	212.533333333 	22.0 	0.0 	0.0 	0.0 	-0.0 	22.0 	0.0 	0.0 	0.0 	8.31043872144	2.93557632567	138.567405669	-30.4729361757	
6.95	0.0	0.0	0.0 	0.0 	212.9 	22.0 	0.0 	0.0 	0.0 	-0.0 	22.0 	0.0 	0.0 	0.0 	8.31142538784	2.93557632567	138.595742379	-30.6085306517	
6.96666666667	0.0	0.0	0.0 	0.0 	213.266666667 	22.0 	0.0 	0.0 	0.0 	-0.0 	22.0 	0.0 	0.0 	0.0 	8.31239012833	2.93557632567	138.624082379	-30.7441408667	
6.98333333333	0.0	0.0	0.0 	0.0 	213.633333333 	22.0 	0.0 	0.0 	0.0 	-0.0 	22.0 	0.0 	0.0 	0.0 	8.31333343014	2.93557632567	138.652425595	-30.879766471	
7.0	0.0	0.0	0.0 	0.0 	214.0 	22.0 	0.0 	0.0 	0.0 	-0.0 	22.0 	0.0 	0.0 	0.0 	8.31425576968	2.93557632567	138.680771956	-31.0154071225	
7.01666666667	0.0	0.0	0.0 	0.0 	214.366666667 	22.0 	0.0 	0.0 	0.0 	-0.0 	22.0 	0.0 	0.0 	0.0 	8.31515761279	2.93557632567	138.709121391	-31.1510624869	
7.03333333333	0.0	0.0	0.0 	0.0 	214.733333333 	22.0 	0.0 	0.0 	0.0 	-0.0 	22.0 	0.0 	0.0 	0.0 	8.31603941495	2.93557632567	138.737473833	-31.2867322372	
7.05	0.0	0.0	0.0 	0.0 	215.1 	22.0 	0.0 	0.0 	0.0 	-0.0 	22.0 	0.0 	0.0 	0.0 	8.3169016215	2.93557632567	138.765829214	-31.4224160538	
7.06666666667	0.0	0.0	0.0 	0.0 	215.466666667 	22.0 	0.0 	0.0 	0.0 	-0.0 	22.0 	0.0 	0.0 	0.0 	8.3177446679	2.93557632567	138.794187469	-31.558113624	
7.08333333333	0.0	0.0	0.0 	0.0 	215.833333333 	22.0 	0.0 	0.0 	0.0 	-0.0 	22.0 	0.0 	0.0 	0.0 	8.31856897994	2.93557632567	138.822548535	-31.6938246422	
7.1	0.0	0.0	0.0 	0.0 	216.2 	22.0 	0.0 	0.0 	0.0 	-0.0 	22.0 	0.0 	0.0 	0.0 	8.31937497393	2.93557632567	138.850912349	-31.8295488095	
7.11666666667	0.0	0.0	0.0 	0.0 	216.566666667 	22.0 	0.0 	0.0 	0.0 	-0.0 	22.0 	0.0 	0.0 	0.0 	8.32016305695	2.93557632567	138.87927885	-31.9652858339	
7.13333333333	0.0	0.0	0.0 	0.0 	216.933333333 	22.0 	0.0 	0.0 	0.0 	-0.0 	22.0 	0.0 	0.0 	0.0 	8.32093362701	2.93557632567	138.907647978	-32.1010354295	
7.15	0.0	0.0	0.0 	0.0 	217.3 	22.0 	0.0 	0.0 	0.0 	-0.0 	22.0 	0.0 	0.0 	0.0 	8.32168707329	2.93557632567	138.936019674	-32.236797317	
7.16666666667	0.0	0.0	0.0 	0.0 	217.666666667 	22.0 	0.0 	0.0 	0.0 	-0.0 	22.0 	0.0 	0.0 	0.0 	8.32242377632	2.93557632567	138.964393883	-32.3725712232	
7.18333333333	0.0	0.0	0.0 	0.0 	218.033333333 	22.0 	0.0 	0.0 	0.0 	-0.0 	22.0 	0.0 	0.0 	0.0 	8.32314410818	2.93557632567	138.992770547	-32.5083568811	
7.2	0.0	0.0	0.0 	0.0 	218.4 	22.0 	0.0 	0.0 	0.0 	-0.0 	22.0 	0.0 	0.0 	0.0 	8.32384843265	2.93557632567	139.021149612	-32.6441540295	
7.21666666667	0.0	0.0	0.0 	0.0 	218.766666667 	22.0 	0.0 	0.0 	0.0 	-0.0 	22.0 	0.0 	0.0 	0.0 	8.32453710548	2.93557632567	139.049531026	-32.779962413	
7.23333333333	0.0	0.0	0.0 	0.0 	219.133333333 	22.0 	0.0 	0.0 	0.0 	-0.0 	22.0 	0.0 	0.0 	0.0 	8.32521047446	2.93557632567	139.077914735	-32.9157817821	
7.25	0.0	0.0	0.0 	0.0 	219.5 	22.0 	0.0 	0.0 	0.0 	-0.0 	22.0 	0.0 	0.0 	0.0 	8.32586887969	2.93557632567	139.106300689	-33.0516118925	
7.26666666667	0.0	0.0	0.0 	0.0 	219.866666667 	22.0 	0.0 	0.0 	0.0 	-0.0 	22.0 	0.0 	0.0 	0.0 	8.32651265368	2.93557632567	139.134688838	-33.1874525056	
7.28333333333	0.0	0.0	0.0 	0.0 	220.233333333 	22.0 	0.0 	0.0 	0.0 	-0.0 	22.0 	0.0 	0.0 	0.0 	8.3271421216	2.93557632567	139.163079132	-33.323303388	
7.3	0.0	0.0	0.0 	0.0 	220.6 	22.0 	0.0 	0.0 	0.0 	-0.0 	22.0 	0.0 	0.0 	0.0 	8.32775760133	2.93557632567	139.191471526	-33.4591643114	
7.31666666667	0.0	0.0	0.0 	0.0 	220.966666667 	22.0 	0.0 	0.0 	0.0 	-0.0 	22.0 	0.0 	0.0 	0.0 	8.32835940374	2.93557632567	139.219865971	-33.5950350528	
7.33333333333	0.0	0.0	0.0 	0.0 	221.333333333 	22.0 	0.0 	0.0 	0.0 	-0.0 	22.0 	0.0 	0.0 	0.0 	8.32894783276	2.93557632567	139.248262422	-33.730915394	
7.35	0.0	0.0	0.0 	0.0 	221.7 	22.0 	0.0 	0.0 	0.0 	-0.0 	22.0 	0.0 	0.0 	0.0 	8.32952318558	2.93557632567	139.276660835	-33.8668051216	
7.36666666667	0.0	0.0	0.0 	0.0 	222.066666667 	22.0 	0.0 	0.0 	0.0 	-0.0 	22.0 	0.0 	0.0 	0.0 	8.33008575278	2.93557632567	139.305061166	-34.002704027	
7.38333333333	0.0	0.0	0.0 	0.0 	222.433333333 	22.0 	0.0 	0.0 	0.0 	-0.0 	22.0 	0.0 	0.0 	0.0 	8.33063581849	2.93557632567	139.333463372	-34.1386119064	
7.4	0.0	0.0	0.0 	0.0 	222.8 	22.0 	0.0 	0.0 	0.0 	-0.0 	22.0 	0.0 	0.0 	0.0 	8.33117366052	2.93557632567	139.361867412	-34.2745285602	
7.41666666667	0.0	0.0	0.0 	0.0 	223.166666667 	22.0 	0.0 	0.0 	0.0 	-0.0 	22.0 	0.0 	0.0 	0.0 	8.3316995505	2.93557632567	139.390273244	-34.4104537935	
7.43333333333	0.0	0.0	0.0 	0.0 	223.533333333 	22.0 	0.0 	0.0 	0.0 	-0.0 	22.0 	0.0 	0.0 	0.0 	8.33221375404	2.93557632567	139.41868083	-34.5463874156	
7.45	0.0	0.0	0.0 	0.0 	223.9 	22.0 	0.0 	0.0 	0.0 	-0.0 	22.0 	0.0 	0.0 	0.0 	8.33271653083	2.93557632567	139.447090131	-34.6823292402	
7.46666666667	0.0	0.0	0.0 	0.0 	224.266666667 	22.0 	0.0 	0.0 	0.0 	-0.0 	22.0 	0.0 	0.0 	0.0 	8.3332081348	2.93557632567	139.475501107	-34.8182790849	
7.48333333333	0.0	0.0	0.0 	0.0 	224.633333333 	22.0 	0.0 	0.0 	0.0 	-0.0 	22.0 	0.0 	0.0 	0.0 	8.33368881424	2.93557632567	139.503913722	-34.9542367715	
7.5	0.0	0.0	0.0 	0.0 	225.0 	22.0 	0.0 	0.0 	0.0 	-0.0 	22.0 	0.0 	0.0 	0.0 	8.33415881192	2.93557632567	139.532327939	-35.0902021258	
7.51666666667	0.0	0.0	0.0 	0.0 	225.366666667 	22.0 	0.0 	0.0 	0.0 	-0.0 	22.0 	0.0 	0.0 	0.0 	8.3346183652	2.93557632567	139.560743723	-35.2261749773	
7.53333333333	0.0	0.0	0.0 	0.0 	225.733333333 	22.0 	0.0 	0.0 	0.0 	-0.0 	22.0 	0.0 	0.0 	0.0 	8.33506770619	2.93557632567	139.589161039	-35.3621551594	
7.55	0.0	0.0	0.0 	0.0 	226.1 	22.0 	0.0 	0.0 	0.0 	-0.0 	22.0 	0.0 	0.0 	0.0 	8.33550706183	2.93557632567	139.617579853	-35.4981425093	
7.56666666667	0.0	0.0	0.0 	0.0 	226.466666667 	22.0 	0.0 	0.0 	0.0 	-0.0 	22.0 	0.0 	0.0 	0.0 	8.335936654	2.93557632567	139.646000132	-35.6341368677	
7.58333333333	0.0	0.0	0.0 	0.0 	226.833333333 	22.0 	0.0 	0.0 	0.0 	-0.0 	22.0 	0.0 	0.0 	0.0 	8.33635669968	2.93557632567	139.674421843	-35.7701380788	
7.6	0.0	0.0	0.0 	0.0 	227.2 	22.0 	0.0 	0.0 	0.0 	-0.0 	22.0 	0.0 	0.0 	0.0 	8.33676741101	2.93557632567	139.702844954	-35.9061459903	
7.61666666667	0.0	0.0	0.0 	0.0 	227.566666667 	22.0 	0.0 	0.0 	0.0 	-0.0 	22.0 	0.0 	0.0 	0.0 	8.33716899543	2.93557632567	139.731269434	-36.0421604534	
7.63333333333	0.0	0.0	0.0 	0.0 	227.933333333 	22.0 	0.0 	0.0 	0.0 	-0.0 	22.0 	0.0 	0.0 	0.0 	8.33756165575	2.93557632567	139.759695253	-36.1781813224	
7.65	0.0	0.0	0.0 	0.0 	228.3 	22.0 	0.0 	0.0 	0.0 	-0.0 	22.0 	0.0 	0.0 	0.0 	8.33794559028	2.93557632567	139.788122381	-36.314208455	
7.66666666667	0.0	0.0	0.0 	0.0 	228.666666667 	22.0 	0.0 	0.0 	0.0 	-0.0 	22.0 	0.0 	0.0 	0.0 	8.33832099293	2.93557632567	139.816550789	-36.4502417121	
7.68333333333	0.0	0.0	0.0 	0.0 	229.033333333 	22.0 	0.0 	0.0 	0.0 	-0.0 	22.0 	0.0 	0.0 	0.0 	8.3386880533	2.93557632567	139.844980448	-36.5862809574	
7.7	0.0	0.0	0.0 	0.0 	229.4 	22.0 	0.0 	0.0 	0.0 	-0.0 	22.0 	0.0 	0.0 	0.0 	8.33904695678	2.93557632567	139.873411331	-36.722326058	
7.71666666667	0.0	0.0	0.0 	0.0 	229.766666667 	22.0 	0.0 	0.0 	0.0 	-0.0 	22.0 	0.0 	0.0 	0.0 	8.33939788462	2.93557632567	139.90184341	-36.8583768836	
7.73333333333	0.0	0.0	0.0 	0.0 	230.133333333 	22.0 	0.0 	0.0 	0.0 	-0.0 	22.0 	0.0 	0.0 	0.0 	8.33974101407	2.93557632567	139.930276659	-36.9944333072	
7.75	0.0	0.0	0.0 	0.0 	230.5 	22.0 	0.0 	0.0 	0.0 	-0.0 	22.0 	0.0 	0.0 	0.0 	8.34007651841	2.93557632567	139.958711052	-37.1304952042	
7.76666666667	0.0	0.0	0.0 	0.0 	230.866666667 	22.0 	0.0 	0.0 	0.0 	-0.0 	22.0 	0.0 	0.0 	0.0 	8.34040456711	2.93557632567	139.987146564	-37.2665624532	
7.78333333333	0.0	0.0	0.0 	0.0 	231.233333333 	22.0 	0.0 	0.0 	0.0 	-0.0 	22.0 	0.0 	0.0 	0.0 	8.34072532583	2.93557632567	140.015583169	-37.402634935	
7.8	0.0	0.0	0.0 	0.0 	231.6 	22.0 	0.0 	0.0 	0.0 	-0.0 	22.0 	0.0 	0.0 	0.0 	8.34103895658	2.93557632567	140.044020843	-37.5387125335	
7.81666666667	0.0	0.0	0.0 	0.0 	231.966666667 	22.0 	0.0 	0.0 	0.0 	-0.0 	22.0 	0.0 	0.0 	0.0 	8.34134561776	2.93557632567	140.072459563	-37.6747951349	
7.83333333333	0.0	0.0	0.0 	0.0 	232.333333333 	22.0 	0.0 	0.0 	0.0 	-0.0 	22.0 	0.0 	0.0 	0.0 	8.34164546425	2.93557632567	140.100899305	-37.8108826281	
7.85	0.0	0.0	0.0 	0.0 	232.7 	22.0 	0.0 	0.0 	0.0 	-0.0 	22.0 	0.0 	0.0 	0.0 	8.34193864748	2.93557632567	140.129340046	-37.9469749044	
7.86666666667	0.0	0.0	0.0 	0.0 	233.066666667 	22.0 	0.0 	0.0 	0.0 	-0.0 	22.0 	0.0 	0.0 	0.0 	8.34222531553	2.93557632567	140.157781766	-38.0830718574	
7.88333333333	0.0	0.0	0.0 	0.0 	233.433333333 	22.0 	0.0 	0.0 	0.0 	-0.0 	22.0 	0.0 	0.0 	0.0 	8.34250561318	2.93557632567	140.18622444	-38.2191733833	
7.9	0.0	0.0	0.0 	0.0 	233.8 	22.0 	0.0 	0.0 	0.0 	-0.0 	22.0 	0.0 	0.0 	0.0 	8.34277968199	2.93557632567	140.214668049	-38.3552793804	
7.91666666667	0.0	0.0	0.0 	0.0 	234.166666667 	22.0 	0.0 	0.0 	0.0 	-0.0 	22.0 	0.0 	0.0 	0.0 	8.34304766038	2.93557632567	140.243112572	-38.4913897493	
7.93333333333	0.0	0.0	0.0 	0.0 	234.533333333 	22.0 	0.0 	0.0 	0.0 	-0.0 	22.0 	0.0 	0.0 	0.0 	8.3433096837	2.93557632567	140.271557988	-38.627504393	
7.95	0.0	0.0	0.0 	0.0 	234.9 	22.0 	0.0 	0.0 	0.0 	-0.0 	22.0 	0.0 	0.0 	0.0 	8.34356588428	2.93557632567	140.300004278	-38.7636232163	
7.96666666667	0.0	0.0	0.0 	0.0 	235.266666667 	22.0 	0.0 	0.0 	0.0 	-0.0 	22.0 	0.0 	0.0 	0.0 	8.34381639151	2.93557632567	140.328451421	-38.8997461265	
7.98333333333	0.0	0.0	0.0 	0.0 	235.633333333 	22.0 	0.0 	0.0 	0.0 	-0.0 	22.0 	0.0 	0.0 	0.0 	8.34406133191	2.93557632567	140.3568994	-39.0358730327	
8.0	0.0	0.0	0.0 	0.0 	236.0 	22.0 	0.0 	0.0 	0.0 	-0.0 	22.0 	0.0 	0.0 	0.0 	8.3443008292	2.93557632567	140.385348195	-39.1720038462	
8.01666666667	0.0	0.0	0.0 	0.0 	236.366666667 	22.0 	0.0 	0.0 	0.0 	-0.0 	22.0 	0.0 	0.0 	0.0 	8.34453500432	2.93557632567	140.413797789	-39.30813848	
8.03333333333	0.0	0.0	0.0 	0.0 	236.733333333 	22.0 	0.0 	0.0 	0.0 	-0.0 	22.0 	0.0 	0.0 	0.0 	8.34476397555	2.93557632567	140.442248163	-39.4442768493	
8.05	0.0	0.0	0.0 	0.0 	237.1 	22.0 	0.0 	0.0 	0.0 	-0.0 	22.0 	0.0 	0.0 	0.0 	8.34498785853	2.93557632567	140.470699301	-39.580418871	
8.06666666667	0.0	0.0	0.0 	0.0 	237.466666667 	22.0 	0.0 	0.0 	0.0 	-0.0 	22.0 	0.0 	0.0 	0.0 	8.34520676633	2.93557632567	140.499151185	-39.7165644641	
8.08333333333	0.0	0.0	0.0 	0.0 	237.833333333 	22.0 	0.0 	0.0 	0.0 	-0.0 	22.0 	0.0 	0.0 	0.0 	8.34542080952	2.93557632567	140.527603798	-39.8527135492	
8.1	0.0	0.0	0.0 	0.0 	238.2 	22.0 	0.0 	0.0 	0.0 	-0.0 	22.0 	0.0 	0.0 	0.0 	8.34563009619	2.93557632567	140.556057125	-39.9888660485	
8.11666666667	0.0	0.0	0.0 	0.0 	238.566666667 	22.0 	0.0 	0.0 	0.0 	-0.0 	22.0 	0.0 	0.0 	0.0 	8.34583473204	2.93557632567	140.58451115	-40.1250218864	
8.13333333333	0.0	0.0	0.0 	0.0 	238.933333333 	22.0 	0.0 	0.0 	0.0 	-0.0 	22.0 	0.0 	0.0 	0.0 	8.34603482044	2.93557632567	140.612965857	-40.2611809885	
8.15	0.0	0.0	0.0 	0.0 	239.3 	22.0 	0.0 	0.0 	0.0 	-0.0 	22.0 	0.0 	0.0 	0.0 	8.34623046242	2.93557632567	140.641421231	-40.3973432824	
8.16666666667	0.0	0.0	0.0 	0.0 	239.666666667 	22.0 	0.0 	0.0 	0.0 	-0.0 	22.0 	0.0 	0.0 	0.0 	8.3464217568	2.93557632567	140.669877258	-40.5335086972	
8.18333333333	0.0	0.0	0.0 	0.0 	240.033333333 	22.0 	0.0 	0.0 	0.0 	-0.0 	22.0 	0.0 	0.0 	0.0 	8.3466088002	2.93557632567	140.698333922	-40.6696771633	
8.2	0.0	0.0	0.0 	0.0 	240.4 	22.0 	0.0 	0.0 	0.0 	-0.0 	22.0 	0.0 	0.0 	0.0 	8.34679168708	2.93557632567	140.726791209	-40.8058486132	
8.21666666667	0.0	0.0	0.0 	0.0 	240.766666667 	22.0 	0.0 	0.0 	0.0 	-0.0 	22.0 	0.0 	0.0 	0.0 	8.3469705098	2.93557632567	140.755249106	-40.9420229804	
8.23333333333	0.0	0.0	0.0 	0.0 	241.133333333 	22.0 	0.0 	0.0 	0.0 	-0.0 	22.0 	0.0 	0.0 	0.0 	8.34714535869	2.93557632567	140.7837076	-41.0782002001	
8.25	0.0	0.0	0.0 	0.0 	241.5 	22.0 	0.0 	0.0 	0.0 	-0.0 	22.0 	0.0 	0.0 	0.0 	8.34731632204	2.93557632567	140.812166676	-41.214380209	
8.26666666667	0.0	0.0	0.0 	0.0 	241.866666667 	22.0 	0.0 	0.0 	0.0 	-0.0 	22.0 	0.0 	0.0 	0.0 	8.34748348621	2.93557632567	140.840626322	-41.350562945	
8.28333333333	0.0	0.0	0.0 	0.0 	242.233333333 	22.0 	0.0 	0.0 	0.0 	-0.0 	22.0 	0.0 	0.0 	0.0 	8.34764693562	2.93557632567	140.869086525	-41.4867483475	
8.3	0.0	0.0	0.0 	0.0 	242.6 	22.0 	0.0 	0.0 	0.0 	-0.0 	22.0 	0.0 	0.0 	0.0 	8.34780675282	2.93557632567	140.897547273	-41.6229363574	
8.31666666667	0.0	0.0	0.0 	0.0 	242.966666667 	22.0 	0.0 	0.0 	0.0 	-0.0 	22.0 	0.0 	0.0 	0.0 	8.34796301853	2.93557632567	140.926008554	-41.7591269166	
8.33333333333	0.0	0.0	0.0 	0.0 	243.333333333 	22.0 	0.0 	0.0 	0.0 	-0.0 	22.0 	0.0 	0.0 	0.0 	8.34811581167	2.93557632567	140.954470356	-41.8953199685	
8.35	0.0	0.0	0.0 	0.0 	243.7 	22.0 	0.0 	0.0 	0.0 	-0.0 	22.0 	0.0 	0.0 	0.0 	8.3482652094	2.93557632567	140.982932668	-42.0315154577	
8.36666666667	0.0	0.0	0.0 	0.0 	244.066666667 	22.0 	0.0 	0.0 	0.0 	-0.0 	22.0 	0.0 	0.0 	0.0 	8.34841128719	2.93557632567	141.011395477	-42.1677133301	
8.38333333333	0.0	0.0	0.0 	0.0 	244.433333333 	22.0 	0.0 	0.0 	0.0 	-0.0 	22.0 	0.0 	0.0 	0.0 	8.3485541188	2.93557632567	141.039858773	-42.3039135326	
8.4	0.0	0.0	0.0 	0.0 	244.8 	22.0 	0.0 	0.0 	0.0 	-0.0 	22.0 	0.0 	0.0 	0.0 	8.34869377637	2.93557632567	141.068322545	-42.4401160136	
8.41666666667	0.0	0.0	0.0 	0.0 	245.166666667 	22.0 	0.0 	0.0 	0.0 	-0.0 	22.0 	0.0 	0.0 	0.0 	8.34883033044	2.93557632567	141.096786783	-42.5763207223	
8.43333333333	0.0	0.0	0.0 	0.0 	245.533333333 	22.0 	0.0 	0.0 	0.0 	-0.0 	22.0 	0.0 	0.0 	0.0 	8.34896384998	2.93557632567	141.125251477	-42.7125276093	
8.45	0.0	0.0	0.0 	0.0 	245.9 	22.0 	0.0 	0.0 	0.0 	-0.0 	22.0 	0.0 	0.0 	0.0 	8.34909440242	2.93557632567	141.153716615	-42.8487366262	
8.46666666667	0.0	0.0	0.0 	0.0 	246.266666667 	22.0 	0.0 	0.0 	0.0 	-0.0 	22.0 	0.0 	0.0 	0.0 	8.34922205369	2.93557632567	141.182182188	-42.9849477256	
8.48333333333	0.0	0.0	0.0 	0.0 	246.633333333 	22.0 	0.0 	0.0 	0.0 	-0.0 	22.0 	0.0 	0.0 	0.0 	8.34934686827	2.93557632567	141.210648187	-43.1211608612	
8.5	0.0	0.0	0.0 	0.0 	247.0 	22.0 	0.0 	0.0 	0.0 	-0.0 	22.0 	0.0 	0.0 	0.0 	8.34946890919	2.93557632567	141.239114603	-43.2573759879	
8.51666666667	0.0	0.0	0.0 	0.0 	247.366666667 	22.0 	0.0 	0.0 	0.0 	-0.0 	22.0 	0.0 	0.0 	0.0 	8.34958823809	2.93557632567	141.267581425	-43.3935930613	
8.53333333333	0.0	0.0	0.0 	0.0 	247.733333333 	22.0 	0.0 	0.0 	0.0 	-0.0 	22.0 	0.0 	0.0 	0.0 	8.34970491524	2.93557632567	141.296048644	-43.5298120382	
8.55	0.0	0.0	0.0 	0.0 	248.1 	22.0 	0.0 	0.0 	0.0 	-0.0 	22.0 	0.0 	0.0 	0.0 	8.34981899956	2.93557632567	141.324516253	-43.6660328763	
8.56666666667	0.0	0.0	0.0 	0.0 	248.466666667 	22.0 	0.0 	0.0 	0.0 	-0.0 	22.0 	0.0 	0.0 	0.0 	8.34993054867	2.93557632567	141.352984242	-43.8022555342	
8.58333333333	0.0	0.0	0.0 	0.0 	248.833333333 	22.0 	0.0 	0.0 	0.0 	-0.0 	22.0 	0.0 	0.0 	0.0 	8.35003961892	2.93557632567	141.381452603	-43.9384799716	
8.6	0.0	0.0	0.0 	0.0 	249.2 	22.0 	0.0 	0.0 	0.0 	-0.0 	22.0 	0.0 	0.0 	0.0 	8.35014626538	2.93557632567	141.409921327	-44.0747061488	
8.61666666667	0.0	0.0	0.0 	0.0 	249.566666667 	22.0 	0.0 	0.0 	0.0 	-0.0 	22.0 	0.0 	0.0 	0.0 	8.35025054192	2.93557632567	141.438390407	-44.2109340271	
8.63333333333	0.0	0.0	0.0 	0.0 	249.933333333 	22.0 	0.0 	0.0 	0.0 	-0.0 	22.0 	0.0 	0.0 	0.0 	8.3503525012	2.93557632567	141.466859835	-44.3471635689	
8.65	0.0	0.0	0.0 	0.0 	250.3 	22.0 	0.0 	0.0 	0.0 	-0.0 	22.0 	0.0 	0.0 	0.0 	8.35045219472	2.93557632567	141.495329603	-44.4833947371	
8.66666666667	0.0	0.0	0.0 	0.0 	250.666666667 	22.0 	0.0 	0.0 	0.0 	-0.0 	22.0 	0.0 	0.0 	0.0 	8.35054967283	2.93557632567	141.523799702	-44.6196274956	
8.68333333333	0.0	0.0	0.0 	0.0 	251.033333333 	22.0 	0.0 	0.0 	0.0 	-0.0 	22.0 	0.0 	0.0 	0.0 	8.35064498476	2.93557632567	141.552270127	-44.755861809	
8.7	0.0	0.0	0.0 	0.0 	251.4 	22.0 	0.0 	0.0 	0.0 	-0.0 	22.0 	0.0 	0.0 	0.0 	8.35073817865	2.93557632567	141.58074087	-44.8920976428	
8.71666666667	0.0	0.0	0.0 	0.0 	251.766666667 	22.0 	0.0 	0.0 	0.0 	-0.0 	22.0 	0.0 	0.0 	0.0 	8.35082930156	2.93557632567	141.609211923	-45.0283349632	
8.73333333333	0.0	0.0	0.0 	0.0 	252.133333333 	22.0 	0.0 	0.0 	0.0 	-0.0 	22.0 	0.0 	0.0 	0.0 	8.35091839952	2.93557632567	141.63768328	-45.1645737372	
8.75	0.0	0.0	0.0 	0.0 	252.5 	22.0 	0.0 	0.0 	0.0 	-0.0 	22.0 	0.0 	0.0 	0.0 	8.35100551752	2.93557632567	141.666154934	-45.3008139324	
8.76666666667	0.0	0.0	0.0 	0.0 	252.866666667 	22.0 	0.0 	0.0 	0.0 	-0.0 	22.0 	0.0 	0.0 	0.0 	8.35109069957	2.93557632567	141.694626878	-45.4370555173	
8.78333333333	0.0	0.0	0.0 	0.0 	253.233333333 	22.0 	0.0 	0.0 	0.0 	-0.0 	22.0 	0.0 	0.0 	0.0 	8.35117398868	2.93557632567	141.723099107	-45.573298461	
8.8	0.0	0.0	0.0 	0.0 	253.6 	22.0 	0.0 	0.0 	0.0 	-0.0 	22.0 	0.0 	0.0 	0.0 	8.35125542693	2.93557632567	141.751571613	-45.7095427333	
8.81666666667	0.0	0.0	0.0 	0.0 	253.966666667 	22.0 	0.0 	0.0 	0.0 	-0.0 	22.0 	0.0 	0.0 	0.0 	8.35133505543	2.93557632567	141.78004439	-45.8457883047	
8.83333333333	0.0	0.0	0.0 	0.0 	254.333333333 	22.0 	0.0 	0.0 	0.0 	-0.0 	22.0 	0.0 	0.0 	0.0 	8.35141291442	2.93557632567	141.808517433	-45.9820351463	
8.85	0.0	0.0	0.0 	0.0 	254.7 	22.0 	0.0 	0.0 	0.0 	-0.0 	22.0 	0.0 	0.0 	0.0 	8.3514890432	2.93557632567	141.836990736	-46.1182832298	
8.86666666667	0.0	0.0	0.0 	0.0 	255.066666667 	22.0 	0.0 	0.0 	0.0 	-0.0 	22.0 	0.0 	0.0 	0.0 	8.35156348023	2.93557632567	141.865464292	-46.2545325278	
8.88333333333	0.0	0.0	0.0 	0.0 	255.433333333 	22.0 	0.0 	0.0 	0.0 	-0.0 	22.0 	0.0 	0.0 	0.0 	8.35163626311	2.93557632567	141.893938096	-46.3907830131	
8.9	0.0	0.0	0.0 	0.0 	255.8 	22.0 	0.0 	0.0 	0.0 	-0.0 	22.0 	0.0 	0.0 	0.0 	8.35170742859	2.93557632567	141.922412143	-46.5270346595	
8.91666666667	0.0	0.0	0.0 	0.0 	256.166666667 	22.0 	0.0 	0.0 	0.0 	-0.0 	22.0 	0.0 	0.0 	0.0 	8.35177701261	2.93557632567	141.950886428	-46.6632874411	
8.93333333333	0.0	0.0	0.0 	0.0 	256.533333333 	22.0 	0.0 	0.0 	0.0 	-0.0 	22.0 	0.0 	0.0 	0.0 	8.35184505033	2.93557632567	141.979360944	-46.7995413326	
8.95	0.0	0.0	0.0 	0.0 	256.9 	22.0 	0.0 	0.0 	0.0 	-0.0 	22.0 	0.0 	0.0 	0.0 	8.35191157609	2.93557632567	142.007835687	-46.9357963095	
8.96666666667	0.0	0.0	0.0 	0.0 	257.266666667 	22.0 	0.0 	0.0 	0.0 	-0.0 	22.0 	0.0 	0.0 	0.0 	8.3519766235	2.93557632567	142.036310652	-47.0720523476	
8.98333333333	0.0	0.0	0.0 	0.0 	257.633333333 	22.0 	0.0 	0.0 	0.0 	-0.0 	22.0 	0.0 	0.0 	0.0 	8.35204022542	2.93557632567	142.064785834	-47.2083094233	
9.0	0.0	0.0	0.0 	0.0 	258.0 	22.0 	0.0 	0.0 	0.0 	-0.0 	22.0 	0.0 	0.0 	0.0 	8.35210241396	2.93557632567	142.093261227	-47.3445675135	
9.01666666667	0.0	0.0	0.0 	0.0 	258.366666667 	22.0 	0.0 	0.0 	0.0 	-0.0 	22.0 	0.0 	0.0 	0.0 	8.35216322053	2.93557632567	142.121736828	-47.4808265958	
9.03333333333	0.0	0.0	0.0 	0.0 	258.733333333 	22.0 	0.0 	0.0 	0.0 	-0.0 	22.0 	0.0 	0.0 	0.0 	8.35222267584	2.93557632567	142.150212632	-47.617086648	
9.05	0.0	0.0	0.0 	0.0 	259.1 	22.0 	0.0 	0.0 	0.0 	-0.0 	22.0 	0.0 	0.0 	0.0 	8.35228080993	2.93557632567	142.178688634	-47.7533476486	
9.06666666667	0.0	0.0	0.0 	0.0 	259.466666667 	22.0 	0.0 	0.0 	0.0 	-0.0 	22.0 	0.0 	0.0 	0.0 	8.35233765214	2.93557632567	142.20716483	-47.8896095766	
9.08333333333	0.0	0.0	0.0 	0.0 	259.833333333 	22.0 	0.0 	0.0 	0.0 	-0.0 	22.0 	0.0 	0.0 	0.0 	8.3523932312	2.93557632567	142.235641215	-48.0258724113	
9.1	0.0	0.0	0.0 	0.0 	260.2 	22.0 	0.0 	0.0 	0.0 	-0.0 	22.0 	0.0 	0.0 	0.0 	8.35244757517	2.93557632567	142.264117785	-48.1621361326	
9.11666666667	0.0	0.0	0.0 	0.0 	260.566666667 	22.0 	0.0 	0.0 	0.0 	-0.0 	22.0 	0.0 	0.0 	0.0 	8.35250071149	2.93557632567	142.292594537	-48.2984007207	
9.13333333333	0.0	0.0	0.0 	0.0 	260.933333333 	22.0 	0.0 	0.0 	0.0 	-0.0 	22.0 	0.0 	0.0 	0.0 	8.352552667	2.93557632567	142.321071466	-48.4346661565	
9.15	0.0	0.0	0.0 	0.0 	261.3 	22.0 	0.0 	0.0 	0.0 	-0.0 	22.0 	0.0 	0.0 	0.0 	8.35260346795	2.93557632567	142.349548568	-48.5709324211	
9.16666666667	0.0	0.0	0.0 	0.0 	261.666666667 	22.0 	0.0 	0.0 	0.0 	-0.0 	22.0 	0.0 	0.0 	0.0 	8.35265313999	2.93557632567	142.378025839	-48.707199496	
9.18333333333	0.0	0.0	0.0 	0.0 	262.033333333 	22.0 	0.0 	0.0 	0.0 	-0.0 	22.0 	0.0 	0.0 	0.0 	8.35270170821	2.93557632567	142.406503276	-48.8434673632	
9.2	0.0	0.0	0.0 	0.0 	262.4 	22.0 	0.0 	0.0 	0.0 	-0.0 	22.0 	0.0 	0.0 	0.0 	8.35274919713	2.93557632567	142.434980875	-48.9797360052	
9.21666666667	0.0	0.0	0.0 	0.0 	262.766666667 	22.0 	0.0 	0.0 	0.0 	-0.0 	22.0 	0.0 	0.0 	0.0 	8.35279563074	2.93557632567	142.463458632	-49.1160054048	
9.23333333333	0.0	0.0	0.0 	0.0 	263.133333333 	22.0 	0.0 	0.0 	0.0 	-0.0 	22.0 	0.0 	0.0 	0.0 	8.35284103249	2.93557632567	142.491936544	-49.252275545	
9.25	0.0	0.0	0.0 	0.0 	263.5 	22.0 	0.0 	0.0 	0.0 	-0.0 	22.0 	0.0 	0.0 	0.0 	8.35288542532	2.93557632567	142.520414607	-49.3885464095	
9.26666666667	0.0	0.0	0.0 	0.0 	263.866666667 	22.0 	0.0 	0.0 	0.0 	-0.0 	22.0 	0.0 	0.0 	0.0 	8.35292883164	2.93557632567	142.548892819	-49.5248179821	
9.28333333333	0.0	0.0	0.0 	0.0 	264.233333333 	22.0 	0.0 	0.0 	0.0 	-0.0 	22.0 	0.0 	0.0 	0.0 	8.35297127337	2.93557632567	142.577371175	-49.6610902471	
9.3	0.0	0.0	0.0 	0.0 	264.6 	22.0 	0.0 	0.0 	0.0 	-0.0 	22.0 	0.0 	0.0 	0.0 	8.35301277196	2.93557632567	142.605849672	-49.7973631891	
9.31666666667	0.0	0.0	0.0 	0.0 	264.966666667 	22.0 	0.0 	0.0 	0.0 	-0.0 	22.0 	0.0 	0.0 	0.0 	8.35305334835	2.93557632567	142.634328308	-49.9336367931	
9.33333333333	0.0	0.0	0.0 	0.0 	265.333333333 	22.0 	0.0 	0.0 	0.0 	-0.0 	22.0 	0.0 	0.0 	0.0 	8.35309302305	2.93557632567	142.662807079	-50.0699110444	
9.35	0.0	0.0	0.0 	0.0 	265.7 	22.0 	0.0 	0.0 	0.0 	-0.0 	22.0 	0.0 	0.0 	0.0 	8.35313181608	2.93557632567	142.691285982	-50.2061859285	
9.36666666667	0.0	0.0	0.0 	0.0 	266.066666667 	22.0 	0.0 	0.0 	0.0 	-0.0 	22.0 	0.0 	0.0 	0.0 	8.35316974705	2.93557632567	142.719765015	-50.3424614315	
9.38333333333	0.0	0.0	0.0 	0.0 	266.433333333 	22.0 	0.0 	0.0 	0.0 	-0.0 	22.0 	0.0 	0.0 	0.0 	8.35320683511	2.93557632567	142.748244174	-50.4787375395	
9.4	0.0	0.0	0.0 	0.0 	266.8 	22.0 	0.0 	0.0 	0.0 	-0.0 	22.0 	0.0 	0.0 	0.0 	8.35324309899	2.93557632567	142.776723457	-50.6150142391	
9.41666666667	0.0	0.0	0.0 	0.0 	267.166666667 	22.0 	0.0 	0.0 	0.0 	-0.0 	22.0 	0.0 	0.0 	0.0 	8.35327855701	2.93557632567	142.80520286	-50.7512915173	
9.43333333333	0.0	0.0	0.0 	0.0 	267.533333333 	22.0 	0.0 	0.0 	0.0 	-0.0 	22.0 	0.0 	0.0 	0.0 	8.35331322707	2.93557632567	142.833682382	-50.887569361	
9.45	0.0	0.0	0.0 	0.0 	267.9 	22.0 	0.0 	0.0 	0.0 	-0.0 	22.0 	0.0 	0.0 	0.0 	8.35334712668	2.93557632567	142.86216202	-51.0238477577	
9.46666666667	0.0	0.0	0.0 	0.0 	268.266666667 	22.0 	0.0 	0.0 	0.0 	-0.0 	22.0 	0.0 	0.0 	0.0 	8.35338027297	2.93557632567	142.89064177	-51.1601266953	
9.48333333333	0.0	0.0	0.0 	0.0 	268.633333333 	22.0 	0.0 	0.0 	0.0 	-0.0 	22.0 	0.0 	0.0 	0.0 	8.35341268267	2.93557632567	142.919121631	-51.2964061615	
9.5	0.0	0.0	0.0 	0.0 	269.0 	22.0 	0.0 	0.0 	0.0 	-0.0 	22.0 	0.0 	0.0 	0.0 	8.35344437216	2.93557632567	142.9476016	-51.4326861448	
9.51666666667	0.0	0.0	0.0 	0.0 	269.366666667 	22.0 	0.0 	0.0 	0.0 	-0.0 	22.0 	0.0 	0.0 	0.0 	8.35347535744	2.93557632567	142.976081674	-51.5689666335	
9.53333333333	0.0	0.0	0.0 	0.0 	269.733333333 	22.0 	0.0 	0.0 	0.0 	-0.0 	22.0 	0.0 	0.0 	0.0 	8.35350565416	2.93557632567	143.004561852	-51.7052476166	
9.55	0.0	0.0	0.0 	0.0 	270.1 	22.0 	0.0 	0.0 	0.0 	-0.0 	22.0 	0.0 	0.0 	0.0 	8.35353527761	2.93557632567	143.033042131	-51.8415290829	
9.56666666667	0.0	0.0	0.0 	0.0 	270.466666667 	22.0 	0.0 	0.0 	0.0 	-0.0 	22.0 	0.0 	0.0 	0.0 	8.35356424277	2.93557632567	143.061522509	-51.9778110217	
9.58333333333	0.0	0.0	0.0 	0.0 	270.833333333 	22.0 	0.0 	0.0 	0.0 	-0.0 	22.0 	0.0 	0.0 	0.0 	8.35359256426	2.93557632567	143.090002983	-52.1140934226	
9.6	0.0	0.0	0.0 	0.0 	271.2 	22.0 	0.0 	0.0 	0.0 	-0.0 	22.0 	0.0 	0.0 	0.0 	8.35362025638	2.93557632567	143.118483551	-52.2503762753	
9.61666666667	0.0	0.0	0.0 	0.0 	271.566666667 	22.0 	0.0 	0.0 	0.0 	-0.0 	22.0 	0.0 	0.0 	0.0 	8.35364733312	2.93557632567	143.146964212	-52.3866595697	
9.63333333333	0.0	0.0	0.0 	0.0 	271.933333333 	22.0 	0.0 	0.0 	0.0 	-0.0 	22.0 	0.0 	0.0 	0.0 	8.35367380815	2.93557632567	143.175444964	-52.522943296	
9.65	0.0	0.0	0.0 	0.0 	272.3 	22.0 	0.0 	0.0 	0.0 	-0.0 	22.0 	0.0 	0.0 	0.0 	8.35369969485	2.93557632567	143.203925803	-52.6592274446	
9.66666666667	0.0	0.0	0.0 	0.0 	272.666666667 	22.0 	0.0 	0.0 	0.0 	-0.0 	22.0 	0.0 	0.0 	0.0 	8.35372500629	2.93557632567	143.232406729	-52.7955120062	
9.68333333333	0.0	0.0	0.0 	0.0 	273.033333333 	22.0 	0.0 	0.0 	0.0 	-0.0 	22.0 	0.0 	0.0 	0.0 	8.35374975526	2.93557632567	143.260887739	-52.9317969716	
9.7	0.0	0.0	0.0 	0.0 	273.4 	22.0 	0.0 	0.0 	0.0 	-0.0 	22.0 	0.0 	0.0 	0.0 	8.35377395424	2.93557632567	143.289368831	-53.0680823317	
9.71666666667	0.0	0.0	0.0 	0.0 	273.766666667 	22.0 	0.0 	0.0 	0.0 	-0.0 	22.0 	0.0 	0.0 	0.0 	8.35379761548	2.93557632567	143.317850005	-53.2043680778	
9.73333333333	0.0	0.0	0.0 	0.0 	274.133333333 	22.0 	0.0 	0.0 	0.0 	-0.0 	22.0 	0.0 	0.0 	0.0 	8.3538207509	2.93557632567	143.346331257	-53.3406542014	
9.75	0.0	0.0	0.0 	0.0 	274.5 	22.0 	0.0 	0.0 	0.0 	-0.0 	22.0 	0.0 	0.0 	0.0 	8.35384337221	2.93557632567	143.374812586	-53.4769406941	
9.76666666667	0.0	0.0	0.0 	0.0 	274.866666667 	22.0 	0.0 	0.0 	0.0 	-0.0 	22.0 	0.0 	0.0 	0.0 	8.35386549082	2.93557632567	143.403293991	-53.6132275475	
9.78333333333	0.0	0.0	0.0 	0.0 	275.233333333 	22.0 	0.0 	0.0 	0.0 	-0.0 	22.0 	0.0 	0.0 	0.0 	8.3538871179	2.93557632567	143.431775469	-53.7495147538	
9.8	0.0	0.0	0.0 	0.0 	275.6 	22.0 	0.0 	0.0 	0.0 	-0.0 	22.0 	0.0 	0.0 	0.0 	8.35390826439	2.93557632567	143.46025702	-53.8858023051	
9.81666666667	0.0	0.0	0.0 	0.0 	275.966666667 	22.0 	0.0 	0.0 	0.0 	-0.0 	22.0 	0.0 	0.0 	0.0 	8.35392894095	2.93557632567	143.488738641	-54.0220901938	
9.83333333333	0.0	0.0	0.0 	0.0 	276.333333333 	22.0 	0.0 	0.0 	0.0 	-0.0 	22.0 	0.0 	0.0 	0.0 	8.35394915803	2.93557632567	143.517220331	-54.1583784122	
9.85	0.0	0.0	0.0 	0.0 	276.7 	22.0 	0.0 	0.0 	0.0 	-0.0 	22.0 	0.0 	0.0 	0.0 	8.35396892585	2.93557632567	143.545702088	-54.2946669531	
9.86666666667	0.0	0.0	0.0 	0.0 	277.066666667 	22.0 	0.0 	0.0 	0.0 	-0.0 	22.0 	0.0 	0.0 	0.0 	8.35398825438	2.93557632567	143.574183911	-54.4309558094	
9.88333333333	0.0	0.0	0.0 	0.0 	277.433333333 	22.0 	0.0 	0.0 	0.0 	-0.0 	22.0 	0.0 	0.0 	0.0 	8.35400715338	2.93557632567	143.602665799	-54.567244974	
9.9	0.0	0.0	0.0 	0.0 	277.8 	22.0 	0.0 	0.0 	0.0 	-0.0 	22.0 	0.0 	0.0 	0.0 	8.35402563241	2.93557632567	143.63114775	-54.7035344401	
9.91666666667	0.0	0.0	0.0 	0.0 	278.166666667 	22.0 	0.0 	0.0 	0.0 	-0.0 	22.0 	0.0 	0.0 	0.0 	8.3540437008	2.93557632567	143.659629762	-54.8398242009	
9.93333333333	0.0	0.0	0.0 	0.0 	278.533333333 	22.0 	0.0 	0.0 	0.0 	-0.0 	22.0 	0.0 	0.0 	0.0 	8.35406136766	2.93557632567	143.688111834	-54.97611425	
9.95	0.0	0.0	0.0 	0.0 	278.9 	22.0 	0.0 	0.0 	0.0 	-0.0 	22.0 	0.0 	0.0 	0.0 	8.35407864193	2.93557632567	143.716593966	-55.1124045808	
9.96666666667	0.0	0.0	0.0 	0.0 	279.266666667 	22.0 	0.0 	0.0 	0.0 	-0.0 	22.0 	0.0 	0.0 	0.0 	8.35409553232	2.93557632567	143.745076155	-55.2486951873	
9.98333333333	0.0	0.0	0.0 	0.0 	279.633333333 	22.0 	0.0 	0.0 	0.0 	-0.0 	22.0 	0.0 	0.0 	0.0 	8.35411204737	2.93557632567	143.7735584	-55.3849860631	
