0.0166666666667	0.0	0.0	0.0 	0.0 	80.2166666667 	13.0 	0.0 	0.0 	0.0 	0.0 	13.0 	0.0 	0.0 	0.0 	0.0	-0.253225806452	160.0	-19.0967741935	
0.0333333333333	0.0	0.0	0.0 	0.0 	80.4333333333 	13.0 	0.0 	0.0 	0.0 	-0.0 	13.0 	0.0 	0.0 	0.0 	0.0	-0.253225806452	160.0	-19.0967741935	
0.05	0.0	0.0	0.0 	0.0 	80.65 	13.0 	0.0 	0.0 	0.0 	-0.0 	13.0 	0.0 	0.0 	0.0 	0.0	-0.253225806452	160.0	-19.0967741935	
0.0666666666667	0.0	0.0	0.0 	0.0 	80.8666666667 	13.0 	0.0 	0.0 	0.0 	-0.0 	13.0 	0.0 	0.0 	0.0 	0.0	-0.253225806452	160.0	-19.0967741935	
0.0833333333333	0.0	0.0	0.0 	0.0 	81.0833333333 	13.0 	0.0 	0.0 	0.0 	-0.0 	13.0 	0.0 	0.0 	0.0 	0.0	-0.253225806452	160.0	-19.0967741935	
0.1	0.0	0.0	0.0 	0.0 	81.3 	13.0 	0.0 	0.0 	0.0 	-0.0 	13.0 	0.0 	0.0 	0.0 	0.0	-0.253225806452	160.0	-19.0967741935	
0.116666666667	0.0	0.0	0.0 	0.0 	81.5166666667 	13.0 	0.0 	0.0 	0.0 	-0.0 	13.0 	0.0 	0.0 	0.0 	0.0	-0.253225806452	160.0	-19.0967741935	
0.133333333333	0.0	0.0	0.0 	0.0 	81.7333333333 	13.0 	0.0 	0.0 	0.0 	-0.0 	13.0 	0.0 	0.0 	0.0 	0.0	-0.253225806452	160.0	-19.0967741935	
0.15	0.0	0.0	0.0 	0.0 	81.95 	13.0 	0.0 	0.0 	0.0 	-0.0 	13.0 	0.0 	0.0 	0.0 	0.0	-0.253225806452	160.0	-19.0967741935	
0.166666666667	0.0	0.0	0.0 	0.0 	82.1666666667 	13.0 	0.0 	0.0 	0.0 	-0.0 	13.0 	0.0 	0.0 	0.0 	0.0	-0.253225806452	160.0	-19.0967741935	
0.183333333333	0.0	0.0	0.0 	0.0 	82.3833333333 	13.0 	0.0 	0.0 	0.0 	-0.0 	13.0 	0.0 	0.0 	0.0 	0.0	-0.253225806452	160.0	-19.0967741935	
0.2	0.0	0.0	0.0 	0.0 	82.6 	13.0 	0.0 	0.0 	0.0 	-0.0 	13.0 	0.0 	0.0 	0.0 	0.0	-0.253225806452	160.0	-19.0967741935	
0.216666666667	0.0	0.0	0.0 	0.0 	82.8166666667 	13.0 	0.0 	0.0 	0.0 	-0.0 	13.0 	0.0 	0.0 	0.0 	0.0	-0.253225806452	160.0	-19.0967741935	
0.233333333333	0.0	0.0	0.0 	0.0 	83.0333333333 	13.0 	0.0 	0.0 	0.0 	-0.0 	13.0 	0.0 	0.0 	0.0 	0.0	-0.253225806452	160.0	-19.0967741935	
0.25	0.0	0.0	0.0 	0.0 	83.25 	13.0 	0.0 	0.0 	0.0 	-0.0 	13.0 	0.0 	0.0 	0.0 	0.0	-0.253225806452	160.0	-19.0967741935	
0.266666666667	0.0	0.0	0.0 	0.0 	83.4666666667 	13.0 	0.0 	0.0 	0.0 	-0.0 	13.0 	0.0 	0.0 	0.0 	0.0	-0.253225806452	160.0	-19.0967741935	
0.283333333333	0.0	0.0	0.0 	0.0 	83.6833333333 	13.0 	0.0 	0.0 	0.0 	-0.0 	13.0 	0.0 	0.0 	0.0 	0.0	-0.253225806452	160.0	-19.0967741935	
0.3	0.0	0.0	0.0 	0.0 	83.9 	13.0 	0.0 	0.0 	0.0 	-0.0 	13.0 	0.0 	0.0 	0.0 	0.0	-0.253225806452	160.0	-19.0967741935	
0.316666666667	0.0	0.0	0.0 	0.0 	84.1166666667 	13.0 	0.0 	0.0 	0.0 	-0.0 	13.0 	0.0 	0.0 	0.0 	0.0	-0.253225806452	160.0	-19.0967741935	
0.333333333333	0.0	0.0	0.0 	0.0 	84.3333333333 	13.0 	0.0 	0.0 	0.0 	-0.0 	13.0 	0.0 	0.0 	0.0 	0.0	-0.253225806452	160.0	-19.0967741935	
0.35	0.0	0.0	0.0 	0.0 	84.55 	13.0 	0.0 	0.0 	0.0 	-0.0 	13.0 	0.0 	0.0 	0.0 	0.0	-0.253225806452	160.0	-19.0967741935	
0.366666666667	0.0	0.0	0.0 	0.0 	84.7666666667 	13.0 	0.0 	0.0 	0.0 	-0.0 	13.0 	0.0 	0.0 	0.0 	0.0	-0.253225806452	160.0	-19.0967741935	
0.383333333333	0.0	0.0	0.0 	0.0 	84.9833333333 	13.0 	0.0 	0.0 	0.0 	-0.0 	13.0 	0.0 	0.0 	0.0 	0.0	-0.253225806452	160.0	-19.0967741935	
0.4	0.0	0.0	0.0 	0.0 	85.2 	13.0 	0.0 	0.0 	0.0 	-0.0 	13.0 	0.0 	0.0 	0.0 	0.0	-0.253225806452	160.0	-19.0967741935	
0.416666666667	0.0	0.0	0.0 	0.0 	85.4166666667 	13.0 	0.0 	0.0 	0.0 	-0.0 	13.0 	0.0 	0.0 	0.0 	0.0	-0.253225806452	160.0	-19.0967741935	
0.433333333333	0.0	0.0	0.0 	0.0 	85.6333333333 	13.0 	0.0 	0.0 	0.0 	-0.0 	13.0 	0.0 	0.0 	0.0 	0.0	-0.253225806452	160.0	-19.0967741935	
0.45	0.0	0.0	0.0 	0.0 	85.85 	13.0 	0.0 	0.0 	0.0 	-0.0 	13.0 	0.0 	0.0 	0.0 	0.0	-0.253225806452	160.0	-19.0967741935	
0.466666666667	0.0	0.0	0.0 	0.0 	86.0666666667 	13.0 	0.0 	0.0 	0.0 	-0.0 	13.0 	0.0 	0.0 	0.0 	0.0	-0.253225806452	160.0	-19.0967741935	
0.483333333333	0.0	0.0	0.0 	0.0 	86.2833333333 	13.0 	0.0 	0.0 	0.0 	-0.0 	13.0 	0.0 	0.0 	0.0 	0.0	-0.253225806452	160.0	-19.0967741935	
0.5	0.0	0.0	0.0 	0.0 	86.5 	13.0 	0.0 	0.0 	0.0 	-0.0 	13.0 	0.0 	0.0 	0.0 	0.0	-0.253225806452	160.0	-19.0967741935	
0.516666666667	0.0	0.0	0.0 	0.0 	86.7166666667 	13.0 	0.0 	0.0 	0.0 	-0.0 	13.0 	0.0 	0.0 	0.0 	0.0	-0.253225806452	160.0	-19.0967741935	
0.533333333333	0.0	0.0	0.0 	0.0 	86.9333333333 	13.0 	0.0 	0.0 	0.0 	-0.0 	13.0 	0.0 	0.0 	0.0 	0.0	-0.253225806452	160.0	-19.0967741935	
0.55	0.0	0.0	0.0 	0.0 	87.15 	13.0 	0.0 	0.0 	0.0 	-0.0 	13.0 	0.0 	0.0 	0.0 	0.0	-0.253225806452	160.0	-19.0967741935	
0.566666666667	0.0	0.0	0.0 	0.0 	87.3666666667 	13.0 	0.0 	0.0 	0.0 	-0.0 	13.0 	0.0 	0.0 	0.0 	0.0	-0.253225806452	160.0	-19.0967741935	
0.583333333333	0.0	0.0	0.0 	0.0 	87.5833333333 	13.0 	0.0 	0.0 	0.0 	-0.0 	13.0 	0.0 	0.0 	0.0 	0.0	-0.253225806452	160.0	-19.0967741935	
0.6	0.0	0.0	0.0 	0.0 	87.8 	13.0 	0.0 	0.0 	0.0 	-0.0 	13.0 	0.0 	0.0 	0.0 	0.0	-0.253225806452	160.0	-19.0967741935	
0.616666666667	0.0	0.0	0.0 	0.0 	88.0166666667 	13.0 	0.0 	0.0 	0.0 	-0.0 	13.0 	0.0 	0.0 	0.0 	0.0	-0.253225806452	160.0	-19.0967741935	
0.633333333333	0.0	0.0	0.0 	0.0 	88.2333333333 	13.0 	0.0 	0.0 	0.0 	-0.0 	13.0 	0.0 	0.0 	0.0 	0.0	-0.253225806452	160.0	-19.0967741935	
0.65	0.0	0.0	0.0 	0.0 	88.45 	13.0 	0.0 	0.0 	0.0 	-0.0 	13.0 	0.0 	0.0 	0.0 	0.0	-0.253225806452	160.0	-19.0967741935	
0.666666666667	0.0	0.0	0.0 	0.0 	88.6666666667 	13.0 	0.0 	0.0 	0.0 	-0.0 	13.0 	0.0 	0.0 	0.0 	0.0	-0.253225806452	160.0	-19.0967741935	
0.683333333333	0.0	0.0	0.0 	0.0 	88.8833333333 	13.0 	0.0 	0.0 	0.0 	-0.0 	13.0 	0.0 	0.0 	0.0 	0.0	-0.253225806452	160.0	-19.0967741935	
0.7	0.0	0.0	0.0 	0.0 	89.1 	13.0 	0.0 	0.0 	0.0 	-0.0 	13.0 	0.0 	0.0 	0.0 	0.0	-0.253225806452	160.0	-19.0967741935	
0.716666666667	0.0	0.0	0.0 	0.0 	89.3166666667 	13.0 	0.0 	0.0 	0.0 	-0.0 	13.0 	0.0 	0.0 	0.0 	0.0	-0.253225806452	160.0	-19.0967741935	
0.733333333333	0.0	0.0	0.0 	0.0 	89.5333333333 	13.0 	0.0 	0.0 	0.0 	-0.0 	13.0 	0.0 	0.0 	0.0 	0.0	-0.253225806452	160.0	-19.0967741935	
0.75	0.0	0.0	0.0 	0.0 	89.75 	13.0 	0.0 	0.0 	0.0 	-0.0 	13.0 	0.0 	0.0 	0.0 	0.0	-0.253225806452	160.0	-19.0967741935	
0.766666666667	0.0	0.0	0.0 	0.0 	89.9666666667 	13.0 	0.0 	0.0 	0.0 	-0.0 	13.0 	0.0 	0.0 	0.0 	0.0	-0.253225806452	160.0	-19.0967741935	
0.783333333333	0.0	0.0	0.0 	0.0 	90.1833333333 	13.0 	0.0 	0.0 	0.0 	-0.0 	13.0 	0.0 	0.0 	0.0 	0.0	-0.253225806452	160.0	-19.0967741935	
0.8	0.0	0.0	0.0 	0.0 	90.4 	13.0 	0.0 	0.0 	0.0 	-0.0 	13.0 	0.0 	0.0 	0.0 	0.0	-0.253225806452	160.0	-19.0967741935	
0.816666666667	0.0	0.0	0.0 	0.0 	90.6166666667 	13.0 	0.0 	0.0 	0.0 	-0.0 	13.0 	0.0 	0.0 	0.0 	0.0	-0.253225806452	160.0	-19.0967741935	
0.833333333333	0.0	0.0	0.0 	0.0 	90.8333333333 	13.0 	0.0 	0.0 	0.0 	-0.0 	13.0 	0.0 	0.0 	0.0 	0.0	-0.253225806452	160.0	-19.0967741935	
0.85	0.0	0.0	0.0 	0.0 	91.05 	13.0 	0.0 	0.0 	0.0 	-0.0 	13.0 	0.0 	0.0 	0.0 	0.0	-0.253225806452	160.0	-19.0967741935	
0.866666666667	0.0	0.0	0.0 	0.0 	91.2666666667 	13.0 	0.0 	0.0 	0.0 	-0.0 	13.0 	0.0 	0.0 	0.0 	0.0	-0.253225806452	160.0	-19.0967741935	
0.883333333333	0.0	0.0	0.0 	0.0 	91.4833333333 	13.0 	0.0 	0.0 	0.0 	-0.0 	13.0 	0.0 	0.0 	0.0 	0.0	-0.253225806452	160.0	-19.0967741935	
0.9	0.0	0.0	0.0 	0.0 	91.7 	13.0 	0.0 	0.0 	0.0 	-0.0 	13.0 	0.0 	0.0 	0.0 	0.0	-0.253225806452	160.0	-19.0967741935	
0.916666666667	0.0	0.0	0.0 	0.0 	91.9166666667 	13.0 	0.0 	0.0 	0.0 	-0.0 	13.0 	0.0 	0.0 	0.0 	0.0	-0.253225806452	160.0	-19.0967741935	
0.933333333333	0.0	0.0	0.0 	0.0 	92.1333333333 	13.0 	0.0 	0.0 	0.0 	-0.0 	13.0 	0.0 	0.0 	0.0 	0.0	-0.253225806452	160.0	-19.0967741935	
0.95	0.0	0.0	0.0 	0.0 	92.35 	13.0 	0.0 	0.0 	0.0 	-0.0 	13.0 	0.0 	0.0 	0.0 	0.0	-0.253225806452	160.0	-19.0967741935	
0.966666666667	0.0	0.0	0.0 	0.0 	92.5666666667 	13.0 	0.0 	0.0 	0.0 	-0.0 	13.0 	0.0 	0.0 	0.0 	0.0	-0.253225806452	160.0	-19.0967741935	
0.983333333333	0.0	0.0	0.0 	0.0 	92.7833333333 	13.0 	0.0 	0.0 	0.0 	-0.0 	13.0 	0.0 	0.0 	0.0 	0.0	-0.253225806452	160.0	-19.0967741935	
1.0	0.0	0.0	0.0 	0.0 	93.0 	13.0 	0.0 	0.0 	0.0 	-0.0 	13.0 	0.0 	0.0 	0.0 	0.0	-0.253225806452	160.0	-19.0967741935	
1.01666666667	0.0	0.0	0.0 	0.0 	93.2166666667 	13.0 	0.0 	0.0 	0.0 	-0.0 	13.0 	0.0 	0.0 	0.0 	0.0	-0.253225806452	160.0	-19.0967741935	
1.03333333333	0.0	0.0	0.0 	0.0 	93.4333333333 	13.0 	0.0 	0.0 	0.0 	-0.0 	13.0 	0.0 	0.0 	0.0 	0.0	-0.253225806452	160.0	-19.0967741935	
1.05	0.0	0.0	0.0 	0.0 	93.65 	13.0 	0.0 	0.0 	0.0 	-0.0 	13.0 	0.0 	0.0 	0.0 	0.0	-0.253225806452	160.0	-19.0967741935	
1.06666666667	0.0	0.0	0.0 	0.0 	93.8666666667 	13.0 	0.0 	0.0 	0.0 	-0.0 	13.0 	0.0 	0.0 	0.0 	0.0	-0.253225806452	160.0	-19.0967741935	
1.08333333333	0.0	0.0	0.0 	0.0 	94.0833333333 	13.0 	0.0 	0.0 	0.0 	-0.0 	13.0 	0.0 	0.0 	0.0 	0.0	-0.253225806452	160.0	-19.0967741935	
1.1	0.0	0.0	0.0 	0.0 	94.3 	13.0 	0.0 	0.0 	0.0 	-0.0 	13.0 	0.0 	0.0 	0.0 	0.0	-0.253225806452	160.0	-19.0967741935	
1.11666666667	0.0	0.0	0.0 	0.0 	94.5166666667 	13.0 	0.0 	0.0 	0.0 	-0.0 	13.0 	0.0 	0.0 	0.0 	0.0	-0.253225806452	160.0	-19.0967741935	
1.13333333333	0.0	0.0	0.0 	0.0 	94.7333333333 	13.0 	0.0 	0.0 	0.0 	-0.0 	13.0 	0.0 	0.0 	0.0 	0.0	-0.253225806452	160.0	-19.0967741935	
1.15	0.0	0.0	0.0 	0.0 	94.95 	13.0 	0.0 	0.0 	0.0 	-0.0 	13.0 	0.0 	0.0 	0.0 	0.0	-0.253225806452	160.0	-19.0967741935	
1.16666666667	0.0	0.0	0.0 	0.0 	95.1666666667 	13.0 	0.0 	0.0 	0.0 	-0.0 	13.0 	0.0 	0.0 	0.0 	0.0	-0.253225806452	160.0	-19.0967741935	
1.18333333333	0.0	0.0	0.0 	0.0 	95.3833333333 	13.0 	0.0 	0.0 	0.0 	-0.0 	13.0 	0.0 	0.0 	0.0 	0.0	-0.253225806452	160.0	-19.0967741935	
1.2	0.0	0.0	0.0 	0.0 	95.6 	13.0 	0.0 	0.0 	0.0 	-0.0 	13.0 	0.0 	0.0 	0.0 	0.0	-0.253225806452	160.0	-19.0967741935	
1.21666666667	0.0	0.0	0.0 	0.0 	95.8166666667 	13.0 	0.0 	0.0 	0.0 	-0.0 	13.0 	0.0 	0.0 	0.0 	0.0	-0.253225806452	160.0	-19.0967741935	
1.23333333333	0.0	0.0	0.0 	0.0 	96.0333333333 	13.0 	0.0 	0.0 	0.0 	-0.0 	13.0 	0.0 	0.0 	0.0 	0.0	-0.253225806452	160.0	-19.0967741935	
1.25	0.0	0.0	0.0 	0.0 	96.25 	13.0 	0.0 	0.0 	0.0 	-0.0 	13.0 	0.0 	0.0 	0.0 	0.0	-0.253225806452	160.0	-19.0967741935	
1.26666666667	0.0	0.0	0.0 	0.0 	96.4666666667 	13.0 	0.0 	0.0 	0.0 	-0.0 	13.0 	0.0 	0.0 	0.0 	0.0	-0.253225806452	160.0	-19.0967741935	
1.28333333333	0.0	0.0	0.0 	0.0 	96.6833333333 	13.0 	0.0 	0.0 	0.0 	-0.0 	13.0 	0.0 	0.0 	0.0 	0.0	-0.253225806452	160.0	-19.0967741935	
1.3	0.0	0.0	0.0 	0.0 	96.9 	13.0 	0.0 	0.0 	0.0 	-0.0 	13.0 	0.0 	0.0 	0.0 	0.0	-0.253225806452	160.0	-19.0967741935	
1.31666666667	0.0	0.0	0.0 	0.0 	97.1166666667 	13.0 	0.0 	0.0 	0.0 	-0.0 	13.0 	0.0 	0.0 	0.0 	0.0	-0.253225806452	160.0	-19.0967741935	
1.33333333333	0.0	0.0	0.0 	0.0 	97.3333333333 	13.0 	0.0 	0.0 	0.0 	-0.0 	13.0 	0.0 	0.0 	0.0 	0.0	-0.253225806452	160.0	-19.0967741935	
1.35	0.0	0.0	0.0 	0.0 	97.55 	13.0 	0.0 	0.0 	0.0 	-0.0 	13.0 	0.0 	0.0 	0.0 	0.0	-0.253225806452	160.0	-19.0967741935	
1.36666666667	0.0	0.0	0.0 	0.0 	97.7666666667 	13.0 	0.0 	0.0 	0.0 	-0.0 	13.0 	0.0 	0.0 	0.0 	0.0	-0.253225806452	160.0	-19.0967741935	
1.38333333333	0.0	0.0	0.0 	0.0 	97.9833333333 	13.0 	0.0 	0.0 	0.0 	-0.0 	13.0 	0.0 	0.0 	0.0 	0.0	-0.253225806452	160.0	-19.0967741935	
1.4	0.0	0.0	0.0 	0.0 	98.2 	13.0 	0.0 	0.0 	0.0 	-0.0 	13.0 	0.0 	0.0 	0.0 	0.0	-0.253225806452	160.0	-19.0967741935	
1.41666666667	0.0	0.0	0.0 	0.0 	98.4166666667 	13.0 	0.0 	0.0 	0.0 	-0.0 	13.0 	0.0 	0.0 	0.0 	0.0	-0.253225806452	160.0	-19.0967741935	
1.43333333333	0.0	0.0	0.0 	0.0 	98.6333333333 	13.0 	0.0 	0.0 	0.0 	-0.0 	13.0 	0.0 	0.0 	0.0 	0.0	-0.253225806452	160.0	-19.0967741935	
1.45	0.0	0.0	0.0 	0.0 	98.85 	13.0 	0.0 	0.0 	0.0 	-0.0 	13.0 	0.0 	0.0 	0.0 	0.0	-0.253225806452	160.0	-19.0967741935	
1.46666666667	0.0	0.0	0.0 	0.0 	99.0666666667 	13.0 	0.0 	0.0 	0.0 	-0.0 	13.0 	0.0 	0.0 	0.0 	0.0	-0.253225806452	160.0	-19.0967741935	
1.48333333333	0.0	0.0	0.0 	0.0 	99.2833333333 	13.0 	0.0 	0.0 	0.0 	-0.0 	13.0 	0.0 	0.0 	0.0 	0.0	-0.253225806452	160.0	-19.0967741935	
1.5	0.0	0.0	0.0 	0.0 	99.5 	13.0 	0.0 	0.0 	0.0 	-0.0 	13.0 	0.0 	0.0 	0.0 	0.0	-0.253225806452	160.0	-19.0967741935	
1.51666666667	0.0	0.0	0.0 	0.0 	99.7166666667 	13.0 	0.0 	0.0 	0.0 	-0.0 	13.0 	0.0 	0.0 	0.0 	0.0	-0.253225806452	160.0	-19.0967741935	
1.53333333333	0.0	0.0	0.0 	0.0 	99.9333333333 	13.0 	0.0 	0.0 	0.0 	-0.0 	13.0 	0.0 	0.0 	0.0 	0.0	-0.253225806452	160.0	-19.0967741935	
1.55	0.0	0.0	0.0 	0.0 	100.15 	13.0 	0.0 	0.0 	0.0 	-0.0 	13.0 	0.0 	0.0 	0.0 	0.164848484848	0.221958164125	160.00060483	-19.0940941192	
1.56666666667	0.0	0.0	0.0 	0.0 	100.366666667 	13.0 	0.0 	0.0 	0.0 	-0.0 	13.0 	0.0 	0.0 	0.0 	0.326599816345	0.617944806273	160.003758484	-19.0896574192	
1.58333333333	0.0	0.0	0.0 	0.0 	100.583333333 	13.0 	0.0 	0.0 	0.0 	-0.0 	13.0 	0.0 	0.0 	0.0 	0.485312183432	0.93694144133	160.010275826	-19.0848669412	
1.6	0.0	0.0	0.0 	0.0 	100.8 	13.0 	0.0 	0.0 	0.0 	-0.0 	13.0 	0.0 	0.0 	0.0 	0.641042681804	1.15161613111	160.020034877	-19.0805184094	
1.61666666667	0.0	0.0	0.0 	0.0 	101.016666667 	13.0 	0.0 	0.0 	0.0 	-0.0 	13.0 	0.0 	0.0 	0.0 	0.793847334449	1.31413922884	160.032832278	-19.0771597925	
1.63333333333	0.0	0.0	0.0 	0.0 	101.233333333 	13.0 	0.0 	0.0 	0.0 	-0.0 	13.0 	0.0 	0.0 	0.0 	0.943781111802	1.44537887392	160.048438415	-19.0751921832	
1.65	0.0	0.0	0.0 	0.0 	101.45 	13.0 	0.0 	0.0 	0.0 	-0.0 	13.0 	0.0 	0.0 	0.0 	1.09089795152	1.55576913404	160.066617995	-19.0749189746	
1.66666666667	0.0	0.0	0.0 	0.0 	101.666666667 	13.0 	0.0 	0.0 	0.0 	-0.0 	13.0 	0.0 	0.0 	0.0 	1.23525077788	1.65127233145	160.087138877	-19.0765739876	
1.68333333333	0.0	0.0	0.0 	0.0 	101.883333333 	13.0 	0.0 	0.0 	0.0 	-0.0 	13.0 	0.0 	0.0 	0.0 	1.37689152085	1.7356149154	160.109776078	-19.080339175	
1.7	0.0	0.0	0.0 	0.0 	102.1 	13.0 	0.0 	0.0 	0.0 	-0.0 	13.0 	0.0 	0.0 	0.0 	1.5158711347	1.81128118311	160.13431355	-19.0863565154	
1.71666666667	0.0	0.0	0.0 	0.0 	102.316666667 	13.0 	0.0 	0.0 	0.0 	-0.0 	13.0 	0.0 	0.0 	0.0 	1.65223961641	1.88001014037	160.160544868	-19.0947363947	
1.73333333333	0.0	0.0	0.0 	0.0 	102.533333333 	13.0 	0.0 	0.0 	0.0 	-0.0 	13.0 	0.0 	0.0 	0.0 	1.78604602362	1.94306651632	160.188273351	-19.1055637348	
1.75	0.0	0.0	0.0 	0.0 	102.75 	13.0 	0.0 	0.0 	0.0 	-0.0 	13.0 	0.0 	0.0 	0.0 	1.91733849226	2.00139885549	160.217311903	-19.1189026078	
1.76666666667	0.0	0.0	0.0 	0.0 	102.966666667 	13.0 	0.0 	0.0 	0.0 	-0.0 	13.0 	0.0 	0.0 	0.0 	2.04616425392	2.05573680513	160.247482687	-19.1347997933	
1.78333333333	0.0	0.0	0.0 	0.0 	103.183333333 	13.0 	0.0 	0.0 	0.0 	-0.0 	13.0 	0.0 	0.0 	0.0 	2.17256965279	2.1066536571	160.27861674	-19.1532875784	
1.8	0.0	0.0	0.0 	0.0 	103.4 	13.0 	0.0 	0.0 	0.0 	-0.0 	13.0 	0.0 	0.0 	0.0 	2.29660016234	2.15460804249	160.310553556	-19.1743859965	
1.81666666667	0.0	0.0	0.0 	0.0 	103.616666667 	13.0 	0.0 	0.0 	0.0 	-0.0 	13.0 	0.0 	0.0 	0.0 	2.41830040172	2.19997259664	160.343140659	-19.198104645	
1.83333333333	0.0	0.0	0.0 	0.0 	103.833333333 	13.0 	0.0 	0.0 	0.0 	-0.0 	13.0 	0.0 	0.0 	0.0 	2.53771415174	2.24305419327	160.376233194	-19.2244441794	
1.85	0.0	0.0	0.0 	0.0 	104.05 	13.0 	0.0 	0.0 	0.0 	-0.0 	13.0 	0.0 	0.0 	0.0 	2.65488437071	2.28410855802	160.409693529	-19.2533975545	
1.86666666667	0.0	0.0	0.0 	0.0 	104.266666667 	13.0 	0.0 	0.0 	0.0 	-0.0 	13.0 	0.0 	0.0 	0.0 	2.76985320981	2.32335103636	160.443390875	-19.2849510661	
1.88333333333	0.0	0.0	0.0 	0.0 	104.483333333 	13.0 	0.0 	0.0 	0.0 	-0.0 	13.0 	0.0 	0.0 	0.0 	2.88266202829	2.36096466948	160.477200932	-19.3190852317	
1.9	0.0	0.0	0.0 	0.0 	104.7 	13.0 	0.0 	0.0 	0.0 	-0.0 	13.0 	0.0 	0.0 	0.0 	2.99335140836	2.39710634735	160.511005554	-19.3557755419	
1.91666666667	0.0	0.0	0.0 	0.0 	104.916666667 	13.0 	0.0 	0.0 	0.0 	-0.0 	13.0 	0.0 	0.0 	0.0 	3.10196116978	2.43056829229	160.544745082	-19.3949478192	
1.93333333333	0.0	0.0	0.0 	0.0 	105.133333333 	13.0 	0.0 	0.0 	0.0 	-0.0 	13.0 	0.0 	0.0 	0.0 	3.20853038417	2.45845324641	160.578500481	-19.4364231467	
1.95	0.0	0.0	0.0 	0.0 	105.35 	13.0 	0.0 	0.0 	0.0 	-0.0 	13.0 	0.0 	0.0 	0.0 	3.31309738907	2.48169070818	160.612351468	-19.4800484862	
1.96666666667	0.0	0.0	0.0 	0.0 	105.566666667 	13.0 	0.0 	0.0 	0.0 	-0.0 	13.0 	0.0 	0.0 	0.0 	3.41569980176	2.50105525965	160.646373341	-19.5256921816	
1.98333333333	0.0	0.0	0.0 	0.0 	105.783333333 	13.0 	0.0 	0.0 	0.0 	-0.0 	13.0 	0.0 	0.0 	0.0 	3.51637453276	2.51719238588	160.680635183	-19.5732402391	
2.0	0.0	0.0	0.0 	0.0 	106.0 	13.0 	0.0 	0.0 	0.0 	-0.0 	13.0 	0.0 	0.0 	0.0 	3.61515779911	2.53063999107	160.715198987	-19.6225932826	
2.01666666667	0.0	0.0	0.0 	0.0 	106.216666667 	13.0 	0.0 	0.0 	0.0 	-0.0 	13.0 	0.0 	0.0 	0.0 	3.71208513743	2.54184632872	160.750119381	-19.6736640772	
2.03333333333	0.0	0.0	0.0 	0.0 	106.433333333 	13.0 	0.0 	0.0 	0.0 	-0.0 	13.0 	0.0 	0.0 	0.0 	3.80719141667	2.55118494344	160.785443757	-19.7263755165	
2.05	0.0	0.0	0.0 	0.0 	106.65 	13.0 	0.0 	0.0 	0.0 	-0.0 	13.0 	0.0 	0.0 	0.0 	3.90051085066	2.55896712237	160.821212625	-19.7806589854	
2.06666666667	0.0	0.0	0.0 	0.0 	106.866666667 	13.0 	0.0 	0.0 	0.0 	-0.0 	13.0 	0.0 	0.0 	0.0 	3.99207701044	2.56545227147	160.857460115	-19.836453024	
2.08333333333	0.0	0.0	0.0 	0.0 	107.083333333 	13.0 	0.0 	0.0 	0.0 	-0.0 	13.0 	0.0 	0.0 	0.0 	4.0819228363	2.5708565624	160.894214538	-19.8937022319	
2.1	0.0	0.0	0.0 	0.0 	107.3 	13.0 	0.0 	0.0 	0.0 	-0.0 	13.0 	0.0 	0.0 	0.0 	4.17008064968	2.57536013817	160.931498978	-19.9523563658	
2.11666666667	0.0	0.0	0.0 	0.0 	107.516666667 	13.0 	0.0 	0.0 	0.0 	-0.0 	13.0 	0.0 	0.0 	0.0 	4.25658216475	2.57911311797	160.96933186	-20.0123695923	
2.13333333333	0.0	0.0	0.0 	0.0 	107.733333333 	13.0 	0.0 	0.0 	0.0 	-0.0 	13.0 	0.0 	0.0 	0.0 	4.34145849983	2.58224060115	161.00772751	-20.0736998653	
2.15	0.0	0.0	0.0 	0.0 	107.95 	13.0 	0.0 	0.0 	0.0 	-0.0 	13.0 	0.0 	0.0 	0.0 	4.42474018862	2.58484683712	161.046696659	-20.136308405	
2.16666666667	0.0	0.0	0.0 	0.0 	108.166666667 	13.0 	0.0 	0.0 	0.0 	-0.0 	13.0 	0.0 	0.0 	0.0 	4.50645719114	2.58701870044	161.086246916	-20.2001592602	
2.18333333333	0.0	0.0	0.0 	0.0 	108.383333333 	13.0 	0.0 	0.0 	0.0 	-0.0 	13.0 	0.0 	0.0 	0.0 	4.58663890452	2.58882858653	161.126383192	-20.2652189385	
2.2	0.0	0.0	0.0 	0.0 	108.6 	13.0 	0.0 	0.0 	0.0 	-0.0 	13.0 	0.0 	0.0 	0.0 	4.66531417358	2.59033682495	161.167108075	-20.3314560929	
2.21666666667	0.0	0.0	0.0 	0.0 	108.816666667 	13.0 	0.0 	0.0 	0.0 	-0.0 	13.0 	0.0 	0.0 	0.0 	4.74251130123	2.59159369029	161.208422174	-20.3988412554	
2.23333333333	0.0	0.0	0.0 	0.0 	109.033333333 	13.0 	0.0 	0.0 	0.0 	-0.0 	13.0 	0.0 	0.0 	0.0 	4.8182580586	2.59264107808	161.250324406	-20.4673466102	
2.25	0.0	0.0	0.0 	0.0 	109.25 	13.0 	0.0 	0.0 	0.0 	-0.0 	13.0 	0.0 	0.0 	0.0 	4.89258169508	2.59351390123	161.292812267	-20.5369457995	
2.26666666667	0.0	0.0	0.0 	0.0 	109.466666667 	13.0 	0.0 	0.0 	0.0 	-0.0 	13.0 	0.0 	0.0 	0.0 	4.96550894808	2.59424125386	161.335882049	-20.6076137576	
2.28333333333	0.0	0.0	0.0 	0.0 	109.683333333 	13.0 	0.0 	0.0 	0.0 	-0.0 	13.0 	0.0 	0.0 	0.0 	5.03706605269	2.59484738105	161.379529043	-20.6793265684	
2.3	0.0	0.0	0.0 	0.0 	109.9 	13.0 	0.0 	0.0 	0.0 	-0.0 	13.0 	0.0 	0.0 	0.0 	5.1072787511	2.59535248705	161.423747709	-20.7520613432	
2.31666666667	0.0	0.0	0.0 	0.0 	110.116666667 	13.0 	0.0 	0.0 	0.0 	-0.0 	13.0 	0.0 	0.0 	0.0 	5.17617230183	2.59577340871	161.46853182	-20.8257961154	
2.33333333333	0.0	0.0	0.0 	0.0 	110.333333333 	13.0 	0.0 	0.0 	0.0 	-0.0 	13.0 	0.0 	0.0 	0.0 	5.24377148889	2.59612417676	161.513874593	-20.90050975	
2.35	0.0	0.0	0.0 	0.0 	110.55 	13.0 	0.0 	0.0 	0.0 	-0.0 	13.0 	0.0 	0.0 	0.0 	5.31010063061	2.59641648347	161.559768796	-20.9761818654	
2.36666666667	0.0	0.0	0.0 	0.0 	110.766666667 	13.0 	0.0 	0.0 	0.0 	-0.0 	13.0 	0.0 	0.0 	0.0 	5.37518358846	2.59666007239	161.606206838	-21.052792766	
2.38333333333	0.0	0.0	0.0 	0.0 	110.983333333 	13.0 	0.0 	0.0 	0.0 	-0.0 	13.0 	0.0 	0.0 	0.0 	5.43904377559	2.59686306316	161.653180853	-21.1303233839	
2.4	0.0	0.0	0.0 	0.0 	111.2 	13.0 	0.0 	0.0 	0.0 	-0.0 	13.0 	0.0 	0.0 	0.0 	5.50170416526	2.59703222214	161.700682764	-21.2087552281	
2.41666666667	0.0	0.0	0.0 	0.0 	111.416666667 	13.0 	0.0 	0.0 	0.0 	-0.0 	13.0 	0.0 	0.0 	0.0 	5.56318729912	2.59717318795	161.748704342	-21.288070341	
2.43333333333	0.0	0.0	0.0 	0.0 	111.633333333 	13.0 	0.0 	0.0 	0.0 	-0.0 	13.0 	0.0 	0.0 	0.0 	5.62351529532	2.59729065946	161.797237255	-21.3682512601	
2.45	0.0	0.0	0.0 	0.0 	111.85 	13.0 	0.0 	0.0 	0.0 	-0.0 	13.0 	0.0 	0.0 	0.0 	5.68270985644	2.59738855238	161.846273106	-21.4492809848	
2.46666666667	0.0	0.0	0.0 	0.0 	112.066666667 	13.0 	0.0 	0.0 	0.0 	-0.0 	13.0 	0.0 	0.0 	0.0 	5.74079227732	2.59747012982	161.895803469	-21.5311429471	
2.48333333333	0.0	0.0	0.0 	0.0 	112.283333333 	13.0 	0.0 	0.0 	0.0 	-0.0 	13.0 	0.0 	0.0 	0.0 	5.79778345271	2.59753811102	161.94581992	-21.6138209868	
2.5	0.0	0.0	0.0 	0.0 	112.5 	13.0 	0.0 	0.0 	0.0 	-0.0 	13.0 	0.0 	0.0 	0.0 	5.85370388482	2.59759476202	161.996314057	-21.6972993283	
2.51666666667	0.0	0.0	0.0 	0.0 	112.716666667 	13.0 	0.0 	0.0 	0.0 	-0.0 	13.0 	0.0 	0.0 	0.0 	5.90857369062	2.59764197118	162.047277525	-21.7815625618	
2.53333333333	0.0	0.0	0.0 	0.0 	112.933333333 	13.0 	0.0 	0.0 	0.0 	-0.0 	13.0 	0.0 	0.0 	0.0 	5.96241260916	2.59768131215	162.098702026	-21.8665956249	
2.55	0.0	0.0	0.0 	0.0 	113.15 	13.0 	0.0 	0.0 	0.0 	-0.0 	13.0 	0.0 	0.0 	0.0 	6.01524000862	2.5977140963	162.150579339	-21.9523837878	
2.56666666667	0.0	0.0	0.0 	0.0 	113.366666667 	13.0 	0.0 	0.0 	0.0 	-0.0 	13.0 	0.0 	0.0 	0.0 	6.06707489331	2.59774141642	162.202901329	-22.038912639	
2.58333333333	0.0	0.0	0.0 	0.0 	113.583333333 	13.0 	0.0 	0.0 	0.0 	-0.0 	13.0 	0.0 	0.0 	0.0 	6.11793591046	2.59776418318	162.255659954	-22.1261680732	
2.6	0.0	0.0	0.0 	0.0 	113.8 	13.0 	0.0 	0.0 	0.0 	-0.0 	13.0 	0.0 	0.0 	0.0 	6.16784135699	2.59778315549	162.308847274	-22.2141362796	
2.61666666667	0.0	0.0	0.0 	0.0 	114.016666667 	13.0 	0.0 	0.0 	0.0 	-0.0 	13.0 	0.0 	0.0 	0.0 	6.21680918604	2.59779896574	162.362455459	-22.3028037323	
2.63333333333	0.0	0.0	0.0 	0.0 	114.233333333 	13.0 	0.0 	0.0 	0.0 	-0.0 	13.0 	0.0 	0.0 	0.0 	6.26485701346	2.59781214095	162.416476787	-22.3921571804	
2.65	0.0	0.0	0.0 	0.0 	114.45 	13.0 	0.0 	0.0 	0.0 	-0.0 	13.0 	0.0 	0.0 	0.0 	6.31200212411	2.5978231203	162.470903655	-22.4821836403	
2.66666666667	0.0	0.0	0.0 	0.0 	114.666666667 	13.0 	0.0 	0.0 	0.0 	-0.0 	13.0 	0.0 	0.0 	0.0 	6.35826147815	2.59783226975	162.525728577	-22.572870387	
2.68333333333	0.0	0.0	0.0 	0.0 	114.883333333 	13.0 	0.0 	0.0 	0.0 	-0.0 	13.0 	0.0 	0.0 	0.0 	6.40365171704	2.59783989429	162.580944185	-22.6642049476	
2.7	0.0	0.0	0.0 	0.0 	115.1 	13.0 	0.0 	0.0 	0.0 	-0.0 	13.0 	0.0 	0.0 	0.0 	6.44818916963	2.59784624808	162.636543234	-22.7561750941	
2.71666666667	0.0	0.0	0.0 	0.0 	115.316666667 	13.0 	0.0 	0.0 	0.0 	-0.0 	13.0 	0.0 	0.0 	0.0 	6.49188985796	2.5978515429	162.692518599	-22.8487688373	
2.73333333333	0.0	0.0	0.0 	0.0 	115.533333333 	13.0 	0.0 	0.0 	0.0 	-0.0 	13.0 	0.0 	0.0 	0.0 	6.53476950305	2.59785595525	162.748863276	-22.941974421	
2.75	0.0	0.0	0.0 	0.0 	115.75 	13.0 	0.0 	0.0 	0.0 	-0.0 	13.0 	0.0 	0.0 	0.0 	6.57684353057	2.59785963221	162.805570383	-23.0357803161	
2.76666666667	0.0	0.0	0.0 	0.0 	115.966666667 	13.0 	0.0 	0.0 	0.0 	-0.0 	13.0 	0.0 	0.0 	0.0 	6.61812707636	2.59786269634	162.862633156	-23.1301752157	
2.78333333333	0.0	0.0	0.0 	0.0 	116.183333333 	13.0 	0.0 	0.0 	0.0 	-0.0 	13.0 	0.0 	0.0 	0.0 	6.65863499189	2.59786524979	162.920044955	-23.2251480296	
2.8	0.0	0.0	0.0 	0.0 	116.4 	13.0 	0.0 	0.0 	0.0 	-0.0 	13.0 	0.0 	0.0 	0.0 	6.69838184962	2.59786737766	162.977799254	-23.3206878801	
2.81666666667	0.0	0.0	0.0 	0.0 	116.616666667 	13.0 	0.0 	0.0 	0.0 	-0.0 	13.0 	0.0 	0.0 	0.0 	6.7373819482	2.59786915088	163.035889646	-23.4167840968	
2.83333333333	0.0	0.0	0.0 	0.0 	116.833333333 	13.0 	0.0 	0.0 	0.0 	-0.0 	13.0 	0.0 	0.0 	0.0 	6.77564931766	2.59787062857	163.09430984	-23.5134262127	
2.85	0.0	0.0	0.0 	0.0 	117.05 	13.0 	0.0 	0.0 	0.0 	-0.0 	13.0 	0.0 	0.0 	0.0 	6.81319772442	2.59787185998	163.153053661	-23.6106039595	
2.86666666667	0.0	0.0	0.0 	0.0 	117.266666667 	13.0 	0.0 	0.0 	0.0 	-0.0 	13.0 	0.0 	0.0 	0.0 	6.85004067627	2.59787288615	163.212115043	-23.7083072639	
2.88333333333	0.0	0.0	0.0 	0.0 	117.483333333 	13.0 	0.0 	0.0 	0.0 	-0.0 	13.0 	0.0 	0.0 	0.0 	6.8861914272	2.59787374129	163.271488035	-23.8065262435	
2.9	0.0	0.0	0.0 	0.0 	117.7 	13.0 	0.0 	0.0 	0.0 	-0.0 	13.0 	0.0 	0.0 	0.0 	6.9216629822	2.59787445391	163.331166793	-23.9052512027	
2.91666666667	0.0	0.0	0.0 	0.0 	117.916666667 	13.0 	0.0 	0.0 	0.0 	-0.0 	13.0 	0.0 	0.0 	0.0 	6.95646810193	2.59787504776	163.391145583	-24.0044726294	
2.93333333333	0.0	0.0	0.0 	0.0 	118.133333333 	13.0 	0.0 	0.0 	0.0 	-0.0 	13.0 	0.0 	0.0 	0.0 	6.99061930729	2.59787554264	163.451418777	-24.1041811911	
2.95	0.0	0.0	0.0 	0.0 	118.35 	13.0 	0.0 	0.0 	0.0 	-0.0 	13.0 	0.0 	0.0 	0.0 	7.02412888394	2.59787595503	163.511980848	-24.2043677313	
2.96666666667	0.0	0.0	0.0 	0.0 	118.566666667 	13.0 	0.0 	0.0 	0.0 	-0.0 	13.0 	0.0 	0.0 	0.0 	7.05700888672	2.5978762987	163.572826377	-24.3050232665	
2.98333333333	0.0	0.0	0.0 	0.0 	118.783333333 	13.0 	0.0 	0.0 	0.0 	-0.0 	13.0 	0.0 	0.0 	0.0 	7.089271144	2.59787658508	163.633950042	-24.4061389822	
3.0	0.0	0.0	0.0 	0.0 	119.0 	13.0 	0.0 	0.0 	0.0 	-0.0 	13.0 	0.0 	0.0 	0.0 	7.1209272619	2.59787682374	163.695346622	-24.5077062302	
3.01666666667	0.0	0.0	0.0 	0.0 	119.216666667 	13.0 	0.0 	0.0 	0.0 	-0.0 	13.0 	0.0 	0.0 	0.0 	7.1519886285	2.59787702262	163.757010992	-24.6097165251	
3.03333333333	0.0	0.0	0.0 	0.0 	119.433333333 	13.0 	0.0 	0.0 	0.0 	-0.0 	13.0 	0.0 	0.0 	0.0 	7.1824664179	2.59787718835	163.818938124	-24.7121615413	
3.05	0.0	0.0	0.0 	0.0 	119.65 	13.0 	0.0 	0.0 	0.0 	-0.0 	13.0 	0.0 	0.0 	0.0 	7.21237159429	2.59787732646	163.881123084	-24.8150331099	
3.06666666667	0.0	0.0	0.0 	0.0 	119.866666667 	13.0 	0.0 	0.0 	0.0 	-0.0 	13.0 	0.0 	0.0 	0.0 	7.24171491586	2.59787744155	163.94356103	-24.9183232155	
3.08333333333	0.0	0.0	0.0 	0.0 	120.083333333 	13.0 	0.0 	0.0 	0.0 	-0.0 	13.0 	0.0 	0.0 	0.0 	7.27050693865	2.59787753746	164.006247211	-25.0220239939	
3.1	0.0	0.0	0.0 	0.0 	120.3 	13.0 	0.0 	0.0 	0.0 	-0.0 	13.0 	0.0 	0.0 	0.0 	7.29875802041	2.59787761739	164.069176963	-25.1261277285	
3.11666666667	0.0	0.0	0.0 	0.0 	120.516666667 	13.0 	0.0 	0.0 	0.0 	-0.0 	13.0 	0.0 	0.0 	0.0 	7.32647832427	2.59787768399	164.132345712	-25.2306268479	
3.13333333333	0.0	0.0	0.0 	0.0 	120.733333333 	13.0 	0.0 	0.0 	0.0 	-0.0 	13.0 	0.0 	0.0 	0.0 	7.35367782242	2.59787773949	164.19574897	-25.335513923	
3.15	0.0	0.0	0.0 	0.0 	120.95 	13.0 	0.0 	0.0 	0.0 	-0.0 	13.0 	0.0 	0.0 	0.0 	7.38036629969	2.59787778575	164.259382329	-25.4407816645	
3.16666666667	0.0	0.0	0.0 	0.0 	121.166666667 	13.0 	0.0 	0.0 	0.0 	-0.0 	13.0 	0.0 	0.0 	0.0 	7.40655335709	2.59787782429	164.323241469	-25.54642292	
3.18333333333	0.0	0.0	0.0 	0.0 	121.383333333 	13.0 	0.0 	0.0 	0.0 	-0.0 	13.0 	0.0 	0.0 	0.0 	7.43224841523	2.59787785641	164.387322148	-25.6524306718	
3.2	0.0	0.0	0.0 	0.0 	121.6 	13.0 	0.0 	0.0 	0.0 	-0.0 	13.0 	0.0 	0.0 	0.0 	7.45746071773	2.59787788318	164.451620204	-25.7587980337	
3.21666666667	0.0	0.0	0.0 	0.0 	121.816666667 	13.0 	0.0 	0.0 	0.0 	-0.0 	13.0 	0.0 	0.0 	0.0 	7.48219933455	2.59787790548	164.516131553	-25.8655182492	
3.23333333333	0.0	0.0	0.0 	0.0 	122.033333333 	13.0 	0.0 	0.0 	0.0 	-0.0 	13.0 	0.0 	0.0 	0.0 	7.50647316524	2.59787792407	164.580852188	-25.9725846888	
3.25	0.0	0.0	0.0 	0.0 	122.25 	13.0 	0.0 	0.0 	0.0 	-0.0 	13.0 	0.0 	0.0 	0.0 	7.53029094213	2.59787793956	164.645778178	-26.0799908475	
3.26666666667	0.0	0.0	0.0 	0.0 	122.466666667 	13.0 	0.0 	0.0 	0.0 	-0.0 	13.0 	0.0 	0.0 	0.0 	7.55366123352	2.59787795247	164.710905665	-26.1877303426	
3.28333333333	0.0	0.0	0.0 	0.0 	122.683333333 	13.0 	0.0 	0.0 	0.0 	-0.0 	13.0 	0.0 	0.0 	0.0 	7.57659244671	2.59787796323	164.776230864	-26.2957969111	
3.3	0.0	0.0	0.0 	0.0 	122.9 	13.0 	0.0 	0.0 	0.0 	-0.0 	13.0 	0.0 	0.0 	0.0 	7.59909283104	2.59787797219	164.841750058	-26.4041844081	
3.31666666667	0.0	0.0	0.0 	0.0 	123.116666667 	13.0 	0.0 	0.0 	0.0 	-0.0 	13.0 	0.0 	0.0 	0.0 	7.62117048089	2.59787797966	164.907459606	-26.5128868038	
3.33333333333	0.0	0.0	0.0 	0.0 	123.333333333 	13.0 	0.0 	0.0 	0.0 	-0.0 	13.0 	0.0 	0.0 	0.0 	7.64283333852	2.59787798589	164.973355929	-26.6218981819	
3.35	0.0	0.0	0.0 	0.0 	123.55 	13.0 	0.0 	0.0 	0.0 	-0.0 	13.0 	0.0 	0.0 	0.0 	7.66408919701	2.59787799107	165.039435519	-26.7312127373	
3.36666666667	0.0	0.0	0.0 	0.0 	123.766666667 	13.0 	0.0 	0.0 	0.0 	-0.0 	13.0 	0.0 	0.0 	0.0 	7.684945703	2.5978779954	165.105694932	-26.8408247738	
3.38333333333	0.0	0.0	0.0 	0.0 	123.983333333 	13.0 	0.0 	0.0 	0.0 	-0.0 	13.0 	0.0 	0.0 	0.0 	7.70541035949	2.597877999	165.172130792	-26.9507287024	
3.4	0.0	0.0	0.0 	0.0 	124.2 	13.0 	0.0 	0.0 	0.0 	-0.0 	13.0 	0.0 	0.0 	0.0 	7.72549052849	2.597878002	165.238739781	-27.0609190389	
3.41666666667	0.0	0.0	0.0 	0.0 	124.416666667 	13.0 	0.0 	0.0 	0.0 	-0.0 	13.0 	0.0 	0.0 	0.0 	7.74519343372	2.5978780045	165.305518648	-27.1713904023	
3.43333333333	0.0	0.0	0.0 	0.0 	124.633333333 	13.0 	0.0 	0.0 	0.0 	-0.0 	13.0 	0.0 	0.0 	0.0 	7.76452616314	2.59787800659	165.372464202	-27.2821375128	
3.45	0.0	0.0	0.0 	0.0 	124.85 	13.0 	0.0 	0.0 	0.0 	-0.0 	13.0 	0.0 	0.0 	0.0 	7.78349567159	2.59787800832	165.439573309	-27.3931551896	
3.46666666667	0.0	0.0	0.0 	0.0 	125.066666667 	13.0 	0.0 	0.0 	0.0 	-0.0 	13.0 	0.0 	0.0 	0.0 	7.80210878322	2.59787800977	165.506842899	-27.5044383494	
3.48333333333	0.0	0.0	0.0 	0.0 	125.283333333 	13.0 	0.0 	0.0 	0.0 	-0.0 	13.0 	0.0 	0.0 	0.0 	7.82037219396	2.59787801098	165.574269955	-27.6159820041	
3.5	0.0	0.0	0.0 	0.0 	125.5 	13.0 	0.0 	0.0 	0.0 	-0.0 	13.0 	0.0 	0.0 	0.0 	7.83829247395	2.59787801198	165.641851519	-27.7277812598	
3.51666666667	0.0	0.0	0.0 	0.0 	125.716666667 	13.0 	0.0 	0.0 	0.0 	-0.0 	13.0 	0.0 	0.0 	0.0 	7.85587606989	2.59787801282	165.709584688	-27.8398313141	
3.53333333333	0.0	0.0	0.0 	0.0 	125.933333333 	13.0 	0.0 	0.0 	0.0 	-0.0 	13.0 	0.0 	0.0 	0.0 	7.87312930737	2.59787801352	165.777466614	-27.9521274551	
3.55	0.0	0.0	0.0 	0.0 	126.15 	13.0 	0.0 	0.0 	0.0 	-0.0 	13.0 	0.0 	0.0 	0.0 	7.89005839311	2.5978780141	165.845494503	-28.0646650594	
3.56666666667	0.0	0.0	0.0 	0.0 	126.366666667 	13.0 	0.0 	0.0 	0.0 	-0.0 	13.0 	0.0 	0.0 	0.0 	7.90666941724	2.59787801459	165.913665611	-28.1774395903	
3.58333333333	0.0	0.0	0.0 	0.0 	126.583333333 	13.0 	0.0 	0.0 	0.0 	-0.0 	13.0 	0.0 	0.0 	0.0 	7.92296835546	2.59787801499	165.981977248	-28.2904465965	
3.6	0.0	0.0	0.0 	0.0 	126.8 	13.0 	0.0 	0.0 	0.0 	-0.0 	13.0 	0.0 	0.0 	0.0 	7.93896107121	2.59787801533	166.050426774	-28.4036817103	
3.61666666667	0.0	0.0	0.0 	0.0 	127.016666667 	13.0 	0.0 	0.0 	0.0 	-0.0 	13.0 	0.0 	0.0 	0.0 	7.95465331775	2.59787801561	166.119011597	-28.517140646	
3.63333333333	0.0	0.0	0.0 	0.0 	127.233333333 	13.0 	0.0 	0.0 	0.0 	-0.0 	13.0 	0.0 	0.0 	0.0 	7.97005074026	2.59787801584	166.187729178	-28.6308191985	
3.65	0.0	0.0	0.0 	0.0 	127.45 	13.0 	0.0 	0.0 	0.0 	-0.0 	13.0 	0.0 	0.0 	0.0 	7.98515887787	2.59787801604	166.25657702	-28.7447132416	
3.66666666667	0.0	0.0	0.0 	0.0 	127.666666667 	13.0 	0.0 	0.0 	0.0 	-0.0 	13.0 	0.0 	0.0 	0.0 	7.99998316562	2.5978780162	166.325552676	-28.8588187268	
3.68333333333	0.0	0.0	0.0 	0.0 	127.883333333 	13.0 	0.0 	0.0 	0.0 	-0.0 	13.0 	0.0 	0.0 	0.0 	8.01452893645	2.59787801633	166.394653746	-28.9731316814	
3.7	0.0	0.0	0.0 	0.0 	128.1 	13.0 	0.0 	0.0 	0.0 	-0.0 	13.0 	0.0 	0.0 	0.0 	8.02880142309	2.59787801645	166.463877873	-29.0876482076	
3.71666666667	0.0	0.0	0.0 	0.0 	128.316666667 	13.0 	0.0 	0.0 	0.0 	-0.0 	13.0 	0.0 	0.0 	0.0 	8.04280575999	2.59787801654	166.533222745	-29.2023644807	
3.73333333333	0.0	0.0	0.0 	0.0 	128.533333333 	13.0 	0.0 	0.0 	0.0 	-0.0 	13.0 	0.0 	0.0 	0.0 	8.05654698511	2.59787801662	166.602686094	-29.3172767478	
3.75	0.0	0.0	0.0 	0.0 	128.75 	13.0 	0.0 	0.0 	0.0 	-0.0 	13.0 	0.0 	0.0 	0.0 	8.07003004175	2.59787801668	166.672265693	-29.4323813267	
3.76666666667	0.0	0.0	0.0 	0.0 	128.966666667 	13.0 	0.0 	0.0 	0.0 	-0.0 	13.0 	0.0 	0.0 	0.0 	8.08325978036	2.59787801674	166.741959359	-29.5476746042	
3.78333333333	0.0	0.0	0.0 	0.0 	129.183333333 	13.0 	0.0 	0.0 	0.0 	-0.0 	13.0 	0.0 	0.0 	0.0 	8.09624096025	2.59787801678	166.811764947	-29.663153035	
3.8	0.0	0.0	0.0 	0.0 	129.4 	13.0 	0.0 	0.0 	0.0 	-0.0 	13.0 	0.0 	0.0 	0.0 	8.1089782513	2.59787801682	166.881680357	-29.7788131406	
3.81666666667	0.0	0.0	0.0 	0.0 	129.616666667 	13.0 	0.0 	0.0 	0.0 	-0.0 	13.0 	0.0 	0.0 	0.0 	8.12147623567	2.59787801685	166.951703524	-29.8946515077	
3.83333333333	0.0	0.0	0.0 	0.0 	129.833333333 	13.0 	0.0 	0.0 	0.0 	-0.0 	13.0 	0.0 	0.0 	0.0 	8.13373940942	2.59787801688	167.021832424	-30.010664787	
3.85	0.0	0.0	0.0 	0.0 	130.05 	13.0 	0.0 	0.0 	0.0 	-0.0 	13.0 	0.0 	0.0 	0.0 	8.14577218415	2.5978780169	167.09206507	-30.1268496924	
3.86666666667	0.0	0.0	0.0 	0.0 	130.266666667 	13.0 	0.0 	0.0 	0.0 	-0.0 	13.0 	0.0 	0.0 	0.0 	8.15757888857	2.59787801692	167.162399513	-30.2432029994	
3.88333333333	0.0	0.0	0.0 	0.0 	130.483333333 	13.0 	0.0 	0.0 	0.0 	-0.0 	13.0 	0.0 	0.0 	0.0 	8.16916377006	2.59787801693	167.23283384	-30.359721544	
3.9	0.0	0.0	0.0 	0.0 	130.7 	13.0 	0.0 	0.0 	0.0 	-0.0 	13.0 	0.0 	0.0 	0.0 	8.1805309962	2.59787801695	167.303366176	-30.4764022219	
3.91666666667	0.0	0.0	0.0 	0.0 	130.916666667 	13.0 	0.0 	0.0 	0.0 	-0.0 	13.0 	0.0 	0.0 	0.0 	8.19168465627	2.59787801696	167.373994678	-30.5932419868	
3.93333333333	0.0	0.0	0.0 	0.0 	131.133333333 	13.0 	0.0 	0.0 	0.0 	-0.0 	13.0 	0.0 	0.0 	0.0 	8.20262876273	2.59787801697	167.44471754	-30.7102378498	
3.95	0.0	0.0	0.0 	0.0 	131.35 	13.0 	0.0 	0.0 	0.0 	-0.0 	13.0 	0.0 	0.0 	0.0 	8.21336725264	2.59787801697	167.515532989	-30.8273868783	
3.96666666667	0.0	0.0	0.0 	0.0 	131.566666667 	13.0 	0.0 	0.0 	0.0 	-0.0 	13.0 	0.0 	0.0 	0.0 	8.2239039891	2.59787801698	167.586439285	-30.9446861945	
3.98333333333	0.0	0.0	0.0 	0.0 	131.783333333 	13.0 	0.0 	0.0 	0.0 	-0.0 	13.0 	0.0 	0.0 	0.0 	8.23424276264	2.59787801699	167.657434722	-31.0621329748	
4.0	0.0	0.0	0.0 	0.0 	132.0 	13.0 	0.0 	0.0 	0.0 	-0.0 	13.0 	0.0 	0.0 	0.0 	8.24438729256	2.59787801699	167.728517625	-31.1797244488	
4.01666666667	0.0	0.0	0.0 	0.0 	132.216666667 	13.0 	0.0 	0.0 	0.0 	-0.0 	13.0 	0.0 	0.0 	0.0 	8.25434122827	2.59787801699	167.799686351	-31.2974578979	
4.03333333333	0.0	0.0	0.0 	0.0 	132.433333333 	13.0 	0.0 	0.0 	0.0 	-0.0 	13.0 	0.0 	0.0 	0.0 	8.26410815065	2.597878017	167.870939286	-31.4153306547	
4.05	0.0	0.0	0.0 	0.0 	132.65 	13.0 	0.0 	0.0 	0.0 	-0.0 	13.0 	0.0 	0.0 	0.0 	8.27369157327	2.597878017	167.94227485	-31.533340102	
4.06666666667	0.0	0.0	0.0 	0.0 	132.866666667 	13.0 	0.0 	0.0 	0.0 	-0.0 	13.0 	0.0 	0.0 	0.0 	8.28309494372	2.597878017	168.013691489	-31.6514836715	
4.08333333333	0.0	0.0	0.0 	0.0 	133.083333333 	13.0 	0.0 	0.0 	0.0 	-0.0 	13.0 	0.0 	0.0 	0.0 	8.29232164477	2.597878017	168.085187681	-31.7697588435	
4.1	0.0	0.0	0.0 	0.0 	133.3 	13.0 	0.0 	0.0 	0.0 	-0.0 	13.0 	0.0 	0.0 	0.0 	8.30137499569	2.597878017	168.156761931	-31.8881631454	
4.11666666667	0.0	0.0	0.0 	0.0 	133.516666667 	13.0 	0.0 	0.0 	0.0 	-0.0 	13.0 	0.0 	0.0 	0.0 	8.31025825335	2.597878017	168.228412771	-32.0066941511	
4.13333333333	0.0	0.0	0.0 	0.0 	133.733333333 	13.0 	0.0 	0.0 	0.0 	-0.0 	13.0 	0.0 	0.0 	0.0 	8.31897461343	2.59787801701	168.300138764	-32.1253494801	
4.15	0.0	0.0	0.0 	0.0 	133.95 	13.0 	0.0 	0.0 	0.0 	-0.0 	13.0 	0.0 	0.0 	0.0 	8.32752721161	2.59787801701	168.371938498	-32.2441267966	
4.16666666667	0.0	0.0	0.0 	0.0 	134.166666667 	13.0 	0.0 	0.0 	0.0 	-0.0 	13.0 	0.0 	0.0 	0.0 	8.3359191246	2.59787801701	168.443810586	-32.3630238089	
4.18333333333	0.0	0.0	0.0 	0.0 	134.383333333 	13.0 	0.0 	0.0 	0.0 	-0.0 	13.0 	0.0 	0.0 	0.0 	8.34415337135	2.59787801701	168.515753669	-32.4820382679	
4.2	0.0	0.0	0.0 	0.0 	134.6 	13.0 	0.0 	0.0 	0.0 	-0.0 	13.0 	0.0 	0.0 	0.0 	8.35223291407	2.59787801701	168.587766415	-32.6011679673	
4.21666666667	0.0	0.0	0.0 	0.0 	134.816666667 	13.0 	0.0 	0.0 	0.0 	-0.0 	13.0 	0.0 	0.0 	0.0 	8.36016065932	2.59787801701	168.659847513	-32.7204107417	
4.23333333333	0.0	0.0	0.0 	0.0 	135.033333333 	13.0 	0.0 	0.0 	0.0 	-0.0 	13.0 	0.0 	0.0 	0.0 	8.36793945906	2.59787801701	168.731995679	-32.8397644669	
4.25	0.0	0.0	0.0 	0.0 	135.25 	13.0 	0.0 	0.0 	0.0 	-0.0 	13.0 	0.0 	0.0 	0.0 	8.37557211164	2.59787801701	168.804209654	-32.9592270583	
4.26666666667	0.0	0.0	0.0 	0.0 	135.466666667 	13.0 	0.0 	0.0 	0.0 	-0.0 	13.0 	0.0 	0.0 	0.0 	8.38306136288	2.59787801701	168.876488202	-33.0787964704	
4.28333333333	0.0	0.0	0.0 	0.0 	135.683333333 	13.0 	0.0 	0.0 	0.0 	-0.0 	13.0 	0.0 	0.0 	0.0 	8.39040990697	2.59787801701	168.948830108	-33.1984706964	
4.3	0.0	0.0	0.0 	0.0 	135.9 	13.0 	0.0 	0.0 	0.0 	-0.0 	13.0 	0.0 	0.0 	0.0 	8.39762038751	2.59787801701	169.021234183	-33.3182477671	
4.31666666667	0.0	0.0	0.0 	0.0 	136.116666667 	13.0 	0.0 	0.0 	0.0 	-0.0 	13.0 	0.0 	0.0 	0.0 	8.40469539841	2.59787801701	169.093699258	-33.4381257501	
4.33333333333	0.0	0.0	0.0 	0.0 	136.333333333 	13.0 	0.0 	0.0 	0.0 	-0.0 	13.0 	0.0 	0.0 	0.0 	8.41163748486	2.59787801701	169.166224188	-33.5581027497	
4.35	0.0	0.0	0.0 	0.0 	136.55 	13.0 	0.0 	0.0 	0.0 	-0.0 	13.0 	0.0 	0.0 	0.0 	8.41844914424	2.59787801701	169.238807848	-33.6781769054	
4.36666666667	0.0	0.0	0.0 	0.0 	136.766666667 	13.0 	0.0 	0.0 	0.0 	-0.0 	13.0 	0.0 	0.0 	0.0 	8.42513282698	2.59787801701	169.311449135	-33.7983463919	
4.38333333333	0.0	0.0	0.0 	0.0 	136.983333333 	13.0 	0.0 	0.0 	0.0 	-0.0 	13.0 	0.0 	0.0 	0.0 	8.4316909375	2.59787801701	169.384146965	-33.9186094181	
4.4	0.0	0.0	0.0 	0.0 	137.2 	13.0 	0.0 	0.0 	0.0 	-0.0 	13.0 	0.0 	0.0 	0.0 	8.43812583504	2.59787801701	169.456900277	-34.0389642267	
4.41666666667	0.0	0.0	0.0 	0.0 	137.416666667 	13.0 	0.0 	0.0 	0.0 	-0.0 	13.0 	0.0 	0.0 	0.0 	8.44443983451	2.59787801701	169.529708028	-34.1594090932	
4.43333333333	0.0	0.0	0.0 	0.0 	137.633333333 	13.0 	0.0 	0.0 	0.0 	-0.0 	13.0 	0.0 	0.0 	0.0 	8.45063520731	2.59787801701	169.602569195	-34.2799423257	
4.45	0.0	0.0	0.0 	0.0 	137.85 	13.0 	0.0 	0.0 	0.0 	-0.0 	13.0 	0.0 	0.0 	0.0 	8.4567141822	2.59787801701	169.675482775	-34.4005622639	
4.46666666667	0.0	0.0	0.0 	0.0 	138.066666667 	13.0 	0.0 	0.0 	0.0 	-0.0 	13.0 	0.0 	0.0 	0.0 	8.46267894605	2.59787801701	169.748447784	-34.5212672788	
4.48333333333	0.0	0.0	0.0 	0.0 	138.283333333 	13.0 	0.0 	0.0 	0.0 	-0.0 	13.0 	0.0 	0.0 	0.0 	8.46853164464	2.59787801701	169.821463254	-34.642055772	
4.5	0.0	0.0	0.0 	0.0 	138.5 	13.0 	0.0 	0.0 	0.0 	-0.0 	13.0 	0.0 	0.0 	0.0 	8.47427438344	2.59787801701	169.894528237	-34.7629261751	
4.51666666667	0.0	0.0	0.0 	0.0 	138.716666667 	13.0 	0.0 	0.0 	0.0 	-0.0 	13.0 	0.0 	0.0 	0.0 	8.47990922836	2.59787801701	169.967641805	-34.8838769493	
4.53333333333	0.0	0.0	0.0 	0.0 	138.933333333 	13.0 	0.0 	0.0 	0.0 	-0.0 	13.0 	0.0 	0.0 	0.0 	8.48543820649	2.59787801701	170.040803043	-35.0049065844	
4.55	0.0	0.0	0.0 	0.0 	139.15 	13.0 	0.0 	0.0 	0.0 	-0.0 	13.0 	0.0 	0.0 	0.0 	8.49086330685	2.59787801701	170.114011056	-35.1260135989	
4.56666666667	0.0	0.0	0.0 	0.0 	139.366666667 	13.0 	0.0 	0.0 	0.0 	-0.0 	13.0 	0.0 	0.0 	0.0 	8.49618648109	2.59787801701	170.187264965	-35.247196539	
4.58333333333	0.0	0.0	0.0 	0.0 	139.583333333 	13.0 	0.0 	0.0 	0.0 	-0.0 	13.0 	0.0 	0.0 	0.0 	8.50140964417	2.59787801701	170.260563908	-35.3684539782	
4.6	0.0	0.0	0.0 	0.0 	139.8 	13.0 	0.0 	0.0 	0.0 	-0.0 	13.0 	0.0 	0.0 	0.0 	8.5065346751	2.59787801701	170.333907039	-35.4897845168	
4.61666666667	0.0	0.0	0.0 	0.0 	140.016666667 	13.0 	0.0 	0.0 	0.0 	-0.0 	13.0 	0.0 	0.0 	0.0 	8.51156341757	2.59787801701	170.407293528	-35.6111867815	
4.63333333333	0.0	0.0	0.0 	0.0 	140.233333333 	13.0 	0.0 	0.0 	0.0 	-0.0 	13.0 	0.0 	0.0 	0.0 	8.51649768063	2.59787801701	170.48072256	-35.7326594246	
4.65	0.0	0.0	0.0 	0.0 	140.45 	13.0 	0.0 	0.0 	0.0 	-0.0 	13.0 	0.0 	0.0 	0.0 	8.52133923936	2.59787801701	170.554193336	-35.8542011239	
4.66666666667	0.0	0.0	0.0 	0.0 	140.666666667 	13.0 	0.0 	0.0 	0.0 	-0.0 	13.0 	0.0 	0.0 	0.0 	8.52608983547	2.59787801701	170.627705071	-35.975810582	
4.68333333333	0.0	0.0	0.0 	0.0 	140.883333333 	13.0 	0.0 	0.0 	0.0 	-0.0 	13.0 	0.0 	0.0 	0.0 	8.53075117795	2.59787801701	170.701256997	-36.0974865259	
4.7	0.0	0.0	0.0 	0.0 	141.1 	13.0 	0.0 	0.0 	0.0 	-0.0 	13.0 	0.0 	0.0 	0.0 	8.5353249437	2.59787801701	170.774848357	-36.2192277063	
4.71666666667	0.0	0.0	0.0 	0.0 	141.316666667 	13.0 	0.0 	0.0 	0.0 	-0.0 	13.0 	0.0 	0.0 	0.0 	8.53981277809	2.59787801701	170.848478411	-36.3410328977	
4.73333333333	0.0	0.0	0.0 	0.0 	141.533333333 	13.0 	0.0 	0.0 	0.0 	-0.0 	13.0 	0.0 	0.0 	0.0 	8.54421629559	2.59787801701	170.922146432	-36.4629008974	
4.75	0.0	0.0	0.0 	0.0 	141.75 	13.0 	0.0 	0.0 	0.0 	-0.0 	13.0 	0.0 	0.0 	0.0 	8.54853708034	2.59787801701	170.995851707	-36.5848305254	
4.76666666667	0.0	0.0	0.0 	0.0 	141.966666667 	13.0 	0.0 	0.0 	0.0 	-0.0 	13.0 	0.0 	0.0 	0.0 	8.55277668671	2.59787801701	171.069593536	-36.7068206238	
4.78333333333	0.0	0.0	0.0 	0.0 	142.183333333 	13.0 	0.0 	0.0 	0.0 	-0.0 	13.0 	0.0 	0.0 	0.0 	8.55693663987	2.59787801701	171.143371231	-36.8288700565	
4.8	0.0	0.0	0.0 	0.0 	142.4 	13.0 	0.0 	0.0 	0.0 	-0.0 	13.0 	0.0 	0.0 	0.0 	8.56101843633	2.59787801701	171.21718412	-36.9509777088	
4.81666666667	0.0	0.0	0.0 	0.0 	142.616666667 	13.0 	0.0 	0.0 	0.0 	-0.0 	13.0 	0.0 	0.0 	0.0 	8.5650235445	2.59787801701	171.291031541	-37.0731424868	
4.83333333333	0.0	0.0	0.0 	0.0 	142.833333333 	13.0 	0.0 	0.0 	0.0 	-0.0 	13.0 	0.0 	0.0 	0.0 	8.56895340518	2.59787801701	171.364912845	-37.1953633172	
4.85	0.0	0.0	0.0 	0.0 	143.05 	13.0 	0.0 	0.0 	0.0 	-0.0 	13.0 	0.0 	0.0 	0.0 	8.57280943211	2.59787801701	171.438827395	-37.317639147	
4.86666666667	0.0	0.0	0.0 	0.0 	143.266666667 	13.0 	0.0 	0.0 	0.0 	-0.0 	13.0 	0.0 	0.0 	0.0 	8.57659301248	2.59787801701	171.512774568	-37.4399689428	
4.88333333333	0.0	0.0	0.0 	0.0 	143.483333333 	13.0 	0.0 	0.0 	0.0 	-0.0 	13.0 	0.0 	0.0 	0.0 	8.5803055074	2.59787801701	171.586753749	-37.5623516907	
4.9	0.0	0.0	0.0 	0.0 	143.7 	13.0 	0.0 	0.0 	0.0 	-0.0 	13.0 	0.0 	0.0 	0.0 	8.58394825241	2.59787801701	171.660764338	-37.6847863959	
4.91666666667	0.0	0.0	0.0 	0.0 	143.916666667 	13.0 	0.0 	0.0 	0.0 	-0.0 	13.0 	0.0 	0.0 	0.0 	8.58752255797	2.59787801701	171.734805745	-37.8072720821	
4.93333333333	0.0	0.0	0.0 	0.0 	144.133333333 	13.0 	0.0 	0.0 	0.0 	-0.0 	13.0 	0.0 	0.0 	0.0 	8.59102970991	2.59787801701	171.80887739	-37.9298077916	
4.95	0.0	0.0	0.0 	0.0 	144.35 	13.0 	0.0 	0.0 	0.0 	-0.0 	13.0 	0.0 	0.0 	0.0 	8.59447096991	2.59787801701	171.882978706	-38.0523925846	
4.96666666667	0.0	0.0	0.0 	0.0 	144.566666667 	13.0 	0.0 	0.0 	0.0 	-0.0 	13.0 	0.0 	0.0 	0.0 	8.59784757593	2.59787801701	171.957109135	-38.1750255388	
4.98333333333	0.0	0.0	0.0 	0.0 	144.783333333 	13.0 	0.0 	0.0 	0.0 	-0.0 	13.0 	0.0 	0.0 	0.0 	8.60116074268	2.59787801701	172.031268129	-38.2977057495	
5.0	0.0	0.0	0.0 	0.0 	145.0 	13.0 	0.0 	0.0 	0.0 	-0.0 	13.0 	0.0 	0.0 	0.0 	8.60441166206	2.59787801701	172.105455154	-38.4204323287	
5.01666666667	0.0	0.0	0.0 	0.0 	145.216666667 	13.0 	0.0 	0.0 	0.0 	-0.0 	13.0 	0.0 	0.0 	0.0 	8.60760150356	2.59787801701	172.17966968	-38.5432044053	
5.03333333333	0.0	0.0	0.0 	0.0 	145.433333333 	13.0 	0.0 	0.0 	0.0 	-0.0 	13.0 	0.0 	0.0 	0.0 	8.61073141471	2.59787801701	172.253911193	-38.6660211245	
5.05	0.0	0.0	0.0 	0.0 	145.65 	13.0 	0.0 	0.0 	0.0 	-0.0 	13.0 	0.0 	0.0 	0.0 	8.61380252146	2.59787801701	172.328179185	-38.7888816475	
5.06666666667	0.0	0.0	0.0 	0.0 	145.866666667 	13.0 	0.0 	0.0 	0.0 	-0.0 	13.0 	0.0 	0.0 	0.0 	8.61681592863	2.59787801701	172.402473159	-38.9117851514	
5.08333333333	0.0	0.0	0.0 	0.0 	146.083333333 	13.0 	0.0 	0.0 	0.0 	-0.0 	13.0 	0.0 	0.0 	0.0 	8.61977272028	2.59787801701	172.476792625	-39.0347308287	
5.1	0.0	0.0	0.0 	0.0 	146.3 	13.0 	0.0 	0.0 	0.0 	-0.0 	13.0 	0.0 	0.0 	0.0 	8.62267396008	2.59787801701	172.551137107	-39.157717887	
5.11666666667	0.0	0.0	0.0 	0.0 	146.516666667 	13.0 	0.0 	0.0 	0.0 	-0.0 	13.0 	0.0 	0.0 	0.0 	8.62552069174	2.59787801701	172.625506132	-39.2807455489	
5.13333333333	0.0	0.0	0.0 	0.0 	146.733333333 	13.0 	0.0 	0.0 	0.0 	-0.0 	13.0 	0.0 	0.0 	0.0 	8.62831393935	2.59787801701	172.699899241	-39.4038130514	
5.15	0.0	0.0	0.0 	0.0 	146.95 	13.0 	0.0 	0.0 	0.0 	-0.0 	13.0 	0.0 	0.0 	0.0 	8.63105470776	2.59787801701	172.774315981	-39.5269196461	
5.16666666667	0.0	0.0	0.0 	0.0 	147.166666667 	13.0 	0.0 	0.0 	0.0 	-0.0 	13.0 	0.0 	0.0 	0.0 	8.63374398295	2.59787801701	172.848755908	-39.6500645985	
5.18333333333	0.0	0.0	0.0 	0.0 	147.383333333 	13.0 	0.0 	0.0 	0.0 	-0.0 	13.0 	0.0 	0.0 	0.0 	8.63638273236	2.59787801701	172.923218586	-39.773247188	
5.2	0.0	0.0	0.0 	0.0 	147.6 	13.0 	0.0 	0.0 	0.0 	-0.0 	13.0 	0.0 	0.0 	0.0 	8.63897190527	2.59787801701	172.997703587	-39.8964667074	
5.21666666667	0.0	0.0	0.0 	0.0 	147.816666667 	13.0 	0.0 	0.0 	0.0 	-0.0 	13.0 	0.0 	0.0 	0.0 	8.64151243311	2.59787801701	173.072210493	-40.0197224629	
5.23333333333	0.0	0.0	0.0 	0.0 	148.033333333 	13.0 	0.0 	0.0 	0.0 	-0.0 	13.0 	0.0 	0.0 	0.0 	8.64400522982	2.59787801701	173.146738892	-40.1430137737	
5.25	0.0	0.0	0.0 	0.0 	148.25 	13.0 	0.0 	0.0 	0.0 	-0.0 	13.0 	0.0 	0.0 	0.0 	8.64645119217	2.59787801701	173.22128838	-40.2663399718	
5.26666666667	0.0	0.0	0.0 	0.0 	148.466666667 	13.0 	0.0 	0.0 	0.0 	-0.0 	13.0 	0.0 	0.0 	0.0 	8.64885120007	2.59787801701	173.295858561	-40.3897004017	
5.28333333333	0.0	0.0	0.0 	0.0 	148.683333333 	13.0 	0.0 	0.0 	0.0 	-0.0 	13.0 	0.0 	0.0 	0.0 	8.65120611692	2.59787801701	173.370449046	-40.5130944203	
5.3	0.0	0.0	0.0 	0.0 	148.9 	13.0 	0.0 	0.0 	0.0 	-0.0 	13.0 	0.0 	0.0 	0.0 	8.65351678987	2.59787801701	173.445059453	-40.6365213965	
5.31666666667	0.0	0.0	0.0 	0.0 	149.116666667 	13.0 	0.0 	0.0 	0.0 	-0.0 	13.0 	0.0 	0.0 	0.0 	8.65578405018	2.59787801701	173.519689409	-40.7599807111	
5.33333333333	0.0	0.0	0.0 	0.0 	149.333333333 	13.0 	0.0 	0.0 	0.0 	-0.0 	13.0 	0.0 	0.0 	0.0 	8.65800871348	2.59787801701	173.594338545	-40.8834717566	
5.35	0.0	0.0	0.0 	0.0 	149.55 	13.0 	0.0 	0.0 	0.0 	-0.0 	13.0 	0.0 	0.0 	0.0 	8.66019158008	2.59787801701	173.669006503	-41.0069939368	
5.36666666667	0.0	0.0	0.0 	0.0 	149.766666667 	13.0 	0.0 	0.0 	0.0 	-0.0 	13.0 	0.0 	0.0 	0.0 	8.66233343524	2.59787801701	173.743692927	-41.1305466668	
5.38333333333	0.0	0.0	0.0 	0.0 	149.983333333 	13.0 	0.0 	0.0 	0.0 	-0.0 	13.0 	0.0 	0.0 	0.0 	8.66443504949	2.59787801701	173.818397471	-41.2541293725	
5.4	0.0	0.0	0.0 	0.0 	150.2 	13.0 	0.0 	0.0 	0.0 	-0.0 	13.0 	0.0 	0.0 	0.0 	8.66649717886	2.59787801701	173.893119795	-41.3777414908	
5.41666666667	0.0	0.0	0.0 	0.0 	150.416666667 	13.0 	0.0 	0.0 	0.0 	-0.0 	13.0 	0.0 	0.0 	0.0 	8.6685205652	2.59787801701	173.967859564	-41.5013824691	
5.43333333333	0.0	0.0	0.0 	0.0 	150.633333333 	13.0 	0.0 	0.0 	0.0 	-0.0 	13.0 	0.0 	0.0 	0.0 	8.6705059364	2.59787801701	174.042616452	-41.6250517652	
5.45	0.0	0.0	0.0 	0.0 	150.85 	13.0 	0.0 	0.0 	0.0 	-0.0 	13.0 	0.0 	0.0 	0.0 	8.67245400668	2.59787801701	174.117390135	-41.748748847	
5.46666666667	0.0	0.0	0.0 	0.0 	151.066666667 	13.0 	0.0 	0.0 	0.0 	-0.0 	13.0 	0.0 	0.0 	0.0 	8.67436547686	2.59787801701	174.1921803	-41.8724731926	
5.48333333333	0.0	0.0	0.0 	0.0 	151.283333333 	13.0 	0.0 	0.0 	0.0 	-0.0 	13.0 	0.0 	0.0 	0.0 	8.67624103457	2.59787801701	174.266986635	-41.9962242896	
5.5	0.0	0.0	0.0 	0.0 	151.5 	13.0 	0.0 	0.0 	0.0 	-0.0 	13.0 	0.0 	0.0 	0.0 	8.67808135453	2.59787801701	174.341808837	-42.1200016355	
5.51666666667	0.0	0.0	0.0 	0.0 	151.716666667 	13.0 	0.0 	0.0 	0.0 	-0.0 	13.0 	0.0 	0.0 	0.0 	8.67988709877	2.59787801701	174.416646609	-42.2438047372	
5.53333333333	0.0	0.0	0.0 	0.0 	151.933333333 	13.0 	0.0 	0.0 	0.0 	-0.0 	13.0 	0.0 	0.0 	0.0 	8.68165891692	2.59787801701	174.491499657	-42.3676331106	
5.55	0.0	0.0	0.0 	0.0 	152.15 	13.0 	0.0 	0.0 	0.0 	-0.0 	13.0 	0.0 	0.0 	0.0 	8.68339744636	2.59787801701	174.566367694	-42.4914862811	
5.56666666667	0.0	0.0	0.0 	0.0 	152.366666667 	13.0 	0.0 	0.0 	0.0 	-0.0 	13.0 	0.0 	0.0 	0.0 	8.68510331252	2.59787801701	174.64125044	-42.6153637827	
5.58333333333	0.0	0.0	0.0 	0.0 	152.583333333 	13.0 	0.0 	0.0 	0.0 	-0.0 	13.0 	0.0 	0.0 	0.0 	8.68677712907	2.59787801701	174.716147617	-42.7392651583	
5.6	0.0	0.0	0.0 	0.0 	152.8 	13.0 	0.0 	0.0 	0.0 	-0.0 	13.0 	0.0 	0.0 	0.0 	8.68841949816	2.59787801701	174.791058955	-42.8631899594	
5.61666666667	0.0	0.0	0.0 	0.0 	153.016666667 	13.0 	0.0 	0.0 	0.0 	-0.0 	13.0 	0.0 	0.0 	0.0 	8.69003101062	2.59787801701	174.865984187	-42.9871377458	
5.63333333333	0.0	0.0	0.0 	0.0 	153.233333333 	13.0 	0.0 	0.0 	0.0 	-0.0 	13.0 	0.0 	0.0 	0.0 	8.69161224618	2.59787801701	174.940923052	-43.1111080858	
5.65	0.0	0.0	0.0 	0.0 	153.45 	13.0 	0.0 	0.0 	0.0 	-0.0 	13.0 	0.0 	0.0 	0.0 	8.69316377367	2.59787801701	175.015875295	-43.2351005555	
5.66666666667	0.0	0.0	0.0 	0.0 	153.666666667 	13.0 	0.0 	0.0 	0.0 	-0.0 	13.0 	0.0 	0.0 	0.0 	8.69468615126	2.59787801701	175.090840663	-43.3591147392	
5.68333333333	0.0	0.0	0.0 	0.0 	153.883333333 	13.0 	0.0 	0.0 	0.0 	-0.0 	13.0 	0.0 	0.0 	0.0 	8.6961799266	2.59787801701	175.165818911	-43.4831502289	
5.7	0.0	0.0	0.0 	0.0 	154.1 	13.0 	0.0 	0.0 	0.0 	-0.0 	13.0 	0.0 	0.0 	0.0 	8.69764563707	2.59787801701	175.240809796	-43.6072066244	
5.71666666667	0.0	0.0	0.0 	0.0 	154.316666667 	13.0 	0.0 	0.0 	0.0 	-0.0 	13.0 	0.0 	0.0 	0.0 	8.69908380995	2.59787801701	175.315813081	-43.7312835329	
5.73333333333	0.0	0.0	0.0 	0.0 	154.533333333 	13.0 	0.0 	0.0 	0.0 	-0.0 	13.0 	0.0 	0.0 	0.0 	8.70049496261	2.59787801701	175.390828533	-43.8553805689	
5.75	0.0	0.0	0.0 	0.0 	154.75 	13.0 	0.0 	0.0 	0.0 	-0.0 	13.0 	0.0 	0.0 	0.0 	8.70187960271	2.59787801701	175.465855924	-43.9794973544	
5.76666666667	0.0	0.0	0.0 	0.0 	154.966666667 	13.0 	0.0 	0.0 	0.0 	-0.0 	13.0 	0.0 	0.0 	0.0 	8.70323822835	2.59787801701	175.540895028	-44.1036335182	
5.78333333333	0.0	0.0	0.0 	0.0 	155.183333333 	13.0 	0.0 	0.0 	0.0 	-0.0 	13.0 	0.0 	0.0 	0.0 	8.7045713283	2.59787801701	175.615945626	-44.2277886963	
5.8	0.0	0.0	0.0 	0.0 	155.4 	13.0 	0.0 	0.0 	0.0 	-0.0 	13.0 	0.0 	0.0 	0.0 	8.70587938214	2.59787801701	175.691007502	-44.3519625315	
5.81666666667	0.0	0.0	0.0 	0.0 	155.616666667 	13.0 	0.0 	0.0 	0.0 	-0.0 	13.0 	0.0 	0.0 	0.0 	8.70716286041	2.59787801701	175.766080445	-44.4761546732	
5.83333333333	0.0	0.0	0.0 	0.0 	155.833333333 	13.0 	0.0 	0.0 	0.0 	-0.0 	13.0 	0.0 	0.0 	0.0 	8.70842222485	2.59787801701	175.841164246	-44.6003647775	
5.85	0.0	0.0	0.0 	0.0 	156.05 	13.0 	0.0 	0.0 	0.0 	-0.0 	13.0 	0.0 	0.0 	0.0 	8.70965792851	2.59787801701	175.9162587	-44.7245925069	
5.86666666667	0.0	0.0	0.0 	0.0 	156.266666667 	13.0 	0.0 	0.0 	0.0 	-0.0 	13.0 	0.0 	0.0 	0.0 	8.71087041591	2.59787801701	175.991363609	-44.8488375302	
5.88333333333	0.0	0.0	0.0 	0.0 	156.483333333 	13.0 	0.0 	0.0 	0.0 	-0.0 	13.0 	0.0 	0.0 	0.0 	8.71206012325	2.59787801701	176.066478776	-44.9730995227	
5.9	0.0	0.0	0.0 	0.0 	156.7 	13.0 	0.0 	0.0 	0.0 	-0.0 	13.0 	0.0 	0.0 	0.0 	8.71322747851	2.59787801701	176.141604007	-45.0973781653	
5.91666666667	0.0	0.0	0.0 	0.0 	156.916666667 	13.0 	0.0 	0.0 	0.0 	-0.0 	13.0 	0.0 	0.0 	0.0 	8.71437290164	2.59787801701	176.216739114	-45.2216731454	
5.93333333333	0.0	0.0	0.0 	0.0 	157.133333333 	13.0 	0.0 	0.0 	0.0 	-0.0 	13.0 	0.0 	0.0 	0.0 	8.7154968047	2.59787801701	176.291883912	-45.3459841559	
5.95	0.0	0.0	0.0 	0.0 	157.35 	13.0 	0.0 	0.0 	0.0 	-0.0 	13.0 	0.0 	0.0 	0.0 	8.716599592	2.59787801701	176.367038218	-45.4703108958	
5.96666666667	0.0	0.0	0.0 	0.0 	157.566666667 	13.0 	0.0 	0.0 	0.0 	-0.0 	13.0 	0.0 	0.0 	0.0 	8.71768166028	2.59787801701	176.442201853	-45.5946530694	
5.98333333333	0.0	0.0	0.0 	0.0 	157.783333333 	13.0 	0.0 	0.0 	0.0 	-0.0 	13.0 	0.0 	0.0 	0.0 	8.71874339878	2.59787801701	176.517374642	-45.7190103868	
6.0	0.0	0.0	0.0 	0.0 	158.0 	13.0 	0.0 	0.0 	0.0 	-0.0 	13.0 	0.0 	0.0 	0.0 	8.71978518947	2.59787801701	176.592556414	-45.8433825635	
6.01666666667	0.0	0.0	0.0 	0.0 	158.216666667 	13.0 	0.0 	0.0 	0.0 	-0.0 	13.0 	0.0 	0.0 	0.0 	8.72080740712	2.59787801701	176.667747	-45.9677693203	
6.03333333333	0.0	0.0	0.0 	0.0 	158.433333333 	13.0 	0.0 	0.0 	0.0 	-0.0 	13.0 	0.0 	0.0 	0.0 	8.72181041947	2.59787801701	176.742946233	-46.0921703833	
6.05	0.0	0.0	0.0 	0.0 	158.65 	13.0 	0.0 	0.0 	0.0 	-0.0 	13.0 	0.0 	0.0 	0.0 	8.72279458735	2.59787801701	176.818153952	-46.2165854837	
6.06666666667	0.0	0.0	0.0 	0.0 	158.866666667 	13.0 	0.0 	0.0 	0.0 	-0.0 	13.0 	0.0 	0.0 	0.0 	8.7237602648	2.59787801701	176.893369996	-46.3410143578	
6.08333333333	0.0	0.0	0.0 	0.0 	159.083333333 	13.0 	0.0 	0.0 	0.0 	-0.0 	13.0 	0.0 	0.0 	0.0 	8.72470779922	2.59787801701	176.968594211	-46.4654567467	
6.1	0.0	0.0	0.0 	0.0 	159.3 	13.0 	0.0 	0.0 	0.0 	-0.0 	13.0 	0.0 	0.0 	0.0 	8.72563753147	2.59787801701	177.043826441	-46.5899123966	
6.11666666667	0.0	0.0	0.0 	0.0 	159.516666667 	13.0 	0.0 	0.0 	0.0 	-0.0 	13.0 	0.0 	0.0 	0.0 	8.72654979604	2.59787801701	177.119066538	-46.7143810584	
6.13333333333	0.0	0.0	0.0 	0.0 	159.733333333 	13.0 	0.0 	0.0 	0.0 	-0.0 	13.0 	0.0 	0.0 	0.0 	8.72744492108	2.59787801701	177.194314351	-46.8388624875	
6.15	0.0	0.0	0.0 	0.0 	159.95 	13.0 	0.0 	0.0 	0.0 	-0.0 	13.0 	0.0 	0.0 	0.0 	8.72832322862	2.59787801701	177.269569738	-46.9633564441	
6.16666666667	0.0	0.0	0.0 	0.0 	160.166666667 	13.0 	0.0 	0.0 	0.0 	-0.0 	13.0 	0.0 	0.0 	0.0 	8.72918503463	2.59787801701	177.344832555	-47.0878626928	
6.18333333333	0.0	0.0	0.0 	0.0 	160.383333333 	13.0 	0.0 	0.0 	0.0 	-0.0 	13.0 	0.0 	0.0 	0.0 	8.73003064913	2.59787801701	177.420102663	-47.2123810027	
6.2	0.0	0.0	0.0 	0.0 	160.6 	13.0 	0.0 	0.0 	0.0 	-0.0 	13.0 	0.0 	0.0 	0.0 	8.73086037633	2.59787801701	177.495379925	-47.3369111472	
6.21666666667	0.0	0.0	0.0 	0.0 	160.816666667 	13.0 	0.0 	0.0 	0.0 	-0.0 	13.0 	0.0 	0.0 	0.0 	8.73167451471	2.59787801701	177.570664206	-47.4614529039	
6.23333333333	0.0	0.0	0.0 	0.0 	161.033333333 	13.0 	0.0 	0.0 	0.0 	-0.0 	13.0 	0.0 	0.0 	0.0 	8.73247335716	2.59787801701	177.645955375	-47.5860060547	
6.25	0.0	0.0	0.0 	0.0 	161.25 	13.0 	0.0 	0.0 	0.0 	-0.0 	13.0 	0.0 	0.0 	0.0 	8.73325719106	2.59787801701	177.721253302	-47.7105703854	
6.26666666667	0.0	0.0	0.0 	0.0 	161.466666667 	13.0 	0.0 	0.0 	0.0 	-0.0 	13.0 	0.0 	0.0 	0.0 	8.73402629838	2.59787801701	177.79655786	-47.8351456861	
6.28333333333	0.0	0.0	0.0 	0.0 	161.683333333 	13.0 	0.0 	0.0 	0.0 	-0.0 	13.0 	0.0 	0.0 	0.0 	8.7347809558	2.59787801701	177.871868925	-47.9597317507	
6.3	0.0	0.0	0.0 	0.0 	161.9 	13.0 	0.0 	0.0 	0.0 	-0.0 	13.0 	0.0 	0.0 	0.0 	8.73552143482	2.59787801701	177.947186375	-48.0843283768	
6.31666666667	0.0	0.0	0.0 	0.0 	162.116666667 	13.0 	0.0 	0.0 	0.0 	-0.0 	13.0 	0.0 	0.0 	0.0 	8.7362480018	2.59787801701	178.022510089	-48.2089353662	
6.33333333333	0.0	0.0	0.0 	0.0 	162.333333333 	13.0 	0.0 	0.0 	0.0 	-0.0 	13.0 	0.0 	0.0 	0.0 	8.73696091813	2.59787801701	178.097839949	-48.333552524	
6.35	0.0	0.0	0.0 	0.0 	162.55 	13.0 	0.0 	0.0 	0.0 	-0.0 	13.0 	0.0 	0.0 	0.0 	8.73766044027	2.59787801701	178.173175841	-48.4581796593	
6.36666666667	0.0	0.0	0.0 	0.0 	162.766666667 	13.0 	0.0 	0.0 	0.0 	-0.0 	13.0 	0.0 	0.0 	0.0 	8.73834681988	2.59787801701	178.248517651	-48.5828165845	
6.38333333333	0.0	0.0	0.0 	0.0 	162.983333333 	13.0 	0.0 	0.0 	0.0 	-0.0 	13.0 	0.0 	0.0 	0.0 	8.73902030387	2.59787801701	178.323865267	-48.7074631158	
6.4	0.0	0.0	0.0 	0.0 	163.2 	13.0 	0.0 	0.0 	0.0 	-0.0 	13.0 	0.0 	0.0 	0.0 	8.73968113452	2.59787801701	178.399218581	-48.8321190726	
6.41666666667	0.0	0.0	0.0 	0.0 	163.416666667 	13.0 	0.0 	0.0 	0.0 	-0.0 	13.0 	0.0 	0.0 	0.0 	8.74032954957	2.59787801701	178.474577486	-48.956784278	
6.43333333333	0.0	0.0	0.0 	0.0 	163.633333333 	13.0 	0.0 	0.0 	0.0 	-0.0 	13.0 	0.0 	0.0 	0.0 	8.74096578228	2.59787801701	178.549941876	-49.0814585581	
6.45	0.0	0.0	0.0 	0.0 	163.85 	13.0 	0.0 	0.0 	0.0 	-0.0 	13.0 	0.0 	0.0 	0.0 	8.74159006152	2.59787801701	178.625311649	-49.2061417423	
6.46666666667	0.0	0.0	0.0 	0.0 	164.066666667 	13.0 	0.0 	0.0 	0.0 	-0.0 	13.0 	0.0 	0.0 	0.0 	8.74220261188	2.59787801701	178.700686704	-49.3308336636	
6.48333333333	0.0	0.0	0.0 	0.0 	164.283333333 	13.0 	0.0 	0.0 	0.0 	-0.0 	13.0 	0.0 	0.0 	0.0 	8.74280365372	2.59787801701	178.77606694	-49.4555341576	
6.5	0.0	0.0	0.0 	0.0 	164.5 	13.0 	0.0 	0.0 	0.0 	-0.0 	13.0 	0.0 	0.0 	0.0 	8.74339340325	2.59787801701	178.851452261	-49.5802430633	
6.51666666667	0.0	0.0	0.0 	0.0 	164.716666667 	13.0 	0.0 	0.0 	0.0 	-0.0 	13.0 	0.0 	0.0 	0.0 	8.74397207265	2.59787801701	178.926842572	-49.7049602228	
6.53333333333	0.0	0.0	0.0 	0.0 	164.933333333 	13.0 	0.0 	0.0 	0.0 	-0.0 	13.0 	0.0 	0.0 	0.0 	8.74453987007	2.59787801701	179.002237778	-49.8296854808	
6.55	0.0	0.0	0.0 	0.0 	165.15 	13.0 	0.0 	0.0 	0.0 	-0.0 	13.0 	0.0 	0.0 	0.0 	8.74509699978	2.59787801701	179.077637788	-49.9544186853	
6.56666666667	0.0	0.0	0.0 	0.0 	165.366666667 	13.0 	0.0 	0.0 	0.0 	-0.0 	13.0 	0.0 	0.0 	0.0 	8.74564366221	2.59787801701	179.153042511	-50.079159687	
6.58333333333	0.0	0.0	0.0 	0.0 	165.583333333 	13.0 	0.0 	0.0 	0.0 	-0.0 	13.0 	0.0 	0.0 	0.0 	8.74618005401	2.59787801701	179.228451858	-50.2039083394	
6.6	0.0	0.0	0.0 	0.0 	165.8 	13.0 	0.0 	0.0 	0.0 	-0.0 	13.0 	0.0 	0.0 	0.0 	8.74670636815	2.59787801701	179.303865744	-50.3286644986	
6.61666666667	0.0	0.0	0.0 	0.0 	166.016666667 	13.0 	0.0 	0.0 	0.0 	-0.0 	13.0 	0.0 	0.0 	0.0 	8.74722279396	2.59787801701	179.379284082	-50.4534280238	
6.63333333333	0.0	0.0	0.0 	0.0 	166.233333333 	13.0 	0.0 	0.0 	0.0 	-0.0 	13.0 	0.0 	0.0 	0.0 	8.74772951722	2.59787801701	179.454706789	-50.5781987765	
6.65	0.0	0.0	0.0 	0.0 	166.45 	13.0 	0.0 	0.0 	0.0 	-0.0 	13.0 	0.0 	0.0 	0.0 	8.74822672023	2.59787801701	179.530133783	-50.7029766209	
6.66666666667	0.0	0.0	0.0 	0.0 	166.666666667 	13.0 	0.0 	0.0 	0.0 	-0.0 	13.0 	0.0 	0.0 	0.0 	8.74871458185	2.59787801701	179.605564983	-50.8277614237	
6.68333333333	0.0	0.0	0.0 	0.0 	166.883333333 	13.0 	0.0 	0.0 	0.0 	-0.0 	13.0 	0.0 	0.0 	0.0 	8.74919327759	2.59787801701	179.681000311	-50.9525530543	
6.7	0.0	0.0	0.0 	0.0 	167.1 	13.0 	0.0 	0.0 	0.0 	-0.0 	13.0 	0.0 	0.0 	0.0 	8.74966297965	2.59787801701	179.756439688	-51.0773513844	
6.71666666667	0.0	0.0	0.0 	0.0 	167.316666667 	13.0 	0.0 	0.0 	0.0 	-0.0 	13.0 	0.0 	0.0 	0.0 	8.750123857	2.59787801701	179.83188304	-51.2021562881	
6.73333333333	0.0	0.0	0.0 	0.0 	167.533333333 	13.0 	0.0 	0.0 	0.0 	-0.0 	13.0 	0.0 	0.0 	0.0 	8.75057607544	2.59787801701	179.90733029	-51.3269676418	
6.75	0.0	0.0	0.0 	0.0 	167.75 	13.0 	0.0 	0.0 	0.0 	-0.0 	13.0 	0.0 	0.0 	0.0 	8.75101979766	2.59787801701	179.982781365	-51.4517853245	
6.76666666667	0.0	0.0	0.0 	0.0 	167.966666667 	13.0 	0.0 	0.0 	0.0 	-0.0 	13.0 	0.0 	0.0 	0.0 	8.75145518328	2.59787801701	180.058236195	-51.5766092171	
6.78333333333	0.0	0.0	0.0 	0.0 	168.183333333 	13.0 	0.0 	0.0 	0.0 	-0.0 	13.0 	0.0 	0.0 	0.0 	8.75188238893	2.59787801701	180.133694708	-51.7014392031	
6.8	0.0	0.0	0.0 	0.0 	168.4 	13.0 	0.0 	0.0 	0.0 	-0.0 	13.0 	0.0 	0.0 	0.0 	8.75230156829	2.59787801701	180.209156836	-51.8262751679	
6.81666666667	0.0	0.0	0.0 	0.0 	168.616666667 	13.0 	0.0 	0.0 	0.0 	-0.0 	13.0 	0.0 	0.0 	0.0 	8.75271287216	2.59787801701	180.284622509	-51.9511169993	
6.83333333333	0.0	0.0	0.0 	0.0 	168.833333333 	13.0 	0.0 	0.0 	0.0 	-0.0 	13.0 	0.0 	0.0 	0.0 	8.7531164485	2.59787801701	180.360091662	-52.0759645869	
6.85	0.0	0.0	0.0 	0.0 	169.05 	13.0 	0.0 	0.0 	0.0 	-0.0 	13.0 	0.0 	0.0 	0.0 	8.7535124425	2.59787801701	180.43556423	-52.2008178227	
6.86666666667	0.0	0.0	0.0 	0.0 	169.266666667 	13.0 	0.0 	0.0 	0.0 	-0.0 	13.0 	0.0 	0.0 	0.0 	8.75390099661	2.59787801701	180.511040147	-52.3256766005	
6.88333333333	0.0	0.0	0.0 	0.0 	169.483333333 	13.0 	0.0 	0.0 	0.0 	-0.0 	13.0 	0.0 	0.0 	0.0 	8.75428225061	2.59787801701	180.586519352	-52.4505408162	
6.9	0.0	0.0	0.0 	0.0 	169.7 	13.0 	0.0 	0.0 	0.0 	-0.0 	13.0 	0.0 	0.0 	0.0 	8.75465634166	2.59787801701	180.662001782	-52.5754103677	
6.91666666667	0.0	0.0	0.0 	0.0 	169.916666667 	13.0 	0.0 	0.0 	0.0 	-0.0 	13.0 	0.0 	0.0 	0.0 	8.75502340433	2.59787801701	180.737487376	-52.7002851547	
6.93333333333	0.0	0.0	0.0 	0.0 	170.133333333 	13.0 	0.0 	0.0 	0.0 	-0.0 	13.0 	0.0 	0.0 	0.0 	8.75538357067	2.59787801701	180.812976077	-52.8251650788	
6.95	0.0	0.0	0.0 	0.0 	170.35 	13.0 	0.0 	0.0 	0.0 	-0.0 	13.0 	0.0 	0.0 	0.0 	8.75573697025	2.59787801701	180.888467824	-52.9500500435	
6.96666666667	0.0	0.0	0.0 	0.0 	170.566666667 	13.0 	0.0 	0.0 	0.0 	-0.0 	13.0 	0.0 	0.0 	0.0 	8.75608373021	2.59787801701	180.963962561	-53.0749399541	
6.98333333333	0.0	0.0	0.0 	0.0 	170.783333333 	13.0 	0.0 	0.0 	0.0 	-0.0 	13.0 	0.0 	0.0 	0.0 	8.75642397528	2.59787801701	181.039460231	-53.1998347177	
7.0	0.0	0.0	0.0 	0.0 	171.0 	13.0 	0.0 	0.0 	0.0 	-0.0 	13.0 	0.0 	0.0 	0.0 	8.75675782786	2.59787801701	181.11496078	-53.3247342431	
7.01666666667	0.0	0.0	0.0 	0.0 	171.216666667 	13.0 	0.0 	0.0 	0.0 	-0.0 	13.0 	0.0 	0.0 	0.0 	8.75708540807	2.59787801701	181.190464154	-53.4496384409	
7.03333333333	0.0	0.0	0.0 	0.0 	171.433333333 	13.0 	0.0 	0.0 	0.0 	-0.0 	13.0 	0.0 	0.0 	0.0 	8.75740683373	2.59787801701	181.265970298	-53.5745472232	
7.05	0.0	0.0	0.0 	0.0 	171.65 	13.0 	0.0 	0.0 	0.0 	-0.0 	13.0 	0.0 	0.0 	0.0 	8.75772222049	2.59787801701	181.341479162	-53.699460504	
7.06666666667	0.0	0.0	0.0 	0.0 	171.866666667 	13.0 	0.0 	0.0 	0.0 	-0.0 	13.0 	0.0 	0.0 	0.0 	8.7580316818	2.59787801701	181.416990695	-53.8243781986	
7.08333333333	0.0	0.0	0.0 	0.0 	172.083333333 	13.0 	0.0 	0.0 	0.0 	-0.0 	13.0 	0.0 	0.0 	0.0 	8.758335329	2.59787801701	181.492504845	-53.9493002243	
7.1	0.0	0.0	0.0 	0.0 	172.3 	13.0 	0.0 	0.0 	0.0 	-0.0 	13.0 	0.0 	0.0 	0.0 	8.7586332713	2.59787801701	181.568021564	-54.0742264995	
7.11666666667	0.0	0.0	0.0 	0.0 	172.516666667 	13.0 	0.0 	0.0 	0.0 	-0.0 	13.0 	0.0 	0.0 	0.0 	8.7589256159	2.59787801701	181.643540803	-54.1991569446	
7.13333333333	0.0	0.0	0.0 	0.0 	172.733333333 	13.0 	0.0 	0.0 	0.0 	-0.0 	13.0 	0.0 	0.0 	0.0 	8.75921246796	2.59787801701	181.719062516	-54.3240914811	
7.15	0.0	0.0	0.0 	0.0 	172.95 	13.0 	0.0 	0.0 	0.0 	-0.0 	13.0 	0.0 	0.0 	0.0 	8.75949393069	2.59787801701	181.794586656	-54.4490300321	
7.16666666667	0.0	0.0	0.0 	0.0 	173.166666667 	13.0 	0.0 	0.0 	0.0 	-0.0 	13.0 	0.0 	0.0 	0.0 	8.75977010532	2.59787801701	181.870113177	-54.5739725223	
7.18333333333	0.0	0.0	0.0 	0.0 	173.383333333 	13.0 	0.0 	0.0 	0.0 	-0.0 	13.0 	0.0 	0.0 	0.0 	8.76004109122	2.59787801701	181.945642034	-54.6989188776	
7.2	0.0	0.0	0.0 	0.0 	173.6 	13.0 	0.0 	0.0 	0.0 	-0.0 	13.0 	0.0 	0.0 	0.0 	8.76030698587	2.59787801701	182.021173184	-54.8238690254	
7.21666666667	0.0	0.0	0.0 	0.0 	173.816666667 	13.0 	0.0 	0.0 	0.0 	-0.0 	13.0 	0.0 	0.0 	0.0 	8.76056788493	2.59787801701	182.096706583	-54.9488228945	
7.23333333333	0.0	0.0	0.0 	0.0 	174.033333333 	13.0 	0.0 	0.0 	0.0 	-0.0 	13.0 	0.0 	0.0 	0.0 	8.76082388224	2.59787801701	182.172242189	-55.0737804149	
7.25	0.0	0.0	0.0 	0.0 	174.25 	13.0 	0.0 	0.0 	0.0 	-0.0 	13.0 	0.0 	0.0 	0.0 	8.76107506991	2.59787801701	182.247779961	-55.1987415181	
7.26666666667	0.0	0.0	0.0 	0.0 	174.466666667 	13.0 	0.0 	0.0 	0.0 	-0.0 	13.0 	0.0 	0.0 	0.0 	8.76132153829	2.59787801701	182.323319859	-55.3237061367	
7.28333333333	0.0	0.0	0.0 	0.0 	174.683333333 	13.0 	0.0 	0.0 	0.0 	-0.0 	13.0 	0.0 	0.0 	0.0 	8.76156337606	2.59787801701	182.398861841	-55.4486742047	
7.3	0.0	0.0	0.0 	0.0 	174.9 	13.0 	0.0 	0.0 	0.0 	-0.0 	13.0 	0.0 	0.0 	0.0 	8.7618006702	2.59787801701	182.474405869	-55.5736456573	
7.31666666667	0.0	0.0	0.0 	0.0 	175.116666667 	13.0 	0.0 	0.0 	0.0 	-0.0 	13.0 	0.0 	0.0 	0.0 	8.7620335061	2.59787801701	182.549951905	-55.6986204308	
7.33333333333	0.0	0.0	0.0 	0.0 	175.333333333 	13.0 	0.0 	0.0 	0.0 	-0.0 	13.0 	0.0 	0.0 	0.0 	8.7622619675	2.59787801701	182.625499911	-55.823598463	
7.35	0.0	0.0	0.0 	0.0 	175.55 	13.0 	0.0 	0.0 	0.0 	-0.0 	13.0 	0.0 	0.0 	0.0 	8.76248613659	2.59787801701	182.701049849	-55.9485796925	
7.36666666667	0.0	0.0	0.0 	0.0 	175.766666667 	13.0 	0.0 	0.0 	0.0 	-0.0 	13.0 	0.0 	0.0 	0.0 	8.76270609402	2.59787801701	182.776601684	-56.0735640593	
7.38333333333	0.0	0.0	0.0 	0.0 	175.983333333 	13.0 	0.0 	0.0 	0.0 	-0.0 	13.0 	0.0 	0.0 	0.0 	8.76292191893	2.59787801701	182.852155379	-56.1985515045	
7.4	0.0	0.0	0.0 	0.0 	176.2 	13.0 	0.0 	0.0 	0.0 	-0.0 	13.0 	0.0 	0.0 	0.0 	8.76313368893	2.59787801701	182.927710901	-56.3235419702	
7.41666666667	0.0	0.0	0.0 	0.0 	176.416666667 	13.0 	0.0 	0.0 	0.0 	-0.0 	13.0 	0.0 	0.0 	0.0 	8.76334148023	2.59787801701	183.003268214	-56.4485353996	
7.43333333333	0.0	0.0	0.0 	0.0 	176.633333333 	13.0 	0.0 	0.0 	0.0 	-0.0 	13.0 	0.0 	0.0 	0.0 	8.76354536757	2.59787801701	183.078827285	-56.5735317372	
7.45	0.0	0.0	0.0 	0.0 	176.85 	13.0 	0.0 	0.0 	0.0 	-0.0 	13.0 	0.0 	0.0 	0.0 	8.7637454243	2.59787801701	183.154388081	-56.6985309282	
7.46666666667	0.0	0.0	0.0 	0.0 	177.066666667 	13.0 	0.0 	0.0 	0.0 	-0.0 	13.0 	0.0 	0.0 	0.0 	8.76394172239	2.59787801701	183.229950569	-56.8235329191	
7.48333333333	0.0	0.0	0.0 	0.0 	177.283333333 	13.0 	0.0 	0.0 	0.0 	-0.0 	13.0 	0.0 	0.0 	0.0 	8.76413433246	2.59787801701	183.305514718	-56.9485376572	
7.5	0.0	0.0	0.0 	0.0 	177.5 	13.0 	0.0 	0.0 	0.0 	-0.0 	13.0 	0.0 	0.0 	0.0 	8.76432332379	2.59787801701	183.381080497	-57.0735450909	
7.51666666667	0.0	0.0	0.0 	0.0 	177.716666667 	13.0 	0.0 	0.0 	0.0 	-0.0 	13.0 	0.0 	0.0 	0.0 	8.76450876437	2.59787801701	183.456647874	-57.1985551696	
7.53333333333	0.0	0.0	0.0 	0.0 	177.933333333 	13.0 	0.0 	0.0 	0.0 	-0.0 	13.0 	0.0 	0.0 	0.0 	8.76469072092	2.59787801701	183.53221682	-57.3235678436	
7.55	0.0	0.0	0.0 	0.0 	178.15 	13.0 	0.0 	0.0 	0.0 	-0.0 	13.0 	0.0 	0.0 	0.0 	8.76486925889	2.59787801701	183.607787306	-57.4485830641	
7.56666666667	0.0	0.0	0.0 	0.0 	178.366666667 	13.0 	0.0 	0.0 	0.0 	-0.0 	13.0 	0.0 	0.0 	0.0 	8.76504444251	2.59787801701	183.683359302	-57.5736007833	
7.58333333333	0.0	0.0	0.0 	0.0 	178.583333333 	13.0 	0.0 	0.0 	0.0 	-0.0 	13.0 	0.0 	0.0 	0.0 	8.7652163348	2.59787801701	183.75893278	-57.6986209542	
7.6	0.0	0.0	0.0 	0.0 	178.8 	13.0 	0.0 	0.0 	0.0 	-0.0 	13.0 	0.0 	0.0 	0.0 	8.7653849976	2.59787801701	183.834507712	-57.8236435308	
7.61666666667	0.0	0.0	0.0 	0.0 	179.016666667 	13.0 	0.0 	0.0 	0.0 	-0.0 	13.0 	0.0 	0.0 	0.0 	8.76555049159	2.59787801701	183.910084071	-57.9486684679	
7.63333333333	0.0	0.0	0.0 	0.0 	179.233333333 	13.0 	0.0 	0.0 	0.0 	-0.0 	13.0 	0.0 	0.0 	0.0 	8.76571287629	2.59787801701	183.98566183	-58.0736957211	
7.65	0.0	0.0	0.0 	0.0 	179.45 	13.0 	0.0 	0.0 	0.0 	-0.0 	13.0 	0.0 	0.0 	0.0 	8.76587221013	2.59787801701	184.061240963	-58.1987252469	
7.66666666667	0.0	0.0	0.0 	0.0 	179.666666667 	13.0 	0.0 	0.0 	0.0 	-0.0 	13.0 	0.0 	0.0 	0.0 	8.76602855042	2.59787801701	184.136821444	-58.3237570026	
7.68333333333	-6.48471536105e-07	-1.66170831127e-07	0.0 	0.0 	179.882515833 	12.9019 	0.0 	0.0 	0.0 	-0.0 	12.95095 	-5.88599999923 	0.0 	0.0 	8.76618195342	2.59787801701	184.212403248	-58.4487909464	
7.7	-6.48471536105e-07	-3.10025122281e-07	0.0 	0.0 	180.09673 	12.8038 	0.0 	0.0 	0.0 	-0.0 	12.85285 	-5.88599999923 	0.0 	0.0 	8.76633247429	2.59787801701	184.287986349	-58.573827037	
7.71666666667	-6.48471536105e-07	-4.32088648357e-07	0.0 	0.0 	180.309309167 	12.7057 	0.0 	0.0 	0.0 	-0.0 	12.75475 	-5.88599999923 	0.0 	0.0 	8.7664801672	2.59787801701	184.363570724	-58.6988652343	
7.73333333333	-6.48471536105e-07	-5.33449846309e-07	0.0 	0.0 	180.520253333 	12.6076000001 	0.0 	0.0 	0.0 	-0.0 	12.65665 	-5.88599999923 	0.0 	0.0 	8.76662508527	2.59787801701	184.439156348	-58.8239054985	
7.75	-6.48471536105e-07	-6.15599202527e-07	0.0 	0.0 	180.7295625 	12.5095000001 	0.0 	0.0 	0.0 	-0.0 	12.5585500001 	-5.88599999923 	0.0 	0.0 	8.76676728064	2.59787801701	184.514743199	-58.9489477909	
7.76666666667	-6.48471536105e-07	-6.80292214021e-07	0.0 	0.0 	180.937236667 	12.4114000001 	0.0 	0.0 	0.0 	-0.0 	12.4604500001 	-5.88599999923 	0.0 	0.0 	8.76690680446	2.59787801701	184.590331252	-59.0739920734	
7.78333333333	-6.48471536105e-07	-7.29434901743e-07	0.0 	0.0 	181.143275833 	12.3133000001 	0.0 	0.0 	0.0 	-0.0 	12.3623500001 	-5.88599999923 	0.0 	0.0 	8.76704370692	2.59787801701	184.665920485	-59.1990383085	
7.8	-6.61340941579e-07	-7.68288164705e-07	0.0 	0.0 	181.34768 	12.2152000001 	0.0 	0.0 	0.0 	-0.0 	12.2642500001 	-5.88599999935 	0.0 	0.0 	8.76717803727	2.59787801701	184.741510877	-59.3240864596	
7.81666666667	-6.61340941579e-07	-7.95057342778e-07	0.0 	0.0 	181.550449167 	12.1171000001 	0.0 	0.0 	0.0 	-0.0 	12.1661500001 	-5.88599999935 	0.0 	0.0 	8.76730984384	2.59787801701	184.817102405	-59.4491364907	
7.83333333333	-6.61340941579e-07	-8.11624818246e-07	0.0 	0.0 	181.751583333 	12.0190000001 	0.0 	0.0 	0.0 	-0.0 	12.0680500001 	-5.88599999935 	0.0 	0.0 	8.76743917405	2.59787801701	184.892695049	-59.5741883665	
7.85	-6.61340941579e-07	-8.19768240589e-07	0.0 	0.0 	181.9510825 	11.9209000001 	0.0 	0.0 	0.0 	-0.0 	11.9699500001 	-5.88599999935 	0.0 	0.0 	8.76756607442	2.59787801701	184.968288786	-59.6992420522	
7.86666666667	-6.61340941579e-07	-8.2112853981e-07	0.0 	0.0 	182.148946667 	11.8228000001 	0.0 	0.0 	0.0 	-0.0 	11.8718500001 	-5.88599999935 	0.0 	0.0 	8.7676905906	2.59787801701	185.043883597	-59.824297514	
7.88333333333	-6.61340941579e-07	-8.17189409262e-07	0.0 	0.0 	182.345175833 	11.7247000002 	0.0 	0.0 	0.0 	-0.0 	11.7737500001 	-5.88599999935 	0.0 	0.0 	8.76781276738	2.59787801701	185.119479462	-59.9493547184	
7.9	-6.61340941579e-07	-8.09266318472e-07	0.0 	0.0 	182.53977 	11.6266000002 	0.0 	0.0 	0.0 	-0.0 	11.6756500002 	-5.88599999935 	0.0 	0.0 	8.76793264872	2.59787801701	185.19507636	-60.0744136327	
7.91666666667	-1.51288240636e-06	-1.01671075543e-06	0.0 	0.0 	182.732729167 	11.5285000002 	0.0 	0.0 	0.0 	-0.0 	11.5775500002 	-5.88599999731 	0.0 	0.0 	8.76805027774	2.59787801701	185.270674272	-60.1994742248	
7.93333333333	-1.51288240636e-06	-1.19298555817e-06	0.0 	0.0 	182.924053333 	11.4304000003 	0.0 	0.0 	0.0 	-0.0 	11.4794500002 	-5.88599999731 	0.0 	0.0 	8.76816569677	2.59787801701	185.346273179	-60.3245364631	
7.95	-1.51288240636e-06	-1.33959530679e-06	0.0 	0.0 	183.1137425 	11.3323000003 	0.0 	0.0 	0.0 	-0.0 	11.3813500003 	-5.88599999731 	0.0 	0.0 	8.76827894731	2.59787801701	185.421873063	-60.4496003167	
7.96666666667	-1.51288240636e-06	-1.45863308384e-06	0.0 	0.0 	183.301796667 	11.2342000003 	0.0 	0.0 	0.0 	-0.0 	11.2832500003 	-5.88599999731 	0.0 	0.0 	8.76839007012	2.59787801701	185.497473905	-60.5746657553	
7.98333333333	-1.51288240636e-06	-1.55258265238e-06	0.0 	0.0 	183.488215833 	11.1361000004 	0.0 	0.0 	0.0 	-0.0 	11.1851500004 	-5.88599999731 	0.0 	0.0 	8.76849910517	2.59787801701	185.573075687	-60.6997327491	
8.0	-1.51288240636e-06	-1.62415293531e-06	0.0 	0.0 	183.673 	11.0380000004 	0.0 	0.0 	0.0 	-0.0 	11.0870500004 	-5.88599999731 	0.0 	0.0 	8.76860609168	2.59787801701	185.648678391	-60.8248012688	
8.01666666667	-1.51288240636e-06	-1.67614270055e-06	0.0 	0.0 	183.856149167 	10.9399000005 	0.0 	0.0 	0.0 	-0.0 	10.9889500005 	-5.88599999731 	0.0 	0.0 	8.76871106813	2.59787801701	185.724282001	-60.9498712859	
8.03333333333	2.63011052186e-07	-1.25626018567e-06	0.0 	0.0 	184.037663333 	10.8418000005 	0.0 	0.0 	0.0 	-0.0 	10.8908500005 	-5.88599999994 	0.0 	0.0 	8.76881407231	2.59787801701	185.799886499	-61.0749427721	
8.05	2.63011052186e-07	-8.83374010449e-07	0.0 	0.0 	184.2175425 	10.7437000005 	0.0 	0.0 	0.0 	-0.0 	10.7927500005 	-5.88599999994 	0.0 	0.0 	8.76891514125	2.59787801701	185.875491868	-61.2000156999	
8.06666666667	2.63011052186e-07	-5.58562691448e-07	0.0 	0.0 	184.395786667 	10.6456000005 	0.0 	0.0 	0.0 	-0.0 	10.6946500005 	-5.88599999994 	0.0 	0.0 	8.76901431133	2.59787801701	185.951098092	-61.3250900422	
8.08333333333	2.63011052186e-07	-2.81159739733e-07	0.0 	0.0 	184.572395833 	10.5475000005 	0.0 	0.0 	0.0 	-0.0 	10.5965500005 	-5.88599999994 	0.0 	0.0 	8.76911161821	2.59787801701	186.026705155	-61.4501657724	
8.1	2.63011052186e-07	-4.91671149073e-08	0.0 	0.0 	184.74737 	10.4494000005 	0.0 	0.0 	0.0 	-0.0 	10.4984500005 	-5.88599999994 	0.0 	0.0 	8.76920709689	2.59787801701	186.102313041	-61.5752428644	
8.11666666667	2.63011052186e-07	1.40382737055e-07	0.0 	0.0 	184.920709167 	10.3513000005 	0.0 	0.0 	0.0 	0.0 	10.4003500005 	-5.88599999994 	0.0 	0.0 	8.76930078174	2.59787801701	186.177921735	-61.7003212927	
8.13333333333	2.63011052186e-07	2.91116007173e-07	0.0 	0.0 	185.092413333 	10.2532000005 	0.0 	0.0 	0.0 	0.0 	10.3022500005 	-5.88599999994 	0.0 	0.0 	8.76939270645	2.59787801701	186.253531222	-61.8254010321	
8.15	1.07269436593e-06	6.14537360818e-07	0.0 	0.0 	185.2624825 	10.1551000005 	0.0 	0.0 	0.0 	0.0 	10.2041500005 	-5.88599999918 	0.0 	0.0 	8.76948290408	2.59787801701	186.329141486	-61.950482058	
8.16666666667	1.07269436593e-06	8.79506316303e-07	0.0 	0.0 	185.430916667 	10.0570000005 	0.0 	0.0 	0.0 	0.0 	10.1060500005 	-5.88599999918 	0.0 	0.0 	8.7695714071	2.59787801701	186.404752513	-62.0755643463	
8.18333333333	1.07269436593e-06	1.09089438335e-06	0.0 	0.0 	185.597715833 	9.95890000053 	0.0 	0.0 	0.0 	0.0 	10.0079500005 	-5.88599999918 	0.0 	0.0 	8.76965824733	2.59787801701	186.480364289	-62.2006478732	
8.2	1.07269436593e-06	1.25415138477e-06	0.0 	0.0 	185.76288 	9.86080000054 	0.0 	0.0 	0.0 	0.0 	9.90985000053 	-5.88599999918 	0.0 	0.0 	8.76974345601	2.59787801701	186.5559768	-62.3257326154	
8.21666666667	1.07269436593e-06	1.37500502904e-06	0.0 	0.0 	185.926409167 	9.76270000056 	0.0 	0.0 	0.0 	0.0 	9.81175000055 	-5.88599999918 	0.0 	0.0 	8.76982706381	2.59787801701	186.631590032	-62.4508185502	
8.23333333333	1.07269436593e-06	1.45921939512e-06	0.0 	0.0 	186.088303334 	9.66460000057 	0.0 	0.0 	0.0 	0.0 	9.71365000056 	-5.88599999918 	0.0 	0.0 	8.76990910079	2.59787801701	186.707203971	-62.575905655	
8.25	1.07269436593e-06	1.51240662167e-06	0.0 	0.0 	186.2485625 	9.56650000058 	0.0 	0.0 	0.0 	0.0 	9.61555000058 	-5.88599999918 	0.0 	0.0 	8.76998959647	2.59787801701	186.782818604	-62.700993908	
8.26666666667	2.94935951729e-07	1.34058512061e-06	0.0 	0.0 	186.407186667 	9.46840000058 	0.0 	0.0 	0.0 	0.0 	9.51745000058 	-5.88599999995 	0.0 	0.0 	8.77006857981	2.59787801701	186.858433918	-62.8260832876	
8.28333333333	2.94935951729e-07	1.17474692077e-06	0.0 	0.0 	186.564175834 	9.37030000058 	0.0 	0.0 	0.0 	0.0 	9.41935000058 	-5.88599999995 	0.0 	0.0 	8.77014607922	2.59787801701	186.9340499	-62.9511737725	
8.3	2.94935951729e-07	1.01872822311e-06	0.0 	0.0 	186.71953 	9.27220000059 	0.0 	0.0 	0.0 	0.0 	9.32125000058 	-5.88599999995 	0.0 	0.0 	8.77022212258	2.59787801701	187.009666538	-63.076265342	
8.31666666667	2.94935951729e-07	8.75195223938e-07	0.0 	0.0 	186.873249167 	9.17410000059 	0.0 	0.0 	0.0 	0.0 	9.22315000059 	-5.88599999995 	0.0 	0.0 	8.77029673725	2.59787801701	187.085283819	-63.2013579758	
8.33333333333	2.94935951729e-07	7.45824047326e-07	0.0 	0.0 	187.025333334 	9.07600000059 	0.0 	0.0 	0.0 	0.0 	9.12505000059 	-5.88599999995 	0.0 	0.0 	8.77036995007	2.59787801701	187.160901731	-63.3264516539	
8.35	2.94935951729e-07	6.31471132464e-07	0.0 	0.0 	187.1757825 	8.97790000059 	0.0 	0.0 	0.0 	0.0 	9.02695000059 	-5.88599999995 	0.0 	0.0 	8.77044178737	2.59787801701	187.236520263	-63.4515463566	
8.36666666667	2.81366970384e-06	1.17775642303e-06	0.0 	0.0 	187.324596667 	8.87980000064 	0.0 	0.0 	0.0 	0.0 	8.92885000061 	-5.88599999669 	0.0 	0.0 	8.770512275	2.59787801701	187.312139403	-63.5766420646	
8.38333333333	2.81366970384e-06	1.65224981324e-06	0.0 	0.0 	187.471775834 	8.7817000007 	0.0 	0.0 	0.0 	0.0 	8.83075000067 	-5.88599999669 	0.0 	0.0 	8.77058143832	2.59787801701	187.387759138	-63.7017387592	
8.4	2.81366970384e-06	2.05627656223e-06	0.0 	0.0 	187.61732 	8.68360000075 	0.0 	0.0 	0.0 	0.0 	8.73265000073 	-5.88599999669 	0.0 	0.0 	8.7706493022	2.59787801701	187.463379459	-63.8268364217	
8.41666666667	2.81366970384e-06	2.39306582838e-06	0.0 	0.0 	187.761229167 	8.58550000081 	0.0 	0.0 	0.0 	0.0 	8.63455000078 	-5.88599999669 	0.0 	0.0 	8.77071589107	2.59787801701	187.539000354	-63.951935034	
8.43333333333	2.81366970384e-06	2.66722138075e-06	0.0 	0.0 	187.903503334 	8.48740000086 	0.0 	0.0 	0.0 	0.0 	8.53645000084 	-5.88599999669 	0.0 	0.0 	8.77078122887	2.59787801701	187.614621813	-64.0770345782	
8.45	2.81366970384e-06	2.88426844393e-06	0.0 	0.0 	188.0441425 	8.38930000092 	0.0 	0.0 	0.0 	0.0 	8.43835000089 	-5.88599999669 	0.0 	0.0 	8.77084533912	2.59787801701	187.690243824	-64.2021350368	
8.46666666667	2.81366970384e-06	3.05027370727e-06	0.0 	0.0 	188.183146667 	8.29120000097 	0.0 	0.0 	0.0 	0.0 	8.34025000095 	-5.88599999669 	0.0 	0.0 	8.77090824487	2.59787801701	187.765866378	-64.3272363927	
8.48333333333	1.12640693321e-06	2.73917282628e-06	0.0 	0.0 	188.320515834 	8.19310000098 	0.0 	0.0 	0.0 	0.0 	8.24215000098 	-5.88599999961 	0.0 	0.0 	8.77096996875	2.59787801701	187.841489463	-64.4523386289	
8.5	1.12640693321e-06	2.44767070935e-06	0.0 	0.0 	188.45625 	8.09500000099 	0.0 	0.0 	0.0 	0.0 	8.14405000098 	-5.88599999961 	0.0 	0.0 	8.77103053298	2.59787801701	187.917113071	-64.577441729	
8.51666666667	1.12640693321e-06	2.18046707573e-06	0.0 	0.0 	188.590349167 	7.99690000099 	0.0 	0.0 	0.0 	0.0 	8.04595000099 	-5.88599999961 	0.0 	0.0 	8.77108995933	2.59787801701	187.992737191	-64.7025456767	
8.53333333333	1.12640693321e-06	1.94044488022e-06	0.0 	0.0 	188.722813334 	7.898800001 	0.0 	0.0 	0.0 	0.0 	7.947850001 	-5.88599999961 	0.0 	0.0 	8.77114826918	2.59787801701	188.068361815	-64.8276504561	
8.55	1.12640693321e-06	1.72898899285e-06	0.0 	0.0 	188.8536425 	7.80070000101 	0.0 	0.0 	0.0 	0.0 	7.849750001 	-5.88599999961 	0.0 	0.0 	8.77120548352	2.59787801701	188.143986931	-64.9527560516	
8.56666666667	1.12640693321e-06	1.54627999078e-06	0.0 	0.0 	188.982836667 	7.70260000101 	0.0 	0.0 	0.0 	0.0 	7.75165000101 	-5.88599999961 	0.0 	0.0 	8.77126162292	2.59787801701	188.219612531	-65.0778624477	
8.58333333333	8.97612884204e-07	1.33293100607e-06	0.0 	0.0 	189.110395834 	7.60450000102 	0.0 	0.0 	0.0 	0.0 	7.65355000101 	-5.88599999982 	0.0 	0.0 	8.77131670758	2.59787801701	188.295238607	-65.2029696296	
8.6	8.97612884204e-07	1.15398185161e-06	0.0 	0.0 	189.23632 	7.50640000102 	0.0 	0.0 	0.0 	0.0 	7.55545000102 	-5.88599999982 	0.0 	0.0 	8.77137075732	2.59787801701	188.370865148	-65.3280775824	
8.61666666667	8.97612884204e-07	1.00728472667e-06	0.0 	0.0 	189.360609167 	7.40830000102 	0.0 	0.0 	0.0 	0.0 	7.45735000102 	-5.88599999982 	0.0 	0.0 	8.77142379157	2.59787801701	188.446492146	-65.4531862916	
8.63333333333	8.97612884204e-07	8.90167209764e-07	0.0 	0.0 	189.483263334 	7.31020000102 	0.0 	0.0 	0.0 	0.0 	7.35925000102 	-5.88599999982 	0.0 	0.0 	8.77147582943	2.59787801701	188.522119594	-65.578295743	
8.65	8.97612884204e-07	7.9963381149e-07	0.0 	0.0 	189.604282501 	7.21210000103 	0.0 	0.0 	0.0 	0.0 	7.26115000103 	-5.88599999982 	0.0 	0.0 	8.7715268896	2.59787801701	188.597747481	-65.7034059228	
8.66666666667	8.97612884204e-07	7.32532273849e-07	0.0 	0.0 	189.723666667 	7.11400000103 	0.0 	0.0 	0.0 	0.0 	7.16305000103 	-5.88599999982 	0.0 	0.0 	8.77157699046	2.59787801701	188.673375801	-65.8285168171	
8.68333333333	8.97612884204e-07	6.85687351252e-07	0.0 	0.0 	189.841415834 	7.01590000103 	0.0 	0.0 	0.0 	0.0 	7.06495000103 	-5.88599999982 	0.0 	0.0 	8.77162615004	2.59787801701	188.749004544	-65.9536284126	
8.7	4.4783792796e-06	1.57357659796e-06	0.0 	0.0 	189.957530001 	6.91780000109 	0.0 	0.0 	0.0 	0.0 	6.96685000106 	-5.88599999687 	0.0 	0.0 	8.77167438601	2.59787801701	188.824633703	-66.0787406961	
8.71666666667	4.4783792796e-06	2.35246584796e-06	0.0 	0.0 	190.072009167 	6.81970000114 	0.0 	0.0 	0.0 	0.0 	6.86875000111 	-5.88599999687 	0.0 	0.0 	8.77172171572	2.59787801701	188.90026327	-66.2038536547	
8.73333333333	4.4783792796e-06	3.02253981145e-06	0.0 	0.0 	190.184853334 	6.72160000119 	0.0 	0.0 	0.0 	0.0 	6.77065000116 	-5.88599999687 	0.0 	0.0 	8.77176815622	2.59787801701	188.975893238	-66.3289672756	
8.75	4.4783792796e-06	3.58734211654e-06	0.0 	0.0 	190.296062501 	6.62350000124 	0.0 	0.0 	0.0 	0.0 	6.67255000122 	-5.88599999687 	0.0 	0.0 	8.77181372419	2.59787801701	189.051523599	-66.4540815466	
8.76666666667	4.4783792796e-06	4.05290881432e-06	0.0 	0.0 	190.405636667 	6.52540000129 	0.0 	0.0 	0.0 	0.0 	6.57445000127 	-5.88599999687 	0.0 	0.0 	8.77185843604	2.59787801701	189.127154345	-66.5791964552	
8.78333333333	4.4783792796e-06	4.42701895715e-06	0.0 	0.0 	190.513575834 	6.42730000135 	0.0 	0.0 	0.0 	0.0 	6.47635000132 	-5.88599999687 	0.0 	0.0 	8.77190230785	2.59787801701	189.202785469	-66.7043119896	
8.8	6.37710473709e-06	5.2051077264e-06	0.0 	0.0 	190.619880001 	6.32920000142 	0.0 	0.0 	0.0 	0.0 	6.37825000138 	-5.88599999553 	0.0 	0.0 	8.7719453554	2.59787801701	189.278416964	-66.829428138	
8.81666666667	6.37710473709e-06	5.84475142915e-06	0.0 	0.0 	190.724549167 	6.2311000015 	0.0 	0.0 	0.0 	0.0 	6.28015000146 	-5.88599999553 	0.0 	0.0 	8.77198759417	2.59787801701	189.354048824	-66.9545448889	
8.83333333333	6.37710473709e-06	6.35711133965e-06	0.0 	0.0 	190.827583334 	6.13300000157 	0.0 	0.0 	0.0 	0.0 	6.18205000153 	-5.88599999553 	0.0 	0.0 	8.77202903937	2.59787801701	189.429681041	-67.0796622309	
8.85	6.37710473709e-06	6.75481506397e-06	0.0 	0.0 	190.928982501 	6.03490000164 	0.0 	0.0 	0.0 	0.0 	6.08395000161 	-5.88599999553 	0.0 	0.0 	8.77206970591	2.59787801701	189.505313609	-67.2047801529	
8.86666666667	6.37710473709e-06	7.05123200259e-06	0.0 	0.0 	191.028746667 	5.93680000172 	0.0 	0.0 	0.0 	0.0 	5.98585000168 	-5.88599999553 	0.0 	0.0 	8.7721096084	2.59787801701	189.58094652	-67.3298986441	
8.88333333333	6.37710473709e-06	7.25988865298e-06	0.0 	0.0 	191.126875834 	5.83870000179 	0.0 	0.0 	0.0 	0.0 	5.88775000176 	-5.88599999553 	0.0 	0.0 	8.77214876121	2.59787801701	189.65657977	-67.4550176937	
8.9	6.37710473709e-06	7.39401055966e-06	0.0 	0.0 	191.223370001 	5.74060000187 	0.0 	0.0 	0.0 	0.0 	5.78965000183 	-5.88599999553 	0.0 	0.0 	8.77218717843	2.59787801701	189.73221335	-67.5801372913	
8.91666666667	-3.81103071535e-06	4.8554670207e-06	0.0 	0.0 	191.318229168 	5.64250000188 	0.0 	0.0 	0.0 	0.0 	5.69155000188 	-5.88599999898 	0.0 	0.0 	8.77222487386	2.59787801701	189.807847256	-67.7052574265	
8.93333333333	-3.81103071535e-06	2.61726772375e-06	0.0 	0.0 	191.411453334 	5.5444000019 	0.0 	0.0 	0.0 	0.0 	5.59345000189 	-5.88599999898 	0.0 	0.0 	8.77226186108	2.59787801701	189.88348148	-67.8303780893	
8.95	-3.81103071535e-06	6.8177894239e-07	0.0 	0.0 	191.503042501 	5.44630000192 	0.0 	0.0 	0.0 	0.0 	5.49535000191 	-5.88599999898 	0.0 	0.0 	8.77229815339	2.59787801701	189.959116017	-67.9554992697	
8.96666666667	-3.81103071535e-06	-9.58625164967e-07	0.0 	0.0 	191.592996668 	5.34820000194 	0.0 	0.0 	0.0 	-0.0 	5.39725000193 	-5.88599999898 	0.0 	0.0 	8.77233376384	2.59787801701	190.034750862	-68.0806209581	
8.98333333333	-3.81103071535e-06	-2.31907602162e-06	0.0 	0.0 	191.681315834 	5.25010000195 	0.0 	0.0 	0.0 	-0.0 	5.29915000194 	-5.88599999898 	0.0 	0.0 	8.77236870525	2.59787801701	190.110386007	-68.2057431448	
9.0	-3.81103071535e-06	-3.4200490197e-06	0.0 	0.0 	191.768000001 	5.15200000197 	0.0 	0.0 	0.0 	-0.0 	5.20105000196 	-5.88599999898 	0.0 	0.0 	8.77240299018	2.59787801701	190.186021449	-68.3308658205	
9.01666666667	-3.81103071535e-06	-4.2855212712e-06	0.0 	0.0 	191.853049168 	5.05390000199 	0.0 	0.0 	0.0 	-0.0 	5.10295000198 	-5.88599999898 	0.0 	0.0 	8.77243663097	2.59787801701	190.26165718	-68.4559889761	
9.03333333333	5.90519204363e-06	-2.45165235426e-06	0.0 	0.0 	191.936463334 	4.95580000201 	0.0 	0.0 	0.0 	-0.0 	5.004850002 	-5.88599999854 	0.0 	0.0 	8.77246963972	2.59787801701	190.337293196	-68.5811126025	
9.05	5.90519204363e-06	-7.69252556198e-07	0.0 	0.0 	192.018242501 	4.85770000203 	0.0 	0.0 	0.0 	-0.0 	4.90675000202 	-5.88599999854 	0.0 	0.0 	8.77250202831	2.59787801701	190.412929491	-68.7062366908	
9.06666666667	5.90519204363e-06	7.43183681046e-07	0.0 	0.0 	192.098386668 	4.75960000206 	0.0 	0.0 	0.0 	0.0 	4.80865000205 	-5.88599999854 	0.0 	0.0 	8.77253380838	2.59787801701	190.48856606	-68.8313612324	
9.08333333333	5.90519204363e-06	2.07663452624e-06	0.0 	0.0 	192.176895835 	4.66150000208 	0.0 	0.0 	0.0 	0.0 	4.71055000207 	-5.88599999854 	0.0 	0.0 	8.77256499138	2.59787801701	190.564202898	-68.9564862188	
9.1	5.90519204363e-06	3.22970135369e-06	0.0 	0.0 	192.253770001 	4.56340000211 	0.0 	0.0 	0.0 	0.0 	4.6124500021 	-5.88599999854 	0.0 	0.0 	8.77259558851	2.59787801701	190.63984	-69.0816116417	
9.11666666667	5.90519204363e-06	4.20693722902e-06	0.0 	0.0 	192.329009168 	4.46530000213 	0.0 	0.0 	0.0 	0.0 	4.51435000212 	-5.88599999854 	0.0 	0.0 	8.77262561078	2.59787801701	190.71547736	-69.2067374927	
9.13333333333	5.90519204363e-06	5.01736549535e-06	0.0 	0.0 	192.402613335 	4.36720000216 	0.0 	0.0 	0.0 	0.0 	4.41625000214 	-5.88599999854 	0.0 	0.0 	8.77265506901	2.59787801701	190.791114975	-69.3318637639	
9.15	1.31683005081e-06	4.49742422074e-06	0.0 	0.0 	192.474582501 	4.26910000216 	0.0 	0.0 	0.0 	0.0 	4.31815000216 	-5.88599999996 	0.0 	0.0 	8.77268397377	2.59787801701	190.866752839	-69.4569904474	
9.16666666667	1.31683005081e-06	3.9950761651e-06	0.0 	0.0 	192.544916668 	4.17100000216 	0.0 	0.0 	0.0 	0.0 	4.22005000216 	-5.88599999996 	0.0 	0.0 	8.77271233547	2.59787801701	190.942390947	-69.5821175354	
9.18333333333	1.31683005081e-06	3.52206123091e-06	0.0 	0.0 	192.613615835 	4.07290000216 	0.0 	0.0 	0.0 	0.0 	4.12195000216 	-5.88599999996 	0.0 	0.0 	8.77274016432	2.59787801701	191.018029295	-69.7072450203	
9.2	1.31683005081e-06	3.08656118253e-06	0.0 	0.0 	192.680680001 	3.97480000216 	0.0 	0.0 	0.0 	0.0 	4.02385000216 	-5.88599999996 	0.0 	0.0 	8.77276747033	2.59787801701	191.093667879	-69.8323728947	
9.21666666667	1.31683005081e-06	2.69374454718e-06	0.0 	0.0 	192.746109168 	3.87670000216 	0.0 	0.0 	0.0 	0.0 	3.92575000216 	-5.88599999996 	0.0 	0.0 	8.77279426331	2.59787801701	191.169306694	-69.9575011512	
9.23333333333	1.31683005081e-06	2.34628307676e-06	0.0 	0.0 	192.809903335 	3.77860000216 	0.0 	0.0 	0.0 	0.0 	3.82765000216 	-5.88599999996 	0.0 	0.0 	8.77282055291	2.59787801701	191.244945735	-70.0826297828	
9.25	1.31683005081e-06	2.04483003013e-06	0.0 	0.0 	192.872062502 	3.68050000216 	0.0 	0.0 	0.0 	0.0 	3.72955000216 	-5.88599999996 	0.0 	0.0 	8.77284634858	2.59787801701	191.320584999	-70.2077587822	
9.26666666667	-1.30898275847e-06	1.11558938726e-06	0.0 	0.0 	192.932586668 	3.58240000216 	0.0 	0.0 	0.0 	0.0 	3.63145000216 	-5.88599999998 	0.0 	0.0 	8.77287165961	2.59787801701	191.396224481	-70.3328881427	
9.28333333333	-1.30898275847e-06	3.19660009482e-07	0.0 	0.0 	192.991475835 	3.48430000216 	0.0 	0.0 	0.0 	0.0 	3.53335000216 	-5.88599999998 	0.0 	0.0 	8.77289649509	2.59787801701	191.471864177	-70.4580178574	
9.3	-1.30898275847e-06	-3.48080344795e-07	0.0 	0.0 	193.048730002 	3.38620000216 	0.0 	0.0 	0.0 	-0.0 	3.43525000216 	-5.88599999998 	0.0 	0.0 	8.77292086397	2.59787801701	191.547504084	-70.5831479197	
9.31666666667	-1.30898275847e-06	-8.95607319787e-07	0.0 	0.0 	193.104349168 	3.28810000216 	0.0 	0.0 	0.0 	-0.0 	3.33715000216 	-5.88599999998 	0.0 	0.0 	8.77294477501	2.59787801701	191.623144196	-70.708278323	
9.33333333333	-1.30898275847e-06	-1.33285870786e-06	0.0 	0.0 	193.158333335 	3.19000000216 	0.0 	0.0 	0.0 	-0.0 	3.23905000216 	-5.88599999998 	0.0 	0.0 	8.77296823682	2.59787801701	191.698784511	-70.833409061	
9.35	-1.30898275847e-06	-1.67098241021e-06	0.0 	0.0 	193.210682502 	3.09190000216 	0.0 	0.0 	0.0 	-0.0 	3.14095000216 	-5.88599999998 	0.0 	0.0 	8.77299125782	2.59787801701	191.774425024	-70.9585401273	
9.36666666667	-1.03779810172e-05	-4.24564659421e-06	0.0 	0.0 	193.261396668 	2.99380000217 	0.0 	0.0 	0.0 	-0.0 	3.04285000217 	-5.88599999937 	0.0 	0.0 	8.77301384631	2.59787801701	191.850065732	-71.0836715158	
9.38333333333	-1.03779810172e-05	-6.43264678753e-06	0.0 	0.0 	193.310475835 	2.89570000218 	0.0 	0.0 	0.0 	-0.0 	2.94475000218 	-5.88599999937 	0.0 	0.0 	8.77303601041	2.59787801701	191.925706631	-71.2088032205	
9.4	-1.03779810172e-05	-8.25086363203e-06	0.0 	0.0 	193.357920002 	2.7976000022 	0.0 	0.0 	0.0 	-0.0 	2.84665000219 	-5.88599999937 	0.0 	0.0 	8.77305775809	2.59787801701	192.001347718	-71.3339352353	
9.41666666667	-1.03779810172e-05	-9.7264541048e-06	0.0 	0.0 	193.403729169 	2.69950000221 	0.0 	0.0 	0.0 	-0.0 	2.7485500022 	-5.88599999937 	0.0 	0.0 	8.77307909718	2.59787801701	192.076988988	-71.4590675545	
9.43333333333	-1.03779810172e-05	-1.08903969372e-05	0.0 	0.0 	193.447903335 	2.60140000222 	0.0 	0.0 	0.0 	-0.0 	2.65045000221 	-5.88599999937 	0.0 	0.0 	8.77310003536	2.59787801701	192.152630439	-71.5842001724	
9.45	-1.03779810172e-05	-1.17764396348e-05	0.0 	0.0 	193.490442502 	2.50330000223 	0.0 	0.0 	0.0 	-0.0 	2.55235000222 	-5.88599999937 	0.0 	0.0 	8.77312058015	2.59787801701	192.228272068	-71.7093330833	
9.46666666667	-1.03779810172e-05	-1.24194208937e-05	0.0 	0.0 	193.531346669 	2.40520000224 	0.0 	0.0 	0.0 	-0.0 	2.45425000223 	-5.88599999937 	0.0 	0.0 	8.77314073895	2.59787801701	192.30391387	-71.8344662817	
9.48333333333	-1.66691186484e-05	-1.44660403912e-05	-3.41117106102e-08 	-3.03857505375e-06 	193.570615835 	2.30710000225 	-1.36446842441e-08 	-1.22815569242e-06 	-2.04670263661e-06 	-0.000182314503225 	2.35615000224 	-5.8859999994 	-8.18681054645e-07 	-7.36893415451e-05 	8.773160519	2.59787801701	192.379555842	-71.9595997622	
9.5	-1.66691186484e-05	-1.61210166972e-05	-1.19151701831e-07 	-6.01152771685e-06 	193.608250002 	2.20900000226 	-4.76696038688e-08 	-2.44793583949e-06 	-5.10239947327e-06 	-0.000178377159786 	2.25805000225 	-5.88599999939 	-2.04149517748e-06 	-7.31868088245e-05 	8.77317992743	2.59787801701	192.455197982	-72.0847335196	
9.51666666667	-1.66691186484e-05	-1.74207515204e-05	-2.53660113519e-07 	-8.82886050566e-06 	193.644249169 	2.11090000227 	-1.01513068433e-07 	-3.62126088805e-06 	-8.07050470124e-06 	-0.000169039967329 	2.15995000226 	-5.88599999937 	-3.23060787386e-06 	-7.03995029132e-05 	8.77319897122	2.59787801701	192.530840286	-72.2098675486	
9.53333333333	-1.66691186484e-05	-1.84045574811e-05	-4.04279754059e-07 	-8.70441889282e-06 	193.678613336 	2.01280000228 	-1.61867416567e-07 	-3.62126088805e-06 	-9.03717843245e-06 	7.46649677025e-06 	2.06185000227 	-5.88599999937 	-3.62126088805e-06 	-0.0 	8.77321765722	2.59787801701	192.606482752	-72.3350018441	
9.55	-1.66691186484e-05	-1.91127746371e-05	-5.86164734745e-07 	-1.10993653856e-05 	193.711342502 	1.91470000229 	-2.3483376205e-07 	-4.97719204364e-06 	-1.09130988411e-05 	-0.000143696789569 	1.96375000228 	-5.88599999935 	-4.37798072894e-06 	-8.13558693354e-05 	8.77323599214	2.59787801701	192.682125375	-72.4601364011	
9.56666666667	-1.66691186484e-05	-1.95852786834e-05	-7.78433513237e-07 	-1.09446037465e-05 	193.742436669 	1.8166000023 	-3.17786962777e-07 	-4.97719204364e-06 	-1.15361267095e-05 	9.28569834763e-06 	1.86565000229 	-5.88599999935 	-4.97719204364e-06 	-0.0 	8.77325398259	2.59787801701	192.757768153	-72.5852712147	
9.58333333333	-2.4924483277e-05	-2.19757765043e-05	-1.00253804976e-06 	-1.33356036113e-05 	193.771895836 	1.71850000231 	-4.1368229939e-07 	-6.39911360832e-06 	-1.34462721914e-05 	-0.000143459991889 	1.7675500023 	-5.88599999959 	-5.75372019679e-06 	-8.53152938808e-05 	8.77327163504	2.59787801701	192.833411084	-72.7104062801	
9.6	-2.4924483277e-05	-2.39205594021e-05	-1.23627941257e-06 	-1.31575536075e-05 	193.799720002 	1.62040000231 	-5.20334192862e-07 	-6.39911360832e-06 	-1.40244817685e-05 	1.06830002282e-05 	1.6694500023 	-5.88599999958 	-6.39911360832e-06 	-0.0 	8.77328895584	2.59787801701	192.909054164	-72.8355415926	
9.61666666667	-2.4924483277e-05	-2.5459138769e-05	-1.49738224969e-06 	-1.49430678972e-05 	193.825909169 	1.52230000232 	-6.44257906893e-07 	-8.37117576765e-06 	-1.56661702274e-05 	-0.000107130857379 	1.57135000231 	-5.88599999956 	-7.43542284187e-06 	-0.00011832372956 	8.77330595121	2.59787801701	192.984697391	-72.9606771475	
9.63333333333	-2.4924483277e-05	-2.66348297942e-05	-1.76221457827e-06 	-1.47375206519e-05 	193.850463336 	1.42420000233 	-7.83777503021e-07 	-8.37117576765e-06 	-1.58899397146e-05 	1.23328347191e-05 	1.47325000231 	-5.88599999954 	-8.37117576765e-06 	-0.0 	8.77332262728	2.59787801701	193.060340761	-73.0858129402	
9.65	-2.4924483277e-05	-2.749254201e-05	-2.02576543063e-06 	-1.45456602789e-05 	193.873382502 	1.32610000234 	-9.23297099148e-07 	-8.37117576765e-06 	-1.58130511416e-05 	1.15116223764e-05 	1.37515000232 	-5.88599999955 	-8.37117576765e-06 	-0.0 	8.77333899004	2.59787801701	193.135984272	-73.2109489663	
9.66666666667	-2.4924483277e-05	-2.80770171419e-05	-2.28780669223e-06 	-1.43674867784e-05 	193.894666669 	1.22800000234 	-1.06281669528e-06 	-8.37117576765e-06 	-1.57224756961e-05 	1.06904100337e-05 	1.27705000233 	-5.88599999955 	-8.37117576765e-06 	-0.0 	8.77335504538	2.59787801701	193.211627922	-73.3360852214	
9.68333333333	-2.4924483277e-05	-2.84314686859e-05	-2.54811024854e-06 	-1.42030001502e-05 	193.914315836 	1.12990000235 	-1.2023362914e-06 	-8.37117576765e-06 	-1.56182133783e-05 	9.86919769092e-06 	1.17895000233 	-5.88599999955 	-8.37117576765e-06 	-0.0 	8.77337079907	2.59787801701	193.287271708	-73.4612217012	
9.7	-2.88823904353e-05	-2.96107890477e-05	-2.806447985e-06 	-1.40522003944e-05 	193.932330003 	1.03180000235 	-1.34185588753e-06 	-8.37117576765e-06 	-1.55002641882e-05 	9.04798534816e-06 	1.08085000233 	-5.88599999984 	-8.37117576765e-06 	-0.0 	8.77338625679	2.59787801701	193.362915627	-73.5863584015	
9.71666666667	-2.88823904353e-05	-3.05019998715e-05	-3.0625917871e-06 	-1.39150875109e-05 	193.948709169 	0.933700002357 	-1.48137548366e-06 	-8.37117576765e-06 	-1.53686281256e-05 	8.22677300537e-06 	0.982750002335 	-5.88599999984 	-8.37117576765e-06 	-0.0 	8.77340142408	2.59787801701	193.438559676	-73.7114953181	
9.73333333333	-2.88823904353e-05	-3.05019998715e-05	-3.0625917871e-06 	0.0 	193.948709169 	0.0 	-1.48137548366e-06 	0.0 	0.0 	0.0 	0.0 	0.0 	0.0 	0.0 	0.0	2.59787801701	193.438559676	-73.7114953181	
9.75	-2.88823904353e-05	-3.05019998715e-05	-3.0625917871e-06 	0.0 	193.948709169 	0.0 	-1.48137548366e-06 	0.0 	0.0 	0.0 	0.0 	0.0 	0.0 	0.0 	0.0	2.59787801701	193.438559676	-73.7114953181	
9.76666666667	-2.88823904353e-05	-3.05019998715e-05	-3.0625917871e-06 	0.0 	193.948709169 	0.0 	-1.48137548366e-06 	0.0 	0.0 	0.0 	0.0 	0.0 	0.0 	0.0 	0.0	2.59787801701	193.438559676	-73.7114953181	
9.78333333333	-2.88823904353e-05	-3.05019998715e-05	-3.0625917871e-06 	0.0 	193.948709169 	0.0 	-1.48137548366e-06 	0.0 	0.0 	0.0 	0.0 	0.0 	0.0 	0.0 	0.0	2.59787801701	193.438559676	-73.7114953181	
9.8	-2.88823904353e-05	-3.05019998715e-05	-3.0625917871e-06 	0.0 	193.948709169 	0.0 	-1.48137548366e-06 	0.0 	0.0 	0.0 	0.0 	0.0 	0.0 	0.0 	0.0	2.59787801701	193.438559676	-73.7114953181	
9.81666666667	-2.88823904353e-05	-3.05019998715e-05	-3.0625917871e-06 	0.0 	193.948709169 	0.0 	-1.48137548366e-06 	0.0 	0.0 	0.0 	0.0 	0.0 	0.0 	0.0 	0.0	2.59787801701	193.438559676	-73.7114953181	
9.83333333333	-2.88823904353e-05	-3.05019998715e-05	-3.0625917871e-06 	0.0 	193.948709169 	0.0 	-1.48137548366e-06 	0.0 	0.0 	0.0 	0.0 	0.0 	0.0 	0.0 	0.0	2.59787801701	193.438559676	-73.7114953181	
9.85	-2.88823904353e-05	-3.05019998715e-05	-3.0625917871e-06 	0.0 	193.948709169 	0.0 	-1.48137548366e-06 	0.0 	0.0 	0.0 	0.0 	0.0 	0.0 	0.0 	0.0	2.59787801701	193.438559676	-73.7114953181	
9.86666666667	-2.88823904353e-05	-3.05019998715e-05	-3.0625917871e-06 	0.0 	193.948709169 	0.0 	-1.48137548366e-06 	0.0 	0.0 	0.0 	0.0 	0.0 	0.0 	0.0 	0.0	2.59787801701	193.438559676	-73.7114953181	
9.88333333333	-2.88823904353e-05	-3.05019998715e-05	-3.0625917871e-06 	0.0 	193.948709169 	0.0 	-1.48137548366e-06 	0.0 	0.0 	0.0 	0.0 	0.0 	0.0 	0.0 	0.0	2.59787801701	193.438559676	-73.7114953181	
9.9	-2.88823904353e-05	-3.05019998715e-05	-3.0625917871e-06 	0.0 	193.948709169 	0.0 	-1.48137548366e-06 	0.0 	0.0 	0.0 	0.0 	0.0 	0.0 	0.0 	0.0	2.59787801701	193.438559676	-73.7114953181	
9.91666666667	-2.88823904353e-05	-3.05019998715e-05	-3.0625917871e-06 	0.0 	193.948709169 	0.0 	-1.48137548366e-06 	0.0 	0.0 	0.0 	0.0 	0.0 	0.0 	0.0 	0.0	2.59787801701	193.438559676	-73.7114953181	
9.93333333333	-2.88823904353e-05	-3.05019998715e-05	-3.0625917871e-06 	0.0 	193.948709169 	0.0 	-1.48137548366e-06 	0.0 	0.0 	0.0 	0.0 	0.0 	0.0 	0.0 	0.0	2.59787801701	193.438559676	-73.7114953181	
9.95	-2.88823904353e-05	-3.05019998715e-05	-3.0625917871e-06 	0.0 	193.948709169 	0.0 	-1.48137548366e-06 	0.0 	0.0 	0.0 	0.0 	0.0 	0.0 	0.0 	0.0	2.59787801701	193.438559676	-73.7114953181	
9.96666666667	-2.88823904353e-05	-3.05019998715e-05	-3.0625917871e-06 	0.0 	193.948709169 	0.0 	-1.48137548366e-06 	0.0 	0.0 	0.0 	0.0 	0.0 	0.0 	0.0 	0.0	2.59787801701	193.438559676	-73.7114953181	
9.98333333333	-2.88823904353e-05	-3.05019998715e-05	-3.0625917871e-06 	0.0 	193.948709169 	0.0 	-1.48137548366e-06 	0.0 	0.0 	0.0 	0.0 	0.0 	0.0 	0.0 	0.0	2.59787801701	193.438559676	-73.7114953181	
