0.0166666666667	0.0	0.0	0.0 	0.0 	80.2 	12.0 	0.0 	0.0 	0.0 	0.0 	12.0 	0.0 	0.0 	0.0 	0.0	-1.16483870968	160.0	-29.1612903226	
0.0333333333333	0.0	0.0	0.0 	0.0 	80.4 	12.0 	0.0 	0.0 	0.0 	-0.0 	12.0 	0.0 	0.0 	0.0 	0.0	-1.16483870968	160.0	-29.1612903226	
0.05	0.0	0.0	0.0 	0.0 	80.6 	12.0 	0.0 	0.0 	0.0 	-0.0 	12.0 	0.0 	0.0 	0.0 	0.0	-1.16483870968	160.0	-29.1612903226	
0.0666666666667	0.0	0.0	0.0 	0.0 	80.8 	12.0 	0.0 	0.0 	0.0 	-0.0 	12.0 	0.0 	0.0 	0.0 	0.0	-1.16483870968	160.0	-29.1612903226	
0.0833333333333	0.0	0.0	0.0 	0.0 	81.0 	12.0 	0.0 	0.0 	0.0 	-0.0 	12.0 	0.0 	0.0 	0.0 	0.0	-1.16483870968	160.0	-29.1612903226	
0.1	0.0	0.0	0.0 	0.0 	81.2 	12.0 	0.0 	0.0 	0.0 	-0.0 	12.0 	0.0 	0.0 	0.0 	0.0	-1.16483870968	160.0	-29.1612903226	
0.116666666667	0.0	0.0	0.0 	0.0 	81.4 	12.0 	0.0 	0.0 	0.0 	-0.0 	12.0 	0.0 	0.0 	0.0 	0.0	-1.16483870968	160.0	-29.1612903226	
0.133333333333	0.0	0.0	0.0 	0.0 	81.6 	12.0 	0.0 	0.0 	0.0 	-0.0 	12.0 	0.0 	0.0 	0.0 	0.0	-1.16483870968	160.0	-29.1612903226	
0.15	0.0	0.0	0.0 	0.0 	81.8 	12.0 	0.0 	0.0 	0.0 	-0.0 	12.0 	0.0 	0.0 	0.0 	0.0	-1.16483870968	160.0	-29.1612903226	
0.166666666667	0.0	0.0	0.0 	0.0 	82.0 	12.0 	0.0 	0.0 	0.0 	-0.0 	12.0 	0.0 	0.0 	0.0 	0.0	-1.16483870968	160.0	-29.1612903226	
0.183333333333	0.0	0.0	0.0 	0.0 	82.2 	12.0 	0.0 	0.0 	0.0 	-0.0 	12.0 	0.0 	0.0 	0.0 	0.0	-1.16483870968	160.0	-29.1612903226	
0.2	0.0	0.0	0.0 	0.0 	82.4 	12.0 	0.0 	0.0 	0.0 	-0.0 	12.0 	0.0 	0.0 	0.0 	0.0	-1.16483870968	160.0	-29.1612903226	
0.216666666667	0.0	0.0	0.0 	0.0 	82.6 	12.0 	0.0 	0.0 	0.0 	-0.0 	12.0 	0.0 	0.0 	0.0 	0.0	-1.16483870968	160.0	-29.1612903226	
0.233333333333	0.0	0.0	0.0 	0.0 	82.8 	12.0 	0.0 	0.0 	0.0 	-0.0 	12.0 	0.0 	0.0 	0.0 	0.0	-1.16483870968	160.0	-29.1612903226	
0.25	0.0	0.0	0.0 	0.0 	83.0 	12.0 	0.0 	0.0 	0.0 	-0.0 	12.0 	0.0 	0.0 	0.0 	0.0	-1.16483870968	160.0	-29.1612903226	
0.266666666667	0.0	0.0	0.0 	0.0 	83.2 	12.0 	0.0 	0.0 	0.0 	-0.0 	12.0 	0.0 	0.0 	0.0 	0.0	-1.16483870968	160.0	-29.1612903226	
0.283333333333	0.0	0.0	0.0 	0.0 	83.4 	12.0 	0.0 	0.0 	0.0 	-0.0 	12.0 	0.0 	0.0 	0.0 	0.0	-1.16483870968	160.0	-29.1612903226	
0.3	0.0	0.0	0.0 	0.0 	83.6 	12.0 	0.0 	0.0 	0.0 	-0.0 	12.0 	0.0 	0.0 	0.0 	0.0	-1.16483870968	160.0	-29.1612903226	
0.316666666667	0.0	0.0	0.0 	0.0 	83.8 	12.0 	0.0 	0.0 	0.0 	-0.0 	12.0 	0.0 	0.0 	0.0 	0.0	-1.16483870968	160.0	-29.1612903226	
0.333333333333	0.0	0.0	0.0 	0.0 	84.0 	12.0 	0.0 	0.0 	0.0 	-0.0 	12.0 	0.0 	0.0 	0.0 	0.0	-1.16483870968	160.0	-29.1612903226	
0.35	0.0	0.0	0.0 	0.0 	84.2 	12.0 	0.0 	0.0 	0.0 	-0.0 	12.0 	0.0 	0.0 	0.0 	0.0	-1.16483870968	160.0	-29.1612903226	
0.366666666667	0.0	0.0	0.0 	0.0 	84.4 	12.0 	0.0 	0.0 	0.0 	-0.0 	12.0 	0.0 	0.0 	0.0 	0.0	-1.16483870968	160.0	-29.1612903226	
0.383333333333	0.0	0.0	0.0 	0.0 	84.6 	12.0 	0.0 	0.0 	0.0 	-0.0 	12.0 	0.0 	0.0 	0.0 	0.0	-1.16483870968	160.0	-29.1612903226	
0.4	0.0	0.0	0.0 	0.0 	84.8 	12.0 	0.0 	0.0 	0.0 	-0.0 	12.0 	0.0 	0.0 	0.0 	0.0	-1.16483870968	160.0	-29.1612903226	
0.416666666667	0.0	0.0	0.0 	0.0 	85.0 	12.0 	0.0 	0.0 	0.0 	-0.0 	12.0 	0.0 	0.0 	0.0 	0.0	-1.16483870968	160.0	-29.1612903226	
0.433333333333	0.0	0.0	0.0 	0.0 	85.2 	12.0 	0.0 	0.0 	0.0 	-0.0 	12.0 	0.0 	0.0 	0.0 	0.0	-1.16483870968	160.0	-29.1612903226	
0.45	0.0	0.0	0.0 	0.0 	85.4 	12.0 	0.0 	0.0 	0.0 	-0.0 	12.0 	0.0 	0.0 	0.0 	0.0	-1.16483870968	160.0	-29.1612903226	
0.466666666667	0.0	0.0	0.0 	0.0 	85.6 	12.0 	0.0 	0.0 	0.0 	-0.0 	12.0 	0.0 	0.0 	0.0 	0.0	-1.16483870968	160.0	-29.1612903226	
0.483333333333	0.0	0.0	0.0 	0.0 	85.8 	12.0 	0.0 	0.0 	0.0 	-0.0 	12.0 	0.0 	0.0 	0.0 	0.0	-1.16483870968	160.0	-29.1612903226	
0.5	0.0	0.0	0.0 	0.0 	86.0 	12.0 	0.0 	0.0 	0.0 	-0.0 	12.0 	0.0 	0.0 	0.0 	0.0	-1.16483870968	160.0	-29.1612903226	
0.516666666667	0.0	0.0	0.0 	0.0 	86.2 	12.0 	0.0 	0.0 	0.0 	-0.0 	12.0 	0.0 	0.0 	0.0 	0.0	-1.16483870968	160.0	-29.1612903226	
0.533333333333	0.0	0.0	0.0 	0.0 	86.4 	12.0 	0.0 	0.0 	0.0 	-0.0 	12.0 	0.0 	0.0 	0.0 	0.0	-1.16483870968	160.0	-29.1612903226	
0.55	0.0	0.0	0.0 	0.0 	86.6 	12.0 	0.0 	0.0 	0.0 	-0.0 	12.0 	0.0 	0.0 	0.0 	0.0	-1.16483870968	160.0	-29.1612903226	
0.566666666667	0.0	0.0	0.0 	0.0 	86.8 	12.0 	0.0 	0.0 	0.0 	-0.0 	12.0 	0.0 	0.0 	0.0 	0.0	-1.16483870968	160.0	-29.1612903226	
0.583333333333	0.0	0.0	0.0 	0.0 	87.0 	12.0 	0.0 	0.0 	0.0 	-0.0 	12.0 	0.0 	0.0 	0.0 	0.0	-1.16483870968	160.0	-29.1612903226	
0.6	0.0	0.0	0.0 	0.0 	87.2 	12.0 	0.0 	0.0 	0.0 	-0.0 	12.0 	0.0 	0.0 	0.0 	0.0	-1.16483870968	160.0	-29.1612903226	
0.616666666667	0.0	0.0	0.0 	0.0 	87.4 	12.0 	0.0 	0.0 	0.0 	-0.0 	12.0 	0.0 	0.0 	0.0 	0.0	-1.16483870968	160.0	-29.1612903226	
0.633333333333	0.0	0.0	0.0 	0.0 	87.6 	12.0 	0.0 	0.0 	0.0 	-0.0 	12.0 	0.0 	0.0 	0.0 	0.0	-1.16483870968	160.0	-29.1612903226	
0.65	0.0	0.0	0.0 	0.0 	87.8 	12.0 	0.0 	0.0 	0.0 	-0.0 	12.0 	0.0 	0.0 	0.0 	0.0	-1.16483870968	160.0	-29.1612903226	
0.666666666667	0.0	0.0	0.0 	0.0 	88.0 	12.0 	0.0 	0.0 	0.0 	-0.0 	12.0 	0.0 	0.0 	0.0 	0.0	-1.16483870968	160.0	-29.1612903226	
0.683333333333	0.0	0.0	0.0 	0.0 	88.2 	12.0 	0.0 	0.0 	0.0 	-0.0 	12.0 	0.0 	0.0 	0.0 	0.0	-1.16483870968	160.0	-29.1612903226	
0.7	0.0	0.0	0.0 	0.0 	88.4 	12.0 	0.0 	0.0 	0.0 	-0.0 	12.0 	0.0 	0.0 	0.0 	0.0	-1.16483870968	160.0	-29.1612903226	
0.716666666667	0.0	0.0	0.0 	0.0 	88.6 	12.0 	0.0 	0.0 	0.0 	-0.0 	12.0 	0.0 	0.0 	0.0 	0.0	-1.16483870968	160.0	-29.1612903226	
0.733333333333	0.0	0.0	0.0 	0.0 	88.8 	12.0 	0.0 	0.0 	0.0 	-0.0 	12.0 	0.0 	0.0 	0.0 	0.0	-1.16483870968	160.0	-29.1612903226	
0.75	0.0	0.0	0.0 	0.0 	89.0 	12.0 	0.0 	0.0 	0.0 	-0.0 	12.0 	0.0 	0.0 	0.0 	0.0	-1.16483870968	160.0	-29.1612903226	
0.766666666667	0.0	0.0	0.0 	0.0 	89.2 	12.0 	0.0 	0.0 	0.0 	-0.0 	12.0 	0.0 	0.0 	0.0 	0.0	-1.16483870968	160.0	-29.1612903226	
0.783333333333	0.0	0.0	0.0 	0.0 	89.4 	12.0 	0.0 	0.0 	0.0 	-0.0 	12.0 	0.0 	0.0 	0.0 	0.0	-1.16483870968	160.0	-29.1612903226	
0.8	0.0	0.0	0.0 	0.0 	89.6 	12.0 	0.0 	0.0 	0.0 	-0.0 	12.0 	0.0 	0.0 	0.0 	0.0	-1.16483870968	160.0	-29.1612903226	
0.816666666667	0.0	0.0	0.0 	0.0 	89.8 	12.0 	0.0 	0.0 	0.0 	-0.0 	12.0 	0.0 	0.0 	0.0 	0.0	-1.16483870968	160.0	-29.1612903226	
0.833333333333	0.0	0.0	0.0 	0.0 	90.0 	12.0 	0.0 	0.0 	0.0 	-0.0 	12.0 	0.0 	0.0 	0.0 	0.0	-1.16483870968	160.0	-29.1612903226	
0.85	0.0	0.0	0.0 	0.0 	90.2 	12.0 	0.0 	0.0 	0.0 	-0.0 	12.0 	0.0 	0.0 	0.0 	0.0	-1.16483870968	160.0	-29.1612903226	
0.866666666667	0.0	0.0	0.0 	0.0 	90.4 	12.0 	0.0 	0.0 	0.0 	-0.0 	12.0 	0.0 	0.0 	0.0 	0.0	-1.16483870968	160.0	-29.1612903226	
0.883333333333	0.0	0.0	0.0 	0.0 	90.6 	12.0 	0.0 	0.0 	0.0 	-0.0 	12.0 	0.0 	0.0 	0.0 	0.0	-1.16483870968	160.0	-29.1612903226	
0.9	0.0	0.0	0.0 	0.0 	90.8 	12.0 	0.0 	0.0 	0.0 	-0.0 	12.0 	0.0 	0.0 	0.0 	0.0	-1.16483870968	160.0	-29.1612903226	
0.916666666667	0.0	0.0	0.0 	0.0 	91.0 	12.0 	0.0 	0.0 	0.0 	-0.0 	12.0 	0.0 	0.0 	0.0 	0.0	-1.16483870968	160.0	-29.1612903226	
0.933333333333	0.0	0.0	0.0 	0.0 	91.2 	12.0 	0.0 	0.0 	0.0 	-0.0 	12.0 	0.0 	0.0 	0.0 	0.0	-1.16483870968	160.0	-29.1612903226	
0.95	0.0	0.0	0.0 	0.0 	91.4 	12.0 	0.0 	0.0 	0.0 	-0.0 	12.0 	0.0 	0.0 	0.0 	0.0	-1.16483870968	160.0	-29.1612903226	
0.966666666667	0.0	0.0	0.0 	0.0 	91.6 	12.0 	0.0 	0.0 	0.0 	-0.0 	12.0 	0.0 	0.0 	0.0 	0.0	-1.16483870968	160.0	-29.1612903226	
0.983333333333	0.0	0.0	0.0 	0.0 	91.8 	12.0 	0.0 	0.0 	0.0 	-0.0 	12.0 	0.0 	0.0 	0.0 	0.0	-1.16483870968	160.0	-29.1612903226	
1.0	0.0	0.0	0.0 	0.0 	92.0 	12.0 	0.0 	0.0 	0.0 	-0.0 	12.0 	0.0 	0.0 	0.0 	0.0	-1.16483870968	160.0	-29.1612903226	
1.01666666667	0.0	0.0	0.0 	0.0 	92.2 	12.0 	0.0 	0.0 	0.0 	-0.0 	12.0 	0.0 	0.0 	0.0 	0.0	-1.16483870968	160.0	-29.1612903226	
1.03333333333	0.0	0.0	0.0 	0.0 	92.4 	12.0 	0.0 	0.0 	0.0 	-0.0 	12.0 	0.0 	0.0 	0.0 	0.0	-1.16483870968	160.0	-29.1612903226	
1.05	0.0	0.0	0.0 	0.0 	92.6 	12.0 	0.0 	0.0 	0.0 	-0.0 	12.0 	0.0 	0.0 	0.0 	0.0	-1.16483870968	160.0	-29.1612903226	
1.06666666667	0.0	0.0	0.0 	0.0 	92.8 	12.0 	0.0 	0.0 	0.0 	-0.0 	12.0 	0.0 	0.0 	0.0 	0.0	-1.16483870968	160.0	-29.1612903226	
1.08333333333	0.0	0.0	0.0 	0.0 	93.0 	12.0 	0.0 	0.0 	0.0 	-0.0 	12.0 	0.0 	0.0 	0.0 	0.0	-1.16483870968	160.0	-29.1612903226	
1.1	0.0	0.0	0.0 	0.0 	93.2 	12.0 	0.0 	0.0 	0.0 	-0.0 	12.0 	0.0 	0.0 	0.0 	0.0	-1.16483870968	160.0	-29.1612903226	
1.11666666667	0.0	0.0	0.0 	0.0 	93.4 	12.0 	0.0 	0.0 	0.0 	-0.0 	12.0 	0.0 	0.0 	0.0 	0.0	-1.16483870968	160.0	-29.1612903226	
1.13333333333	0.0	0.0	0.0 	0.0 	93.6 	12.0 	0.0 	0.0 	0.0 	-0.0 	12.0 	0.0 	0.0 	0.0 	0.0	-1.16483870968	160.0	-29.1612903226	
1.15	0.0	0.0	0.0 	0.0 	93.8 	12.0 	0.0 	0.0 	0.0 	-0.0 	12.0 	0.0 	0.0 	0.0 	0.0	-1.16483870968	160.0	-29.1612903226	
1.16666666667	0.0	0.0	0.0 	0.0 	94.0 	12.0 	0.0 	0.0 	0.0 	-0.0 	12.0 	0.0 	0.0 	0.0 	0.0	-1.16483870968	160.0	-29.1612903226	
1.18333333333	0.0	0.0	0.0 	0.0 	94.2 	12.0 	0.0 	0.0 	0.0 	-0.0 	12.0 	0.0 	0.0 	0.0 	0.0	-1.16483870968	160.0	-29.1612903226	
1.2	0.0	0.0	0.0 	0.0 	94.4 	12.0 	0.0 	0.0 	0.0 	-0.0 	12.0 	0.0 	0.0 	0.0 	0.0	-1.16483870968	160.0	-29.1612903226	
1.21666666667	0.0	0.0	0.0 	0.0 	94.6 	12.0 	0.0 	0.0 	0.0 	-0.0 	12.0 	0.0 	0.0 	0.0 	0.0	-1.16483870968	160.0	-29.1612903226	
1.23333333333	0.0	0.0	0.0 	0.0 	94.8 	12.0 	0.0 	0.0 	0.0 	-0.0 	12.0 	0.0 	0.0 	0.0 	0.0	-1.16483870968	160.0	-29.1612903226	
1.25	0.0	0.0	0.0 	0.0 	95.0 	12.0 	0.0 	0.0 	0.0 	-0.0 	12.0 	0.0 	0.0 	0.0 	0.0	-1.16483870968	160.0	-29.1612903226	
1.26666666667	0.0	0.0	0.0 	0.0 	95.2 	12.0 	0.0 	0.0 	0.0 	-0.0 	12.0 	0.0 	0.0 	0.0 	0.0	-1.16483870968	160.0	-29.1612903226	
1.28333333333	0.0	0.0	0.0 	0.0 	95.4 	12.0 	0.0 	0.0 	0.0 	-0.0 	12.0 	0.0 	0.0 	0.0 	0.0	-1.16483870968	160.0	-29.1612903226	
1.3	0.0	0.0	0.0 	0.0 	95.6 	12.0 	0.0 	0.0 	0.0 	-0.0 	12.0 	0.0 	0.0 	0.0 	0.0	-1.16483870968	160.0	-29.1612903226	
1.31666666667	0.0	0.0	0.0 	0.0 	95.8 	12.0 	0.0 	0.0 	0.0 	-0.0 	12.0 	0.0 	0.0 	0.0 	0.0	-1.16483870968	160.0	-29.1612903226	
1.33333333333	0.0	0.0	0.0 	0.0 	96.0 	12.0 	0.0 	0.0 	0.0 	-0.0 	12.0 	0.0 	0.0 	0.0 	0.0	-1.16483870968	160.0	-29.1612903226	
1.35	0.0	0.0	0.0 	0.0 	96.2 	12.0 	0.0 	0.0 	0.0 	-0.0 	12.0 	0.0 	0.0 	0.0 	0.0	-1.16483870968	160.0	-29.1612903226	
1.36666666667	0.0	0.0	0.0 	0.0 	96.4 	12.0 	0.0 	0.0 	0.0 	-0.0 	12.0 	0.0 	0.0 	0.0 	0.0	-1.16483870968	160.0	-29.1612903226	
1.38333333333	0.0	0.0	0.0 	0.0 	96.6 	12.0 	0.0 	0.0 	0.0 	-0.0 	12.0 	0.0 	0.0 	0.0 	0.0	-1.16483870968	160.0	-29.1612903226	
1.4	0.0	0.0	0.0 	0.0 	96.8 	12.0 	0.0 	0.0 	0.0 	-0.0 	12.0 	0.0 	0.0 	0.0 	0.0	-1.16483870968	160.0	-29.1612903226	
1.41666666667	0.0	0.0	0.0 	0.0 	97.0 	12.0 	0.0 	0.0 	0.0 	-0.0 	12.0 	0.0 	0.0 	0.0 	0.0	-1.16483870968	160.0	-29.1612903226	
1.43333333333	0.0	0.0	0.0 	0.0 	97.2 	12.0 	0.0 	0.0 	0.0 	-0.0 	12.0 	0.0 	0.0 	0.0 	0.0	-1.16483870968	160.0	-29.1612903226	
1.45	0.0	0.0	0.0 	0.0 	97.4 	12.0 	0.0 	0.0 	0.0 	-0.0 	12.0 	0.0 	0.0 	0.0 	0.0	-1.16483870968	160.0	-29.1612903226	
1.46666666667	0.0	0.0	0.0 	0.0 	97.6 	12.0 	0.0 	0.0 	0.0 	-0.0 	12.0 	0.0 	0.0 	0.0 	0.0	-1.16483870968	160.0	-29.1612903226	
1.48333333333	0.0	0.0	0.0 	0.0 	97.8 	12.0 	0.0 	0.0 	0.0 	-0.0 	12.0 	0.0 	0.0 	0.0 	0.0	-1.16483870968	160.0	-29.1612903226	
1.5	0.0	0.0	0.0 	0.0 	98.0 	12.0 	0.0 	0.0 	0.0 	-0.0 	12.0 	0.0 	0.0 	0.0 	0.0	-1.16483870968	160.0	-29.1612903226	
1.51666666667	0.0	0.0	0.0 	0.0 	98.2 	12.0 	0.0 	0.0 	0.0 	-0.0 	12.0 	0.0 	0.0 	0.0 	0.0	-1.16483870968	160.0	-29.1612903226	
1.53333333333	0.0	0.0	0.0 	0.0 	98.4 	12.0 	0.0 	0.0 	0.0 	-0.0 	12.0 	0.0 	0.0 	0.0 	0.0	-1.16483870968	160.0	-29.1612903226	
1.55	0.0	0.0	0.0 	0.0 	98.6 	12.0 	0.0 	0.0 	0.0 	-0.0 	12.0 	0.0 	0.0 	0.0 	0.0	-1.16483870968	160.0	-29.1612903226	
1.56666666667	0.0	0.0	0.0 	0.0 	98.8 	12.0 	0.0 	0.0 	0.0 	-0.0 	12.0 	0.0 	0.0 	0.0 	0.0	-1.16483870968	160.0	-29.1612903226	
1.58333333333	0.0	0.0	0.0 	0.0 	99.0 	12.0 	0.0 	0.0 	0.0 	-0.0 	12.0 	0.0 	0.0 	0.0 	0.0	-1.16483870968	160.0	-29.1612903226	
1.6	0.0	0.0	0.0 	0.0 	99.2 	12.0 	0.0 	0.0 	0.0 	-0.0 	12.0 	0.0 	0.0 	0.0 	0.0	-1.16483870968	160.0	-29.1612903226	
1.61666666667	0.0	0.0	0.0 	0.0 	99.4 	12.0 	0.0 	0.0 	0.0 	-0.0 	12.0 	0.0 	0.0 	0.0 	0.0	-1.16483870968	160.0	-29.1612903226	
1.63333333333	0.0	0.0	0.0 	0.0 	99.6 	12.0 	0.0 	0.0 	0.0 	-0.0 	12.0 	0.0 	0.0 	0.0 	0.0	-1.16483870968	160.0	-29.1612903226	
1.65	0.0	0.0	0.0 	0.0 	99.8 	12.0 	0.0 	0.0 	0.0 	-0.0 	12.0 	0.0 	0.0 	0.0 	0.0	-1.16483870968	160.0	-29.1612903226	
1.66666666667	0.0	0.0	0.0 	0.0 	100.0 	12.0 	0.0 	0.0 	0.0 	-0.0 	12.0 	0.0 	0.0 	0.0 	0.0981077147016	-1.16483870968	159.998497767	-29.1606446124	
1.68333333333	0.0	0.0	0.0 	0.0 	100.2 	12.0 	0.0 	0.0 	0.0 	-0.0 	12.0 	0.0 	0.0 	0.0 	0.195330032269	-1.16483870968	159.995506858	-29.1593590194	
1.7	0.0	0.0	0.0 	0.0 	100.4 	12.0 	0.0 	0.0 	0.0 	-0.0 	12.0 	0.0 	0.0 	0.0 	0.291674943186	-1.16483870968	159.991040709	-29.1574393183	
1.71666666667	0.0	0.0	0.0 	0.0 	100.6 	12.0 	0.0 	0.0 	0.0 	-0.0 	12.0 	0.0 	0.0 	0.0 	0.387150365824	-1.16483870968	159.985112633	-29.1548912318	
1.73333333333	0.0	0.0	0.0 	0.0 	100.8 	12.0 	0.0 	0.0 	0.0 	-0.0 	12.0 	0.0 	0.0 	0.0 	0.481764147093	-1.16483870968	159.977735823	-29.151720431	
1.75	0.0	0.0	0.0 	0.0 	101.0 	12.0 	0.0 	0.0 	0.0 	-0.0 	12.0 	0.0 	0.0 	0.0 	0.575524063087	-1.16483870968	159.968923353	-29.1479325357	
1.76666666667	0.0	0.0	0.0 	0.0 	101.2 	12.0 	0.0 	0.0 	0.0 	-0.0 	12.0 	0.0 	0.0 	0.0 	0.668437819723	-1.16483870968	159.958688182	-29.143533115	
1.78333333333	0.0	0.0	0.0 	0.0 	101.4 	12.0 	0.0 	0.0 	0.0 	-0.0 	12.0 	0.0 	0.0 	0.0 	0.760513053373	-1.16483870968	159.947043147	-29.1385276877	
1.8	0.0	0.0	0.0 	0.0 	101.6 	12.0 	0.0 	0.0 	0.0 	-0.0 	12.0 	0.0 	0.0 	0.0 	0.851757331494	-1.16483870968	159.934000972	-29.1329217229	
1.81666666667	0.0	0.0	0.0 	0.0 	101.8 	12.0 	0.0 	0.0 	0.0 	-0.0 	12.0 	0.0 	0.0 	0.0 	0.942178153248	-1.16483870968	159.919574267	-29.1267206403	
1.83333333333	0.0	0.0	0.0 	0.0 	102.0 	12.0 	0.0 	0.0 	0.0 	-0.0 	12.0 	0.0 	0.0 	0.0 	1.03178295012	-1.16483870968	159.903775527	-29.1199298108	
1.85	0.0	0.0	0.0 	0.0 	102.2 	12.0 	0.0 	0.0 	0.0 	-0.0 	12.0 	0.0 	0.0 	0.0 	1.12057908652	-1.16483870968	159.886617133	-29.1125545565	
1.86666666667	0.0	0.0	0.0 	0.0 	102.4 	12.0 	0.0 	0.0 	0.0 	-0.0 	12.0 	0.0 	0.0 	0.0 	1.20857386041	-1.16483870968	159.868111356	-29.1046001518	
1.88333333333	0.0	0.0	0.0 	0.0 	102.6 	12.0 	0.0 	0.0 	0.0 	-0.0 	12.0 	0.0 	0.0 	0.0 	1.29577450389	-1.16483870968	159.848270356	-29.0960718234	
1.9	0.0	0.0	0.0 	0.0 	102.8 	12.0 	0.0 	0.0 	0.0 	-0.0 	12.0 	0.0 	0.0 	0.0 	1.38218818376	-1.16483870968	159.827106184	-29.0869747509	
1.91666666667	0.0	0.0	0.0 	0.0 	103.0 	12.0 	0.0 	0.0 	0.0 	-0.0 	12.0 	0.0 	0.0 	0.0 	1.46782200219	-1.16483870968	159.804630779	-29.0773140668	
1.93333333333	0.0	0.0	0.0 	0.0 	103.2 	12.0 	0.0 	0.0 	0.0 	-0.0 	12.0 	0.0 	0.0 	0.0 	1.55268299722	-1.16483870968	159.780855977	-29.0670948578	
1.95	0.0	0.0	0.0 	0.0 	103.4 	12.0 	0.0 	0.0 	0.0 	-0.0 	12.0 	0.0 	0.0 	0.0 	1.63677814339	-1.16483870968	159.755793503	-29.0563221644	
1.96666666667	0.0	0.0	0.0 	0.0 	103.6 	12.0 	0.0 	0.0 	0.0 	-0.0 	12.0 	0.0 	0.0 	0.0 	1.72011435229	-1.16483870968	159.729454978	-29.0450009816	
1.98333333333	0.0	0.0	0.0 	0.0 	103.8 	12.0 	0.0 	0.0 	0.0 	-0.0 	12.0 	0.0 	0.0 	0.0 	1.80269847312	-1.16483870968	159.701851919	-29.0331362593	
2.0	0.0	0.0	0.0 	0.0 	104.0 	12.0 	0.0 	0.0 	0.0 	-0.0 	12.0 	0.0 	0.0 	0.0 	1.88453729331	-1.16483870968	159.672995738	-29.020732903	
2.01666666667	0.0	0.0	0.0 	0.0 	104.2 	12.0 	0.0 	0.0 	0.0 	-0.0 	12.0 	0.0 	0.0 	0.0 	1.96563753899	-1.16483870968	159.642897743	-29.0077957736	
2.03333333333	0.0	0.0	0.0 	0.0 	104.4 	12.0 	0.0 	0.0 	0.0 	-0.0 	12.0 	0.0 	0.0 	0.0 	2.04600587561	-1.16483870968	159.611569143	-28.9943296883	
2.05	0.0	0.0	0.0 	0.0 	104.6 	12.0 	0.0 	0.0 	0.0 	-0.0 	12.0 	0.0 	0.0 	0.0 	2.12564890846	-1.16483870968	159.579021042	-28.9803394208	
2.06666666667	0.0	0.0	0.0 	0.0 	104.8 	12.0 	0.0 	0.0 	0.0 	-0.0 	12.0 	0.0 	0.0 	0.0 	2.20457318323	-1.16483870968	159.545264446	-28.9658297018	
2.08333333333	0.0	0.0	0.0 	0.0 	105.0 	12.0 	0.0 	0.0 	0.0 	-0.0 	12.0 	0.0 	0.0 	0.0 	2.28278518653	-1.16483870968	159.510310262	-28.950805219	
2.1	0.0	0.0	0.0 	0.0 	105.2 	12.0 	0.0 	0.0 	0.0 	-0.0 	12.0 	0.0 	0.0 	0.0 	2.36029134642	-1.16483870968	159.474169298	-28.9352706182	
2.11666666667	0.0	0.0	0.0 	0.0 	105.4 	12.0 	0.0 	0.0 	0.0 	-0.0 	12.0 	0.0 	0.0 	0.0 	2.43709803296	-1.16483870968	159.436852263	-28.9192305029	
2.13333333333	0.0	0.0	0.0 	0.0 	105.6 	12.0 	0.0 	0.0 	0.0 	-0.0 	12.0 	0.0 	0.0 	0.0 	2.51321155871	-1.16483870968	159.398369773	-28.9026894355	
2.15	0.0	0.0	0.0 	0.0 	105.8 	12.0 	0.0 	0.0 	0.0 	-0.0 	12.0 	0.0 	0.0 	0.0 	2.58863817929	-1.16483870968	159.358732344	-28.8856519368	
2.16666666667	0.0	0.0	0.0 	0.0 	106.0 	12.0 	0.0 	0.0 	0.0 	-0.0 	12.0 	0.0 	0.0 	0.0 	2.66338409383	-1.16483870968	159.3179504	-28.8681224869	
2.18333333333	0.0	0.0	0.0 	0.0 	106.2 	12.0 	0.0 	0.0 	0.0 	-0.0 	12.0 	0.0 	0.0 	0.0 	2.73745544553	-1.16483870968	159.27603427	-28.8501055257	
2.2	0.0	0.0	0.0 	0.0 	106.4 	12.0 	0.0 	0.0 	0.0 	-0.0 	12.0 	0.0 	0.0 	0.0 	2.81085832215	-1.16483870968	159.232994189	-28.8316054528	
2.21666666667	0.0	0.0	0.0 	0.0 	106.6 	12.0 	0.0 	0.0 	0.0 	-0.0 	12.0 	0.0 	0.0 	0.0 	2.88359875651	-1.16483870968	159.188840301	-28.8126266281	
2.23333333333	0.0	0.0	0.0 	0.0 	106.8 	12.0 	0.0 	0.0 	0.0 	-0.0 	12.0 	0.0 	0.0 	0.0 	2.95568272697	-1.16483870968	159.143582658	-28.7931733723	
2.25	0.0	0.0	0.0 	0.0 	107.0 	12.0 	0.0 	0.0 	0.0 	-0.0 	12.0 	0.0 	0.0 	0.0 	3.02711615797	-1.16483870968	159.097231221	-28.773249967	
2.26666666667	0.0	0.0	0.0 	0.0 	107.2 	12.0 	0.0 	0.0 	0.0 	-0.0 	12.0 	0.0 	0.0 	0.0 	3.09790492044	-1.16483870968	159.04979586	-28.7528606551	
2.28333333333	0.0	0.0	0.0 	0.0 	107.4 	12.0 	0.0 	0.0 	0.0 	-0.0 	12.0 	0.0 	0.0 	0.0 	3.16805483237	-1.16483870968	159.001286358	-28.7320096414	
2.3	0.0	0.0	0.0 	0.0 	107.6 	12.0 	0.0 	0.0 	0.0 	-0.0 	12.0 	0.0 	0.0 	0.0 	3.23757165921	-1.16483870968	158.95171241	-28.7107010926	
2.31666666667	0.0	0.0	0.0 	0.0 	107.8 	12.0 	0.0 	0.0 	0.0 	-0.0 	12.0 	0.0 	0.0 	0.0 	3.30646111439	-1.16483870968	158.901083621	-28.6889391378	
2.33333333333	0.0	0.0	0.0 	0.0 	108.0 	12.0 	0.0 	0.0 	0.0 	-0.0 	12.0 	0.0 	0.0 	0.0 	3.3747288598	-1.16483870968	158.849409511	-28.6667278689	
2.35	0.0	0.0	0.0 	0.0 	108.2 	12.0 	0.0 	0.0 	0.0 	-0.0 	12.0 	0.0 	0.0 	0.0 	3.44238050618	-1.16483870968	158.796699513	-28.6440713409	
2.36666666667	0.0	0.0	0.0 	0.0 	108.4 	12.0 	0.0 	0.0 	0.0 	-0.0 	12.0 	0.0 	0.0 	0.0 	3.5094216137	-1.16483870968	158.742962977	-28.620973572	
2.38333333333	0.0	0.0	0.0 	0.0 	108.6 	12.0 	0.0 	0.0 	0.0 	-0.0 	12.0 	0.0 	0.0 	0.0 	3.57585769229	-1.16483870968	158.688209166	-28.5974385445	
2.4	0.0	0.0	0.0 	0.0 	108.8 	12.0 	0.0 	0.0 	0.0 	-0.0 	12.0 	0.0 	0.0 	0.0 	3.6416942022	-1.16483870968	158.632447262	-28.5734702044	
2.41666666667	0.0	0.0	0.0 	0.0 	109.0 	12.0 	0.0 	0.0 	0.0 	-0.0 	12.0 	0.0 	0.0 	0.0 	3.70693655438	-1.16483870968	158.575686362	-28.5490724622	
2.43333333333	0.0	0.0	0.0 	0.0 	109.2 	12.0 	0.0 	0.0 	0.0 	-0.0 	12.0 	0.0 	0.0 	0.0 	3.77159011095	-1.16483870968	158.517935481	-28.5242491933	
2.45	0.0	0.0	0.0 	0.0 	109.4 	12.0 	0.0 	0.0 	0.0 	-0.0 	12.0 	0.0 	0.0 	0.0 	3.83566018564	-1.16483870968	158.459203555	-28.4990042378	
2.46666666667	0.0	0.0	0.0 	0.0 	109.6 	12.0 	0.0 	0.0 	0.0 	-0.0 	12.0 	0.0 	0.0 	0.0 	3.89915204423	-1.16483870968	158.399499436	-28.4733414014	
2.48333333333	0.0	0.0	0.0 	0.0 	109.8 	12.0 	0.0 	0.0 	0.0 	-0.0 	12.0 	0.0 	0.0 	0.0 	3.96207090496	-1.16483870968	158.338831899	-28.4472644555	
2.5	0.0	0.0	0.0 	0.0 	110.0 	12.0 	0.0 	0.0 	0.0 	-0.0 	12.0 	0.0 	0.0 	0.0 	4.02442193901	-1.16483870968	158.277209638	-28.4207771371	
2.51666666667	0.0	0.0	0.0 	0.0 	110.2 	12.0 	0.0 	0.0 	0.0 	-0.0 	12.0 	0.0 	0.0 	0.0 	4.08621027085	-1.16483870968	158.214641269	-28.3938831498	
2.53333333333	0.0	0.0	0.0 	0.0 	110.4 	12.0 	0.0 	0.0 	0.0 	-0.0 	12.0 	0.0 	0.0 	0.0 	4.14744097874	-1.16483870968	158.151135331	-28.3665861637	
2.55	0.0	0.0	0.0 	0.0 	110.6 	12.0 	0.0 	0.0 	0.0 	-0.0 	12.0 	0.0 	0.0 	0.0 	4.20811909509	-1.16483870968	158.086700285	-28.3388898157	
2.56666666667	0.0	0.0	0.0 	0.0 	110.8 	12.0 	0.0 	0.0 	0.0 	-0.0 	12.0 	0.0 	0.0 	0.0 	4.2682496069	-1.16483870968	158.021344516	-28.3107977101	
2.58333333333	0.0	0.0	0.0 	0.0 	111.0 	12.0 	0.0 	0.0 	0.0 	-0.0 	12.0 	0.0 	0.0 	0.0 	4.32783745615	-1.16483870968	157.955076333	-28.2823134183	
2.6	0.0	0.0	0.0 	0.0 	111.2 	12.0 	0.0 	0.0 	0.0 	-0.0 	12.0 	0.0 	0.0 	0.0 	4.38688754025	-1.16483870968	157.88790397	-28.2534404798	
2.61666666667	0.0	0.0	0.0 	0.0 	111.4 	12.0 	0.0 	0.0 	0.0 	-0.0 	12.0 	0.0 	0.0 	0.0 	4.44540471237	-1.16483870968	157.819835588	-28.2241824021	
2.63333333333	0.0	0.0	0.0 	0.0 	111.6 	12.0 	0.0 	0.0 	0.0 	-0.0 	12.0 	0.0 	0.0 	0.0 	4.50339378192	-1.16483870968	157.750879273	-28.1945426608	
2.65	0.0	0.0	0.0 	0.0 	111.8 	12.0 	0.0 	0.0 	0.0 	-0.0 	12.0 	0.0 	0.0 	0.0 	4.5608595149	-1.16483870968	157.681043038	-28.1645247005	
2.66666666667	0.0	0.0	0.0 	0.0 	112.0 	12.0 	0.0 	0.0 	0.0 	-0.0 	12.0 	0.0 	0.0 	0.0 	4.61780663427	-1.16483870968	157.610334825	-28.1341319344	
2.68333333333	0.0	0.0	0.0 	0.0 	112.2 	12.0 	0.0 	0.0 	0.0 	-0.0 	12.0 	0.0 	0.0 	0.0 	4.67423982039	-1.16483870968	157.538762502	-28.1033677451	
2.7	0.0	0.0	0.0 	0.0 	112.4 	12.0 	0.0 	0.0 	0.0 	-0.0 	12.0 	0.0 	0.0 	0.0 	4.73016371139	-1.16483870968	157.466333868	-28.0722354846	
2.71666666667	0.0	0.0	0.0 	0.0 	112.6 	12.0 	0.0 	0.0 	0.0 	-0.0 	12.0 	0.0 	0.0 	0.0 	4.78558290351	-1.16483870968	157.393056651	-28.0407384746	
2.73333333333	0.0	0.0	0.0 	0.0 	112.8 	12.0 	0.0 	0.0 	0.0 	-0.0 	12.0 	0.0 	0.0 	0.0 	4.84050195154	-1.16483870968	157.318938509	-28.0088800069	
2.75	0.0	0.0	0.0 	0.0 	113.0 	12.0 	0.0 	0.0 	0.0 	-0.0 	12.0 	0.0 	0.0 	0.0 	4.89492536916	-1.16483870968	157.243987032	-27.9766633435	
2.76666666667	0.0	0.0	0.0 	0.0 	113.2 	12.0 	0.0 	0.0 	0.0 	-0.0 	12.0 	0.0 	0.0 	0.0 	4.94885762929	-1.16483870968	157.16820974	-27.9440917172	
2.78333333333	0.0	0.0	0.0 	0.0 	113.4 	12.0 	0.0 	0.0 	0.0 	-0.0 	12.0 	0.0 	0.0 	0.0 	5.00230316451	-1.16483870968	157.091614086	-27.9111683312	
2.8	0.0	0.0	0.0 	0.0 	113.6 	12.0 	0.0 	0.0 	0.0 	-0.0 	12.0 	0.0 	0.0 	0.0 	5.0552663674	-1.16483870968	157.014207455	-27.8778963603	
2.81666666667	0.0	0.0	0.0 	0.0 	113.8 	12.0 	0.0 	0.0 	0.0 	-0.0 	12.0 	0.0 	0.0 	0.0 	5.10775159086	-1.16483870968	156.935997166	-27.8442789502	
2.83333333333	0.0	0.0	0.0 	0.0 	114.0 	12.0 	0.0 	0.0 	0.0 	-0.0 	12.0 	0.0 	0.0 	0.0 	5.15976314856	-1.16483870968	156.856990472	-27.8103192185	
2.85	0.0	0.0	0.0 	0.0 	114.2 	12.0 	0.0 	0.0 	0.0 	-0.0 	12.0 	0.0 	0.0 	0.0 	5.21130531519	-1.16483870968	156.777194561	-27.7760202545	
2.86666666667	0.0	0.0	0.0 	0.0 	114.4 	12.0 	0.0 	0.0 	0.0 	-0.0 	12.0 	0.0 	0.0 	0.0 	5.26238232691	-1.16483870968	156.696616554	-27.7413851197	
2.88333333333	0.0	0.0	0.0 	0.0 	114.6 	12.0 	0.0 	0.0 	0.0 	-0.0 	12.0 	0.0 	0.0 	0.0 	5.3129983816	-1.16483870968	156.615263511	-27.706416848	
2.9	0.0	0.0	0.0 	0.0 	114.8 	12.0 	0.0 	0.0 	0.0 	-0.0 	12.0 	0.0 	0.0 	0.0 	5.36315763929	-1.16483870968	156.533142425	-27.6711184459	
2.91666666667	0.0	0.0	0.0 	0.0 	115.0 	12.0 	0.0 	0.0 	0.0 	-0.0 	12.0 	0.0 	0.0 	0.0 	5.41286422246	-1.16483870968	156.450260228	-27.6354928927	
2.93333333333	0.0	0.0	0.0 	0.0 	115.2 	12.0 	0.0 	0.0 	0.0 	-0.0 	12.0 	0.0 	0.0 	0.0 	5.46212221637	-1.16483870968	156.366623788	-27.5995431408	
2.95	0.0	0.0	0.0 	0.0 	115.4 	12.0 	0.0 	0.0 	0.0 	-0.0 	12.0 	0.0 	0.0 	0.0 	5.51093566944	-1.16483870968	156.282239914	-27.563272116	
2.96666666667	0.0	0.0	0.0 	0.0 	115.6 	12.0 	0.0 	0.0 	0.0 	-0.0 	12.0 	0.0 	0.0 	0.0 	5.55930859353	-1.16483870968	156.197115349	-27.5266827178	
2.98333333333	0.0	0.0	0.0 	0.0 	115.8 	12.0 	0.0 	0.0 	0.0 	-0.0 	12.0 	0.0 	0.0 	0.0 	5.6072449643	-1.16483870968	156.111256779	-27.4897778195	
3.0	0.0	0.0	0.0 	0.0 	116.0 	12.0 	0.0 	0.0 	0.0 	-0.0 	12.0 	0.0 	0.0 	0.0 	5.65474872154	-1.16483870968	156.024670828	-27.4525602682	
3.01666666667	0.0	0.0	0.0 	0.0 	116.2 	12.0 	0.0 	0.0 	0.0 	-0.0 	12.0 	0.0 	0.0 	0.0 	5.70182376947	-1.16483870968	155.93736406	-27.4150328856	
3.03333333333	0.0	0.0	0.0 	0.0 	116.4 	12.0 	0.0 	0.0 	0.0 	-0.0 	12.0 	0.0 	0.0 	0.0 	5.74847397708	-1.16483870968	155.84934298	-27.377198468	
3.05	0.0	0.0	0.0 	0.0 	116.6 	12.0 	0.0 	0.0 	0.0 	-0.0 	12.0 	0.0 	0.0 	0.0 	5.79470317845	-1.16483870968	155.760614035	-27.3390597861	
3.06666666667	0.0	0.0	0.0 	0.0 	116.8 	12.0 	0.0 	0.0 	0.0 	-0.0 	12.0 	0.0 	0.0 	0.0 	5.84051517306	-1.16483870968	155.671183613	-27.3006195859	
3.08333333333	0.0	0.0	0.0 	0.0 	117.0 	12.0 	0.0 	0.0 	0.0 	-0.0 	12.0 	0.0 	0.0 	0.0 	5.88591372608	-1.16483870968	155.581058046	-27.2618805885	
3.1	0.0	0.0	0.0 	0.0 	117.2 	12.0 	0.0 	0.0 	0.0 	-0.0 	12.0 	0.0 	0.0 	0.0 	5.93090256873	-1.16483870968	155.490243605	-27.2228454906	
3.11666666667	0.0	0.0	0.0 	0.0 	117.4 	12.0 	0.0 	0.0 	0.0 	-0.0 	12.0 	0.0 	0.0 	0.0 	5.97548539853	-1.16483870968	155.398746509	-27.1835169642	
3.13333333333	0.0	0.0	0.0 	0.0 	117.6 	12.0 	0.0 	0.0 	0.0 	-0.0 	12.0 	0.0 	0.0 	0.0 	6.01966587965	-1.16483870968	155.306572918	-27.1438976576	
3.15	0.0	0.0	0.0 	0.0 	117.8 	12.0 	0.0 	0.0 	0.0 	-0.0 	12.0 	0.0 	0.0 	0.0 	6.06344764318	-1.16483870968	155.213728937	-27.1039901949	
3.16666666667	0.0	0.0	0.0 	0.0 	118.0 	12.0 	0.0 	0.0 	0.0 	-0.0 	12.0 	0.0 	0.0 	0.0 	6.10683428745	-1.16483870968	155.120220616	-27.0637971767	
3.18333333333	0.0	0.0	0.0 	0.0 	118.2 	12.0 	0.0 	0.0 	0.0 	-0.0 	12.0 	0.0 	0.0 	0.0 	6.1498293783	-1.16483870968	155.026053952	-27.0233211801	
3.2	0.0	0.0	0.0 	0.0 	118.4 	12.0 	0.0 	0.0 	0.0 	-0.0 	12.0 	0.0 	0.0 	0.0 	6.19243644942	-1.16483870968	154.931234884	-26.9825647588	
3.21666666667	0.0	0.0	0.0 	0.0 	118.6 	12.0 	0.0 	0.0 	0.0 	-0.0 	12.0 	0.0 	0.0 	0.0 	6.23465900257	-1.16483870968	154.835769302	-26.9415304437	
3.23333333333	0.0	0.0	0.0 	0.0 	118.8 	12.0 	0.0 	0.0 	0.0 	-0.0 	12.0 	0.0 	0.0 	0.0 	6.27650050793	-1.16483870968	154.739663039	-26.9002207426	
3.25	0.0	0.0	0.0 	0.0 	119.0 	12.0 	0.0 	0.0 	0.0 	-0.0 	12.0 	0.0 	0.0 	0.0 	6.31796440436	-1.16483870968	154.642921877	-26.8586381409	
3.26666666667	0.0	0.0	0.0 	0.0 	119.2 	12.0 	0.0 	0.0 	0.0 	-0.0 	12.0 	0.0 	0.0 	0.0 	6.35905409969	-1.16483870968	154.545551547	-26.8167851013	
3.28333333333	0.0	0.0	0.0 	0.0 	119.4 	12.0 	0.0 	0.0 	0.0 	-0.0 	12.0 	0.0 	0.0 	0.0 	6.39977297099	-1.16483870968	154.447557727	-26.7746640646	
3.3	0.0	0.0	0.0 	0.0 	119.6 	12.0 	0.0 	0.0 	0.0 	-0.0 	12.0 	0.0 	0.0 	0.0 	6.44012436485	-1.16483870968	154.348946043	-26.7322774493	
3.31666666667	0.0	0.0	0.0 	0.0 	119.8 	12.0 	0.0 	0.0 	0.0 	-0.0 	12.0 	0.0 	0.0 	0.0 	6.48011159766	-1.16483870968	154.249722071	-26.6896276522	
3.33333333333	0.0	0.0	0.0 	0.0 	120.0 	12.0 	0.0 	0.0 	0.0 	-0.0 	12.0 	0.0 	0.0 	0.0 	6.51973795587	-1.16483870968	154.149891338	-26.6467170484	
3.35	0.0	0.0	0.0 	0.0 	120.2 	12.0 	0.0 	0.0 	0.0 	-0.0 	12.0 	0.0 	0.0 	0.0 	6.5590066963	-1.16483870968	154.049459318	-26.6035479918	
3.36666666667	0.0	0.0	0.0 	0.0 	120.4 	12.0 	0.0 	0.0 	0.0 	-0.0 	12.0 	0.0 	0.0 	0.0 	6.59792104635	-1.16483870968	153.948431439	-26.5601228146	
3.38333333333	0.0	0.0	0.0 	0.0 	120.6 	12.0 	0.0 	0.0 	0.0 	-0.0 	12.0 	0.0 	0.0 	0.0 	6.6364842043	-1.16483870968	153.846813078	-26.5164438285	
3.4	0.0	0.0	0.0 	0.0 	120.8 	12.0 	0.0 	0.0 	0.0 	-0.0 	12.0 	0.0 	0.0 	0.0 	6.67469933957	-1.16483870968	153.744609563	-26.4725133239	
3.41666666667	0.0	0.0	0.0 	0.0 	121.0 	12.0 	0.0 	0.0 	0.0 	-0.0 	12.0 	0.0 	0.0 	0.0 	6.71256959299	-1.16483870968	153.641826177	-26.4283335707	
3.43333333333	0.0	0.0	0.0 	0.0 	121.2 	12.0 	0.0 	0.0 	0.0 	-0.0 	12.0 	0.0 	0.0 	0.0 	6.75009807701	-1.16483870968	153.538468151	-26.3839068183	
3.45	0.0	0.0	0.0 	0.0 	121.4 	12.0 	0.0 	0.0 	0.0 	-0.0 	12.0 	0.0 	0.0 	0.0 	6.78728787602	-1.16483870968	153.434540672	-26.3392352958	
3.46666666667	0.0	0.0	0.0 	0.0 	121.6 	12.0 	0.0 	0.0 	0.0 	-0.0 	12.0 	0.0 	0.0 	0.0 	6.82414204657	-1.16483870968	153.33004888	-26.2943212123	
3.48333333333	0.0	0.0	0.0 	0.0 	121.8 	12.0 	0.0 	0.0 	0.0 	-0.0 	12.0 	0.0 	0.0 	0.0 	6.86066361762	-1.16483870968	153.224997866	-26.2491667567	
3.5	0.0	0.0	0.0 	0.0 	122.0 	12.0 	0.0 	0.0 	0.0 	-0.0 	12.0 	0.0 	0.0 	0.0 	6.8968555908	-1.16483870968	153.119392678	-26.2037740984	
3.51666666667	0.0	0.0	0.0 	0.0 	122.2 	12.0 	0.0 	0.0 	0.0 	-0.0 	12.0 	0.0 	0.0 	0.0 	6.93272094063	-1.16483870968	153.013238317	-26.1581453871	
3.53333333333	0.0	0.0	0.0 	0.0 	122.4 	12.0 	0.0 	0.0 	0.0 	-0.0 	12.0 	0.0 	0.0 	0.0 	6.96826261482	-1.16483870968	152.906539739	-26.1122827531	
3.55	0.0	0.0	0.0 	0.0 	122.6 	12.0 	0.0 	0.0 	0.0 	-0.0 	12.0 	0.0 	0.0 	0.0 	7.00348353446	-1.16483870968	152.799301855	-26.0661883074	
3.56666666667	0.0	0.0	0.0 	0.0 	122.8 	12.0 	0.0 	0.0 	0.0 	-0.0 	12.0 	0.0 	0.0 	0.0 	7.03838659426	-1.16483870968	152.691529534	-26.0198641423	
3.58333333333	0.0	0.0	0.0 	0.0 	123.0 	12.0 	0.0 	0.0 	0.0 	-0.0 	12.0 	0.0 	0.0 	0.0 	7.07297466284	-1.16483870968	152.583227597	-25.9733123307	
3.6	0.0	0.0	0.0 	0.0 	123.2 	12.0 	0.0 	0.0 	0.0 	-0.0 	12.0 	0.0 	0.0 	0.0 	7.10725058292	-1.16483870968	152.474400824	-25.9265349271	
3.61666666667	0.0	0.0	0.0 	0.0 	123.4 	12.0 	0.0 	0.0 	0.0 	-0.0 	12.0 	0.0 	0.0 	0.0 	7.14121717154	-1.16483870968	152.365053953	-25.8795339675	
3.63333333333	0.0	0.0	0.0 	0.0 	123.6 	12.0 	0.0 	0.0 	0.0 	-0.0 	12.0 	0.0 	0.0 	0.0 	7.17487722036	-1.16483870968	152.255191676	-25.8323114694	
3.65	0.0	0.0	0.0 	0.0 	123.8 	12.0 	0.0 	0.0 	0.0 	-0.0 	12.0 	0.0 	0.0 	0.0 	7.20823349581	-1.16483870968	152.144818645	-25.7848694321	
3.66666666667	0.0	0.0	0.0 	0.0 	124.0 	12.0 	0.0 	0.0 	0.0 	-0.0 	12.0 	0.0 	0.0 	0.0 	7.24128873937	-1.16483870968	152.03393947	-25.7372098369	
3.68333333333	0.0	0.0	0.0 	0.0 	124.2 	12.0 	0.0 	0.0 	0.0 	-0.0 	12.0 	0.0 	0.0 	0.0 	7.27404566778	-1.16483870968	151.922558718	-25.6893346473	
3.7	0.0	0.0	0.0 	0.0 	124.4 	12.0 	0.0 	0.0 	0.0 	-0.0 	12.0 	0.0 	0.0 	0.0 	7.30650697325	-1.16483870968	151.810680916	-25.6412458088	
3.71666666667	0.0	0.0	0.0 	0.0 	124.6 	12.0 	0.0 	0.0 	0.0 	-0.0 	12.0 	0.0 	0.0 	0.0 	7.33867532371	-1.16483870968	151.69831055	-25.5929452497	
3.73333333333	0.0	0.0	0.0 	0.0 	124.8 	12.0 	0.0 	0.0 	0.0 	-0.0 	12.0 	0.0 	0.0 	0.0 	7.370553363	-1.16483870968	151.585452065	-25.5444348806	
3.75	0.0	0.0	0.0 	0.0 	125.0 	12.0 	0.0 	0.0 	0.0 	-0.0 	12.0 	0.0 	0.0 	0.0 	7.40214371111	-1.16483870968	151.472109866	-25.495716595	
3.76666666667	0.0	0.0	0.0 	0.0 	125.2 	12.0 	0.0 	0.0 	0.0 	-0.0 	12.0 	0.0 	0.0 	0.0 	7.43344896437	-1.16483870968	151.358288318	-25.4467922694	
3.78333333333	0.0	0.0	0.0 	0.0 	125.4 	12.0 	0.0 	0.0 	0.0 	-0.0 	12.0 	0.0 	0.0 	0.0 	7.46447169569	-1.16483870968	151.243991748	-25.3976637631	
3.8	0.0	0.0	0.0 	0.0 	125.6 	12.0 	0.0 	0.0 	0.0 	-0.0 	12.0 	0.0 	0.0 	0.0 	7.40246762	-1.17314526883	151.130243806	-25.3498865405	
3.81666666667	0.0	0.0	0.0 	0.0 	125.8 	12.0 	0.0 	0.0 	0.0 	-0.0 	12.0 	0.0 	0.0 	0.0 	7.34046354431	-1.18152140485	151.017055756	-25.3034559451	
3.83333333333	0.0	0.0	0.0 	0.0 	126.0 	12.0 	0.0 	0.0 	0.0 	-0.0 	12.0 	0.0 	0.0 	0.0 	7.27845946862	-1.18996829316	150.904438921	-25.2583671858	
3.85	0.0	0.0	0.0 	0.0 	126.2 	12.0 	0.0 	0.0 	0.0 	-0.0 	12.0 	0.0 	0.0 	0.0 	7.21645539293	-1.19848713921	150.792404675	-25.214615334	
3.86666666667	0.0	0.0	0.0 	0.0 	126.4 	12.0 	0.0 	0.0 	0.0 	-0.0 	12.0 	0.0 	0.0 	0.0 	7.15445131724	-1.20707917953	150.680964448	-25.1721953213	
3.88333333333	0.0	0.0	0.0 	0.0 	126.6 	12.0 	0.0 	0.0 	0.0 	-0.0 	12.0 	0.0 	0.0 	0.0 	7.09244724155	-1.21574568279	150.570129725	-25.131101936	
3.9	0.0	0.0	0.0 	0.0 	126.8 	12.0 	0.0 	0.0 	0.0 	-0.0 	12.0 	0.0 	0.0 	0.0 	7.03044316585	-1.22448795095	150.459912043	-25.0913298206	
3.91666666667	0.0	0.0	0.0 	0.0 	127.0 	12.0 	0.0 	0.0 	0.0 	-0.0 	12.0 	0.0 	0.0 	0.0 	6.96843909016	-1.23330732041	150.350322993	-25.0528734683	
3.93333333333	0.0	0.0	0.0 	0.0 	127.2 	12.0 	0.0 	0.0 	0.0 	-0.0 	12.0 	0.0 	0.0 	0.0 	6.90643501447	-1.24220516322	150.241374219	-25.0157272204	
3.95	0.0	0.0	0.0 	0.0 	127.4 	12.0 	0.0 	0.0 	0.0 	-0.0 	12.0 	0.0 	0.0 	0.0 	6.84443093878	-1.25118288842	150.133077418	-24.9798852628	
3.96666666667	0.0	0.0	0.0 	0.0 	127.6 	12.0 	0.0 	0.0 	0.0 	-0.0 	12.0 	0.0 	0.0 	0.0 	6.78242686309	-1.26024194333	150.025444339	-24.9453416227	
3.98333333333	0.0	0.0	0.0 	0.0 	127.8 	12.0 	0.0 	0.0 	0.0 	-0.0 	12.0 	0.0 	0.0 	0.0 	6.7204227874	-1.26938381496	149.918486782	-24.9120901652	
4.0	0.0	0.0	0.0 	0.0 	128.0 	12.0 	0.0 	0.0 	0.0 	-0.0 	12.0 	0.0 	0.0 	0.0 	6.65841871171	-1.27861003147	149.812216598	-24.8801245902	
4.01666666667	0.0	0.0	0.0 	0.0 	128.2 	12.0 	0.0 	0.0 	0.0 	-0.0 	12.0 	0.0 	0.0 	0.0 	6.59641463601	-1.28792216373	149.70664569	-24.8494384285	
4.03333333333	0.0	0.0	0.0 	0.0 	128.4 	12.0 	0.0 	0.0 	0.0 	-0.0 	12.0 	0.0 	0.0 	0.0 	6.53441056032	-1.2973218269	149.601786008	-24.8200250381	
4.05	0.0	0.0	0.0 	0.0 	128.6 	12.0 	0.0 	0.0 	0.0 	-0.0 	12.0 	0.0 	0.0 	0.0 	6.47240648463	-1.30681068211	149.497649553	-24.7918776009	
4.06666666667	0.0	0.0	0.0 	0.0 	128.8 	12.0 	0.0 	0.0 	0.0 	-0.0 	12.0 	0.0 	0.0 	0.0 	6.41040240894	-1.31639043824	149.394248375	-24.7649891184	
4.08333333333	0.0	0.0	0.0 	0.0 	129.0 	12.0 	0.0 	0.0 	0.0 	-0.0 	12.0 	0.0 	0.0 	0.0 	6.34839833325	-1.32606285375	149.291594569	-24.739352408	
4.1	0.0	0.0	0.0 	0.0 	129.2 	12.0 	0.0 	0.0 	0.0 	-0.0 	12.0 	0.0 	0.0 	0.0 	6.28639425756	-1.33582973863	149.189700278	-24.714960099	
4.11666666667	0.0	0.0	0.0 	0.0 	129.4 	12.0 	0.0 	0.0 	0.0 	-0.0 	12.0 	0.0 	0.0 	0.0 	6.22439018187	-1.34569295642	149.08857769	-24.6918046283	
4.13333333333	0.0	0.0	0.0 	0.0 	129.6 	12.0 	0.0 	0.0 	0.0 	-0.0 	12.0 	0.0 	0.0 	0.0 	6.16238610617	-1.35565442636	148.988239037	-24.6698782362	
4.15	0.0	0.0	0.0 	0.0 	129.8 	12.0 	0.0 	0.0 	0.0 	-0.0 	12.0 	0.0 	0.0 	0.0 	6.10038203048	-1.36571612562	148.888696597	-24.649172962	
4.16666666667	0.0	0.0	0.0 	0.0 	130.0 	12.0 	0.0 	0.0 	0.0 	-0.0 	12.0 	0.0 	0.0 	0.0 	6.03837795479	-1.37588009164	148.789962687	-24.6296806394	
4.18333333333	0.0	0.0	0.0 	0.0 	130.2 	12.0 	0.0 	0.0 	0.0 	-0.0 	12.0 	0.0 	0.0 	0.0 	5.9763738791	-1.38614842465	148.692049666	-24.6113928923	
4.2	0.0	0.0	0.0 	0.0 	130.4 	12.0 	0.0 	0.0 	0.0 	-0.0 	12.0 	0.0 	0.0 	0.0 	5.91436980341	-1.39652329024	148.594969934	-24.5943011293	
4.21666666667	0.0	0.0	0.0 	0.0 	130.6 	12.0 	0.0 	0.0 	0.0 	-0.0 	12.0 	0.0 	0.0 	0.0 	5.85236572772	-1.4070069221	148.498735926	-24.5783965395	
4.23333333333	0.0	0.0	0.0 	0.0 	130.8 	12.0 	0.0 	0.0 	0.0 	-0.0 	12.0 	0.0 	0.0 	0.0 	5.79036165203	-1.41760162492	148.403360117	-24.5636700871	
4.25	0.0	0.0	0.0 	0.0 	131.0 	12.0 	0.0 	0.0 	0.0 	-0.0 	12.0 	0.0 	0.0 	0.0 	5.72835757633	-1.42830977743	148.308855015	-24.5501125062	
4.26666666667	0.0	0.0	0.0 	0.0 	131.2 	12.0 	0.0 	0.0 	0.0 	-0.0 	12.0 	0.0 	0.0 	0.0 	5.66635350064	-1.43913383562	148.21523316	-24.5377142957	
4.28333333333	0.0	0.0	0.0 	0.0 	131.4 	12.0 	0.0 	0.0 	0.0 	-0.0 	12.0 	0.0 	0.0 	0.0 	5.60434942495	-1.45007633606	148.122507127	-24.5264657135	
4.3	0.0	0.0	0.0 	0.0 	131.6 	12.0 	0.0 	0.0 	0.0 	-0.0 	12.0 	0.0 	0.0 	0.0 	5.54234534926	-1.46113989955	148.030689516	-24.5163567714	
4.31666666667	0.0	0.0	0.0 	0.0 	131.8 	12.0 	0.0 	0.0 	0.0 	-0.0 	12.0 	0.0 	0.0 	0.0 	5.48034127357	-1.47232723484	147.939792956	-24.5073772285	
4.33333333333	0.0	0.0	0.0 	0.0 	132.0 	12.0 	0.0 	0.0 	0.0 	-0.0 	12.0 	0.0 	0.0 	0.0 	5.41833719788	-1.4836411426	147.849830101	-24.499516586	
4.35	0.0	0.0	0.0 	0.0 	132.2 	12.0 	0.0 	0.0 	0.0 	-0.0 	12.0 	0.0 	0.0 	0.0 	5.35633312219	-1.49508451968	147.760813626	-24.4927640805	
4.36666666667	0.0	0.0	0.0 	0.0 	132.4 	12.0 	0.0 	0.0 	0.0 	-0.0 	12.0 	0.0 	0.0 	0.0 	5.29432904649	-1.5066603635	147.672756228	-24.487108678	
4.38333333333	0.0	0.0	0.0 	0.0 	132.6 	12.0 	0.0 	0.0 	0.0 	-0.0 	12.0 	0.0 	0.0 	0.0 	5.2323249708	-1.51837177682	147.58567062	-24.4825390671	
4.4	0.0	0.0	0.0 	0.0 	132.8 	12.0 	0.0 	0.0 	0.0 	-0.0 	12.0 	0.0 	0.0 	0.0 	5.17032089511	-1.53022197268	147.499569526	-24.4790436525	
4.41666666667	0.0	0.0	0.0 	0.0 	133.0 	12.0 	0.0 	0.0 	0.0 	-0.0 	12.0 	0.0 	0.0 	0.0 	5.10831681942	-1.54221427972	147.414465687	-24.476610548	
4.43333333333	0.0	0.0	0.0 	0.0 	133.2 	12.0 	0.0 	0.0 	0.0 	-0.0 	12.0 	0.0 	0.0 	0.0 	5.04631274373	-1.55435214781	147.330371846	-24.4752275692	
4.45	0.0	0.0	0.0 	0.0 	133.4 	12.0 	0.0 	0.0 	0.0 	-0.0 	12.0 	0.0 	0.0 	0.0 	4.98430866804	-1.56663915395	147.247300752	-24.4748822263	
4.46666666667	0.0	0.0	0.0 	0.0 	133.6 	12.0 	0.0 	0.0 	0.0 	-0.0 	12.0 	0.0 	0.0 	0.0 	4.92230459235	-1.57907900867	147.165265156	-24.4755617165	
4.48333333333	0.0	0.0	0.0 	0.0 	133.8 	12.0 	0.0 	0.0 	0.0 	-0.0 	12.0 	0.0 	0.0 	0.0 	4.86030051666	-1.59167556268	147.084277804	-24.4772529163	
4.5	0.0	0.0	0.0 	0.0 	134.0 	12.0 	0.0 	0.0 	0.0 	-0.0 	12.0 	0.0 	0.0 	0.0 	4.79829644096	-1.60443281411	147.004351433	-24.4799423731	
4.51666666667	0.0	0.0	0.0 	0.0 	134.2 	12.0 	0.0 	0.0 	0.0 	-0.0 	12.0 	0.0 	0.0 	0.0 	4.73629236527	-1.61735491604	146.925498769	-24.4836162969	
4.53333333333	0.0	0.0	0.0 	0.0 	134.4 	12.0 	0.0 	0.0 	0.0 	-0.0 	12.0 	0.0 	0.0 	0.0 	4.67428828958	-1.63044618467	146.847732519	-24.4882605522	
4.55	0.0	0.0	0.0 	0.0 	134.6 	12.0 	0.0 	0.0 	0.0 	-0.0 	12.0 	0.0 	0.0 	0.0 	4.61228421389	-1.64371110798	146.771065371	-24.4938606485	
4.56666666667	0.0	0.0	0.0 	0.0 	134.8 	12.0 	0.0 	0.0 	0.0 	-0.0 	12.0 	0.0 	0.0 	0.0 	4.5502801382	-1.65715435493	146.695509982	-24.5004017315	
4.58333333333	0.0	0.0	0.0 	0.0 	135.0 	12.0 	0.0 	0.0 	0.0 	-0.0 	12.0 	0.0 	0.0 	0.0 	4.48827606251	-1.67078078535	146.621078976	-24.5078685736	
4.6	0.0	0.0	0.0 	0.0 	135.2 	12.0 	0.0 	0.0 	0.0 	-0.0 	12.0 	0.0 	0.0 	0.0 	4.42627198682	-1.68459546048	146.547784939	-24.5162455642	
4.61666666667	0.0	0.0	0.0 	0.0 	135.4 	12.0 	0.0 	0.0 	0.0 	-0.0 	12.0 	0.0 	0.0 	0.0 	4.36426791112	-1.69860365426	146.475640408	-24.5255166995	
4.63333333333	0.0	0.0	0.0 	0.0 	135.6 	12.0 	0.0 	0.0 	0.0 	-0.0 	12.0 	0.0 	0.0 	0.0 	4.30226383543	-1.7128108654	146.404657868	-24.5356655719	
4.65	0.0	0.0	0.0 	0.0 	135.8 	12.0 	0.0 	0.0 	0.0 	-0.0 	12.0 	0.0 	0.0 	0.0 	4.24025975974	-1.72722283037	146.334849743	-24.54667536	
4.66666666667	0.0	0.0	0.0 	0.0 	136.0 	12.0 	0.0 	0.0 	0.0 	-0.0 	12.0 	0.0 	0.0 	0.0 	4.17825568405	-1.74184553728	146.26622839	-24.5585288166	
4.68333333333	0.0	0.0	0.0 	0.0 	136.2 	12.0 	0.0 	0.0 	0.0 	-0.0 	12.0 	0.0 	0.0 	0.0 	4.11625160836	-1.75668524083	146.198806085	-24.5712082579	
4.7	0.0	0.0	0.0 	0.0 	136.4 	12.0 	0.0 	0.0 	0.0 	-0.0 	12.0 	0.0 	0.0 	0.0 	4.05424753267	-1.77174847835	146.132595022	-24.584695551	
4.71666666667	0.0	0.0	0.0 	0.0 	136.6 	12.0 	0.0 	0.0 	0.0 	-0.0 	12.0 	0.0 	0.0 	0.0 	3.99224345698	-1.78704208714	146.067607296	-24.5989721024	
4.73333333333	0.0	0.0	0.0 	0.0 	136.8 	12.0 	0.0 	0.0 	0.0 	-0.0 	12.0 	0.0 	0.0 	0.0 	3.93023938128	-1.80257322304	146.003854899	-24.6140188449	
4.75	0.0	0.0	0.0 	0.0 	137.0 	12.0 	0.0 	0.0 	0.0 	-0.0 	12.0 	0.0 	0.0 	0.0 	3.86823530559	-1.81834938059	145.941349702	-24.6298162243	
4.76666666667	0.0	0.0	0.0 	0.0 	137.2 	12.0 	0.0 	0.0 	0.0 	-0.0 	12.0 	0.0 	0.0 	0.0 	3.8062312299	-1.83437841471	145.880103452	-24.6463441864	
4.78333333333	0.0	0.0	0.0 	0.0 	137.4 	12.0 	0.0 	0.0 	0.0 	-0.0 	12.0 	0.0 	0.0 	0.0 	3.74422715421	-1.85066856419	145.820127751	-24.6635821626	
4.8	0.0	0.0	0.0 	0.0 	137.6 	12.0 	0.0 	0.0 	0.0 	-0.0 	12.0 	0.0 	0.0 	0.0 	3.68222307852	-1.86722847713	145.76143405	-24.6815090556	
4.81666666667	0.0	0.0	0.0 	0.0 	137.8 	12.0 	0.0 	0.0 	0.0 	-0.0 	12.0 	0.0 	0.0 	0.0 	3.62021900283	-1.88406723849	145.704033628	-24.7001032243	
4.83333333333	0.0	0.0	0.0 	0.0 	138.0 	12.0 	0.0 	0.0 	0.0 	-0.0 	12.0 	0.0 	0.0 	0.0 	3.55821492714	-1.90119440003	145.647937582	-24.7193424685	
4.85	0.0	0.0	0.0 	0.0 	138.2 	12.0 	0.0 	0.0 	0.0 	-0.0 	12.0 	0.0 	0.0 	0.0 	3.49621085144	-1.91862001287	145.593156809	-24.7392040128	
4.86666666667	0.0	0.0	0.0 	0.0 	138.4 	12.0 	0.0 	0.0 	0.0 	-0.0 	12.0 	0.0 	0.0 	0.0 	3.43420677575	-1.93635466284	145.539701989	-24.7596644898	
4.88333333333	0.0	0.0	0.0 	0.0 	138.6 	12.0 	0.0 	0.0 	0.0 	-0.0 	12.0 	0.0 	0.0 	0.0 	3.37220270006	-1.9544095092	145.487583564	-24.7806999236	
4.9	0.0	0.0	0.0 	0.0 	138.8 	12.0 	0.0 	0.0 	0.0 	-0.0 	12.0 	0.0 	0.0 	0.0 	3.31019862437	-1.97279632672	145.43681172	-24.8022857114	
4.91666666667	0.0	0.0	0.0 	0.0 	139.0 	12.0 	0.0 	0.0 	0.0 	-0.0 	12.0 	0.0 	0.0 	0.0 	3.24819454868	-1.99152755186	145.387396366	-24.8243966057	
4.93333333333	0.0	0.0	0.0 	0.0 	139.2 	12.0 	0.0 	0.0 	0.0 	-0.0 	12.0 	0.0 	0.0 	0.0 	3.18619047299	-2.01061633326	145.33934711	-24.8470066953	
4.95	0.0	0.0	0.0 	0.0 	139.4 	12.0 	0.0 	0.0 	0.0 	-0.0 	12.0 	0.0 	0.0 	0.0 	3.1241863973	-2.0300765872	145.292673234	-24.8700893855	
4.96666666667	0.0	0.0	0.0 	0.0 	139.6 	12.0 	0.0 	0.0 	0.0 	-0.0 	12.0 	0.0 	0.0 	0.0 	3.0621823216	-2.0499230585	145.247383668	-24.8936173783	
4.98333333333	0.0	0.0	0.0 	0.0 	139.8 	12.0 	0.0 	0.0 	0.0 	-0.0 	12.0 	0.0 	0.0 	0.0 	3.00017824591	-2.07017138769	145.20348696	-24.9175626514	
5.0	0.0	0.0	0.0 	0.0 	140.0 	12.0 	0.0 	0.0 	0.0 	-0.0 	12.0 	0.0 	0.0 	0.0 	2.93817417022	-2.090838185	145.160991247	-24.9418964367	
5.01666666667	0.0	0.0	0.0 	0.0 	140.2 	12.0 	0.0 	0.0 	0.0 	-0.0 	12.0 	0.0 	0.0 	0.0 	2.87617009453	-2.11194111223	145.11990422	-24.9665891981	
5.03333333333	0.0	0.0	0.0 	0.0 	140.4 	12.0 	0.0 	0.0 	0.0 	-0.0 	12.0 	0.0 	0.0 	0.0 	2.81416601884	-2.13349897343	145.08023309	-24.9916106088	
5.05	0.0	0.0	0.0 	0.0 	140.6 	12.0 	0.0 	0.0 	0.0 	-0.0 	12.0 	0.0 	0.0 	0.0 	2.75216194315	-2.15553181558	145.041984547	-25.016929528	
5.06666666667	0.0	0.0	0.0 	0.0 	140.8 	12.0 	0.0 	0.0 	0.0 	-0.0 	12.0 	0.0 	0.0 	0.0 	2.69015786746	-2.1780610406	145.005164719	-25.0425139761	
5.08333333333	0.0	0.0	0.0 	0.0 	141.0 	12.0 	0.0 	0.0 	0.0 	-0.0 	12.0 	0.0 	0.0 	0.0 	2.62815379176	-2.20110953022	144.969779127	-25.0683311108	
5.1	0.0	0.0	0.0 	0.0 	141.2 	12.0 	0.0 	0.0 	0.0 	-0.0 	12.0 	0.0 	0.0 	0.0 	2.56614971607	-2.2247017857	144.935832636	-25.0943472008	
5.11666666667	0.0	0.0	0.0 	0.0 	141.4 	12.0 	0.0 	0.0 	0.0 	-0.0 	12.0 	0.0 	0.0 	0.0 	2.50414564038	-2.2488640843	144.9033294	-25.1205276008	
5.13333333333	0.0	0.0	0.0 	0.0 	141.6 	12.0 	0.0 	0.0 	0.0 	-0.0 	12.0 	0.0 	0.0 	0.0 	2.44214156469	-2.27362465521	144.872272804	-25.146836724	
5.15	0.0	0.0	0.0 	0.0 	141.8 	12.0 	0.0 	0.0 	0.0 	-0.0 	12.0 	0.0 	0.0 	0.0 	2.380137489	-2.29901387776	144.842665406	-25.1732380159	
5.16666666667	0.0	0.0	0.0 	0.0 	142.0 	12.0 	0.0 	0.0 	0.0 	-0.0 	12.0 	0.0 	0.0 	0.0 	2.31813341331	-2.3250645055	144.814508861	-25.1996939268	
5.18333333333	0.0	0.0	0.0 	0.0 	142.2 	12.0 	0.0 	0.0 	0.0 	-0.0 	12.0 	0.0 	0.0 	0.0 	2.25612933762	-2.35181192018	144.787803851	-25.226165884	
5.2	0.0	0.0	0.0 	0.0 	142.4 	12.0 	0.0 	0.0 	0.0 	-0.0 	12.0 	0.0 	0.0 	0.0 	2.19412526192	-2.3792944207	144.76255	-25.2526142647	
5.21666666667	0.0	0.0	0.0 	0.0 	142.6 	12.0 	0.0 	0.0 	0.0 	-0.0 	12.0 	0.0 	0.0 	0.0 	2.13212118623	-2.40755355283	144.73874579	-25.2789983681	
5.23333333333	0.0	0.0	0.0 	0.0 	142.8 	12.0 	0.0 	0.0 	0.0 	-0.0 	12.0 	0.0 	0.0 	0.0 	2.07011711054	-2.43663448692	144.716388458	-25.3052763885	
5.25	0.0	0.0	0.0 	0.0 	143.0 	12.0 	0.0 	0.0 	0.0 	-0.0 	12.0 	0.0 	0.0 	0.0 	2.00811303485	-2.46658645214	144.695473888	-25.3314053889	
5.26666666667	0.0	0.0	0.0 	0.0 	143.2 	12.0 	0.0 	0.0 	0.0 	-0.0 	12.0 	0.0 	0.0 	0.0 	1.94610895916	-2.49746323776	144.675996499	-25.3573412757	
5.28333333333	0.0	0.0	0.0 	0.0 	143.4 	12.0 	0.0 	0.0 	0.0 	-0.0 	12.0 	0.0 	0.0 	0.0 	1.88410488347	-2.52932377435	144.657949109	-25.3830387751	
5.3	0.0	0.0	0.0 	0.0 	143.6 	12.0 	0.0 	0.0 	0.0 	-0.0 	12.0 	0.0 	0.0 	0.0 	1.82210080778	-2.56223281048	144.641322792	-25.4084514116	
5.31666666667	0.0	0.0	0.0 	0.0 	143.8 	12.0 	0.0 	0.0 	0.0 	-0.0 	12.0 	0.0 	0.0 	0.0 	1.76009673208	-2.58871255074	144.625917827	-25.4334159077	
5.33333333333	0.0	0.0	0.0 	0.0 	144.0 	12.0 	0.0 	0.0 	0.0 	-0.0 	12.0 	0.0 	0.0 	0.0 	1.69809265639	-2.60936321046	144.611556048	-25.4578027221	
5.35	0.0	0.0	0.0 	0.0 	144.2 	12.0 	0.0 	0.0 	0.0 	-0.0 	12.0 	0.0 	0.0 	0.0 	1.6360885807	-2.62516537784	144.59809168	-25.4815147953	
5.36666666667	0.0	0.0	0.0 	0.0 	144.4 	12.0 	0.0 	0.0 	0.0 	-0.0 	12.0 	0.0 	0.0 	0.0 	1.57408450501	-2.63693534789	144.585406986	-25.5044791199	
5.38333333333	0.0	0.0	0.0 	0.0 	144.6 	12.0 	0.0 	0.0 	0.0 	-0.0 	12.0 	0.0 	0.0 	0.0 	1.51208042932	-2.59754478437	144.572362679	-25.5260419036	
5.4	0.0	0.0	0.0 	0.0 	144.8 	12.0 	0.0 	0.0 	0.0 	-0.0 	12.0 	0.0 	0.0 	0.0 	1.45007635363	-2.55653897906	144.559016077	-25.5461902903	
5.41666666667	0.0	0.0	0.0 	0.0 	145.0 	12.0 	0.0 	0.0 	0.0 	-0.0 	12.0 	0.0 	0.0 	0.0 	1.38807227794	-2.51377979915	144.545427403	-25.5649133985	
5.43333333333	0.0	0.0	0.0 	0.0 	145.2 	12.0 	0.0 	0.0 	0.0 	-0.0 	12.0 	0.0 	0.0 	0.0 	1.32606820224	-2.46911060095	144.531659951	-25.5822026301	
5.45	0.0	0.0	0.0 	0.0 	145.4 	12.0 	0.0 	0.0 	0.0 	-0.0 	12.0 	0.0 	0.0 	0.0 	1.26406412655	-2.42235276785	144.517780253	-25.598052029	
5.46666666667	0.0	0.0	0.0 	0.0 	145.6 	12.0 	0.0 	0.0 	0.0 	-0.0 	12.0 	0.0 	0.0 	0.0 	1.20206005086	-2.37330139902	144.503858244	-25.6124587015	
5.48333333333	0.0	0.0	0.0 	0.0 	145.8 	12.0 	0.0 	0.0 	0.0 	-0.0 	12.0 	0.0 	0.0 	0.0 	1.14005597517	-2.32171988639	144.48996744	-25.6254233083	
5.5	0.0	0.0	0.0 	0.0 	146.0 	12.0 	0.0 	0.0 	0.0 	-0.0 	12.0 	0.0 	0.0 	0.0 	1.07805189948	-2.26733301676	144.476185109	-25.6369506468	
5.51666666667	0.0	0.0	0.0 	0.0 	146.2 	12.0 	0.0 	0.0 	0.0 	-0.0 	12.0 	0.0 	0.0 	0.0 	1.01604782379	-2.20981809033	144.462592428	-25.6470503402	
5.53333333333	0.0	0.0	0.0 	0.0 	146.4 	12.0 	0.0 	0.0 	0.0 	-0.0 	12.0 	0.0 	0.0 	0.0 	0.954043748096	-2.14879332925	144.449274635	-25.6557376623	
5.55	0.0	0.0	0.0 	0.0 	146.6 	12.0 	0.0 	0.0 	0.0 	-0.0 	12.0 	0.0 	0.0 	0.0 	0.892039672405	-2.08380251954	144.436321133	-25.6630345272	
5.56666666667	0.0	0.0	0.0 	0.0 	146.8 	12.0 	0.0 	0.0 	0.0 	-0.0 	12.0 	0.0 	0.0 	0.0 	0.830035596713	-2.01429431535	144.423825553	-25.6689706881	
5.58333333333	0.0	0.0	0.0 	0.0 	147.0 	12.0 	0.0 	0.0 	0.0 	-0.0 	12.0 	0.0 	0.0 	0.0 	0.768031521022	-1.93959381342	144.411885716	-25.6735852011	
5.6	0.0	0.0	0.0 	0.0 	147.2 	12.0 	0.0 	0.0 	0.0 	-0.0 	12.0 	0.0 	0.0 	0.0 	0.70602744533	-1.85886265332	144.400603456	-25.6769282265	
5.61666666667	0.0	0.0	0.0 	0.0 	147.4 	12.0 	0.0 	0.0 	0.0 	-0.0 	12.0 	0.0 	0.0 	0.0 	0.644023369639	-1.77104159749	144.390084216	-25.6790632681	
5.63333333333	0.0	0.0	0.0 	0.0 	147.6 	12.0 	0.0 	0.0 	0.0 	-0.0 	12.0 	0.0 	0.0 	0.0 	0.582019293948	-1.67476547054	144.380436276	-25.6800699863	
5.65	0.0	0.0	0.0 	0.0 	147.8 	12.0 	0.0 	0.0 	0.0 	-0.0 	12.0 	0.0 	0.0 	0.0 	0.520015218256	-1.56823278969	144.371769384	-25.6800477683	
5.66666666667	0.0	0.0	0.0 	0.0 	148.0 	12.0 	0.0 	0.0 	0.0 	-0.0 	12.0 	0.0 	0.0 	0.0 	0.458011142565	-1.44899767211	144.364192416	-25.6791203131	
5.68333333333	0.0	0.0	0.0 	0.0 	148.2 	12.0 	0.0 	0.0 	0.0 	-0.0 	12.0 	0.0 	0.0 	0.0 	0.396007066873	-1.31362088773	144.357809361	-25.6774415738	
5.7	0.0	0.0	0.0 	0.0 	148.4 	12.0 	0.0 	0.0 	0.0 	-0.0 	12.0 	0.0 	0.0 	0.0 	0.334002991182	-1.15704773316	144.352712363	-25.6752035064	
5.71666666667	0.0	0.0	0.0 	0.0 	148.6 	12.0 	0.0 	0.0 	0.0 	-0.0 	12.0 	0.0 	0.0 	0.0 	0.271998915491	-0.971408450498	144.348969291	-25.6726460948	
5.73333333333	0.0	0.0	0.0 	0.0 	148.8 	12.0 	0.0 	0.0 	0.0 	-0.0 	12.0 	0.0 	0.0 	0.0 	0.209994839799	-0.743451380965	144.346600435	-25.6700696788	
5.75	0.0	0.0	0.0 	0.0 	149.0 	12.0 	0.0 	0.0 	0.0 	-0.0 	12.0 	0.0 	0.0 	0.0 	0.147990764108	-0.514088525234	144.345387548	-25.6679219843	
5.76666666667	0.0	0.0	0.0 	0.0 	149.2 	12.0 	0.0 	0.0 	0.0 	-0.0 	12.0 	0.0 	0.0 	0.0 	0.0859866884164	-0.321687188236	144.344934445	-25.6665623867	
5.78333333333	0.0	0.0	0.0 	0.0 	149.4 	12.0 	0.0 	0.0 	0.0 	-0.0 	12.0 	0.0 	0.0 	0.0 	0.0239826127249	-0.16009625074	144.344870726	-25.666167788	
5.8	0.0	0.0	0.0 	0.0 	149.6 	12.0 	0.0 	0.0 	0.0 	-0.0 	12.0 	0.0 	0.0 	0.0 	0.121873890456	-0.0241878921125	144.344821599	-25.6641371506	
5.81666666667	0.0	0.0	0.0 	0.0 	149.8 	12.0 	0.0 	0.0 	0.0 	-0.0 	12.0 	0.0 	0.0 	0.0 	0.218881724341	0.0890690734104	144.345146096	-25.6605035828	
5.83333333333	0.0	0.0	0.0 	0.0 	150.0 	12.0 	0.0 	0.0 	0.0 	-0.0 	12.0 	0.0 	0.0 	0.0 	0.315014087236	0.183449878013	144.346103858	-25.6553414458	
5.85	0.0	0.0	0.0 	0.0 	150.2 	12.0 	0.0 	0.0 	0.0 	-0.0 	12.0 	0.0 	0.0 	0.0 	0.410278880044	0.262100548515	144.347875647	-25.6487369964	
5.86666666667	0.0	0.0	0.0 	0.0 	150.4 	12.0 	0.0 	0.0 	0.0 	-0.0 	12.0 	0.0 	0.0 	0.0 	0.504683932364	0.327642773933	144.350582537	-25.640773054	
5.88333333333	0.0	0.0	0.0 	0.0 	150.6 	12.0 	0.0 	0.0 	0.0 	-0.0 	12.0 	0.0 	0.0 	0.0 	0.598237003135	0.382261295115	144.354301771	-25.6315220815	
5.9	0.0	0.0	0.0 	0.0 	150.8 	12.0 	0.0 	0.0 	0.0 	-0.0 	12.0 	0.0 	0.0 	0.0 	0.690945781272	0.427776729434	144.359079073	-25.6210440002	
5.91666666667	0.0	0.0	0.0 	0.0 	151.0 	12.0 	0.0 	0.0 	0.0 	-0.0 	12.0 	0.0 	0.0 	0.0 	0.782817886303	0.465706258032	144.364937864	-25.6093864766	
5.93333333333	0.0	0.0	0.0 	0.0 	151.2 	12.0 	0.0 	0.0 	0.0 	-0.0 	12.0 	0.0 	0.0 	0.0 	0.873860868989	0.497314198531	144.371886031	-25.5965863514	
5.95	0.0	0.0	0.0 	0.0 	151.4 	12.0 	0.0 	0.0 	0.0 	-0.0 	12.0 	0.0 	0.0 	0.0 	0.964082211947	0.523654148947	144.37992082	-25.5826714682	
5.96666666667	0.0	0.0	0.0 	0.0 	151.6 	12.0 	0.0 	0.0 	0.0 	-0.0 	12.0 	0.0 	0.0 	0.0 	1.05348933027	0.545604107626	144.389032354	-25.5676625118	
5.98333333333	0.0	0.0	0.0 	0.0 	151.8 	12.0 	0.0 	0.0 	0.0 	-0.0 	12.0 	0.0 	0.0 	0.0 	1.14208957212	0.563895739859	144.399206142	-25.5515746703	
6.0	0.0	0.0	0.0 	0.0 	152.0 	12.0 	0.0 	0.0 	0.0 	-0.0 	12.0 	0.0 	0.0 	0.0 	1.22989021936	0.57913876672	144.410424859	-25.5344190481	
6.01666666667	0.0	0.0	0.0 	0.0 	152.2 	12.0 	0.0 	0.0 	0.0 	-0.0 	12.0 	0.0 	0.0 	0.0 	1.31689848812	0.591841289105	144.422669603	-25.5162038213	
6.03333333333	0.0	0.0	0.0 	0.0 	152.4 	12.0 	0.0 	0.0 	0.0 	-0.0 	12.0 	0.0 	0.0 	0.0 	1.40312152942	0.602426724425	144.435920768	-25.496935152	
6.05	0.0	0.0	0.0 	0.0 	152.6 	12.0 	0.0 	0.0 	0.0 	-0.0 	12.0 	0.0 	0.0 	0.0 	1.48856642974	0.611247920525	144.450158655	-25.4766178952	
6.06666666667	0.0	0.0	0.0 	0.0 	152.8 	12.0 	0.0 	0.0 	0.0 	-0.0 	12.0 	0.0 	0.0 	0.0 	1.57324021159	0.618598917275	144.465363872	-25.4552561318	
6.08333333333	0.0	0.0	0.0 	0.0 	153.0 	12.0 	0.0 	0.0 	0.0 	-0.0 	12.0 	0.0 	0.0 	0.0 	1.65714983414	0.6247247479	144.481517603	-25.4328535613	
6.1	0.0	0.0	0.0 	0.0 	153.2 	12.0 	0.0 	0.0 	0.0 	-0.0 	12.0 	0.0 	0.0 	0.0 	1.74030219371	0.629829606754	144.498601775	-25.4094137825	
6.11666666667	0.0	0.0	0.0 	0.0 	153.4 	12.0 	0.0 	0.0 	0.0 	-0.0 	12.0 	0.0 	0.0 	0.0 	1.82270412443	0.634083655799	144.516599141	-25.3849404888	
6.13333333333	0.0	0.0	0.0 	0.0 	153.6 	12.0 	0.0 	0.0 	0.0 	-0.0 	12.0 	0.0 	0.0 	0.0 	1.9043623987	0.63762869667	144.535493329	-25.3594375966	
6.15	0.0	0.0	0.0 	0.0 	153.8 	12.0 	0.0 	0.0 	0.0 	-0.0 	12.0 	0.0 	0.0 	0.0 	1.98528372786	0.640582897396	144.555268835	-25.3329093249	
6.16666666667	0.0	0.0	0.0 	0.0 	154.0 	12.0 	0.0 	0.0 	0.0 	-0.0 	12.0 	0.0 	0.0 	0.0 	2.06547476263	0.643044731334	144.575911012	-25.3053602379	
6.18333333333	0.0	0.0	0.0 	0.0 	154.2 	12.0 	0.0 	0.0 	0.0 	-0.0 	12.0 	0.0 	0.0 	0.0 	2.14494209374	0.645096259616	144.597406026	-25.2767952614	
6.2	0.0	0.0	0.0 	0.0 	154.4 	12.0 	0.0 	0.0 	0.0 	-0.0 	12.0 	0.0 	0.0 	0.0 	2.22369225242	0.646805866517	144.61974081	-25.2472196808	
6.21666666667	0.0	0.0	0.0 	0.0 	154.6 	12.0 	0.0 	0.0 	0.0 	-0.0 	12.0 	0.0 	0.0 	0.0 	2.30173171099	0.648230538935	144.642903014	-25.2166391263	
6.23333333333	0.0	0.0	0.0 	0.0 	154.8 	12.0 	0.0 	0.0 	0.0 	-0.0 	12.0 	0.0 	0.0 	0.0 	2.37906688332	0.64941776595	144.666880947	-25.1850595501	
6.25	0.0	0.0	0.0 	0.0 	155.0 	12.0 	0.0 	0.0 	0.0 	-0.0 	12.0 	0.0 	0.0 	0.0 	2.45570412542	0.650407121796	144.691663523	-25.1524871991	
6.26666666667	0.0	0.0	0.0 	0.0 	155.2 	12.0 	0.0 	0.0 	0.0 	-0.0 	12.0 	0.0 	0.0 	0.0 	2.53164973594	0.651231585001	144.717240206	-25.1189285846	
6.28333333333	0.0	0.0	0.0 	0.0 	155.4 	12.0 	0.0 	0.0 	0.0 	-0.0 	12.0 	0.0 	0.0 	0.0 	2.60690995666	0.651918637672	144.743600962	-25.0843904514	
6.3	0.0	0.0	0.0 	0.0 	155.6 	12.0 	0.0 	0.0 	0.0 	-0.0 	12.0 	0.0 	0.0 	0.0 	2.68149097306	0.652491181564	144.770736207	-25.0488797479	
6.31666666667	0.0	0.0	0.0 	0.0 	155.8 	12.0 	0.0 	0.0 	0.0 	-0.0 	12.0 	0.0 	0.0 	0.0 	2.75539891479	0.652968301474	144.798636769	-25.0124035972	
6.33333333333	0.0	0.0	0.0 	0.0 	156.0 	12.0 	0.0 	0.0 	0.0 	-0.0 	12.0 	0.0 	0.0 	0.0 	2.82863985617	0.653365901399	144.827293837	-24.9749692691	
6.35	0.0	0.0	0.0 	0.0 	156.2 	12.0 	0.0 	0.0 	0.0 	-0.0 	12.0 	0.0 	0.0 	0.0 	2.90121981671	0.65369723467	144.856698937	-24.9365841558	
6.36666666667	0.0	0.0	0.0 	0.0 	156.4 	12.0 	0.0 	0.0 	0.0 	-0.0 	12.0 	0.0 	0.0 	0.0 	2.9731447616	0.653973345729	144.886843886	-24.8972557485	
6.38333333333	0.0	0.0	0.0 	0.0 	156.6 	12.0 	0.0 	0.0 	0.0 	-0.0 	12.0 	0.0 	0.0 	0.0 	3.04442060218	0.654203438279	144.917720772	-24.8569916162	
6.4	0.0	0.0	0.0 	0.0 	156.8 	12.0 	0.0 	0.0 	0.0 	-0.0 	12.0 	0.0 	0.0 	0.0 	3.11505319645	0.65439518207	144.949321922	-24.8157993876	
6.41666666667	0.0	0.0	0.0 	0.0 	157.0 	12.0 	0.0 	0.0 	0.0 	-0.0 	12.0 	0.0 	0.0 	0.0 	3.18504834955	0.654554968562	144.981639877	-24.7736867344	
6.43333333333	0.0	0.0	0.0 	0.0 	157.2 	12.0 	0.0 	0.0 	0.0 	-0.0 	12.0 	0.0 	0.0 	0.0 	3.25441181423	0.654688123973	145.014667378	-24.730661356	
6.45	0.0	0.0	0.0 	0.0 	157.4 	12.0 	0.0 	0.0 	0.0 	-0.0 	12.0 	0.0 	0.0 	0.0 	3.32314929131	0.654799086815	145.048397337	-24.6867309673	
6.46666666667	0.0	0.0	0.0 	0.0 	157.6 	12.0 	0.0 	0.0 	0.0 	-0.0 	12.0 	0.0 	0.0 	0.0 	3.39126643016	0.65489155585	145.082822831	-24.6419032869	
6.48333333333	0.0	0.0	0.0 	0.0 	157.8 	12.0 	0.0 	0.0 	0.0 	-0.0 	12.0 	0.0 	0.0 	0.0 	3.45876882919	0.654968613379	145.11793708	-24.5961860272	
6.5	0.0	0.0	0.0 	0.0 	158.0 	12.0 	0.0 	0.0 	0.0 	-0.0 	12.0 	0.0 	0.0 	0.0 	3.52566203627	0.655032827987	145.153733436	-24.5495868861	
6.51666666667	0.0	0.0	0.0 	0.0 	158.2 	12.0 	0.0 	0.0 	0.0 	-0.0 	12.0 	0.0 	0.0 	0.0 	3.59195154918	0.65508634016	145.190205377	-24.5021135393	
6.53333333333	0.0	0.0	0.0 	0.0 	158.4 	12.0 	0.0 	0.0 	0.0 	-0.0 	12.0 	0.0 	0.0 	0.0 	3.65764281613	0.655130933637	145.227346489	-24.4537736343	
6.55	0.0	0.0	0.0 	0.0 	158.6 	12.0 	0.0 	0.0 	0.0 	-0.0 	12.0 	0.0 	0.0 	0.0 	3.72274123613	0.655168094869	145.265150463	-24.4045747845	
6.56666666667	0.0	0.0	0.0 	0.0 	158.8 	12.0 	0.0 	0.0 	0.0 	-0.0 	12.0 	0.0 	0.0 	0.0 	3.78725215948	0.655199062561	145.303611088	-24.354524565	
6.58333333333	0.0	0.0	0.0 	0.0 	159.0 	12.0 	0.0 	0.0 	0.0 	-0.0 	12.0 	0.0 	0.0 	0.0 	3.85118088817	0.655224868972	145.342722241	-24.3036305082	
6.6	0.0	0.0	0.0 	0.0 	159.2 	12.0 	0.0 	0.0 	0.0 	-0.0 	12.0 	0.0 	0.0 	0.0 	3.91453267637	0.655246374314	145.382477883	-24.2519001009	
6.61666666667	0.0	0.0	0.0 	0.0 	159.4 	12.0 	0.0 	0.0 	0.0 	-0.0 	12.0 	0.0 	0.0 	0.0 	3.97731273082	0.655264295433	145.422872056	-24.1993407814	
6.63333333333	0.0	0.0	0.0 	0.0 	159.6 	12.0 	0.0 	0.0 	0.0 	-0.0 	12.0 	0.0 	0.0 	0.0 	4.03952621127	0.655279229698	145.463898875	-24.145959937	
6.65	0.0	0.0	0.0 	0.0 	159.8 	12.0 	0.0 	0.0 	0.0 	-0.0 	12.0 	0.0 	0.0 	0.0 	4.1011782309	0.655291674919	145.505552528	-24.0917649024	
6.66666666667	0.0	0.0	0.0 	0.0 	160.0 	12.0 	0.0 	0.0 	0.0 	-0.0 	12.0 	0.0 	0.0 	0.0 	4.16227385677	0.655302045937	145.54782727	-24.0367629578	
6.68333333333	0.0	0.0	0.0 	0.0 	160.2 	12.0 	0.0 	0.0 	0.0 	-0.0 	12.0 	0.0 	0.0 	0.0 	4.22281811017	0.655310688452	145.59071742	-23.980961328	
6.7	0.0	0.0	0.0 	0.0 	160.4 	12.0 	0.0 	0.0 	0.0 	-0.0 	12.0 	0.0 	0.0 	0.0 	4.28281596711	0.655317890547	145.634217362	-23.9243671813	
6.71666666667	0.0	0.0	0.0 	0.0 	160.6 	12.0 	0.0 	0.0 	0.0 	-0.0 	12.0 	0.0 	0.0 	0.0 	4.34227235867	0.655323892293	145.678321538	-23.8669876283	
6.73333333333	0.0	0.0	0.0 	0.0 	160.8 	12.0 	0.0 	0.0 	0.0 	-0.0 	12.0 	0.0 	0.0 	0.0 	4.40119217145	0.655328893749	145.72302445	-23.8088297221	
6.75	0.0	0.0	0.0 	0.0 	161.0 	12.0 	0.0 	0.0 	0.0 	-0.0 	12.0 	0.0 	0.0 	0.0 	4.45958024792	0.655333061628	145.768320655	-23.7499004573	
6.76666666667	0.0	0.0	0.0 	0.0 	161.2 	12.0 	0.0 	0.0 	0.0 	-0.0 	12.0 	0.0 	0.0 	0.0 	4.51744138688	0.655336534861	145.814204766	-23.69020677	
6.78333333333	0.0	0.0	0.0 	0.0 	161.4 	12.0 	0.0 	0.0 	0.0 	-0.0 	12.0 	0.0 	0.0 	0.0 	4.57478034379	0.655339429222	145.86067145	-23.6297555375	
6.8	0.0	0.0	0.0 	0.0 	161.6 	12.0 	0.0 	0.0 	0.0 	-0.0 	12.0 	0.0 	0.0 	0.0 	4.63160183123	0.655341841189	145.907715425	-23.5685535782	
6.81666666667	0.0	0.0	0.0 	0.0 	161.8 	12.0 	0.0 	0.0 	0.0 	-0.0 	12.0 	0.0 	0.0 	0.0 	4.68791051921	0.655343851162	145.955331462	-23.506607652	
6.83333333333	0.0	0.0	0.0 	0.0 	162.0 	12.0 	0.0 	0.0 	0.0 	-0.0 	12.0 	0.0 	0.0 	0.0 	4.74371103563	0.655345526139	146.003514381	-23.4439244599	
6.85	0.0	0.0	0.0 	0.0 	162.2 	12.0 	0.0 	0.0 	0.0 	-0.0 	12.0 	0.0 	0.0 	0.0 	4.79900796661	0.655346921953	146.052259051	-23.3805106446	
6.86666666667	0.0	0.0	0.0 	0.0 	162.4 	12.0 	0.0 	0.0 	0.0 	-0.0 	12.0 	0.0 	0.0 	0.0 	4.85380585687	0.655348085132	146.101560391	-23.3163727904	
6.88333333333	0.0	0.0	0.0 	0.0 	162.6 	12.0 	0.0 	0.0 	0.0 	-0.0 	12.0 	0.0 	0.0 	0.0 	4.90810921012	0.655349054447	146.151413367	-23.2515174239	
6.9	0.0	0.0	0.0 	0.0 	162.8 	12.0 	0.0 	0.0 	0.0 	-0.0 	12.0 	0.0 	0.0 	0.0 	4.96192248945	0.65534986221	146.201812992	-23.1859510136	
6.91666666667	0.0	0.0	0.0 	0.0 	163.0 	12.0 	0.0 	0.0 	0.0 	-0.0 	12.0 	0.0 	0.0 	0.0 	5.01525011764	0.655350535346	146.252754325	-23.1196799711	
6.93333333333	0.0	0.0	0.0 	0.0 	163.2 	12.0 	0.0 	0.0 	0.0 	-0.0 	12.0 	0.0 	0.0 	0.0 	5.06809647757	0.655351096293	146.304232471	-23.0527106505	
6.95	0.0	0.0	0.0 	0.0 	163.4 	12.0 	0.0 	0.0 	0.0 	-0.0 	12.0 	0.0 	0.0 	0.0 	5.12046591256	0.655351563748	146.35624258	-22.9850493498	
6.96666666667	0.0	0.0	0.0 	0.0 	163.6 	12.0 	0.0 	0.0 	0.0 	-0.0 	12.0 	0.0 	0.0 	0.0 	5.17236272674	0.655351953294	146.408779848	-22.9167023105	
6.98333333333	0.0	0.0	0.0 	0.0 	163.8 	12.0 	0.0 	0.0 	0.0 	-0.0 	12.0 	0.0 	0.0 	0.0 	5.22379118539	0.655352277916	146.461839512	-22.8476757184	
7.0	0.0	0.0	0.0 	0.0 	164.0 	12.0 	0.0 	0.0 	0.0 	-0.0 	12.0 	0.0 	0.0 	0.0 	5.2747555153	0.655352548434	146.515416856	-22.7779757038	
7.01666666667	0.0	0.0	0.0 	0.0 	164.2 	12.0 	0.0 	0.0 	0.0 	-0.0 	12.0 	0.0 	0.0 	0.0 	5.32525990512	0.655352773866	146.569507205	-22.7076083422	
7.03333333333	0.0	0.0	0.0 	0.0 	164.4 	12.0 	0.0 	0.0 	0.0 	-0.0 	12.0 	0.0 	0.0 	0.0 	5.37530850569	0.655352961726	146.624105927	-22.6365796545	
7.05	0.0	0.0	0.0 	0.0 	164.6 	12.0 	0.0 	0.0 	0.0 	-0.0 	12.0 	0.0 	0.0 	0.0 	5.42490543038	0.655353118276	146.679208431	-22.5648956075	
7.06666666667	0.0	0.0	0.0 	0.0 	164.8 	12.0 	0.0 	0.0 	0.0 	-0.0 	12.0 	0.0 	0.0 	0.0 	5.47405475546	0.655353248734	146.734810171	-22.4925621145	
7.08333333333	0.0	0.0	0.0 	0.0 	165.0 	12.0 	0.0 	0.0 	0.0 	-0.0 	12.0 	0.0 	0.0 	0.0 	5.52276052041	0.655353357449	146.790906638	-22.4195850356	
7.1	0.0	0.0	0.0 	0.0 	165.2 	12.0 	0.0 	0.0 	0.0 	-0.0 	12.0 	0.0 	0.0 	0.0 	5.57102672823	0.655353448045	146.847493368	-22.3459701781	
7.11666666667	0.0	0.0	0.0 	0.0 	165.4 	12.0 	0.0 	0.0 	0.0 	-0.0 	12.0 	0.0 	0.0 	0.0 	5.61885734582	0.655353523542	146.904565934	-22.271723297	
7.13333333333	0.0	0.0	0.0 	0.0 	165.6 	12.0 	0.0 	0.0 	0.0 	-0.0 	12.0 	0.0 	0.0 	0.0 	5.66625630427	0.655353586456	146.962119952	-22.1968500956	
7.15	0.0	0.0	0.0 	0.0 	165.8 	12.0 	0.0 	0.0 	0.0 	-0.0 	12.0 	0.0 	0.0 	0.0 	5.7132274992	0.655353638884	147.020151075	-22.1213562257	
7.16666666667	0.0	0.0	0.0 	0.0 	166.0 	12.0 	0.0 	0.0 	0.0 	-0.0 	12.0 	0.0 	0.0 	0.0 	5.75977479105	0.655353682574	147.078654998	-22.0452472884	
7.18333333333	0.0	0.0	0.0 	0.0 	166.2 	12.0 	0.0 	0.0 	0.0 	-0.0 	12.0 	0.0 	0.0 	0.0 	5.80590200546	0.655353718983	147.137627453	-21.968528834	
7.2	0.0	0.0	0.0 	0.0 	166.4 	12.0 	0.0 	0.0 	0.0 	-0.0 	12.0 	0.0 	0.0 	0.0 	5.8516129335	0.655353749323	147.197064212	-21.891206363	
7.21666666667	0.0	0.0	0.0 	0.0 	166.6 	12.0 	0.0 	0.0 	0.0 	-0.0 	12.0 	0.0 	0.0 	0.0 	5.89691133206	0.655353774607	147.256961083	-21.8132853262	
7.23333333333	0.0	0.0	0.0 	0.0 	166.8 	12.0 	0.0 	0.0 	0.0 	-0.0 	12.0 	0.0 	0.0 	0.0 	5.94180092412	0.655353795676	147.317313914	-21.7347711253	
7.25	0.0	0.0	0.0 	0.0 	167.0 	12.0 	0.0 	0.0 	0.0 	-0.0 	12.0 	0.0 	0.0 	0.0 	5.98628539904	0.655353813235	147.37811859	-21.6556691133	
7.26666666667	0.0	0.0	0.0 	0.0 	167.2 	12.0 	0.0 	0.0 	0.0 	-0.0 	12.0 	0.0 	0.0 	0.0 	6.0303684129	0.655353827866	147.439371032	-21.5759845949	
7.28333333333	0.0	0.0	0.0 	0.0 	167.4 	12.0 	0.0 	0.0 	0.0 	-0.0 	12.0 	0.0 	0.0 	0.0 	6.0740535888	0.655353840059	147.501067201	-21.4957228269	
7.3	0.0	0.0	0.0 	0.0 	167.6 	12.0 	0.0 	0.0 	0.0 	-0.0 	12.0 	0.0 	0.0 	0.0 	6.11734451711	0.65535385022	147.56320309	-21.4148890187	
7.31666666667	0.0	0.0	0.0 	0.0 	167.8 	12.0 	0.0 	0.0 	0.0 	-0.0 	12.0 	0.0 	0.0 	0.0 	6.16024475582	0.655353858688	147.625774732	-21.3334883328	
7.33333333333	0.0	0.0	0.0 	0.0 	168.0 	12.0 	0.0 	0.0 	0.0 	-0.0 	12.0 	0.0 	0.0 	0.0 	6.2027578308	0.655353865744	147.688778195	-21.251525885	
7.35	0.0	0.0	0.0 	0.0 	168.2 	12.0 	0.0 	0.0 	0.0 	-0.0 	12.0 	0.0 	0.0 	0.0 	6.24488723611	0.655353871624	147.752209579	-21.169006745	
7.36666666667	0.0	0.0	0.0 	0.0 	168.4 	12.0 	0.0 	0.0 	0.0 	-0.0 	12.0 	0.0 	0.0 	0.0 	6.28663643427	0.655353876524	147.816065025	-21.0859359368	
7.38333333333	0.0	0.0	0.0 	0.0 	168.6 	12.0 	0.0 	0.0 	0.0 	-0.0 	12.0 	0.0 	0.0 	0.0 	6.32800885656	0.655353880608	147.880340705	-21.0023184389	
7.4	0.0	0.0	0.0 	0.0 	168.8 	12.0 	0.0 	0.0 	0.0 	-0.0 	12.0 	0.0 	0.0 	0.0 	6.36900790327	0.655353884011	147.945032825	-20.9181591851	
7.41666666667	0.0	0.0	0.0 	0.0 	169.0 	12.0 	0.0 	0.0 	0.0 	-0.0 	12.0 	0.0 	0.0 	0.0 	6.40963694402	0.655353886846	148.010137629	-20.8334630646	
7.43333333333	0.0	0.0	0.0 	0.0 	169.2 	12.0 	0.0 	0.0 	0.0 	-0.0 	12.0 	0.0 	0.0 	0.0 	6.44989931804	0.65535388921	148.07565139	-20.7482349223	
7.45	0.0	0.0	0.0 	0.0 	169.4 	12.0 	0.0 	0.0 	0.0 	-0.0 	12.0 	0.0 	0.0 	0.0 	6.48979833438	0.655353891179	148.14157042	-20.6624795597	
7.46666666667	0.0	0.0	0.0 	0.0 	169.6 	12.0 	0.0 	0.0 	0.0 	-0.0 	12.0 	0.0 	0.0 	0.0 	6.52933727226	0.65535389282	148.20789106	-20.5762017348	
7.48333333333	0.0	0.0	0.0 	0.0 	169.8 	12.0 	0.0 	0.0 	0.0 	-0.0 	12.0 	0.0 	0.0 	0.0 	6.56851938131	0.655353894187	148.274609685	-20.4894061626	
7.5	0.0	0.0	0.0 	0.0 	170.0 	12.0 	0.0 	0.0 	0.0 	-0.0 	12.0 	0.0 	0.0 	0.0 	6.6073478818	0.655353895327	148.341722705	-20.4020975157	
7.51666666667	0.0	0.0	0.0 	0.0 	170.2 	12.0 	0.0 	0.0 	0.0 	-0.0 	12.0 	0.0 	0.0 	0.0 	6.64582596496	0.655353896277	148.409226559	-20.3142804243	
7.53333333333	0.0	0.0	0.0 	0.0 	170.4 	12.0 	0.0 	0.0 	0.0 	-0.0 	12.0 	0.0 	0.0 	0.0 	6.68395679322	0.655353897068	148.477117721	-20.2259594772	
7.55	0.0	0.0	0.0 	0.0 	170.6 	12.0 	0.0 	0.0 	0.0 	-0.0 	12.0 	0.0 	0.0 	0.0 	6.72174350047	0.655353897728	148.545392695	-20.1371392214	
7.56666666667	0.0	0.0	0.0 	0.0 	170.8 	12.0 	0.0 	0.0 	0.0 	-0.0 	12.0 	0.0 	0.0 	0.0 	6.75918919232	0.655353898277	148.614048017	-20.047824163	
7.58333333333	0.0	0.0	0.0 	0.0 	171.0 	12.0 	0.0 	0.0 	0.0 	-0.0 	12.0 	0.0 	0.0 	0.0 	6.79629694633	0.655353898735	148.683080255	-19.9580187676	
7.6	0.0	0.0	0.0 	0.0 	171.2 	12.0 	0.0 	0.0 	0.0 	-0.0 	12.0 	0.0 	0.0 	0.0 	6.83306981232	0.655353899117	148.752486008	-19.8677274603	
7.61666666667	0.0	0.0	0.0 	0.0 	171.4 	12.0 	0.0 	0.0 	0.0 	-0.0 	12.0 	0.0 	0.0 	0.0 	6.86951081256	0.655353899435	148.822261903	-19.7769546263	
7.63333333333	0.0	0.0	0.0 	0.0 	171.6 	12.0 	0.0 	0.0 	0.0 	-0.0 	12.0 	0.0 	0.0 	0.0 	6.90562294205	0.6553538997	148.892404602	-19.6857046113	
7.65	0.0	0.0	0.0 	0.0 	171.8 	12.0 	0.0 	0.0 	0.0 	-0.0 	12.0 	0.0 	0.0 	0.0 	6.94140916877	0.655353899921	148.962910793	-19.5939817217	
7.66666666667	0.0	0.0	0.0 	0.0 	172.0 	12.0 	0.0 	0.0 	0.0 	-0.0 	12.0 	0.0 	0.0 	0.0 	6.97687243392	0.655353900105	149.033777196	-19.5017902251	
7.68333333333	0.0	0.0	0.0 	0.0 	172.2 	12.0 	0.0 	0.0 	0.0 	-0.0 	12.0 	0.0 	0.0 	0.0 	7.01201565213	0.655353900258	149.105000561	-19.4091343505	
7.7	0.0	0.0	0.0 	0.0 	172.4 	12.0 	0.0 	0.0 	0.0 	-0.0 	12.0 	0.0 	0.0 	0.0 	7.04684171174	0.655353900386	149.176577665	-19.3160182889	
7.71666666667	0.0	0.0	0.0 	0.0 	172.6 	12.0 	0.0 	0.0 	0.0 	-0.0 	12.0 	0.0 	0.0 	0.0 	7.08135347504	0.655353900493	149.248505317	-19.2224461932	
7.73333333333	0.0	0.0	0.0 	0.0 	172.8 	12.0 	0.0 	0.0 	0.0 	-0.0 	12.0 	0.0 	0.0 	0.0 	7.11555377847	0.655353900581	149.320780353	-19.1284221791	
7.75	0.0	0.0	0.0 	0.0 	173.0 	12.0 	0.0 	0.0 	0.0 	-0.0 	12.0 	0.0 	0.0 	0.0 	7.14944543287	0.655353900655	149.393399637	-19.0339503251	
7.76666666667	0.0	0.0	0.0 	0.0 	173.2 	12.0 	0.0 	0.0 	0.0 	-0.0 	12.0 	0.0 	0.0 	0.0 	7.18303122373	0.655353900717	149.466360063	-18.9390346728	
7.78333333333	0.0	0.0	0.0 	0.0 	173.4 	12.0 	0.0 	0.0 	0.0 	-0.0 	12.0 	0.0 	0.0 	0.0 	7.21631391137	0.655353900768	149.539658553	-18.8436792272	
7.8	0.0	0.0	0.0 	0.0 	173.6 	12.0 	0.0 	0.0 	0.0 	-0.0 	12.0 	0.0 	0.0 	0.0 	7.24929623124	0.655353900811	149.613292055	-18.7478879576	
7.81666666667	0.0	0.0	0.0 	0.0 	173.8 	12.0 	0.0 	0.0 	0.0 	-0.0 	12.0 	0.0 	0.0 	0.0 	7.28198089407	0.655353900847	149.687257546	-18.651664797	
7.83333333333	0.0	0.0	0.0 	0.0 	174.0 	12.0 	0.0 	0.0 	0.0 	-0.0 	12.0 	0.0 	0.0 	0.0 	7.31437058615	0.655353900876	149.76155203	-18.5550136432	
7.85	0.0	0.0	0.0 	0.0 	174.2 	12.0 	0.0 	0.0 	0.0 	-0.0 	12.0 	0.0 	0.0 	0.0 	7.34646796951	0.655353900901	149.836172537	-18.4579383587	
7.86666666667	0.0	0.0	0.0 	0.0 	174.4 	12.0 	0.0 	0.0 	0.0 	-0.0 	12.0 	0.0 	0.0 	0.0 	7.37827568215	0.655353900922	149.911116126	-18.3604427711	
7.88333333333	0.0	0.0	0.0 	0.0 	174.6 	12.0 	0.0 	0.0 	0.0 	-0.0 	12.0 	0.0 	0.0 	0.0 	7.4097963383	0.655353900939	149.986379881	-18.2625306737	
7.9	0.0	0.0	0.0 	0.0 	174.8 	12.0 	0.0 	0.0 	0.0 	-0.0 	12.0 	0.0 	0.0 	0.0 	7.44103252855	0.655353900953	150.061960912	-18.1642058252	
7.91666666667	0.0	0.0	0.0 	0.0 	175.0 	12.0 	0.0 	0.0 	0.0 	-0.0 	12.0 	0.0 	0.0 	0.0 	7.47198682014	0.655353900965	150.137856356	-18.0654719507	
7.93333333333	0.0	0.0	0.0 	0.0 	175.2 	12.0 	0.0 	0.0 	0.0 	-0.0 	12.0 	0.0 	0.0 	0.0 	7.50266175713	0.655353900975	150.214063376	-17.9663327416	
7.95	0.0	0.0	0.0 	0.0 	175.4 	12.0 	0.0 	0.0 	0.0 	-0.0 	12.0 	0.0 	0.0 	0.0 	7.53305986064	0.655353900984	150.290579159	-17.8667918558	
7.96666666667	0.0	0.0	0.0 	0.0 	175.6 	12.0 	0.0 	0.0 	0.0 	-0.0 	12.0 	0.0 	0.0 	0.0 	7.563183629	0.655353900991	150.367400919	-17.7668529184	
7.98333333333	0.0	0.0	0.0 	0.0 	175.8 	12.0 	0.0 	0.0 	0.0 	-0.0 	12.0 	0.0 	0.0 	0.0 	7.59303553802	0.655353900996	150.444525895	-17.6665195217	
8.0	0.0	0.0	0.0 	0.0 	176.0 	12.0 	0.0 	0.0 	0.0 	-0.0 	12.0 	0.0 	0.0 	0.0 	7.62261804117	0.655353901001	150.52195135	-17.5657952256	
8.01666666667	0.0	0.0	0.0 	0.0 	176.2 	12.0 	0.0 	0.0 	0.0 	-0.0 	12.0 	0.0 	0.0 	0.0 	7.65193356977	0.655353901005	150.599674573	-17.4646835578	
8.03333333333	0.0	0.0	0.0 	0.0 	176.4 	12.0 	0.0 	0.0 	0.0 	-0.0 	12.0 	0.0 	0.0 	0.0 	7.68098453318	0.655353901008	150.677692876	-17.3631880144	
8.05	0.0	0.0	0.0 	0.0 	176.6 	12.0 	0.0 	0.0 	0.0 	-0.0 	12.0 	0.0 	0.0 	0.0 	7.70977331906	0.655353901011	150.756003596	-17.2613120596	
8.06666666667	0.0	0.0	0.0 	0.0 	176.8 	12.0 	0.0 	0.0 	0.0 	-0.0 	12.0 	0.0 	0.0 	0.0 	7.73830229347	0.655353901013	150.834604095	-17.1590591267	
8.08333333333	0.0	0.0	0.0 	0.0 	177.0 	12.0 	0.0 	0.0 	0.0 	-0.0 	12.0 	0.0 	0.0 	0.0 	7.76657380116	0.655353901015	150.913491756	-17.0564326177	
8.1	0.0	0.0	0.0 	0.0 	177.2 	12.0 	0.0 	0.0 	0.0 	-0.0 	12.0 	0.0 	0.0 	0.0 	7.79459016569	0.655353901017	150.992663989	-16.953435904	
8.11666666667	0.0	0.0	0.0 	0.0 	177.4 	12.0 	0.0 	0.0 	0.0 	-0.0 	12.0 	0.0 	0.0 	0.0 	7.82235368967	0.655353901018	151.072118226	-16.8500723267	
8.13333333333	0.0	0.0	0.0 	0.0 	177.6 	12.0 	0.0 	0.0 	0.0 	-0.0 	12.0 	0.0 	0.0 	0.0 	7.84986665491	0.655353901019	151.15185192	-16.7463451966	
8.15	0.0	0.0	0.0 	0.0 	177.8 	12.0 	0.0 	0.0 	0.0 	-0.0 	12.0 	0.0 	0.0 	0.0 	7.87713132265	0.65535390102	151.231862551	-16.6422577947	
8.16666666667	0.0	0.0	0.0 	0.0 	178.0 	12.0 	0.0 	0.0 	0.0 	-0.0 	12.0 	0.0 	0.0 	0.0 	7.90414993372	0.655353901021	151.312147619	-16.5378133723	
8.18333333333	0.0	0.0	0.0 	0.0 	178.2 	12.0 	0.0 	0.0 	0.0 	-0.0 	12.0 	0.0 	0.0 	0.0 	7.9309247087	0.655353901022	151.392704647	-16.4330151515	
8.2	0.0	0.0	0.0 	0.0 	178.4 	12.0 	0.0 	0.0 	0.0 	-0.0 	12.0 	0.0 	0.0 	0.0 	7.95745784815	0.655353901022	151.473531181	-16.3278663251	
8.21666666667	0.0	0.0	0.0 	0.0 	178.6 	12.0 	0.0 	0.0 	0.0 	-0.0 	12.0 	0.0 	0.0 	0.0 	7.98375153278	0.655353901023	151.554624789	-16.2223700575	
8.23333333333	0.0	0.0	0.0 	0.0 	178.8 	12.0 	0.0 	0.0 	0.0 	-0.0 	12.0 	0.0 	0.0 	0.0 	8.00980792361	0.655353901023	151.63598306	-16.116529484	
8.25	0.0	0.0	0.0 	0.0 	179.0 	12.0 	0.0 	0.0 	0.0 	-0.0 	12.0 	0.0 	0.0 	0.0 	8.03562916214	0.655353901024	151.717603606	-16.0103477119	
8.26666666667	0.0	0.0	0.0 	0.0 	179.2 	12.0 	0.0 	0.0 	0.0 	-0.0 	12.0 	0.0 	0.0 	0.0 	8.06121737058	0.655353901024	151.79948406	-15.9038278206	
8.28333333333	0.0	0.0	0.0 	0.0 	179.4 	12.0 	0.0 	0.0 	0.0 	-0.0 	12.0 	0.0 	0.0 	0.0 	8.08657465195	0.655353901024	151.881622076	-15.7969728614	
8.3	0.0	0.0	0.0 	0.0 	179.6 	12.0 	0.0 	0.0 	0.0 	-0.0 	12.0 	0.0 	0.0 	0.0 	8.11170309032	0.655353901024	151.96401533	-15.6897858583	
8.31666666667	0.0	0.0	0.0 	0.0 	179.8 	12.0 	0.0 	0.0 	0.0 	-0.0 	12.0 	0.0 	0.0 	0.0 	8.13660475093	0.655353901024	152.046661519	-15.5822698078	
8.33333333333	0.0	0.0	0.0 	0.0 	180.0 	12.0 	0.0 	0.0 	0.0 	-0.0 	12.0 	0.0 	0.0 	0.0 	8.1612816804	0.655353901024	152.129558359	-15.4744276795	
8.35	0.0	0.0	0.0 	0.0 	180.2 	12.0 	0.0 	0.0 	0.0 	-0.0 	12.0 	0.0 	0.0 	0.0 	8.18573590686	0.655353901025	152.212703589	-15.3662624163	
8.36666666667	0.0	0.0	0.0 	0.0 	180.4 	12.0 	0.0 	0.0 	0.0 	-0.0 	12.0 	0.0 	0.0 	0.0 	8.20996944016	0.655353901025	152.296094967	-15.2577769342	
8.38333333333	0.0	0.0	0.0 	0.0 	180.6 	12.0 	0.0 	0.0 	0.0 	-0.0 	12.0 	0.0 	0.0 	0.0 	8.233984272	0.655353901025	152.379730271	-15.1489741232	
8.4	0.0	0.0	0.0 	0.0 	180.8 	12.0 	0.0 	0.0 	0.0 	-0.0 	12.0 	0.0 	0.0 	0.0 	8.25778237609	0.655353901025	152.463607301	-15.0398568471	
8.41666666667	0.0	0.0	0.0 	0.0 	181.0 	12.0 	0.0 	0.0 	0.0 	-0.0 	12.0 	0.0 	0.0 	0.0 	8.28136570836	0.655353901025	152.547723874	-14.930427944	
8.43333333333	0.0	0.0	0.0 	0.0 	181.2 	12.0 	0.0 	0.0 	0.0 	-0.0 	12.0 	0.0 	0.0 	0.0 	8.30473620706	0.655353901025	152.632077829	-14.820690226	
8.45	0.0	0.0	0.0 	0.0 	181.4 	12.0 	0.0 	0.0 	0.0 	-0.0 	12.0 	0.0 	0.0 	0.0 	8.32789579297	0.655353901025	152.716667024	-14.7106464802	
8.46666666667	0.0	0.0	0.0 	0.0 	181.6 	12.0 	0.0 	0.0 	0.0 	-0.0 	12.0 	0.0 	0.0 	0.0 	8.35084636951	0.655353901025	152.801489336	-14.6002994685	
8.48333333333	0.0	0.0	0.0 	0.0 	181.8 	12.0 	0.0 	0.0 	0.0 	-0.0 	12.0 	0.0 	0.0 	0.0 	8.37358982294	0.655353901025	152.88654266	-14.4896519277	
8.5	0.0	0.0	0.0 	0.0 	182.0 	12.0 	0.0 	0.0 	0.0 	-0.0 	12.0 	0.0 	0.0 	0.0 	8.3961280225	0.655353901025	152.971824912	-14.37870657	
8.51666666667	0.0	0.0	0.0 	0.0 	182.2 	12.0 	0.0 	0.0 	0.0 	-0.0 	12.0 	0.0 	0.0 	0.0 	8.41846282055	0.655353901025	153.057334026	-14.2674660832	
8.53333333333	0.0	0.0	0.0 	0.0 	182.4 	12.0 	0.0 	0.0 	0.0 	-0.0 	12.0 	0.0 	0.0 	0.0 	8.44059605274	0.655353901025	153.143067955	-14.1559331307	
8.55	0.0	0.0	0.0 	0.0 	182.6 	12.0 	0.0 	0.0 	0.0 	-0.0 	12.0 	0.0 	0.0 	0.0 	8.46252953814	0.655353901025	153.22902467	-14.0441103519	
8.56666666667	0.0	0.0	0.0 	0.0 	182.8 	12.0 	0.0 	0.0 	0.0 	-0.0 	12.0 	0.0 	0.0 	0.0 	8.48426507943	0.655353901025	153.315202159	-13.9320003625	
8.58333333333	0.0	0.0	0.0 	0.0 	183.0 	12.0 	0.0 	0.0 	0.0 	-0.0 	12.0 	0.0 	0.0 	0.0 	8.50580446299	0.655353901025	153.401598431	-13.8196057544	
8.6	0.0	0.0	0.0 	0.0 	183.2 	12.0 	0.0 	0.0 	0.0 	-0.0 	12.0 	0.0 	0.0 	0.0 	8.5271494591	0.655353901025	153.488211512	-13.7069290963	
8.61666666667	0.0	0.0	0.0 	0.0 	183.4 	12.0 	0.0 	0.0 	0.0 	-0.0 	12.0 	0.0 	0.0 	0.0 	8.54830182206	0.655353901025	153.575039444	-13.5939729335	
8.63333333333	0.0	0.0	0.0 	0.0 	183.6 	12.0 	0.0 	0.0 	0.0 	-0.0 	12.0 	0.0 	0.0 	0.0 	8.56926329034	0.655353901025	153.662080288	-13.4807397887	
8.65	0.0	0.0	0.0 	0.0 	183.8 	12.0 	0.0 	0.0 	0.0 	-0.0 	12.0 	0.0 	0.0 	0.0 	8.5900355867	0.655353901025	153.749332124	-13.3672321613	
8.66666666667	0.0	0.0	0.0 	0.0 	184.0 	12.0 	0.0 	0.0 	0.0 	-0.0 	12.0 	0.0 	0.0 	0.0 	8.61062041838	0.655353901025	153.836793046	-13.2534525287	
8.68333333333	0.0	0.0	0.0 	0.0 	184.2 	12.0 	0.0 	0.0 	0.0 	-0.0 	12.0 	0.0 	0.0 	0.0 	8.63101947719	0.655353901025	153.924461169	-13.1394033455	
8.7	0.0	0.0	0.0 	0.0 	184.4 	12.0 	0.0 	0.0 	0.0 	-0.0 	12.0 	0.0 	0.0 	0.0 	8.6512344397	0.655353901025	154.012334621	-13.0250870444	
8.71666666667	0.0	0.0	0.0 	0.0 	184.6 	12.0 	0.0 	0.0 	0.0 	-0.0 	12.0 	0.0 	0.0 	0.0 	8.67126696731	0.655353901025	154.100411551	-12.910506036	
8.73333333333	0.0	0.0	0.0 	0.0 	184.8 	12.0 	0.0 	0.0 	0.0 	-0.0 	12.0 	0.0 	0.0 	0.0 	8.69111870647	0.655353901025	154.188690121	-12.7956627093	
8.75	0.0	0.0	0.0 	0.0 	185.0 	12.0 	0.0 	0.0 	0.0 	-0.0 	12.0 	0.0 	0.0 	0.0 	8.71079128874	0.655353901025	154.277168512	-12.6805594316	
8.76666666667	0.0	0.0	0.0 	0.0 	185.2 	12.0 	0.0 	0.0 	0.0 	-0.0 	12.0 	0.0 	0.0 	0.0 	8.73028633097	0.655353901025	154.365844921	-12.5651985489	
8.78333333333	0.0	0.0	0.0 	0.0 	185.4 	12.0 	0.0 	0.0 	0.0 	-0.0 	12.0 	0.0 	0.0 	0.0 	8.74960543541	0.655353901025	154.45471756	-12.4495823861	
8.8	0.0	0.0	0.0 	0.0 	185.6 	12.0 	0.0 	0.0 	0.0 	-0.0 	12.0 	0.0 	0.0 	0.0 	8.76875018985	0.655353901025	154.543784659	-12.333713247	
8.81666666667	0.0	0.0	0.0 	0.0 	185.8 	12.0 	0.0 	0.0 	0.0 	-0.0 	12.0 	0.0 	0.0 	0.0 	8.78772216776	0.655353901025	154.633044463	-12.2175934145	
8.83333333333	0.0	0.0	0.0 	0.0 	186.0 	12.0 	0.0 	0.0 	0.0 	-0.0 	12.0 	0.0 	0.0 	0.0 	8.8065229284	0.655353901025	154.722495232	-12.1012251513	
8.85	0.0	0.0	0.0 	0.0 	186.2 	12.0 	0.0 	0.0 	0.0 	-0.0 	12.0 	0.0 	0.0 	0.0 	8.82515401696	0.655353901025	154.812135244	-11.9846106992	
8.86666666667	0.0	0.0	0.0 	0.0 	186.4 	12.0 	0.0 	0.0 	0.0 	-0.0 	12.0 	0.0 	0.0 	0.0 	8.8436169647	0.655353901025	154.901962789	-11.8677522801	
8.88333333333	0.0	0.0	0.0 	0.0 	186.6 	12.0 	0.0 	0.0 	0.0 	-0.0 	12.0 	0.0 	0.0 	0.0 	8.86191328903	0.655353901025	154.991976176	-11.7506520957	
8.9	0.0	0.0	0.0 	0.0 	186.8 	12.0 	0.0 	0.0 	0.0 	-0.0 	12.0 	0.0 	0.0 	0.0 	8.8800444937	0.655353901025	155.082173729	-11.6333123279	
8.91666666667	0.0	0.0	0.0 	0.0 	187.0 	12.0 	0.0 	0.0 	0.0 	-0.0 	12.0 	0.0 	0.0 	0.0 	8.89801206887	0.655353901025	155.172553783	-11.5157351389	
8.93333333333	0.0	0.0	0.0 	0.0 	187.2 	12.0 	0.0 	0.0 	0.0 	-0.0 	12.0 	0.0 	0.0 	0.0 	8.91581749125	0.655353901025	155.263114693	-11.3979226713	
8.95	0.0	0.0	0.0 	0.0 	187.4 	12.0 	0.0 	0.0 	0.0 	-0.0 	12.0 	0.0 	0.0 	0.0 	8.93346222422	0.655353901025	155.353854827	-11.2798770484	
8.96666666667	0.0	0.0	0.0 	0.0 	187.6 	12.0 	0.0 	0.0 	0.0 	-0.0 	12.0 	0.0 	0.0 	0.0 	8.95094771798	0.655353901025	155.444772567	-11.1616003745	
8.98333333333	0.0	0.0	0.0 	0.0 	187.8 	12.0 	0.0 	0.0 	0.0 	-0.0 	12.0 	0.0 	0.0 	0.0 	8.96827540961	0.655353901025	155.535866309	-11.0430947348	
9.0	0.0	0.0	0.0 	0.0 	188.0 	12.0 	0.0 	0.0 	0.0 	-0.0 	12.0 	0.0 	0.0 	0.0 	8.98544672323	0.655353901025	155.627134467	-10.9243621954	
9.01666666667	0.0	0.0	0.0 	0.0 	188.2 	12.0 	0.0 	0.0 	0.0 	-0.0 	12.0 	0.0 	0.0 	0.0 	9.00246307012	0.655353901025	155.718575465	-10.8054048043	
9.03333333333	0.0	0.0	0.0 	0.0 	188.4 	12.0 	0.0 	0.0 	0.0 	-0.0 	12.0 	0.0 	0.0 	0.0 	9.01932584882	0.655353901025	155.810187744	-10.6862245905	
9.05	0.0	0.0	0.0 	0.0 	188.6 	12.0 	0.0 	0.0 	0.0 	-0.0 	12.0 	0.0 	0.0 	0.0 	9.03603644524	0.655353901025	155.901969758	-10.5668235651	
9.06666666667	0.0	0.0	0.0 	0.0 	188.8 	12.0 	0.0 	0.0 	0.0 	-0.0 	12.0 	0.0 	0.0 	0.0 	9.05259623278	0.655353901025	155.993919975	-10.4472037208	
9.08333333333	0.0	0.0	0.0 	0.0 	189.0 	12.0 	0.0 	0.0 	0.0 	-0.0 	12.0 	0.0 	0.0 	0.0 	9.06900657245	0.655353901025	156.086036877	-10.3273670324	
9.1	0.0	0.0	0.0 	0.0 	189.2 	12.0 	0.0 	0.0 	0.0 	-0.0 	12.0 	0.0 	0.0 	0.0 	9.08526881299	0.655353901025	156.178318961	-10.2073154568	
9.11666666667	0.0	0.0	0.0 	0.0 	189.4 	12.0 	0.0 	0.0 	0.0 	-0.0 	12.0 	0.0 	0.0 	0.0 	9.10138429095	0.655353901025	156.270764734	-10.0870509333	
9.13333333333	0.0	0.0	0.0 	0.0 	189.6 	12.0 	0.0 	0.0 	0.0 	-0.0 	12.0 	0.0 	0.0 	0.0 	9.11735433083	0.655353901025	156.363372721	-9.96657538379	
9.15	0.0	0.0	0.0 	0.0 	189.8 	12.0 	0.0 	0.0 	0.0 	-0.0 	12.0 	0.0 	0.0 	0.0 	9.13318024517	0.655353901025	156.456141457	-9.84589071268	
9.16666666667	0.0	0.0	0.0 	0.0 	190.0 	12.0 	0.0 	0.0 	0.0 	-0.0 	12.0 	0.0 	0.0 	0.0 	9.14886333466	0.655353901025	156.549069491	-9.72499880723	
9.18333333333	0.0	0.0	0.0 	0.0 	190.2 	12.0 	0.0 	0.0 	0.0 	-0.0 	12.0 	0.0 	0.0 	0.0 	9.16440488826	0.655353901025	156.642155385	-9.60390153769	
9.2	0.0	0.0	0.0 	0.0 	190.4 	12.0 	0.0 	0.0 	0.0 	-0.0 	12.0 	0.0 	0.0 	0.0 	9.1798061833	0.655353901025	156.735397716	-9.48260075742	
9.21666666667	0.0	0.0	0.0 	0.0 	190.6 	12.0 	0.0 	0.0 	0.0 	-0.0 	12.0 	0.0 	0.0 	0.0 	9.19506848558	0.655353901025	156.828795071	-9.36109830304	
9.23333333333	0.0	0.0	0.0 	0.0 	190.8 	12.0 	0.0 	0.0 	0.0 	-0.0 	12.0 	0.0 	0.0 	0.0 	9.21019304946	0.655353901025	156.922346052	-9.23939599462	
9.25	0.0	0.0	0.0 	0.0 	191.0 	12.0 	0.0 	0.0 	0.0 	-0.0 	12.0 	0.0 	0.0 	0.0 	9.22518111801	0.655353901025	157.016049271	-9.11749563578	
9.26666666667	0.0	0.0	0.0 	0.0 	191.2 	12.0 	0.0 	0.0 	0.0 	-0.0 	12.0 	0.0 	0.0 	0.0 	9.24003392306	0.655353901025	157.109903354	-8.99539901389	
9.28333333333	0.0	0.0	0.0 	0.0 	191.4 	12.0 	0.0 	0.0 	0.0 	-0.0 	12.0 	0.0 	0.0 	0.0 	9.25475268533	0.655353901025	157.203906942	-8.87310790016	
9.3	0.0	0.0	0.0 	0.0 	191.6 	12.0 	0.0 	0.0 	0.0 	-0.0 	12.0 	0.0 	0.0 	0.0 	9.26933861451	0.655353901025	157.298058683	-8.75062404983	
9.31666666667	0.0	0.0	0.0 	0.0 	191.8 	12.0 	0.0 	0.0 	0.0 	-0.0 	12.0 	0.0 	0.0 	0.0 	9.2837929094	0.655353901025	157.392357241	-8.62794920231	
9.33333333333	0.0	0.0	0.0 	0.0 	192.0 	12.0 	0.0 	0.0 	0.0 	-0.0 	12.0 	0.0 	0.0 	0.0 	9.29811675796	0.655353901025	157.486801292	-8.50508508129	
9.35	0.0	0.0	0.0 	0.0 	192.2 	12.0 	0.0 	0.0 	0.0 	-0.0 	12.0 	0.0 	0.0 	0.0 	9.31231133744	0.655353901025	157.581389521	-8.38203339493	
9.36666666667	0.0	0.0	0.0 	0.0 	192.4 	12.0 	0.0 	0.0 	0.0 	-0.0 	12.0 	0.0 	0.0 	0.0 	9.32637781445	0.655353901025	157.676120629	-8.25879583594	
9.38333333333	0.0	0.0	0.0 	0.0 	192.6 	12.0 	0.0 	0.0 	0.0 	-0.0 	12.0 	0.0 	0.0 	0.0 	9.3403173451	0.655353901025	157.770993324	-8.13537408178	
9.4	0.0	0.0	0.0 	0.0 	192.8 	12.0 	0.0 	0.0 	0.0 	-0.0 	12.0 	0.0 	0.0 	0.0 	9.35413107502	0.655353901025	157.866006331	-8.01176979477	
9.41666666667	0.0	0.0	0.0 	0.0 	193.0 	12.0 	0.0 	0.0 	0.0 	-0.0 	12.0 	0.0 	0.0 	0.0 	9.36782013956	0.655353901025	157.961158382	-7.88798462221	
9.43333333333	0.0	0.0	0.0 	0.0 	193.2 	12.0 	0.0 	0.0 	0.0 	-0.0 	12.0 	0.0 	0.0 	0.0 	9.38138566377	0.655353901025	158.056448222	-7.76402019657	
9.45	0.0	0.0	0.0 	0.0 	193.4 	12.0 	0.0 	0.0 	0.0 	-0.0 	12.0 	0.0 	0.0 	0.0 	9.39482876258	0.655353901025	158.151874608	-7.63987813554	
9.46666666667	0.0	0.0	0.0 	0.0 	193.6 	12.0 	0.0 	0.0 	0.0 	-0.0 	12.0 	0.0 	0.0 	0.0 	9.40815054085	0.655353901025	158.247436308	-7.51556004224	
9.48333333333	0.0	0.0	0.0 	0.0 	193.8 	12.0 	0.0 	0.0 	0.0 	-0.0 	12.0 	0.0 	0.0 	0.0 	9.42135209347	0.655353901025	158.343132101	-7.39106750532	
9.5	0.0	0.0	0.0 	0.0 	194.0 	12.0 	0.0 	0.0 	0.0 	-0.0 	12.0 	0.0 	0.0 	0.0 	9.43443450544	0.655353901025	158.438960776	-7.26640209909	
9.51666666667	0.0	0.0	0.0 	0.0 	194.2 	12.0 	0.0 	0.0 	0.0 	-0.0 	12.0 	0.0 	0.0 	0.0 	9.44739885197	0.655353901025	158.534921134	-7.14156538365	
9.53333333333	0.0	0.0	0.0 	0.0 	194.4 	12.0 	0.0 	0.0 	0.0 	-0.0 	12.0 	0.0 	0.0 	0.0 	9.46024619857	0.655353901025	158.631011987	-7.01655890502	
9.55	0.0	0.0	0.0 	0.0 	194.6 	12.0 	0.0 	0.0 	0.0 	-0.0 	12.0 	0.0 	0.0 	0.0 	9.47297760115	0.655353901025	158.727232157	-6.89138419527	
9.56666666667	0.0	0.0	0.0 	0.0 	194.8 	12.0 	0.0 	0.0 	0.0 	-0.0 	12.0 	0.0 	0.0 	0.0 	9.48559410606	0.655353901025	158.823580477	-6.76604277265	
9.58333333333	0.0	0.0	0.0 	0.0 	195.0 	12.0 	0.0 	0.0 	0.0 	-0.0 	12.0 	0.0 	0.0 	0.0 	9.49809675022	0.655353901025	158.92005579	-6.64053614169	
9.6	0.0	0.0	0.0 	0.0 	195.2 	12.0 	0.0 	0.0 	0.0 	-0.0 	12.0 	0.0 	0.0 	0.0 	9.51048656121	0.655353901025	159.016656951	-6.51486579336	
9.61666666667	0.0	0.0	0.0 	0.0 	195.4 	12.0 	0.0 	0.0 	0.0 	-0.0 	12.0 	0.0 	0.0 	0.0 	9.52276455731	0.655353901025	159.113382824	-6.38903320516	
9.63333333333	0.0	0.0	0.0 	0.0 	195.6 	12.0 	0.0 	0.0 	0.0 	-0.0 	12.0 	0.0 	0.0 	0.0 	9.53493174762	0.655353901025	159.210232282	-6.26303984128	
9.65	0.0	0.0	0.0 	0.0 	195.8 	12.0 	0.0 	0.0 	0.0 	-0.0 	12.0 	0.0 	0.0 	0.0 	9.54698913214	0.655353901025	159.307204212	-6.13688715266	
9.66666666667	0.0	0.0	0.0 	0.0 	196.0 	12.0 	0.0 	0.0 	0.0 	-0.0 	12.0 	0.0 	0.0 	0.0 	9.55893770184	0.655353901025	159.404297507	-6.01057657718	
9.68333333333	0.0	0.0	0.0 	0.0 	196.2 	12.0 	0.0 	0.0 	0.0 	-0.0 	12.0 	0.0 	0.0 	0.0 	9.57077843873	0.655353901025	159.501511073	-5.88410953972	
9.7	0.0	0.0	0.0 	0.0 	196.4 	12.0 	0.0 	0.0 	0.0 	-0.0 	12.0 	0.0 	0.0 	0.0 	9.582512316	0.655353901025	159.598843823	-5.75748745231	
9.71666666667	0.0	0.0	0.0 	0.0 	196.6 	12.0 	0.0 	0.0 	0.0 	-0.0 	12.0 	0.0 	0.0 	0.0 	9.59414029801	0.655353901025	159.696294682	-5.63071171424	
9.73333333333	0.0	0.0	0.0 	0.0 	196.8 	12.0 	0.0 	0.0 	0.0 	-0.0 	12.0 	0.0 	0.0 	0.0 	9.60566334044	0.655353901025	159.793862585	-5.50378371217	
9.75	0.0	0.0	0.0 	0.0 	197.0 	12.0 	0.0 	0.0 	0.0 	-0.0 	12.0 	0.0 	0.0 	0.0 	9.61708239035	0.655353901025	159.891546475	-5.37670482024	
9.76666666667	0.0	0.0	0.0 	0.0 	197.2 	12.0 	0.0 	0.0 	0.0 	-0.0 	12.0 	0.0 	0.0 	0.0 	9.62839838625	0.655353901025	159.989345306	-5.24947640019	
9.78333333333	0.0	0.0	0.0 	0.0 	197.4 	12.0 	0.0 	0.0 	0.0 	-0.0 	12.0 	0.0 	0.0 	0.0 	9.63961225816	0.655353901025	160.087258039	-5.12209980148	
9.8	0.0	0.0	0.0 	0.0 	197.6 	12.0 	0.0 	0.0 	0.0 	-0.0 	12.0 	0.0 	0.0 	0.0 	9.65072492774	0.655353901025	160.185283647	-4.99457636138	
9.81666666667	0.0	0.0	0.0 	0.0 	197.8 	12.0 	0.0 	0.0 	0.0 	-0.0 	12.0 	0.0 	0.0 	0.0 	9.6617373083	0.655353901025	160.283421112	-4.8669074051	
9.83333333333	0.0	0.0	0.0 	0.0 	198.0 	12.0 	0.0 	0.0 	0.0 	-0.0 	12.0 	0.0 	0.0 	0.0 	9.67265030494	0.655353901025	160.381669424	-4.73909424588	
9.85	0.0	0.0	0.0 	0.0 	198.2 	12.0 	0.0 	0.0 	0.0 	-0.0 	12.0 	0.0 	0.0 	0.0 	9.68346481456	0.655353901025	160.480027582	-4.61113818512	
9.86666666667	0.0	0.0	0.0 	0.0 	198.4 	12.0 	0.0 	0.0 	0.0 	-0.0 	12.0 	0.0 	0.0 	0.0 	9.69418172599	0.655353901025	160.578494596	-4.48304051247	
9.88333333333	0.0	0.0	0.0 	0.0 	198.6 	12.0 	0.0 	0.0 	0.0 	-0.0 	12.0 	0.0 	0.0 	0.0 	9.70480192002	0.655353901025	160.677069482	-4.35480250593	
9.9	0.0	0.0	0.0 	0.0 	198.8 	12.0 	0.0 	0.0 	0.0 	-0.0 	12.0 	0.0 	0.0 	0.0 	9.7153262695	0.655353901025	160.775751267	-4.226425432	
9.91666666667	0.0	0.0	0.0 	0.0 	199.0 	12.0 	0.0 	0.0 	0.0 	-0.0 	12.0 	0.0 	0.0 	0.0 	9.72575563941	0.655353901025	160.874538988	-4.09791054571	
9.93333333333	0.0	0.0	0.0 	0.0 	199.2 	12.0 	0.0 	0.0 	0.0 	-0.0 	12.0 	0.0 	0.0 	0.0 	9.73609088692	0.655353901025	160.973431686	-3.96925909078	
9.95	0.0	0.0	0.0 	0.0 	199.4 	12.0 	0.0 	0.0 	0.0 	-0.0 	12.0 	0.0 	0.0 	0.0 	9.74633286145	0.655353901025	161.072428416	-3.84047229972	
9.96666666667	0.0	0.0	0.0 	0.0 	199.6 	12.0 	0.0 	0.0 	0.0 	-0.0 	12.0 	0.0 	0.0 	0.0 	9.75648240476	0.655353901025	161.171528238	-3.7115513939	
9.98333333333	0.0	0.0	0.0 	0.0 	199.8 	12.0 	0.0 	0.0 	0.0 	-0.0 	12.0 	0.0 	0.0 	0.0 	9.76654035104	0.655353901025	161.270730222	-3.58249758366	
