0.0166666666667	0.0	0.0	0.0 	0.0 	60.4166666667 	25.0 	0.0 	0.0 	0.0 	0.0 	25.0 	0.0 	0.0 	0.0 	0.0	-1.46870967742	140.0	-24.9677419355	
0.0333333333333	0.0	0.0	0.0 	0.0 	60.8333333333 	25.0 	0.0 	0.0 	0.0 	-0.0 	25.0 	0.0 	0.0 	0.0 	0.0	-1.46870967742	140.0	-24.9677419355	
0.05	0.0	0.0	0.0 	0.0 	61.25 	25.0 	0.0 	0.0 	0.0 	-0.0 	25.0 	0.0 	0.0 	0.0 	0.0	-1.46870967742	140.0	-24.9677419355	
0.0666666666667	0.0	0.0	0.0 	0.0 	61.6666666667 	25.0 	0.0 	0.0 	0.0 	-0.0 	25.0 	0.0 	0.0 	0.0 	0.0	-1.46870967742	140.0	-24.9677419355	
0.0833333333333	0.0	0.0	0.0 	0.0 	62.0833333333 	25.0 	0.0 	0.0 	0.0 	-0.0 	25.0 	0.0 	0.0 	0.0 	0.0	-1.46870967742	140.0	-24.9677419355	
0.1	0.0	0.0	0.0 	0.0 	62.5 	25.0 	0.0 	0.0 	0.0 	-0.0 	25.0 	0.0 	0.0 	0.0 	0.0	-1.46870967742	140.0	-24.9677419355	
0.116666666667	0.0	0.0	0.0 	0.0 	62.9166666667 	25.0 	0.0 	0.0 	0.0 	-0.0 	25.0 	0.0 	0.0 	0.0 	0.0	-1.46870967742	140.0	-24.9677419355	
0.133333333333	0.0	0.0	0.0 	0.0 	63.3333333333 	25.0 	0.0 	0.0 	0.0 	-0.0 	25.0 	0.0 	0.0 	0.0 	0.0	-1.46870967742	140.0	-24.9677419355	
0.15	0.0	0.0	0.0 	0.0 	63.75 	25.0 	0.0 	0.0 	0.0 	-0.0 	25.0 	0.0 	0.0 	0.0 	0.0	-1.46870967742	140.0	-24.9677419355	
0.166666666667	0.0	0.0	0.0 	0.0 	64.1666666667 	25.0 	0.0 	0.0 	0.0 	-0.0 	25.0 	0.0 	0.0 	0.0 	0.0	-1.46870967742	140.0	-24.9677419355	
0.183333333333	0.0	0.0	0.0 	0.0 	64.5833333333 	25.0 	0.0 	0.0 	0.0 	-0.0 	25.0 	0.0 	0.0 	0.0 	0.0	-1.46870967742	140.0	-24.9677419355	
0.2	0.0	0.0	0.0 	0.0 	65.0 	25.0 	0.0 	0.0 	0.0 	-0.0 	25.0 	0.0 	0.0 	0.0 	0.0	-1.46870967742	140.0	-24.9677419355	
0.216666666667	0.0	0.0	0.0 	0.0 	65.4166666667 	25.0 	0.0 	0.0 	0.0 	-0.0 	25.0 	0.0 	0.0 	0.0 	0.0	-1.46870967742	140.0	-24.9677419355	
0.233333333333	0.0	0.0	0.0 	0.0 	65.8333333333 	25.0 	0.0 	0.0 	0.0 	-0.0 	25.0 	0.0 	0.0 	0.0 	0.0	-1.46870967742	140.0	-24.9677419355	
0.25	0.0	0.0	0.0 	0.0 	66.25 	25.0 	0.0 	0.0 	0.0 	-0.0 	25.0 	0.0 	0.0 	0.0 	0.0	-1.46870967742	140.0	-24.9677419355	
0.266666666667	0.0	0.0	0.0 	0.0 	66.6666666667 	25.0 	0.0 	0.0 	0.0 	-0.0 	25.0 	0.0 	0.0 	0.0 	0.0	-1.46870967742	140.0	-24.9677419355	
0.283333333333	0.0	0.0	0.0 	0.0 	67.0833333333 	25.0 	0.0 	0.0 	0.0 	-0.0 	25.0 	0.0 	0.0 	0.0 	0.0	-1.46870967742	140.0	-24.9677419355	
0.3	0.0	0.0	0.0 	0.0 	67.5 	25.0 	0.0 	0.0 	0.0 	-0.0 	25.0 	0.0 	0.0 	0.0 	0.0	-1.46870967742	140.0	-24.9677419355	
0.316666666667	0.0	0.0	0.0 	0.0 	67.9166666667 	25.0 	0.0 	0.0 	0.0 	-0.0 	25.0 	0.0 	0.0 	0.0 	0.0	-1.46870967742	140.0	-24.9677419355	
0.333333333333	0.0	0.0	0.0 	0.0 	68.3333333333 	25.0 	0.0 	0.0 	0.0 	-0.0 	25.0 	0.0 	0.0 	0.0 	0.0	-1.46870967742	140.0	-24.9677419355	
0.35	0.0	0.0	0.0 	0.0 	68.75 	25.0 	0.0 	0.0 	0.0 	-0.0 	25.0 	0.0 	0.0 	0.0 	0.0	-1.46870967742	140.0	-24.9677419355	
0.366666666667	0.0	0.0	0.0 	0.0 	69.1666666667 	25.0 	0.0 	0.0 	0.0 	-0.0 	25.0 	0.0 	0.0 	0.0 	0.0	-1.46870967742	140.0	-24.9677419355	
0.383333333333	0.0	0.0	0.0 	0.0 	69.5833333333 	25.0 	0.0 	0.0 	0.0 	-0.0 	25.0 	0.0 	0.0 	0.0 	0.0	-1.46870967742	140.0	-24.9677419355	
0.4	0.0	0.0	0.0 	0.0 	70.0 	25.0 	0.0 	0.0 	0.0 	-0.0 	25.0 	0.0 	0.0 	0.0 	0.0	-1.46870967742	140.0	-24.9677419355	
0.416666666667	0.0	0.0	0.0 	0.0 	70.4166666667 	25.0 	0.0 	0.0 	0.0 	-0.0 	25.0 	0.0 	0.0 	0.0 	0.0	-1.46870967742	140.0	-24.9677419355	
0.433333333333	0.0	0.0	0.0 	0.0 	70.8333333333 	25.0 	0.0 	0.0 	0.0 	-0.0 	25.0 	0.0 	0.0 	0.0 	0.0	-1.46870967742	140.0	-24.9677419355	
0.45	0.0	0.0	0.0 	0.0 	71.25 	25.0 	0.0 	0.0 	0.0 	-0.0 	25.0 	0.0 	0.0 	0.0 	0.0	-1.46870967742	140.0	-24.9677419355	
0.466666666667	0.0	0.0	0.0 	0.0 	71.6666666667 	25.0 	0.0 	0.0 	0.0 	-0.0 	25.0 	0.0 	0.0 	0.0 	0.0	-1.46870967742	140.0	-24.9677419355	
0.483333333333	0.0	0.0	0.0 	0.0 	72.0833333333 	25.0 	0.0 	0.0 	0.0 	-0.0 	25.0 	0.0 	0.0 	0.0 	0.0	-1.46870967742	140.0	-24.9677419355	
0.5	0.0	0.0	0.0 	0.0 	72.5 	25.0 	0.0 	0.0 	0.0 	-0.0 	25.0 	0.0 	0.0 	0.0 	0.0	-1.46870967742	140.0	-24.9677419355	
0.516666666667	0.0	0.0	0.0 	0.0 	72.9166666667 	25.0 	0.0 	0.0 	0.0 	-0.0 	25.0 	0.0 	0.0 	0.0 	0.0	-1.46870967742	140.0	-24.9677419355	
0.533333333333	0.0	0.0	0.0 	0.0 	73.3333333333 	25.0 	0.0 	0.0 	0.0 	-0.0 	25.0 	0.0 	0.0 	0.0 	0.0	-1.46870967742	140.0	-24.9677419355	
0.55	0.0	0.0	0.0 	0.0 	73.75 	25.0 	0.0 	0.0 	0.0 	-0.0 	25.0 	0.0 	0.0 	0.0 	0.0	-1.46870967742	140.0	-24.9677419355	
0.566666666667	0.0	0.0	0.0 	0.0 	74.1666666667 	25.0 	0.0 	0.0 	0.0 	-0.0 	25.0 	0.0 	0.0 	0.0 	0.0	-1.46870967742	140.0	-24.9677419355	
0.583333333333	0.0	0.0	0.0 	0.0 	74.5833333333 	25.0 	0.0 	0.0 	0.0 	-0.0 	25.0 	0.0 	0.0 	0.0 	0.0	-1.46870967742	140.0	-24.9677419355	
0.6	0.0	0.0	0.0 	0.0 	75.0 	25.0 	0.0 	0.0 	0.0 	-0.0 	25.0 	0.0 	0.0 	0.0 	0.0	-1.46870967742	140.0	-24.9677419355	
0.616666666667	0.0	0.0	0.0 	0.0 	75.4166666667 	25.0 	0.0 	0.0 	0.0 	-0.0 	25.0 	0.0 	0.0 	0.0 	0.0	-1.46870967742	140.0	-24.9677419355	
0.633333333333	0.0	0.0	0.0 	0.0 	75.8333333333 	25.0 	0.0 	0.0 	0.0 	-0.0 	25.0 	0.0 	0.0 	0.0 	0.0	-1.46870967742	140.0	-24.9677419355	
0.65	0.0	0.0	0.0 	0.0 	76.25 	25.0 	0.0 	0.0 	0.0 	-0.0 	25.0 	0.0 	0.0 	0.0 	0.0	-1.46870967742	140.0	-24.9677419355	
0.666666666667	0.0	0.0	0.0 	0.0 	76.6666666667 	25.0 	0.0 	0.0 	0.0 	-0.0 	25.0 	0.0 	0.0 	0.0 	0.0	-1.46870967742	140.0	-24.9677419355	
0.683333333333	0.0	0.0	0.0 	0.0 	77.0833333333 	25.0 	0.0 	0.0 	0.0 	-0.0 	25.0 	0.0 	0.0 	0.0 	0.0	-1.46870967742	140.0	-24.9677419355	
0.7	0.0	0.0	0.0 	0.0 	77.5 	25.0 	0.0 	0.0 	0.0 	-0.0 	25.0 	0.0 	0.0 	0.0 	0.0	-1.46870967742	140.0	-24.9677419355	
0.716666666667	0.0	0.0	0.0 	0.0 	77.9166666667 	25.0 	0.0 	0.0 	0.0 	-0.0 	25.0 	0.0 	0.0 	0.0 	0.0	-1.46870967742	140.0	-24.9677419355	
0.733333333333	0.0	0.0	0.0 	0.0 	78.3333333333 	25.0 	0.0 	0.0 	0.0 	-0.0 	25.0 	0.0 	0.0 	0.0 	0.0	-1.46870967742	140.0	-24.9677419355	
0.75	0.0	0.0	0.0 	0.0 	78.75 	25.0 	0.0 	0.0 	0.0 	-0.0 	25.0 	0.0 	0.0 	0.0 	0.0	-1.46870967742	140.0	-24.9677419355	
0.766666666667	0.0	0.0	0.0 	0.0 	79.1666666667 	25.0 	0.0 	0.0 	0.0 	-0.0 	25.0 	0.0 	0.0 	0.0 	0.0	-1.46870967742	140.0	-24.9677419355	
0.783333333333	0.0	0.0	0.0 	0.0 	79.5833333333 	25.0 	0.0 	0.0 	0.0 	-0.0 	25.0 	0.0 	0.0 	0.0 	0.0	-1.46870967742	140.0	-24.9677419355	
0.8	0.0	0.0	0.0 	0.0 	80.0 	25.0 	0.0 	0.0 	0.0 	-0.0 	25.0 	0.0 	0.0 	0.0 	0.0994252873563	-0.699869468168	139.99893264	-24.9664743852	
0.816666666667	0.0	0.0	0.0 	0.0 	80.4166666667 	25.0 	0.0 	0.0 	0.0 	-0.0 	25.0 	0.0 	0.0 	0.0 	0.198260118025	-0.0678694681681	139.998708549	-24.9631776573	
0.833333333333	0.0	0.0	0.0 	0.0 	80.8333333333 	25.0 	0.0 	0.0 	0.0 	-0.0 	25.0 	0.0 	0.0 	0.0 	0.29650799855	0.249071640488	139.999926724	-24.958388353	
0.85	0.0	0.0	0.0 	0.0 	81.25 	25.0 	0.0 	0.0 	0.0 	-0.0 	25.0 	0.0 	0.0 	0.0 	0.394172414651	0.460994360672	140.002849111	-24.952504603	
0.866666666667	0.0	0.0	0.0 	0.0 	81.6666666667 	25.0 	0.0 	0.0 	0.0 	-0.0 	25.0 	0.0 	0.0 	0.0 	0.491256831346	0.620408818086	140.007609126	-24.9458428259	
0.883333333333	0.0	0.0	0.0 	0.0 	82.0833333333 	25.0 	0.0 	0.0 	0.0 	-0.0 	25.0 	0.0 	0.0 	0.0 	0.587764693075	0.748319062992	140.014274455	-24.9386639304	
0.9	0.0	0.0	0.0 	0.0 	82.5 	25.0 	0.0 	0.0 	0.0 	-0.0 	25.0 	0.0 	0.0 	0.0 	0.683699423825	0.855227120502	140.022874481	-24.9311882799	
0.916666666667	0.0	0.0	0.0 	0.0 	82.9166666667 	25.0 	0.0 	0.0 	0.0 	-0.0 	25.0 	0.0 	0.0 	0.0 	0.779064427247	0.9471341478	140.033414511	-24.9236052325	
0.933333333333	0.0	0.0	0.0 	0.0 	83.3333333333 	25.0 	0.0 	0.0 	0.0 	-0.0 	25.0 	0.0 	0.0 	0.0 	0.873863086778	1.02779086811	140.045883949	-24.9160796478	
0.95	0.0	0.0	0.0 	0.0 	83.75 	25.0 	0.0 	0.0 	0.0 	-0.0 	25.0 	0.0 	0.0 	0.0 	0.968098765765	1.09969776355	140.060261348	-24.908756538	
0.966666666667	0.0	0.0	0.0 	0.0 	84.1666666667 	25.0 	0.0 	0.0 	0.0 	-0.0 	25.0 	0.0 	0.0 	0.0 	1.06177480758	1.16460517158	140.076517694	-24.901764516	
0.983333333333	0.0	0.0	0.0 	0.0 	84.5833333333 	25.0 	0.0 	0.0 	0.0 	-0.0 	25.0 	0.0 	0.0 	0.0 	1.15489453573	1.22378606489	140.09461862	-24.8952184236	
1.0	0.0	0.0	0.0 	0.0 	85.0 	25.0 	0.0 	0.0 	0.0 	-0.0 	25.0 	0.0 	0.0 	0.0 	1.24746125401	1.27819517297	140.114525956	-24.8892213827	
1.01666666667	0.0	0.0	0.0 	0.0 	85.4166666667 	25.0 	0.0 	0.0 	0.0 	-0.0 	25.0 	0.0 	0.0 	0.0 	1.33947824656	1.32856690308	140.13619884	-24.8838664264	
1.03333333333	0.0	0.0	0.0 	0.0 	85.8333333333 	25.0 	0.0 	0.0 	0.0 	-0.0 	25.0 	0.0 	0.0 	0.0 	1.43094877804	1.37547828949	140.159594518	-24.879237819	
1.05	0.0	0.0	0.0 	0.0 	86.25 	25.0 	0.0 	0.0 	0.0 	-0.0 	25.0 	0.0 	0.0 	0.0 	1.52187609373	1.41939095958	140.184668951	-24.8754121378	
1.06666666667	0.0	0.0	0.0 	0.0 	86.6666666667 	25.0 	0.0 	0.0 	0.0 	-0.0 	25.0 	0.0 	0.0 	0.0 	1.61226341961	1.46067998558	140.211377259	-24.8724591715	
1.08333333333	0.0	0.0	0.0 	0.0 	87.0833333333 	25.0 	0.0 	0.0 	0.0 	-0.0 	25.0 	0.0 	0.0 	0.0 	1.70211396252	1.49965425049	140.239674066	-24.8704426748	
1.1	0.0	0.0	0.0 	0.0 	87.5 	25.0 	0.0 	0.0 	0.0 	-0.0 	25.0 	0.0 	0.0 	0.0 	1.79143091025	1.53657115675	140.269513762	-24.8694210072	
1.11666666667	0.0	0.0	0.0 	0.0 	87.9166666667 	25.0 	0.0 	0.0 	0.0 	-0.0 	25.0 	0.0 	0.0 	0.0 	1.88021743167	1.57164746433	140.300850708	-24.8694476792	
1.13333333333	0.0	0.0	0.0 	0.0 	88.3333333333 	25.0 	0.0 	0.0 	0.0 	-0.0 	25.0 	0.0 	0.0 	0.0 	1.96847667681	1.60506741914	140.333639388	-24.8705718232	
1.15	0.0	0.0	0.0 	0.0 	88.75 	25.0 	0.0 	0.0 	0.0 	-0.0 	25.0 	0.0 	0.0 	0.0 	2.056211777	1.63698894626	140.367834535	-24.8728386012	
1.16666666667	0.0	0.0	0.0 	0.0 	89.1666666667 	25.0 	0.0 	0.0 	0.0 	-0.0 	25.0 	0.0 	0.0 	0.0 	2.14342584499	1.66754843546	140.403391225	-24.8762895607	
1.18333333333	0.0	0.0	0.0 	0.0 	89.5833333333 	25.0 	0.0 	0.0 	0.0 	-0.0 	25.0 	0.0 	0.0 	0.0 	2.23012197503	1.69686448657	140.440264951	-24.8809629481	
1.2	0.0	0.0	0.0 	0.0 	90.0 	25.0 	0.0 	0.0 	0.0 	-0.0 	25.0 	0.0 	0.0 	0.0 	2.316303243	1.72504087437	140.478411681	-24.8868939839	
1.21666666667	0.0	0.0	0.0 	0.0 	90.4166666667 	25.0 	0.0 	0.0 	0.0 	-0.0 	25.0 	0.0 	0.0 	0.0 	2.40197270649	1.75216892066	140.517787901	-24.8941151073	
1.23333333333	0.0	0.0	0.0 	0.0 	90.8333333333 	25.0 	0.0 	0.0 	0.0 	-0.0 	25.0 	0.0 	0.0 	0.0 	2.48713340498	1.7783294101	140.558350651	-24.9026561949	
1.25	0.0	0.0	0.0 	0.0 	91.25 	25.0 	0.0 	0.0 	0.0 	-0.0 	25.0 	0.0 	0.0 	0.0 	2.57178835986	1.80359415122	140.600057546	-24.9125447543	
1.26666666667	0.0	0.0	0.0 	0.0 	91.6666666667 	25.0 	0.0 	0.0 	0.0 	-0.0 	25.0 	0.0 	0.0 	0.0 	2.65594057458	1.82802725877	140.6428668	-24.9238061004	
1.28333333333	0.0	0.0	0.0 	0.0 	92.0833333333 	25.0 	0.0 	0.0 	0.0 	-0.0 	25.0 	0.0 	0.0 	0.0 	2.73959303477	1.85168621493	140.686737233	-24.936463512	
1.3	0.0	0.0	0.0 	0.0 	92.5 	25.0 	0.0 	0.0 	0.0 	-0.0 	25.0 	0.0 	0.0 	0.0 	2.82274870831	1.87462275361	140.731628286	-24.950538375	
1.31666666667	0.0	0.0	0.0 	0.0 	92.9166666667 	25.0 	0.0 	0.0 	0.0 	-0.0 	25.0 	0.0 	0.0 	0.0 	2.90541054549	1.8968836022	140.777500021	-24.9660503113	
1.33333333333	0.0	0.0	0.0 	0.0 	93.3333333333 	25.0 	0.0 	0.0 	0.0 	-0.0 	25.0 	0.0 	0.0 	0.0 	2.98758147903	1.91851110738	140.824313125	-24.9830172964	
1.35	0.0	0.0	0.0 	0.0 	93.75 	25.0 	0.0 	0.0 	0.0 	-0.0 	25.0 	0.0 	0.0 	0.0 	3.06926442427	1.93954376609	140.87202891	-25.001455767	
1.36666666667	0.0	0.0	0.0 	0.0 	94.1666666667 	25.0 	0.0 	0.0 	0.0 	-0.0 	25.0 	0.0 	0.0 	0.0 	3.15046227922	1.96001667846	140.920609311	-25.0213807184	
1.38333333333	0.0	0.0	0.0 	0.0 	94.5833333333 	25.0 	0.0 	0.0 	0.0 	-0.0 	25.0 	0.0 	0.0 	0.0 	3.23117792469	1.97996193603	140.970016881	-25.042805795	
1.4	0.0	0.0	0.0 	0.0 	95.0 	25.0 	0.0 	0.0 	0.0 	-0.0 	25.0 	0.0 	0.0 	0.0 	3.31141422437	1.99940895599	141.020214788	-25.0657433724	
1.41666666667	0.0	0.0	0.0 	0.0 	95.4166666667 	25.0 	0.0 	0.0 	0.0 	-0.0 	25.0 	0.0 	0.0 	0.0 	3.39117402495	2.01838477035	141.071166806	-25.0902046337	
1.43333333333	0.0	0.0	0.0 	0.0 	95.8333333333 	25.0 	0.0 	0.0 	0.0 	-0.0 	25.0 	0.0 	0.0 	0.0 	3.47046015622	2.03691427699	141.122837313	-25.1161996394	
1.45	0.0	0.0	0.0 	0.0 	96.25 	25.0 	0.0 	0.0 	0.0 	-0.0 	25.0 	0.0 	0.0 	0.0 	3.54927543116	2.05502045853	141.175191278	-25.1437373925	
1.46666666667	0.0	0.0	0.0 	0.0 	96.6666666667 	25.0 	0.0 	0.0 	0.0 	-0.0 	25.0 	0.0 	0.0 	0.0 	3.62762264603	2.07272457387	141.22819426	-25.1728258984	
1.48333333333	0.0	0.0	0.0 	0.0 	97.0833333333 	25.0 	0.0 	0.0 	0.0 	-0.0 	25.0 	0.0 	0.0 	0.0 	3.70550458051	2.09004632636	141.281812392	-25.2034722205	
1.5	0.0	0.0	0.0 	0.0 	97.5 	25.0 	0.0 	0.0 	0.0 	-0.0 	25.0 	0.0 	0.0 	0.0 	3.78292399775	2.10700401195	141.336012379	-25.2356825322	
1.51666666667	0.0	0.0	0.0 	0.0 	97.9166666667 	25.0 	0.0 	0.0 	0.0 	-0.0 	25.0 	0.0 	0.0 	0.0 	3.85988364451	2.12361465008	141.390761486	-25.269462165	
1.53333333333	0.0	0.0	0.0 	0.0 	98.3333333333 	25.0 	0.0 	0.0 	0.0 	-0.0 	25.0 	0.0 	0.0 	0.0 	3.93638625121	2.13989409977	141.446027529	-25.3048156531	
1.55	0.0	0.0	0.0 	0.0 	98.75 	25.0 	0.0 	0.0 	0.0 	-0.0 	25.0 	0.0 	0.0 	0.0 	4.0124345321	2.15585716275	141.501778869	-25.341746776	
1.56666666667	0.0	0.0	0.0 	0.0 	99.1666666667 	25.0 	0.0 	0.0 	0.0 	-0.0 	25.0 	0.0 	0.0 	0.0 	4.08803118526	2.17151767536	141.557984398	-25.3802585972	
1.58333333333	0.0	0.0	0.0 	0.0 	99.5833333333 	25.0 	0.0 	0.0 	0.0 	-0.0 	25.0 	0.0 	0.0 	0.0 	4.16317889278	2.18688859079	141.614613537	-25.4203535007	
1.6	0.0	0.0	0.0 	0.0 	100.0 	25.0 	0.0 	0.0 	0.0 	-0.0 	25.0 	0.0 	0.0 	0.0 	4.23788032081	2.20198205259	141.671636221	-25.4620332262	
1.61666666667	0.0	0.0	0.0 	0.0 	100.416666667 	25.0 	0.0 	0.0 	0.0 	-0.0 	25.0 	0.0 	0.0 	0.0 	4.31213811967	2.21680946084	141.729022893	-25.5052989005	
1.63333333333	0.0	0.0	0.0 	0.0 	100.833333333 	25.0 	0.0 	0.0 	0.0 	-0.0 	25.0 	0.0 	0.0 	0.0 	4.38595492394	2.23138153155	141.786744494	-25.5501510684	
1.65	0.0	0.0	0.0 	0.0 	101.25 	25.0 	0.0 	0.0 	0.0 	-0.0 	25.0 	0.0 	0.0 	0.0 	4.45933335256	2.24570835039	141.844772455	-25.596589721	
1.66666666667	0.0	0.0	0.0 	0.0 	101.666666667 	25.0 	0.0 	0.0 	0.0 	-0.0 	25.0 	0.0 	0.0 	0.0 	4.53227600889	2.2597994211	141.90307869	-25.6446143224	
1.68333333333	0.0	0.0	0.0 	0.0 	102.083333333 	25.0 	0.0 	0.0 	0.0 	-0.0 	25.0 	0.0 	0.0 	0.0 	4.60478548087	2.27366370948	141.961635585	-25.6942238353	
1.7	0.0	0.0	0.0 	0.0 	102.5 	25.0 	0.0 	0.0 	0.0 	-0.0 	25.0 	0.0 	0.0 	0.0 	4.67686434104	2.28730968319	142.02041599	-25.7454167449	
1.71666666667	0.0	0.0	0.0 	0.0 	102.916666667 	25.0 	0.0 	0.0 	0.0 	-0.0 	25.0 	0.0 	0.0 	0.0 	4.74851514668	2.30074534799	142.079393213	-25.7981910811	
1.73333333333	0.0	0.0	0.0 	0.0 	103.333333333 	25.0 	0.0 	0.0 	0.0 	-0.0 	25.0 	0.0 	0.0 	0.0 	4.81974043987	2.31397828075	142.138541009	-25.8525444401	
1.75	0.0	0.0	0.0 	0.0 	103.75 	25.0 	0.0 	0.0 	0.0 	-0.0 	25.0 	0.0 	0.0 	0.0 	4.8905427476	2.3270156595	142.197833575	-25.9084740045	
1.76666666667	0.0	0.0	0.0 	0.0 	104.166666667 	25.0 	0.0 	0.0 	0.0 	-0.0 	25.0 	0.0 	0.0 	0.0 	4.96092458186	2.339864291	142.25724554	-25.9659765623	
1.78333333333	0.0	0.0	0.0 	0.0 	104.583333333 	25.0 	0.0 	0.0 	0.0 	-0.0 	25.0 	0.0 	0.0 	0.0 	5.03088843971	2.35253063587	142.316751959	-26.0250485253	
1.8	0.0	0.0	0.0 	0.0 	105.0 	25.0 	0.0 	0.0 	0.0 	-0.0 	25.0 	0.0 	0.0 	0.0 	5.10043680338	2.36502083166	142.376328304	-26.0856859458	
1.81666666667	0.0	0.0	0.0 	0.0 	105.416666667 	25.0 	0.0 	0.0 	0.0 	-0.0 	25.0 	0.0 	0.0 	0.0 	5.16957214037	2.37734071406	142.435950459	-26.1478845331	
1.83333333333	0.0	0.0	0.0 	0.0 	105.833333333 	25.0 	0.0 	0.0 	0.0 	-0.0 	25.0 	0.0 	0.0 	0.0 	5.23829690352	2.38949583636	142.495594709	-26.2116396692	
1.85	0.0	0.0	0.0 	0.0 	106.25 	25.0 	0.0 	0.0 	0.0 	-0.0 	25.0 	0.0 	0.0 	0.0 	5.3066135311	2.40149148738	142.555237739	-26.2769464231	
1.86666666667	0.0	0.0	0.0 	0.0 	106.666666667 	25.0 	0.0 	0.0 	0.0 	-0.0 	25.0 	0.0 	0.0 	0.0 	5.37452444692	2.41333270801	142.614856621	-26.3437995651	
1.88333333333	0.0	0.0	0.0 	0.0 	107.083333333 	25.0 	0.0 	0.0 	0.0 	-0.0 	25.0 	0.0 	0.0 	0.0 	5.44203206035	2.42502430644	142.674428809	-26.4121935798	
1.9	0.0	0.0	0.0 	0.0 	107.5 	25.0 	0.0 	0.0 	0.0 	-0.0 	25.0 	0.0 	0.0 	0.0 	5.50913876651	2.43657087231	142.733932137	-26.4821226792	
1.91666666667	0.0	0.0	0.0 	0.0 	107.916666667 	25.0 	0.0 	0.0 	0.0 	-0.0 	25.0 	0.0 	0.0 	0.0 	5.57584694625	2.44797678969	142.793344807	-26.5535808143	
1.93333333333	0.0	0.0	0.0 	0.0 	108.333333333 	25.0 	0.0 	0.0 	0.0 	-0.0 	25.0 	0.0 	0.0 	0.0 	5.6421589663	2.45924624924	142.852645382	-26.626561687	
1.95	0.0	0.0	0.0 	0.0 	108.75 	25.0 	0.0 	0.0 	0.0 	-0.0 	25.0 	0.0 	0.0 	0.0 	5.70807717933	2.47038325937	142.911812788	-26.7010587608	
1.96666666667	0.0	0.0	0.0 	0.0 	109.166666667 	25.0 	0.0 	0.0 	0.0 	-0.0 	25.0 	0.0 	0.0 	0.0 	5.77360392405	2.48139165671	142.970826297	-26.7770652716	
1.98333333333	0.0	0.0	0.0 	0.0 	109.583333333 	25.0 	0.0 	0.0 	0.0 	-0.0 	25.0 	0.0 	0.0 	0.0 	5.83874152527	2.49227511571	143.02966553	-26.8545742374	
2.0	0.0	0.0	0.0 	0.0 	110.0 	25.0 	0.0 	0.0 	0.0 	-0.0 	25.0 	0.0 	0.0 	0.0 	5.90349229399	2.50303715773	143.088310448	-26.9335784681	
2.01666666667	0.0	0.0	0.0 	0.0 	110.416666667 	25.0 	0.0 	0.0 	0.0 	-0.0 	25.0 	0.0 	0.0 	0.0 	5.96785852749	2.51368115936	143.146741343	-27.0140705744	
2.03333333333	0.0	0.0	0.0 	0.0 	110.833333333 	25.0 	0.0 	0.0 	0.0 	-0.0 	25.0 	0.0 	0.0 	0.0 	6.03184250942	2.5242103603	143.204938839	-27.0960429769	
2.05	0.0	0.0	0.0 	0.0 	111.25 	25.0 	0.0 	0.0 	0.0 	-0.0 	25.0 	0.0 	0.0 	0.0 	6.09544650984	2.53462787062	143.262883882	-27.1794879143	
2.06666666667	0.0	0.0	0.0 	0.0 	111.666666667 	25.0 	0.0 	0.0 	0.0 	-0.0 	25.0 	0.0 	0.0 	0.0 	6.15867278536	2.54493667761	143.320557737	-27.2643974513	
2.08333333333	0.0	0.0	0.0 	0.0 	112.083333333 	25.0 	0.0 	0.0 	0.0 	-0.0 	25.0 	0.0 	0.0 	0.0 	6.22152357916	2.55513965215	143.377941978	-27.3507634864	
2.1	0.0	0.0	0.0 	0.0 	112.5 	25.0 	0.0 	0.0 	0.0 	-0.0 	25.0 	0.0 	0.0 	0.0 	6.28400112112	2.56523955466	143.435018493	-27.4385777595	
2.11666666667	0.0	0.0	0.0 	0.0 	112.916666667 	25.0 	0.0 	0.0 	0.0 	-0.0 	25.0 	0.0 	0.0 	0.0 	6.34610762788	2.57523904072	143.491769467	-27.5278318584	
2.13333333333	0.0	0.0	0.0 	0.0 	113.333333333 	25.0 	0.0 	0.0 	0.0 	-0.0 	25.0 	0.0 	0.0 	0.0 	6.40784530288	2.5851406663	143.548177386	-27.6185172262	
2.15	0.0	0.0	0.0 	0.0 	113.75 	25.0 	0.0 	0.0 	0.0 	-0.0 	25.0 	0.0 	0.0 	0.0 	6.46921633653	2.59494689267	143.604225029	-27.7106251673	
2.16666666667	0.0	0.0	0.0 	0.0 	114.166666667 	25.0 	0.0 	0.0 	0.0 	-0.0 	25.0 	0.0 	0.0 	0.0 	6.53022290617	2.60466009105	143.659895463	-27.8041468539	
2.18333333333	0.0	0.0	0.0 	0.0 	114.583333333 	25.0 	0.0 	0.0 	0.0 	-0.0 	25.0 	0.0 	0.0 	0.0 	6.59086717627	2.6142825469	143.71517204	-27.8990733319	
2.2	0.0	0.0	0.0 	0.0 	115.0 	25.0 	0.0 	0.0 	0.0 	-0.0 	25.0 	0.0 	0.0 	0.0 	6.65115129841	2.62381646405	143.77003839	-27.9953955267	
2.21666666667	0.0	0.0	0.0 	0.0 	115.416666667 	25.0 	0.0 	0.0 	0.0 	-0.0 	25.0 	0.0 	0.0 	0.0 	6.71107741138	2.63326396852	143.824478419	-28.0931042488	
2.23333333333	0.0	0.0	0.0 	0.0 	115.833333333 	25.0 	0.0 	0.0 	0.0 	-0.0 	25.0 	0.0 	0.0 	0.0 	6.77064764132	2.64262711213	143.878476304	-28.1921901987	
2.25	0.0	0.0	0.0 	0.0 	116.25 	25.0 	0.0 	0.0 	0.0 	-0.0 	25.0 	0.0 	0.0 	0.0 	6.82986410168	2.65190787594	143.932016489	-28.2926439727	
2.26666666667	0.0	0.0	0.0 	0.0 	116.666666667 	25.0 	0.0 	0.0 	0.0 	-0.0 	25.0 	0.0 	0.0 	0.0 	6.88872889342	2.66110817344	143.98508368	-28.3944560672	
2.28333333333	0.0	0.0	0.0 	0.0 	117.083333333 	25.0 	0.0 	0.0 	0.0 	-0.0 	25.0 	0.0 	0.0 	0.0 	6.94724410497	2.67022985359	144.037662843	-28.4976168837	
2.3	0.0	0.0	0.0 	0.0 	117.5 	25.0 	0.0 	0.0 	0.0 	-0.0 	25.0 	0.0 	0.0 	0.0 	7.00541181239	2.6792747037	144.089739196	-28.6021167334	
2.31666666667	0.0	0.0	0.0 	0.0 	117.916666667 	25.0 	0.0 	0.0 	0.0 	-0.0 	25.0 	0.0 	0.0 	0.0 	7.06323407941	2.68824445213	144.141298212	-28.7079458412	
2.33333333333	0.0	0.0	0.0 	0.0 	118.333333333 	25.0 	0.0 	0.0 	0.0 	-0.0 	25.0 	0.0 	0.0 	0.0 	7.12071295748	2.69714077086	144.192325606	-28.8150943507	
2.35	0.0	0.0	0.0 	0.0 	118.75 	25.0 	0.0 	0.0 	0.0 	-0.0 	25.0 	0.0 	0.0 	0.0 	7.17785048589	2.7059652779	144.242807341	-28.9235523272	
2.36666666667	0.0	0.0	0.0 	0.0 	119.166666667 	25.0 	0.0 	0.0 	0.0 	-0.0 	25.0 	0.0 	0.0 	0.0 	7.23464869182	2.7147195396	144.292729616	-29.0333097627	
2.38333333333	0.0	0.0	0.0 	0.0 	119.583333333 	25.0 	0.0 	0.0 	0.0 	-0.0 	25.0 	0.0 	0.0 	0.0 	7.29110959039	2.72340507283	144.34207887	-29.1443565787	
2.4	0.0	0.0	0.0 	0.0 	120.0 	25.0 	0.0 	0.0 	0.0 	-0.0 	25.0 	0.0 	0.0 	0.0 	7.34723518478	2.73202334702	144.390841771	-29.2566826306	
2.41666666667	0.0	0.0	0.0 	0.0 	120.416666667 	25.0 	0.0 	0.0 	0.0 	-0.0 	25.0 	0.0 	0.0 	0.0 	7.40302746625	2.74057578614	144.439005219	-29.3702777108	
2.43333333333	0.0	0.0	0.0 	0.0 	120.833333333 	25.0 	0.0 	0.0 	0.0 	-0.0 	25.0 	0.0 	0.0 	0.0 	7.45848841425	2.74906377053	144.486556337	-29.4851315521	
2.45	0.0	0.0	0.0 	0.0 	121.25 	25.0 	0.0 	0.0 	0.0 	-0.0 	25.0 	0.0 	0.0 	0.0 	7.51361999646	2.7574886387	144.533482474	-29.6012338311	
2.46666666667	0.0	0.0	0.0 	0.0 	121.666666667 	25.0 	0.0 	0.0 	0.0 	-0.0 	25.0 	0.0 	0.0 	0.0 	7.5684241689	2.76585168895	144.579771196	-29.7185741712	
2.48333333333	0.0	0.0	0.0 	0.0 	122.083333333 	25.0 	0.0 	0.0 	0.0 	-0.0 	25.0 	0.0 	0.0 	0.0 	7.62290287594	2.77415418101	144.625410286	-29.837142146	
2.5	0.0	0.0	0.0 	0.0 	122.5 	25.0 	0.0 	0.0 	0.0 	-0.0 	25.0 	0.0 	0.0 	0.0 	7.67705805043	2.78239733754	144.670387741	-29.9569272814	
2.51666666667	0.0	0.0	0.0 	0.0 	122.916666667 	25.0 	0.0 	0.0 	0.0 	-0.0 	25.0 	0.0 	0.0 	0.0 	7.73089161373	2.79058234555	144.714691765	-30.0779190596	
2.53333333333	0.0	0.0	0.0 	0.0 	123.333333333 	25.0 	0.0 	0.0 	0.0 	-0.0 	25.0 	0.0 	0.0 	0.0 	7.7844054758	2.79871035778	144.758310773	-30.2001069208	
2.55	0.0	0.0	0.0 	0.0 	123.75 	25.0 	0.0 	0.0 	0.0 	-0.0 	25.0 	0.0 	0.0 	0.0 	7.83760153523	2.80678249403	144.801233382	-30.3234802663	
2.56666666667	0.0	0.0	0.0 	0.0 	124.166666667 	25.0 	0.0 	0.0 	0.0 	-0.0 	25.0 	0.0 	0.0 	0.0 	7.89048167937	2.81479984236	144.84344841	-30.4480284612	
2.58333333333	0.0	0.0	0.0 	0.0 	124.583333333 	25.0 	0.0 	0.0 	0.0 	-0.0 	25.0 	0.0 	0.0 	0.0 	7.94304778434	2.82276346032	144.884944874	-30.5737408365	
2.6	0.0	0.0	0.0 	0.0 	125.0 	25.0 	0.0 	0.0 	0.0 	-0.0 	25.0 	0.0 	0.0 	0.0 	7.99530171512	2.83067437605	144.925711986	-30.7006066915	
2.61666666667	0.0	0.0	0.0 	0.0 	125.416666667 	25.0 	0.0 	0.0 	0.0 	-0.0 	25.0 	0.0 	0.0 	0.0 	8.04724532563	2.83853358935	144.965739153	-30.8286152966	
2.63333333333	0.0	0.0	0.0 	0.0 	125.833333333 	25.0 	0.0 	0.0 	0.0 	-0.0 	25.0 	0.0 	0.0 	0.0 	8.09888045875	2.84634207276	145.005015969	-30.9577558948	
2.65	0.0	0.0	0.0 	0.0 	126.25 	25.0 	0.0 	0.0 	0.0 	-0.0 	25.0 	0.0 	0.0 	0.0 	8.15020894645	2.85410077249	145.043532218	-31.0880177046	
2.66666666667	0.0	0.0	0.0 	0.0 	126.666666667 	25.0 	0.0 	0.0 	0.0 	-0.0 	25.0 	0.0 	0.0 	0.0 	8.20123260979	2.86181060938	145.081277869	-31.2193899212	
2.68333333333	0.0	0.0	0.0 	0.0 	127.083333333 	25.0 	0.0 	0.0 	0.0 	-0.0 	25.0 	0.0 	0.0 	0.0 	8.25195325904	2.86947247981	145.11824307	-31.3518617195	
2.7	0.0	0.0	0.0 	0.0 	127.5 	25.0 	0.0 	0.0 	0.0 	-0.0 	25.0 	0.0 	0.0 	0.0 	8.30237269371	2.87708725653	145.154418155	-31.4854222553	
2.71666666667	0.0	0.0	0.0 	0.0 	127.916666667 	25.0 	0.0 	0.0 	0.0 	-0.0 	25.0 	0.0 	0.0 	0.0 	8.35249270262	2.88465578952	145.189793629	-31.6200606673	
2.73333333333	0.0	0.0	0.0 	0.0 	128.333333333 	25.0 	0.0 	0.0 	0.0 	-0.0 	25.0 	0.0 	0.0 	0.0 	8.40231506396	2.89217890673	145.224360178	-31.7557660793	
2.75	0.0	0.0	0.0 	0.0 	128.75 	25.0 	0.0 	0.0 	0.0 	-0.0 	25.0 	0.0 	0.0 	0.0 	8.45184154539	2.89965741487	145.258108656	-31.8925276016	
2.76666666667	0.0	0.0	0.0 	0.0 	129.166666667 	25.0 	0.0 	0.0 	0.0 	-0.0 	25.0 	0.0 	0.0 	0.0 	8.50107390402	2.90709210011	145.29103009	-32.0303343328	
2.78333333333	0.0	0.0	0.0 	0.0 	129.583333333 	25.0 	0.0 	0.0 	0.0 	-0.0 	25.0 	0.0 	0.0 	0.0 	8.55001388659	2.91448372879	145.323115675	-32.1691753613	
2.8	0.0	0.0	0.0 	0.0 	130.0 	25.0 	0.0 	0.0 	0.0 	-0.0 	25.0 	0.0 	0.0 	0.0 	8.59866322941	2.92183304803	145.35435677	-32.3090397675	
2.81666666667	0.0	0.0	0.0 	0.0 	130.416666667 	25.0 	0.0 	0.0 	0.0 	-0.0 	25.0 	0.0 	0.0 	0.0 	8.6470236585	2.92914078645	145.384744901	-32.4499166243	
2.83333333333	0.0	0.0	0.0 	0.0 	130.833333333 	25.0 	0.0 	0.0 	0.0 	-0.0 	25.0 	0.0 	0.0 	0.0 	8.69509688965	2.93640765469	145.414271752	-32.5917949997	
2.85	0.0	0.0	0.0 	0.0 	131.25 	25.0 	0.0 	0.0 	0.0 	-0.0 	25.0 	0.0 	0.0 	0.0 	8.74288462843	2.94363434606	145.442929168	-32.7346639573	
2.86666666667	0.0	0.0	0.0 	0.0 	131.666666667 	25.0 	0.0 	0.0 	0.0 	-0.0 	25.0 	0.0 	0.0 	0.0 	8.79038857029	2.95082153704	145.470709151	-32.8785125586	
2.88333333333	0.0	0.0	0.0 	0.0 	132.083333333 	25.0 	0.0 	0.0 	0.0 	-0.0 	25.0 	0.0 	0.0 	0.0 	8.83761040062	2.95796988789	145.497603859	-33.0233298634	
2.9	0.0	0.0	0.0 	0.0 	132.5 	25.0 	0.0 	0.0 	0.0 	-0.0 	25.0 	0.0 	0.0 	0.0 	8.88455179479	2.9650800431	145.523605603	-33.169104932	
2.91666666667	0.0	0.0	0.0 	0.0 	132.916666667 	25.0 	0.0 	0.0 	0.0 	-0.0 	25.0 	0.0 	0.0 	0.0 	8.93121441823	2.97215263191	145.548706843	-33.3158268258	
2.93333333333	0.0	0.0	0.0 	0.0 	133.333333333 	25.0 	0.0 	0.0 	0.0 	-0.0 	25.0 	0.0 	0.0 	0.0 	8.97759992648	2.9791882688	145.572900191	-33.463484609	
2.95	0.0	0.0	0.0 	0.0 	133.75 	25.0 	0.0 	0.0 	0.0 	-0.0 	25.0 	0.0 	0.0 	0.0 	9.02370996523	2.98618755392	145.596178404	-33.6120673495	
2.96666666667	0.0	0.0	0.0 	0.0 	134.166666667 	25.0 	0.0 	0.0 	0.0 	-0.0 	25.0 	0.0 	0.0 	0.0 	9.06954617042	2.99315107357	145.618534386	-33.7615641201	
2.98333333333	0.0	0.0	0.0 	0.0 	134.583333333 	25.0 	0.0 	0.0 	0.0 	-0.0 	25.0 	0.0 	0.0 	0.0 	9.11511016825	3.00007940057	145.639961185	-33.9119639997	
3.0	0.0	0.0	0.0 	0.0 	135.0 	25.0 	0.0 	0.0 	0.0 	-0.0 	25.0 	0.0 	0.0 	0.0 	9.1604035753	3.00697309471	145.660451988	-34.0632560745	
3.01666666667	0.0	0.0	0.0 	0.0 	135.416666667 	25.0 	0.0 	0.0 	0.0 	-0.0 	25.0 	0.0 	0.0 	0.0 	9.20542799851	3.01383270314	145.680000124	-34.2154294387	
3.03333333333	0.0	0.0	0.0 	0.0 	135.833333333 	25.0 	0.0 	0.0 	0.0 	-0.0 	25.0 	0.0 	0.0 	0.0 	9.2501850353	3.02065876073	145.69859906	-34.3684731958	
3.05	0.0	0.0	0.0 	0.0 	136.25 	25.0 	0.0 	0.0 	0.0 	-0.0 	25.0 	0.0 	0.0 	0.0 	9.2946762736	3.02745179042	145.716242398	-34.5223764595	
3.06666666667	0.0	0.0	0.0 	0.0 	136.666666667 	25.0 	0.0 	0.0 	0.0 	-0.0 	25.0 	0.0 	0.0 	0.0 	9.3389032919	3.03421230362	145.732923876	-34.6771283546	
3.08333333333	0.0	0.0	0.0 	0.0 	137.083333333 	25.0 	0.0 	0.0 	0.0 	-0.0 	25.0 	0.0 	0.0 	0.0 	9.38286765932	3.04094080049	145.748637363	-34.8327180182	
3.1	0.0	0.0	0.0 	0.0 	137.5 	25.0 	0.0 	0.0 	0.0 	-0.0 	25.0 	0.0 	0.0 	0.0 	9.42657093567	3.04763777032	145.763376861	-34.9891346001	
3.11666666667	0.0	0.0	0.0 	0.0 	137.916666667 	25.0 	0.0 	0.0 	0.0 	-0.0 	25.0 	0.0 	0.0 	0.0 	9.4700146715	3.05430369179	145.777136501	-35.146367264	
3.13333333333	0.0	0.0	0.0 	0.0 	138.333333333 	25.0 	0.0 	0.0 	0.0 	-0.0 	25.0 	0.0 	0.0 	0.0 	9.51320040812	3.06093903332	145.789910543	-35.3044051883	
3.15	0.0	0.0	0.0 	0.0 	138.75 	25.0 	0.0 	0.0 	0.0 	-0.0 	25.0 	0.0 	0.0 	0.0 	9.55612967773	3.06754425332	145.80169337	-35.4632375671	
3.16666666667	0.0	0.0	0.0 	0.0 	139.166666667 	25.0 	0.0 	0.0 	0.0 	-0.0 	25.0 	0.0 	0.0 	0.0 	9.5988040034	3.07411980051	145.812479493	-35.6228536105	
3.18333333333	0.0	0.0	0.0 	0.0 	139.583333333 	25.0 	0.0 	0.0 	0.0 	-0.0 	25.0 	0.0 	0.0 	0.0 	9.64122489916	3.08066611415	145.822263545	-35.7832425457	
3.2	0.0	0.0	0.0 	0.0 	140.0 	25.0 	0.0 	0.0 	0.0 	-0.0 	25.0 	0.0 	0.0 	0.0 	9.68339387007	3.08718362435	145.831040281	-35.9443936177	
3.21666666667	0.0	0.0	0.0 	0.0 	140.416666667 	25.0 	0.0 	0.0 	0.0 	-0.0 	25.0 	0.0 	0.0 	0.0 	9.72531241222	3.09367275228	145.838804575	-36.1062960902	
3.23333333333	0.0	0.0	0.0 	0.0 	140.833333333 	25.0 	0.0 	0.0 	0.0 	-0.0 	25.0 	0.0 	0.0 	0.0 	9.76698201284	3.10013391043	145.845551422	-36.2689392458	
3.25	0.0	0.0	0.0 	0.0 	141.25 	25.0 	0.0 	0.0 	0.0 	-0.0 	25.0 	0.0 	0.0 	0.0 	9.80840415031	3.10656750287	145.851275932	-36.4323123872	
3.26666666667	0.0	0.0	0.0 	0.0 	141.666666667 	25.0 	0.0 	0.0 	0.0 	-0.0 	25.0 	0.0 	0.0 	0.0 	9.84958029424	3.11286151541	145.855991777	-36.5964043083	
3.28333333333	0.0	0.0	0.0 	0.0 	142.083333333 	25.0 	0.0 	0.0 	0.0 	-0.0 	25.0 	0.0 	0.0 	0.0 	9.89051190552	3.11810652585	145.859862918	-36.7612007122	
3.3	0.0	0.0	0.0 	0.0 	142.5 	25.0 	0.0 	0.0 	0.0 	-0.0 	25.0 	0.0 	0.0 	0.0 	9.93120043635	3.12247736789	145.863026688	-36.9266904804	
3.31666666667	0.0	0.0	0.0 	0.0 	142.916666667 	25.0 	0.0 	0.0 	0.0 	-0.0 	25.0 	0.0 	0.0 	0.0 	9.97164733031	3.12611973626	145.865598093	-37.0928647086	
3.33333333333	0.0	0.0	0.0 	0.0 	143.333333333 	25.0 	0.0 	0.0 	0.0 	-0.0 	25.0 	0.0 	0.0 	0.0 	10.0118540224	3.12915504323	145.867673432	-37.259716036	
3.35	0.0	0.0	0.0 	0.0 	143.75 	25.0 	0.0 	0.0 	0.0 	-0.0 	25.0 	0.0 	0.0 	0.0 	10.0518219391	3.13168446571	145.869333327	-37.4272381783	
3.36666666667	0.0	0.0	0.0 	0.0 	144.166666667 	25.0 	0.0 	0.0 	0.0 	-0.0 	25.0 	0.0 	0.0 	0.0 	10.0915524985	3.13379231777	145.870645272	-37.5954256031	
3.38333333333	0.0	0.0	0.0 	0.0 	144.583333333 	25.0 	0.0 	0.0 	0.0 	-0.0 	25.0 	0.0 	0.0 	0.0 	10.1310471101	3.13554886116	145.871665765	-37.7642733045	
3.4	0.0	0.0	0.0 	0.0 	145.0 	25.0 	0.0 	0.0 	0.0 	-0.0 	25.0 	0.0 	0.0 	0.0 	10.1703071752	3.13701264731	145.872442097	-37.9337766463	
3.41666666667	0.0	0.0	0.0 	0.0 	145.416666667 	25.0 	0.0 	0.0 	0.0 	-0.0 	25.0 	0.0 	0.0 	0.0 	10.2093340866	3.13823246911	145.87301385	-38.1039312538	
3.43333333333	0.0	0.0	0.0 	0.0 	145.833333333 	25.0 	0.0 	0.0 	0.0 	-0.0 	25.0 	0.0 	0.0 	0.0 	10.248129229	3.13924898727	145.873414153	-38.2747329385	
3.45	0.0	0.0	0.0 	0.0 	146.25 	25.0 	0.0 	0.0 	0.0 	-0.0 	25.0 	0.0 	0.0 	0.0 	10.2866939788	3.14009608574	145.873670732	-38.4461776461	
3.46666666667	0.0	0.0	0.0 	0.0 	146.666666667 	25.0 	0.0 	0.0 	0.0 	-0.0 	25.0 	0.0 	0.0 	0.0 	10.3250297042	3.14080200113	145.87380679	-38.6182614208	
3.48333333333	0.0	0.0	0.0 	0.0 	147.083333333 	25.0 	0.0 	0.0 	0.0 	-0.0 	25.0 	0.0 	0.0 	0.0 	10.3631377653	3.14139026396	145.873841747	-38.79098038	
3.5	0.0	0.0	0.0 	0.0 	147.5 	25.0 	0.0 	0.0 	0.0 	-0.0 	25.0 	0.0 	0.0 	0.0 	10.4010195142	3.14188048298	145.873791851	-38.964330698	
3.51666666667	0.0	0.0	0.0 	0.0 	147.916666667 	25.0 	0.0 	0.0 	0.0 	-0.0 	25.0 	0.0 	0.0 	0.0 	10.4386762949	3.14228899883	145.873670703	-39.1383085941	
3.53333333333	0.0	0.0	0.0 	0.0 	148.333333333 	25.0 	0.0 	0.0 	0.0 	-0.0 	25.0 	0.0 	0.0 	0.0 	10.4761094433	3.14262942871	145.87348968	-39.3129103243	
3.55	0.0	0.0	0.0 	0.0 	148.75 	25.0 	0.0 	0.0 	0.0 	-0.0 	25.0 	0.0 	0.0 	0.0 	10.5133202876	3.14291312027	145.873258305	-39.4881321764	
3.56666666667	0.0	0.0	0.0 	0.0 	149.166666667 	25.0 	0.0 	0.0 	0.0 	-0.0 	25.0 	0.0 	0.0 	0.0 	10.550310148	3.14314952991	145.872984547	-39.6639704657	
3.58333333333	0.0	0.0	0.0 	0.0 	149.583333333 	25.0 	0.0 	0.0 	0.0 	-0.0 	25.0 	0.0 	0.0 	0.0 	10.5870803368	3.14334653794	145.872675071	-39.8404215333	
3.6	0.0	0.0	0.0 	0.0 	150.0 	25.0 	0.0 	0.0 	0.0 	-0.0 	25.0 	0.0 	0.0 	0.0 	10.6236321585	3.1435107113	145.872335459	-40.0174817435	
3.61666666667	0.0	0.0	0.0 	0.0 	150.416666667 	25.0 	0.0 	0.0 	0.0 	-0.0 	25.0 	0.0 	0.0 	0.0 	10.6599669101	3.14364752243	145.871970379	-40.1951474836	
3.63333333333	0.0	0.0	0.0 	0.0 	150.833333333 	25.0 	0.0 	0.0 	0.0 	-0.0 	25.0 	0.0 	0.0 	0.0 	10.6960858805	3.1437615317	145.871583738	-40.3734151623	
3.65	0.0	0.0	0.0 	0.0 	151.25 	25.0 	0.0 	0.0 	0.0 	-0.0 	25.0 	0.0 	0.0 	0.0 	10.7319903513	3.14385653944	145.871178805	-40.5522812098	
3.66666666667	0.0	0.0	0.0 	0.0 	151.666666667 	25.0 	0.0 	0.0 	0.0 	-0.0 	25.0 	0.0 	0.0 	0.0 	10.7676815964	3.14393571254	145.870758316	-40.7317420772	
3.68333333333	0.0	0.0	0.0 	0.0 	152.083333333 	25.0 	0.0 	0.0 	0.0 	-0.0 	25.0 	0.0 	0.0 	0.0 	10.8031608819	3.14400169013	145.870324563	-40.9117942361	
3.7	0.0	0.0	0.0 	0.0 	152.5 	25.0 	0.0 	0.0 	0.0 	-0.0 	25.0 	0.0 	0.0 	0.0 	10.8384294667	3.14405667146	145.869879462	-41.0924341788	
3.71666666667	0.0	0.0	0.0 	0.0 	152.916666667 	25.0 	0.0 	0.0 	0.0 	-0.0 	25.0 	0.0 	0.0 	0.0 	10.8734886021	3.14410248923	145.869424618	-41.273658418	
3.73333333333	0.0	0.0	0.0 	0.0 	153.333333333 	25.0 	0.0 	0.0 	0.0 	-0.0 	25.0 	0.0 	0.0 	0.0 	10.9083395318	3.14414067071	145.868961375	-41.4554634867	
3.75	0.0	0.0	0.0 	0.0 	153.75 	25.0 	0.0 	0.0 	0.0 	-0.0 	25.0 	0.0 	0.0 	0.0 	10.9429834925	3.1441724886	145.868490857	-41.637845938	
3.76666666667	0.0	0.0	0.0 	0.0 	154.166666667 	25.0 	0.0 	0.0 	0.0 	-0.0 	25.0 	0.0 	0.0 	0.0 	10.9774217131	3.14419900352	145.868014008	-41.8208023451	
3.78333333333	0.0	0.0	0.0 	0.0 	154.583333333 	25.0 	0.0 	0.0 	0.0 	-0.0 	25.0 	0.0 	0.0 	0.0 	11.0116554156	3.14422109928	145.867531616	-42.0043293014	
3.8	0.0	0.0	0.0 	0.0 	155.0 	25.0 	0.0 	0.0 	0.0 	-0.0 	25.0 	0.0 	0.0 	0.0 	11.0456858144	3.14423951241	145.867044344	-42.1884234201	
3.81666666667	0.0	0.0	0.0 	0.0 	155.416666667 	25.0 	0.0 	0.0 	0.0 	-0.0 	25.0 	0.0 	0.0 	0.0 	11.0795141171	3.14425485669	145.866552746	-42.3730813344	
3.83333333333	0.0	0.0	0.0 	0.0 	155.833333333 	25.0 	0.0 	0.0 	0.0 	-0.0 	25.0 	0.0 	0.0 	0.0 	11.1131415237	3.14426764359	145.866057287	-42.5582996971	
3.85	0.0	0.0	0.0 	0.0 	156.25 	25.0 	0.0 	0.0 	0.0 	-0.0 	25.0 	0.0 	0.0 	0.0 	11.1465692273	3.14427829934	145.865558359	-42.7440751809	
3.86666666667	0.0	0.0	0.0 	0.0 	156.666666667 	25.0 	0.0 	0.0 	0.0 	-0.0 	25.0 	0.0 	0.0 	0.0 	11.1797984138	3.14428717913	145.865056289	-42.9304044781	
3.88333333333	0.0	0.0	0.0 	0.0 	157.083333333 	25.0 	0.0 	0.0 	0.0 	-0.0 	25.0 	0.0 	0.0 	0.0 	11.2128302623	3.14429457896	145.864551352	-43.1172843003	
3.9	0.0	0.0	0.0 	0.0 	157.5 	25.0 	0.0 	0.0 	0.0 	-0.0 	25.0 	0.0 	0.0 	0.0 	11.2456659447	3.14430074548	145.864043781	-43.3047113788	
3.91666666667	0.0	0.0	0.0 	0.0 	157.916666667 	25.0 	0.0 	0.0 	0.0 	-0.0 	25.0 	0.0 	0.0 	0.0 	11.2783066259	3.14430588425	145.863533771	-43.492682464	
3.93333333333	0.0	0.0	0.0 	0.0 	158.333333333 	25.0 	0.0 	0.0 	0.0 	-0.0 	25.0 	0.0 	0.0 	0.0 	11.3107534639	3.14431016655	145.863021486	-43.6811943256	
3.95	0.0	0.0	0.0 	0.0 	158.75 	25.0 	0.0 	0.0 	0.0 	-0.0 	25.0 	0.0 	0.0 	0.0 	11.34300761	3.14431373514	145.862507066	-43.8702437526	
3.96666666667	0.0	0.0	0.0 	0.0 	159.166666667 	25.0 	0.0 	0.0 	0.0 	-0.0 	25.0 	0.0 	0.0 	0.0 	11.3750702085	3.14431670897	145.861990628	-44.0598275526	
3.98333333333	0.0	0.0	0.0 	0.0 	159.583333333 	25.0 	0.0 	0.0 	0.0 	-0.0 	25.0 	0.0 	0.0 	0.0 	11.4069423969	3.14431918715	145.861472272	-44.2499425526	
4.0	0.0	0.0	0.0 	0.0 	160.0 	25.0 	0.0 	0.0 	0.0 	-0.0 	25.0 	0.0 	0.0 	0.0 	11.438625306	3.14432125231	145.860952082	-44.440585598	
4.01666666667	0.0	0.0	0.0 	0.0 	160.416666667 	25.0 	0.0 	0.0 	0.0 	-0.0 	25.0 	0.0 	0.0 	0.0 	11.47012006	3.14432297327	145.860430131	-44.6317535531	
4.03333333333	0.0	0.0	0.0 	0.0 	160.833333333 	25.0 	0.0 	0.0 	0.0 	-0.0 	25.0 	0.0 	0.0 	0.0 	11.5014277761	3.14432440741	145.859906481	-44.8234433008	
4.05	0.0	0.0	0.0 	0.0 	161.25 	25.0 	0.0 	0.0 	0.0 	-0.0 	25.0 	0.0 	0.0 	0.0 	11.5325495652	3.14432560252	145.859381184	-45.0156517424	
4.06666666667	0.0	0.0	0.0 	0.0 	161.666666667 	25.0 	0.0 	0.0 	0.0 	-0.0 	25.0 	0.0 	0.0 	0.0 	11.5634865313	3.14432659845	145.858854285	-45.2083757977	
4.08333333333	0.0	0.0	0.0 	0.0 	162.083333333 	25.0 	0.0 	0.0 	0.0 	-0.0 	25.0 	0.0 	0.0 	0.0 	11.5942397723	3.14432742839	145.858325825	-45.4016124046	
4.1	0.0	0.0	0.0 	0.0 	162.5 	25.0 	0.0 	0.0 	0.0 	-0.0 	25.0 	0.0 	0.0 	0.0 	11.624810379	3.14432812001	145.857795838	-45.5953585194	
4.11666666667	0.0	0.0	0.0 	0.0 	162.916666667 	25.0 	0.0 	0.0 	0.0 	-0.0 	25.0 	0.0 	0.0 	0.0 	11.6551994361	3.14432869635	145.857264353	-45.7896111162	
4.13333333333	0.0	0.0	0.0 	0.0 	163.333333333 	25.0 	0.0 	0.0 	0.0 	-0.0 	25.0 	0.0 	0.0 	0.0 	11.6854080218	3.14432917664	145.856731397	-45.9843671874	
4.15	0.0	0.0	0.0 	0.0 	163.75 	25.0 	0.0 	0.0 	0.0 	-0.0 	25.0 	0.0 	0.0 	0.0 	11.7154372079	3.14432957688	145.856196994	-46.1796237429	
4.16666666667	0.0	0.0	0.0 	0.0 	164.166666667 	25.0 	0.0 	0.0 	0.0 	-0.0 	25.0 	0.0 	0.0 	0.0 	11.7452880597	3.14432991042	145.855661163	-46.3753778105	
4.18333333333	0.0	0.0	0.0 	0.0 	164.583333333 	25.0 	0.0 	0.0 	0.0 	-0.0 	25.0 	0.0 	0.0 	0.0 	11.7749616364	3.14433018836	145.855123925	-46.5716264358	
4.2	0.0	0.0	0.0 	0.0 	165.0 	25.0 	0.0 	0.0 	0.0 	-0.0 	25.0 	0.0 	0.0 	0.0 	11.8044589907	3.14433041998	145.854585294	-46.7683666816	
4.21666666667	0.0	0.0	0.0 	0.0 	165.416666667 	25.0 	0.0 	0.0 	0.0 	-0.0 	25.0 	0.0 	0.0 	0.0 	11.8337811691	3.144330613	145.854045288	-46.9655956285	
4.23333333333	0.0	0.0	0.0 	0.0 	165.833333333 	25.0 	0.0 	0.0 	0.0 	-0.0 	25.0 	0.0 	0.0 	0.0 	11.8629292119	3.14433077385	145.85350392	-47.1633103742	
4.25	0.0	0.0	0.0 	0.0 	166.25 	25.0 	0.0 	0.0 	0.0 	-0.0 	25.0 	0.0 	0.0 	0.0 	11.8919041534	3.14433090789	145.852961203	-47.3615080337	
4.26666666667	0.0	0.0	0.0 	0.0 	166.666666667 	25.0 	0.0 	0.0 	0.0 	-0.0 	25.0 	0.0 	0.0 	0.0 	11.9207070215	3.14433101959	145.85241715	-47.5601857392	
4.28333333333	0.0	0.0	0.0 	0.0 	167.083333333 	25.0 	0.0 	0.0 	0.0 	-0.0 	25.0 	0.0 	0.0 	0.0 	11.949338838	3.14433111267	145.851871771	-47.7593406397	
4.3	0.0	0.0	0.0 	0.0 	167.5 	25.0 	0.0 	0.0 	0.0 	-0.0 	25.0 	0.0 	0.0 	0.0 	11.9778006188	3.14433119024	145.851325077	-47.9589699015	
4.31666666667	0.0	0.0	0.0 	0.0 	167.916666667 	25.0 	0.0 	0.0 	0.0 	-0.0 	25.0 	0.0 	0.0 	0.0 	12.0060933738	3.14433125488	145.85077708	-48.1590707073	
4.33333333333	0.0	0.0	0.0 	0.0 	168.333333333 	25.0 	0.0 	0.0 	0.0 	-0.0 	25.0 	0.0 	0.0 	0.0 	12.0342181066	3.14433130875	145.850227787	-48.3596402569	
4.35	0.0	0.0	0.0 	0.0 	168.75 	25.0 	0.0 	0.0 	0.0 	-0.0 	25.0 	0.0 	0.0 	0.0 	12.0621758152	3.14433135364	145.84967721	-48.5606757666	
4.36666666667	0.0	0.0	0.0 	0.0 	169.166666667 	25.0 	0.0 	0.0 	0.0 	-0.0 	25.0 	0.0 	0.0 	0.0 	12.0899674914	3.14433139105	145.849125357	-48.7621744691	
4.38333333333	0.0	0.0	0.0 	0.0 	169.583333333 	25.0 	0.0 	0.0 	0.0 	-0.0 	25.0 	0.0 	0.0 	0.0 	12.1175941212	3.14433142222	145.848572236	-48.9641336137	
4.4	0.0	0.0	0.0 	0.0 	170.0 	25.0 	0.0 	0.0 	0.0 	-0.0 	25.0 	0.0 	0.0 	0.0 	12.1450566849	3.1443314482	145.848017856	-49.1665504659	
4.41666666667	0.0	0.0	0.0 	0.0 	170.416666667 	25.0 	0.0 	0.0 	0.0 	-0.0 	25.0 	0.0 	0.0 	0.0 	12.1723561567	3.14433146985	145.847462226	-49.3694223076	
4.43333333333	0.0	0.0	0.0 	0.0 	170.833333333 	25.0 	0.0 	0.0 	0.0 	-0.0 	25.0 	0.0 	0.0 	0.0 	12.1994935052	3.14433148789	145.846905354	-49.5727464368	
4.45	0.0	0.0	0.0 	0.0 	171.25 	25.0 	0.0 	0.0 	0.0 	-0.0 	25.0 	0.0 	0.0 	0.0 	12.2264696932	3.14433150292	145.846347247	-49.7765201674	
4.46666666667	0.0	0.0	0.0 	0.0 	171.666666667 	25.0 	0.0 	0.0 	0.0 	-0.0 	25.0 	0.0 	0.0 	0.0 	12.2532856777	3.14433151545	145.845787913	-49.9807408294	
4.48333333333	0.0	0.0	0.0 	0.0 	172.083333333 	25.0 	0.0 	0.0 	0.0 	-0.0 	25.0 	0.0 	0.0 	0.0 	12.2799424103	3.14433152589	145.845227361	-50.1854057686	
4.5	0.0	0.0	0.0 	0.0 	172.5 	25.0 	0.0 	0.0 	0.0 	-0.0 	25.0 	0.0 	0.0 	0.0 	12.3064408366	3.14433153459	145.844665597	-50.3905123466	
4.51666666667	0.0	0.0	0.0 	0.0 	172.916666667 	25.0 	0.0 	0.0 	0.0 	-0.0 	25.0 	0.0 	0.0 	0.0 	12.3327818968	3.14433154184	145.844102629	-50.5960579406	
4.53333333333	0.0	0.0	0.0 	0.0 	173.333333333 	25.0 	0.0 	0.0 	0.0 	-0.0 	25.0 	0.0 	0.0 	0.0 	12.3589665253	3.14433154788	145.843538465	-50.8020399434	
4.55	0.0	0.0	0.0 	0.0 	173.75 	25.0 	0.0 	0.0 	0.0 	-0.0 	25.0 	0.0 	0.0 	0.0 	12.3849956513	3.14433155291	145.842973111	-51.0084557634	
4.56666666667	0.0	0.0	0.0 	0.0 	174.166666667 	25.0 	0.0 	0.0 	0.0 	-0.0 	25.0 	0.0 	0.0 	0.0 	12.4108701982	3.14433155711	145.842406575	-51.2153028242	
4.58333333333	0.0	0.0	0.0 	0.0 	174.583333333 	25.0 	0.0 	0.0 	0.0 	-0.0 	25.0 	0.0 	0.0 	0.0 	12.436591084	3.14433156061	145.841838865	-51.4225785648	
4.6	0.0	0.0	0.0 	0.0 	175.0 	25.0 	0.0 	0.0 	0.0 	-0.0 	25.0 	0.0 	0.0 	0.0 	12.4621592213	3.14433156352	145.841269987	-51.6302804394	
4.61666666667	0.0	0.0	0.0 	0.0 	175.416666667 	25.0 	0.0 	0.0 	0.0 	-0.0 	25.0 	0.0 	0.0 	0.0 	12.4875755171	3.14433156595	145.840699948	-51.8384059174	
4.63333333333	0.0	0.0	0.0 	0.0 	175.833333333 	25.0 	0.0 	0.0 	0.0 	-0.0 	25.0 	0.0 	0.0 	0.0 	12.5128408732	3.14433156797	145.840128755	-52.046952483	
4.65	0.0	0.0	0.0 	0.0 	176.25 	25.0 	0.0 	0.0 	0.0 	-0.0 	25.0 	0.0 	0.0 	0.0 	12.537956186	3.14433156966	145.839556416	-52.2559176357	
4.66666666667	0.0	0.0	0.0 	0.0 	176.666666667 	25.0 	0.0 	0.0 	0.0 	-0.0 	25.0 	0.0 	0.0 	0.0 	12.5629223466	3.14433157106	145.838982937	-52.4652988894	
4.68333333333	0.0	0.0	0.0 	0.0 	177.083333333 	25.0 	0.0 	0.0 	0.0 	-0.0 	25.0 	0.0 	0.0 	0.0 	12.5877402407	3.14433157223	145.838408324	-52.6750937732	
4.7	0.0	0.0	0.0 	0.0 	177.5 	25.0 	0.0 	0.0 	0.0 	-0.0 	25.0 	0.0 	0.0 	0.0 	12.6124107489	3.14433157321	145.837832585	-52.8852998306	
4.71666666667	0.0	0.0	0.0 	0.0 	177.916666667 	25.0 	0.0 	0.0 	0.0 	-0.0 	25.0 	0.0 	0.0 	0.0 	12.6369347463	3.14433157402	145.837255726	-53.0959146197	
4.73333333333	0.0	0.0	0.0 	0.0 	178.333333333 	25.0 	0.0 	0.0 	0.0 	-0.0 	25.0 	0.0 	0.0 	0.0 	12.6613131032	3.1443315747	145.836677755	-53.3069357132	
4.75	0.0	0.0	0.0 	0.0 	178.75 	25.0 	0.0 	0.0 	0.0 	-0.0 	25.0 	0.0 	0.0 	0.0 	12.6855466844	3.14433157526	145.836098677	-53.5183606983	
4.76666666667	0.0	0.0	0.0 	0.0 	179.166666667 	25.0 	0.0 	0.0 	0.0 	-0.0 	25.0 	0.0 	0.0 	0.0 	12.7096363497	3.14433157574	145.835518499	-53.7301871762	
4.78333333333	0.0	0.0	0.0 	0.0 	179.583333333 	25.0 	0.0 	0.0 	0.0 	-0.0 	25.0 	0.0 	0.0 	0.0 	12.7335829537	3.14433157613	145.834937228	-53.9424127628	
4.8	0.0	0.0	0.0 	0.0 	180.0 	25.0 	0.0 	0.0 	0.0 	-0.0 	25.0 	0.0 	0.0 	0.0 	12.7573873462	3.14433157645	145.834354871	-54.1550350877	
4.81666666667	0.0	0.0	0.0 	0.0 	180.416666667 	25.0 	0.0 	0.0 	0.0 	-0.0 	25.0 	0.0 	0.0 	0.0 	12.7810503715	3.14433157673	145.833771433	-54.3680517949	
4.83333333333	0.0	0.0	0.0 	0.0 	180.833333333 	25.0 	0.0 	0.0 	0.0 	-0.0 	25.0 	0.0 	0.0 	0.0 	12.8045728693	3.14433157695	145.833186921	-54.5814605422	
4.85	0.0	0.0	0.0 	0.0 	181.25 	25.0 	0.0 	0.0 	0.0 	-0.0 	25.0 	0.0 	0.0 	0.0 	12.8279556741	3.14433157714	145.832601342	-54.7952590015	
4.86666666667	0.0	0.0	0.0 	0.0 	181.666666667 	25.0 	0.0 	0.0 	0.0 	-0.0 	25.0 	0.0 	0.0 	0.0 	12.8511996155	3.1443315773	145.832014702	-55.0094448584	
4.88333333333	0.0	0.0	0.0 	0.0 	182.083333333 	25.0 	0.0 	0.0 	0.0 	-0.0 	25.0 	0.0 	0.0 	0.0 	12.8743055182	3.14433157743	145.831427007	-55.2240158122	
4.9	0.0	0.0	0.0 	0.0 	182.5 	25.0 	0.0 	0.0 	0.0 	-0.0 	25.0 	0.0 	0.0 	0.0 	12.8972742019	3.14433157754	145.830838264	-55.438969576	
4.91666666667	0.0	0.0	0.0 	0.0 	182.916666667 	25.0 	0.0 	0.0 	0.0 	-0.0 	25.0 	0.0 	0.0 	0.0 	12.9201064815	3.14433157763	145.830248478	-55.6543038763	
4.93333333333	0.0	0.0	0.0 	0.0 	183.333333333 	25.0 	0.0 	0.0 	0.0 	-0.0 	25.0 	0.0 	0.0 	0.0 	12.9428031672	3.14433157771	145.829657656	-55.8700164533	
4.95	0.0	0.0	0.0 	0.0 	183.75 	25.0 	0.0 	0.0 	0.0 	-0.0 	25.0 	0.0 	0.0 	0.0 	12.9653650641	3.14433157777	145.829065804	-56.0861050606	
4.96666666667	0.0	0.0	0.0 	0.0 	184.166666667 	25.0 	0.0 	0.0 	0.0 	-0.0 	25.0 	0.0 	0.0 	0.0 	12.9877929727	3.14433157782	145.828472929	-56.3025674649	
4.98333333333	0.0	0.0	0.0 	0.0 	184.583333333 	25.0 	0.0 	0.0 	0.0 	-0.0 	25.0 	0.0 	0.0 	0.0 	13.0100876887	3.14433157787	145.827879035	-56.5194014464	
5.0	0.0	0.0	0.0 	0.0 	185.0 	25.0 	0.0 	0.0 	0.0 	-0.0 	25.0 	0.0 	0.0 	0.0 	13.0322500032	3.1443315779	145.82728413	-56.7366047984	
5.01666666667	0.0	0.0	0.0 	0.0 	185.416666667 	25.0 	0.0 	0.0 	0.0 	-0.0 	25.0 	0.0 	0.0 	0.0 	13.0542807024	3.14433157794	145.826688219	-56.9541753273	
5.03333333333	0.0	0.0	0.0 	0.0 	185.833333333 	25.0 	0.0 	0.0 	0.0 	-0.0 	25.0 	0.0 	0.0 	0.0 	13.076180568	3.14433157796	145.826091309	-57.1721108527	
5.05	0.0	0.0	0.0 	0.0 	186.25 	25.0 	0.0 	0.0 	0.0 	-0.0 	25.0 	0.0 	0.0 	0.0 	13.0979503769	3.14433157798	145.825493405	-57.3904092068	
5.06666666667	0.0	0.0	0.0 	0.0 	186.666666667 	25.0 	0.0 	0.0 	0.0 	-0.0 	25.0 	0.0 	0.0 	0.0 	13.1195909015	3.144331578	145.824894513	-57.609068235	
5.08333333333	0.0	0.0	0.0 	0.0 	187.083333333 	25.0 	0.0 	0.0 	0.0 	-0.0 	25.0 	0.0 	0.0 	0.0 	13.1411029095	3.14433157801	145.824294639	-57.8280857953	
5.1	0.0	0.0	0.0 	0.0 	187.5 	25.0 	0.0 	0.0 	0.0 	-0.0 	25.0 	0.0 	0.0 	0.0 	13.1624871643	3.14433157803	145.823693789	-58.0474597586	
5.11666666667	0.0	0.0	0.0 	0.0 	187.916666667 	25.0 	0.0 	0.0 	0.0 	-0.0 	25.0 	0.0 	0.0 	0.0 	13.1837444244	3.14433157804	145.823091968	-58.2671880081	
5.13333333333	0.0	0.0	0.0 	0.0 	188.333333333 	25.0 	0.0 	0.0 	0.0 	-0.0 	25.0 	0.0 	0.0 	0.0 	13.2048754441	3.14433157805	145.822489183	-58.4872684401	
5.15	0.0	0.0	0.0 	0.0 	188.75 	25.0 	0.0 	0.0 	0.0 	-0.0 	25.0 	0.0 	0.0 	0.0 	13.2258809731	3.14433157805	145.821885439	-58.7076989628	
5.16666666667	0.0	0.0	0.0 	0.0 	189.166666667 	25.0 	0.0 	0.0 	0.0 	-0.0 	25.0 	0.0 	0.0 	0.0 	13.2467617566	3.14433157806	145.821280741	-58.9284774973	
5.18333333333	0.0	0.0	0.0 	0.0 	189.583333333 	25.0 	0.0 	0.0 	0.0 	-0.0 	25.0 	0.0 	0.0 	0.0 	13.2675185354	3.14433157806	145.820675097	-59.1496019768	
5.2	0.0	0.0	0.0 	0.0 	190.0 	25.0 	0.0 	0.0 	0.0 	-0.0 	25.0 	0.0 	0.0 	0.0 	13.288152046	3.14433157807	145.82006851	-59.3710703469	
5.21666666667	0.0	0.0	0.0 	0.0 	190.416666667 	25.0 	0.0 	0.0 	0.0 	-0.0 	25.0 	0.0 	0.0 	0.0 	13.3086630205	3.14433157807	145.819460987	-59.5928805652	
5.23333333333	0.0	0.0	0.0 	0.0 	190.833333333 	25.0 	0.0 	0.0 	0.0 	-0.0 	25.0 	0.0 	0.0 	0.0 	13.3290521864	3.14433157807	145.818852533	-59.8150306018	
5.25	0.0	0.0	0.0 	0.0 	191.25 	25.0 	0.0 	0.0 	0.0 	-0.0 	25.0 	0.0 	0.0 	0.0 	13.3493202673	3.14433157808	145.818243155	-60.0375184384	
5.26666666667	0.0	0.0	0.0 	0.0 	191.666666667 	25.0 	0.0 	0.0 	0.0 	-0.0 	25.0 	0.0 	0.0 	0.0 	13.3694679822	3.14433157808	145.817632856	-60.260342069	
5.28333333333	0.0	0.0	0.0 	0.0 	192.083333333 	25.0 	0.0 	0.0 	0.0 	-0.0 	25.0 	0.0 	0.0 	0.0 	13.3894960459	3.14433157808	145.817021643	-60.4834994994	
5.3	0.0	0.0	0.0 	0.0 	192.5 	25.0 	0.0 	0.0 	0.0 	-0.0 	25.0 	0.0 	0.0 	0.0 	13.409405169	3.14433157808	145.816409521	-60.7069887472	
5.31666666667	0.0	0.0	0.0 	0.0 	192.916666667 	25.0 	0.0 	0.0 	0.0 	-0.0 	25.0 	0.0 	0.0 	0.0 	13.4291960579	3.14433157808	145.815796496	-60.930807842	
5.33333333333	0.0	0.0	0.0 	0.0 	193.333333333 	25.0 	0.0 	0.0 	0.0 	-0.0 	25.0 	0.0 	0.0 	0.0 	13.4488694146	3.14433157808	145.815182573	-61.1549548248	
5.35	0.0	0.0	0.0 	0.0 	193.75 	25.0 	0.0 	0.0 	0.0 	-0.0 	25.0 	0.0 	0.0 	0.0 	13.4684259372	3.14433157808	145.814567757	-61.3794277485	
5.36666666667	0.0	0.0	0.0 	0.0 	194.166666667 	25.0 	0.0 	0.0 	0.0 	-0.0 	25.0 	0.0 	0.0 	0.0 	13.4878663196	3.14433157808	145.813952054	-61.6042246773	
5.38333333333	0.0	0.0	0.0 	0.0 	194.583333333 	25.0 	0.0 	0.0 	0.0 	-0.0 	25.0 	0.0 	0.0 	0.0 	13.5071912514	3.14433157809	145.813335468	-61.8293436871	
5.4	0.0	0.0	0.0 	0.0 	195.0 	25.0 	0.0 	0.0 	0.0 	-0.0 	25.0 	0.0 	0.0 	0.0 	13.5264014183	3.14433157809	145.812718006	-62.0547828651	
5.41666666667	0.0	0.0	0.0 	0.0 	195.416666667 	25.0 	0.0 	0.0 	0.0 	-0.0 	25.0 	0.0 	0.0 	0.0 	13.5454975019	3.14433157809	145.812099672	-62.2805403101	
5.43333333333	0.0	0.0	0.0 	0.0 	195.833333333 	25.0 	0.0 	0.0 	0.0 	-0.0 	25.0 	0.0 	0.0 	0.0 	13.5644801795	3.14433157809	145.811480471	-62.5066141317	
5.45	0.0	0.0	0.0 	0.0 	196.25 	25.0 	0.0 	0.0 	0.0 	-0.0 	25.0 	0.0 	0.0 	0.0 	13.5833501248	3.14433157809	145.810860409	-62.7330024513	
5.46666666667	0.0	0.0	0.0 	0.0 	196.666666667 	25.0 	0.0 	0.0 	0.0 	-0.0 	25.0 	0.0 	0.0 	0.0 	13.6021080072	3.14433157809	145.810239491	-62.9597034011	
5.48333333333	0.0	0.0	0.0 	0.0 	197.083333333 	25.0 	0.0 	0.0 	0.0 	-0.0 	25.0 	0.0 	0.0 	0.0 	13.6207544922	3.14433157809	145.809617721	-63.1867151245	
5.5	0.0	0.0	0.0 	0.0 	197.5 	25.0 	0.0 	0.0 	0.0 	-0.0 	25.0 	0.0 	0.0 	0.0 	13.6392902414	3.14433157809	145.808995105	-63.4140357759	
5.51666666667	0.0	0.0	0.0 	0.0 	197.916666667 	25.0 	0.0 	0.0 	0.0 	-0.0 	25.0 	0.0 	0.0 	0.0 	13.6577159124	3.14433157809	145.808371649	-63.6416635206	
5.53333333333	0.0	0.0	0.0 	0.0 	198.333333333 	25.0 	0.0 	0.0 	0.0 	-0.0 	25.0 	0.0 	0.0 	0.0 	13.6760321589	3.14433157809	145.807747356	-63.869596535	
5.55	0.0	0.0	0.0 	0.0 	198.75 	25.0 	0.0 	0.0 	0.0 	-0.0 	25.0 	0.0 	0.0 	0.0 	13.6942396308	3.14433157809	145.807122232	-64.0978330061	
5.56666666667	0.0	0.0	0.0 	0.0 	199.166666667 	25.0 	0.0 	0.0 	0.0 	-0.0 	25.0 	0.0 	0.0 	0.0 	13.7123389739	3.14433157809	145.806496281	-64.3263711318	
5.58333333333	0.0	0.0	0.0 	0.0 	199.583333333 	25.0 	0.0 	0.0 	0.0 	-0.0 	25.0 	0.0 	0.0 	0.0 	13.7303308306	3.14433157809	145.80586951	-64.5552091206	
5.6	0.0	0.0	0.0 	0.0 	200.0 	25.0 	0.0 	0.0 	0.0 	-0.0 	25.0 	0.0 	0.0 	0.0 	13.7482158391	3.14433157809	145.805241922	-64.7843451918	
5.61666666667	0.0	0.0	0.0 	0.0 	200.416666667 	25.0 	0.0 	0.0 	0.0 	-0.0 	25.0 	0.0 	0.0 	0.0 	13.7659946339	3.14433157809	145.804613522	-65.0137775751	
5.63333333333	0.0	0.0	0.0 	0.0 	200.833333333 	25.0 	0.0 	0.0 	0.0 	-0.0 	25.0 	0.0 	0.0 	0.0 	13.7836678459	3.14433157809	145.803984316	-65.2435045109	
5.65	0.0	0.0	0.0 	0.0 	201.25 	25.0 	0.0 	0.0 	0.0 	-0.0 	25.0 	0.0 	0.0 	0.0 	13.8012361019	3.14433157809	145.803354308	-65.4735242498	
5.66666666667	0.0	0.0	0.0 	0.0 	201.666666667 	25.0 	0.0 	0.0 	0.0 	-0.0 	25.0 	0.0 	0.0 	0.0 	13.8187000255	3.14433157809	145.802723502	-65.703835053	
5.68333333333	0.0	0.0	0.0 	0.0 	202.083333333 	25.0 	0.0 	0.0 	0.0 	-0.0 	25.0 	0.0 	0.0 	0.0 	13.8360602361	3.14433157809	145.802091904	-65.934435192	
5.7	0.0	0.0	0.0 	0.0 	202.5 	25.0 	0.0 	0.0 	0.0 	-0.0 	25.0 	0.0 	0.0 	0.0 	13.8533173496	3.14433157809	145.801459519	-66.1653229485	
5.71666666667	0.0	0.0	0.0 	0.0 	202.916666667 	25.0 	0.0 	0.0 	0.0 	-0.0 	25.0 	0.0 	0.0 	0.0 	13.8704719784	3.14433157809	145.80082635	-66.3964966144	
5.73333333333	0.0	0.0	0.0 	0.0 	203.333333333 	25.0 	0.0 	0.0 	0.0 	-0.0 	25.0 	0.0 	0.0 	0.0 	13.887524731	3.14433157809	145.800192403	-66.6279544917	
5.75	0.0	0.0	0.0 	0.0 	203.75 	25.0 	0.0 	0.0 	0.0 	-0.0 	25.0 	0.0 	0.0 	0.0 	13.9044762125	3.14433157809	145.799557682	-66.8596948927	
5.76666666667	0.0	0.0	0.0 	0.0 	204.166666667 	25.0 	0.0 	0.0 	0.0 	-0.0 	25.0 	0.0 	0.0 	0.0 	13.9213270242	3.14433157809	145.798922191	-67.0917161395	
5.78333333333	0.0	0.0	0.0 	0.0 	204.583333333 	25.0 	0.0 	0.0 	0.0 	-0.0 	25.0 	0.0 	0.0 	0.0 	13.9380777641	3.14433157809	145.798285936	-67.3240165642	
5.8	0.0	0.0	0.0 	0.0 	205.0 	25.0 	0.0 	0.0 	0.0 	-0.0 	25.0 	0.0 	0.0 	0.0 	13.9547290264	3.14433157809	145.797648921	-67.556594509	
5.81666666667	0.0	0.0	0.0 	0.0 	205.416666667 	25.0 	0.0 	0.0 	0.0 	-0.0 	25.0 	0.0 	0.0 	0.0 	13.971281402	3.14433157809	145.797011151	-67.7894483256	
5.83333333333	0.0	0.0	0.0 	0.0 	205.833333333 	25.0 	0.0 	0.0 	0.0 	-0.0 	25.0 	0.0 	0.0 	0.0 	13.9877354779	3.14433157809	145.796372629	-68.0225763758	
5.85	0.0	0.0	0.0 	0.0 	206.25 	25.0 	0.0 	0.0 	0.0 	-0.0 	25.0 	0.0 	0.0 	0.0 	14.0040918381	3.14433157809	145.795733361	-68.255977031	
5.86666666667	0.0	0.0	0.0 	0.0 	206.666666667 	25.0 	0.0 	0.0 	0.0 	-0.0 	25.0 	0.0 	0.0 	0.0 	14.0203510628	3.14433157809	145.79509335	-68.4896486722	
5.88333333333	0.0	0.0	0.0 	0.0 	207.083333333 	25.0 	0.0 	0.0 	0.0 	-0.0 	25.0 	0.0 	0.0 	0.0 	14.0365137289	3.14433157809	145.794452602	-68.7235896902	
5.9	0.0	0.0	0.0 	0.0 	207.5 	25.0 	0.0 	0.0 	0.0 	-0.0 	25.0 	0.0 	0.0 	0.0 	14.0525804098	3.14433157809	145.79381112	-68.9577984852	
5.91666666667	0.0	0.0	0.0 	0.0 	207.916666667 	25.0 	0.0 	0.0 	0.0 	-0.0 	25.0 	0.0 	0.0 	0.0 	14.0685516756	3.14433157809	145.793168909	-69.192273467	
5.93333333333	0.0	0.0	0.0 	0.0 	208.333333333 	25.0 	0.0 	0.0 	0.0 	-0.0 	25.0 	0.0 	0.0 	0.0 	14.0844280929	3.14433157809	145.792525973	-69.4270130547	
5.95	0.0	0.0	0.0 	0.0 	208.75 	25.0 	0.0 	0.0 	0.0 	-0.0 	25.0 	0.0 	0.0 	0.0 	14.1002102249	3.14433157809	145.791882317	-69.662015677	
5.96666666667	0.0	0.0	0.0 	0.0 	209.166666667 	25.0 	0.0 	0.0 	0.0 	-0.0 	25.0 	0.0 	0.0 	0.0 	14.1158986316	3.14433157809	145.791237945	-69.8972797718	
5.98333333333	0.0	0.0	0.0 	0.0 	209.583333333 	25.0 	0.0 	0.0 	0.0 	-0.0 	25.0 	0.0 	0.0 	0.0 	14.1314938696	3.14433157809	145.790592861	-70.1328037862	
6.0	0.0	0.0	0.0 	0.0 	210.0 	25.0 	0.0 	0.0 	0.0 	-0.0 	25.0 	0.0 	0.0 	0.0 	14.1469964922	3.14433157809	145.789947069	-70.3685861767	
6.01666666667	0.0	0.0	0.0 	0.0 	210.416666667 	25.0 	0.0 	0.0 	0.0 	-0.0 	25.0 	0.0 	0.0 	0.0 	14.1624070494	3.14433157809	145.789300574	-70.6046254088	
6.03333333333	0.0	0.0	0.0 	0.0 	210.833333333 	25.0 	0.0 	0.0 	0.0 	-0.0 	25.0 	0.0 	0.0 	0.0 	14.177726088	3.14433157809	145.788653379	-70.8409199573	
6.05	0.0	0.0	0.0 	0.0 	211.25 	25.0 	0.0 	0.0 	0.0 	-0.0 	25.0 	0.0 	0.0 	0.0 	14.1929541515	3.14433157809	145.78800549	-71.0774683059	
6.06666666667	0.0	0.0	0.0 	0.0 	211.666666667 	25.0 	0.0 	0.0 	0.0 	-0.0 	25.0 	0.0 	0.0 	0.0 	14.2080917801	3.14433157809	145.787356909	-71.3142689474	
6.08333333333	0.0	0.0	0.0 	0.0 	212.083333333 	25.0 	0.0 	0.0 	0.0 	-0.0 	25.0 	0.0 	0.0 	0.0 	14.2231395109	3.14433157809	145.786707641	-71.5513203834	
6.1	0.0	0.0	0.0 	0.0 	212.5 	25.0 	0.0 	0.0 	0.0 	-0.0 	25.0 	0.0 	0.0 	0.0 	14.2380978778	3.14433157809	145.786057691	-71.7886211246	
6.11666666667	0.0	0.0	0.0 	0.0 	212.916666667 	25.0 	0.0 	0.0 	0.0 	-0.0 	25.0 	0.0 	0.0 	0.0 	14.2529674115	3.14433157809	145.785407062	-72.0261696905	
6.13333333333	0.0	0.0	0.0 	0.0 	213.333333333 	25.0 	0.0 	0.0 	0.0 	-0.0 	25.0 	0.0 	0.0 	0.0 	14.2677486395	3.14433157809	145.784755758	-72.2639646092	
6.15	0.0	0.0	0.0 	0.0 	213.75 	25.0 	0.0 	0.0 	0.0 	-0.0 	25.0 	0.0 	0.0 	0.0 	14.2824420863	3.14433157809	145.784103783	-72.5020044178	
6.16666666667	0.0	0.0	0.0 	0.0 	214.166666667 	25.0 	0.0 	0.0 	0.0 	-0.0 	25.0 	0.0 	0.0 	0.0 	14.2970482731	3.14433157809	145.783451142	-72.7402876619	
6.18333333333	0.0	0.0	0.0 	0.0 	214.583333333 	25.0 	0.0 	0.0 	0.0 	-0.0 	25.0 	0.0 	0.0 	0.0 	14.3115677182	3.14433157809	145.782797837	-72.9788128958	
6.2	0.0	0.0	0.0 	0.0 	215.0 	25.0 	0.0 	0.0 	0.0 	-0.0 	25.0 	0.0 	0.0 	0.0 	14.3260009368	3.14433157809	145.782143874	-73.2175786825	
6.21666666667	0.0	0.0	0.0 	0.0 	215.416666667 	25.0 	0.0 	0.0 	0.0 	-0.0 	25.0 	0.0 	0.0 	0.0 	14.3403484408	3.14433157809	145.781489256	-73.4565835934	
6.23333333333	0.0	0.0	0.0 	0.0 	215.833333333 	25.0 	0.0 	0.0 	0.0 	-0.0 	25.0 	0.0 	0.0 	0.0 	14.3546107393	3.14433157809	145.780833987	-73.6958262084	
6.25	0.0	0.0	0.0 	0.0 	216.25 	25.0 	0.0 	0.0 	0.0 	-0.0 	25.0 	0.0 	0.0 	0.0 	14.3687883384	3.14433157809	145.780178071	-73.9353051157	
6.26666666667	0.0	0.0	0.0 	0.0 	216.666666667 	25.0 	0.0 	0.0 	0.0 	-0.0 	25.0 	0.0 	0.0 	0.0 	14.382881741	3.14433157809	145.779521511	-74.1750189123	
6.28333333333	0.0	0.0	0.0 	0.0 	217.083333333 	25.0 	0.0 	0.0 	0.0 	-0.0 	25.0 	0.0 	0.0 	0.0 	14.3968914471	3.14433157809	145.778864312	-74.4149662031	
6.3	0.0	0.0	0.0 	0.0 	217.5 	25.0 	0.0 	0.0 	0.0 	-0.0 	25.0 	0.0 	0.0 	0.0 	14.4108179538	3.14433157809	145.778206477	-74.6551456014	
6.31666666667	0.0	0.0	0.0 	0.0 	217.916666667 	25.0 	0.0 	0.0 	0.0 	-0.0 	25.0 	0.0 	0.0 	0.0 	14.4246617553	3.14433157809	145.77754801	-74.8955557289	
6.33333333333	0.0	0.0	0.0 	0.0 	218.333333333 	25.0 	0.0 	0.0 	0.0 	-0.0 	25.0 	0.0 	0.0 	0.0 	14.4384233425	3.14433157809	145.776888915	-75.1361952154	
6.35	0.0	0.0	0.0 	0.0 	218.75 	25.0 	0.0 	0.0 	0.0 	-0.0 	25.0 	0.0 	0.0 	0.0 	14.4521032039	3.14433157809	145.776229196	-75.3770626986	
6.36666666667	0.0	0.0	0.0 	0.0 	219.166666667 	25.0 	0.0 	0.0 	0.0 	-0.0 	25.0 	0.0 	0.0 	0.0 	14.4657018247	3.14433157809	145.775568856	-75.6181568247	
6.38333333333	0.0	0.0	0.0 	0.0 	219.583333333 	25.0 	0.0 	0.0 	0.0 	-0.0 	25.0 	0.0 	0.0 	0.0 	14.4792196875	3.14433157809	145.774907898	-75.8594762477	
6.4	0.0	0.0	0.0 	0.0 	220.0 	25.0 	0.0 	0.0 	0.0 	-0.0 	25.0 	0.0 	0.0 	0.0 	14.4926572717	3.14433157809	145.774246328	-76.1010196296	
6.41666666667	0.0	0.0	0.0 	0.0 	220.416666667 	25.0 	0.0 	0.0 	0.0 	-0.0 	25.0 	0.0 	0.0 	0.0 	14.5060150542	3.14433157809	145.773584147	-76.3427856403	
6.43333333333	0.0	0.0	0.0 	0.0 	220.833333333 	25.0 	0.0 	0.0 	0.0 	-0.0 	25.0 	0.0 	0.0 	0.0 	14.5192935088	3.14433157809	145.77292136	-76.5847729578	
6.45	0.0	0.0	0.0 	0.0 	221.25 	25.0 	0.0 	0.0 	0.0 	-0.0 	25.0 	0.0 	0.0 	0.0 	14.5324931068	3.14433157809	145.772257971	-76.8269802678	
6.46666666667	0.0	0.0	0.0 	0.0 	221.666666667 	25.0 	0.0 	0.0 	0.0 	-0.0 	25.0 	0.0 	0.0 	0.0 	14.5456143163	3.14433157809	145.771593983	-77.0694062637	
6.48333333333	0.0	0.0	0.0 	0.0 	222.083333333 	25.0 	0.0 	0.0 	0.0 	-0.0 	25.0 	0.0 	0.0 	0.0 	14.5586576029	3.14433157809	145.770929399	-77.312049647	
6.5	0.0	0.0	0.0 	0.0 	222.5 	25.0 	0.0 	0.0 	0.0 	-0.0 	25.0 	0.0 	0.0 	0.0 	14.5716234294	3.14433157809	145.770264224	-77.5549091265	
6.51666666667	0.0	0.0	0.0 	0.0 	222.916666667 	25.0 	0.0 	0.0 	0.0 	-0.0 	25.0 	0.0 	0.0 	0.0 	14.5845122558	3.14433157809	145.76959846	-77.7979834191	
6.53333333333	0.0	0.0	0.0 	0.0 	223.333333333 	25.0 	0.0 	0.0 	0.0 	-0.0 	25.0 	0.0 	0.0 	0.0 	14.5973245393	3.14433157809	145.768932112	-78.0412712488	
6.55	0.0	0.0	0.0 	0.0 	223.75 	25.0 	0.0 	0.0 	0.0 	-0.0 	25.0 	0.0 	0.0 	0.0 	14.6100607346	3.14433157809	145.768265182	-78.2847713477	
6.56666666667	0.0	0.0	0.0 	0.0 	224.166666667 	25.0 	0.0 	0.0 	0.0 	-0.0 	25.0 	0.0 	0.0 	0.0 	14.6227212934	3.14433157809	145.767597674	-78.5284824552	
6.58333333333	0.0	0.0	0.0 	0.0 	224.583333333 	25.0 	0.0 	0.0 	0.0 	-0.0 	25.0 	0.0 	0.0 	0.0 	14.6353066651	3.14433157809	145.766929591	-78.772403318	
6.6	0.0	0.0	0.0 	0.0 	225.0 	25.0 	0.0 	0.0 	0.0 	-0.0 	25.0 	0.0 	0.0 	0.0 	14.647817296	3.14433157809	145.766260937	-79.0165326906	
6.61666666667	0.0	0.0	0.0 	0.0 	225.416666667 	25.0 	0.0 	0.0 	0.0 	-0.0 	25.0 	0.0 	0.0 	0.0 	14.6602536301	3.14433157809	145.765591716	-79.2608693346	
6.63333333333	0.0	0.0	0.0 	0.0 	225.833333333 	25.0 	0.0 	0.0 	0.0 	-0.0 	25.0 	0.0 	0.0 	0.0 	14.6726161085	3.14433157809	145.764921931	-79.5054120192	
6.65	0.0	0.0	0.0 	0.0 	226.25 	25.0 	0.0 	0.0 	0.0 	-0.0 	25.0 	0.0 	0.0 	0.0 	14.6849051699	3.14433157809	145.764251584	-79.7501595207	
6.66666666667	0.0	0.0	0.0 	0.0 	226.666666667 	25.0 	0.0 	0.0 	0.0 	-0.0 	25.0 	0.0 	0.0 	0.0 	14.6971212503	3.14433157809	145.76358068	-79.9951106227	
6.68333333333	0.0	0.0	0.0 	0.0 	227.083333333 	25.0 	0.0 	0.0 	0.0 	-0.0 	25.0 	0.0 	0.0 	0.0 	14.7092647831	3.14433157809	145.762909221	-80.2402641162	
6.7	0.0	0.0	0.0 	0.0 	227.5 	25.0 	0.0 	0.0 	0.0 	-0.0 	25.0 	0.0 	0.0 	0.0 	14.7213361992	3.14433157809	145.762237211	-80.4856187993	
6.71666666667	0.0	0.0	0.0 	0.0 	227.916666667 	25.0 	0.0 	0.0 	0.0 	-0.0 	25.0 	0.0 	0.0 	0.0 	14.7333359267	3.14433157809	145.761564654	-80.731173477	
6.73333333333	0.0	0.0	0.0 	0.0 	228.333333333 	25.0 	0.0 	0.0 	0.0 	-0.0 	25.0 	0.0 	0.0 	0.0 	14.7452643915	3.14433157809	145.760891552	-80.9769269617	
6.75	0.0	0.0	0.0 	0.0 	228.75 	25.0 	0.0 	0.0 	0.0 	-0.0 	25.0 	0.0 	0.0 	0.0 	14.7571220168	3.14433157809	145.760217909	-81.2228780728	
6.76666666667	0.0	0.0	0.0 	0.0 	229.166666667 	25.0 	0.0 	0.0 	0.0 	-0.0 	25.0 	0.0 	0.0 	0.0 	14.7689092232	3.14433157809	145.759543728	-81.4690256366	
6.78333333333	0.0	0.0	0.0 	0.0 	229.583333333 	25.0 	0.0 	0.0 	0.0 	-0.0 	25.0 	0.0 	0.0 	0.0 	14.780626429	3.14433157809	145.758869011	-81.7153684864	
6.8	0.0	0.0	0.0 	0.0 	230.0 	25.0 	0.0 	0.0 	0.0 	-0.0 	25.0 	0.0 	0.0 	0.0 	14.7922740498	3.14433157809	145.758193764	-81.9619054625	
6.81666666667	0.0	0.0	0.0 	0.0 	230.416666667 	25.0 	0.0 	0.0 	0.0 	-0.0 	25.0 	0.0 	0.0 	0.0 	14.8038524989	3.14433157809	145.757517987	-82.2086354121	
6.83333333333	0.0	0.0	0.0 	0.0 	230.833333333 	25.0 	0.0 	0.0 	0.0 	-0.0 	25.0 	0.0 	0.0 	0.0 	14.8153621871	3.14433157809	145.756841685	-82.455557189	
6.85	0.0	0.0	0.0 	0.0 	231.25 	25.0 	0.0 	0.0 	0.0 	-0.0 	25.0 	0.0 	0.0 	0.0 	14.8268035228	3.14433157809	145.756164861	-82.7026696542	
6.86666666667	0.0	0.0	0.0 	0.0 	231.666666667 	25.0 	0.0 	0.0 	0.0 	-0.0 	25.0 	0.0 	0.0 	0.0 	14.8381769119	3.14433157809	145.755487518	-82.9499716751	
6.88333333333	0.0	0.0	0.0 	0.0 	232.083333333 	25.0 	0.0 	0.0 	0.0 	-0.0 	25.0 	0.0 	0.0 	0.0 	14.8494827578	3.14433157809	145.754809659	-83.1974621261	
6.9	0.0	0.0	0.0 	0.0 	232.5 	25.0 	0.0 	0.0 	0.0 	-0.0 	25.0 	0.0 	0.0 	0.0 	14.8607214617	3.14433157809	145.754131286	-83.4451398881	
6.91666666667	0.0	0.0	0.0 	0.0 	232.916666667 	25.0 	0.0 	0.0 	0.0 	-0.0 	25.0 	0.0 	0.0 	0.0 	14.8718934224	3.14433157809	145.753452404	-83.6930038488	
6.93333333333	0.0	0.0	0.0 	0.0 	233.333333333 	25.0 	0.0 	0.0 	0.0 	-0.0 	25.0 	0.0 	0.0 	0.0 	14.8829990362	3.14433157809	145.752773015	-83.9410529023	
6.95	0.0	0.0	0.0 	0.0 	233.75 	25.0 	0.0 	0.0 	0.0 	-0.0 	25.0 	0.0 	0.0 	0.0 	14.8940386971	3.14433157809	145.752093121	-84.1892859495	
6.96666666667	0.0	0.0	0.0 	0.0 	234.166666667 	25.0 	0.0 	0.0 	0.0 	-0.0 	25.0 	0.0 	0.0 	0.0 	14.9050127967	3.14433157809	145.751412727	-84.4377018977	
6.98333333333	0.0	0.0	0.0 	0.0 	234.583333333 	25.0 	0.0 	0.0 	0.0 	-0.0 	25.0 	0.0 	0.0 	0.0 	14.9159217246	3.14433157809	145.750731835	-84.6862996606	
7.0	0.0	0.0	0.0 	0.0 	235.0 	25.0 	0.0 	0.0 	0.0 	-0.0 	25.0 	0.0 	0.0 	0.0 	14.9267658676	3.14433157809	145.750050448	-84.9350781586	
7.01666666667	0.0	0.0	0.0 	0.0 	235.416666667 	25.0 	0.0 	0.0 	0.0 	-0.0 	25.0 	0.0 	0.0 	0.0 	14.9375456105	3.14433157809	145.749368568	-85.1840363183	
7.03333333333	0.0	0.0	0.0 	0.0 	235.833333333 	25.0 	0.0 	0.0 	0.0 	-0.0 	25.0 	0.0 	0.0 	0.0 	14.9482613358	3.14433157809	145.7486862	-85.4331730728	
7.05	0.0	0.0	0.0 	0.0 	236.25 	25.0 	0.0 	0.0 	0.0 	-0.0 	25.0 	0.0 	0.0 	0.0 	14.9589134237	3.14433157809	145.748003345	-85.6824873614	
7.06666666667	0.0	0.0	0.0 	0.0 	236.666666667 	25.0 	0.0 	0.0 	0.0 	-0.0 	25.0 	0.0 	0.0 	0.0 	14.969502252	3.14433157809	145.747320007	-85.9319781298	
7.08333333333	0.0	0.0	0.0 	0.0 	237.083333333 	25.0 	0.0 	0.0 	0.0 	-0.0 	25.0 	0.0 	0.0 	0.0 	14.9800281965	3.14433157809	145.746636189	-86.1816443299	
7.1	0.0	0.0	0.0 	0.0 	237.5 	25.0 	0.0 	0.0 	0.0 	-0.0 	25.0 	0.0 	0.0 	0.0 	14.9904916306	3.14433157809	145.745951892	-86.43148492	
7.11666666667	0.0	0.0	0.0 	0.0 	237.916666667 	25.0 	0.0 	0.0 	0.0 	-0.0 	25.0 	0.0 	0.0 	0.0 	15.0008929255	3.14433157809	145.745267121	-86.6814988643	
7.13333333333	0.0	0.0	0.0 	0.0 	238.333333333 	25.0 	0.0 	0.0 	0.0 	-0.0 	25.0 	0.0 	0.0 	0.0 	15.0112324503	3.14433157809	145.744581878	-86.9316851334	
7.15	0.0	0.0	0.0 	0.0 	238.75 	25.0 	0.0 	0.0 	0.0 	-0.0 	25.0 	0.0 	0.0 	0.0 	15.0215105717	3.14433157809	145.743896166	-87.1820427038	
7.16666666667	0.0	0.0	0.0 	0.0 	239.166666667 	25.0 	0.0 	0.0 	0.0 	-0.0 	25.0 	0.0 	0.0 	0.0 	15.0317276545	3.14433157809	145.743209988	-87.4325705584	
7.18333333333	0.0	0.0	0.0 	0.0 	239.583333333 	25.0 	0.0 	0.0 	0.0 	-0.0 	25.0 	0.0 	0.0 	0.0 	15.0418840612	3.14433157809	145.742523345	-87.6832676857	
7.2	0.0	0.0	0.0 	0.0 	240.0 	25.0 	0.0 	0.0 	0.0 	-0.0 	25.0 	0.0 	0.0 	0.0 	15.051980152	3.14433157809	145.741836242	-87.9341330806	
7.21666666667	0.0	0.0	0.0 	0.0 	240.416666667 	25.0 	0.0 	0.0 	0.0 	-0.0 	25.0 	0.0 	0.0 	0.0 	15.0620162852	3.14433157809	145.741148681	-88.1851657438	
7.23333333333	0.0	0.0	0.0 	0.0 	240.833333333 	25.0 	0.0 	0.0 	0.0 	-0.0 	25.0 	0.0 	0.0 	0.0 	15.0719928168	3.14433157809	145.740460664	-88.4363646819	
7.25	0.0	0.0	0.0 	0.0 	241.25 	25.0 	0.0 	0.0 	0.0 	-0.0 	25.0 	0.0 	0.0 	0.0 	15.0819101009	3.14433157809	145.739772195	-88.6877289074	
7.26666666667	0.0	0.0	0.0 	0.0 	241.666666667 	25.0 	0.0 	0.0 	0.0 	-0.0 	25.0 	0.0 	0.0 	0.0 	15.0917684892	3.14433157809	145.739083276	-88.9392574388	
7.28333333333	0.0	0.0	0.0 	0.0 	242.083333333 	25.0 	0.0 	0.0 	0.0 	-0.0 	25.0 	0.0 	0.0 	0.0 	15.1015683315	3.14433157809	145.738393909	-89.1909493002	
7.3	0.0	0.0	0.0 	0.0 	242.5 	25.0 	0.0 	0.0 	0.0 	-0.0 	25.0 	0.0 	0.0 	0.0 	15.1113099755	3.14433157809	145.737704097	-89.4428035218	
7.31666666667	0.0	0.0	0.0 	0.0 	242.916666667 	25.0 	0.0 	0.0 	0.0 	-0.0 	25.0 	0.0 	0.0 	0.0 	15.1209937668	3.14433157809	145.737013844	-89.6948191393	
7.33333333333	0.0	0.0	0.0 	0.0 	243.333333333 	25.0 	0.0 	0.0 	0.0 	-0.0 	25.0 	0.0 	0.0 	0.0 	15.130620049	3.14433157809	145.736323151	-89.9469951943	
7.35	0.0	0.0	0.0 	0.0 	243.75 	25.0 	0.0 	0.0 	0.0 	-0.0 	25.0 	0.0 	0.0 	0.0 	15.1401891637	3.14433157809	145.735632021	-90.1993307338	
7.36666666667	0.0	0.0	0.0 	0.0 	244.166666667 	25.0 	0.0 	0.0 	0.0 	-0.0 	25.0 	0.0 	0.0 	0.0 	15.1497014503	3.14433157809	145.734940457	-90.4518248109	
7.38333333333	0.0	0.0	0.0 	0.0 	244.583333333 	25.0 	0.0 	0.0 	0.0 	-0.0 	25.0 	0.0 	0.0 	0.0 	15.1591572463	3.14433157809	145.734248462	-90.704476484	
7.4	0.0	0.0	0.0 	0.0 	245.0 	25.0 	0.0 	0.0 	0.0 	-0.0 	25.0 	0.0 	0.0 	0.0 	15.1685568871	3.14433157809	145.733556037	-90.9572848173	
7.41666666667	0.0	0.0	0.0 	0.0 	245.416666667 	25.0 	0.0 	0.0 	0.0 	-0.0 	25.0 	0.0 	0.0 	0.0 	15.1779007064	3.14433157809	145.732863186	-91.2102488802	
7.43333333333	0.0	0.0	0.0 	0.0 	245.833333333 	25.0 	0.0 	0.0 	0.0 	-0.0 	25.0 	0.0 	0.0 	0.0 	15.1871890355	3.14433157809	145.732169911	-91.463367748	
7.45	0.0	0.0	0.0 	0.0 	246.25 	25.0 	0.0 	0.0 	0.0 	-0.0 	25.0 	0.0 	0.0 	0.0 	15.1964222041	3.14433157809	145.731476214	-91.7166405014	
7.46666666667	0.0	0.0	0.0 	0.0 	246.666666667 	25.0 	0.0 	0.0 	0.0 	-0.0 	25.0 	0.0 	0.0 	0.0 	15.2056005397	3.14433157809	145.730782098	-91.9700662265	
7.48333333333	0.0	0.0	0.0 	0.0 	247.083333333 	25.0 	0.0 	0.0 	0.0 	-0.0 	25.0 	0.0 	0.0 	0.0 	15.2147243679	3.14433157809	145.730087566	-92.2236440149	
7.5	0.0	0.0	0.0 	0.0 	247.5 	25.0 	0.0 	0.0 	0.0 	-0.0 	25.0 	0.0 	0.0 	0.0 	15.2237940124	3.14433157809	145.72939262	-92.4773729634	
7.51666666667	0.0	0.0	0.0 	0.0 	247.916666667 	25.0 	0.0 	0.0 	0.0 	-0.0 	25.0 	0.0 	0.0 	0.0 	15.2328097951	3.14433157809	145.728697262	-92.7312521744	
7.53333333333	0.0	0.0	0.0 	0.0 	248.333333333 	25.0 	0.0 	0.0 	0.0 	-0.0 	25.0 	0.0 	0.0 	0.0 	15.2417720358	3.14433157809	145.728001495	-92.9852807555	
7.55	0.0	0.0	0.0 	0.0 	248.75 	25.0 	0.0 	0.0 	0.0 	-0.0 	25.0 	0.0 	0.0 	0.0 	15.2506810524	3.14433157809	145.727305322	-93.2394578196	
7.56666666667	0.0	0.0	0.0 	0.0 	249.166666667 	25.0 	0.0 	0.0 	0.0 	-0.0 	25.0 	0.0 	0.0 	0.0 	15.2595371611	3.14433157809	145.726608744	-93.493782485	
7.58333333333	0.0	0.0	0.0 	0.0 	249.583333333 	25.0 	0.0 	0.0 	0.0 	-0.0 	25.0 	0.0 	0.0 	0.0 	15.2683406761	3.14433157809	145.725911764	-93.7482538751	
7.6	0.0	0.0	0.0 	0.0 	250.0 	25.0 	0.0 	0.0 	0.0 	-0.0 	25.0 	0.0 	0.0 	0.0 	15.2770919096	3.14433157809	145.725214385	-94.0028711186	
7.61666666667	0.0	0.0	0.0 	0.0 	250.416666667 	25.0 	0.0 	0.0 	0.0 	-0.0 	25.0 	0.0 	0.0 	0.0 	15.2857911722	3.14433157809	145.724516609	-94.2576333492	
7.63333333333	0.0	0.0	0.0 	0.0 	250.833333333 	25.0 	0.0 	0.0 	0.0 	-0.0 	25.0 	0.0 	0.0 	0.0 	15.2944387725	3.14433157809	145.723818438	-94.512539706	
7.65	0.0	0.0	0.0 	0.0 	251.25 	25.0 	0.0 	0.0 	0.0 	-0.0 	25.0 	0.0 	0.0 	0.0 	15.3030350174	3.14433157809	145.723119875	-94.7675893329	
7.66666666667	0.0	0.0	0.0 	0.0 	251.666666667 	25.0 	0.0 	0.0 	0.0 	-0.0 	25.0 	0.0 	0.0 	0.0 	15.3115802117	3.14433157809	145.722420921	-95.0227813793	
7.68333333333	0.0	0.0	0.0 	0.0 	252.083333333 	25.0 	0.0 	0.0 	0.0 	-0.0 	25.0 	0.0 	0.0 	0.0 	15.3200746587	3.14433157809	145.72172158	-95.2781149992	
7.7	0.0	0.0	0.0 	0.0 	252.5 	25.0 	0.0 	0.0 	0.0 	-0.0 	25.0 	0.0 	0.0 	0.0 	15.3285186598	3.14433157809	145.721021853	-95.533589352	
7.71666666667	0.0	0.0	0.0 	0.0 	252.916666667 	25.0 	0.0 	0.0 	0.0 	-0.0 	25.0 	0.0 	0.0 	0.0 	15.3369125145	3.14433157809	145.720321743	-95.7892036018	
7.73333333333	0.0	0.0	0.0 	0.0 	253.333333333 	25.0 	0.0 	0.0 	0.0 	-0.0 	25.0 	0.0 	0.0 	0.0 	15.3452565206	3.14433157809	145.719621253	-96.0449569178	
7.75	0.0	0.0	0.0 	0.0 	253.75 	25.0 	0.0 	0.0 	0.0 	-0.0 	25.0 	0.0 	0.0 	0.0 	15.3535509743	3.14433157809	145.718920383	-96.3008484742	
7.76666666667	0.0	0.0	0.0 	0.0 	254.166666667 	25.0 	0.0 	0.0 	0.0 	-0.0 	25.0 	0.0 	0.0 	0.0 	15.3617961696	3.14433157809	145.718219137	-96.5568774501	
7.78333333333	0.0	0.0	0.0 	0.0 	254.583333333 	25.0 	0.0 	0.0 	0.0 	-0.0 	25.0 	0.0 	0.0 	0.0 	15.3699923993	3.14433157809	145.717517517	-96.8130430292	
7.8	0.0	0.0	0.0 	0.0 	255.0 	25.0 	0.0 	0.0 	0.0 	-0.0 	25.0 	0.0 	0.0 	0.0 	15.378139954	3.14433157809	145.716815526	-97.0693444004	
7.81666666667	0.0	0.0	0.0 	0.0 	255.416666667 	25.0 	0.0 	0.0 	0.0 	-0.0 	25.0 	0.0 	0.0 	0.0 	15.3862391228	3.14433157809	145.716113164	-97.3257807573	
7.83333333333	0.0	0.0	0.0 	0.0 	255.833333333 	25.0 	0.0 	0.0 	0.0 	-0.0 	25.0 	0.0 	0.0 	0.0 	15.3942901932	3.14433157809	145.715410435	-97.5823512981	
7.85	0.0	0.0	0.0 	0.0 	256.25 	25.0 	0.0 	0.0 	0.0 	-0.0 	25.0 	0.0 	0.0 	0.0 	15.4022934506	3.14433157809	145.71470734	-97.8390552261	
7.86666666667	0.0	0.0	0.0 	0.0 	256.666666667 	25.0 	0.0 	0.0 	0.0 	-0.0 	25.0 	0.0 	0.0 	0.0 	15.4102491792	3.14433157809	145.714003883	-98.0958917491	
7.88333333333	0.0	0.0	0.0 	0.0 	257.083333333 	25.0 	0.0 	0.0 	0.0 	-0.0 	25.0 	0.0 	0.0 	0.0 	15.4181576611	3.14433157809	145.713300064	-98.3528600796	
7.9	0.0	0.0	0.0 	0.0 	257.5 	25.0 	0.0 	0.0 	0.0 	-0.0 	25.0 	0.0 	0.0 	0.0 	15.4260191769	3.14433157809	145.712595887	-98.6099594348	
7.91666666667	0.0	0.0	0.0 	0.0 	257.916666667 	25.0 	0.0 	0.0 	0.0 	-0.0 	25.0 	0.0 	0.0 	0.0 	15.4338340055	3.14433157809	145.711891353	-98.8671890368	
7.93333333333	0.0	0.0	0.0 	0.0 	258.333333333 	25.0 	0.0 	0.0 	0.0 	-0.0 	25.0 	0.0 	0.0 	0.0 	15.4416024243	3.14433157809	145.711186464	-99.1245481118	
7.95	0.0	0.0	0.0 	0.0 	258.75 	25.0 	0.0 	0.0 	0.0 	-0.0 	25.0 	0.0 	0.0 	0.0 	15.4493247087	3.14433157809	145.710481222	-99.3820358912	
7.96666666667	0.0	0.0	0.0 	0.0 	259.166666667 	25.0 	0.0 	0.0 	0.0 	-0.0 	25.0 	0.0 	0.0 	0.0 	15.4570011329	3.14433157809	145.709775631	-99.6396516105	
7.98333333333	0.0	0.0	0.0 	0.0 	259.583333333 	25.0 	0.0 	0.0 	0.0 	-0.0 	25.0 	0.0 	0.0 	0.0 	15.4646319691	3.14433157809	145.70906969	-99.8973945099	
8.0	0.0	0.0	0.0 	0.0 	260.0 	25.0 	0.0 	0.0 	0.0 	-0.0 	25.0 	0.0 	0.0 	0.0 	15.472217488	3.14433157809	145.708363404	-100.155263834	
8.01666666667	0.0	0.0	0.0 	0.0 	260.416666667 	25.0 	0.0 	0.0 	0.0 	-0.0 	25.0 	0.0 	0.0 	0.0 	15.4797579589	3.14433157809	145.707656773	-100.413258832	
8.03333333333	0.0	0.0	0.0 	0.0 	260.833333333 	25.0 	0.0 	0.0 	0.0 	-0.0 	25.0 	0.0 	0.0 	0.0 	15.4872536492	3.14433157809	145.706949801	-100.671378758	
8.05	0.0	0.0	0.0 	0.0 	261.25 	25.0 	0.0 	0.0 	0.0 	-0.0 	25.0 	0.0 	0.0 	0.0 	15.4947048248	3.14433157809	145.706242488	-100.92962287	
8.06666666667	0.0	0.0	0.0 	0.0 	261.666666667 	25.0 	0.0 	0.0 	0.0 	-0.0 	25.0 	0.0 	0.0 	0.0 	15.5021117502	3.14433157809	145.705534837	-101.18799043	
8.08333333333	0.0	0.0	0.0 	0.0 	262.083333333 	25.0 	0.0 	0.0 	0.0 	-0.0 	25.0 	0.0 	0.0 	0.0 	15.5094746881	3.14433157809	145.70482685	-101.446480705	
8.1	0.0	0.0	0.0 	0.0 	262.5 	25.0 	0.0 	0.0 	0.0 	-0.0 	25.0 	0.0 	0.0 	0.0 	15.5167938997	3.14433157809	145.704118528	-101.705092967	
8.11666666667	0.0	0.0	0.0 	0.0 	262.916666667 	25.0 	0.0 	0.0 	0.0 	-0.0 	25.0 	0.0 	0.0 	0.0 	15.5240696447	3.14433157809	145.703409875	-101.963826491	
8.13333333333	0.0	0.0	0.0 	0.0 	263.333333333 	25.0 	0.0 	0.0 	0.0 	-0.0 	25.0 	0.0 	0.0 	0.0 	15.5313021813	3.14433157809	145.702700892	-102.222680556	
8.15	0.0	0.0	0.0 	0.0 	263.75 	25.0 	0.0 	0.0 	0.0 	-0.0 	25.0 	0.0 	0.0 	0.0 	15.5384917661	3.14433157809	145.70199158	-102.481654447	
8.16666666667	0.0	0.0	0.0 	0.0 	264.166666667 	25.0 	0.0 	0.0 	0.0 	-0.0 	25.0 	0.0 	0.0 	0.0 	15.545638654	3.14433157809	145.701281942	-102.740747453	
8.18333333333	0.0	0.0	0.0 	0.0 	264.583333333 	25.0 	0.0 	0.0 	0.0 	-0.0 	25.0 	0.0 	0.0 	0.0 	15.5527430988	3.14433157809	145.70057198	-102.999958866	
8.2	0.0	0.0	0.0 	0.0 	265.0 	25.0 	0.0 	0.0 	0.0 	-0.0 	25.0 	0.0 	0.0 	0.0 	15.5598053524	3.14433157809	145.699861695	-103.259287982	
8.21666666667	0.0	0.0	0.0 	0.0 	265.416666667 	25.0 	0.0 	0.0 	0.0 	-0.0 	25.0 	0.0 	0.0 	0.0 	15.5668256655	3.14433157809	145.69915109	-103.518734104	
8.23333333333	0.0	0.0	0.0 	0.0 	265.833333333 	25.0 	0.0 	0.0 	0.0 	-0.0 	25.0 	0.0 	0.0 	0.0 	15.573804287	3.14433157809	145.698440166	-103.778296535	
8.25	0.0	0.0	0.0 	0.0 	266.25 	25.0 	0.0 	0.0 	0.0 	-0.0 	25.0 	0.0 	0.0 	0.0 	15.5807414646	3.14433157809	145.697728926	-104.037974585	
8.26666666667	0.0	0.0	0.0 	0.0 	266.666666667 	25.0 	0.0 	0.0 	0.0 	-0.0 	25.0 	0.0 	0.0 	0.0 	15.5876374444	3.14433157809	145.697017371	-104.297767568	
8.28333333333	0.0	0.0	0.0 	0.0 	267.083333333 	25.0 	0.0 	0.0 	0.0 	-0.0 	25.0 	0.0 	0.0 	0.0 	15.5944924711	3.14433157809	145.696305503	-104.557674801	
8.3	0.0	0.0	0.0 	0.0 	267.5 	25.0 	0.0 	0.0 	0.0 	-0.0 	25.0 	0.0 	0.0 	0.0 	15.6013067878	3.14433157809	145.695593324	-104.817695606	
8.31666666667	0.0	0.0	0.0 	0.0 	267.916666667 	25.0 	0.0 	0.0 	0.0 	-0.0 	25.0 	0.0 	0.0 	0.0 	15.6080806364	3.14433157809	145.694880835	-105.077829307	
8.33333333333	0.0	0.0	0.0 	0.0 	268.333333333 	25.0 	0.0 	0.0 	0.0 	-0.0 	25.0 	0.0 	0.0 	0.0 	15.6148142572	3.14433157809	145.694168039	-105.338075235	
8.35	0.0	0.0	0.0 	0.0 	268.75 	25.0 	0.0 	0.0 	0.0 	-0.0 	25.0 	0.0 	0.0 	0.0 	15.621507889	3.14433157809	145.693454938	-105.598432724	
8.36666666667	0.0	0.0	0.0 	0.0 	269.166666667 	25.0 	0.0 	0.0 	0.0 	-0.0 	25.0 	0.0 	0.0 	0.0 	15.6281617693	3.14433157809	145.692741533	-105.85890111	
8.38333333333	0.0	0.0	0.0 	0.0 	269.583333333 	25.0 	0.0 	0.0 	0.0 	-0.0 	25.0 	0.0 	0.0 	0.0 	15.6347761343	3.14433157809	145.692027826	-106.119479734	
8.4	0.0	0.0	0.0 	0.0 	270.0 	25.0 	0.0 	0.0 	0.0 	-0.0 	25.0 	0.0 	0.0 	0.0 	15.6413512185	3.14433157809	145.691313819	-106.380167944	
8.41666666667	0.0	0.0	0.0 	0.0 	270.416666667 	25.0 	0.0 	0.0 	0.0 	-0.0 	25.0 	0.0 	0.0 	0.0 	15.6478872554	3.14433157809	145.690599514	-106.640965086	
8.43333333333	0.0	0.0	0.0 	0.0 	270.833333333 	25.0 	0.0 	0.0 	0.0 	-0.0 	25.0 	0.0 	0.0 	0.0 	15.6543844766	3.14433157809	145.689884912	-106.901870516	
8.45	0.0	0.0	0.0 	0.0 	271.25 	25.0 	0.0 	0.0 	0.0 	-0.0 	25.0 	0.0 	0.0 	0.0 	15.6608431129	3.14433157809	145.689170015	-107.162883588	
8.46666666667	0.0	0.0	0.0 	0.0 	271.666666667 	25.0 	0.0 	0.0 	0.0 	-0.0 	25.0 	0.0 	0.0 	0.0 	15.6672633933	3.14433157809	145.688454825	-107.424003666	
8.48333333333	0.0	0.0	0.0 	0.0 	272.083333333 	25.0 	0.0 	0.0 	0.0 	-0.0 	25.0 	0.0 	0.0 	0.0 	15.6736455455	3.14433157809	145.687739343	-107.685230111	
8.5	0.0	0.0	0.0 	0.0 	272.5 	25.0 	0.0 	0.0 	0.0 	-0.0 	25.0 	0.0 	0.0 	0.0 	15.6799897961	3.14433157809	145.687023572	-107.946562295	
8.51666666667	0.0	0.0	0.0 	0.0 	272.916666667 	25.0 	0.0 	0.0 	0.0 	-0.0 	25.0 	0.0 	0.0 	0.0 	15.6862963701	3.14433157809	145.686307514	-108.207999587	
8.53333333333	0.0	0.0	0.0 	0.0 	273.333333333 	25.0 	0.0 	0.0 	0.0 	-0.0 	25.0 	0.0 	0.0 	0.0 	15.6925654913	3.14433157809	145.685591169	-108.469541364	
8.55	0.0	0.0	0.0 	0.0 	273.75 	25.0 	0.0 	0.0 	0.0 	-0.0 	25.0 	0.0 	0.0 	0.0 	15.6987973821	3.14433157809	145.684874539	-108.731187006	
8.56666666667	0.0	0.0	0.0 	0.0 	274.166666667 	25.0 	0.0 	0.0 	0.0 	-0.0 	25.0 	0.0 	0.0 	0.0 	15.7049922635	3.14433157809	145.684157627	-108.992935895	
8.58333333333	0.0	0.0	0.0 	0.0 	274.583333333 	25.0 	0.0 	0.0 	0.0 	-0.0 	25.0 	0.0 	0.0 	0.0 	15.7111503554	3.14433157809	145.683440434	-109.254787419	
8.6	0.0	0.0	0.0 	0.0 	275.0 	25.0 	0.0 	0.0 	0.0 	-0.0 	25.0 	0.0 	0.0 	0.0 	15.7172718763	3.14433157809	145.682722961	-109.516740967	
8.61666666667	0.0	0.0	0.0 	0.0 	275.416666667 	25.0 	0.0 	0.0 	0.0 	-0.0 	25.0 	0.0 	0.0 	0.0 	15.7233570433	3.14433157809	145.68200521	-109.778795935	
8.63333333333	0.0	0.0	0.0 	0.0 	275.833333333 	25.0 	0.0 	0.0 	0.0 	-0.0 	25.0 	0.0 	0.0 	0.0 	15.7294060724	3.14433157809	145.681287184	-110.04095172	
8.65	0.0	0.0	0.0 	0.0 	276.25 	25.0 	0.0 	0.0 	0.0 	-0.0 	25.0 	0.0 	0.0 	0.0 	15.7354191781	3.14433157809	145.680568882	-110.303207722	
8.66666666667	0.0	0.0	0.0 	0.0 	276.666666667 	25.0 	0.0 	0.0 	0.0 	-0.0 	25.0 	0.0 	0.0 	0.0 	15.7413965738	3.14433157809	145.679850308	-110.565563348	
8.68333333333	0.0	0.0	0.0 	0.0 	277.083333333 	25.0 	0.0 	0.0 	0.0 	-0.0 	25.0 	0.0 	0.0 	0.0 	15.7473384715	3.14433157809	145.679131463	-110.828018005	
8.7	0.0	0.0	0.0 	0.0 	277.5 	25.0 	0.0 	0.0 	0.0 	-0.0 	25.0 	0.0 	0.0 	0.0 	15.7532450821	3.14433157809	145.678412348	-111.090571104	
8.71666666667	0.0	0.0	0.0 	0.0 	277.916666667 	25.0 	0.0 	0.0 	0.0 	-0.0 	25.0 	0.0 	0.0 	0.0 	15.7591166152	3.14433157809	145.677692965	-111.353222063	
8.73333333333	0.0	0.0	0.0 	0.0 	278.333333333 	25.0 	0.0 	0.0 	0.0 	-0.0 	25.0 	0.0 	0.0 	0.0 	15.7649532789	3.14433157809	145.676973316	-111.615970299	
8.75	0.0	0.0	0.0 	0.0 	278.75 	25.0 	0.0 	0.0 	0.0 	-0.0 	25.0 	0.0 	0.0 	0.0 	15.7707552805	3.14433157809	145.676253402	-111.878815234	
8.76666666667	0.0	0.0	0.0 	0.0 	279.166666667 	25.0 	0.0 	0.0 	0.0 	-0.0 	25.0 	0.0 	0.0 	0.0 	15.7765228258	3.14433157809	145.675533224	-112.141756295	
8.78333333333	0.0	0.0	0.0 	0.0 	279.583333333 	25.0 	0.0 	0.0 	0.0 	-0.0 	25.0 	0.0 	0.0 	0.0 	15.7822561194	3.14433157809	145.674812785	-112.40479291	
8.8	0.0	0.0	0.0 	0.0 	280.0 	25.0 	0.0 	0.0 	0.0 	-0.0 	25.0 	0.0 	0.0 	0.0 	15.7879553646	3.14433157809	145.674092086	-112.667924513	
8.81666666667	0.0	0.0	0.0 	0.0 	280.416666667 	25.0 	0.0 	0.0 	0.0 	-0.0 	25.0 	0.0 	0.0 	0.0 	15.7936207638	3.14433157809	145.673371127	-112.931150538	
8.83333333333	0.0	0.0	0.0 	0.0 	280.833333333 	25.0 	0.0 	0.0 	0.0 	-0.0 	25.0 	0.0 	0.0 	0.0 	15.7992525179	3.14433157809	145.672649912	-113.194470426	
8.85	0.0	0.0	0.0 	0.0 	281.25 	25.0 	0.0 	0.0 	0.0 	-0.0 	25.0 	0.0 	0.0 	0.0 	15.8048508267	3.14433157809	145.671928442	-113.457883618	
8.86666666667	0.0	0.0	0.0 	0.0 	281.666666667 	25.0 	0.0 	0.0 	0.0 	-0.0 	25.0 	0.0 	0.0 	0.0 	15.8104158888	3.14433157809	145.671206717	-113.721389561	
8.88333333333	0.0	0.0	0.0 	0.0 	282.083333333 	25.0 	0.0 	0.0 	0.0 	-0.0 	25.0 	0.0 	0.0 	0.0 	15.8159479018	3.14433157809	145.67048474	-113.984987704	
8.9	0.0	0.0	0.0 	0.0 	282.5 	25.0 	0.0 	0.0 	0.0 	-0.0 	25.0 	0.0 	0.0 	0.0 	15.8214470617	3.14433157809	145.669762512	-114.2486775	
8.91666666667	0.0	0.0	0.0 	0.0 	282.916666667 	25.0 	0.0 	0.0 	0.0 	-0.0 	25.0 	0.0 	0.0 	0.0 	15.8269135638	3.14433157809	145.669040034	-114.512458403	
8.93333333333	0.0	0.0	0.0 	0.0 	283.333333333 	25.0 	0.0 	0.0 	0.0 	-0.0 	25.0 	0.0 	0.0 	0.0 	15.8323476021	3.14433157809	145.668317308	-114.776329873	
8.95	0.0	0.0	0.0 	0.0 	283.75 	25.0 	0.0 	0.0 	0.0 	-0.0 	25.0 	0.0 	0.0 	0.0 	15.8377493692	3.14433157809	145.667594336	-115.040291373	
8.96666666667	0.0	0.0	0.0 	0.0 	284.166666667 	25.0 	0.0 	0.0 	0.0 	-0.0 	25.0 	0.0 	0.0 	0.0 	15.8431190568	3.14433157809	145.666871118	-115.304342366	
8.98333333333	0.0	0.0	0.0 	0.0 	284.583333333 	25.0 	0.0 	0.0 	0.0 	-0.0 	25.0 	0.0 	0.0 	0.0 	15.8484568555	3.14433157809	145.666147657	-115.568482323	
9.0	0.0	0.0	0.0 	0.0 	285.0 	25.0 	0.0 	0.0 	0.0 	-0.0 	25.0 	0.0 	0.0 	0.0 	15.8537629547	3.14433157809	145.665423953	-115.832710715	
9.01666666667	0.0	0.0	0.0 	0.0 	285.416666667 	25.0 	0.0 	0.0 	0.0 	-0.0 	25.0 	0.0 	0.0 	0.0 	15.8590375425	3.14433157809	145.664700009	-116.097027016	
9.03333333333	0.0	0.0	0.0 	0.0 	285.833333333 	25.0 	0.0 	0.0 	0.0 	-0.0 	25.0 	0.0 	0.0 	0.0 	15.8642808061	3.14433157809	145.663975826	-116.361430704	
9.05	0.0	0.0	0.0 	0.0 	286.25 	25.0 	0.0 	0.0 	0.0 	-0.0 	25.0 	0.0 	0.0 	0.0 	15.8694929316	3.14433157809	145.663251404	-116.625921261	
9.06666666667	0.0	0.0	0.0 	0.0 	286.666666667 	25.0 	0.0 	0.0 	0.0 	-0.0 	25.0 	0.0 	0.0 	0.0 	15.8746741039	3.14433157809	145.662526746	-116.89049817	
9.08333333333	0.0	0.0	0.0 	0.0 	287.083333333 	25.0 	0.0 	0.0 	0.0 	-0.0 	25.0 	0.0 	0.0 	0.0 	15.8798245067	3.14433157809	145.661801853	-117.155160919	
9.1	0.0	0.0	0.0 	0.0 	287.5 	25.0 	0.0 	0.0 	0.0 	-0.0 	25.0 	0.0 	0.0 	0.0 	15.8849443228	3.14433157809	145.661076726	-117.419908998	
9.11666666667	0.0	0.0	0.0 	0.0 	287.916666667 	25.0 	0.0 	0.0 	0.0 	-0.0 	25.0 	0.0 	0.0 	0.0 	15.8900337339	3.14433157809	145.660351367	-117.6847419	
9.13333333333	0.0	0.0	0.0 	0.0 	288.333333333 	25.0 	0.0 	0.0 	0.0 	-0.0 	25.0 	0.0 	0.0 	0.0 	15.8950929206	3.14433157809	145.659625777	-117.949659122	
9.15	0.0	0.0	0.0 	0.0 	288.75 	25.0 	0.0 	0.0 	0.0 	-0.0 	25.0 	0.0 	0.0 	0.0 	15.9001220622	3.14433157809	145.658899957	-118.214660163	
9.16666666667	0.0	0.0	0.0 	0.0 	289.166666667 	25.0 	0.0 	0.0 	0.0 	-0.0 	25.0 	0.0 	0.0 	0.0 	15.9051213374	3.14433157809	145.658173909	-118.479744524	
9.18333333333	0.0	0.0	0.0 	0.0 	289.583333333 	25.0 	0.0 	0.0 	0.0 	-0.0 	25.0 	0.0 	0.0 	0.0 	15.9100909233	3.14433157809	145.657447635	-118.744911711	
9.2	0.0	0.0	0.0 	0.0 	290.0 	25.0 	0.0 	0.0 	0.0 	-0.0 	25.0 	0.0 	0.0 	0.0 	15.9150309963	3.14433157809	145.656721135	-119.010161233	
9.21666666667	0.0	0.0	0.0 	0.0 	290.416666667 	25.0 	0.0 	0.0 	0.0 	-0.0 	25.0 	0.0 	0.0 	0.0 	15.9199417318	3.14433157809	145.65599441	-119.2754926	
9.23333333333	0.0	0.0	0.0 	0.0 	290.833333333 	25.0 	0.0 	0.0 	0.0 	-0.0 	25.0 	0.0 	0.0 	0.0 	15.9248233039	3.14433157809	145.655267463	-119.540905326	
9.25	0.0	0.0	0.0 	0.0 	291.25 	25.0 	0.0 	0.0 	0.0 	-0.0 	25.0 	0.0 	0.0 	0.0 	15.9296758858	3.14433157809	145.654540294	-119.806398928	
9.26666666667	0.0	0.0	0.0 	0.0 	291.666666667 	25.0 	0.0 	0.0 	0.0 	-0.0 	25.0 	0.0 	0.0 	0.0 	15.9344996497	3.14433157809	145.653812905	-120.071972927	
9.28333333333	0.0	0.0	0.0 	0.0 	292.083333333 	25.0 	0.0 	0.0 	0.0 	-0.0 	25.0 	0.0 	0.0 	0.0 	15.9392947667	3.14433157809	145.653085297	-120.337626843	
9.3	0.0	0.0	0.0 	0.0 	292.5 	25.0 	0.0 	0.0 	0.0 	-0.0 	25.0 	0.0 	0.0 	0.0 	15.944061407	3.14433157809	145.652357472	-120.603360203	
9.31666666667	0.0	0.0	0.0 	0.0 	292.916666667 	25.0 	0.0 	0.0 	0.0 	-0.0 	25.0 	0.0 	0.0 	0.0 	15.9487997396	3.14433157809	145.65162943	-120.869172535	
9.33333333333	0.0	0.0	0.0 	0.0 	293.333333333 	25.0 	0.0 	0.0 	0.0 	-0.0 	25.0 	0.0 	0.0 	0.0 	15.9535099328	3.14433157809	145.650901173	-121.13506337	
9.35	0.0	0.0	0.0 	0.0 	293.75 	25.0 	0.0 	0.0 	0.0 	-0.0 	25.0 	0.0 	0.0 	0.0 	15.9581921535	3.14433157809	145.650172703	-121.401032241	
9.36666666667	0.0	0.0	0.0 	0.0 	294.166666667 	25.0 	0.0 	0.0 	0.0 	-0.0 	25.0 	0.0 	0.0 	0.0 	15.9628465679	3.14433157809	145.64944402	-121.667078686	
9.38333333333	0.0	0.0	0.0 	0.0 	294.583333333 	25.0 	0.0 	0.0 	0.0 	-0.0 	25.0 	0.0 	0.0 	0.0 	15.9674733411	3.14433157809	145.648715126	-121.933202244	
9.4	0.0	0.0	0.0 	0.0 	295.0 	25.0 	0.0 	0.0 	0.0 	-0.0 	25.0 	0.0 	0.0 	0.0 	15.9720726374	3.14433157809	145.647986022	-122.199402456	
9.41666666667	0.0	0.0	0.0 	0.0 	295.416666667 	25.0 	0.0 	0.0 	0.0 	-0.0 	25.0 	0.0 	0.0 	0.0 	15.9766446198	3.14433157809	145.647256709	-122.465678867	
9.43333333333	0.0	0.0	0.0 	0.0 	295.833333333 	25.0 	0.0 	0.0 	0.0 	-0.0 	25.0 	0.0 	0.0 	0.0 	15.9811894506	3.14433157809	145.646527189	-122.732031026	
9.45	0.0	0.0	0.0 	0.0 	296.25 	25.0 	0.0 	0.0 	0.0 	-0.0 	25.0 	0.0 	0.0 	0.0 	15.985707291	3.14433157809	145.645797462	-122.998458481	
9.46666666667	0.0	0.0	0.0 	0.0 	296.666666667 	25.0 	0.0 	0.0 	0.0 	-0.0 	25.0 	0.0 	0.0 	0.0 	15.9901983014	3.14433157809	145.645067531	-123.264960787	
9.48333333333	0.0	0.0	0.0 	0.0 	297.083333333 	25.0 	0.0 	0.0 	0.0 	-0.0 	25.0 	0.0 	0.0 	0.0 	15.994662641	3.14433157809	145.644337395	-123.531537498	
9.5	0.0	0.0	0.0 	0.0 	297.5 	25.0 	0.0 	0.0 	0.0 	-0.0 	25.0 	0.0 	0.0 	0.0 	15.9991004682	3.14433157809	145.643607057	-123.798188172	
9.51666666667	0.0	0.0	0.0 	0.0 	297.916666667 	25.0 	0.0 	0.0 	0.0 	-0.0 	25.0 	0.0 	0.0 	0.0 	16.0035119405	3.14433157809	145.642876518	-124.06491237	
9.53333333333	0.0	0.0	0.0 	0.0 	298.333333333 	25.0 	0.0 	0.0 	0.0 	-0.0 	25.0 	0.0 	0.0 	0.0 	16.0078972144	3.14433157809	145.642145779	-124.331709657	
9.55	0.0	0.0	0.0 	0.0 	298.75 	25.0 	0.0 	0.0 	0.0 	-0.0 	25.0 	0.0 	0.0 	0.0 	16.0122564455	3.14433157809	145.64141484	-124.598579596	
9.56666666667	0.0	0.0	0.0 	0.0 	299.166666667 	25.0 	0.0 	0.0 	0.0 	-0.0 	25.0 	0.0 	0.0 	0.0 	16.0165897885	3.14433157809	145.640683704	-124.865521758	
9.58333333333	0.0	0.0	0.0 	0.0 	299.583333333 	25.0 	0.0 	0.0 	0.0 	-0.0 	25.0 	0.0 	0.0 	0.0 	16.020897397	3.14433157809	145.639952371	-125.132535713	
9.6	0.0	0.0	0.0 	0.0 	300.0 	25.0 	0.0 	0.0 	0.0 	-0.0 	25.0 	0.0 	0.0 	0.0 	16.025179424	3.14433157809	145.639220843	-125.399621035	
9.61666666667	0.0	0.0	0.0 	0.0 	300.416666667 	25.0 	0.0 	0.0 	0.0 	-0.0 	25.0 	0.0 	0.0 	0.0 	16.0294360213	3.14433157809	145.63848912	-125.6667773	
9.63333333333	0.0	0.0	0.0 	0.0 	300.833333333 	25.0 	0.0 	0.0 	0.0 	-0.0 	25.0 	0.0 	0.0 	0.0 	16.0336673399	3.14433157809	145.637757204	-125.934004087	
9.65	0.0	0.0	0.0 	0.0 	301.25 	25.0 	0.0 	0.0 	0.0 	-0.0 	25.0 	0.0 	0.0 	0.0 	16.03787353	3.14433157809	145.637025096	-126.201300977	
9.66666666667	0.0	0.0	0.0 	0.0 	301.666666667 	25.0 	0.0 	0.0 	0.0 	-0.0 	25.0 	0.0 	0.0 	0.0 	16.0420547409	3.14433157809	145.636292798	-126.468667553	
9.68333333333	0.0	0.0	0.0 	0.0 	302.083333333 	25.0 	0.0 	0.0 	0.0 	-0.0 	25.0 	0.0 	0.0 	0.0 	16.0462111208	3.14433157809	145.635560309	-126.736103402	
9.7	0.0	0.0	0.0 	0.0 	302.5 	25.0 	0.0 	0.0 	0.0 	-0.0 	25.0 	0.0 	0.0 	0.0 	16.0503428172	3.14433157809	145.634827632	-127.003608112	
9.71666666667	0.0	0.0	0.0 	0.0 	302.916666667 	25.0 	0.0 	0.0 	0.0 	-0.0 	25.0 	0.0 	0.0 	0.0 	16.0544499767	3.14433157809	145.634094768	-127.271181274	
9.73333333333	0.0	0.0	0.0 	0.0 	303.333333333 	25.0 	0.0 	0.0 	0.0 	-0.0 	25.0 	0.0 	0.0 	0.0 	16.058532745	3.14433157809	145.633361717	-127.538822483	
9.75	0.0	0.0	0.0 	0.0 	303.75 	25.0 	0.0 	0.0 	0.0 	-0.0 	25.0 	0.0 	0.0 	0.0 	16.062591267	3.14433157809	145.632628481	-127.806531333	
9.76666666667	0.0	0.0	0.0 	0.0 	304.166666667 	25.0 	0.0 	0.0 	0.0 	-0.0 	25.0 	0.0 	0.0 	0.0 	16.0666256867	3.14433157809	145.63189506	-128.074307424	
9.78333333333	0.0	0.0	0.0 	0.0 	304.583333333 	25.0 	0.0 	0.0 	0.0 	-0.0 	25.0 	0.0 	0.0 	0.0 	16.0706361472	3.14433157809	145.631161457	-128.342150355	
9.8	0.0	0.0	0.0 	0.0 	305.0 	25.0 	0.0 	0.0 	0.0 	-0.0 	25.0 	0.0 	0.0 	0.0 	16.0746227908	3.14433157809	145.630427672	-128.61005973	
9.81666666667	0.0	0.0	0.0 	0.0 	305.416666667 	25.0 	0.0 	0.0 	0.0 	-0.0 	25.0 	0.0 	0.0 	0.0 	16.0785857589	3.14433157809	145.629693705	-128.878035154	
9.83333333333	0.0	0.0	0.0 	0.0 	305.833333333 	25.0 	0.0 	0.0 	0.0 	-0.0 	25.0 	0.0 	0.0 	0.0 	16.0825251921	3.14433157809	145.628959559	-129.146076235	
9.85	0.0	0.0	0.0 	0.0 	306.25 	25.0 	0.0 	0.0 	0.0 	-0.0 	25.0 	0.0 	0.0 	0.0 	16.0864412302	3.14433157809	145.628225234	-129.414182583	
9.86666666667	0.0	0.0	0.0 	0.0 	306.666666667 	25.0 	0.0 	0.0 	0.0 	-0.0 	25.0 	0.0 	0.0 	0.0 	16.0903340122	3.14433157809	145.627490732	-129.682353811	
9.88333333333	0.0	0.0	0.0 	0.0 	307.083333333 	25.0 	0.0 	0.0 	0.0 	-0.0 	25.0 	0.0 	0.0 	0.0 	16.0942036761	3.14433157809	145.626756053	-129.950589533	
9.9	0.0	0.0	0.0 	0.0 	307.5 	25.0 	0.0 	0.0 	0.0 	-0.0 	25.0 	0.0 	0.0 	0.0 	16.0980503593	3.14433157809	145.626021198	-130.218889366	
9.91666666667	0.0	0.0	0.0 	0.0 	307.916666667 	25.0 	0.0 	0.0 	0.0 	-0.0 	25.0 	0.0 	0.0 	0.0 	16.1018741981	3.14433157809	145.625286168	-130.487252929	
9.93333333333	0.0	0.0	0.0 	0.0 	308.333333333 	25.0 	0.0 	0.0 	0.0 	-0.0 	25.0 	0.0 	0.0 	0.0 	16.1056753284	3.14433157809	145.624550965	-130.755679844	
9.95	0.0	0.0	0.0 	0.0 	308.75 	25.0 	0.0 	0.0 	0.0 	-0.0 	25.0 	0.0 	0.0 	0.0 	16.1094538848	3.14433157809	145.62381559	-131.024169735	
9.96666666667	0.0	0.0	0.0 	0.0 	309.166666667 	25.0 	0.0 	0.0 	0.0 	-0.0 	25.0 	0.0 	0.0 	0.0 	16.1132100016	3.14433157809	145.623080043	-131.292722228	
9.98333333333	0.0	0.0	0.0 	0.0 	309.583333333 	25.0 	0.0 	0.0 	0.0 	-0.0 	25.0 	0.0 	0.0 	0.0 	16.1169438119	3.14433157809	145.622344326	-131.561336951	
