0.0166666666667	0.0	0.0	0.0 	0.0 	60.2666666667 	16.0 	0.0 	0.0 	0.0 	0.0 	16.0 	0.0 	0.0 	0.0 	0.0	-0.658387096774	140.0	-22.4516129032	
0.0333333333333	0.0	0.0	0.0 	0.0 	60.5333333333 	16.0 	0.0 	0.0 	0.0 	-0.0 	16.0 	0.0 	0.0 	0.0 	0.0	-0.658387096774	140.0	-22.4516129032	
0.05	0.0	0.0	0.0 	0.0 	60.8 	16.0 	0.0 	0.0 	0.0 	-0.0 	16.0 	0.0 	0.0 	0.0 	0.0	-0.658387096774	140.0	-22.4516129032	
0.0666666666667	0.0	0.0	0.0 	0.0 	61.0666666667 	16.0 	0.0 	0.0 	0.0 	-0.0 	16.0 	0.0 	0.0 	0.0 	0.0	-0.658387096774	140.0	-22.4516129032	
0.0833333333333	0.0	0.0	0.0 	0.0 	61.3333333333 	16.0 	0.0 	0.0 	0.0 	-0.0 	16.0 	0.0 	0.0 	0.0 	0.0	-0.658387096774	140.0	-22.4516129032	
0.1	0.0	0.0	0.0 	0.0 	61.6 	16.0 	0.0 	0.0 	0.0 	-0.0 	16.0 	0.0 	0.0 	0.0 	0.0	-0.658387096774	140.0	-22.4516129032	
0.116666666667	0.0	0.0	0.0 	0.0 	61.8666666667 	16.0 	0.0 	0.0 	0.0 	-0.0 	16.0 	0.0 	0.0 	0.0 	0.0	-0.658387096774	140.0	-22.4516129032	
0.133333333333	0.0	0.0	0.0 	0.0 	62.1333333333 	16.0 	0.0 	0.0 	0.0 	-0.0 	16.0 	0.0 	0.0 	0.0 	0.0	-0.658387096774	140.0	-22.4516129032	
0.15	0.0	0.0	0.0 	0.0 	62.4 	16.0 	0.0 	0.0 	0.0 	-0.0 	16.0 	0.0 	0.0 	0.0 	0.0	-0.658387096774	140.0	-22.4516129032	
0.166666666667	0.0	0.0	0.0 	0.0 	62.6666666667 	16.0 	0.0 	0.0 	0.0 	-0.0 	16.0 	0.0 	0.0 	0.0 	0.0	-0.658387096774	140.0	-22.4516129032	
0.183333333333	0.0	0.0	0.0 	0.0 	62.9333333333 	16.0 	0.0 	0.0 	0.0 	-0.0 	16.0 	0.0 	0.0 	0.0 	0.0	-0.658387096774	140.0	-22.4516129032	
0.2	0.0	0.0	0.0 	0.0 	63.2 	16.0 	0.0 	0.0 	0.0 	-0.0 	16.0 	0.0 	0.0 	0.0 	0.0	-0.658387096774	140.0	-22.4516129032	
0.216666666667	0.0	0.0	0.0 	0.0 	63.4666666667 	16.0 	0.0 	0.0 	0.0 	-0.0 	16.0 	0.0 	0.0 	0.0 	0.0	-0.658387096774	140.0	-22.4516129032	
0.233333333333	0.0	0.0	0.0 	0.0 	63.7333333333 	16.0 	0.0 	0.0 	0.0 	-0.0 	16.0 	0.0 	0.0 	0.0 	0.0	-0.658387096774	140.0	-22.4516129032	
0.25	0.0	0.0	0.0 	0.0 	64.0 	16.0 	0.0 	0.0 	0.0 	-0.0 	16.0 	0.0 	0.0 	0.0 	0.0	-0.658387096774	140.0	-22.4516129032	
0.266666666667	0.0	0.0	0.0 	0.0 	64.2666666667 	16.0 	0.0 	0.0 	0.0 	-0.0 	16.0 	0.0 	0.0 	0.0 	0.0	-0.658387096774	140.0	-22.4516129032	
0.283333333333	0.0	0.0	0.0 	0.0 	64.5333333333 	16.0 	0.0 	0.0 	0.0 	-0.0 	16.0 	0.0 	0.0 	0.0 	0.0	-0.658387096774	140.0	-22.4516129032	
0.3	0.0	0.0	0.0 	0.0 	64.8 	16.0 	0.0 	0.0 	0.0 	-0.0 	16.0 	0.0 	0.0 	0.0 	0.0	-0.658387096774	140.0	-22.4516129032	
0.316666666667	0.0	0.0	0.0 	0.0 	65.0666666667 	16.0 	0.0 	0.0 	0.0 	-0.0 	16.0 	0.0 	0.0 	0.0 	0.0	-0.658387096774	140.0	-22.4516129032	
0.333333333333	0.0	0.0	0.0 	0.0 	65.3333333333 	16.0 	0.0 	0.0 	0.0 	-0.0 	16.0 	0.0 	0.0 	0.0 	0.0	-0.658387096774	140.0	-22.4516129032	
0.35	0.0	0.0	0.0 	0.0 	65.6 	16.0 	0.0 	0.0 	0.0 	-0.0 	16.0 	0.0 	0.0 	0.0 	0.0	-0.658387096774	140.0	-22.4516129032	
0.366666666667	0.0	0.0	0.0 	0.0 	65.8666666667 	16.0 	0.0 	0.0 	0.0 	-0.0 	16.0 	0.0 	0.0 	0.0 	0.0	-0.658387096774	140.0	-22.4516129032	
0.383333333333	0.0	0.0	0.0 	0.0 	66.1333333333 	16.0 	0.0 	0.0 	0.0 	-0.0 	16.0 	0.0 	0.0 	0.0 	0.0	-0.658387096774	140.0	-22.4516129032	
0.4	0.0	0.0	0.0 	0.0 	66.4 	16.0 	0.0 	0.0 	0.0 	-0.0 	16.0 	0.0 	0.0 	0.0 	0.0	-0.658387096774	140.0	-22.4516129032	
0.416666666667	0.0	0.0	0.0 	0.0 	66.6666666667 	16.0 	0.0 	0.0 	0.0 	-0.0 	16.0 	0.0 	0.0 	0.0 	0.0	-0.658387096774	140.0	-22.4516129032	
0.433333333333	0.0	0.0	0.0 	0.0 	66.9333333333 	16.0 	0.0 	0.0 	0.0 	-0.0 	16.0 	0.0 	0.0 	0.0 	0.0	-0.658387096774	140.0	-22.4516129032	
0.45	0.0	0.0	0.0 	0.0 	67.2 	16.0 	0.0 	0.0 	0.0 	-0.0 	16.0 	0.0 	0.0 	0.0 	0.0	-0.658387096774	140.0	-22.4516129032	
0.466666666667	0.0	0.0	0.0 	0.0 	67.4666666667 	16.0 	0.0 	0.0 	0.0 	-0.0 	16.0 	0.0 	0.0 	0.0 	0.0	-0.658387096774	140.0	-22.4516129032	
0.483333333333	0.0	0.0	0.0 	0.0 	67.7333333333 	16.0 	0.0 	0.0 	0.0 	-0.0 	16.0 	0.0 	0.0 	0.0 	0.0	-0.658387096774	140.0	-22.4516129032	
0.5	0.0	0.0	0.0 	0.0 	68.0 	16.0 	0.0 	0.0 	0.0 	-0.0 	16.0 	0.0 	0.0 	0.0 	0.0	-0.658387096774	140.0	-22.4516129032	
0.516666666667	0.0	0.0	0.0 	0.0 	68.2666666667 	16.0 	0.0 	0.0 	0.0 	-0.0 	16.0 	0.0 	0.0 	0.0 	0.0	-0.658387096774	140.0	-22.4516129032	
0.533333333333	0.0	0.0	0.0 	0.0 	68.5333333333 	16.0 	0.0 	0.0 	0.0 	-0.0 	16.0 	0.0 	0.0 	0.0 	0.0	-0.658387096774	140.0	-22.4516129032	
0.55	0.0	0.0	0.0 	0.0 	68.8 	16.0 	0.0 	0.0 	0.0 	-0.0 	16.0 	0.0 	0.0 	0.0 	0.0	-0.658387096774	140.0	-22.4516129032	
0.566666666667	0.0	0.0	0.0 	0.0 	69.0666666667 	16.0 	0.0 	0.0 	0.0 	-0.0 	16.0 	0.0 	0.0 	0.0 	0.0	-0.658387096774	140.0	-22.4516129032	
0.583333333333	0.0	0.0	0.0 	0.0 	69.3333333333 	16.0 	0.0 	0.0 	0.0 	-0.0 	16.0 	0.0 	0.0 	0.0 	0.0	-0.658387096774	140.0	-22.4516129032	
0.6	0.0	0.0	0.0 	0.0 	69.6 	16.0 	0.0 	0.0 	0.0 	-0.0 	16.0 	0.0 	0.0 	0.0 	0.0	-0.658387096774	140.0	-22.4516129032	
0.616666666667	0.0	0.0	0.0 	0.0 	69.8666666667 	16.0 	0.0 	0.0 	0.0 	-0.0 	16.0 	0.0 	0.0 	0.0 	0.0	-0.658387096774	140.0	-22.4516129032	
0.633333333333	0.0	0.0	0.0 	0.0 	70.1333333333 	16.0 	0.0 	0.0 	0.0 	-0.0 	16.0 	0.0 	0.0 	0.0 	0.0	-0.658387096774	140.0	-22.4516129032	
0.65	0.0	0.0	0.0 	0.0 	70.4 	16.0 	0.0 	0.0 	0.0 	-0.0 	16.0 	0.0 	0.0 	0.0 	0.0	-0.658387096774	140.0	-22.4516129032	
0.666666666667	0.0	0.0	0.0 	0.0 	70.6666666667 	16.0 	0.0 	0.0 	0.0 	-0.0 	16.0 	0.0 	0.0 	0.0 	0.0	-0.658387096774	140.0	-22.4516129032	
0.683333333333	0.0	0.0	0.0 	0.0 	70.9333333333 	16.0 	0.0 	0.0 	0.0 	-0.0 	16.0 	0.0 	0.0 	0.0 	0.0	-0.658387096774	140.0	-22.4516129032	
0.7	0.0	0.0	0.0 	0.0 	71.2 	16.0 	0.0 	0.0 	0.0 	-0.0 	16.0 	0.0 	0.0 	0.0 	0.0	-0.658387096774	140.0	-22.4516129032	
0.716666666667	0.0	0.0	0.0 	0.0 	71.4666666667 	16.0 	0.0 	0.0 	0.0 	-0.0 	16.0 	0.0 	0.0 	0.0 	0.0	-0.658387096774	140.0	-22.4516129032	
0.733333333333	0.0	0.0	0.0 	0.0 	71.7333333333 	16.0 	0.0 	0.0 	0.0 	-0.0 	16.0 	0.0 	0.0 	0.0 	0.0	-0.658387096774	140.0	-22.4516129032	
0.75	0.0	0.0	0.0 	0.0 	72.0 	16.0 	0.0 	0.0 	0.0 	-0.0 	16.0 	0.0 	0.0 	0.0 	0.0	-0.658387096774	140.0	-22.4516129032	
0.766666666667	0.0	0.0	0.0 	0.0 	72.2666666667 	16.0 	0.0 	0.0 	0.0 	-0.0 	16.0 	0.0 	0.0 	0.0 	0.0	-0.658387096774	140.0	-22.4516129032	
0.783333333333	0.0	0.0	0.0 	0.0 	72.5333333333 	16.0 	0.0 	0.0 	0.0 	-0.0 	16.0 	0.0 	0.0 	0.0 	0.0	-0.658387096774	140.0	-22.4516129032	
0.8	0.0	0.0	0.0 	0.0 	72.8 	16.0 	0.0 	0.0 	0.0 	-0.0 	16.0 	0.0 	0.0 	0.0 	0.0	-0.658387096774	140.0	-22.4516129032	
0.816666666667	0.0	0.0	0.0 	0.0 	73.0666666667 	16.0 	0.0 	0.0 	0.0 	-0.0 	16.0 	0.0 	0.0 	0.0 	0.0	-0.658387096774	140.0	-22.4516129032	
0.833333333333	0.0	0.0	0.0 	0.0 	73.3333333333 	16.0 	0.0 	0.0 	0.0 	-0.0 	16.0 	0.0 	0.0 	0.0 	0.0	-0.658387096774	140.0	-22.4516129032	
0.85	0.0	0.0	0.0 	0.0 	73.6 	16.0 	0.0 	0.0 	0.0 	-0.0 	16.0 	0.0 	0.0 	0.0 	0.0	-0.658387096774	140.0	-22.4516129032	
0.866666666667	0.0	0.0	0.0 	0.0 	73.8666666667 	16.0 	0.0 	0.0 	0.0 	-0.0 	16.0 	0.0 	0.0 	0.0 	0.0	-0.658387096774	140.0	-22.4516129032	
0.883333333333	0.0	0.0	0.0 	0.0 	74.1333333333 	16.0 	0.0 	0.0 	0.0 	-0.0 	16.0 	0.0 	0.0 	0.0 	0.0	-0.658387096774	140.0	-22.4516129032	
0.9	0.0	0.0	0.0 	0.0 	74.4 	16.0 	0.0 	0.0 	0.0 	-0.0 	16.0 	0.0 	0.0 	0.0 	0.0	-0.658387096774	140.0	-22.4516129032	
0.916666666667	0.0	0.0	0.0 	0.0 	74.6666666667 	16.0 	0.0 	0.0 	0.0 	-0.0 	16.0 	0.0 	0.0 	0.0 	0.0	-0.658387096774	140.0	-22.4516129032	
0.933333333333	0.0	0.0	0.0 	0.0 	74.9333333333 	16.0 	0.0 	0.0 	0.0 	-0.0 	16.0 	0.0 	0.0 	0.0 	0.0	-0.658387096774	140.0	-22.4516129032	
0.95	0.0	0.0	0.0 	0.0 	75.2 	16.0 	0.0 	0.0 	0.0 	-0.0 	16.0 	0.0 	0.0 	0.0 	0.0	-0.658387096774	140.0	-22.4516129032	
0.966666666667	0.0	0.0	0.0 	0.0 	75.4666666667 	16.0 	0.0 	0.0 	0.0 	-0.0 	16.0 	0.0 	0.0 	0.0 	0.0	-0.658387096774	140.0	-22.4516129032	
0.983333333333	0.0	0.0	0.0 	0.0 	75.7333333333 	16.0 	0.0 	0.0 	0.0 	-0.0 	16.0 	0.0 	0.0 	0.0 	0.0	-0.658387096774	140.0	-22.4516129032	
1.0	0.0	0.0	0.0 	0.0 	76.0 	16.0 	0.0 	0.0 	0.0 	-0.0 	16.0 	0.0 	0.0 	0.0 	0.0	-0.658387096774	140.0	-22.4516129032	
1.01666666667	0.0	0.0	0.0 	0.0 	76.2666666667 	16.0 	0.0 	0.0 	0.0 	-0.0 	16.0 	0.0 	0.0 	0.0 	0.0	-0.658387096774	140.0	-22.4516129032	
1.03333333333	0.0	0.0	0.0 	0.0 	76.5333333333 	16.0 	0.0 	0.0 	0.0 	-0.0 	16.0 	0.0 	0.0 	0.0 	0.0	-0.658387096774	140.0	-22.4516129032	
1.05	0.0	0.0	0.0 	0.0 	76.8 	16.0 	0.0 	0.0 	0.0 	-0.0 	16.0 	0.0 	0.0 	0.0 	0.0	-0.658387096774	140.0	-22.4516129032	
1.06666666667	0.0	0.0	0.0 	0.0 	77.0666666667 	16.0 	0.0 	0.0 	0.0 	-0.0 	16.0 	0.0 	0.0 	0.0 	0.0	-0.658387096774	140.0	-22.4516129032	
1.08333333333	0.0	0.0	0.0 	0.0 	77.3333333333 	16.0 	0.0 	0.0 	0.0 	-0.0 	16.0 	0.0 	0.0 	0.0 	0.0	-0.658387096774	140.0	-22.4516129032	
1.1	0.0	0.0	0.0 	0.0 	77.6 	16.0 	0.0 	0.0 	0.0 	-0.0 	16.0 	0.0 	0.0 	0.0 	0.0	-0.658387096774	140.0	-22.4516129032	
1.11666666667	0.0	0.0	0.0 	0.0 	77.8666666667 	16.0 	0.0 	0.0 	0.0 	-0.0 	16.0 	0.0 	0.0 	0.0 	0.0	-0.658387096774	140.0	-22.4516129032	
1.13333333333	0.0	0.0	0.0 	0.0 	78.1333333333 	16.0 	0.0 	0.0 	0.0 	-0.0 	16.0 	0.0 	0.0 	0.0 	0.0	-0.658387096774	140.0	-22.4516129032	
1.15	0.0	0.0	0.0 	0.0 	78.4 	16.0 	0.0 	0.0 	0.0 	-0.0 	16.0 	0.0 	0.0 	0.0 	0.0	-0.658387096774	140.0	-22.4516129032	
1.16666666667	0.0	0.0	0.0 	0.0 	78.6666666667 	16.0 	0.0 	0.0 	0.0 	-0.0 	16.0 	0.0 	0.0 	0.0 	0.0	-0.658387096774	140.0	-22.4516129032	
1.18333333333	0.0	0.0	0.0 	0.0 	78.9333333333 	16.0 	0.0 	0.0 	0.0 	-0.0 	16.0 	0.0 	0.0 	0.0 	0.0	-0.658387096774	140.0	-22.4516129032	
1.2	0.0	0.0	0.0 	0.0 	79.2 	16.0 	0.0 	0.0 	0.0 	-0.0 	16.0 	0.0 	0.0 	0.0 	0.0	-0.658387096774	140.0	-22.4516129032	
1.21666666667	0.0	0.0	0.0 	0.0 	79.4666666667 	16.0 	0.0 	0.0 	0.0 	-0.0 	16.0 	0.0 	0.0 	0.0 	0.0	-0.658387096774	140.0	-22.4516129032	
1.23333333333	0.0	0.0	0.0 	0.0 	79.7333333333 	16.0 	0.0 	0.0 	0.0 	-0.0 	16.0 	0.0 	0.0 	0.0 	0.0	-0.658387096774	140.0	-22.4516129032	
1.25	0.0	0.0	0.0 	0.0 	80.0 	16.0 	0.0 	0.0 	0.0 	-0.0 	16.0 	0.0 	0.0 	0.0 	0.0	-0.658387096774	140.0	-22.4516129032	
1.26666666667	0.0	0.0	0.0 	0.0 	80.2666666667 	16.0 	0.0 	0.0 	0.0 	-0.0 	16.0 	0.0 	0.0 	0.0 	0.0598130841121	-0.658387096774	139.999390064	-22.4508243872	
1.28333333333	0.0	0.0	0.0 	0.0 	80.5333333333 	16.0 	0.0 	0.0 	0.0 	-0.0 	16.0 	0.0 	0.0 	0.0 	0.119395114566	-0.658387096774	139.998172549	-22.4492504012	
1.3	0.0	0.0	0.0 	0.0 	80.8 	16.0 	0.0 	0.0 	0.0 	-0.0 	16.0 	0.0 	0.0 	0.0 	0.178746983905	-0.658387096774	139.996349801	-22.4468939794	
1.31666666667	0.0	0.0	0.0 	0.0 	81.0666666667 	16.0 	0.0 	0.0 	0.0 	-0.0 	16.0 	0.0 	0.0 	0.0 	0.237869581226	-0.658387096774	139.993924158	-22.4437581444	
1.33333333333	0.0	0.0	0.0 	0.0 	81.3333333333 	16.0 	0.0 	0.0 	0.0 	-0.0 	16.0 	0.0 	0.0 	0.0 	0.29676379219	-0.658387096774	139.990897949	-22.4398459068	
1.35	0.0	0.0	0.0 	0.0 	81.6 	16.0 	0.0 	0.0 	0.0 	-0.0 	16.0 	0.0 	0.0 	0.0 	0.355430499036	-0.658387096774	139.987273495	-22.4351602659	
1.36666666667	0.0	0.0	0.0 	0.0 	81.8666666667 	16.0 	0.0 	0.0 	0.0 	-0.0 	16.0 	0.0 	0.0 	0.0 	0.413870580597	-0.658387096774	139.983053106	-22.4297042093	
1.38333333333	0.0	0.0	0.0 	0.0 	82.1333333333 	16.0 	0.0 	0.0 	0.0 	-0.0 	16.0 	0.0 	0.0 	0.0 	0.472084912311	-0.658387096774	139.978239084	-22.4234807131	
1.4	0.0	0.0	0.0 	0.0 	82.4 	16.0 	0.0 	0.0 	0.0 	-0.0 	16.0 	0.0 	0.0 	0.0 	0.530074366232	-0.658387096774	139.972833722	-22.4164927419	
1.41666666667	0.0	0.0	0.0 	0.0 	82.6666666667 	16.0 	0.0 	0.0 	0.0 	-0.0 	16.0 	0.0 	0.0 	0.0 	0.587839811048	-0.658387096774	139.966839305	-22.4087432487	
1.43333333333	0.0	0.0	0.0 	0.0 	82.9333333333 	16.0 	0.0 	0.0 	0.0 	-0.0 	16.0 	0.0 	0.0 	0.0 	0.645382112089	-0.658387096774	139.960258108	-22.4002351752	
1.45	0.0	0.0	0.0 	0.0 	83.2 	16.0 	0.0 	0.0 	0.0 	-0.0 	16.0 	0.0 	0.0 	0.0 	0.702702131345	-0.658387096774	139.953092399	-22.3909714518	
1.46666666667	0.0	0.0	0.0 	0.0 	83.4666666667 	16.0 	0.0 	0.0 	0.0 	-0.0 	16.0 	0.0 	0.0 	0.0 	0.759800727473	-0.658387096774	139.945344434	-22.3809549975	
1.48333333333	0.0	0.0	0.0 	0.0 	83.7333333333 	16.0 	0.0 	0.0 	0.0 	-0.0 	16.0 	0.0 	0.0 	0.0 	0.816678755816	-0.658387096774	139.937016463	-22.3701887201	
1.5	0.0	0.0	0.0 	0.0 	84.0 	16.0 	0.0 	0.0 	0.0 	-0.0 	16.0 	0.0 	0.0 	0.0 	0.87333706841	-0.658387096774	139.928110726	-22.358675516	
1.51666666667	0.0	0.0	0.0 	0.0 	84.2666666667 	16.0 	0.0 	0.0 	0.0 	-0.0 	16.0 	0.0 	0.0 	0.0 	0.929776514002	-0.658387096774	139.918629456	-22.3464182707	
1.53333333333	0.0	0.0	0.0 	0.0 	84.5333333333 	16.0 	0.0 	0.0 	0.0 	-0.0 	16.0 	0.0 	0.0 	0.0 	0.98599793806	-0.658387096774	139.908574876	-22.3334198582	
1.55	0.0	0.0	0.0 	0.0 	84.8 	16.0 	0.0 	0.0 	0.0 	-0.0 	16.0 	0.0 	0.0 	0.0 	1.04200218279	-0.658387096774	139.897949199	-22.3196831416	
1.56666666667	0.0	0.0	0.0 	0.0 	85.0666666667 	16.0 	0.0 	0.0 	0.0 	-0.0 	16.0 	0.0 	0.0 	0.0 	1.09779008713	-0.658387096774	139.886754634	-22.3052109731	
1.58333333333	0.0	0.0	0.0 	0.0 	85.3333333333 	16.0 	0.0 	0.0 	0.0 	-0.0 	16.0 	0.0 	0.0 	0.0 	1.15336248679	-0.658387096774	139.874993376	-22.2900061935	
1.6	0.0	0.0	0.0 	0.0 	85.6 	16.0 	0.0 	0.0 	0.0 	-0.0 	16.0 	0.0 	0.0 	0.0 	1.20872021426	-0.658387096774	139.862667615	-22.2740716328	
1.61666666667	0.0	0.0	0.0 	0.0 	85.8666666667 	16.0 	0.0 	0.0 	0.0 	-0.0 	16.0 	0.0 	0.0 	0.0 	1.26386409879	-0.658387096774	139.849779532	-22.2574101103	
1.63333333333	0.0	0.0	0.0 	0.0 	86.1333333333 	16.0 	0.0 	0.0 	0.0 	-0.0 	16.0 	0.0 	0.0 	0.0 	1.31879496644	-0.658387096774	139.836331299	-22.240024434	
1.65	0.0	0.0	0.0 	0.0 	86.4 	16.0 	0.0 	0.0 	0.0 	-0.0 	16.0 	0.0 	0.0 	0.0 	1.37351364009	-0.658387096774	139.82232508	-22.2219174013	
1.66666666667	0.0	0.0	0.0 	0.0 	86.6666666667 	16.0 	0.0 	0.0 	0.0 	-0.0 	16.0 	0.0 	0.0 	0.0 	1.42802093943	-0.658387096774	139.80776303	-22.2030917989	
1.68333333333	0.0	0.0	0.0 	0.0 	86.9333333333 	16.0 	0.0 	0.0 	0.0 	-0.0 	16.0 	0.0 	0.0 	0.0 	1.48231768097	-0.658387096774	139.792647296	-22.1835504024	
1.7	0.0	0.0	0.0 	0.0 	87.2 	16.0 	0.0 	0.0 	0.0 	-0.0 	16.0 	0.0 	0.0 	0.0 	1.53640467809	-0.658387096774	139.776980017	-22.1632959769	
1.71666666667	0.0	0.0	0.0 	0.0 	87.4666666667 	16.0 	0.0 	0.0 	0.0 	-0.0 	16.0 	0.0 	0.0 	0.0 	1.59028274101	-0.658387096774	139.760763325	-22.1423312768	
1.73333333333	0.0	0.0	0.0 	0.0 	87.7333333333 	16.0 	0.0 	0.0 	0.0 	-0.0 	16.0 	0.0 	0.0 	0.0 	1.64395267684	-0.658387096774	139.74399934	-22.1206590459	
1.75	0.0	0.0	0.0 	0.0 	88.0 	16.0 	0.0 	0.0 	0.0 	-0.0 	16.0 	0.0 	0.0 	0.0 	1.69741528956	-0.658387096774	139.726690177	-22.0982820173	
1.76666666667	0.0	0.0	0.0 	0.0 	88.2666666667 	16.0 	0.0 	0.0 	0.0 	-0.0 	16.0 	0.0 	0.0 	0.0 	1.75067138003	-0.658387096774	139.708837943	-22.0752029135	
1.78333333333	0.0	0.0	0.0 	0.0 	88.5333333333 	16.0 	0.0 	0.0 	0.0 	-0.0 	16.0 	0.0 	0.0 	0.0 	1.80372174603	-0.658387096774	139.690444735	-22.0514244467	
1.8	0.0	0.0	0.0 	0.0 	88.8 	16.0 	0.0 	0.0 	0.0 	-0.0 	16.0 	0.0 	0.0 	0.0 	1.85656718228	-0.658387096774	139.671512642	-22.0269493184	
1.81666666667	0.0	0.0	0.0 	0.0 	89.0666666667 	16.0 	0.0 	0.0 	0.0 	-0.0 	16.0 	0.0 	0.0 	0.0 	1.90920848039	-0.658387096774	139.652043747	-22.0017802197	
1.83333333333	0.0	0.0	0.0 	0.0 	89.3333333333 	16.0 	0.0 	0.0 	0.0 	-0.0 	16.0 	0.0 	0.0 	0.0 	1.96164642894	-0.658387096774	139.632040124	-21.9759198315	
1.85	0.0	0.0	0.0 	0.0 	89.6 	16.0 	0.0 	0.0 	0.0 	-0.0 	16.0 	0.0 	0.0 	0.0 	2.01388181345	-0.658387096774	139.611503837	-21.9493708242	
1.86666666667	0.0	0.0	0.0 	0.0 	89.8666666667 	16.0 	0.0 	0.0 	0.0 	-0.0 	16.0 	0.0 	0.0 	0.0 	2.06591541642	-0.658387096774	139.590436944	-21.9221358577	
1.88333333333	0.0	0.0	0.0 	0.0 	90.1333333333 	16.0 	0.0 	0.0 	0.0 	-0.0 	16.0 	0.0 	0.0 	0.0 	2.1177480173	-0.658387096774	139.568841495	-21.894217582	
1.9	0.0	0.0	0.0 	0.0 	90.4 	16.0 	0.0 	0.0 	0.0 	-0.0 	16.0 	0.0 	0.0 	0.0 	2.16938039256	-0.658387096774	139.546719533	-21.8656186366	
1.91666666667	0.0	0.0	0.0 	0.0 	90.6666666667 	16.0 	0.0 	0.0 	0.0 	-0.0 	16.0 	0.0 	0.0 	0.0 	2.22081331565	-0.658387096774	139.52407309	-21.8363416509	
1.93333333333	0.0	0.0	0.0 	0.0 	90.9333333333 	16.0 	0.0 	0.0 	0.0 	-0.0 	16.0 	0.0 	0.0 	0.0 	2.27204755705	-0.658387096774	139.500904192	-21.8063892442	
1.95	0.0	0.0	0.0 	0.0 	91.2 	16.0 	0.0 	0.0 	0.0 	-0.0 	16.0 	0.0 	0.0 	0.0 	2.32308388425	-0.658387096774	139.477214859	-21.7757640254	
1.96666666667	0.0	0.0	0.0 	0.0 	91.4666666667 	16.0 	0.0 	0.0 	0.0 	-0.0 	16.0 	0.0 	0.0 	0.0 	2.37392306176	-0.658387096774	139.4530071	-21.7444685936	
1.98333333333	0.0	0.0	0.0 	0.0 	91.7333333333 	16.0 	0.0 	0.0 	0.0 	-0.0 	16.0 	0.0 	0.0 	0.0 	2.42456585118	-0.658387096774	139.428282918	-21.7125055379	
2.0	0.0	0.0	0.0 	0.0 	92.0 	16.0 	0.0 	0.0 	0.0 	-0.0 	16.0 	0.0 	0.0 	0.0 	2.47501301114	-0.658387096774	139.403044308	-21.6798774372	
2.01666666667	0.0	0.0	0.0 	0.0 	92.2666666667 	16.0 	0.0 	0.0 	0.0 	-0.0 	16.0 	0.0 	0.0 	0.0 	2.52526529732	-0.658387096774	139.377293257	-21.6465868605	
2.03333333333	0.0	0.0	0.0 	0.0 	92.5333333333 	16.0 	0.0 	0.0 	0.0 	-0.0 	16.0 	0.0 	0.0 	0.0 	2.57532346253	-0.658387096774	139.351031745	-21.6126363669	
2.05	0.0	0.0	0.0 	0.0 	92.8 	16.0 	0.0 	0.0 	0.0 	-0.0 	16.0 	0.0 	0.0 	0.0 	2.62518825663	-0.658387096774	139.324261743	-21.5780285057	
2.06666666667	0.0	0.0	0.0 	0.0 	93.0666666667 	16.0 	0.0 	0.0 	0.0 	-0.0 	16.0 	0.0 	0.0 	0.0 	2.6748604266	-0.658387096774	139.296985216	-21.5427658162	
2.08333333333	0.0	0.0	0.0 	0.0 	93.3333333333 	16.0 	0.0 	0.0 	0.0 	-0.0 	16.0 	0.0 	0.0 	0.0 	2.72434071655	-0.658387096774	139.269204121	-21.5068508279	
2.1	0.0	0.0	0.0 	0.0 	93.6 	16.0 	0.0 	0.0 	0.0 	-0.0 	16.0 	0.0 	0.0 	0.0 	2.77362986767	-0.658387096774	139.240920406	-21.4702860606	
2.11666666667	0.0	0.0	0.0 	0.0 	93.8666666667 	16.0 	0.0 	0.0 	0.0 	-0.0 	16.0 	0.0 	0.0 	0.0 	2.82272861834	-0.658387096774	139.212136013	-21.4330740245	
2.13333333333	0.0	0.0	0.0 	0.0 	94.1333333333 	16.0 	0.0 	0.0 	0.0 	-0.0 	16.0 	0.0 	0.0 	0.0 	2.87163770405	-0.658387096774	139.182852877	-21.3952172197	
2.15	0.0	0.0	0.0 	0.0 	94.4 	16.0 	0.0 	0.0 	0.0 	-0.0 	16.0 	0.0 	0.0 	0.0 	2.92035785747	-0.658387096774	139.153072923	-21.3567181372	
2.16666666667	0.0	0.0	0.0 	0.0 	94.6666666667 	16.0 	0.0 	0.0 	0.0 	-0.0 	16.0 	0.0 	0.0 	0.0 	2.96888980842	-0.658387096774	139.122798071	-21.3175792578	
2.18333333333	0.0	0.0	0.0 	0.0 	94.9333333333 	16.0 	0.0 	0.0 	0.0 	-0.0 	16.0 	0.0 	0.0 	0.0 	3.01723428393	-0.658387096774	139.092030233	-21.2778030531	
2.2	0.0	0.0	0.0 	0.0 	95.2 	16.0 	0.0 	0.0 	0.0 	-0.0 	16.0 	0.0 	0.0 	0.0 	3.06539200819	-0.658387096774	139.060771313	-21.2373919851	
2.21666666667	0.0	0.0	0.0 	0.0 	95.4666666667 	16.0 	0.0 	0.0 	0.0 	-0.0 	16.0 	0.0 	0.0 	0.0 	3.11336370261	-0.658387096774	139.029023209	-21.1963485061	
2.23333333333	0.0	0.0	0.0 	0.0 	95.7333333333 	16.0 	0.0 	0.0 	0.0 	-0.0 	16.0 	0.0 	0.0 	0.0 	3.16115008582	-0.658387096774	138.996787809	-21.1546750592	
2.25	0.0	0.0	0.0 	0.0 	96.0 	16.0 	0.0 	0.0 	0.0 	-0.0 	16.0 	0.0 	0.0 	0.0 	3.20875187365	-0.658387096774	138.964066996	-21.1123740778	
2.26666666667	0.0	0.0	0.0 	0.0 	96.2666666667 	16.0 	0.0 	0.0 	0.0 	-0.0 	16.0 	0.0 	0.0 	0.0 	3.25616977918	-0.658387096774	138.930862646	-21.0694479861	
2.28333333333	0.0	0.0	0.0 	0.0 	96.5333333333 	16.0 	0.0 	0.0 	0.0 	-0.0 	16.0 	0.0 	0.0 	0.0 	3.30340451275	-0.658387096774	138.897176626	-21.0258991988	
2.3	0.0	0.0	0.0 	0.0 	96.8 	16.0 	0.0 	0.0 	0.0 	-0.0 	16.0 	0.0 	0.0 	0.0 	3.35045678192	-0.658387096774	138.863010796	-20.9817301214	
2.31666666667	0.0	0.0	0.0 	0.0 	97.0666666667 	16.0 	0.0 	0.0 	0.0 	-0.0 	16.0 	0.0 	0.0 	0.0 	3.39732729155	-0.658387096774	138.828367011	-20.9369431499	
2.33333333333	0.0	0.0	0.0 	0.0 	97.3333333333 	16.0 	0.0 	0.0 	0.0 	-0.0 	16.0 	0.0 	0.0 	0.0 	3.44401674375	-0.658387096774	138.793247117	-20.8915406713	
2.35	0.0	0.0	0.0 	0.0 	97.6 	16.0 	0.0 	0.0 	0.0 	-0.0 	16.0 	0.0 	0.0 	0.0 	3.49052583795	-0.658387096774	138.757652953	-20.8455250633	
2.36666666667	0.0	0.0	0.0 	0.0 	97.8666666667 	16.0 	0.0 	0.0 	0.0 	-0.0 	16.0 	0.0 	0.0 	0.0 	3.53685527085	-0.658387096774	138.72158635	-20.7988986943	
2.38333333333	0.0	0.0	0.0 	0.0 	98.1333333333 	16.0 	0.0 	0.0 	0.0 	-0.0 	16.0 	0.0 	0.0 	0.0 	3.58300573647	-0.658387096774	138.685049134	-20.7516639236	
2.4	0.0	0.0	0.0 	0.0 	98.4 	16.0 	0.0 	0.0 	0.0 	-0.0 	16.0 	0.0 	0.0 	0.0 	3.62897792615	-0.658387096774	138.648043123	-20.7038231014	
2.41666666667	0.0	0.0	0.0 	0.0 	98.6666666667 	16.0 	0.0 	0.0 	0.0 	-0.0 	16.0 	0.0 	0.0 	0.0 	3.67477252856	-0.658387096774	138.610570128	-20.655378569	
2.43333333333	0.0	0.0	0.0 	0.0 	98.9333333333 	16.0 	0.0 	0.0 	0.0 	-0.0 	16.0 	0.0 	0.0 	0.0 	3.72039022969	-0.658387096774	138.572631953	-20.6063326583	
2.45	0.0	0.0	0.0 	0.0 	99.2 	16.0 	0.0 	0.0 	0.0 	-0.0 	16.0 	0.0 	0.0 	0.0 	3.76583171292	-0.658387096774	138.534230394	-20.5566876924	
2.46666666667	0.0	0.0	0.0 	0.0 	99.4666666667 	16.0 	0.0 	0.0 	0.0 	-0.0 	16.0 	0.0 	0.0 	0.0 	3.81109765895	-0.658387096774	138.495367242	-20.5064459855	
2.48333333333	0.0	0.0	0.0 	0.0 	99.7333333333 	16.0 	0.0 	0.0 	0.0 	-0.0 	16.0 	0.0 	0.0 	0.0 	3.85618874587	-0.658387096774	138.456044279	-20.4556098428	
2.5	0.0	0.0	0.0 	0.0 	100.0 	16.0 	0.0 	0.0 	0.0 	-0.0 	16.0 	0.0 	0.0 	0.0 	3.90110564916	-0.658387096774	138.416263283	-20.4041815604	
2.51666666667	0.0	0.0	0.0 	0.0 	100.266666667 	16.0 	0.0 	0.0 	0.0 	-0.0 	16.0 	0.0 	0.0 	0.0 	3.94584904167	-0.658387096774	138.376026021	-20.3521634258	
2.53333333333	0.0	0.0	0.0 	0.0 	100.533333333 	16.0 	0.0 	0.0 	0.0 	-0.0 	16.0 	0.0 	0.0 	0.0 	3.99041959366	-0.658387096774	138.335334258	-20.2995577175	
2.55	0.0	0.0	0.0 	0.0 	100.8 	16.0 	0.0 	0.0 	0.0 	-0.0 	16.0 	0.0 	0.0 	0.0 	4.0348179728	-0.658387096774	138.294189748	-20.2463667053	
2.56666666667	0.0	0.0	0.0 	0.0 	101.066666667 	16.0 	0.0 	0.0 	0.0 	-0.0 	16.0 	0.0 	0.0 	0.0 	3.99701610364	-0.649018181147	138.253926173	-20.1932944855	
2.58333333333	0.0	0.0	0.0 	0.0 	101.333333333 	16.0 	0.0 	0.0 	0.0 	-0.0 	16.0 	0.0 	0.0 	0.0 	3.95921423448	-0.63956065879	138.214542352	-20.1403493618	
2.6	0.0	0.0	0.0 	0.0 	101.6 	16.0 	0.0 	0.0 	0.0 	-0.0 	16.0 	0.0 	0.0 	0.0 	3.92141236532	-0.630012837703	138.176037015	-20.087539705	
2.61666666667	0.0	0.0	0.0 	0.0 	101.866666667 	16.0 	0.0 	0.0 	0.0 	-0.0 	16.0 	0.0 	0.0 	0.0 	3.88361049616	-0.620372976949	138.138408798	-20.0348739539	
2.63333333333	0.0	0.0	0.0 	0.0 	102.133333333 	16.0 	0.0 	0.0 	0.0 	-0.0 	16.0 	0.0 	0.0 	0.0 	3.845808627	-0.610639284758	138.101656243	-19.9823606149	
2.65	0.0	0.0	0.0 	0.0 	102.4 	16.0 	0.0 	0.0 	0.0 	-0.0 	16.0 	0.0 	0.0 	0.0 	3.80800675784	-0.600809916523	138.065777791	-19.9300082629	
2.66666666667	0.0	0.0	0.0 	0.0 	102.666666667 	16.0 	0.0 	0.0 	0.0 	-0.0 	16.0 	0.0 	0.0 	0.0 	3.77020488868	-0.590882972701	138.030771784	-19.8778255418	
2.68333333333	0.0	0.0	0.0 	0.0 	102.933333333 	16.0 	0.0 	0.0 	0.0 	-0.0 	16.0 	0.0 	0.0 	0.0 	3.73240301952	-0.580856496614	137.99663646	-19.8258211641	
2.7	0.0	0.0	0.0 	0.0 	103.2 	16.0 	0.0 	0.0 	0.0 	-0.0 	16.0 	0.0 	0.0 	0.0 	3.69460115037	-0.570728472132	137.96336995	-19.7740039122	
2.71666666667	0.0	0.0	0.0 	0.0 	103.466666667 	16.0 	0.0 	0.0 	0.0 	-0.0 	16.0 	0.0 	0.0 	0.0 	3.65679928121	-0.560496821239	137.930970278	-19.722382638	
2.73333333333	0.0	0.0	0.0 	0.0 	103.733333333 	16.0 	0.0 	0.0 	0.0 	-0.0 	16.0 	0.0 	0.0 	0.0 	3.61899741205	-0.550159401476	137.899435353	-19.6709662634	
2.75	0.0	0.0	0.0 	0.0 	104.0 	16.0 	0.0 	0.0 	0.0 	-0.0 	16.0 	0.0 	0.0 	0.0 	3.58119554289	-0.539714003247	137.86876297	-19.6197637807	
2.76666666667	0.0	0.0	0.0 	0.0 	104.266666667 	16.0 	0.0 	0.0 	0.0 	-0.0 	16.0 	0.0 	0.0 	0.0 	3.54339367373	-0.529158346984	137.838950806	-19.5687842526	
2.78333333333	0.0	0.0	0.0 	0.0 	104.533333333 	16.0 	0.0 	0.0 	0.0 	-0.0 	16.0 	0.0 	0.0 	0.0 	3.50559180457	-0.518490080165	137.809996415	-19.5180368125	
2.8	0.0	0.0	0.0 	0.0 	104.8 	16.0 	0.0 	0.0 	0.0 	-0.0 	16.0 	0.0 	0.0 	0.0 	3.46778993541	-0.507706774159	137.781897227	-19.467530665	
2.81666666667	0.0	0.0	0.0 	0.0 	105.066666667 	16.0 	0.0 	0.0 	0.0 	-0.0 	16.0 	0.0 	0.0 	0.0 	3.42998806625	-0.496805920917	137.754650544	-19.4172750855	
2.83333333333	0.0	0.0	0.0 	0.0 	105.333333333 	16.0 	0.0 	0.0 	0.0 	-0.0 	16.0 	0.0 	0.0 	0.0 	3.39218619709	-0.485784929465	137.728253533	-19.3672794207	
2.85	0.0	0.0	0.0 	0.0 	105.6 	16.0 	0.0 	0.0 	0.0 	-0.0 	16.0 	0.0 	0.0 	0.0 	3.35438432794	-0.474641122209	137.702703228	-19.3175530886	
2.86666666667	0.0	0.0	0.0 	0.0 	105.866666667 	16.0 	0.0 	0.0 	0.0 	-0.0 	16.0 	0.0 	0.0 	0.0 	3.31658245878	-0.463371731029	137.677996523	-19.2681055784	
2.88333333333	0.0	0.0	0.0 	0.0 	106.133333333 	16.0 	0.0 	0.0 	0.0 	-0.0 	16.0 	0.0 	0.0 	0.0 	3.27878058962	-0.451973893156	137.654130166	-19.2189464509	
2.9	0.0	0.0	0.0 	0.0 	106.4 	16.0 	0.0 	0.0 	0.0 	-0.0 	16.0 	0.0 	0.0 	0.0 	3.24097872046	-0.440444646801	137.631100758	-19.1700853379	
2.91666666667	0.0	0.0	0.0 	0.0 	106.666666667 	16.0 	0.0 	0.0 	0.0 	-0.0 	16.0 	0.0 	0.0 	0.0 	3.2031768513	-0.428780926543	137.60890475	-19.1215319425	
2.93333333333	0.0	0.0	0.0 	0.0 	106.933333333 	16.0 	0.0 	0.0 	0.0 	-0.0 	16.0 	0.0 	0.0 	0.0 	3.16537498214	-0.416979558428	137.587538434	-19.0732960387	
2.95	0.0	0.0	0.0 	0.0 	107.2 	16.0 	0.0 	0.0 	0.0 	-0.0 	16.0 	0.0 	0.0 	0.0 	3.12757311298	-0.405037254792	137.566997941	-19.0253874715	
2.96666666667	0.0	0.0	0.0 	0.0 	107.466666667 	16.0 	0.0 	0.0 	0.0 	-0.0 	16.0 	0.0 	0.0 	0.0 	3.08977124382	-0.392950608759	137.547279237	-18.9778161562	
2.98333333333	0.0	0.0	0.0 	0.0 	107.733333333 	16.0 	0.0 	0.0 	0.0 	-0.0 	16.0 	0.0 	0.0 	0.0 	3.05196937466	-0.380716088409	137.528378117	-18.9305920785	
3.0	0.0	0.0	0.0 	0.0 	108.0 	16.0 	0.0 	0.0 	0.0 	-0.0 	16.0 	0.0 	0.0 	0.0 	3.01416750551	-0.368330030583	137.5102902	-18.8837252938	
3.01666666667	0.0	0.0	0.0 	0.0 	108.266666667 	16.0 	0.0 	0.0 	0.0 	-0.0 	16.0 	0.0 	0.0 	0.0 	2.97636563635	-0.355788634297	137.493010924	-18.8372259265	
3.03333333333	0.0	0.0	0.0 	0.0 	108.533333333 	16.0 	0.0 	0.0 	0.0 	-0.0 	16.0 	0.0 	0.0 	0.0 	2.93856376719	-0.343087953743	137.476535539	-18.7911041701	
3.05	0.0	0.0	0.0 	0.0 	108.8 	16.0 	0.0 	0.0 	0.0 	-0.0 	16.0 	0.0 	0.0 	0.0 	2.90076189803	-0.330223890836	137.460859104	-18.7453702857	
3.06666666667	0.0	0.0	0.0 	0.0 	109.066666667 	16.0 	0.0 	0.0 	0.0 	-0.0 	16.0 	0.0 	0.0 	0.0 	2.86296002887	-0.317192187274	137.445976481	-18.7000346018	
3.08333333333	0.0	0.0	0.0 	0.0 	109.333333333 	16.0 	0.0 	0.0 	0.0 	-0.0 	16.0 	0.0 	0.0 	0.0 	2.82515815971	-0.30398841608	137.431882326	-18.655107513	
3.1	0.0	0.0	0.0 	0.0 	109.6 	16.0 	0.0 	0.0 	0.0 	-0.0 	16.0 	0.0 	0.0 	0.0 	2.78735629055	-0.290607972571	137.418571085	-18.6105994794	
3.11666666667	0.0	0.0	0.0 	0.0 	109.866666667 	16.0 	0.0 	0.0 	0.0 	-0.0 	16.0 	0.0 	0.0 	0.0 	2.74955442139	-0.277046064721	137.406036987	-18.5665210251	
3.13333333333	0.0	0.0	0.0 	0.0 	110.133333333 	16.0 	0.0 	0.0 	0.0 	-0.0 	16.0 	0.0 	0.0 	0.0 	2.71175255223	-0.263297702853	137.394274037	-18.5228827369	
3.15	0.0	0.0	0.0 	0.0 	110.4 	16.0 	0.0 	0.0 	0.0 	-0.0 	16.0 	0.0 	0.0 	0.0 	2.67395068308	-0.249357688626	137.383276008	-18.4796952633	
3.16666666667	0.0	0.0	0.0 	0.0 	110.666666667 	16.0 	0.0 	0.0 	0.0 	-0.0 	16.0 	0.0 	0.0 	0.0 	2.63614881392	-0.235220603227	137.373036436	-18.4369693124	
3.18333333333	0.0	0.0	0.0 	0.0 	110.933333333 	16.0 	0.0 	0.0 	0.0 	-0.0 	16.0 	0.0 	0.0 	0.0 	2.59834694476	-0.220880794731	137.363548611	-18.3947156502	
3.2	0.0	0.0	0.0 	0.0 	111.2 	16.0 	0.0 	0.0 	0.0 	-0.0 	16.0 	0.0 	0.0 	0.0 	2.5605450756	-0.206332364532	137.354805568	-18.352945099	
3.21666666667	0.0	0.0	0.0 	0.0 	111.466666667 	16.0 	0.0 	0.0 	0.0 	-0.0 	16.0 	0.0 	0.0 	0.0 	2.52274320644	-0.191569152777	137.346800081	-18.3116685348	
3.23333333333	0.0	0.0	0.0 	0.0 	111.733333333 	16.0 	0.0 	0.0 	0.0 	-0.0 	16.0 	0.0 	0.0 	0.0 	2.48494133728	-0.176584722708	137.339524652	-18.2708968851	
3.25	0.0	0.0	0.0 	0.0 	112.0 	16.0 	0.0 	0.0 	0.0 	-0.0 	16.0 	0.0 	0.0 	0.0 	2.44713946812	-0.161372343811	137.332971503	-18.2306411262	
3.26666666667	0.0	0.0	0.0 	0.0 	112.266666667 	16.0 	0.0 	0.0 	0.0 	-0.0 	16.0 	0.0 	0.0 	0.0 	2.40933759896	-0.145924973667	137.327132568	-18.1909122804	
3.28333333333	0.0	0.0	0.0 	0.0 	112.533333333 	16.0 	0.0 	0.0 	0.0 	-0.0 	16.0 	0.0 	0.0 	0.0 	2.3715357298	-0.130235238374	137.321999482	-18.1517214125	
3.3	0.0	0.0	0.0 	0.0 	112.8 	16.0 	0.0 	0.0 	0.0 	-0.0 	16.0 	0.0 	0.0 	0.0 	2.33373386065	-0.114295411416	137.31756357	-18.1130796266	
3.31666666667	0.0	0.0	0.0 	0.0 	113.066666667 	16.0 	0.0 	0.0 	0.0 	-0.0 	16.0 	0.0 	0.0 	0.0 	2.29593199149	-0.0980973908119	137.313815839	-18.0749980623	
3.33333333333	0.0	0.0	0.0 	0.0 	113.333333333 	16.0 	0.0 	0.0 	0.0 	-0.0 	16.0 	0.0 	0.0 	0.0 	2.25813012233	-0.0816326743921	137.310746963	-18.0374878902	
3.35	0.0	0.0	0.0 	0.0 	113.6 	16.0 	0.0 	0.0 	0.0 	-0.0 	16.0 	0.0 	0.0 	0.0 	2.22032825317	-0.0648923329985	137.308347277	-18.0005603072	
3.36666666667	0.0	0.0	0.0 	0.0 	113.866666667 	16.0 	0.0 	0.0 	0.0 	-0.0 	16.0 	0.0 	0.0 	0.0 	2.18252638401	-0.047866981407	137.306606759	-17.9642265321	
3.38333333333	0.0	0.0	0.0 	0.0 	114.133333333 	16.0 	0.0 	0.0 	0.0 	-0.0 	16.0 	0.0 	0.0 	0.0 	2.14472451485	-0.0305467467304	137.305515023	-17.9284977993	
3.4	0.0	0.0	0.0 	0.0 	114.4 	16.0 	0.0 	0.0 	0.0 	-0.0 	16.0 	0.0 	0.0 	0.0 	2.10692264569	-0.0129212340377	137.305061302	-17.8933853533	
3.41666666667	0.0	0.0	0.0 	0.0 	114.666666667 	16.0 	0.0 	0.0 	0.0 	-0.0 	16.0 	0.0 	0.0 	0.0 	2.06912077653	0.00502051111188	137.305234435	-17.8589004416	
3.43333333333	0.0	0.0	0.0 	0.0 	114.933333333 	16.0 	0.0 	0.0 	0.0 	-0.0 	16.0 	0.0 	0.0 	0.0 	2.03131890737	0.0232900435566	137.306022856	-17.8250543081	
3.45	0.0	0.0	0.0 	0.0 	115.2 	16.0 	0.0 	0.0 	0.0 	-0.0 	16.0 	0.0 	0.0 	0.0 	1.99351703822	0.0418995632246	137.307414573	-17.7918581845	
3.46666666667	0.0	0.0	0.0 	0.0 	115.466666667 	16.0 	0.0 	0.0 	0.0 	-0.0 	16.0 	0.0 	0.0 	0.0 	1.95571516906	0.0608619640641	137.30939716	-17.7593232824	
3.48333333333	0.0	0.0	0.0 	0.0 	115.733333333 	16.0 	0.0 	0.0 	0.0 	-0.0 	16.0 	0.0 	0.0 	0.0 	1.9179132999	0.0801908877013	137.311957733	-17.7274607831	
3.5	0.0	0.0	0.0 	0.0 	116.0 	16.0 	0.0 	0.0 	0.0 	-0.0 	16.0 	0.0 	0.0 	0.0 	1.88011143074	0.0999007823878	137.315082939	-17.6962818278	
3.51666666667	0.0	0.0	0.0 	0.0 	116.266666667 	16.0 	0.0 	0.0 	0.0 	-0.0 	16.0 	0.0 	0.0 	0.0 	1.84230956158	0.120006967873	137.318758933	-17.665797506	
3.53333333333	0.0	0.0	0.0 	0.0 	116.533333333 	16.0 	0.0 	0.0 	0.0 	-0.0 	16.0 	0.0 	0.0 	0.0 	1.80450769242	0.140525706931	137.322971366	-17.6360188434	
3.55	0.0	0.0	0.0 	0.0 	116.8 	16.0 	0.0 	0.0 	0.0 	-0.0 	16.0 	0.0 	0.0 	0.0 	1.76670582326	0.161474284384	137.327705357	-17.6069567879	
3.56666666667	0.0	0.0	0.0 	0.0 	117.066666667 	16.0 	0.0 	0.0 	0.0 	-0.0 	16.0 	0.0 	0.0 	0.0 	1.7289039541	0.182871094572	137.332945479	-17.5786221951	
3.58333333333	0.0	0.0	0.0 	0.0 	117.333333333 	16.0 	0.0 	0.0 	0.0 	-0.0 	16.0 	0.0 	0.0 	0.0 	1.69110208494	0.204735738394	137.338675734	-17.551025812	
3.6	0.0	0.0	0.0 	0.0 	117.6 	16.0 	0.0 	0.0 	0.0 	-0.0 	16.0 	0.0 	0.0 	0.0 	1.65330021579	0.227089131188	137.344879532	-17.5241782588	
3.61666666667	0.0	0.0	0.0 	0.0 	117.866666667 	16.0 	0.0 	0.0 	0.0 	-0.0 	16.0 	0.0 	0.0 	0.0 	1.61549834663	0.249953622947	137.351539667	-17.4980900097	
3.63333333333	0.0	0.0	0.0 	0.0 	118.133333333 	16.0 	0.0 	0.0 	0.0 	-0.0 	16.0 	0.0 	0.0 	0.0 	1.57769647747	0.273353132601	137.358638291	-17.4727713708	
3.65	0.0	0.0	0.0 	0.0 	118.4 	16.0 	0.0 	0.0 	0.0 	-0.0 	16.0 	0.0 	0.0 	0.0 	1.53989460831	0.297313298387	137.366156889	-17.4482324569	
3.66666666667	0.0	0.0	0.0 	0.0 	118.666666667 	16.0 	0.0 	0.0 	0.0 	-0.0 	16.0 	0.0 	0.0 	0.0 	1.50209273915	0.321861646666	137.374076251	-17.4244831649	
3.68333333333	0.0	0.0	0.0 	0.0 	118.933333333 	16.0 	0.0 	0.0 	0.0 	-0.0 	16.0 	0.0 	0.0 	0.0 	1.46429086999	0.347027782001	137.382376444	-17.4015331455	
3.7	0.0	0.0	0.0 	0.0 	119.2 	16.0 	0.0 	0.0 	0.0 	-0.0 	16.0 	0.0 	0.0 	0.0 	1.42648900083	0.37284360175	137.391036781	-17.3793917708	
3.71666666667	0.0	0.0	0.0 	0.0 	119.466666667 	16.0 	0.0 	0.0 	0.0 	-0.0 	16.0 	0.0 	0.0 	0.0 	1.38868713167	0.399343539104	137.400035789	-17.3580680995	
3.73333333333	0.0	0.0	0.0 	0.0 	119.733333333 	16.0 	0.0 	0.0 	0.0 	-0.0 	16.0 	0.0 	0.0 	0.0 	1.35088526251	0.426564839206	137.409351176	-17.3375708382	
3.75	0.0	0.0	0.0 	0.0 	120.0 	16.0 	0.0 	0.0 	0.0 	-0.0 	16.0 	0.0 	0.0 	0.0 	1.31308339336	0.454547873893	137.418959798	-17.3179082979	
3.76666666667	0.0	0.0	0.0 	0.0 	120.266666667 	16.0 	0.0 	0.0 	0.0 	-0.0 	16.0 	0.0 	0.0 	0.0 	1.2752815242	0.483336501752	137.42883762	-17.2990883465	
3.78333333333	0.0	0.0	0.0 	0.0 	120.533333333 	16.0 	0.0 	0.0 	0.0 	-0.0 	16.0 	0.0 	0.0 	0.0 	1.23747965504	0.512978481535	137.438959678	-17.2811183556	
3.8	0.0	0.0	0.0 	0.0 	120.8 	16.0 	0.0 	0.0 	0.0 	-0.0 	16.0 	0.0 	0.0 	0.0 	1.19967778588	0.543525948724	137.449300042	-17.2640051412	
3.81666666667	0.0	0.0	0.0 	0.0 	121.066666667 	16.0 	0.0 	0.0 	0.0 	-0.0 	16.0 	0.0 	0.0 	0.0 	1.16187591672	0.575035967167	137.459831768	-17.2477548979	
3.83333333333	0.0	0.0	0.0 	0.0 	121.333333333 	16.0 	0.0 	0.0 	0.0 	-0.0 	16.0 	0.0 	0.0 	0.0 	1.12407404756	0.607571170466	137.470526864	-17.2323731249	
3.85	0.0	0.0	0.0 	0.0 	121.6 	16.0 	0.0 	0.0 	0.0 	-0.0 	16.0 	0.0 	0.0 	0.0 	1.0862721784	0.641200511203	137.481356237	-17.2178645434	
3.86666666667	0.0	0.0	0.0 	0.0 	121.866666667 	16.0 	0.0 	0.0 	0.0 	-0.0 	16.0 	0.0 	0.0 	0.0 	1.04847030924	0.676000140532	137.492289647	-17.2042330039	
3.88333333333	0.0	0.0	0.0 	0.0 	122.133333333 	16.0 	0.0 	0.0 	0.0 	-0.0 	16.0 	0.0 	0.0 	0.0 	1.01066844008	0.712054446339	137.503295665	-17.1914813813	
3.9	0.0	0.0	0.0 	0.0 	122.4 	16.0 	0.0 	0.0 	0.0 	-0.0 	16.0 	0.0 	0.0 	0.0 	0.972866570926	0.749457285549	137.514341617	-17.1796114575	
3.91666666667	0.0	0.0	0.0 	0.0 	122.666666667 	16.0 	0.0 	0.0 	0.0 	-0.0 	16.0 	0.0 	0.0 	0.0 	0.935064701767	0.788313455849	137.525393539	-17.1686237871	
3.93333333333	0.0	0.0	0.0 	0.0 	122.933333333 	16.0 	0.0 	0.0 	0.0 	-0.0 	16.0 	0.0 	0.0 	0.0 	0.897262832608	0.828740464897	137.536416125	-17.1585175468	
3.95	0.0	0.0	0.0 	0.0 	123.2 	16.0 	0.0 	0.0 	0.0 	-0.0 	16.0 	0.0 	0.0 	0.0 	0.859460963449	0.870870672217	137.547372678	-17.1492903621	
3.96666666667	0.0	0.0	0.0 	0.0 	123.466666667 	16.0 	0.0 	0.0 	0.0 	-0.0 	16.0 	0.0 	0.0 	0.0 	0.82165909429	0.914853902133	137.558225062	-17.1409381103	
3.98333333333	0.0	0.0	0.0 	0.0 	123.733333333 	16.0 	0.0 	0.0 	0.0 	-0.0 	16.0 	0.0 	0.0 	0.0 	0.783857225131	0.960860657759	137.568933661	-17.1334546943	
4.0	0.0	0.0	0.0 	0.0 	124.0 	16.0 	0.0 	0.0 	0.0 	-0.0 	16.0 	0.0 	0.0 	0.0 	0.746055355973	1.00908610998	137.579457336	-17.1268317817	
4.01666666667	0.0	0.0	0.0 	0.0 	124.266666667 	16.0 	0.0 	0.0 	0.0 	-0.0 	16.0 	0.0 	0.0 	0.0 	0.708253486814	1.05975509701	137.589753403	-17.121058504	
4.03333333333	0.0	0.0	0.0 	0.0 	124.533333333 	16.0 	0.0 	0.0 	0.0 	-0.0 	16.0 	0.0 	0.0 	0.0 	0.670451617655	1.11312845819	137.599777609	-17.1161211062	
4.05	0.0	0.0	0.0 	0.0 	124.8 	16.0 	0.0 	0.0 	0.0 	-0.0 	16.0 	0.0 	0.0 	0.0 	0.632649748496	1.16951115333	137.609484141	-17.112002538	
4.06666666667	0.0	0.0	0.0 	0.0 	125.066666667 	16.0 	0.0 	0.0 	0.0 	-0.0 	16.0 	0.0 	0.0 	0.0 	0.594847879337	1.22926280778	137.618825653	-17.1086819739	
4.08333333333	0.0	0.0	0.0 	0.0 	125.333333333 	16.0 	0.0 	0.0 	0.0 	-0.0 	16.0 	0.0 	0.0 	0.0 	0.557046010178	1.29281160819	137.627753341	-17.106134247	
4.1	0.0	0.0	0.0 	0.0 	125.6 	16.0 	0.0 	0.0 	0.0 	-0.0 	16.0 	0.0 	0.0 	0.0 	0.519244141019	1.36067291312	137.636217065	-17.1043291761	
4.11666666667	0.0	0.0	0.0 	0.0 	125.866666667 	16.0 	0.0 	0.0 	0.0 	-0.0 	16.0 	0.0 	0.0 	0.0 	0.48144227186	1.43347463811	137.644165566	-17.1032307614	
4.13333333333	0.0	0.0	0.0 	0.0 	126.133333333 	16.0 	0.0 	0.0 	0.0 	-0.0 	16.0 	0.0 	0.0 	0.0 	0.443640402702	1.51199260666	137.651546793	-17.1027962169	
4.15	0.0	0.0	0.0 	0.0 	126.4 	16.0 	0.0 	0.0 	0.0 	-0.0 	16.0 	0.0 	0.0 	0.0 	0.405838533543	1.59720096219	137.65830841	-17.1029747964	
4.16666666667	0.0	0.0	0.0 	0.0 	126.666666667 	16.0 	0.0 	0.0 	0.0 	-0.0 	16.0 	0.0 	0.0 	0.0 	0.368036664384	1.69034605816	137.664398573	-17.1037063623	
4.18333333333	0.0	0.0	0.0 	0.0 	126.933333333 	16.0 	0.0 	0.0 	0.0 	-0.0 	16.0 	0.0 	0.0 	0.0 	0.330234795225	1.79305829533	137.669767098	-17.1049196257	
4.2	0.0	0.0	0.0 	0.0 	127.2 	16.0 	0.0 	0.0 	0.0 	-0.0 	16.0 	0.0 	0.0 	0.0 	0.292432926066	1.90752796875	137.674367261	-17.1065299762	
4.21666666667	0.0	0.0	0.0 	0.0 	127.466666667 	16.0 	0.0 	0.0 	0.0 	-0.0 	16.0 	0.0 	0.0 	0.0 	0.254631056907	2.03679477077	137.678158604	-17.1084368021	
4.23333333333	0.0	0.0	0.0 	0.0 	127.733333333 	16.0 	0.0 	0.0 	0.0 	-0.0 	16.0 	0.0 	0.0 	0.0 	0.216829187748	2.18525218841	137.68111141	-17.1105202198	
4.25	0.0	0.0	0.0 	0.0 	128.0 	16.0 	0.0 	0.0 	0.0 	-0.0 	16.0 	0.0 	0.0 	0.0 	0.179027318589	2.35959158225	137.683214088	-17.1126372322	
4.26666666667	0.0	0.0	0.0 	0.0 	128.266666667 	16.0 	0.0 	0.0 	0.0 	-0.0 	16.0 	0.0 	0.0 	0.0 	0.141225449431	2.57074298337	137.684485934	-17.1146177829	
4.28333333333	0.0	0.0	0.0 	0.0 	128.533333333 	16.0 	0.0 	0.0 	0.0 	-0.0 	16.0 	0.0 	0.0 	0.0 	0.103423580272	2.78097731494	137.685094151	-17.116230639	
4.3	0.0	0.0	0.0 	0.0 	128.8 	16.0 	0.0 	0.0 	0.0 	-0.0 	16.0 	0.0 	0.0 	0.0 	0.0656217111128	2.95820691004	137.685293597	-17.117305995	
4.31666666667	0.0	0.0	0.0 	0.0 	129.066666667 	16.0 	0.0 	0.0 	0.0 	-0.0 	16.0 	0.0 	0.0 	0.0 	0.0278198419539	3.10795934927	137.685309188	-17.1177693968	
4.33333333333	0.0	0.0	0.0 	0.0 	129.333333333 	16.0 	0.0 	0.0 	0.0 	-0.0 	16.0 	0.0 	0.0 	0.0 	0.0875254600099	3.23483898253	137.685173362	-17.1192218172	
4.35	0.0	0.0	0.0 	0.0 	129.6 	16.0 	0.0 	0.0 	0.0 	-0.0 	16.0 	0.0 	0.0 	0.0 	0.147000439541	3.34057201025	137.684689071	-17.121623483	
4.36666666667	0.0	0.0	0.0 	0.0 	129.866666667 	16.0 	0.0 	0.0 	0.0 	-0.0 	16.0 	0.0 	0.0 	0.0 	0.206245671488	3.42868286669	137.68371572	-17.1249202234	
4.38333333333	0.0	0.0	0.0 	0.0 	130.133333333 	16.0 	0.0 	0.0 	0.0 	-0.0 	16.0 	0.0 	0.0 	0.0 	0.265262043349	3.50210858038	137.682156169	-17.1290570511	
4.4	0.0	0.0	0.0 	0.0 	130.4 	16.0 	0.0 	0.0 	0.0 	-0.0 	16.0 	0.0 	0.0 	0.0 	0.324050439194	3.56329667513	137.67994552	-17.1339847391	
4.41666666667	0.0	0.0	0.0 	0.0 	130.666666667 	16.0 	0.0 	0.0 	0.0 	-0.0 	16.0 	0.0 	0.0 	0.0 	0.382611739678	3.61428675409	137.67704222	-17.1396623462	
4.43333333333	0.0	0.0	0.0 	0.0 	130.933333333 	16.0 	0.0 	0.0 	0.0 	-0.0 	16.0 	0.0 	0.0 	0.0 	0.440946822055	3.65677848655	137.673421337	-17.1460575536	
4.45	0.0	0.0	0.0 	0.0 	131.2 	16.0 	0.0 	0.0 	0.0 	-0.0 	16.0 	0.0 	0.0 	0.0 	0.499056560188	3.6921882636	137.669069606	-17.1531459288	
4.46666666667	0.0	0.0	0.0 	0.0 	131.466666667 	16.0 	0.0 	0.0 	0.0 	-0.0 	16.0 	0.0 	0.0 	0.0 	0.556941824566	3.72169641114	137.663981843	-17.1609097516	
4.48333333333	0.0	0.0	0.0 	0.0 	131.733333333 	16.0 	0.0 	0.0 	0.0 	-0.0 	16.0 	0.0 	0.0 	0.0 	0.614603482315	3.7462865341	137.658158369	-17.1693367455	
4.5	0.0	0.0	0.0 	0.0 	132.0 	16.0 	0.0 	0.0 	0.0 	-0.0 	16.0 	0.0 	0.0 	0.0 	0.672042397212	3.76677830322	137.65160318	-17.1784188887	
4.51666666667	0.0	0.0	0.0 	0.0 	132.266666667 	16.0 	0.0 	0.0 	0.0 	-0.0 	16.0 	0.0 	0.0 	0.0 	0.729259429696	3.7838547775	137.644322639	-17.1881513757	
4.53333333333	0.0	0.0	0.0 	0.0 	132.533333333 	16.0 	0.0 	0.0 	0.0 	-0.0 	16.0 	0.0 	0.0 	0.0 	0.786255436884	3.79808517272	137.636324558	-17.1985317541	
4.55	0.0	0.0	0.0 	0.0 	132.8 	16.0 	0.0 	0.0 	0.0 	-0.0 	16.0 	0.0 	0.0 	0.0 	0.843031272579	3.80994383541	137.627617551	-17.2095592283	
4.56666666667	0.0	0.0	0.0 	0.0 	133.066666667 	16.0 	0.0 	0.0 	0.0 	-0.0 	16.0 	0.0 	0.0 	0.0 	0.89958778729	3.81982605432	137.618210586	-17.2212341135	
4.58333333333	0.0	0.0	0.0 	0.0 	133.333333333 	16.0 	0.0 	0.0 	0.0 	-0.0 	16.0 	0.0 	0.0 	0.0 	0.955925828236	3.82806123674	137.608112669	-17.2335574167	
4.6	0.0	0.0	0.0 	0.0 	133.6 	16.0 	0.0 	0.0 	0.0 	-0.0 	16.0 	0.0 	0.0 	0.0 	1.01204623937	3.83492388876	137.597332642	-17.2465305217	
4.61666666667	0.0	0.0	0.0 	0.0 	133.866666667 	16.0 	0.0 	0.0 	0.0 	-0.0 	16.0 	0.0 	0.0 	0.0 	1.06794986137	3.84064276545	137.585879042	-17.2601549593	
4.63333333333	0.0	0.0	0.0 	0.0 	134.133333333 	16.0 	0.0 	0.0 	0.0 	-0.0 	16.0 	0.0 	0.0 	0.0 	1.12363753169	3.84540849602	137.573760021	-17.2744322422	
4.65	0.0	0.0	0.0 	0.0 	134.4 	16.0 	0.0 	0.0 	0.0 	-0.0 	16.0 	0.0 	0.0 	0.0 	1.17911008452	3.84937993816	137.5609833	-17.2893637522	
4.66666666667	0.0	0.0	0.0 	0.0 	134.666666667 	16.0 	0.0 	0.0 	0.0 	-0.0 	16.0 	0.0 	0.0 	0.0 	1.23436835086	3.85268947327	137.547556146	-17.3049506661	
4.68333333333	0.0	0.0	0.0 	0.0 	134.933333333 	16.0 	0.0 	0.0 	0.0 	-0.0 	16.0 	0.0 	0.0 	0.0 	1.28941315848	3.8554474192	137.533485377	-17.3211939104	
4.7	0.0	0.0	0.0 	0.0 	135.2 	16.0 	0.0 	0.0 	0.0 	-0.0 	16.0 	0.0 	0.0 	0.0 	1.34424533195	3.85774570748	137.51877737	-17.3380941386	
4.71666666667	0.0	0.0	0.0 	0.0 	135.466666667 	16.0 	0.0 	0.0 	0.0 	-0.0 	16.0 	0.0 	0.0 	0.0 	1.39886569266	3.85966094771	137.50343808	-17.355651723	
4.73333333333	0.0	0.0	0.0 	0.0 	135.733333333 	16.0 	0.0 	0.0 	0.0 	-0.0 	16.0 	0.0 	0.0 	0.0 	1.45327505883	3.86125698124	137.487473072	-17.3738667583	
4.75	0.0	0.0	0.0 	0.0 	136.0 	16.0 	0.0 	0.0 	0.0 	-0.0 	16.0 	0.0 	0.0 	0.0 	1.50747424552	3.86258700917	137.470887541	-17.392739072	
4.76666666667	0.0	0.0	0.0 	0.0 	136.266666667 	16.0 	0.0 	0.0 	0.0 	-0.0 	16.0 	0.0 	0.0 	0.0 	1.56146406464	3.86369536579	137.453686348	-17.4122682399	
4.78333333333	0.0	0.0	0.0 	0.0 	136.533333333 	16.0 	0.0 	0.0 	0.0 	-0.0 	16.0 	0.0 	0.0 	0.0 	1.61524532495	3.8646189963	137.435874045	-17.4324536044	
4.8	0.0	0.0	0.0 	0.0 	136.8 	16.0 	0.0 	0.0 	0.0 	-0.0 	16.0 	0.0 	0.0 	0.0 	1.6688188321	3.86538868839	137.417454908	-17.4532942944	
4.81666666667	0.0	0.0	0.0 	0.0 	137.066666667 	16.0 	0.0 	0.0 	0.0 	-0.0 	16.0 	0.0 	0.0 	0.0 	1.72218538864	3.86603009847	137.398432961	-17.4747892448	
4.83333333333	0.0	0.0	0.0 	0.0 	137.333333333 	16.0 	0.0 	0.0 	0.0 	-0.0 	16.0 	0.0 	0.0 	0.0 	1.77534579399	3.86656460687	137.378812003	-17.4969372168	
4.85	0.0	0.0	0.0 	0.0 	137.6 	16.0 	0.0 	0.0 	0.0 	-0.0 	16.0 	0.0 	0.0 	0.0 	1.82830084451	3.86701003053	137.358595634	-17.5197368163	
4.86666666667	0.0	0.0	0.0 	0.0 	137.866666667 	16.0 	0.0 	0.0 	0.0 	-0.0 	16.0 	0.0 	0.0 	0.0 	1.88105133346	3.86738121692	137.337787273	-17.5431865122	
4.88333333333	0.0	0.0	0.0 	0.0 	138.133333333 	16.0 	0.0 	0.0 	0.0 	-0.0 	16.0 	0.0 	0.0 	0.0 	1.93359805105	3.86769053891	137.316390179	-17.5672846522	
4.9	0.0	0.0	0.0 	0.0 	138.4 	16.0 	0.0 	0.0 	0.0 	-0.0 	16.0 	0.0 	0.0 	0.0 	1.98594178443	3.86794830724	137.294407474	-17.5920294786	
4.91666666667	0.0	0.0	0.0 	0.0 	138.666666667 	16.0 	0.0 	0.0 	0.0 	-0.0 	16.0 	0.0 	0.0 	0.0 	2.03808331773	3.86816311417	137.271842151	-17.6174191418	
4.93333333333	0.0	0.0	0.0 	0.0 	138.933333333 	16.0 	0.0 	0.0 	0.0 	-0.0 	16.0 	0.0 	0.0 	0.0 	2.09002343201	3.86834211996	137.248697096	-17.6434517123	
4.95	0.0	0.0	0.0 	0.0 	139.2 	16.0 	0.0 	0.0 	0.0 	-0.0 	16.0 	0.0 	0.0 	0.0 	2.14176290536	3.86849129144	137.224975095	-17.6701251925	
4.96666666667	0.0	0.0	0.0 	0.0 	139.466666667 	16.0 	0.0 	0.0 	0.0 	-0.0 	16.0 	0.0 	0.0 	0.0 	2.19330251283	3.86861560101	137.20067885	-17.6974375262	
4.98333333333	0.0	0.0	0.0 	0.0 	139.733333333 	16.0 	0.0 	0.0 	0.0 	-0.0 	16.0 	0.0 	0.0 	0.0 	2.24464302649	3.86871919232	137.175810987	-17.725386607	
5.0	0.0	0.0	0.0 	0.0 	140.0 	16.0 	0.0 	0.0 	0.0 	-0.0 	16.0 	0.0 	0.0 	0.0 	2.29578521542	3.86880551841	137.150374064	-17.753970287	
5.01666666667	0.0	0.0	0.0 	0.0 	140.266666667 	16.0 	0.0 	0.0 	0.0 	-0.0 	16.0 	0.0 	0.0 	0.0 	2.34672984574	3.86887745682	137.124370581	-17.7831863827	
5.03333333333	0.0	0.0	0.0 	0.0 	140.533333333 	16.0 	0.0 	0.0 	0.0 	-0.0 	16.0 	0.0 	0.0 	0.0 	2.3974776806	3.86893740549	137.097802985	-17.8130326814	
5.05	0.0	0.0	0.0 	0.0 	140.8 	16.0 	0.0 	0.0 	0.0 	-0.0 	16.0 	0.0 	0.0 	0.0 	2.44802948022	3.86898736272	137.070673678	-17.8435069462	
5.06666666667	0.0	0.0	0.0 	0.0 	141.066666667 	16.0 	0.0 	0.0 	0.0 	-0.0 	16.0 	0.0 	0.0 	0.0 	2.49838600185	3.86902899374	137.042985021	-17.8746069209	
5.08333333333	0.0	0.0	0.0 	0.0 	141.333333333 	16.0 	0.0 	0.0 	0.0 	-0.0 	16.0 	0.0 	0.0 	0.0 	2.54854799985	3.86906368626	137.014739337	-17.9063303336	
5.1	0.0	0.0	0.0 	0.0 	141.6 	16.0 	0.0 	0.0 	0.0 	-0.0 	16.0 	0.0 	0.0 	0.0 	2.59851622564	3.8690925967	136.985938917	-17.9386749002	
5.11666666667	0.0	0.0	0.0 	0.0 	141.866666667 	16.0 	0.0 	0.0 	0.0 	-0.0 	16.0 	0.0 	0.0 	0.0 	2.64829142776	3.86911668872	136.956586025	-17.9716383276	
5.13333333333	0.0	0.0	0.0 	0.0 	142.133333333 	16.0 	0.0 	0.0 	0.0 	-0.0 	16.0 	0.0 	0.0 	0.0 	2.69787435184	3.86913676541	136.926682895	-18.005218316	
5.15	0.0	0.0	0.0 	0.0 	142.4 	16.0 	0.0 	0.0 	0.0 	-0.0 	16.0 	0.0 	0.0 	0.0 	2.74726574064	3.86915349599	136.896231741	-18.0394125612	
5.16666666667	0.0	0.0	0.0 	0.0 	142.666666667 	16.0 	0.0 	0.0 	0.0 	-0.0 	16.0 	0.0 	0.0 	0.0 	2.79646633404	3.86916743813	136.865234754	-18.0742187567	
5.18333333333	0.0	0.0	0.0 	0.0 	142.933333333 	16.0 	0.0 	0.0 	0.0 	-0.0 	16.0 	0.0 	0.0 	0.0 	2.84547686907	3.86917905659	136.833694106	-18.1096345949	
5.2	0.0	0.0	0.0 	0.0 	143.2 	16.0 	0.0 	0.0 	0.0 	-0.0 	16.0 	0.0 	0.0 	0.0 	2.89429807992	3.86918873863	136.801611952	-18.1456577691	
5.21666666667	0.0	0.0	0.0 	0.0 	143.466666667 	16.0 	0.0 	0.0 	0.0 	-0.0 	16.0 	0.0 	0.0 	0.0 	2.94293069793	3.869196807	136.768990428	-18.182285974	
5.23333333333	0.0	0.0	0.0 	0.0 	143.733333333 	16.0 	0.0 	0.0 	0.0 	-0.0 	16.0 	0.0 	0.0 	0.0 	2.99137545162	3.86920353065	136.735831659	-18.2195169075	
5.25	0.0	0.0	0.0 	0.0 	144.0 	16.0 	0.0 	0.0 	0.0 	-0.0 	16.0 	0.0 	0.0 	0.0 	3.0396330667	3.86920913368	136.702137752	-18.2573482709	
5.26666666667	0.0	0.0	0.0 	0.0 	144.266666667 	16.0 	0.0 	0.0 	0.0 	-0.0 	16.0 	0.0 	0.0 	0.0 	3.08770426607	3.86921380288	136.667910802	-18.29577777	
5.28333333333	0.0	0.0	0.0 	0.0 	144.533333333 	16.0 	0.0 	0.0 	0.0 	-0.0 	16.0 	0.0 	0.0 	0.0 	3.13558976984	3.86921769388	136.633152894	-18.3348031159	
5.3	0.0	0.0	0.0 	0.0 	144.8 	16.0 	0.0 	0.0 	0.0 	-0.0 	16.0 	0.0 	0.0 	0.0 	3.18329029534	3.86922093637	136.597866099	-18.3744220249	
5.31666666667	0.0	0.0	0.0 	0.0 	145.066666667 	16.0 	0.0 	0.0 	0.0 	-0.0 	16.0 	0.0 	0.0 	0.0 	3.23080655712	3.86922363845	136.562052478	-18.4146322197	
5.33333333333	0.0	0.0	0.0 	0.0 	145.333333333 	16.0 	0.0 	0.0 	0.0 	-0.0 	16.0 	0.0 	0.0 	0.0 	3.278139267	3.86922589019	136.525714079	-18.4554314295	
5.35	0.0	0.0	0.0 	0.0 	145.6 	16.0 	0.0 	0.0 	0.0 	-0.0 	16.0 	0.0 	0.0 	0.0 	3.325289134	3.86922776663	136.488852943	-18.4968173899	
5.36666666667	0.0	0.0	0.0 	0.0 	145.866666667 	16.0 	0.0 	0.0 	0.0 	-0.0 	16.0 	0.0 	0.0 	0.0 	3.37225686445	3.86922933034	136.4514711	-18.538787844	
5.38333333333	0.0	0.0	0.0 	0.0 	146.133333333 	16.0 	0.0 	0.0 	0.0 	-0.0 	16.0 	0.0 	0.0 	0.0 	3.41904316192	3.86923063343	136.41357057	-18.5813405418	
5.4	0.0	0.0	0.0 	0.0 	146.4 	16.0 	0.0 	0.0 	0.0 	-0.0 	16.0 	0.0 	0.0 	0.0 	3.46564872728	3.86923171933	136.375153364	-18.6244732411	
5.41666666667	0.0	0.0	0.0 	0.0 	146.666666667 	16.0 	0.0 	0.0 	0.0 	-0.0 	16.0 	0.0 	0.0 	0.0 	3.51207425867	3.86923262425	136.336221486	-18.6681837071	
5.43333333333	0.0	0.0	0.0 	0.0 	146.933333333 	16.0 	0.0 	0.0 	0.0 	-0.0 	16.0 	0.0 	0.0 	0.0 	3.55832045157	3.86923337835	136.296776928	-18.7124697127	
5.45	0.0	0.0	0.0 	0.0 	147.2 	16.0 	0.0 	0.0 	0.0 	-0.0 	16.0 	0.0 	0.0 	0.0 	3.60438799873	3.86923400677	136.256821675	-18.757329039	
5.46666666667	0.0	0.0	0.0 	0.0 	147.466666667 	16.0 	0.0 	0.0 	0.0 	-0.0 	16.0 	0.0 	0.0 	0.0 	3.65027759027	3.86923453045	136.216357705	-18.8027594746	
5.48333333333	0.0	0.0	0.0 	0.0 	147.733333333 	16.0 	0.0 	0.0 	0.0 	-0.0 	16.0 	0.0 	0.0 	0.0 	3.69598991359	3.86923496685	136.175386986	-18.8487588164	
5.5	0.0	0.0	0.0 	0.0 	148.0 	16.0 	0.0 	0.0 	0.0 	-0.0 	16.0 	0.0 	0.0 	0.0 	3.74152565349	3.86923533052	136.133911478	-18.8953248692	
5.51666666667	0.0	0.0	0.0 	0.0 	148.266666667 	16.0 	0.0 	0.0 	0.0 	-0.0 	16.0 	0.0 	0.0 	0.0 	3.78688549209	3.86923563358	136.091933133	-18.9424554461	
5.53333333333	0.0	0.0	0.0 	0.0 	148.533333333 	16.0 	0.0 	0.0 	0.0 	-0.0 	16.0 	0.0 	0.0 	0.0 	3.83207010888	3.86923588613	136.049453896	-18.990148368	
5.55	0.0	0.0	0.0 	0.0 	148.8 	16.0 	0.0 	0.0 	0.0 	-0.0 	16.0 	0.0 	0.0 	0.0 	3.87708018073	3.86923609658	136.006475704	-19.0384014642	
5.56666666667	0.0	0.0	0.0 	0.0 	149.066666667 	16.0 	0.0 	0.0 	0.0 	-0.0 	16.0 	0.0 	0.0 	0.0 	3.9219163819	3.86923627196	135.963000485	-19.0872125721	
5.58333333333	0.0	0.0	0.0 	0.0 	149.333333333 	16.0 	0.0 	0.0 	0.0 	-0.0 	16.0 	0.0 	0.0 	0.0 	3.96657938404	3.86923641811	135.91903016	-19.1365795372	
5.6	0.0	0.0	0.0 	0.0 	149.6 	16.0 	0.0 	0.0 	0.0 	-0.0 	16.0 	0.0 	0.0 	0.0 	4.0110698562	3.8692365399	135.874566644	-19.1865002131	
5.61666666667	0.0	0.0	0.0 	0.0 	149.866666667 	16.0 	0.0 	0.0 	0.0 	-0.0 	16.0 	0.0 	0.0 	0.0 	4.05538846486	3.8692366414	135.829611842	-19.2369724618	
5.63333333333	0.0	0.0	0.0 	0.0 	150.133333333 	16.0 	0.0 	0.0 	0.0 	-0.0 	16.0 	0.0 	0.0 	0.0 	4.0995358739	3.86923672597	135.784167653	-19.2879941531	
5.65	0.0	0.0	0.0 	0.0 	150.4 	16.0 	0.0 	0.0 	0.0 	-0.0 	16.0 	0.0 	0.0 	0.0 	4.14351274467	3.86923679645	135.738235967	-19.3395631651	
5.66666666667	0.0	0.0	0.0 	0.0 	150.666666667 	16.0 	0.0 	0.0 	0.0 	-0.0 	16.0 	0.0 	0.0 	0.0 	4.18731973594	3.86923685519	135.691818669	-19.3916773841	
5.68333333333	0.0	0.0	0.0 	0.0 	150.933333333 	16.0 	0.0 	0.0 	0.0 	-0.0 	16.0 	0.0 	0.0 	0.0 	4.23095750394	3.86923690413	135.644917635	-19.4443347044	
5.7	0.0	0.0	0.0 	0.0 	151.2 	16.0 	0.0 	0.0 	0.0 	-0.0 	16.0 	0.0 	0.0 	0.0 	4.27442670236	3.86923694492	135.597534734	-19.4975330283	
5.71666666667	0.0	0.0	0.0 	0.0 	151.466666667 	16.0 	0.0 	0.0 	0.0 	-0.0 	16.0 	0.0 	0.0 	0.0 	4.31772798239	3.86923697891	135.549671827	-19.5512702662	
5.73333333333	0.0	0.0	0.0 	0.0 	151.733333333 	16.0 	0.0 	0.0 	0.0 	-0.0 	16.0 	0.0 	0.0 	0.0 	4.36086199268	3.86923700724	135.501330769	-19.6055443366	
5.75	0.0	0.0	0.0 	0.0 	152.0 	16.0 	0.0 	0.0 	0.0 	-0.0 	16.0 	0.0 	0.0 	0.0 	4.40382937937	3.86923703084	135.452513407	-19.6603531659	
5.76666666667	0.0	0.0	0.0 	0.0 	152.266666667 	16.0 	0.0 	0.0 	0.0 	-0.0 	16.0 	0.0 	0.0 	0.0 	4.44663078613	3.86923705051	135.403221582	-19.7156946886	
5.78333333333	0.0	0.0	0.0 	0.0 	152.533333333 	16.0 	0.0 	0.0 	0.0 	-0.0 	16.0 	0.0 	0.0 	0.0 	4.48926685412	3.8692370669	135.353457127	-19.7715668471	
5.8	0.0	0.0	0.0 	0.0 	152.8 	16.0 	0.0 	0.0 	0.0 	-0.0 	16.0 	0.0 	0.0 	0.0 	4.53173822204	3.86923708056	135.303221866	-19.8279675916	
5.81666666667	0.0	0.0	0.0 	0.0 	153.066666667 	16.0 	0.0 	0.0 	0.0 	-0.0 	16.0 	0.0 	0.0 	0.0 	4.5740455261	3.86923709195	135.25251762	-19.8848948805	
5.83333333333	0.0	0.0	0.0 	0.0 	153.333333333 	16.0 	0.0 	0.0 	0.0 	-0.0 	16.0 	0.0 	0.0 	0.0 	4.61618940008	3.86923710143	135.2013462	-19.9423466797	
5.85	0.0	0.0	0.0 	0.0 	153.6 	16.0 	0.0 	0.0 	0.0 	-0.0 	16.0 	0.0 	0.0 	0.0 	4.6581704753	3.86923710934	135.14970941	-20.0003209631	
5.86666666667	0.0	0.0	0.0 	0.0 	153.866666667 	16.0 	0.0 	0.0 	0.0 	-0.0 	16.0 	0.0 	0.0 	0.0 	4.69998938063	3.86923711592	135.097609049	-20.0588157126	
5.88333333333	0.0	0.0	0.0 	0.0 	154.133333333 	16.0 	0.0 	0.0 	0.0 	-0.0 	16.0 	0.0 	0.0 	0.0 	4.74164674252	3.86923712141	135.045046906	-20.1178289177	
5.9	0.0	0.0	0.0 	0.0 	154.4 	16.0 	0.0 	0.0 	0.0 	-0.0 	16.0 	0.0 	0.0 	0.0 	4.78314318501	3.86923712599	134.992024767	-20.1773585755	
5.91666666667	0.0	0.0	0.0 	0.0 	154.666666667 	16.0 	0.0 	0.0 	0.0 	-0.0 	16.0 	0.0 	0.0 	0.0 	4.82447932972	3.8692371298	134.938544408	-20.2374026913	
5.93333333333	0.0	0.0	0.0 	0.0 	154.933333333 	16.0 	0.0 	0.0 	0.0 	-0.0 	16.0 	0.0 	0.0 	0.0 	4.86565579586	3.86923713298	134.884607598	-20.2979592776	
5.95	0.0	0.0	0.0 	0.0 	155.2 	16.0 	0.0 	0.0 	0.0 	-0.0 	16.0 	0.0 	0.0 	0.0 	4.90667320026	3.86923713562	134.830216102	-20.3590263549	
5.96666666667	0.0	0.0	0.0 	0.0 	155.466666667 	16.0 	0.0 	0.0 	0.0 	-0.0 	16.0 	0.0 	0.0 	0.0 	4.94753215737	3.86923713783	134.775371676	-20.4206019511	
5.98333333333	0.0	0.0	0.0 	0.0 	155.733333333 	16.0 	0.0 	0.0 	0.0 	-0.0 	16.0 	0.0 	0.0 	0.0 	4.98823327925	3.86923713967	134.72007607	-20.482684102	
6.0	0.0	0.0	0.0 	0.0 	156.0 	16.0 	0.0 	0.0 	0.0 	-0.0 	16.0 	0.0 	0.0 	0.0 	5.02877717562	3.8692371412	134.664331026	-20.5452708508	
6.01666666667	0.0	0.0	0.0 	0.0 	156.266666667 	16.0 	0.0 	0.0 	0.0 	-0.0 	16.0 	0.0 	0.0 	0.0 	5.06916445382	3.86923714248	134.60813828	-20.6083602482	
6.03333333333	0.0	0.0	0.0 	0.0 	156.533333333 	16.0 	0.0 	0.0 	0.0 	-0.0 	16.0 	0.0 	0.0 	0.0 	5.10939571886	3.86923714354	134.551499562	-20.6719503525	
6.05	0.0	0.0	0.0 	0.0 	156.8 	16.0 	0.0 	0.0 	0.0 	-0.0 	16.0 	0.0 	0.0 	0.0 	5.1494715734	3.86923714443	134.494416595	-20.7360392297	
6.06666666667	0.0	0.0	0.0 	0.0 	157.066666667 	16.0 	0.0 	0.0 	0.0 	-0.0 	16.0 	0.0 	0.0 	0.0 	5.18939261779	3.86923714517	134.436891095	-20.8006249529	
6.08333333333	0.0	0.0	0.0 	0.0 	157.333333333 	16.0 	0.0 	0.0 	0.0 	-0.0 	16.0 	0.0 	0.0 	0.0 	5.22915945004	3.86923714578	134.378924771	-20.8657056029	
6.1	0.0	0.0	0.0 	0.0 	157.6 	16.0 	0.0 	0.0 	0.0 	-0.0 	16.0 	0.0 	0.0 	0.0 	5.26877266588	3.8692371463	134.320519326	-20.9312792679	
6.11666666667	0.0	0.0	0.0 	0.0 	157.866666667 	16.0 	0.0 	0.0 	0.0 	-0.0 	16.0 	0.0 	0.0 	0.0 	5.30823285869	3.86923714672	134.261676457	-20.9973440433	
6.13333333333	0.0	0.0	0.0 	0.0 	158.133333333 	16.0 	0.0 	0.0 	0.0 	-0.0 	16.0 	0.0 	0.0 	0.0 	5.34754061961	3.86923714708	134.202397853	-21.063898032	
6.15	0.0	0.0	0.0 	0.0 	158.4 	16.0 	0.0 	0.0 	0.0 	-0.0 	16.0 	0.0 	0.0 	0.0 	5.38669653747	3.86923714738	134.142685198	-21.1309393443	
6.16666666667	0.0	0.0	0.0 	0.0 	158.666666667 	16.0 	0.0 	0.0 	0.0 	-0.0 	16.0 	0.0 	0.0 	0.0 	5.42570119882	3.86923714762	134.082540167	-21.1984660976	
6.18333333333	0.0	0.0	0.0 	0.0 	158.933333333 	16.0 	0.0 	0.0 	0.0 	-0.0 	16.0 	0.0 	0.0 	0.0 	5.46455518796	3.86923714783	134.021964433	-21.2664764167	
6.2	0.0	0.0	0.0 	0.0 	159.2 	16.0 	0.0 	0.0 	0.0 	-0.0 	16.0 	0.0 	0.0 	0.0 	5.50325908692	3.869237148	133.960959657	-21.3349684337	
6.21666666667	0.0	0.0	0.0 	0.0 	159.466666667 	16.0 	0.0 	0.0 	0.0 	-0.0 	16.0 	0.0 	0.0 	0.0 	5.54181347549	3.86923714814	133.899527498	-21.4039402878	
6.23333333333	0.0	0.0	0.0 	0.0 	159.733333333 	16.0 	0.0 	0.0 	0.0 	-0.0 	16.0 	0.0 	0.0 	0.0 	5.58021893123	3.86923714826	133.837669606	-21.4733901254	
6.25	0.0	0.0	0.0 	0.0 	160.0 	16.0 	0.0 	0.0 	0.0 	-0.0 	16.0 	0.0 	0.0 	0.0 	5.61847602944	3.86923714836	133.775387626	-21.5433161	
6.26666666667	0.0	0.0	0.0 	0.0 	160.266666667 	16.0 	0.0 	0.0 	0.0 	-0.0 	16.0 	0.0 	0.0 	0.0 	5.65658534322	3.86923714845	133.712683197	-21.6137163725	
6.28333333333	0.0	0.0	0.0 	0.0 	160.533333333 	16.0 	0.0 	0.0 	0.0 	-0.0 	16.0 	0.0 	0.0 	0.0 	5.69454744345	3.86923714852	133.64955795	-21.6845891106	
6.3	0.0	0.0	0.0 	0.0 	160.8 	16.0 	0.0 	0.0 	0.0 	-0.0 	16.0 	0.0 	0.0 	0.0 	5.73236289881	3.86923714857	133.586013511	-21.7559324893	
6.31666666667	0.0	0.0	0.0 	0.0 	161.066666667 	16.0 	0.0 	0.0 	0.0 	-0.0 	16.0 	0.0 	0.0 	0.0 	5.77003227577	3.86923714862	133.522051498	-21.8277446904	
6.33333333333	0.0	0.0	0.0 	0.0 	161.333333333 	16.0 	0.0 	0.0 	0.0 	-0.0 	16.0 	0.0 	0.0 	0.0 	5.80755613863	3.86923714866	133.457673526	-21.900023903	
6.35	0.0	0.0	0.0 	0.0 	161.6 	16.0 	0.0 	0.0 	0.0 	-0.0 	16.0 	0.0 	0.0 	0.0 	5.8449350495	3.86923714869	133.392881201	-21.972768323	
6.36666666667	0.0	0.0	0.0 	0.0 	161.866666667 	16.0 	0.0 	0.0 	0.0 	-0.0 	16.0 	0.0 	0.0 	0.0 	5.88216956831	3.86923714872	133.327676124	-22.0459761534	
6.38333333333	0.0	0.0	0.0 	0.0 	162.133333333 	16.0 	0.0 	0.0 	0.0 	-0.0 	16.0 	0.0 	0.0 	0.0 	5.91926025284	3.86923714875	133.262059888	-22.119645604	
6.4	0.0	0.0	0.0 	0.0 	162.4 	16.0 	0.0 	0.0 	0.0 	-0.0 	16.0 	0.0 	0.0 	0.0 	5.95620765872	3.86923714876	133.196034083	-22.1937748916	
6.41666666667	0.0	0.0	0.0 	0.0 	162.666666667 	16.0 	0.0 	0.0 	0.0 	-0.0 	16.0 	0.0 	0.0 	0.0 	5.99301233942	3.86923714878	133.12960029	-22.26836224	
6.43333333333	0.0	0.0	0.0 	0.0 	162.933333333 	16.0 	0.0 	0.0 	0.0 	-0.0 	16.0 	0.0 	0.0 	0.0 	6.02967484627	3.86923714879	133.062760086	-22.3434058796	
6.45	0.0	0.0	0.0 	0.0 	163.2 	16.0 	0.0 	0.0 	0.0 	-0.0 	16.0 	0.0 	0.0 	0.0 	6.06619572848	3.8692371488	132.99551504	-22.4189040479	
6.46666666667	0.0	0.0	0.0 	0.0 	163.466666667 	16.0 	0.0 	0.0 	0.0 	-0.0 	16.0 	0.0 	0.0 	0.0 	6.10257553314	3.86923714881	132.927866716	-22.494854989	
6.48333333333	0.0	0.0	0.0 	0.0 	163.733333333 	16.0 	0.0 	0.0 	0.0 	-0.0 	16.0 	0.0 	0.0 	0.0 	6.13881480523	3.86923714882	132.859816673	-22.5712569539	
6.5	0.0	0.0	0.0 	0.0 	164.0 	16.0 	0.0 	0.0 	0.0 	-0.0 	16.0 	0.0 	0.0 	0.0 	6.1749140876	3.86923714883	132.791366461	-22.6481082003	
6.51666666667	0.0	0.0	0.0 	0.0 	164.266666667 	16.0 	0.0 	0.0 	0.0 	-0.0 	16.0 	0.0 	0.0 	0.0 	6.21087392103	3.86923714883	132.722517627	-22.7254069927	
6.53333333333	0.0	0.0	0.0 	0.0 	164.533333333 	16.0 	0.0 	0.0 	0.0 	-0.0 	16.0 	0.0 	0.0 	0.0 	6.2466948442	3.86923714884	132.653271711	-22.8031516023	
6.55	0.0	0.0	0.0 	0.0 	164.8 	16.0 	0.0 	0.0 	0.0 	-0.0 	16.0 	0.0 	0.0 	0.0 	6.28237739371	3.86923714884	132.583630246	-22.8813403069	
6.56666666667	0.0	0.0	0.0 	0.0 	165.066666667 	16.0 	0.0 	0.0 	0.0 	-0.0 	16.0 	0.0 	0.0 	0.0 	6.31792210409	3.86923714885	132.513594761	-22.9599713909	
6.58333333333	0.0	0.0	0.0 	0.0 	165.333333333 	16.0 	0.0 	0.0 	0.0 	-0.0 	16.0 	0.0 	0.0 	0.0 	6.3533295078	3.86923714885	132.443166777	-23.0390431455	
6.6	0.0	0.0	0.0 	0.0 	165.6 	16.0 	0.0 	0.0 	0.0 	-0.0 	16.0 	0.0 	0.0 	0.0 	6.38860013525	3.86923714885	132.372347811	-23.1185538685	
6.61666666667	0.0	0.0	0.0 	0.0 	165.866666667 	16.0 	0.0 	0.0 	0.0 	-0.0 	16.0 	0.0 	0.0 	0.0 	6.42373451479	3.86923714885	132.301139373	-23.1985018641	
6.63333333333	0.0	0.0	0.0 	0.0 	166.133333333 	16.0 	0.0 	0.0 	0.0 	-0.0 	16.0 	0.0 	0.0 	0.0 	6.45873317274	3.86923714885	132.229542967	-23.2788854431	
6.65	0.0	0.0	0.0 	0.0 	166.4 	16.0 	0.0 	0.0 	0.0 	-0.0 	16.0 	0.0 	0.0 	0.0 	6.49359663338	3.86923714885	132.157560093	-23.359702923	
6.66666666667	0.0	0.0	0.0 	0.0 	166.666666667 	16.0 	0.0 	0.0 	0.0 	-0.0 	16.0 	0.0 	0.0 	0.0 	6.52832541897	3.86923714886	132.085192243	-23.4409526276	
6.68333333333	0.0	0.0	0.0 	0.0 	166.933333333 	16.0 	0.0 	0.0 	0.0 	-0.0 	16.0 	0.0 	0.0 	0.0 	6.56292004975	3.86923714886	132.012440904	-23.5226328873	
6.7	0.0	0.0	0.0 	0.0 	167.2 	16.0 	0.0 	0.0 	0.0 	-0.0 	16.0 	0.0 	0.0 	0.0 	6.59738104395	3.86923714886	131.939307558	-23.6047420388	
6.71666666667	0.0	0.0	0.0 	0.0 	167.466666667 	16.0 	0.0 	0.0 	0.0 	-0.0 	16.0 	0.0 	0.0 	0.0 	6.6317089178	3.86923714886	131.86579368	-23.6872784254	
6.73333333333	0.0	0.0	0.0 	0.0 	167.733333333 	16.0 	0.0 	0.0 	0.0 	-0.0 	16.0 	0.0 	0.0 	0.0 	6.66590418553	3.86923714886	131.791900741	-23.7702403967	
6.75	0.0	0.0	0.0 	0.0 	168.0 	16.0 	0.0 	0.0 	0.0 	-0.0 	16.0 	0.0 	0.0 	0.0 	6.69996735939	3.86923714886	131.717630204	-23.8536263086	
6.76666666667	0.0	0.0	0.0 	0.0 	168.266666667 	16.0 	0.0 	0.0 	0.0 	-0.0 	16.0 	0.0 	0.0 	0.0 	6.73389894966	3.86923714886	131.642983529	-23.9374345237	
6.78333333333	0.0	0.0	0.0 	0.0 	168.533333333 	16.0 	0.0 	0.0 	0.0 	-0.0 	16.0 	0.0 	0.0 	0.0 	6.76769946462	3.86923714886	131.567962168	-24.0216634104	
6.8	0.0	0.0	0.0 	0.0 	168.8 	16.0 	0.0 	0.0 	0.0 	-0.0 	16.0 	0.0 	0.0 	0.0 	6.80136941061	3.86923714886	131.492567568	-24.1063113438	
6.81666666667	0.0	0.0	0.0 	0.0 	169.066666667 	16.0 	0.0 	0.0 	0.0 	-0.0 	16.0 	0.0 	0.0 	0.0 	6.83490929202	3.86923714886	131.416801172	-24.1913767052	
6.83333333333	0.0	0.0	0.0 	0.0 	169.333333333 	16.0 	0.0 	0.0 	0.0 	-0.0 	16.0 	0.0 	0.0 	0.0 	6.86831961126	3.86923714886	131.340664415	-24.276857882	
6.85	0.0	0.0	0.0 	0.0 	169.6 	16.0 	0.0 	0.0 	0.0 	-0.0 	16.0 	0.0 	0.0 	0.0 	6.90160086884	3.86923714886	131.264158729	-24.362753268	
6.86666666667	0.0	0.0	0.0 	0.0 	169.866666667 	16.0 	0.0 	0.0 	0.0 	-0.0 	16.0 	0.0 	0.0 	0.0 	6.9347535633	3.86923714886	131.187285538	-24.4490612632	
6.88333333333	0.0	0.0	0.0 	0.0 	170.133333333 	16.0 	0.0 	0.0 	0.0 	-0.0 	16.0 	0.0 	0.0 	0.0 	6.96777819128	3.86923714886	131.110046262	-24.5357802736	
6.9	0.0	0.0	0.0 	0.0 	170.4 	16.0 	0.0 	0.0 	0.0 	-0.0 	16.0 	0.0 	0.0 	0.0 	7.00067524749	3.86923714886	131.032442316	-24.6229087114	
6.91666666667	0.0	0.0	0.0 	0.0 	170.666666667 	16.0 	0.0 	0.0 	0.0 	-0.0 	16.0 	0.0 	0.0 	0.0 	7.03344522473	3.86923714886	130.954475107	-24.7104449953	
6.93333333333	0.0	0.0	0.0 	0.0 	170.933333333 	16.0 	0.0 	0.0 	0.0 	-0.0 	16.0 	0.0 	0.0 	0.0 	7.06608861389	3.86923714886	130.87614604	-24.7983875496	
6.95	0.0	0.0	0.0 	0.0 	171.2 	16.0 	0.0 	0.0 	0.0 	-0.0 	16.0 	0.0 	0.0 	0.0 	7.09860590398	3.86923714886	130.797456511	-24.8867348049	
6.96666666667	0.0	0.0	0.0 	0.0 	171.466666667 	16.0 	0.0 	0.0 	0.0 	-0.0 	16.0 	0.0 	0.0 	0.0 	7.13099758211	3.86923714886	130.718407915	-24.975485198	
6.98333333333	0.0	0.0	0.0 	0.0 	171.733333333 	16.0 	0.0 	0.0 	0.0 	-0.0 	16.0 	0.0 	0.0 	0.0 	7.1632641335	3.86923714886	130.639001636	-25.0646371715	
7.0	0.0	0.0	0.0 	0.0 	172.0 	16.0 	0.0 	0.0 	0.0 	-0.0 	16.0 	0.0 	0.0 	0.0 	7.19540604152	3.86923714886	130.559239058	-25.1541891742	
7.01666666667	0.0	0.0	0.0 	0.0 	172.266666667 	16.0 	0.0 	0.0 	0.0 	-0.0 	16.0 	0.0 	0.0 	0.0 	7.22742378766	3.86923714886	130.479121557	-25.2441396607	
7.03333333333	0.0	0.0	0.0 	0.0 	172.533333333 	16.0 	0.0 	0.0 	0.0 	-0.0 	16.0 	0.0 	0.0 	0.0 	7.25931785153	3.86923714886	130.398650503	-25.3344870918	
7.05	0.0	0.0	0.0 	0.0 	172.8 	16.0 	0.0 	0.0 	0.0 	-0.0 	16.0 	0.0 	0.0 	0.0 	7.29108871092	3.86923714886	130.317827263	-25.4252299341	
7.06666666667	0.0	0.0	0.0 	0.0 	173.066666667 	16.0 	0.0 	0.0 	0.0 	-0.0 	16.0 	0.0 	0.0 	0.0 	7.32273684175	3.86923714886	130.236653197	-25.5163666601	
7.08333333333	0.0	0.0	0.0 	0.0 	173.333333333 	16.0 	0.0 	0.0 	0.0 	-0.0 	16.0 	0.0 	0.0 	0.0 	7.35426271813	3.86923714886	130.155129659	-25.6078957484	
7.1	0.0	0.0	0.0 	0.0 	173.6 	16.0 	0.0 	0.0 	0.0 	-0.0 	16.0 	0.0 	0.0 	0.0 	7.3856668123	3.86923714886	130.073258001	-25.6998156832	
7.11666666667	0.0	0.0	0.0 	0.0 	173.866666667 	16.0 	0.0 	0.0 	0.0 	-0.0 	16.0 	0.0 	0.0 	0.0 	7.41694959471	3.86923714886	129.991039566	-25.7921249547	
7.13333333333	0.0	0.0	0.0 	0.0 	174.133333333 	16.0 	0.0 	0.0 	0.0 	-0.0 	16.0 	0.0 	0.0 	0.0 	7.44811153397	3.86923714886	129.908475695	-25.8848220589	
7.15	0.0	0.0	0.0 	0.0 	174.4 	16.0 	0.0 	0.0 	0.0 	-0.0 	16.0 	0.0 	0.0 	0.0 	7.47915309689	3.86923714886	129.825567722	-25.9779054978	
7.16666666667	0.0	0.0	0.0 	0.0 	174.666666667 	16.0 	0.0 	0.0 	0.0 	-0.0 	16.0 	0.0 	0.0 	0.0 	7.51007474848	3.86923714886	129.742316976	-26.0713737788	
7.18333333333	0.0	0.0	0.0 	0.0 	174.933333333 	16.0 	0.0 	0.0 	0.0 	-0.0 	16.0 	0.0 	0.0 	0.0 	7.54087695194	3.86923714886	129.65872478	-26.1652254154	
7.2	0.0	0.0	0.0 	0.0 	175.2 	16.0 	0.0 	0.0 	0.0 	-0.0 	16.0 	0.0 	0.0 	0.0 	7.5715601687	3.86923714886	129.574792455	-26.2594589267	
7.21666666667	0.0	0.0	0.0 	0.0 	175.466666667 	16.0 	0.0 	0.0 	0.0 	-0.0 	16.0 	0.0 	0.0 	0.0 	7.60212485839	3.86923714886	129.490521314	-26.3540728375	
7.23333333333	0.0	0.0	0.0 	0.0 	175.733333333 	16.0 	0.0 	0.0 	0.0 	-0.0 	16.0 	0.0 	0.0 	0.0 	7.63257147888	3.86923714886	129.405912666	-26.4490656784	
7.25	0.0	0.0	0.0 	0.0 	176.0 	16.0 	0.0 	0.0 	0.0 	-0.0 	16.0 	0.0 	0.0 	0.0 	7.66290048625	3.86923714886	129.320967815	-26.5444359856	
7.26666666667	0.0	0.0	0.0 	0.0 	176.266666667 	16.0 	0.0 	0.0 	0.0 	-0.0 	16.0 	0.0 	0.0 	0.0 	7.69311233484	3.86923714886	129.235688059	-26.640182301	
7.28333333333	0.0	0.0	0.0 	0.0 	176.533333333 	16.0 	0.0 	0.0 	0.0 	-0.0 	16.0 	0.0 	0.0 	0.0 	7.72320747722	3.86923714886	129.150074692	-26.7363031721	
7.3	0.0	0.0	0.0 	0.0 	176.8 	16.0 	0.0 	0.0 	0.0 	-0.0 	16.0 	0.0 	0.0 	0.0 	7.75318636422	3.86923714886	129.064129002	-26.832797152	
7.31666666667	0.0	0.0	0.0 	0.0 	177.066666667 	16.0 	0.0 	0.0 	0.0 	-0.0 	16.0 	0.0 	0.0 	0.0 	7.78304944494	3.86923714886	128.977852275	-26.9296627995	
7.33333333333	0.0	0.0	0.0 	0.0 	177.333333333 	16.0 	0.0 	0.0 	0.0 	-0.0 	16.0 	0.0 	0.0 	0.0 	7.81279716671	3.86923714886	128.891245787	-27.0268986787	
7.35	0.0	0.0	0.0 	0.0 	177.6 	16.0 	0.0 	0.0 	0.0 	-0.0 	16.0 	0.0 	0.0 	0.0 	7.84242997516	3.86923714886	128.804310814	-27.1245033595	
7.36666666667	0.0	0.0	0.0 	0.0 	177.866666667 	16.0 	0.0 	0.0 	0.0 	-0.0 	16.0 	0.0 	0.0 	0.0 	7.8719483142	3.86923714886	128.717048623	-27.2224754173	
7.38333333333	0.0	0.0	0.0 	0.0 	178.133333333 	16.0 	0.0 	0.0 	0.0 	-0.0 	16.0 	0.0 	0.0 	0.0 	7.901352626	3.86923714886	128.62946048	-27.3208134329	
7.4	0.0	0.0	0.0 	0.0 	178.4 	16.0 	0.0 	0.0 	0.0 	-0.0 	16.0 	0.0 	0.0 	0.0 	7.93064335106	3.86923714886	128.541547643	-27.4195159926	
7.41666666667	0.0	0.0	0.0 	0.0 	178.666666667 	16.0 	0.0 	0.0 	0.0 	-0.0 	16.0 	0.0 	0.0 	0.0 	7.95982092815	3.86923714886	128.453311367	-27.5185816882	
7.43333333333	0.0	0.0	0.0 	0.0 	178.933333333 	16.0 	0.0 	0.0 	0.0 	-0.0 	16.0 	0.0 	0.0 	0.0 	7.98888579435	3.86923714886	128.3647529	-27.618009117	
7.45	0.0	0.0	0.0 	0.0 	179.2 	16.0 	0.0 	0.0 	0.0 	-0.0 	16.0 	0.0 	0.0 	0.0 	8.01783838505	3.86923714886	128.275873488	-27.7177968817	
7.46666666667	0.0	0.0	0.0 	0.0 	179.466666667 	16.0 	0.0 	0.0 	0.0 	-0.0 	16.0 	0.0 	0.0 	0.0 	8.04667913396	3.86923714886	128.18667437	-27.8179435901	
7.48333333333	0.0	0.0	0.0 	0.0 	179.733333333 	16.0 	0.0 	0.0 	0.0 	-0.0 	16.0 	0.0 	0.0 	0.0 	8.07540847313	3.86923714886	128.097156781	-27.9184478559	
7.5	0.0	0.0	0.0 	0.0 	180.0 	16.0 	0.0 	0.0 	0.0 	-0.0 	16.0 	0.0 	0.0 	0.0 	8.10402683293	3.86923714886	128.007321952	-28.0193082978	
7.51666666667	0.0	0.0	0.0 	0.0 	180.266666667 	16.0 	0.0 	0.0 	0.0 	-0.0 	16.0 	0.0 	0.0 	0.0 	8.13253464205	3.86923714886	127.917171108	-28.1205235398	
7.53333333333	0.0	0.0	0.0 	0.0 	180.533333333 	16.0 	0.0 	0.0 	0.0 	-0.0 	16.0 	0.0 	0.0 	0.0 	8.16093232754	3.86923714886	127.826705469	-28.2220922114	
7.55	0.0	0.0	0.0 	0.0 	180.8 	16.0 	0.0 	0.0 	0.0 	-0.0 	16.0 	0.0 	0.0 	0.0 	8.18922031481	3.86923714886	127.735926253	-28.3240129474	
7.56666666667	0.0	0.0	0.0 	0.0 	181.066666667 	16.0 	0.0 	0.0 	0.0 	-0.0 	16.0 	0.0 	0.0 	0.0 	8.21739902761	3.86923714886	127.644834669	-28.4262843877	
7.58333333333	0.0	0.0	0.0 	0.0 	181.333333333 	16.0 	0.0 	0.0 	0.0 	-0.0 	16.0 	0.0 	0.0 	0.0 	8.24546888807	3.86923714886	127.553431925	-28.5289051777	
7.6	0.0	0.0	0.0 	0.0 	181.6 	16.0 	0.0 	0.0 	0.0 	-0.0 	16.0 	0.0 	0.0 	0.0 	8.27343031666	3.86923714886	127.461719223	-28.6318739677	
7.61666666667	0.0	0.0	0.0 	0.0 	181.866666667 	16.0 	0.0 	0.0 	0.0 	-0.0 	16.0 	0.0 	0.0 	0.0 	8.30128373226	3.86923714886	127.36969776	-28.7351894135	
7.63333333333	0.0	0.0	0.0 	0.0 	182.133333333 	16.0 	0.0 	0.0 	0.0 	-0.0 	16.0 	0.0 	0.0 	0.0 	8.32902955211	3.86923714886	127.277368729	-28.838850176	
7.65	0.0	0.0	0.0 	0.0 	182.4 	16.0 	0.0 	0.0 	0.0 	-0.0 	16.0 	0.0 	0.0 	0.0 	8.35666819185	3.86923714886	127.184733318	-28.9428549212	
7.66666666667	0.0	0.0	0.0 	0.0 	182.666666667 	16.0 	0.0 	0.0 	0.0 	-0.0 	16.0 	0.0 	0.0 	0.0 	8.3842000655	3.86923714886	127.09179271	-29.0472023204	
7.68333333333	0.0	0.0	0.0 	0.0 	182.933333333 	16.0 	0.0 	0.0 	0.0 	-0.0 	16.0 	0.0 	0.0 	0.0 	8.4116255855	3.86923714886	126.998548084	-29.15189105	
7.7	0.0	0.0	0.0 	0.0 	183.2 	16.0 	0.0 	0.0 	0.0 	-0.0 	16.0 	0.0 	0.0 	0.0 	8.43894516267	3.86923714886	126.905000616	-29.2569197913	
7.71666666667	0.0	0.0	0.0 	0.0 	183.466666667 	16.0 	0.0 	0.0 	0.0 	-0.0 	16.0 	0.0 	0.0 	0.0 	8.46615920628	3.86923714886	126.811151473	-29.3622872309	
7.73333333333	0.0	0.0	0.0 	0.0 	183.733333333 	16.0 	0.0 	0.0 	0.0 	-0.0 	16.0 	0.0 	0.0 	0.0 	8.49326812399	3.86923714886	126.717001823	-29.4679920605	
7.75	0.0	0.0	0.0 	0.0 	184.0 	16.0 	0.0 	0.0 	0.0 	-0.0 	16.0 	0.0 	0.0 	0.0 	8.52027232189	3.86923714886	126.622552826	-29.5740329768	
7.76666666667	0.0	0.0	0.0 	0.0 	184.266666667 	16.0 	0.0 	0.0 	0.0 	-0.0 	16.0 	0.0 	0.0 	0.0 	8.54717220451	3.86923714886	126.527805638	-29.6804086815	
7.78333333333	0.0	0.0	0.0 	0.0 	184.533333333 	16.0 	0.0 	0.0 	0.0 	-0.0 	16.0 	0.0 	0.0 	0.0 	8.57396817481	3.86923714886	126.432761411	-29.7871178813	
7.8	0.0	0.0	0.0 	0.0 	184.8 	16.0 	0.0 	0.0 	0.0 	-0.0 	16.0 	0.0 	0.0 	0.0 	8.6006606342	3.86923714886	126.337421293	-29.8941592879	
7.81666666667	0.0	0.0	0.0 	0.0 	185.066666667 	16.0 	0.0 	0.0 	0.0 	-0.0 	16.0 	0.0 	0.0 	0.0 	8.62724998253	3.86923714886	126.241786426	-30.0015316181	
7.83333333333	0.0	0.0	0.0 	0.0 	185.333333333 	16.0 	0.0 	0.0 	0.0 	-0.0 	16.0 	0.0 	0.0 	0.0 	8.65373661811	3.86923714886	126.145857949	-30.1092335936	
7.85	0.0	0.0	0.0 	0.0 	185.6 	16.0 	0.0 	0.0 	0.0 	-0.0 	16.0 	0.0 	0.0 	0.0 	8.68012093771	3.86923714886	126.049636996	-30.2172639408	
7.86666666667	0.0	0.0	0.0 	0.0 	185.866666667 	16.0 	0.0 	0.0 	0.0 	-0.0 	16.0 	0.0 	0.0 	0.0 	8.70640333658	3.86923714886	125.953124698	-30.3256213914	
7.88333333333	0.0	0.0	0.0 	0.0 	186.133333333 	16.0 	0.0 	0.0 	0.0 	-0.0 	16.0 	0.0 	0.0 	0.0 	8.73258420843	3.86923714886	125.856322179	-30.4343046818	
7.9	0.0	0.0	0.0 	0.0 	186.4 	16.0 	0.0 	0.0 	0.0 	-0.0 	16.0 	0.0 	0.0 	0.0 	8.75866394544	3.86923714886	125.759230561	-30.5433125533	
7.91666666667	0.0	0.0	0.0 	0.0 	186.666666667 	16.0 	0.0 	0.0 	0.0 	-0.0 	16.0 	0.0 	0.0 	0.0 	8.7846429383	3.86923714886	125.66185096	-30.652643752	
7.93333333333	0.0	0.0	0.0 	0.0 	186.933333333 	16.0 	0.0 	0.0 	0.0 	-0.0 	16.0 	0.0 	0.0 	0.0 	8.81052157617	3.86923714886	125.564184489	-30.762297029	
7.95	0.0	0.0	0.0 	0.0 	187.2 	16.0 	0.0 	0.0 	0.0 	-0.0 	16.0 	0.0 	0.0 	0.0 	8.83630024672	3.86923714886	125.466232256	-30.8722711401	
7.96666666667	0.0	0.0	0.0 	0.0 	187.466666667 	16.0 	0.0 	0.0 	0.0 	-0.0 	16.0 	0.0 	0.0 	0.0 	8.86197933611	3.86923714886	125.367995366	-30.9825648459	
7.98333333333	0.0	0.0	0.0 	0.0 	187.733333333 	16.0 	0.0 	0.0 	0.0 	-0.0 	16.0 	0.0 	0.0 	0.0 	8.88755922902	3.86923714886	125.269474916	-31.0931769119	
8.0	0.0	0.0	0.0 	0.0 	188.0 	16.0 	0.0 	0.0 	0.0 	-0.0 	16.0 	0.0 	0.0 	0.0 	8.91304030863	3.86923714886	125.170672004	-31.2041061082	
8.01666666667	0.0	0.0	0.0 	0.0 	188.266666667 	16.0 	0.0 	0.0 	0.0 	-0.0 	16.0 	0.0 	0.0 	0.0 	8.93842295666	3.86923714886	125.07158772	-31.3153512099	
8.03333333333	0.0	0.0	0.0 	0.0 	188.533333333 	16.0 	0.0 	0.0 	0.0 	-0.0 	16.0 	0.0 	0.0 	0.0 	8.96370755334	3.86923714886	124.97222315	-31.4269109965	
8.05	0.0	0.0	0.0 	0.0 	188.8 	16.0 	0.0 	0.0 	0.0 	-0.0 	16.0 	0.0 	0.0 	0.0 	8.98889447743	3.86923714886	124.872579379	-31.5387842525	
8.06666666667	0.0	0.0	0.0 	0.0 	189.066666667 	16.0 	0.0 	0.0 	0.0 	-0.0 	16.0 	0.0 	0.0 	0.0 	9.01398410624	3.86923714886	124.772657483	-31.650969767	
8.08333333333	0.0	0.0	0.0 	0.0 	189.333333333 	16.0 	0.0 	0.0 	0.0 	-0.0 	16.0 	0.0 	0.0 	0.0 	9.03897681561	3.86923714886	124.672458538	-31.7634663338	
8.1	0.0	0.0	0.0 	0.0 	189.6 	16.0 	0.0 	0.0 	0.0 	-0.0 	16.0 	0.0 	0.0 	0.0 	9.06387297994	3.86923714886	124.571983614	-31.8762727512	
8.11666666667	0.0	0.0	0.0 	0.0 	189.866666667 	16.0 	0.0 	0.0 	0.0 	-0.0 	16.0 	0.0 	0.0 	0.0 	9.08867297217	3.86923714886	124.471233777	-31.9893878223	
8.13333333333	0.0	0.0	0.0 	0.0 	190.133333333 	16.0 	0.0 	0.0 	0.0 	-0.0 	16.0 	0.0 	0.0 	0.0 	9.1133771638	3.86923714886	124.370210089	-32.1028103549	
8.15	0.0	0.0	0.0 	0.0 	190.4 	16.0 	0.0 	0.0 	0.0 	-0.0 	16.0 	0.0 	0.0 	0.0 	9.13798592491	3.86923714886	124.268913607	-32.2165391612	
8.16666666667	0.0	0.0	0.0 	0.0 	190.666666667 	16.0 	0.0 	0.0 	0.0 	-0.0 	16.0 	0.0 	0.0 	0.0 	9.16249962414	3.86923714886	124.167345386	-32.3305730581	
8.18333333333	0.0	0.0	0.0 	0.0 	190.933333333 	16.0 	0.0 	0.0 	0.0 	-0.0 	16.0 	0.0 	0.0 	0.0 	9.18691862871	3.86923714886	124.065506476	-32.4449108671	
8.2	0.0	0.0	0.0 	0.0 	191.2 	16.0 	0.0 	0.0 	0.0 	-0.0 	16.0 	0.0 	0.0 	0.0 	9.21124330441	3.86923714886	123.963397921	-32.5595514141	
8.21666666667	0.0	0.0	0.0 	0.0 	191.466666667 	16.0 	0.0 	0.0 	0.0 	-0.0 	16.0 	0.0 	0.0 	0.0 	9.23547401564	3.86923714886	123.861020763	-32.6744935298	
8.23333333333	0.0	0.0	0.0 	0.0 	191.733333333 	16.0 	0.0 	0.0 	0.0 	-0.0 	16.0 	0.0 	0.0 	0.0 	9.25961112536	3.86923714886	123.758376041	-32.7897360492	
8.25	0.0	0.0	0.0 	0.0 	192.0 	16.0 	0.0 	0.0 	0.0 	-0.0 	16.0 	0.0 	0.0 	0.0 	9.28365499515	3.86923714886	123.655464788	-32.9052778118	
8.26666666667	0.0	0.0	0.0 	0.0 	192.266666667 	16.0 	0.0 	0.0 	0.0 	-0.0 	16.0 	0.0 	0.0 	0.0 	9.3076059852	3.86923714886	123.552288032	-33.0211176618	
8.28333333333	0.0	0.0	0.0 	0.0 	192.533333333 	16.0 	0.0 	0.0 	0.0 	-0.0 	16.0 	0.0 	0.0 	0.0 	9.33146445429	3.86923714886	123.448846801	-33.1372544475	
8.3	0.0	0.0	0.0 	0.0 	192.8 	16.0 	0.0 	0.0 	0.0 	-0.0 	16.0 	0.0 	0.0 	0.0 	9.35523075983	3.86923714886	123.345142115	-33.253687022	
8.31666666667	0.0	0.0	0.0 	0.0 	193.066666667 	16.0 	0.0 	0.0 	0.0 	-0.0 	16.0 	0.0 	0.0 	0.0 	9.37890525783	3.86923714886	123.241174993	-33.3704142426	
8.33333333333	0.0	0.0	0.0 	0.0 	193.333333333 	16.0 	0.0 	0.0 	0.0 	-0.0 	16.0 	0.0 	0.0 	0.0 	9.40248830294	3.86923714886	123.136946447	-33.4874349712	
8.35	0.0	0.0	0.0 	0.0 	193.6 	16.0 	0.0 	0.0 	0.0 	-0.0 	16.0 	0.0 	0.0 	0.0 	9.42598024843	3.86923714886	123.032457488	-33.604748074	
8.36666666667	0.0	0.0	0.0 	0.0 	193.866666667 	16.0 	0.0 	0.0 	0.0 	-0.0 	16.0 	0.0 	0.0 	0.0 	9.44938144623	3.86923714886	122.927709122	-33.7223524215	
8.38333333333	0.0	0.0	0.0 	0.0 	194.133333333 	16.0 	0.0 	0.0 	0.0 	-0.0 	16.0 	0.0 	0.0 	0.0 	9.47269224687	3.86923714886	122.822702352	-33.8402468887	
8.4	0.0	0.0	0.0 	0.0 	194.4 	16.0 	0.0 	0.0 	0.0 	-0.0 	16.0 	0.0 	0.0 	0.0 	9.49591299956	3.86923714886	122.717438174	-33.9584303548	
8.41666666667	0.0	0.0	0.0 	0.0 	194.666666667 	16.0 	0.0 	0.0 	0.0 	-0.0 	16.0 	0.0 	0.0 	0.0 	9.51904405215	3.86923714886	122.611917583	-34.0769017035	
8.43333333333	0.0	0.0	0.0 	0.0 	194.933333333 	16.0 	0.0 	0.0 	0.0 	-0.0 	16.0 	0.0 	0.0 	0.0 	9.54208575114	3.86923714886	122.506141571	-34.1956598228	
8.45	0.0	0.0	0.0 	0.0 	195.2 	16.0 	0.0 	0.0 	0.0 	-0.0 	16.0 	0.0 	0.0 	0.0 	9.5650384417	3.86923714886	122.400111123	-34.3147036048	
8.46666666667	0.0	0.0	0.0 	0.0 	195.466666667 	16.0 	0.0 	0.0 	0.0 	-0.0 	16.0 	0.0 	0.0 	0.0 	9.58790246765	3.86923714886	122.293827223	-34.434031946	
8.48333333333	0.0	0.0	0.0 	0.0 	195.733333333 	16.0 	0.0 	0.0 	0.0 	-0.0 	16.0 	0.0 	0.0 	0.0 	9.61067817152	3.86923714886	122.187290849	-34.5536437472	
8.5	0.0	0.0	0.0 	0.0 	196.0 	16.0 	0.0 	0.0 	0.0 	-0.0 	16.0 	0.0 	0.0 	0.0 	9.63336589447	3.86923714886	122.080502977	-34.6735379135	
8.51666666667	0.0	0.0	0.0 	0.0 	196.266666667 	16.0 	0.0 	0.0 	0.0 	-0.0 	16.0 	0.0 	0.0 	0.0 	9.65596597637	3.86923714886	121.973464579	-34.793713354	
8.53333333333	0.0	0.0	0.0 	0.0 	196.533333333 	16.0 	0.0 	0.0 	0.0 	-0.0 	16.0 	0.0 	0.0 	0.0 	9.67847875578	3.86923714886	121.866176621	-34.9141689823	
8.55	0.0	0.0	0.0 	0.0 	196.8 	16.0 	0.0 	0.0 	0.0 	-0.0 	16.0 	0.0 	0.0 	0.0 	9.70090456993	3.86923714886	121.758640069	-35.0349037159	
8.56666666667	0.0	0.0	0.0 	0.0 	197.066666667 	16.0 	0.0 	0.0 	0.0 	-0.0 	16.0 	0.0 	0.0 	0.0 	9.72324375477	3.86923714886	121.650855882	-35.1559164768	
8.58333333333	0.0	0.0	0.0 	0.0 	197.333333333 	16.0 	0.0 	0.0 	0.0 	-0.0 	16.0 	0.0 	0.0 	0.0 	9.74549664494	3.86923714886	121.542825018	-35.2772061909	
8.6	0.0	0.0	0.0 	0.0 	197.6 	16.0 	0.0 	0.0 	0.0 	-0.0 	16.0 	0.0 	0.0 	0.0 	9.76766357378	3.86923714886	121.434548428	-35.3987717884	
8.61666666667	0.0	0.0	0.0 	0.0 	197.866666667 	16.0 	0.0 	0.0 	0.0 	-0.0 	16.0 	0.0 	0.0 	0.0 	9.78974487338	3.86923714886	121.326027063	-35.5206122035	
8.63333333333	0.0	0.0	0.0 	0.0 	198.133333333 	16.0 	0.0 	0.0 	0.0 	-0.0 	16.0 	0.0 	0.0 	0.0 	9.81174087449	3.86923714886	121.217261867	-35.6427263746	
8.65	0.0	0.0	0.0 	0.0 	198.4 	16.0 	0.0 	0.0 	0.0 	-0.0 	16.0 	0.0 	0.0 	0.0 	9.83365190662	3.86923714886	121.108253783	-35.7651132444	
8.66666666667	0.0	0.0	0.0 	0.0 	198.666666667 	16.0 	0.0 	0.0 	0.0 	-0.0 	16.0 	0.0 	0.0 	0.0 	9.85547829801	3.86923714886	120.999003749	-35.8877717592	
8.68333333333	0.0	0.0	0.0 	0.0 	198.933333333 	16.0 	0.0 	0.0 	0.0 	-0.0 	16.0 	0.0 	0.0 	0.0 	9.87722037561	3.86923714886	120.889512699	-36.0107008699	
8.7	0.0	0.0	0.0 	0.0 	199.2 	16.0 	0.0 	0.0 	0.0 	-0.0 	16.0 	0.0 	0.0 	0.0 	9.89887846513	3.86923714886	120.779781565	-36.133899531	
8.71666666667	0.0	0.0	0.0 	0.0 	199.466666667 	16.0 	0.0 	0.0 	0.0 	-0.0 	16.0 	0.0 	0.0 	0.0 	9.920452891	3.86923714886	120.669811274	-36.2573667014	
8.73333333333	0.0	0.0	0.0 	0.0 	199.733333333 	16.0 	0.0 	0.0 	0.0 	-0.0 	16.0 	0.0 	0.0 	0.0 	9.9419439764	3.86923714886	120.559602749	-36.3811013438	
8.75	0.0	0.0	0.0 	0.0 	200.0 	16.0 	0.0 	0.0 	0.0 	-0.0 	16.0 	0.0 	0.0 	0.0 	9.96335204328	3.86923714886	120.449156912	-36.505102425	
8.76666666667	0.0	0.0	0.0 	0.0 	200.266666667 	16.0 	0.0 	0.0 	0.0 	-0.0 	16.0 	0.0 	0.0 	0.0 	9.98467741234	3.86923714886	120.338474679	-36.6293689157	
8.78333333333	0.0	0.0	0.0 	0.0 	200.533333333 	16.0 	0.0 	0.0 	0.0 	-0.0 	16.0 	0.0 	0.0 	0.0 	10.005920403	3.86923714886	120.227556962	-36.7538997908	
8.8	0.0	0.0	0.0 	0.0 	200.8 	16.0 	0.0 	0.0 	0.0 	-0.0 	16.0 	0.0 	0.0 	0.0 	10.0270813335	3.86923714886	120.116404673	-36.8786940288	
8.81666666667	0.0	0.0	0.0 	0.0 	201.066666667 	16.0 	0.0 	0.0 	0.0 	-0.0 	16.0 	0.0 	0.0 	0.0 	10.0481605209	3.86923714886	120.005018716	-37.0037506125	
8.83333333333	0.0	0.0	0.0 	0.0 	201.333333333 	16.0 	0.0 	0.0 	0.0 	-0.0 	16.0 	0.0 	0.0 	0.0 	10.0691582809	3.86923714886	119.893399994	-37.1290685284	
8.85	0.0	0.0	0.0 	0.0 	201.6 	16.0 	0.0 	0.0 	0.0 	-0.0 	16.0 	0.0 	0.0 	0.0 	10.090074928	3.86923714886	119.781549407	-37.254646767	
8.86666666667	0.0	0.0	0.0 	0.0 	201.866666667 	16.0 	0.0 	0.0 	0.0 	-0.0 	16.0 	0.0 	0.0 	0.0 	10.1109107757	3.86923714886	119.669467851	-37.3804843228	
8.88333333333	0.0	0.0	0.0 	0.0 	202.133333333 	16.0 	0.0 	0.0 	0.0 	-0.0 	16.0 	0.0 	0.0 	0.0 	10.1316661359	3.86923714886	119.557156217	-37.5065801939	
8.9	0.0	0.0	0.0 	0.0 	202.4 	16.0 	0.0 	0.0 	0.0 	-0.0 	16.0 	0.0 	0.0 	0.0 	10.1523413197	3.86923714886	119.444615394	-37.6329333825	
8.91666666667	0.0	0.0	0.0 	0.0 	202.666666667 	16.0 	0.0 	0.0 	0.0 	-0.0 	16.0 	0.0 	0.0 	0.0 	10.1729366367	3.86923714886	119.331846268	-37.7595428947	
8.93333333333	0.0	0.0	0.0 	0.0 	202.933333333 	16.0 	0.0 	0.0 	0.0 	-0.0 	16.0 	0.0 	0.0 	0.0 	10.1934523955	3.86923714886	119.21884972	-37.8864077403	
8.95	0.0	0.0	0.0 	0.0 	203.2 	16.0 	0.0 	0.0 	0.0 	-0.0 	16.0 	0.0 	0.0 	0.0 	10.2138889034	3.86923714886	119.10562663	-38.0135269328	
8.96666666667	0.0	0.0	0.0 	0.0 	203.466666667 	16.0 	0.0 	0.0 	0.0 	-0.0 	16.0 	0.0 	0.0 	0.0 	10.2342464665	3.86923714886	118.992177871	-38.1408994899	
8.98333333333	0.0	0.0	0.0 	0.0 	203.733333333 	16.0 	0.0 	0.0 	0.0 	-0.0 	16.0 	0.0 	0.0 	0.0 	10.2545253898	3.86923714886	118.878504317	-38.2685244328	
9.0	0.0	0.0	0.0 	0.0 	204.0 	16.0 	0.0 	0.0 	0.0 	-0.0 	16.0 	0.0 	0.0 	0.0 	10.2747259771	3.86923714886	118.764606834	-38.3964007865	
9.01666666667	0.0	0.0	0.0 	0.0 	204.266666667 	16.0 	0.0 	0.0 	0.0 	-0.0 	16.0 	0.0 	0.0 	0.0 	10.2948485309	3.86923714886	118.650486289	-38.5245275799	
9.03333333333	0.0	0.0	0.0 	0.0 	204.533333333 	16.0 	0.0 	0.0 	0.0 	-0.0 	16.0 	0.0 	0.0 	0.0 	10.3148933528	3.86923714886	118.536143543	-38.6529038455	
9.05	0.0	0.0	0.0 	0.0 	204.8 	16.0 	0.0 	0.0 	0.0 	-0.0 	16.0 	0.0 	0.0 	0.0 	10.334860743	3.86923714886	118.421579455	-38.7815286196	
9.06666666667	0.0	0.0	0.0 	0.0 	205.066666667 	16.0 	0.0 	0.0 	0.0 	-0.0 	16.0 	0.0 	0.0 	0.0 	10.3547510005	3.86923714886	118.306794878	-38.9104009423	
9.08333333333	0.0	0.0	0.0 	0.0 	205.333333333 	16.0 	0.0 	0.0 	0.0 	-0.0 	16.0 	0.0 	0.0 	0.0 	10.3745644235	3.86923714886	118.191790666	-39.0395198573	
9.1	0.0	0.0	0.0 	0.0 	205.6 	16.0 	0.0 	0.0 	0.0 	-0.0 	16.0 	0.0 	0.0 	0.0 	10.3943013086	3.86923714886	118.076567666	-39.168884412	
9.11666666667	0.0	0.0	0.0 	0.0 	205.866666667 	16.0 	0.0 	0.0 	0.0 	-0.0 	16.0 	0.0 	0.0 	0.0 	10.4139619515	3.86923714886	117.961126724	-39.2984936576	
9.13333333333	0.0	0.0	0.0 	0.0 	206.133333333 	16.0 	0.0 	0.0 	0.0 	-0.0 	16.0 	0.0 	0.0 	0.0 	10.4335466467	3.86923714886	117.845468682	-39.4283466487	
9.15	0.0	0.0	0.0 	0.0 	206.4 	16.0 	0.0 	0.0 	0.0 	-0.0 	16.0 	0.0 	0.0 	0.0 	10.4530556877	3.86923714886	117.729594377	-39.5584424439	
9.16666666667	0.0	0.0	0.0 	0.0 	206.666666667 	16.0 	0.0 	0.0 	0.0 	-0.0 	16.0 	0.0 	0.0 	0.0 	10.4724893667	3.86923714886	117.613504647	-39.6887801053	
9.18333333333	0.0	0.0	0.0 	0.0 	206.933333333 	16.0 	0.0 	0.0 	0.0 	-0.0 	16.0 	0.0 	0.0 	0.0 	10.4918479748	3.86923714886	117.497200322	-39.8193586984	
9.2	0.0	0.0	0.0 	0.0 	207.2 	16.0 	0.0 	0.0 	0.0 	-0.0 	16.0 	0.0 	0.0 	0.0 	10.5111318019	3.86923714886	117.380682231	-39.9501772926	
9.21666666667	0.0	0.0	0.0 	0.0 	207.466666667 	16.0 	0.0 	0.0 	0.0 	-0.0 	16.0 	0.0 	0.0 	0.0 	10.530341137	3.86923714886	117.263951202	-40.0812349608	
9.23333333333	0.0	0.0	0.0 	0.0 	207.733333333 	16.0 	0.0 	0.0 	0.0 	-0.0 	16.0 	0.0 	0.0 	0.0 	10.5494762678	3.86923714886	117.147008055	-40.2125307795	
9.25	0.0	0.0	0.0 	0.0 	208.0 	16.0 	0.0 	0.0 	0.0 	-0.0 	16.0 	0.0 	0.0 	0.0 	10.568537481	3.86923714886	117.029853611	-40.3440638286	
9.26666666667	0.0	0.0	0.0 	0.0 	208.266666667 	16.0 	0.0 	0.0 	0.0 	-0.0 	16.0 	0.0 	0.0 	0.0 	10.587525062	3.86923714886	116.912488686	-40.4758331919	
9.28333333333	0.0	0.0	0.0 	0.0 	208.533333333 	16.0 	0.0 	0.0 	0.0 	-0.0 	16.0 	0.0 	0.0 	0.0 	10.6064392954	3.86923714886	116.794914092	-40.6078379564	
9.3	0.0	0.0	0.0 	0.0 	208.8 	16.0 	0.0 	0.0 	0.0 	-0.0 	16.0 	0.0 	0.0 	0.0 	10.6252804645	3.86923714886	116.67713064	-40.7400772128	
9.31666666667	0.0	0.0	0.0 	0.0 	209.066666667 	16.0 	0.0 	0.0 	0.0 	-0.0 	16.0 	0.0 	0.0 	0.0 	10.6440488515	3.86923714886	116.559139137	-40.8725500553	
9.33333333333	0.0	0.0	0.0 	0.0 	209.333333333 	16.0 	0.0 	0.0 	0.0 	-0.0 	16.0 	0.0 	0.0 	0.0 	10.6627447376	3.86923714886	116.440940385	-41.0052555816	
9.35	0.0	0.0	0.0 	0.0 	209.6 	16.0 	0.0 	0.0 	0.0 	-0.0 	16.0 	0.0 	0.0 	0.0 	10.6813684028	3.86923714886	116.322535187	-41.1381928927	
9.36666666667	0.0	0.0	0.0 	0.0 	209.866666667 	16.0 	0.0 	0.0 	0.0 	-0.0 	16.0 	0.0 	0.0 	0.0 	10.6999201261	3.86923714886	116.203924339	-41.2713610934	
9.38333333333	0.0	0.0	0.0 	0.0 	210.133333333 	16.0 	0.0 	0.0 	0.0 	-0.0 	16.0 	0.0 	0.0 	0.0 	10.7184001854	3.86923714886	116.085108635	-41.4047592917	
9.4	0.0	0.0	0.0 	0.0 	210.4 	16.0 	0.0 	0.0 	0.0 	-0.0 	16.0 	0.0 	0.0 	0.0 	10.7368088576	3.86923714886	115.966088868	-41.5383865991	
9.41666666667	0.0	0.0	0.0 	0.0 	210.666666667 	16.0 	0.0 	0.0 	0.0 	-0.0 	16.0 	0.0 	0.0 	0.0 	10.7551464184	3.86923714886	115.846865825	-41.6722421307	
9.43333333333	0.0	0.0	0.0 	0.0 	210.933333333 	16.0 	0.0 	0.0 	0.0 	-0.0 	16.0 	0.0 	0.0 	0.0 	10.7734131425	3.86923714886	115.727440291	-41.8063250049	
9.45	0.0	0.0	0.0 	0.0 	211.2 	16.0 	0.0 	0.0 	0.0 	-0.0 	16.0 	0.0 	0.0 	0.0 	10.7916093036	3.86923714886	115.607813049	-41.9406343433	
9.46666666667	0.0	0.0	0.0 	0.0 	211.466666667 	16.0 	0.0 	0.0 	0.0 	-0.0 	16.0 	0.0 	0.0 	0.0 	10.8097351742	3.86923714886	115.487984878	-42.0751692712	
9.48333333333	0.0	0.0	0.0 	0.0 	211.733333333 	16.0 	0.0 	0.0 	0.0 	-0.0 	16.0 	0.0 	0.0 	0.0 	10.8277910258	3.86923714886	115.367956555	-42.2099289172	
9.5	0.0	0.0	0.0 	0.0 	212.0 	16.0 	0.0 	0.0 	0.0 	-0.0 	16.0 	0.0 	0.0 	0.0 	10.845777129	3.86923714886	115.247728851	-42.3449124132	
9.51666666667	0.0	0.0	0.0 	0.0 	212.266666667 	16.0 	0.0 	0.0 	0.0 	-0.0 	16.0 	0.0 	0.0 	0.0 	10.8636937532	3.86923714886	115.127302538	-42.4801188944	
9.53333333333	0.0	0.0	0.0 	0.0 	212.533333333 	16.0 	0.0 	0.0 	0.0 	-0.0 	16.0 	0.0 	0.0 	0.0 	10.8815411667	3.86923714886	115.006678383	-42.6155474995	
9.55	0.0	0.0	0.0 	0.0 	212.8 	16.0 	0.0 	0.0 	0.0 	-0.0 	16.0 	0.0 	0.0 	0.0 	10.899319637	3.86923714886	114.885857149	-42.7511973705	
9.56666666667	0.0	0.0	0.0 	0.0 	213.066666667 	16.0 	0.0 	0.0 	0.0 	-0.0 	16.0 	0.0 	0.0 	0.0 	10.9170294303	3.86923714886	114.764839599	-42.8870676526	
9.58333333333	0.0	0.0	0.0 	0.0 	213.333333333 	16.0 	0.0 	0.0 	0.0 	-0.0 	16.0 	0.0 	0.0 	0.0 	10.9346708119	3.86923714886	114.643626491	-43.0231574944	
9.6	0.0	0.0	0.0 	0.0 	213.6 	16.0 	0.0 	0.0 	0.0 	-0.0 	16.0 	0.0 	0.0 	0.0 	10.9522440462	3.86923714886	114.522218579	-43.1594660477	
9.61666666667	0.0	0.0	0.0 	0.0 	213.866666667 	16.0 	0.0 	0.0 	0.0 	-0.0 	16.0 	0.0 	0.0 	0.0 	10.9697493963	3.86923714886	114.400616617	-43.2959924677	
9.63333333333	0.0	0.0	0.0 	0.0 	214.133333333 	16.0 	0.0 	0.0 	0.0 	-0.0 	16.0 	0.0 	0.0 	0.0 	10.9871871245	3.86923714886	114.278821355	-43.4327359128	
9.65	0.0	0.0	0.0 	0.0 	214.4 	16.0 	0.0 	0.0 	0.0 	-0.0 	16.0 	0.0 	0.0 	0.0 	11.004557492	3.86923714886	114.156833538	-43.5696955445	
9.66666666667	0.0	0.0	0.0 	0.0 	214.666666667 	16.0 	0.0 	0.0 	0.0 	-0.0 	16.0 	0.0 	0.0 	0.0 	11.021860759	3.86923714886	114.03465391	-43.7068705279	
9.68333333333	0.0	0.0	0.0 	0.0 	214.933333333 	16.0 	0.0 	0.0 	0.0 	-0.0 	16.0 	0.0 	0.0 	0.0 	11.0390971847	3.86923714886	113.912283214	-43.844260031	
9.7	0.0	0.0	0.0 	0.0 	215.2 	16.0 	0.0 	0.0 	0.0 	-0.0 	16.0 	0.0 	0.0 	0.0 	11.0562670274	3.86923714886	113.789722186	-43.9818632251	
9.71666666667	0.0	0.0	0.0 	0.0 	215.466666667 	16.0 	0.0 	0.0 	0.0 	-0.0 	16.0 	0.0 	0.0 	0.0 	11.0733705441	3.86923714886	113.666971562	-44.1196792848	
9.73333333333	0.0	0.0	0.0 	0.0 	215.733333333 	16.0 	0.0 	0.0 	0.0 	-0.0 	16.0 	0.0 	0.0 	0.0 	11.0904079913	3.86923714886	113.544032074	-44.2577073878	
9.75	0.0	0.0	0.0 	0.0 	216.0 	16.0 	0.0 	0.0 	0.0 	-0.0 	16.0 	0.0 	0.0 	0.0 	11.1073796239	3.86923714886	113.420904452	-44.3959467149	
9.76666666667	0.0	0.0	0.0 	0.0 	216.266666667 	16.0 	0.0 	0.0 	0.0 	-0.0 	16.0 	0.0 	0.0 	0.0 	11.1242856964	3.86923714886	113.297589423	-44.5343964503	
9.78333333333	0.0	0.0	0.0 	0.0 	216.533333333 	16.0 	0.0 	0.0 	0.0 	-0.0 	16.0 	0.0 	0.0 	0.0 	11.141126462	3.86923714886	113.174087711	-44.6730557811	
9.8	0.0	0.0	0.0 	0.0 	216.8 	16.0 	0.0 	0.0 	0.0 	-0.0 	16.0 	0.0 	0.0 	0.0 	11.1579021728	3.86923714886	113.050400036	-44.8119238977	
9.81666666667	0.0	0.0	0.0 	0.0 	217.066666667 	16.0 	0.0 	0.0 	0.0 	-0.0 	16.0 	0.0 	0.0 	0.0 	11.1746130803	3.86923714886	112.926527117	-44.9509999936	
9.83333333333	0.0	0.0	0.0 	0.0 	217.333333333 	16.0 	0.0 	0.0 	0.0 	-0.0 	16.0 	0.0 	0.0 	0.0 	11.1912594348	3.86923714886	112.80246967	-45.0902832653	
9.85	0.0	0.0	0.0 	0.0 	217.6 	16.0 	0.0 	0.0 	0.0 	-0.0 	16.0 	0.0 	0.0 	0.0 	11.2078414855	3.86923714886	112.678228408	-45.2297729125	
9.86666666667	0.0	0.0	0.0 	0.0 	217.866666667 	16.0 	0.0 	0.0 	0.0 	-0.0 	16.0 	0.0 	0.0 	0.0 	11.2243594811	3.86923714886	112.55380404	-45.3694681381	
9.88333333333	0.0	0.0	0.0 	0.0 	218.133333333 	16.0 	0.0 	0.0 	0.0 	-0.0 	16.0 	0.0 	0.0 	0.0 	11.2408136687	3.86923714886	112.429197274	-45.5093681479	
9.9	0.0	0.0	0.0 	0.0 	218.4 	16.0 	0.0 	0.0 	0.0 	-0.0 	16.0 	0.0 	0.0 	0.0 	11.2572042951	3.86923714886	112.304408814	-45.6494721508	
9.91666666667	0.0	0.0	0.0 	0.0 	218.666666667 	16.0 	0.0 	0.0 	0.0 	-0.0 	16.0 	0.0 	0.0 	0.0 	11.2735316056	3.86923714886	112.179439363	-45.7897793589	
9.93333333333	0.0	0.0	0.0 	0.0 	218.933333333 	16.0 	0.0 	0.0 	0.0 	-0.0 	16.0 	0.0 	0.0 	0.0 	11.2897958448	3.86923714886	112.05428962	-45.9302889871	
9.95	0.0	0.0	0.0 	0.0 	219.2 	16.0 	0.0 	0.0 	0.0 	-0.0 	16.0 	0.0 	0.0 	0.0 	11.3059972565	3.86923714886	111.92896028	-46.0710002535	
9.96666666667	0.0	0.0	0.0 	0.0 	219.466666667 	16.0 	0.0 	0.0 	0.0 	-0.0 	16.0 	0.0 	0.0 	0.0 	11.3221360833	3.86923714886	111.803452038	-46.2119123792	
9.98333333333	0.0	0.0	0.0 	0.0 	219.733333333 	16.0 	0.0 	0.0 	0.0 	-0.0 	16.0 	0.0 	0.0 	0.0 	11.338212567	3.86923714886	111.677765585	-46.3530245883	
