1010010000000111110100111 2.18639700635 0.249510916339 0.605009949817 1.15637227833 1.76947425177 2.80526065404 3.01448084127 3.77537613621 3.78682240536 0.0 0.0 0.0 0.0 0.0 0.0 0.0 0.0
1010010000000111110100111 2.51935935159 0.906414041362 1.62526326213 2.32142690196 2.45671374746 2.64558518915 2.65371156779 2.96055079534 9.59252498993 0.0 0.0 0.0 0.0 0.0 0.0 0.0 0.0
1010010000000111110100111 2.5656286691 0.641277158864 2.30724148472 2.35788542513 2.42124319452 2.55392835788 2.92945769886 3.01181638426 3.76546053388 0.0 0.0 0.0 0.0 0.0 0.0 0.0 0.0
1010010000000111110100111 2.76178317771 0.944285407322 1.78866927088 1.93505622944 2.90498728059 3.08868250958 3.11840669125 3.68649472662 4.82359595598 0.0 0.0 0.0 0.0 0.0 0.0 0.0 0.0
1010010000000111110100111 2.82565892488 2.12297933982 2.19614031383 2.37875600511 2.73997248626 2.84447866121 3.33942854692 3.56086243492 3.74516976611 0.0 0.0 0.0 0.0 0.0 0.0 0.0 0.0
1010010000000111110100111 2.87642539514 1.62485434846 1.71261679392 2.33946903786 2.98479575674 3.03430524196 3.14713154399 3.40749990154 3.50649879426 0.0 0.0 0.0 0.0 0.0 0.0 0.0 0.0
1010010000000111110100111 2.89950624511 2.25789337949 2.29553737668 2.41658947678 2.99147393195 3.00222938846 3.18773218324 3.56862893969 3.66438400227 0.0 0.0 0.0 0.0 0.0 0.0 0.0 0.0
1010010000000111110100111 3.07771669001 1.96986271798 2.59721803955 2.80450204844 2.90109736446 3.21952920632 3.38573814082 3.86490811769 4.00925792803 0.0 0.0 0.0 0.0 0.0 0.0 0.0 0.0
1010010000000111110100111 2.93934278798 2.53972815099 2.76792135796 2.83230037982 2.90727936774 3.00753399633 3.01025740802 3.49050817588 3.70512825072 0.0 0.0 0.0 0.0 0.0 0.0 0.0 0.0
1010010000000111110100111 2.91588291959 2.58361328794 2.65125979086 2.75031075155 2.86450552335 2.9844936223 3.06422178116 3.07564647409 3.27152033691 0.0 0.0 0.0 0.0 0.0 0.0 0.0 0.0
1010010000000111110100111 3.15750535642 2.16475289832 2.73238818736 3.02639011246 3.11973575996 3.21111775388 3.2727777994 3.36468402477 3.44431706664 0.0 0.0 0.0 0.0 0.0 0.0 0.0 0.0
1010010000000111110100111 3.01012664192 1.82654469902 2.75756659204 2.90598244203 2.94400100967 3.05917976889 3.13134334709 3.40310174549 3.438919552 0.0 0.0 0.0 0.0 0.0 0.0 0.0 0.0
1010010000000111110100111 3.12241203946 1.61533071294 2.60821994815 2.71250945164 2.87491153716 3.27807077027 3.62415639876 3.69814507147 4.09064808857 0.0 0.0 0.0 0.0 0.0 0.0 0.0 0.0
1010010000000111110100111 3.00666151702 2.05453921204 2.36250683289 2.59617407233 2.87573759426 3.23433860299 3.32039579852 3.45692702491 3.4890046328 0.0 0.0 0.0 0.0 0.0 0.0 0.0 0.0
1010010000000111110100111 2.97989265166 2.4184609322 2.53022985023 2.76518832736 2.82351911342 3.01857439463 3.31228877122 3.47167061685 3.49565785721 0.0 0.0 0.0 0.0 0.0 0.0 0.0 0.0
