0.0166666666667	0.0	0.0	0.0 	0.0 	60.4166666667 	25.0 	0.0 	0.0 	0.0 	0.0 	25.0 	0.0 	0.0 	0.0 	0.0	-0.0506451612903	140.0	-12.3870967742	
0.0333333333333	0.0	0.0	0.0 	0.0 	60.8333333333 	25.0 	0.0 	0.0 	0.0 	-0.0 	25.0 	0.0 	0.0 	0.0 	0.0	-0.0506451612903	140.0	-12.3870967742	
0.05	0.0	0.0	0.0 	0.0 	61.25 	25.0 	0.0 	0.0 	0.0 	-0.0 	25.0 	0.0 	0.0 	0.0 	0.0	-0.0506451612903	140.0	-12.3870967742	
0.0666666666667	0.0	0.0	0.0 	0.0 	61.6666666667 	25.0 	0.0 	0.0 	0.0 	-0.0 	25.0 	0.0 	0.0 	0.0 	0.0	-0.0506451612903	140.0	-12.3870967742	
0.0833333333333	0.0	0.0	0.0 	0.0 	62.0833333333 	25.0 	0.0 	0.0 	0.0 	-0.0 	25.0 	0.0 	0.0 	0.0 	0.0	-0.0506451612903	140.0	-12.3870967742	
0.1	0.0	0.0	0.0 	0.0 	62.5 	25.0 	0.0 	0.0 	0.0 	-0.0 	25.0 	0.0 	0.0 	0.0 	0.0	-0.0506451612903	140.0	-12.3870967742	
0.116666666667	0.0	0.0	0.0 	0.0 	62.9166666667 	25.0 	0.0 	0.0 	0.0 	-0.0 	25.0 	0.0 	0.0 	0.0 	0.0	-0.0506451612903	140.0	-12.3870967742	
0.133333333333	0.0	0.0	0.0 	0.0 	63.3333333333 	25.0 	0.0 	0.0 	0.0 	-0.0 	25.0 	0.0 	0.0 	0.0 	0.0	-0.0506451612903	140.0	-12.3870967742	
0.15	0.0	0.0	0.0 	0.0 	63.75 	25.0 	0.0 	0.0 	0.0 	-0.0 	25.0 	0.0 	0.0 	0.0 	0.0	-0.0506451612903	140.0	-12.3870967742	
0.166666666667	0.0	0.0	0.0 	0.0 	64.1666666667 	25.0 	0.0 	0.0 	0.0 	-0.0 	25.0 	0.0 	0.0 	0.0 	0.0	-0.0506451612903	140.0	-12.3870967742	
0.183333333333	0.0	0.0	0.0 	0.0 	64.5833333333 	25.0 	0.0 	0.0 	0.0 	-0.0 	25.0 	0.0 	0.0 	0.0 	0.0	-0.0506451612903	140.0	-12.3870967742	
0.2	0.0	0.0	0.0 	0.0 	65.0 	25.0 	0.0 	0.0 	0.0 	-0.0 	25.0 	0.0 	0.0 	0.0 	0.0	-0.0506451612903	140.0	-12.3870967742	
0.216666666667	0.0	0.0	0.0 	0.0 	65.4166666667 	25.0 	0.0 	0.0 	0.0 	-0.0 	25.0 	0.0 	0.0 	0.0 	0.0	-0.0506451612903	140.0	-12.3870967742	
0.233333333333	0.0	0.0	0.0 	0.0 	65.8333333333 	25.0 	0.0 	0.0 	0.0 	-0.0 	25.0 	0.0 	0.0 	0.0 	0.0	-0.0506451612903	140.0	-12.3870967742	
0.25	0.0	0.0	0.0 	0.0 	66.25 	25.0 	0.0 	0.0 	0.0 	-0.0 	25.0 	0.0 	0.0 	0.0 	0.0	-0.0506451612903	140.0	-12.3870967742	
0.266666666667	0.0	0.0	0.0 	0.0 	66.6666666667 	25.0 	0.0 	0.0 	0.0 	-0.0 	25.0 	0.0 	0.0 	0.0 	0.0	-0.0506451612903	140.0	-12.3870967742	
0.283333333333	0.0	0.0	0.0 	0.0 	67.0833333333 	25.0 	0.0 	0.0 	0.0 	-0.0 	25.0 	0.0 	0.0 	0.0 	0.0	-0.0506451612903	140.0	-12.3870967742	
0.3	0.0	0.0	0.0 	0.0 	67.5 	25.0 	0.0 	0.0 	0.0 	-0.0 	25.0 	0.0 	0.0 	0.0 	0.0	-0.0506451612903	140.0	-12.3870967742	
0.316666666667	0.0	0.0	0.0 	0.0 	67.9166666667 	25.0 	0.0 	0.0 	0.0 	-0.0 	25.0 	0.0 	0.0 	0.0 	0.0	-0.0506451612903	140.0	-12.3870967742	
0.333333333333	0.0	0.0	0.0 	0.0 	68.3333333333 	25.0 	0.0 	0.0 	0.0 	-0.0 	25.0 	0.0 	0.0 	0.0 	0.0	-0.0506451612903	140.0	-12.3870967742	
0.35	0.0	0.0	0.0 	0.0 	68.75 	25.0 	0.0 	0.0 	0.0 	-0.0 	25.0 	0.0 	0.0 	0.0 	0.0	-0.0506451612903	140.0	-12.3870967742	
0.366666666667	0.0	0.0	0.0 	0.0 	69.1666666667 	25.0 	0.0 	0.0 	0.0 	-0.0 	25.0 	0.0 	0.0 	0.0 	0.0	-0.0506451612903	140.0	-12.3870967742	
0.383333333333	0.0	0.0	0.0 	0.0 	69.5833333333 	25.0 	0.0 	0.0 	0.0 	-0.0 	25.0 	0.0 	0.0 	0.0 	0.0	-0.0506451612903	140.0	-12.3870967742	
0.4	0.0	0.0	0.0 	0.0 	70.0 	25.0 	0.0 	0.0 	0.0 	-0.0 	25.0 	0.0 	0.0 	0.0 	0.0	-0.0506451612903	140.0	-12.3870967742	
0.416666666667	0.0	0.0	0.0 	0.0 	70.4166666667 	25.0 	0.0 	0.0 	0.0 	-0.0 	25.0 	0.0 	0.0 	0.0 	0.0	-0.0506451612903	140.0	-12.3870967742	
0.433333333333	0.0	0.0	0.0 	0.0 	70.8333333333 	25.0 	0.0 	0.0 	0.0 	-0.0 	25.0 	0.0 	0.0 	0.0 	0.0	-0.0506451612903	140.0	-12.3870967742	
0.45	0.0	0.0	0.0 	0.0 	71.25 	25.0 	0.0 	0.0 	0.0 	-0.0 	25.0 	0.0 	0.0 	0.0 	0.0	-0.0506451612903	140.0	-12.3870967742	
0.466666666667	0.0	0.0	0.0 	0.0 	71.6666666667 	25.0 	0.0 	0.0 	0.0 	-0.0 	25.0 	0.0 	0.0 	0.0 	0.0	-0.0506451612903	140.0	-12.3870967742	
0.483333333333	0.0	0.0	0.0 	0.0 	72.0833333333 	25.0 	0.0 	0.0 	0.0 	-0.0 	25.0 	0.0 	0.0 	0.0 	0.0	-0.0506451612903	140.0	-12.3870967742	
0.5	0.0	0.0	0.0 	0.0 	72.5 	25.0 	0.0 	0.0 	0.0 	-0.0 	25.0 	0.0 	0.0 	0.0 	0.0	-0.0506451612903	140.0	-12.3870967742	
0.516666666667	0.0	0.0	0.0 	0.0 	72.9166666667 	25.0 	0.0 	0.0 	0.0 	-0.0 	25.0 	0.0 	0.0 	0.0 	0.0	-0.0506451612903	140.0	-12.3870967742	
0.533333333333	0.0	0.0	0.0 	0.0 	73.3333333333 	25.0 	0.0 	0.0 	0.0 	-0.0 	25.0 	0.0 	0.0 	0.0 	0.0	-0.0506451612903	140.0	-12.3870967742	
0.55	0.0	0.0	0.0 	0.0 	73.75 	25.0 	0.0 	0.0 	0.0 	-0.0 	25.0 	0.0 	0.0 	0.0 	0.0	-0.0506451612903	140.0	-12.3870967742	
0.566666666667	0.0	0.0	0.0 	0.0 	74.1666666667 	25.0 	0.0 	0.0 	0.0 	-0.0 	25.0 	0.0 	0.0 	0.0 	0.0	-0.0506451612903	140.0	-12.3870967742	
0.583333333333	0.0	0.0	0.0 	0.0 	74.5833333333 	25.0 	0.0 	0.0 	0.0 	-0.0 	25.0 	0.0 	0.0 	0.0 	0.0	-0.0506451612903	140.0	-12.3870967742	
0.6	0.0	0.0	0.0 	0.0 	75.0 	25.0 	0.0 	0.0 	0.0 	-0.0 	25.0 	0.0 	0.0 	0.0 	0.0	-0.0506451612903	140.0	-12.3870967742	
0.616666666667	0.0	0.0	0.0 	0.0 	75.4166666667 	25.0 	0.0 	0.0 	0.0 	-0.0 	25.0 	0.0 	0.0 	0.0 	0.0	-0.0506451612903	140.0	-12.3870967742	
0.633333333333	0.0	0.0	0.0 	0.0 	75.8333333333 	25.0 	0.0 	0.0 	0.0 	-0.0 	25.0 	0.0 	0.0 	0.0 	0.0	-0.0506451612903	140.0	-12.3870967742	
0.65	0.0	0.0	0.0 	0.0 	76.25 	25.0 	0.0 	0.0 	0.0 	-0.0 	25.0 	0.0 	0.0 	0.0 	0.0	-0.0506451612903	140.0	-12.3870967742	
0.666666666667	0.0	0.0	0.0 	0.0 	76.6666666667 	25.0 	0.0 	0.0 	0.0 	-0.0 	25.0 	0.0 	0.0 	0.0 	0.0	-0.0506451612903	140.0	-12.3870967742	
0.683333333333	0.0	0.0	0.0 	0.0 	77.0833333333 	25.0 	0.0 	0.0 	0.0 	-0.0 	25.0 	0.0 	0.0 	0.0 	0.0	-0.0506451612903	140.0	-12.3870967742	
0.7	0.0	0.0	0.0 	0.0 	77.5 	25.0 	0.0 	0.0 	0.0 	-0.0 	25.0 	0.0 	0.0 	0.0 	0.0	-0.0506451612903	140.0	-12.3870967742	
0.716666666667	0.0	0.0	0.0 	0.0 	77.9166666667 	25.0 	0.0 	0.0 	0.0 	-0.0 	25.0 	0.0 	0.0 	0.0 	0.0	-0.0506451612903	140.0	-12.3870967742	
0.733333333333	0.0	0.0	0.0 	0.0 	78.3333333333 	25.0 	0.0 	0.0 	0.0 	-0.0 	25.0 	0.0 	0.0 	0.0 	0.0	-0.0506451612903	140.0	-12.3870967742	
0.75	0.0	0.0	0.0 	0.0 	78.75 	25.0 	0.0 	0.0 	0.0 	-0.0 	25.0 	0.0 	0.0 	0.0 	0.0	-0.0506451612903	140.0	-12.3870967742	
0.766666666667	0.0	0.0	0.0 	0.0 	79.1666666667 	25.0 	0.0 	0.0 	0.0 	-0.0 	25.0 	0.0 	0.0 	0.0 	0.0	-0.0506451612903	140.0	-12.3870967742	
0.783333333333	0.0	0.0	0.0 	0.0 	79.5833333333 	25.0 	0.0 	0.0 	0.0 	-0.0 	25.0 	0.0 	0.0 	0.0 	0.0	-0.0506451612903	140.0	-12.3870967742	
0.8	0.0	0.0	0.0 	0.0 	80.0 	25.0 	0.0 	0.0 	0.0 	-0.0 	25.0 	0.0 	0.0 	0.0 	0.0629213483146	-0.0506451612903	139.999946912	-12.3860494297	
0.816666666667	0.0	0.0	0.0 	0.0 	80.4166666667 	25.0 	0.0 	0.0 	0.0 	-0.0 	25.0 	0.0 	0.0 	0.0 	0.125112149139	-0.0506451612903	139.999841351	-12.3839669008	
0.833333333333	0.0	0.0	0.0 	0.0 	80.8333333333 	25.0 	0.0 	0.0 	0.0 	-0.0 	25.0 	0.0 	0.0 	0.0 	0.186580884486	-0.0506451612903	139.999683928	-12.3808612066	
0.85	0.0	0.0	0.0 	0.0 	81.25 	25.0 	0.0 	0.0 	0.0 	-0.0 	25.0 	0.0 	0.0 	0.0 	0.247335937888	-0.0506451612903	139.999475245	-12.3767442265	
0.866666666667	0.0	0.0	0.0 	0.0 	81.6666666667 	25.0 	0.0 	0.0 	0.0 	-0.0 	25.0 	0.0 	0.0 	0.0 	0.307385595538	-0.0506451612903	139.999215896	-12.3716277021	
0.883333333333	0.0	0.0	0.0 	0.0 	82.0833333333 	25.0 	0.0 	0.0 	0.0 	-0.0 	25.0 	0.0 	0.0 	0.0 	0.366738047425	-0.0506451612903	139.99890647	-12.3655232384	
0.9	0.0	0.0	0.0 	0.0 	82.5 	25.0 	0.0 	0.0 	0.0 	-0.0 	25.0 	0.0 	0.0 	0.0 	0.425401388447	-0.0506451612903	139.998547548	-12.358442306	
0.916666666667	0.0	0.0	0.0 	0.0 	82.9166666667 	25.0 	0.0 	0.0 	0.0 	-0.0 	25.0 	0.0 	0.0 	0.0 	0.483383619517	-0.0506451612903	139.998139705	-12.3503962422	
0.933333333333	0.0	0.0	0.0 	0.0 	83.3333333333 	25.0 	0.0 	0.0 	0.0 	-0.0 	25.0 	0.0 	0.0 	0.0 	0.540692648654	-0.0506451612903	139.997683509	-12.3413962526	
0.95	0.0	0.0	0.0 	0.0 	83.75 	25.0 	0.0 	0.0 	0.0 	-0.0 	25.0 	0.0 	0.0 	0.0 	0.597336292059	-0.0506451612903	139.997179521	-12.3314534127	
0.966666666667	0.0	0.0	0.0 	0.0 	84.1666666667 	25.0 	0.0 	0.0 	0.0 	-0.0 	25.0 	0.0 	0.0 	0.0 	0.653322275185	-0.0506451612903	139.996628297	-12.3205786696	
0.983333333333	0.0	0.0	0.0 	0.0 	84.5833333333 	25.0 	0.0 	0.0 	0.0 	-0.0 	25.0 	0.0 	0.0 	0.0 	0.708658233788	-0.0506451612903	139.996030384	-12.3087828429	
1.0	0.0	0.0	0.0 	0.0 	85.0 	25.0 	0.0 	0.0 	0.0 	-0.0 	25.0 	0.0 	0.0 	0.0 	0.763351714969	-0.0506451612903	139.995386325	-12.2960766271	
1.01666666667	0.0	0.0	0.0 	0.0 	85.4166666667 	25.0 	0.0 	0.0 	0.0 	-0.0 	25.0 	0.0 	0.0 	0.0 	0.817410178203	-0.0506451612903	139.994696655	-12.2824705921	
1.03333333333	0.0	0.0	0.0 	0.0 	85.8333333333 	25.0 	0.0 	0.0 	0.0 	-0.0 	25.0 	0.0 	0.0 	0.0 	0.870840996359	-0.0506451612903	139.993961905	-12.2679751852	
1.05	0.0	0.0	0.0 	0.0 	86.25 	25.0 	0.0 	0.0 	0.0 	-0.0 	25.0 	0.0 	0.0 	0.0 	0.923651456701	-0.0506451612903	139.993182597	-12.2526007326	
1.06666666667	0.0	0.0	0.0 	0.0 	86.6666666667 	25.0 	0.0 	0.0 	0.0 	-0.0 	25.0 	0.0 	0.0 	0.0 	0.975848761885	-0.0506451612903	139.992359248	-12.2363574403	
1.08333333333	0.0	0.0	0.0 	0.0 	87.0833333333 	25.0 	0.0 	0.0 	0.0 	-0.0 	25.0 	0.0 	0.0 	0.0 	1.02744003094	-0.0506451612903	139.991492371	-12.219255396	
1.1	0.0	0.0	0.0 	0.0 	87.5 	25.0 	0.0 	0.0 	0.0 	-0.0 	25.0 	0.0 	0.0 	0.0 	1.07843230025	-0.0506451612903	139.990582471	-12.2013045703	
1.11666666667	0.0	0.0	0.0 	0.0 	87.9166666667 	25.0 	0.0 	0.0 	0.0 	-0.0 	25.0 	0.0 	0.0 	0.0 	1.12883252447	-0.0506451612903	139.989630046	-12.1825148179	
1.13333333333	0.0	0.0	0.0 	0.0 	88.3333333333 	25.0 	0.0 	0.0 	0.0 	-0.0 	25.0 	0.0 	0.0 	0.0 	1.17864757756	-0.0506451612903	139.988635592	-12.1628958792	
1.15	0.0	0.0	0.0 	0.0 	88.75 	25.0 	0.0 	0.0 	0.0 	-0.0 	25.0 	0.0 	0.0 	0.0 	1.22788425363	-0.0506451612903	139.987599595	-12.1424573813	
1.16666666667	0.0	0.0	0.0 	0.0 	89.1666666667 	25.0 	0.0 	0.0 	0.0 	-0.0 	25.0 	0.0 	0.0 	0.0 	1.27654926791	-0.0506451612903	139.986522538	-12.1212088399	
1.18333333333	0.0	0.0	0.0 	0.0 	89.5833333333 	25.0 	0.0 	0.0 	0.0 	-0.0 	25.0 	0.0 	0.0 	0.0 	1.32464925768	-0.0506451612903	139.985404898	-12.0991596598	
1.2	0.0	0.0	0.0 	0.0 	90.0 	25.0 	0.0 	0.0 	0.0 	-0.0 	25.0 	0.0 	0.0 	0.0 	1.37219078316	-0.0506451612903	139.984247146	-12.076319137	
1.21666666667	0.0	0.0	0.0 	0.0 	90.4166666667 	25.0 	0.0 	0.0 	0.0 	-0.0 	25.0 	0.0 	0.0 	0.0 	1.41918032837	-0.0506451612903	139.983049748	-12.0526964592	
1.23333333333	0.0	0.0	0.0 	0.0 	90.8333333333 	25.0 	0.0 	0.0 	0.0 	-0.0 	25.0 	0.0 	0.0 	0.0 	1.46562430209	-0.0506451612903	139.981813163	-12.0283007077	
1.25	0.0	0.0	0.0 	0.0 	91.25 	25.0 	0.0 	0.0 	0.0 	-0.0 	25.0 	0.0 	0.0 	0.0 	1.51152903865	-0.0506451612903	139.980537848	-12.0031408582	
1.26666666667	0.0	0.0	0.0 	0.0 	91.6666666667 	25.0 	0.0 	0.0 	0.0 	-0.0 	25.0 	0.0 	0.0 	0.0 	1.55690079888	-0.0506451612903	139.979224252	-11.9772257824	
1.28333333333	0.0	0.0	0.0 	0.0 	92.0833333333 	25.0 	0.0 	0.0 	0.0 	-0.0 	25.0 	0.0 	0.0 	0.0 	1.60174577088	-0.0506451612903	139.977872818	-11.9505642486	
1.3	0.0	0.0	0.0 	0.0 	92.5 	25.0 	0.0 	0.0 	0.0 	-0.0 	25.0 	0.0 	0.0 	0.0 	1.64607007092	-0.0506451612903	139.976483988	-11.9231649237	
1.31666666667	0.0	0.0	0.0 	0.0 	92.9166666667 	25.0 	0.0 	0.0 	0.0 	-0.0 	25.0 	0.0 	0.0 	0.0 	1.68987974425	-0.0506451612903	139.975058193	-11.8950363738	
1.33333333333	0.0	0.0	0.0 	0.0 	93.3333333333 	25.0 	0.0 	0.0 	0.0 	-0.0 	25.0 	0.0 	0.0 	0.0 	1.73318076595	-0.0506451612903	139.973595865	-11.8661870656	
1.35	0.0	0.0	0.0 	0.0 	93.75 	25.0 	0.0 	0.0 	0.0 	-0.0 	25.0 	0.0 	0.0 	0.0 	1.7759790417	-0.0506451612903	139.972097427	-11.8366253673	
1.36666666667	0.0	0.0	0.0 	0.0 	94.1666666667 	25.0 	0.0 	0.0 	0.0 	-0.0 	25.0 	0.0 	0.0 	0.0 	1.81828040863	-0.0506451612903	139.970563298	-11.8063595503	
1.38333333333	0.0	0.0	0.0 	0.0 	94.5833333333 	25.0 	0.0 	0.0 	0.0 	-0.0 	25.0 	0.0 	0.0 	0.0 	1.86009063609	-0.0506451612903	139.968993892	-11.7753977895	
1.4	0.0	0.0	0.0 	0.0 	95.0 	25.0 	0.0 	0.0 	0.0 	-0.0 	25.0 	0.0 	0.0 	0.0 	1.90141542646	-0.0506451612903	139.96738962	-11.7437481654	
1.41666666667	0.0	0.0	0.0 	0.0 	95.4166666667 	25.0 	0.0 	0.0 	0.0 	-0.0 	25.0 	0.0 	0.0 	0.0 	1.94226041589	-0.0506451612903	139.965750886	-11.7114186644	
1.43333333333	0.0	0.0	0.0 	0.0 	95.8333333333 	25.0 	0.0 	0.0 	0.0 	-0.0 	25.0 	0.0 	0.0 	0.0 	1.98263117511	-0.0506451612903	139.96407809	-11.67841718	
1.45	0.0	0.0	0.0 	0.0 	96.25 	25.0 	0.0 	0.0 	0.0 	-0.0 	25.0 	0.0 	0.0 	0.0 	2.02253321015	-0.0506451612903	139.962371628	-11.6447515144	
1.46666666667	0.0	0.0	0.0 	0.0 	96.6666666667 	25.0 	0.0 	0.0 	0.0 	-0.0 	25.0 	0.0 	0.0 	0.0 	2.06197196314	-0.0506451612903	139.96063189	-11.6104293791	
1.48333333333	0.0	0.0	0.0 	0.0 	97.0833333333 	25.0 	0.0 	0.0 	0.0 	-0.0 	25.0 	0.0 	0.0 	0.0 	2.10095281301	-0.0506451612903	139.958859263	-11.575458396	
1.5	0.0	0.0	0.0 	0.0 	97.5 	25.0 	0.0 	0.0 	0.0 	-0.0 	25.0 	0.0 	0.0 	0.0 	2.13948107623	-0.0506451612903	139.957054129	-11.5398460985	
1.51666666667	0.0	0.0	0.0 	0.0 	97.9166666667 	25.0 	0.0 	0.0 	0.0 	-0.0 	25.0 	0.0 	0.0 	0.0 	2.17756200756	-0.0506451612903	139.955216865	-11.5035999326	
1.53333333333	0.0	0.0	0.0 	0.0 	98.3333333333 	25.0 	0.0 	0.0 	0.0 	-0.0 	25.0 	0.0 	0.0 	0.0 	2.21520080073	-0.0506451612903	139.953347844	-11.4667272578	
1.55	0.0	0.0	0.0 	0.0 	98.75 	25.0 	0.0 	0.0 	0.0 	-0.0 	25.0 	0.0 	0.0 	0.0 	2.25240258918	-0.0506451612903	139.951447435	-11.4292353482	
1.56666666667	0.0	0.0	0.0 	0.0 	99.1666666667 	25.0 	0.0 	0.0 	0.0 	-0.0 	25.0 	0.0 	0.0 	0.0 	2.28917244676	-0.0506451612903	139.949516003	-11.3911313934	
1.58333333333	0.0	0.0	0.0 	0.0 	99.5833333333 	25.0 	0.0 	0.0 	0.0 	-0.0 	25.0 	0.0 	0.0 	0.0 	2.32551538839	-0.0506451612903	139.947553907	-11.3524224995	
1.6	0.0	0.0	0.0 	0.0 	100.0 	25.0 	0.0 	0.0 	0.0 	-0.0 	25.0 	0.0 	0.0 	0.0 	2.36143637077	-0.0506451612903	139.945561503	-11.3131156902	
1.61666666667	0.0	0.0	0.0 	0.0 	100.416666667 	25.0 	0.0 	0.0 	0.0 	-0.0 	25.0 	0.0 	0.0 	0.0 	2.39694029306	-0.0506451612903	139.943539144	-11.2732179077	
1.63333333333	0.0	0.0	0.0 	0.0 	100.833333333 	25.0 	0.0 	0.0 	0.0 	-0.0 	25.0 	0.0 	0.0 	0.0 	2.43203199752	-0.0506451612903	139.941487177	-11.2327360132	
1.65	0.0	0.0	0.0 	0.0 	101.25 	25.0 	0.0 	0.0 	0.0 	-0.0 	25.0 	0.0 	0.0 	0.0 	2.46671627021	-0.0506451612903	139.939405947	-11.1916767888	
1.66666666667	0.0	0.0	0.0 	0.0 	101.666666667 	25.0 	0.0 	0.0 	0.0 	-0.0 	25.0 	0.0 	0.0 	0.0 	2.5009978416	-0.0506451612903	139.937295792	-11.1500469374	
1.68333333333	0.0	0.0	0.0 	0.0 	102.083333333 	25.0 	0.0 	0.0 	0.0 	-0.0 	25.0 	0.0 	0.0 	0.0 	2.53488138726	-0.0506451612903	139.935157048	-11.1078530844	
1.7	0.0	0.0	0.0 	0.0 	102.5 	25.0 	0.0 	0.0 	0.0 	-0.0 	25.0 	0.0 	0.0 	0.0 	2.56837152846	-0.0506451612903	139.932990048	-11.065101778	
1.71666666667	0.0	0.0	0.0 	0.0 	102.916666667 	25.0 	0.0 	0.0 	0.0 	-0.0 	25.0 	0.0 	0.0 	0.0 	2.60147283281	-0.0506451612903	139.93079512	-11.0217994906	
1.73333333333	0.0	0.0	0.0 	0.0 	103.333333333 	25.0 	0.0 	0.0 	0.0 	-0.0 	25.0 	0.0 	0.0 	0.0 	2.6341898149	-0.0506451612903	139.928572588	-10.9779526193	
1.75	0.0	0.0	0.0 	0.0 	103.75 	25.0 	0.0 	0.0 	0.0 	-0.0 	25.0 	0.0 	0.0 	0.0 	2.6665269369	-0.0506451612903	139.926322772	-10.933567487	
1.76666666667	0.0	0.0	0.0 	0.0 	104.166666667 	25.0 	0.0 	0.0 	0.0 	-0.0 	25.0 	0.0 	0.0 	0.0 	2.69848860917	-0.0506451612903	139.924045989	-10.8886503432	
1.78333333333	0.0	0.0	0.0 	0.0 	104.583333333 	25.0 	0.0 	0.0 	0.0 	-0.0 	25.0 	0.0 	0.0 	0.0 	2.73007919086	-0.0506451612903	139.921742552	-10.8432073648	
1.8	0.0	0.0	0.0 	0.0 	105.0 	25.0 	0.0 	0.0 	0.0 	-0.0 	25.0 	0.0 	0.0 	0.0 	2.76130299052	-0.0506451612903	139.919412771	-10.797244657	
1.81666666667	0.0	0.0	0.0 	0.0 	105.416666667 	25.0 	0.0 	0.0 	0.0 	-0.0 	25.0 	0.0 	0.0 	0.0 	2.79216426666	-0.0506451612903	139.917056952	-10.750768254	
1.83333333333	0.0	0.0	0.0 	0.0 	105.833333333 	25.0 	0.0 	0.0 	0.0 	-0.0 	25.0 	0.0 	0.0 	0.0 	2.82266722836	-0.0506451612903	139.914675396	-10.7037841203	
1.85	0.0	0.0	0.0 	0.0 	106.25 	25.0 	0.0 	0.0 	0.0 	-0.0 	25.0 	0.0 	0.0 	0.0 	2.85281603582	-0.0506451612903	139.912268403	-10.6562981506	
1.86666666667	0.0	0.0	0.0 	0.0 	106.666666667 	25.0 	0.0 	0.0 	0.0 	-0.0 	25.0 	0.0 	0.0 	0.0 	2.88261480094	-0.0506451612903	139.909836268	-10.6083161717	
1.88333333333	0.0	0.0	0.0 	0.0 	107.083333333 	25.0 	0.0 	0.0 	0.0 	-0.0 	25.0 	0.0 	0.0 	0.0 	2.9120675879	-0.0506451612903	139.907379283	-10.5598439424	
1.9	0.0	0.0	0.0 	0.0 	107.5 	25.0 	0.0 	0.0 	0.0 	-0.0 	25.0 	0.0 	0.0 	0.0 	2.94117841366	-0.0506451612903	139.904897737	-10.5108871548	
1.91666666667	0.0	0.0	0.0 	0.0 	107.916666667 	25.0 	0.0 	0.0 	0.0 	-0.0 	25.0 	0.0 	0.0 	0.0 	2.96995124856	-0.0506451612903	139.902391914	-10.4614514348	
1.93333333333	0.0	0.0	0.0 	0.0 	108.333333333 	25.0 	0.0 	0.0 	0.0 	-0.0 	25.0 	0.0 	0.0 	0.0 	2.99839001683	-0.0506451612903	139.899862097	-10.411542343	
1.95	0.0	0.0	0.0 	0.0 	108.75 	25.0 	0.0 	0.0 	0.0 	-0.0 	25.0 	0.0 	0.0 	0.0 	3.02649859716	-0.0506451612903	139.897308564	-10.3611653756	
1.96666666667	0.0	0.0	0.0 	0.0 	109.166666667 	25.0 	0.0 	0.0 	0.0 	-0.0 	25.0 	0.0 	0.0 	0.0 	3.05428082318	-0.0506451612903	139.89473159	-10.3103259648	
1.98333333333	0.0	0.0	0.0 	0.0 	109.583333333 	25.0 	0.0 	0.0 	0.0 	-0.0 	25.0 	0.0 	0.0 	0.0 	3.08174048404	-0.0506451612903	139.892131448	-10.2590294798	
2.0	0.0	0.0	0.0 	0.0 	110.0 	25.0 	0.0 	0.0 	0.0 	-0.0 	25.0 	0.0 	0.0 	0.0 	3.10888132486	-0.0506451612903	139.889508406	-10.2072812274	
2.01666666667	0.0	0.0	0.0 	0.0 	110.416666667 	25.0 	0.0 	0.0 	0.0 	-0.0 	25.0 	0.0 	0.0 	0.0 	3.13570704731	-0.0506451612903	139.886862731	-10.155086453	
2.03333333333	0.0	0.0	0.0 	0.0 	110.833333333 	25.0 	0.0 	0.0 	0.0 	-0.0 	25.0 	0.0 	0.0 	0.0 	3.16222131005	-0.0506451612903	139.884194685	-10.1024503407	
2.05	0.0	0.0	0.0 	0.0 	111.25 	25.0 	0.0 	0.0 	0.0 	-0.0 	25.0 	0.0 	0.0 	0.0 	3.1884277293	-0.0506451612903	139.881504528	-10.0493780148	
2.06666666667	0.0	0.0	0.0 	0.0 	111.666666667 	25.0 	0.0 	0.0 	0.0 	-0.0 	25.0 	0.0 	0.0 	0.0 	3.21432987926	-0.0506451612903	139.878792517	-9.99587453999	
2.08333333333	0.0	0.0	0.0 	0.0 	112.083333333 	25.0 	0.0 	0.0 	0.0 	-0.0 	25.0 	0.0 	0.0 	0.0 	3.23993129265	-0.0506451612903	139.876058905	-9.94194492201	
2.1	0.0	0.0	0.0 	0.0 	112.5 	25.0 	0.0 	0.0 	0.0 	-0.0 	25.0 	0.0 	0.0 	0.0 	3.26523546116	-0.0506451612903	139.873303944	-9.88759410864	
2.11666666667	0.0	0.0	0.0 	0.0 	112.916666667 	25.0 	0.0 	0.0 	0.0 	-0.0 	25.0 	0.0 	0.0 	0.0 	3.29024583595	-0.0506451612903	139.87052788	-9.83282699016	
2.13333333333	0.0	0.0	0.0 	0.0 	113.333333333 	25.0 	0.0 	0.0 	0.0 	-0.0 	25.0 	0.0 	0.0 	0.0 	3.31496582812	-0.0506451612903	139.86773096	-9.77764840008	
2.15	0.0	0.0	0.0 	0.0 	113.75 	25.0 	0.0 	0.0 	0.0 	-0.0 	25.0 	0.0 	0.0 	0.0 	3.33939880914	-0.0506451612903	139.864913425	-9.72206311577	
2.16666666667	0.0	0.0	0.0 	0.0 	114.166666667 	25.0 	0.0 	0.0 	0.0 	-0.0 	25.0 	0.0 	0.0 	0.0 	3.36354811136	-0.0506451612903	139.862075514	-9.66607585916	
2.18333333333	0.0	0.0	0.0 	0.0 	114.583333333 	25.0 	0.0 	0.0 	0.0 	-0.0 	25.0 	0.0 	0.0 	0.0 	3.38741702842	-0.0506451612903	139.859217465	-9.60969129734	
2.2	0.0	0.0	0.0 	0.0 	115.0 	25.0 	0.0 	0.0 	0.0 	-0.0 	25.0 	0.0 	0.0 	0.0 	3.41100881573	-0.0506451612903	139.856339511	-9.55291404322	
2.21666666667	0.0	0.0	0.0 	0.0 	115.416666667 	25.0 	0.0 	0.0 	0.0 	-0.0 	25.0 	0.0 	0.0 	0.0 	3.4343266909	-0.0506451612903	139.853441883	-9.49574865615	
2.23333333333	0.0	0.0	0.0 	0.0 	115.833333333 	25.0 	0.0 	0.0 	0.0 	-0.0 	25.0 	0.0 	0.0 	0.0 	3.45737383419	-0.0506451612903	139.850524809	-9.43819964253	
2.25	0.0	0.0	0.0 	0.0 	116.25 	25.0 	0.0 	0.0 	0.0 	-0.0 	25.0 	0.0 	0.0 	0.0 	3.48015338892	-0.0506451612903	139.847588516	-9.38027145647	
2.26666666667	0.0	0.0	0.0 	0.0 	116.666666667 	25.0 	0.0 	0.0 	0.0 	-0.0 	25.0 	0.0 	0.0 	0.0 	3.50266846194	-0.0506451612903	139.844633226	-9.32196850034	
2.28333333333	0.0	0.0	0.0 	0.0 	117.083333333 	25.0 	0.0 	0.0 	0.0 	-0.0 	25.0 	0.0 	0.0 	0.0 	3.52492212399	-0.0506451612903	139.841659161	-9.26329512539	
2.3	0.0	0.0	0.0 	0.0 	117.5 	25.0 	0.0 	0.0 	0.0 	-0.0 	25.0 	0.0 	0.0 	0.0 	3.54691741019	-0.0506451612903	139.838666537	-9.20425563238	
2.31666666667	0.0	0.0	0.0 	0.0 	117.916666667 	25.0 	0.0 	0.0 	0.0 	-0.0 	25.0 	0.0 	0.0 	0.0 	3.56865732041	-0.0506451612903	139.835655571	-9.14485427211	
2.33333333333	0.0	0.0	0.0 	0.0 	118.333333333 	25.0 	0.0 	0.0 	0.0 	-0.0 	25.0 	0.0 	0.0 	0.0 	3.59014481969	-0.0506451612903	139.832626475	-9.08509524603	
2.35	0.0	0.0	0.0 	0.0 	118.75 	25.0 	0.0 	0.0 	0.0 	-0.0 	25.0 	0.0 	0.0 	0.0 	3.55037852755	-0.0395686465167	139.830285691	-9.02596858744	
2.36666666667	0.0	0.0	0.0 	0.0 	119.166666667 	25.0 	0.0 	0.0 	0.0 	-0.0 	25.0 	0.0 	0.0 	0.0 	3.51061223542	-0.0283680683737	139.828626092	-8.9674819249	
2.38333333333	0.0	0.0	0.0 	0.0 	119.583333333 	25.0 	0.0 	0.0 	0.0 	-0.0 	25.0 	0.0 	0.0 	0.0 	3.47084594328	-0.0170406162178	139.827640384	-8.90964289125	
2.4	0.0	0.0	0.0 	0.0 	120.0 	25.0 	0.0 	0.0 	0.0 	-0.0 	25.0 	0.0 	0.0 	0.0 	3.43107965115	-0.00558338279839	139.827321102	-8.85245912174	
2.41666666667	0.0	0.0	0.0 	0.0 	120.416666667 	25.0 	0.0 	0.0 	0.0 	-0.0 	25.0 	0.0 	0.0 	0.0 	3.39131335901	0.00600664022003	139.827660607	-8.79593825207	
2.43333333333	0.0	0.0	0.0 	0.0 	120.833333333 	25.0 	0.0 	0.0 	0.0 	-0.0 	25.0 	0.0 	0.0 	0.0 	3.35154706688	0.0177325669997	139.82865108	-8.74008791633	
2.45	0.0	0.0	0.0 	0.0 	121.25 	25.0 	0.0 	0.0 	0.0 	-0.0 	25.0 	0.0 	0.0 	0.0 	3.31178077474	0.0295976225521	139.830284522	-8.68491574486	
2.46666666667	0.0	0.0	0.0 	0.0 	121.666666667 	25.0 	0.0 	0.0 	0.0 	-0.0 	25.0 	0.0 	0.0 	0.0 	3.27201448261	0.0416051480617	139.832552745	-8.63042936183	
2.48333333333	0.0	0.0	0.0 	0.0 	122.083333333 	25.0 	0.0 	0.0 	0.0 	-0.0 	25.0 	0.0 	0.0 	0.0 	3.23224819047	0.0537586065339	139.83544737	-8.57663638289	
2.5	0.0	0.0	0.0 	0.0 	122.5 	25.0 	0.0 	0.0 	0.0 	-0.0 	25.0 	0.0 	0.0 	0.0 	3.19248189834	0.06606158879	139.838959821	-8.52354441251	
2.51666666667	0.0	0.0	0.0 	0.0 	122.916666667 	25.0 	0.0 	0.0 	0.0 	-0.0 	25.0 	0.0 	0.0 	0.0 	3.1527156062	0.0785178198357	139.843081322	-8.47116104124	
2.53333333333	0.0	0.0	0.0 	0.0 	123.333333333 	25.0 	0.0 	0.0 	0.0 	-0.0 	25.0 	0.0 	0.0 	0.0 	3.11294931407	0.0911311656309	139.847802892	-8.41949384277	
2.55	0.0	0.0	0.0 	0.0 	123.75 	25.0 	0.0 	0.0 	0.0 	-0.0 	25.0 	0.0 	0.0 	0.0 	3.07318302193	0.103905640292	139.853115339	-8.36855037089	
2.56666666667	0.0	0.0	0.0 	0.0 	124.166666667 	25.0 	0.0 	0.0 	0.0 	-0.0 	25.0 	0.0 	0.0 	0.0 	3.0334167298	0.116845413762	139.859009253	-8.31833815612	
2.58333333333	0.0	0.0	0.0 	0.0 	124.583333333 	25.0 	0.0 	0.0 	0.0 	-0.0 	25.0 	0.0 	0.0 	0.0 	2.99365043766	0.129954819979	139.865475006	-8.26886470233	
2.6	0.0	0.0	0.0 	0.0 	125.0 	25.0 	0.0 	0.0 	0.0 	-0.0 	25.0 	0.0 	0.0 	0.0 	2.95388414553	0.14323836559	139.872502743	-8.22013748297	
2.61666666667	0.0	0.0	0.0 	0.0 	125.416666667 	25.0 	0.0 	0.0 	0.0 	-0.0 	25.0 	0.0 	0.0 	0.0 	2.91411785339	0.156700739257	139.880082374	-8.17216393721	
2.63333333333	0.0	0.0	0.0 	0.0 	125.833333333 	25.0 	0.0 	0.0 	0.0 	-0.0 	25.0 	0.0 	0.0 	0.0 	2.87435156126	0.170346821583	139.888203575	-8.12495146575	
2.65	0.0	0.0	0.0 	0.0 	126.25 	25.0 	0.0 	0.0 	0.0 	-0.0 	25.0 	0.0 	0.0 	0.0 	2.83458526912	0.184181695741	139.896855774	-8.07850742646	
2.66666666667	0.0	0.0	0.0 	0.0 	126.666666667 	25.0 	0.0 	0.0 	0.0 	-0.0 	25.0 	0.0 	0.0 	0.0 	2.79481897699	0.198210658837	139.906028153	-8.03283912967	
2.68333333333	0.0	0.0	0.0 	0.0 	127.083333333 	25.0 	0.0 	0.0 	0.0 	-0.0 	25.0 	0.0 	0.0 	0.0 	2.75505268485	0.212439234091	139.915709634	-7.98795383323	
2.7	0.0	0.0	0.0 	0.0 	127.5 	25.0 	0.0 	0.0 	0.0 	-0.0 	25.0 	0.0 	0.0 	0.0 	2.71528639272	0.226873183886	139.925888878	-7.94385873721	
2.71666666667	0.0	0.0	0.0 	0.0 	127.916666667 	25.0 	0.0 	0.0 	0.0 	-0.0 	25.0 	0.0 	0.0 	0.0 	2.67552010058	0.241518523781	139.936554275	-7.90056097833	
2.73333333333	0.0	0.0	0.0 	0.0 	128.333333333 	25.0 	0.0 	0.0 	0.0 	-0.0 	25.0 	0.0 	0.0 	0.0 	2.63575380845	0.256381537565	139.947693939	-7.85806762403	
2.75	0.0	0.0	0.0 	0.0 	128.75 	25.0 	0.0 	0.0 	0.0 	-0.0 	25.0 	0.0 	0.0 	0.0 	2.59598751631	0.271468793442	139.959295698	-7.81638566605	
2.76666666667	0.0	0.0	0.0 	0.0 	129.166666667 	25.0 	0.0 	0.0 	0.0 	-0.0 	25.0 	0.0 	0.0 	0.0 	2.55622122418	0.286787161456	139.971347091	-7.77552201383	
2.78333333333	0.0	0.0	0.0 	0.0 	129.583333333 	25.0 	0.0 	0.0 	0.0 	-0.0 	25.0 	0.0 	0.0 	0.0 	2.51645493205	0.302343832278	139.983835357	-7.73548348723	
2.8	0.0	0.0	0.0 	0.0 	130.0 	25.0 	0.0 	0.0 	0.0 	-0.0 	25.0 	0.0 	0.0 	0.0 	2.47668863991	0.318146337473	139.996747427	-7.69627680899	
2.81666666667	0.0	0.0	0.0 	0.0 	130.416666667 	25.0 	0.0 	0.0 	0.0 	-0.0 	25.0 	0.0 	0.0 	0.0 	2.43692234778	0.334202571387	140.010069918	-7.65790859657	
2.83333333333	0.0	0.0	0.0 	0.0 	130.833333333 	25.0 	0.0 	0.0 	0.0 	-0.0 	25.0 	0.0 	0.0 	0.0 	2.39715605564	0.350520814835	140.023789121	-7.62038535353	
2.85	0.0	0.0	0.0 	0.0 	131.25 	25.0 	0.0 	0.0 	0.0 	-0.0 	25.0 	0.0 	0.0 	0.0 	2.35738976351	0.367109760741	140.037890999	-7.58371346027	
2.86666666667	0.0	0.0	0.0 	0.0 	131.666666667 	25.0 	0.0 	0.0 	0.0 	-0.0 	25.0 	0.0 	0.0 	0.0 	2.31762347137	0.383978541945	140.052361168	-7.54789916424	
2.88333333333	0.0	0.0	0.0 	0.0 	132.083333333 	25.0 	0.0 	0.0 	0.0 	-0.0 	25.0 	0.0 	0.0 	0.0 	2.27785717924	0.4011367614	140.067184897	-7.5129485694	
2.9	0.0	0.0	0.0 	0.0 	132.5 	25.0 	0.0 	0.0 	0.0 	-0.0 	25.0 	0.0 	0.0 	0.0 	2.2380908871	0.418594524993	140.082347095	-7.47886762505	
2.91666666667	0.0	0.0	0.0 	0.0 	132.916666667 	25.0 	0.0 	0.0 	0.0 	-0.0 	25.0 	0.0 	0.0 	0.0 	2.19832459497	0.436362477298	140.097832299	-7.44566211382	
2.93333333333	0.0	0.0	0.0 	0.0 	133.333333333 	25.0 	0.0 	0.0 	0.0 	-0.0 	25.0 	0.0 	0.0 	0.0 	2.15855830283	0.454451840545	140.113624666	-7.41333763889	
2.95	0.0	0.0	0.0 	0.0 	133.75 	25.0 	0.0 	0.0 	0.0 	-0.0 	25.0 	0.0 	0.0 	0.0 	2.1187920107	0.472874457198	140.129707963	-7.38189961026	
2.96666666667	0.0	0.0	0.0 	0.0 	134.166666667 	25.0 	0.0 	0.0 	0.0 	-0.0 	25.0 	0.0 	0.0 	0.0 	2.07902571856	0.491642836507	140.146065557	-7.35135323012	
2.98333333333	0.0	0.0	0.0 	0.0 	134.583333333 	25.0 	0.0 	0.0 	0.0 	-0.0 	25.0 	0.0 	0.0 	0.0 	2.03925942643	0.510770205534	140.162680399	-7.3217034771	
3.0	0.0	0.0	0.0 	0.0 	135.0 	25.0 	0.0 	0.0 	0.0 	-0.0 	25.0 	0.0 	0.0 	0.0 	1.99949313429	0.530270565135	140.179535019	-7.29295508943	
3.01666666667	0.0	0.0	0.0 	0.0 	135.416666667 	25.0 	0.0 	0.0 	0.0 	-0.0 	25.0 	0.0 	0.0 	0.0 	1.95972684216	0.550158751522	140.196611509	-7.26511254684	
3.03333333333	0.0	0.0	0.0 	0.0 	135.833333333 	25.0 	0.0 	0.0 	0.0 	-0.0 	25.0 	0.0 	0.0 	0.0 	1.91996055002	0.570450504066	140.213891515	-7.23818005116	
3.05	0.0	0.0	0.0 	0.0 	136.25 	25.0 	0.0 	0.0 	0.0 	-0.0 	25.0 	0.0 	0.0 	0.0 	1.88019425789	0.59116254012	140.231356221	-7.21216150544	
3.06666666667	0.0	0.0	0.0 	0.0 	136.666666667 	25.0 	0.0 	0.0 	0.0 	-0.0 	25.0 	0.0 	0.0 	0.0 	1.84042796575	0.61231263776	140.248986339	-7.18706049145	
3.08333333333	0.0	0.0	0.0 	0.0 	137.083333333 	25.0 	0.0 	0.0 	0.0 	-0.0 	25.0 	0.0 	0.0 	0.0 	1.80066167362	0.633919727455	140.266762095	-7.16288024555	
3.1	0.0	0.0	0.0 	0.0 	137.5 	25.0 	0.0 	0.0 	0.0 	-0.0 	25.0 	0.0 	0.0 	0.0 	1.76089538148	0.656003993877	140.284663215	-7.13962363254	
3.11666666667	0.0	0.0	0.0 	0.0 	137.916666667 	25.0 	0.0 	0.0 	0.0 	-0.0 	25.0 	0.0 	0.0 	0.0 	1.72112908935	0.678586989183	140.302668913	-7.11729311759	
3.13333333333	0.0	0.0	0.0 	0.0 	138.333333333 	25.0 	0.0 	0.0 	0.0 	-0.0 	25.0 	0.0 	0.0 	0.0 	1.68136279721	0.701691759407	140.320757874	-7.09589073579	
3.15	0.0	0.0	0.0 	0.0 	138.75 	25.0 	0.0 	0.0 	0.0 	-0.0 	25.0 	0.0 	0.0 	0.0 	1.64159650508	0.725342985781	140.338908244	-7.07541805932	
3.16666666667	0.0	0.0	0.0 	0.0 	139.166666667 	25.0 	0.0 	0.0 	0.0 	-0.0 	25.0 	0.0 	0.0 	0.0 	1.60183021294	0.749567143187	140.357097613	-7.05587616182	
3.18333333333	0.0	0.0	0.0 	0.0 	139.583333333 	25.0 	0.0 	0.0 	0.0 	-0.0 	25.0 	0.0 	0.0 	0.0 	1.56206392081	0.774392678261	140.375303001	-7.03726557984	
3.2	0.0	0.0	0.0 	0.0 	140.0 	25.0 	0.0 	0.0 	0.0 	-0.0 	25.0 	0.0 	0.0 	0.0 	1.52229762867	0.799850210187	140.393500844	-7.01958627093	
3.21666666667	0.0	0.0	0.0 	0.0 	140.416666667 	25.0 	0.0 	0.0 	0.0 	-0.0 	25.0 	0.0 	0.0 	0.0 	1.48253133654	0.825972757701	140.41166698	-7.00283756816	
3.23333333333	0.0	0.0	0.0 	0.0 	140.833333333 	25.0 	0.0 	0.0 	0.0 	-0.0 	25.0 	0.0 	0.0 	0.0 	1.4427650444	0.852795996546	140.429776634	-6.98701813058	
3.25	0.0	0.0	0.0 	0.0 	141.25 	25.0 	0.0 	0.0 	0.0 	-0.0 	25.0 	0.0 	0.0 	0.0 	1.40299875227	0.88035855241	140.447804402	-6.97212588918	
3.26666666667	0.0	0.0	0.0 	0.0 	141.666666667 	25.0 	0.0 	0.0 	0.0 	-0.0 	25.0 	0.0 	0.0 	0.0 	1.36323246013	0.908702335375	140.465724244	-6.95815798802	
3.28333333333	0.0	0.0	0.0 	0.0 	142.083333333 	25.0 	0.0 	0.0 	0.0 	-0.0 	25.0 	0.0 	0.0 	0.0 	1.323466168	0.937872923149	140.483509462	-6.94511071972	
3.3	0.0	0.0	0.0 	0.0 	142.5 	25.0 	0.0 	0.0 	0.0 	-0.0 	25.0 	0.0 	0.0 	0.0 	1.28369987587	0.96792000187	140.501132695	-6.93297945491	
3.31666666667	0.0	0.0	0.0 	0.0 	142.916666667 	25.0 	0.0 	0.0 	0.0 	-0.0 	25.0 	0.0 	0.0 	0.0 	1.24393358373	0.99889787519	140.518565906	-6.9217585648	
3.33333333333	0.0	0.0	0.0 	0.0 	143.333333333 	25.0 	0.0 	0.0 	0.0 	-0.0 	25.0 	0.0 	0.0 	0.0 	1.2041672916	1.03086605473	140.535780371	-6.91144133602	
3.35	0.0	0.0	0.0 	0.0 	143.75 	25.0 	0.0 	0.0 	0.0 	-0.0 	25.0 	0.0 	0.0 	0.0 	1.16440099946	1.06388994801	140.552746675	-6.90201987694	
3.36666666667	0.0	0.0	0.0 	0.0 	144.166666667 	25.0 	0.0 	0.0 	0.0 	-0.0 	25.0 	0.0 	0.0 	0.0 	1.12463470733	1.09804166392	140.569434705	-6.89348501413	
3.38333333333	0.0	0.0	0.0 	0.0 	144.583333333 	25.0 	0.0 	0.0 	0.0 	-0.0 	25.0 	0.0 	0.0 	0.0 	1.08486841519	1.13340096047	140.585813651	-6.88582617805	
3.4	0.0	0.0	0.0 	0.0 	145.0 	25.0 	0.0 	0.0 	0.0 	-0.0 	25.0 	0.0 	0.0 	0.0 	1.04510212306	1.1700563664	140.601852007	-6.87903127617	
3.41666666667	0.0	0.0	0.0 	0.0 	145.416666667 	25.0 	0.0 	0.0 	0.0 	-0.0 	25.0 	0.0 	0.0 	0.0 	1.00533583092	1.208106516	140.617517584	-6.87308655213	
3.43333333333	0.0	0.0	0.0 	0.0 	145.833333333 	25.0 	0.0 	0.0 	0.0 	-0.0 	25.0 	0.0 	0.0 	0.0 	0.965569538787	1.24766174811	140.632777521	-6.86797642882	
3.45	0.0	0.0	0.0 	0.0 	146.25 	25.0 	0.0 	0.0 	0.0 	-0.0 	25.0 	0.0 	0.0 	0.0 	0.925803246652	1.28884603421	140.647598314	-6.86368333318	
3.46666666667	0.0	0.0	0.0 	0.0 	146.666666667 	25.0 	0.0 	0.0 	0.0 	-0.0 	25.0 	0.0 	0.0 	0.0 	0.886036954517	1.33179932075	140.66194585	-6.86018750005	
3.48333333333	0.0	0.0	0.0 	0.0 	147.083333333 	25.0 	0.0 	0.0 	0.0 	-0.0 	25.0 	0.0 	0.0 	0.0 	0.846270662382	1.37668039702	140.675785458	-6.85746675194	
3.5	0.0	0.0	0.0 	0.0 	147.5 	25.0 	0.0 	0.0 	0.0 	-0.0 	25.0 	0.0 	0.0 	0.0 	0.806504370247	1.42367043685	140.68908198	-6.85549625097	
3.51666666667	0.0	0.0	0.0 	0.0 	147.916666667 	25.0 	0.0 	0.0 	0.0 	-0.0 	25.0 	0.0 	0.0 	0.0 	0.766738078112	1.47297741348	140.701799858	-6.85424821874	
3.53333333333	0.0	0.0	0.0 	0.0 	148.333333333 	25.0 	0.0 	0.0 	0.0 	-0.0 	25.0 	0.0 	0.0 	0.0 	0.726971785978	1.52484165927	140.713903263	-6.85369161892	
3.55	0.0	0.0	0.0 	0.0 	148.75 	25.0 	0.0 	0.0 	0.0 	-0.0 	25.0 	0.0 	0.0 	0.0 	0.687205493843	1.57954294603	140.72535625	-6.85379179639	
3.56666666667	0.0	0.0	0.0 	0.0 	149.166666667 	25.0 	0.0 	0.0 	0.0 	-0.0 	25.0 	0.0 	0.0 	0.0 	0.647439201708	1.637409614	140.736122971	-6.8545100658	
3.58333333333	0.0	0.0	0.0 	0.0 	149.583333333 	25.0 	0.0 	0.0 	0.0 	-0.0 	25.0 	0.0 	0.0 	0.0 	0.607672909573	1.69883050422	140.746167955	-6.85580324094	
3.6	0.0	0.0	0.0 	0.0 	150.0 	25.0 	0.0 	0.0 	0.0 	-0.0 	25.0 	0.0 	0.0 	0.0 	0.567906617438	1.76427079538	140.755456466	-6.85762309477	
3.61666666667	0.0	0.0	0.0 	0.0 	150.416666667 	25.0 	0.0 	0.0 	0.0 	-0.0 	25.0 	0.0 	0.0 	0.0 	0.528140325303	1.83429338521	140.763954993	-6.85991573868	
3.63333333333	0.0	0.0	0.0 	0.0 	150.833333333 	25.0 	0.0 	0.0 	0.0 	-0.0 	25.0 	0.0 	0.0 	0.0 	0.488374033169	1.90958832148	140.771631881	-6.86262090753	
3.65	0.0	0.0	0.0 	0.0 	151.25 	25.0 	0.0 	0.0 	0.0 	-0.0 	25.0 	0.0 	0.0 	0.0 	0.448607741034	1.99101421523	140.778458196	-6.86567113658	
3.66666666667	0.0	0.0	0.0 	0.0 	151.666666667 	25.0 	0.0 	0.0 	0.0 	-0.0 	25.0 	0.0 	0.0 	0.0 	0.408841448899	2.07965800912	140.784408881	-6.86899081651	
3.68333333333	0.0	0.0	0.0 	0.0 	152.083333333 	25.0 	0.0 	0.0 	0.0 	-0.0 	25.0 	0.0 	0.0 	0.0 	0.369075156764	2.17692381288	140.789464351	-6.87249511791	
3.7	0.0	0.0	0.0 	0.0 	152.5 	25.0 	0.0 	0.0 	0.0 	-0.0 	25.0 	0.0 	0.0 	0.0 	0.329308864629	2.28466959692	140.793612718	-6.87608878989	
3.71666666667	0.0	0.0	0.0 	0.0 	152.916666667 	25.0 	0.0 	0.0 	0.0 	-0.0 	25.0 	0.0 	0.0 	0.0 	0.289542572494	2.40542641948	140.796852949	-6.8796648732	
3.73333333333	0.0	0.0	0.0 	0.0 	153.333333333 	25.0 	0.0 	0.0 	0.0 	-0.0 	25.0 	0.0 	0.0 	0.0 	0.24977628036	2.54276819894	140.799199481	-6.88310345503	
3.75	0.0	0.0	0.0 	0.0 	153.75 	25.0 	0.0 	0.0 	0.0 	-0.0 	25.0 	0.0 	0.0 	0.0 	0.210009988225	2.70197583898	140.800689126	-6.88627080751	
3.76666666667	0.0	0.0	0.0 	0.0 	154.166666667 	25.0 	0.0 	0.0 	0.0 	-0.0 	25.0 	0.0 	0.0 	0.0 	0.17024369609	2.89133012861	140.80139183	-6.88901981032	
3.78333333333	0.0	0.0	0.0 	0.0 	154.583333333 	25.0 	0.0 	0.0 	0.0 	-0.0 	25.0 	0.0 	0.0 	0.0 	0.130477403955	3.10591959621	140.801469389	-6.89119305019	
3.8	0.0	0.0	0.0 	0.0 	155.0 	25.0 	0.0 	0.0 	0.0 	-0.0 	25.0 	0.0 	0.0 	0.0 	0.0907111118203	3.28474415255	140.801253704	-6.89268943779	
3.81666666667	0.0	0.0	0.0 	0.0 	155.416666667 	25.0 	0.0 	0.0 	0.0 	-0.0 	25.0 	0.0 	0.0 	0.0 	0.0509448196855	3.43376461616	140.801009141	-6.89350253455	
3.83333333333	0.0	0.0	0.0 	0.0 	155.833333333 	25.0 	0.0 	0.0 	0.0 	-0.0 	25.0 	0.0 	0.0 	0.0 	0.113274673839	3.55794833584	140.800245613	-6.89522915942	
3.85	0.0	0.0	0.0 	0.0 	156.25 	25.0 	0.0 	0.0 	0.0 	-0.0 	25.0 	0.0 	0.0 	0.0 	0.174880848038	3.66143476891	140.798797765	-6.89775880394	
3.86666666667	0.0	0.0	0.0 	0.0 	156.666666667 	25.0 	0.0 	0.0 	0.0 	-0.0 	25.0 	0.0 	0.0 	0.0 	0.235771744559	3.74767346313	140.796559306	-6.90098843239	
3.88333333333	0.0	0.0	0.0 	0.0 	157.083333333 	25.0 	0.0 	0.0 	0.0 	-0.0 	25.0 	0.0 	0.0 	0.0 	0.295955668124	3.81953904165	140.793465608	-6.90483024463	
3.9	0.0	0.0	0.0 	0.0 	157.5 	25.0 	0.0 	0.0 	0.0 	-0.0 	25.0 	0.0 	0.0 	0.0 	0.355440827033	3.87942702374	140.789480601	-6.90921358288	
3.91666666667	0.0	0.0	0.0 	0.0 	157.916666667 	25.0 	0.0 	0.0 	0.0 	-0.0 	25.0 	0.0 	0.0 	0.0 	0.414235334285	3.92933367549	140.784587366	-6.91408394233	
3.93333333333	0.0	0.0	0.0 	0.0 	158.333333333 	25.0 	0.0 	0.0 	0.0 	-0.0 	25.0 	0.0 	0.0 	0.0 	0.472347208681	3.97092255195	140.778781598	-6.919400762	
3.95	0.0	0.0	0.0 	0.0 	158.75 	25.0 	0.0 	0.0 	0.0 	-0.0 	25.0 	0.0 	0.0 	0.0 	0.529784375921	4.005579949	140.772067128	-6.92513488803	
3.96666666667	0.0	0.0	0.0 	0.0 	159.166666667 	25.0 	0.0 	0.0 	0.0 	-0.0 	25.0 	0.0 	0.0 	0.0 	0.586554669684	4.0344611132	140.764452925	-6.93126614831	
3.98333333333	0.0	0.0	0.0 	0.0 	159.583333333 	25.0 	0.0 	0.0 	0.0 	-0.0 	25.0 	0.0 	0.0 	0.0 	0.642665832695	4.05852875004	140.75595108	-6.93778122627	
4.0	0.0	0.0	0.0 	0.0 	160.0 	25.0 	0.0 	0.0 	0.0 	-0.0 	25.0 	0.0 	0.0 	0.0 	0.698125517783	4.07858511407	140.74657548	-6.94467188938	
4.01666666667	0.0	0.0	0.0 	0.0 	160.416666667 	25.0 	0.0 	0.0 	0.0 	-0.0 	25.0 	0.0 	0.0 	0.0 	0.752941288925	4.09529875077	140.736340929	-6.95193356269	
4.03333333333	0.0	0.0	0.0 	0.0 	160.833333333 	25.0 	0.0 	0.0 	0.0 	-0.0 	25.0 	0.0 	0.0 	0.0 	0.807120622275	4.10922678134	140.72526258	-6.95956420913	
4.05	0.0	0.0	0.0 	0.0 	161.25 	25.0 	0.0 	0.0 	0.0 	-0.0 	25.0 	0.0 	0.0 	0.0 	0.860670907185	4.12083347349	140.713355567	-6.96756346935	
4.06666666667	0.0	0.0	0.0 	0.0 	161.666666667 	25.0 	0.0 	0.0 	0.0 	-0.0 	25.0 	0.0 	0.0 	0.0 	0.913599447214	4.13050571695	140.700634774	-6.97593201354	
4.08333333333	0.0	0.0	0.0 	0.0 	162.083333333 	25.0 	0.0 	0.0 	0.0 	-0.0 	25.0 	0.0 	0.0 	0.0 	0.965913461122	4.13856591983	140.687114694	-6.98467106303	
4.1	0.0	0.0	0.0 	0.0 	162.5 	25.0 	0.0 	0.0 	0.0 	-0.0 	25.0 	0.0 	0.0 	0.0 	1.01762008386	4.14528275556	140.672809347	-6.99378204495	
4.11666666667	0.0	0.0	0.0 	0.0 	162.916666667 	25.0 	0.0 	0.0 	0.0 	-0.0 	25.0 	0.0 	0.0 	0.0 	1.06872636753	4.15088011868	140.657732242	-7.00326634993	
4.13333333333	0.0	0.0	0.0 	0.0 	163.333333333 	25.0 	0.0 	0.0 	0.0 	-0.0 	25.0 	0.0 	0.0 	0.0 	1.11923928236	4.15554458793	140.641896366	-7.01312516828	
4.15	0.0	0.0	0.0 	0.0 	163.75 	25.0 	0.0 	0.0 	0.0 	-0.0 	25.0 	0.0 	0.0 	0.0 	1.16916571766	4.15943164565	140.625314185	-7.02335938517	
4.16666666667	0.0	0.0	0.0 	0.0 	164.166666667 	25.0 	0.0 	0.0 	0.0 	-0.0 	25.0 	0.0 	0.0 	0.0 	1.21851248274	4.16267086041	140.607997664	-7.03396951963	
4.18333333333	0.0	0.0	0.0 	0.0 	164.583333333 	25.0 	0.0 	0.0 	0.0 	-0.0 	25.0 	0.0 	0.0 	0.0 	1.26728630784	4.16537020605	140.589958288	-7.04495569522	
4.2	0.0	0.0	0.0 	0.0 	165.0 	25.0 	0.0 	0.0 	0.0 	-0.0 	25.0 	0.0 	0.0 	0.0 	1.31549384509	4.16761966075	140.571207088	-7.05631763344	
4.21666666667	0.0	0.0	0.0 	0.0 	165.416666667 	25.0 	0.0 	0.0 	0.0 	-0.0 	25.0 	0.0 	0.0 	0.0 	1.36314166936	4.16949420633	140.551754675	-7.06805466278	
4.23333333333	0.0	0.0	0.0 	0.0 	165.833333333 	25.0 	0.0 	0.0 	0.0 	-0.0 	25.0 	0.0 	0.0 	0.0 	1.4102362792	4.17105632765	140.531611265	-7.08016573816	
4.25	0.0	0.0	0.0 	0.0 	166.25 	25.0 	0.0 	0.0 	0.0 	-0.0 	25.0 	0.0 	0.0 	0.0 	1.45678409768	4.17235809541	140.510786712	-7.09264946694	
4.26666666667	0.0	0.0	0.0 	0.0 	166.666666667 	25.0 	0.0 	0.0 	0.0 	-0.0 	25.0 	0.0 	0.0 	0.0 	1.50279147332	4.17344290188	140.48929053	-7.10550413854	
4.28333333333	0.0	0.0	0.0 	0.0 	167.083333333 	25.0 	0.0 	0.0 	0.0 	-0.0 	25.0 	0.0 	0.0 	0.0 	1.54826468093	4.17434690727	140.467131929	-7.11872775561	
4.3	0.0	0.0	0.0 	0.0 	167.5 	25.0 	0.0 	0.0 	0.0 	-0.0 	25.0 	0.0 	0.0 	0.0 	1.59320992247	4.1751002451	140.444319832	-7.13231806539	
4.31666666667	0.0	0.0	0.0 	0.0 	167.916666667 	25.0 	0.0 	0.0 	0.0 	-0.0 	25.0 	0.0 	0.0 	0.0 	1.63763332786	4.17572802662	140.420862901	-7.14627259013	
4.33333333333	0.0	0.0	0.0 	0.0 	168.333333333 	25.0 	0.0 	0.0 	0.0 	-0.0 	25.0 	0.0 	0.0 	0.0 	1.68154095589	4.17625117789	140.396769559	-7.16058865601	
4.35	0.0	0.0	0.0 	0.0 	168.75 	25.0 	0.0 	0.0 	0.0 	-0.0 	25.0 	0.0 	0.0 	0.0 	1.72493879498	4.17668713728	140.372048007	-7.17526342007	
4.36666666667	0.0	0.0	0.0 	0.0 	169.166666667 	25.0 	0.0 	0.0 	0.0 	-0.0 	25.0 	0.0 	0.0 	0.0 	1.76783276403	4.17705043677	140.346706243	-7.19029389512	
4.38333333333	0.0	0.0	0.0 	0.0 	169.583333333 	25.0 	0.0 	0.0 	0.0 	-0.0 	25.0 	0.0 	0.0 	0.0 	1.81022871321	4.17735318635	140.320752077	-7.20567697228	
4.4	0.0	0.0	0.0 	0.0 	170.0 	25.0 	0.0 	0.0 	0.0 	-0.0 	25.0 	0.0 	0.0 	0.0 	1.85213242478	4.17760547766	140.294193147	-7.22140944139	
4.41666666667	0.0	0.0	0.0 	0.0 	170.416666667 	25.0 	0.0 	0.0 	0.0 	-0.0 	25.0 	0.0 	0.0 	0.0 	1.89354961385	4.17781572043	140.267036927	-7.23748800927	
4.43333333333	0.0	0.0	0.0 	0.0 	170.833333333 	25.0 	0.0 	0.0 	0.0 	-0.0 	25.0 	0.0 	0.0 	0.0 	1.9344859292	4.17799092273	140.239290745	-7.25390931592	
4.45	0.0	0.0	0.0 	0.0 	171.25 	25.0 	0.0 	0.0 	0.0 	-0.0 	25.0 	0.0 	0.0 	0.0 	1.97494695399	4.17813692464	140.210961786	-7.27066994893	
4.46666666667	0.0	0.0	0.0 	0.0 	171.666666667 	25.0 	0.0 	0.0 	0.0 	-0.0 	25.0 	0.0 	0.0 	0.0 	2.01493820658	4.17825859291	140.182057106	-7.28776645602	
4.48333333333	0.0	0.0	0.0 	0.0 	172.083333333 	25.0 	0.0 	0.0 	0.0 	-0.0 	25.0 	0.0 	0.0 	0.0 	2.05446514126	4.17835998313	140.152583636	-7.30519535614	
4.5	0.0	0.0	0.0 	0.0 	172.5 	25.0 	0.0 	0.0 	0.0 	-0.0 	25.0 	0.0 	0.0 	0.0 	2.09353314899	4.17844447498	140.122548195	-7.32295314907	
4.51666666667	0.0	0.0	0.0 	0.0 	172.916666667 	25.0 	0.0 	0.0 	0.0 	-0.0 	25.0 	0.0 	0.0 	0.0 	2.13214755812	4.17851488486	140.091957488	-7.34103632378	
4.53333333333	0.0	0.0	0.0 	0.0 	173.333333333 	25.0 	0.0 	0.0 	0.0 	-0.0 	25.0 	0.0 	0.0 	0.0 	2.17031363516	4.17857355975	140.060818118	-7.35944136564	
4.55	0.0	0.0	0.0 	0.0 	173.75 	25.0 	0.0 	0.0 	0.0 	-0.0 	25.0 	0.0 	0.0 	0.0 	2.20803658546	4.1786224555	140.029136589	-7.37816476264	
4.56666666667	0.0	0.0	0.0 	0.0 	174.166666667 	25.0 	0.0 	0.0 	0.0 	-0.0 	25.0 	0.0 	0.0 	0.0 	2.24532155395	4.17866320195	139.996919309	-7.39720301074	
4.58333333333	0.0	0.0	0.0 	0.0 	174.583333333 	25.0 	0.0 	0.0 	0.0 	-0.0 	25.0 	0.0 	0.0 	0.0 	2.28217362579	4.17869715733	139.964172595	-7.41655261837	
4.6	0.0	0.0	0.0 	0.0 	175.0 	25.0 	0.0 	0.0 	0.0 	-0.0 	25.0 	0.0 	0.0 	0.0 	2.31859782714	4.17872545348	139.930902678	-7.43621011036	
4.61666666667	0.0	0.0	0.0 	0.0 	175.416666667 	25.0 	0.0 	0.0 	0.0 	-0.0 	25.0 	0.0 	0.0 	0.0 	2.35459912578	4.17874903361	139.897115701	-7.45617203118	
4.63333333333	0.0	0.0	0.0 	0.0 	175.833333333 	25.0 	0.0 	0.0 	0.0 	-0.0 	25.0 	0.0 	0.0 	0.0 	2.39018243181	4.17876868371	139.862817729	-7.47643494771	
4.65	0.0	0.0	0.0 	0.0 	176.25 	25.0 	0.0 	0.0 	0.0 	-0.0 	25.0 	0.0 	0.0 	0.0 	2.42535259833	4.1787850588	139.828014745	-7.49699545157	
4.66666666667	0.0	0.0	0.0 	0.0 	176.666666667 	25.0 	0.0 	0.0 	0.0 	-0.0 	25.0 	0.0 	0.0 	0.0 	2.46011442209	4.17879870471	139.792712656	-7.51785016099	
4.68333333333	0.0	0.0	0.0 	0.0 	177.083333333 	25.0 	0.0 	0.0 	0.0 	-0.0 	25.0 	0.0 	0.0 	0.0 	2.49447264416	4.17881007629	139.756917294	-7.53899572248	
4.7	0.0	0.0	0.0 	0.0 	177.5 	25.0 	0.0 	0.0 	0.0 	-0.0 	25.0 	0.0 	0.0 	0.0 	2.52843195054	4.17881955262	139.720634417	-7.56042881205	
4.71666666667	0.0	0.0	0.0 	0.0 	177.916666667 	25.0 	0.0 	0.0 	0.0 	-0.0 	25.0 	0.0 	0.0 	0.0 	2.56199697283	4.17882744955	139.683869713	-7.5821461363	
4.73333333333	0.0	0.0	0.0 	0.0 	178.333333333 	25.0 	0.0 	0.0 	0.0 	-0.0 	25.0 	0.0 	0.0 	0.0 	2.59517228888	4.17883403033	139.646628797	-7.60414443326	
4.75	0.0	0.0	0.0 	0.0 	178.75 	25.0 	0.0 	0.0 	0.0 	-0.0 	25.0 	0.0 	0.0 	0.0 	2.62796242335	4.17883951432	139.608917218	-7.62642047302	
4.76666666667	0.0	0.0	0.0 	0.0 	179.166666667 	25.0 	0.0 	0.0 	0.0 	-0.0 	25.0 	0.0 	0.0 	0.0 	2.6603718484	4.1788440843	139.570740456	-7.64897105823	
4.78333333333	0.0	0.0	0.0 	0.0 	179.583333333 	25.0 	0.0 	0.0 	0.0 	-0.0 	25.0 	0.0 	0.0 	0.0 	2.69240498424	4.17884789262	139.532103928	-7.67179302449	
4.8	0.0	0.0	0.0 	0.0 	180.0 	25.0 	0.0 	0.0 	0.0 	-0.0 	25.0 	0.0 	0.0 	0.0 	2.72406619978	4.17885106623	139.493012981	-7.69488324059	
4.81666666667	0.0	0.0	0.0 	0.0 	180.416666667 	25.0 	0.0 	0.0 	0.0 	-0.0 	25.0 	0.0 	0.0 	0.0 	2.75535981319	4.17885371089	139.453472902	-7.71823860862	
4.83333333333	0.0	0.0	0.0 	0.0 	180.833333333 	25.0 	0.0 	0.0 	0.0 	-0.0 	25.0 	0.0 	0.0 	0.0 	2.78629009252	4.17885591478	139.413488915	-7.74185606411	
4.85	0.0	0.0	0.0 	0.0 	181.25 	25.0 	0.0 	0.0 	0.0 	-0.0 	25.0 	0.0 	0.0 	0.0 	2.81686125624	4.17885775136	139.373066179	-7.765732576	
4.86666666667	0.0	0.0	0.0 	0.0 	181.666666667 	25.0 	0.0 	0.0 	0.0 	-0.0 	25.0 	0.0 	0.0 	0.0 	2.84707747386	4.17885928184	139.332209796	-7.78986514655	
4.88333333333	0.0	0.0	0.0 	0.0 	182.083333333 	25.0 	0.0 	0.0 	0.0 	-0.0 	25.0 	0.0 	0.0 	0.0 	2.87694286649	4.17886055724	139.290924804	-7.81425081129	
4.9	0.0	0.0	0.0 	0.0 	182.5 	25.0 	0.0 	0.0 	0.0 	-0.0 	25.0 	0.0 	0.0 	0.0 	2.90646150736	4.17886162007	139.249216185	-7.83888663886	
4.91666666667	0.0	0.0	0.0 	0.0 	182.916666667 	25.0 	0.0 	0.0 	0.0 	-0.0 	25.0 	0.0 	0.0 	0.0 	2.93563742244	4.17886250576	139.20708886	-7.86376973079	
4.93333333333	0.0	0.0	0.0 	0.0 	183.333333333 	25.0 	0.0 	0.0 	0.0 	-0.0 	25.0 	0.0 	0.0 	0.0 	2.96447459095	4.17886324384	139.164547695	-7.88889722135	
4.95	0.0	0.0	0.0 	0.0 	183.75 	25.0 	0.0 	0.0 	0.0 	-0.0 	25.0 	0.0 	0.0 	0.0 	2.99297694588	4.17886385891	139.121597495	-7.91426627726	
4.96666666667	0.0	0.0	0.0 	0.0 	184.166666667 	25.0 	0.0 	0.0 	0.0 	-0.0 	25.0 	0.0 	0.0 	0.0 	3.0211483746	4.17886437146	139.078243014	-7.93987409746	
4.98333333333	0.0	0.0	0.0 	0.0 	184.583333333 	25.0 	0.0 	0.0 	0.0 	-0.0 	25.0 	0.0 	0.0 	0.0 	3.04899271932	4.17886479859	139.034488946	-7.96571791287	
5.0	0.0	0.0	0.0 	0.0 	185.0 	25.0 	0.0 	0.0 	0.0 	-0.0 	25.0 	0.0 	0.0 	0.0 	3.07651377763	4.17886515453	138.990339932	-7.99179498604	
5.01666666667	0.0	0.0	0.0 	0.0 	185.416666667 	25.0 	0.0 	0.0 	0.0 	-0.0 	25.0 	0.0 	0.0 	0.0 	3.10371530306	4.17886545115	138.945800559	-8.01810261093	
5.03333333333	0.0	0.0	0.0 	0.0 	185.833333333 	25.0 	0.0 	0.0 	0.0 	-0.0 	25.0 	0.0 	0.0 	0.0 	3.13060100553	4.17886569833	138.900875361	-8.04463811255	
5.05	0.0	0.0	0.0 	0.0 	186.25 	25.0 	0.0 	0.0 	0.0 	-0.0 	25.0 	0.0 	0.0 	0.0 	3.15717455191	4.17886590431	138.855568817	-8.0713988467	
5.06666666667	0.0	0.0	0.0 	0.0 	186.666666667 	25.0 	0.0 	0.0 	0.0 	-0.0 	25.0 	0.0 	0.0 	0.0 	3.18343956648	4.17886607597	138.809885357	-8.09838219961	
5.08333333333	0.0	0.0	0.0 	0.0 	187.083333333 	25.0 	0.0 	0.0 	0.0 	-0.0 	25.0 	0.0 	0.0 	0.0 	3.20939963144	4.17886621901	138.763829357	-8.12558558768	
5.1	0.0	0.0	0.0 	0.0 	187.5 	25.0 	0.0 	0.0 	0.0 	-0.0 	25.0 	0.0 	0.0 	0.0 	3.2350582874	4.17886633821	138.717405144	-8.15300645712	
5.11666666667	0.0	0.0	0.0 	0.0 	187.916666667 	25.0 	0.0 	0.0 	0.0 	-0.0 	25.0 	0.0 	0.0 	0.0 	3.26041903388	4.17886643755	138.670616992	-8.18064228364	
5.13333333333	0.0	0.0	0.0 	0.0 	188.333333333 	25.0 	0.0 	0.0 	0.0 	-0.0 	25.0 	0.0 	0.0 	0.0 	3.28548532974	4.17886652033	138.623469127	-8.20849057214	
5.15	0.0	0.0	0.0 	0.0 	188.75 	25.0 	0.0 	0.0 	0.0 	-0.0 	25.0 	0.0 	0.0 	0.0 	3.3102605937	4.17886658931	138.575965727	-8.23654885638	
5.16666666667	0.0	0.0	0.0 	0.0 	189.166666667 	25.0 	0.0 	0.0 	0.0 	-0.0 	25.0 	0.0 	0.0 	0.0 	3.33474820478	4.1788666468	138.52811092	-8.26481469867	
5.18333333333	0.0	0.0	0.0 	0.0 	189.583333333 	25.0 	0.0 	0.0 	0.0 	-0.0 	25.0 	0.0 	0.0 	0.0 	3.35895150278	4.17886669471	138.479908785	-8.29328568955	
5.2	0.0	0.0	0.0 	0.0 	190.0 	25.0 	0.0 	0.0 	0.0 	-0.0 	25.0 	0.0 	0.0 	0.0 	3.3828737887	4.17886673463	138.431363356	-8.32195944749	
5.21666666667	0.0	0.0	0.0 	0.0 	190.416666667 	25.0 	0.0 	0.0 	0.0 	-0.0 	25.0 	0.0 	0.0 	0.0 	3.40651832524	4.1788667679	138.382478618	-8.35083361852	
5.23333333333	0.0	0.0	0.0 	0.0 	190.833333333 	25.0 	0.0 	0.0 	0.0 	-0.0 	25.0 	0.0 	0.0 	0.0 	3.42988833719	4.17886679562	138.333258512	-8.37990587598	
5.25	0.0	0.0	0.0 	0.0 	191.25 	25.0 	0.0 	0.0 	0.0 	-0.0 	25.0 	0.0 	0.0 	0.0 	3.45298701193	4.17886681872	138.283706931	-8.4091739202	
5.26666666667	0.0	0.0	0.0 	0.0 	191.666666667 	25.0 	0.0 	0.0 	0.0 	-0.0 	25.0 	0.0 	0.0 	0.0 	3.47581749981	4.17886683797	138.233827724	-8.43863547815	
5.28333333333	0.0	0.0	0.0 	0.0 	192.083333333 	25.0 	0.0 	0.0 	0.0 	-0.0 	25.0 	0.0 	0.0 	0.0 	3.4983829146	4.17886685402	138.183624695	-8.46828830318	
5.3	0.0	0.0	0.0 	0.0 	192.5 	25.0 	0.0 	0.0 	0.0 	-0.0 	25.0 	0.0 	0.0 	0.0 	3.52068633395	4.17886686739	138.133101604	-8.49813017471	
5.31666666667	0.0	0.0	0.0 	0.0 	192.916666667 	25.0 	0.0 	0.0 	0.0 	-0.0 	25.0 	0.0 	0.0 	0.0 	3.54273079973	4.17886687853	138.082262166	-8.52815889791	
5.33333333333	0.0	0.0	0.0 	0.0 	193.333333333 	25.0 	0.0 	0.0 	0.0 	-0.0 	25.0 	0.0 	0.0 	0.0 	3.56451931854	4.17886688781	138.031110055	-8.55837230343	
5.35	0.0	0.0	0.0 	0.0 	193.75 	25.0 	0.0 	0.0 	0.0 	-0.0 	25.0 	0.0 	0.0 	0.0 	3.58605486203	4.17886689555	137.979648901	-8.58876824707	
5.36666666667	0.0	0.0	0.0 	0.0 	194.166666667 	25.0 	0.0 	0.0 	0.0 	-0.0 	25.0 	0.0 	0.0 	0.0 	3.60734036738	4.178866902	137.927882293	-8.61934460954	
5.38333333333	0.0	0.0	0.0 	0.0 	194.583333333 	25.0 	0.0 	0.0 	0.0 	-0.0 	25.0 	0.0 	0.0 	0.0 	3.62837873764	4.17886690737	137.875813776	-8.65009929614	
5.4	0.0	0.0	0.0 	0.0 	195.0 	25.0 	0.0 	0.0 	0.0 	-0.0 	25.0 	0.0 	0.0 	0.0 	3.64917284219	4.17886691185	137.823446856	-8.68103023648	
5.41666666667	0.0	0.0	0.0 	0.0 	195.416666667 	25.0 	0.0 	0.0 	0.0 	-0.0 	25.0 	0.0 	0.0 	0.0 	3.66972551705	4.17886691558	137.770784998	-8.7121353842	
5.43333333333	0.0	0.0	0.0 	0.0 	195.833333333 	25.0 	0.0 	0.0 	0.0 	-0.0 	25.0 	0.0 	0.0 	0.0 	3.69003956536	4.17886691869	137.717831627	-8.7434127167	
5.45	0.0	0.0	0.0 	0.0 	196.25 	25.0 	0.0 	0.0 	0.0 	-0.0 	25.0 	0.0 	0.0 	0.0 	3.71011775767	4.17886692128	137.664590126	-8.77486023485	
5.46666666667	0.0	0.0	0.0 	0.0 	196.666666667 	25.0 	0.0 	0.0 	0.0 	-0.0 	25.0 	0.0 	0.0 	0.0 	3.72996283239	4.17886692344	137.611063841	-8.80647596273	
5.48333333333	0.0	0.0	0.0 	0.0 	197.083333333 	25.0 	0.0 	0.0 	0.0 	-0.0 	25.0 	0.0 	0.0 	0.0 	3.74957749614	4.17886692524	137.557256078	-8.83825794737	
5.5	0.0	0.0	0.0 	0.0 	197.5 	25.0 	0.0 	0.0 	0.0 	-0.0 	25.0 	0.0 	0.0 	0.0 	3.76896442408	4.17886692674	137.503170107	-8.87020425845	
5.51666666667	0.0	0.0	0.0 	0.0 	197.916666667 	25.0 	0.0 	0.0 	0.0 	-0.0 	25.0 	0.0 	0.0 	0.0 	3.78812626036	4.17886692799	137.448809156	-8.90231298808	
5.53333333333	0.0	0.0	0.0 	0.0 	198.333333333 	25.0 	0.0 	0.0 	0.0 	-0.0 	25.0 	0.0 	0.0 	0.0 	3.80706561839	4.17886692903	137.394176419	-8.9345822505	
5.55	0.0	0.0	0.0 	0.0 	198.75 	25.0 	0.0 	0.0 	0.0 	-0.0 	25.0 	0.0 	0.0 	0.0 	3.82578508124	4.17886692989	137.33927505	-8.96701018187	
5.56666666667	0.0	0.0	0.0 	0.0 	199.166666667 	25.0 	0.0 	0.0 	0.0 	-0.0 	25.0 	0.0 	0.0 	0.0 	3.84428720202	4.17886693062	137.28410817	-8.99959493997	
5.58333333333	0.0	0.0	0.0 	0.0 	199.583333333 	25.0 	0.0 	0.0 	0.0 	-0.0 	25.0 	0.0 	0.0 	0.0 	3.86257450417	4.17886693122	137.228678861	-9.03233470396	
5.6	0.0	0.0	0.0 	0.0 	200.0 	25.0 	0.0 	0.0 	0.0 	-0.0 	25.0 	0.0 	0.0 	0.0 	3.88064948184	4.17886693172	137.172990169	-9.06522767417	
5.61666666667	0.0	0.0	0.0 	0.0 	200.416666667 	25.0 	0.0 	0.0 	0.0 	-0.0 	25.0 	0.0 	0.0 	0.0 	3.89851460021	4.17886693214	137.117045106	-9.09827207178	
5.63333333333	0.0	0.0	0.0 	0.0 	200.833333333 	25.0 	0.0 	0.0 	0.0 	-0.0 	25.0 	0.0 	0.0 	0.0 	3.91617229587	4.17886693249	137.060846649	-9.13146613867	
5.65	0.0	0.0	0.0 	0.0 	201.25 	25.0 	0.0 	0.0 	0.0 	-0.0 	25.0 	0.0 	0.0 	0.0 	3.93362497708	4.17886693278	137.00439774	-9.1648081371	
5.66666666667	0.0	0.0	0.0 	0.0 	201.666666667 	25.0 	0.0 	0.0 	0.0 	-0.0 	25.0 	0.0 	0.0 	0.0 	3.95087502416	4.17886693302	136.947701287	-9.19829634952	
5.68333333333	0.0	0.0	0.0 	0.0 	202.083333333 	25.0 	0.0 	0.0 	0.0 	-0.0 	25.0 	0.0 	0.0 	0.0 	3.9679247898	4.17886693322	136.890760164	-9.23192907831	
5.7	0.0	0.0	0.0 	0.0 	202.5 	25.0 	0.0 	0.0 	0.0 	-0.0 	25.0 	0.0 	0.0 	0.0 	3.98477659935	4.17886693339	136.833577211	-9.26570464556	
5.71666666667	0.0	0.0	0.0 	0.0 	202.916666667 	25.0 	0.0 	0.0 	0.0 	-0.0 	25.0 	0.0 	0.0 	0.0 	4.00143275119	4.17886693353	136.776155236	-9.29962139287	
5.73333333333	0.0	0.0	0.0 	0.0 	203.333333333 	25.0 	0.0 	0.0 	0.0 	-0.0 	25.0 	0.0 	0.0 	0.0 	4.01789551701	4.17886693365	136.718497015	-9.33367768105	
5.75	0.0	0.0	0.0 	0.0 	203.75 	25.0 	0.0 	0.0 	0.0 	-0.0 	25.0 	0.0 	0.0 	0.0 	4.03416714209	4.17886693375	136.660605291	-9.36787188997	
5.76666666667	0.0	0.0	0.0 	0.0 	204.166666667 	25.0 	0.0 	0.0 	0.0 	-0.0 	25.0 	0.0 	0.0 	0.0 	4.05024984568	4.17886693383	136.602482774	-9.40220241831	
5.78333333333	0.0	0.0	0.0 	0.0 	204.583333333 	25.0 	0.0 	0.0 	0.0 	-0.0 	25.0 	0.0 	0.0 	0.0 	4.06614582126	4.1788669339	136.544132144	-9.43666768333	
5.8	0.0	0.0	0.0 	0.0 	205.0 	25.0 	0.0 	0.0 	0.0 	-0.0 	25.0 	0.0 	0.0 	0.0 	4.08185723682	4.17886693395	136.485556049	-9.47126612068	
5.81666666667	0.0	0.0	0.0 	0.0 	205.416666667 	25.0 	0.0 	0.0 	0.0 	-0.0 	25.0 	0.0 	0.0 	0.0 	4.09738623519	4.178866934	136.426757108	-9.50599618415	
5.83333333333	0.0	0.0	0.0 	0.0 	205.833333333 	25.0 	0.0 	0.0 	0.0 	-0.0 	25.0 	0.0 	0.0 	0.0 	4.11273493433	4.17886693404	136.367737908	-9.54085634551	
5.85	0.0	0.0	0.0 	0.0 	206.25 	25.0 	0.0 	0.0 	0.0 	-0.0 	25.0 	0.0 	0.0 	0.0 	4.1279054276	4.17886693407	136.308501006	-9.57584509426	
5.86666666667	0.0	0.0	0.0 	0.0 	206.666666667 	25.0 	0.0 	0.0 	0.0 	-0.0 	25.0 	0.0 	0.0 	0.0 	4.14289978406	4.1788669341	136.249048929	-9.61096093743	
5.88333333333	0.0	0.0	0.0 	0.0 	207.083333333 	25.0 	0.0 	0.0 	0.0 	-0.0 	25.0 	0.0 	0.0 	0.0 	4.15772004874	4.17886693412	136.189384177	-9.64620239939	
5.9	0.0	0.0	0.0 	0.0 	207.5 	25.0 	0.0 	0.0 	0.0 	-0.0 	25.0 	0.0 	0.0 	0.0 	4.17236824293	4.17886693414	136.129509218	-9.68156802166	
5.91666666667	0.0	0.0	0.0 	0.0 	207.916666667 	25.0 	0.0 	0.0 	0.0 	-0.0 	25.0 	0.0 	0.0 	0.0 	4.18684636446	4.17886693415	136.069426492	-9.71705636267	
5.93333333333	0.0	0.0	0.0 	0.0 	208.333333333 	25.0 	0.0 	0.0 	0.0 	-0.0 	25.0 	0.0 	0.0 	0.0 	4.20115638794	4.17886693417	136.009138413	-9.75266599759	
5.95	0.0	0.0	0.0 	0.0 	208.75 	25.0 	0.0 	0.0 	0.0 	-0.0 	25.0 	0.0 	0.0 	0.0 	4.21530026508	4.17886693418	135.948647364	-9.78839551815	
5.96666666667	0.0	0.0	0.0 	0.0 	209.166666667 	25.0 	0.0 	0.0 	0.0 	-0.0 	25.0 	0.0 	0.0 	0.0 	4.22927992493	4.17886693419	135.887955702	-9.82424353241	
5.98333333333	0.0	0.0	0.0 	0.0 	209.583333333 	25.0 	0.0 	0.0 	0.0 	-0.0 	25.0 	0.0 	0.0 	0.0 	4.24309727411	4.1788669342	135.827065756	-9.86020866461	
6.0	0.0	0.0	0.0 	0.0 	210.0 	25.0 	0.0 	0.0 	0.0 	-0.0 	25.0 	0.0 	0.0 	0.0 	4.25675419715	4.1788669342	135.765979828	-9.89628955494	
6.01666666667	0.0	0.0	0.0 	0.0 	210.416666667 	25.0 	0.0 	0.0 	0.0 	-0.0 	25.0 	0.0 	0.0 	0.0 	4.27025255666	4.17886693421	135.704700195	-9.93248485941	
6.03333333333	0.0	0.0	0.0 	0.0 	210.833333333 	25.0 	0.0 	0.0 	0.0 	-0.0 	25.0 	0.0 	0.0 	0.0 	4.28359419364	4.17886693421	135.643229104	-9.9687932496	
6.05	0.0	0.0	0.0 	0.0 	211.25 	25.0 	0.0 	0.0 	0.0 	-0.0 	25.0 	0.0 	0.0 	0.0 	4.29678092772	4.17886693421	135.581568778	-10.0052134125	
6.06666666667	0.0	0.0	0.0 	0.0 	211.666666667 	25.0 	0.0 	0.0 	0.0 	-0.0 	25.0 	0.0 	0.0 	0.0 	4.3098145574	4.17886693422	135.519721416	-10.0417440505	
6.08333333333	0.0	0.0	0.0 	0.0 	212.083333333 	25.0 	0.0 	0.0 	0.0 	-0.0 	25.0 	0.0 	0.0 	0.0 	4.32269686029	4.17886693422	135.457689188	-10.0783838808	
6.1	0.0	0.0	0.0 	0.0 	212.5 	25.0 	0.0 	0.0 	0.0 	-0.0 	25.0 	0.0 	0.0 	0.0 	4.33542959337	4.17886693422	135.39547424	-10.1151316356	
6.11666666667	0.0	0.0	0.0 	0.0 	212.916666667 	25.0 	0.0 	0.0 	0.0 	-0.0 	25.0 	0.0 	0.0 	0.0 	4.34801449323	4.17886693422	135.333078695	-10.151986062	
6.13333333333	0.0	0.0	0.0 	0.0 	213.333333333 	25.0 	0.0 	0.0 	0.0 	-0.0 	25.0 	0.0 	0.0 	0.0 	4.36045327626	4.17886693423	135.270504649	-10.1889459213	
6.15	0.0	0.0	0.0 	0.0 	213.75 	25.0 	0.0 	0.0 	0.0 	-0.0 	25.0 	0.0 	0.0 	0.0 	4.37274763897	4.17886693423	135.207754175	-10.2260099896	
6.16666666667	0.0	0.0	0.0 	0.0 	214.166666667 	25.0 	0.0 	0.0 	0.0 	-0.0 	25.0 	0.0 	0.0 	0.0 	4.38489925815	4.17886693423	135.14482932	-10.2631770568	
6.18333333333	0.0	0.0	0.0 	0.0 	214.583333333 	25.0 	0.0 	0.0 	0.0 	-0.0 	25.0 	0.0 	0.0 	0.0 	4.3969097911	4.17886693423	135.08173211	-10.300445927	
6.2	0.0	0.0	0.0 	0.0 	215.0 	25.0 	0.0 	0.0 	0.0 	-0.0 	25.0 	0.0 	0.0 	0.0 	4.40878087593	4.17886693423	135.018464546	-10.3378154184	
6.21666666667	0.0	0.0	0.0 	0.0 	215.416666667 	25.0 	0.0 	0.0 	0.0 	-0.0 	25.0 	0.0 	0.0 	0.0 	4.42051413167	4.17886693423	134.955028606	-10.3752843626	
6.23333333333	0.0	0.0	0.0 	0.0 	215.833333333 	25.0 	0.0 	0.0 	0.0 	-0.0 	25.0 	0.0 	0.0 	0.0 	4.43211115861	4.17886693423	134.891426244	-10.412851605	
6.25	0.0	0.0	0.0 	0.0 	216.25 	25.0 	0.0 	0.0 	0.0 	-0.0 	25.0 	0.0 	0.0 	0.0 	4.44357353842	4.17886693423	134.827659393	-10.4505160043	
6.26666666667	0.0	0.0	0.0 	0.0 	216.666666667 	25.0 	0.0 	0.0 	0.0 	-0.0 	25.0 	0.0 	0.0 	0.0 	4.45490283441	4.17886693423	134.763729962	-10.4882764323	
6.28333333333	0.0	0.0	0.0 	0.0 	217.083333333 	25.0 	0.0 	0.0 	0.0 	-0.0 	25.0 	0.0 	0.0 	0.0 	4.46610059176	4.17886693423	134.69963984	-10.5261317742	
6.3	0.0	0.0	0.0 	0.0 	217.5 	25.0 	0.0 	0.0 	0.0 	-0.0 	25.0 	0.0 	0.0 	0.0 	4.4771683377	4.17886693423	134.635390891	-10.5640809281	
6.31666666667	0.0	0.0	0.0 	0.0 	217.916666667 	25.0 	0.0 	0.0 	0.0 	-0.0 	25.0 	0.0 	0.0 	0.0 	4.48810758172	4.17886693423	134.570984961	-10.6021228046	
6.33333333333	0.0	0.0	0.0 	0.0 	218.333333333 	25.0 	0.0 	0.0 	0.0 	-0.0 	25.0 	0.0 	0.0 	0.0 	4.49891981579	4.17886693423	134.506423871	-10.6402563272	
6.35	0.0	0.0	0.0 	0.0 	218.75 	25.0 	0.0 	0.0 	0.0 	-0.0 	25.0 	0.0 	0.0 	0.0 	4.50960651456	4.17886693423	134.441709424	-10.6784804319	
6.36666666667	0.0	0.0	0.0 	0.0 	219.166666667 	25.0 	0.0 	0.0 	0.0 	-0.0 	25.0 	0.0 	0.0 	0.0 	4.52016913555	4.17886693423	134.376843398	-10.7167940669	
6.38333333333	0.0	0.0	0.0 	0.0 	219.583333333 	25.0 	0.0 	0.0 	0.0 	-0.0 	25.0 	0.0 	0.0 	0.0 	4.53060911937	4.17886693423	134.311827556	-10.7551961929	
6.4	0.0	0.0	0.0 	0.0 	220.0 	25.0 	0.0 	0.0 	0.0 	-0.0 	25.0 	0.0 	0.0 	0.0 	4.5409278899	4.17886693423	134.246663635	-10.7936857823	
6.41666666667	0.0	0.0	0.0 	0.0 	220.416666667 	25.0 	0.0 	0.0 	0.0 	-0.0 	25.0 	0.0 	0.0 	0.0 	4.55112685447	4.17886693423	134.181353356	-10.8322618196	
6.43333333333	0.0	0.0	0.0 	0.0 	220.833333333 	25.0 	0.0 	0.0 	0.0 	-0.0 	25.0 	0.0 	0.0 	0.0 	4.5612074041	4.17886693423	134.115898418	-10.8709233013	
6.45	0.0	0.0	0.0 	0.0 	221.25 	25.0 	0.0 	0.0 	0.0 	-0.0 	25.0 	0.0 	0.0 	0.0 	4.57117091364	4.17886693423	134.050300499	-10.9096692351	
6.46666666667	0.0	0.0	0.0 	0.0 	221.666666667 	25.0 	0.0 	0.0 	0.0 	-0.0 	25.0 	0.0 	0.0 	0.0 	4.58101874198	4.17886693423	133.984561261	-10.9484986406	
6.48333333333	0.0	0.0	0.0 	0.0 	222.083333333 	25.0 	0.0 	0.0 	0.0 	-0.0 	25.0 	0.0 	0.0 	0.0 	4.59075223225	4.17886693423	133.918682343	-10.9874105486	
6.5	0.0	0.0	0.0 	0.0 	222.5 	25.0 	0.0 	0.0 	0.0 	-0.0 	25.0 	0.0 	0.0 	0.0 	4.60037271195	4.17886693423	133.852665368	-11.0264040013	
6.51666666667	0.0	0.0	0.0 	0.0 	222.916666667 	25.0 	0.0 	0.0 	0.0 	-0.0 	25.0 	0.0 	0.0 	0.0 	4.60988149319	4.17886693423	133.786511939	-11.0654780518	
6.53333333333	0.0	0.0	0.0 	0.0 	223.333333333 	25.0 	0.0 	0.0 	0.0 	-0.0 	25.0 	0.0 	0.0 	0.0 	4.61927987286	4.17886693423	133.72022364	-11.1046317644	
6.55	0.0	0.0	0.0 	0.0 	223.75 	25.0 	0.0 	0.0 	0.0 	-0.0 	25.0 	0.0 	0.0 	0.0 	4.62856913276	4.17886693423	133.653802037	-11.1438642142	
6.56666666667	0.0	0.0	0.0 	0.0 	224.166666667 	25.0 	0.0 	0.0 	0.0 	-0.0 	25.0 	0.0 	0.0 	0.0 	4.63775053984	4.17886693423	133.587248677	-11.183174487	
6.58333333333	0.0	0.0	0.0 	0.0 	224.583333333 	25.0 	0.0 	0.0 	0.0 	-0.0 	25.0 	0.0 	0.0 	0.0 	4.6468253463	4.17886693423	133.520565091	-11.2225616792	
6.6	0.0	0.0	0.0 	0.0 	225.0 	25.0 	0.0 	0.0 	0.0 	-0.0 	25.0 	0.0 	0.0 	0.0 	4.65579478985	4.17886693423	133.453752789	-11.2620248977	
6.61666666667	0.0	0.0	0.0 	0.0 	225.416666667 	25.0 	0.0 	0.0 	0.0 	-0.0 	25.0 	0.0 	0.0 	0.0 	4.66466009379	4.17886693423	133.386813268	-11.3015632599	
6.63333333333	0.0	0.0	0.0 	0.0 	225.833333333 	25.0 	0.0 	0.0 	0.0 	-0.0 	25.0 	0.0 	0.0 	0.0 	4.67342246723	4.17886693423	133.319748003	-11.3411758933	
6.65	0.0	0.0	0.0 	0.0 	226.25 	25.0 	0.0 	0.0 	0.0 	-0.0 	25.0 	0.0 	0.0 	0.0 	4.68208310525	4.17886693423	133.252558456	-11.3808619356	
6.66666666667	0.0	0.0	0.0 	0.0 	226.666666667 	25.0 	0.0 	0.0 	0.0 	-0.0 	25.0 	0.0 	0.0 	0.0 	4.69064318905	4.17886693423	133.185246068	-11.4206205345	
6.68333333333	0.0	0.0	0.0 	0.0 	227.083333333 	25.0 	0.0 	0.0 	0.0 	-0.0 	25.0 	0.0 	0.0 	0.0 	4.6991038861	4.17886693423	133.117812266	-11.4604508475	
6.7	0.0	0.0	0.0 	0.0 	227.5 	25.0 	0.0 	0.0 	0.0 	-0.0 	25.0 	0.0 	0.0 	0.0 	4.70746635035	4.17886693423	133.050258459	-11.5003520419	
6.71666666667	0.0	0.0	0.0 	0.0 	227.916666667 	25.0 	0.0 	0.0 	0.0 	-0.0 	25.0 	0.0 	0.0 	0.0 	4.71573172231	4.17886693423	132.982586042	-11.540323295	
6.73333333333	0.0	0.0	0.0 	0.0 	228.333333333 	25.0 	0.0 	0.0 	0.0 	-0.0 	25.0 	0.0 	0.0 	0.0 	4.72390112928	4.17886693423	132.914796391	-11.5803637931	
6.75	0.0	0.0	0.0 	0.0 	228.75 	25.0 	0.0 	0.0 	0.0 	-0.0 	25.0 	0.0 	0.0 	0.0 	4.73197568545	4.17886693423	132.846890867	-11.6204727325	
6.76666666667	0.0	0.0	0.0 	0.0 	229.166666667 	25.0 	0.0 	0.0 	0.0 	-0.0 	25.0 	0.0 	0.0 	0.0 	4.7399564921	4.17886693423	132.778870816	-11.6606493183	
6.78333333333	0.0	0.0	0.0 	0.0 	229.583333333 	25.0 	0.0 	0.0 	0.0 	-0.0 	25.0 	0.0 	0.0 	0.0 	4.7478446377	4.17886693423	132.710737567	-11.7008927652	
6.8	0.0	0.0	0.0 	0.0 	230.0 	25.0 	0.0 	0.0 	0.0 	-0.0 	25.0 	0.0 	0.0 	0.0 	4.75564119809	4.17886693423	132.642492434	-11.741202297	
6.81666666667	0.0	0.0	0.0 	0.0 	230.416666667 	25.0 	0.0 	0.0 	0.0 	-0.0 	25.0 	0.0 	0.0 	0.0 	4.76334723661	4.17886693423	132.574136718	-11.7815771463	
6.83333333333	0.0	0.0	0.0 	0.0 	230.833333333 	25.0 	0.0 	0.0 	0.0 	-0.0 	25.0 	0.0 	0.0 	0.0 	4.77096380428	4.17886693423	132.5056717	-11.8220165548	
6.85	0.0	0.0	0.0 	0.0 	231.25 	25.0 	0.0 	0.0 	0.0 	-0.0 	25.0 	0.0 	0.0 	0.0 	4.77849193988	4.17886693423	132.437098652	-11.8625197729	
6.86666666667	0.0	0.0	0.0 	0.0 	231.666666667 	25.0 	0.0 	0.0 	0.0 	-0.0 	25.0 	0.0 	0.0 	0.0 	4.78593267017	4.17886693423	132.368418826	-11.9030860597	
6.88333333333	0.0	0.0	0.0 	0.0 	232.083333333 	25.0 	0.0 	0.0 	0.0 	-0.0 	25.0 	0.0 	0.0 	0.0 	4.79328700995	4.17886693423	132.299633463	-11.9437146831	
6.9	0.0	0.0	0.0 	0.0 	232.5 	25.0 	0.0 	0.0 	0.0 	-0.0 	25.0 	0.0 	0.0 	0.0 	4.80055596227	4.17886693423	132.230743788	-11.9844049192	
6.91666666667	0.0	0.0	0.0 	0.0 	232.916666667 	25.0 	0.0 	0.0 	0.0 	-0.0 	25.0 	0.0 	0.0 	0.0 	4.80774051851	4.17886693423	132.161751012	-12.0251560526	
6.93333333333	0.0	0.0	0.0 	0.0 	233.333333333 	25.0 	0.0 	0.0 	0.0 	-0.0 	25.0 	0.0 	0.0 	0.0 	4.81484165856	4.17886693423	132.092656332	-12.0659673764	
6.95	0.0	0.0	0.0 	0.0 	233.75 	25.0 	0.0 	0.0 	0.0 	-0.0 	25.0 	0.0 	0.0 	0.0 	4.82186035091	4.17886693423	132.023460931	-12.1068381917	
6.96666666667	0.0	0.0	0.0 	0.0 	234.166666667 	25.0 	0.0 	0.0 	0.0 	-0.0 	25.0 	0.0 	0.0 	0.0 	4.82879755283	4.17886693423	131.954165979	-12.1477678078	
6.98333333333	0.0	0.0	0.0 	0.0 	234.583333333 	25.0 	0.0 	0.0 	0.0 	-0.0 	25.0 	0.0 	0.0 	0.0 	4.83565421046	4.17886693423	131.884772632	-12.1887555419	
7.0	0.0	0.0	0.0 	0.0 	235.0 	25.0 	0.0 	0.0 	0.0 	-0.0 	25.0 	0.0 	0.0 	0.0 	4.84243125895	4.17886693423	131.815282031	-12.2298007193	
7.01666666667	0.0	0.0	0.0 	0.0 	235.416666667 	25.0 	0.0 	0.0 	0.0 	-0.0 	25.0 	0.0 	0.0 	0.0 	4.84912962261	4.17886693423	131.745695307	-12.270902673	
7.03333333333	0.0	0.0	0.0 	0.0 	235.833333333 	25.0 	0.0 	0.0 	0.0 	-0.0 	25.0 	0.0 	0.0 	0.0 	4.85575021501	4.17886693423	131.676013575	-12.3120607439	
7.05	0.0	0.0	0.0 	0.0 	236.25 	25.0 	0.0 	0.0 	0.0 	-0.0 	25.0 	0.0 	0.0 	0.0 	4.8622939391	4.17886693423	131.606237938	-12.3532742804	
7.06666666667	0.0	0.0	0.0 	0.0 	236.666666667 	25.0 	0.0 	0.0 	0.0 	-0.0 	25.0 	0.0 	0.0 	0.0 	4.86876168738	4.17886693423	131.536369487	-12.3945426385	
7.08333333333	0.0	0.0	0.0 	0.0 	237.083333333 	25.0 	0.0 	0.0 	0.0 	-0.0 	25.0 	0.0 	0.0 	0.0 	4.87515434194	4.17886693423	131.466409298	-12.4358651817	
7.1	0.0	0.0	0.0 	0.0 	237.5 	25.0 	0.0 	0.0 	0.0 	-0.0 	25.0 	0.0 	0.0 	0.0 	4.88147277468	4.17886693423	131.396358438	-12.4772412808	
7.11666666667	0.0	0.0	0.0 	0.0 	237.916666667 	25.0 	0.0 	0.0 	0.0 	-0.0 	25.0 	0.0 	0.0 	0.0 	4.88771784733	4.17886693423	131.326217959	-12.5186703142	
7.13333333333	0.0	0.0	0.0 	0.0 	238.333333333 	25.0 	0.0 	0.0 	0.0 	-0.0 	25.0 	0.0 	0.0 	0.0 	4.89389041165	4.17886693423	131.255988902	-12.5601516671	
7.15	0.0	0.0	0.0 	0.0 	238.75 	25.0 	0.0 	0.0 	0.0 	-0.0 	25.0 	0.0 	0.0 	0.0 	4.89999130949	4.17886693423	131.185672294	-12.6016847322	
7.16666666667	0.0	0.0	0.0 	0.0 	239.166666667 	25.0 	0.0 	0.0 	0.0 	-0.0 	25.0 	0.0 	0.0 	0.0 	4.90602137294	4.17886693423	131.115269153	-12.643268909	
7.18333333333	0.0	0.0	0.0 	0.0 	239.583333333 	25.0 	0.0 	0.0 	0.0 	-0.0 	25.0 	0.0 	0.0 	0.0 	4.91198142442	4.17886693423	131.044780483	-12.6849036041	
7.2	0.0	0.0	0.0 	0.0 	240.0 	25.0 	0.0 	0.0 	0.0 	-0.0 	25.0 	0.0 	0.0 	0.0 	4.91787227679	4.17886693423	130.974207278	-12.726588231	
7.21666666667	0.0	0.0	0.0 	0.0 	240.416666667 	25.0 	0.0 	0.0 	0.0 	-0.0 	25.0 	0.0 	0.0 	0.0 	4.9236947335	4.17886693423	130.903550518	-12.7683222098	
7.23333333333	0.0	0.0	0.0 	0.0 	240.833333333 	25.0 	0.0 	0.0 	0.0 	-0.0 	25.0 	0.0 	0.0 	0.0 	4.92944958866	4.17886693423	130.832811173	-12.8101049677	
7.25	0.0	0.0	0.0 	0.0 	241.25 	25.0 	0.0 	0.0 	0.0 	-0.0 	25.0 	0.0 	0.0 	0.0 	4.93513762714	4.17886693423	130.761990204	-12.8519359383	
7.26666666667	0.0	0.0	0.0 	0.0 	241.666666667 	25.0 	0.0 	0.0 	0.0 	-0.0 	25.0 	0.0 	0.0 	0.0 	4.94075962473	4.17886693423	130.691088557	-12.8938145617	
7.28333333333	0.0	0.0	0.0 	0.0 	242.083333333 	25.0 	0.0 	0.0 	0.0 	-0.0 	25.0 	0.0 	0.0 	0.0 	4.94631634819	4.17886693423	130.620107168	-12.9357402848	
7.3	0.0	0.0	0.0 	0.0 	242.5 	25.0 	0.0 	0.0 	0.0 	-0.0 	25.0 	0.0 	0.0 	0.0 	4.95180855538	4.17886693423	130.549046965	-12.9777125607	
7.31666666667	0.0	0.0	0.0 	0.0 	242.916666667 	25.0 	0.0 	0.0 	0.0 	-0.0 	25.0 	0.0 	0.0 	0.0 	4.95723699537	4.17886693423	130.477908862	-13.0197308488	
7.33333333333	0.0	0.0	0.0 	0.0 	243.333333333 	25.0 	0.0 	0.0 	0.0 	-0.0 	25.0 	0.0 	0.0 	0.0 	4.96260240854	4.17886693423	130.406693763	-13.061794615	
7.35	0.0	0.0	0.0 	0.0 	243.75 	25.0 	0.0 	0.0 	0.0 	-0.0 	25.0 	0.0 	0.0 	0.0 	4.96790552664	4.17886693423	130.335402562	-13.1039033312	
7.36666666667	0.0	0.0	0.0 	0.0 	244.166666667 	25.0 	0.0 	0.0 	0.0 	-0.0 	25.0 	0.0 	0.0 	0.0 	4.97314707296	4.17886693423	130.264036144	-13.1460564756	
7.38333333333	0.0	0.0	0.0 	0.0 	244.583333333 	25.0 	0.0 	0.0 	0.0 	-0.0 	25.0 	0.0 	0.0 	0.0 	4.97832776237	4.17886693423	130.19259538	-13.1882535322	
7.4	0.0	0.0	0.0 	0.0 	245.0 	25.0 	0.0 	0.0 	0.0 	-0.0 	25.0 	0.0 	0.0 	0.0 	4.98344830146	4.17886693423	130.121081136	-13.2304939913	
7.41666666667	0.0	0.0	0.0 	0.0 	245.416666667 	25.0 	0.0 	0.0 	0.0 	-0.0 	25.0 	0.0 	0.0 	0.0 	4.9885093886	4.17886693423	130.049494262	-13.272777349	
7.43333333333	0.0	0.0	0.0 	0.0 	245.833333333 	25.0 	0.0 	0.0 	0.0 	-0.0 	25.0 	0.0 	0.0 	0.0 	4.99351171405	4.17886693423	129.977835604	-13.3151031071	
7.45	0.0	0.0	0.0 	0.0 	246.25 	25.0 	0.0 	0.0 	0.0 	-0.0 	25.0 	0.0 	0.0 	0.0 	4.99845596007	4.17886693423	129.906105994	-13.3574707734	
7.46666666667	0.0	0.0	0.0 	0.0 	246.666666667 	25.0 	0.0 	0.0 	0.0 	-0.0 	25.0 	0.0 	0.0 	0.0 	5.00334280098	4.17886693423	129.834306256	-13.3998798613	
7.48333333333	0.0	0.0	0.0 	0.0 	247.083333333 	25.0 	0.0 	0.0 	0.0 	-0.0 	25.0 	0.0 	0.0 	0.0 	5.00817290329	4.17886693423	129.762437204	-13.4423298899	
7.5	0.0	0.0	0.0 	0.0 	247.5 	25.0 	0.0 	0.0 	0.0 	-0.0 	25.0 	0.0 	0.0 	0.0 	5.01294692576	4.17886693423	129.690499644	-13.4848203838	
7.51666666667	0.0	0.0	0.0 	0.0 	247.916666667 	25.0 	0.0 	0.0 	0.0 	-0.0 	25.0 	0.0 	0.0 	0.0 	5.01766551951	4.17886693423	129.61849437	-13.5273508732	
7.53333333333	0.0	0.0	0.0 	0.0 	248.333333333 	25.0 	0.0 	0.0 	0.0 	-0.0 	25.0 	0.0 	0.0 	0.0 	5.02232932808	4.17886693423	129.546422168	-13.5699208938	
7.55	0.0	0.0	0.0 	0.0 	248.75 	25.0 	0.0 	0.0 	0.0 	-0.0 	25.0 	0.0 	0.0 	0.0 	5.02693898757	4.17886693423	129.474283817	-13.6125299865	
7.56666666667	0.0	0.0	0.0 	0.0 	249.166666667 	25.0 	0.0 	0.0 	0.0 	-0.0 	25.0 	0.0 	0.0 	0.0 	5.03149512666	4.17886693423	129.402080083	-13.6551776977	
7.58333333333	0.0	0.0	0.0 	0.0 	249.583333333 	25.0 	0.0 	0.0 	0.0 	-0.0 	25.0 	0.0 	0.0 	0.0 	5.03599836677	4.17886693423	129.329811726	-13.6978635791	
7.6	0.0	0.0	0.0 	0.0 	250.0 	25.0 	0.0 	0.0 	0.0 	-0.0 	25.0 	0.0 	0.0 	0.0 	5.04044932206	4.17886693423	129.257479496	-13.7405871875	
7.61666666667	0.0	0.0	0.0 	0.0 	250.416666667 	25.0 	0.0 	0.0 	0.0 	-0.0 	25.0 	0.0 	0.0 	0.0 	5.04484859959	4.17886693423	129.185084136	-13.7833480848	
7.63333333333	0.0	0.0	0.0 	0.0 	250.833333333 	25.0 	0.0 	0.0 	0.0 	-0.0 	25.0 	0.0 	0.0 	0.0 	5.04919679937	4.17886693423	129.112626377	-13.8261458381	
7.65	0.0	0.0	0.0 	0.0 	251.25 	25.0 	0.0 	0.0 	0.0 	-0.0 	25.0 	0.0 	0.0 	0.0 	5.05349451444	4.17886693423	129.040106944	-13.8689800195	
7.66666666667	0.0	0.0	0.0 	0.0 	251.666666667 	25.0 	0.0 	0.0 	0.0 	-0.0 	25.0 	0.0 	0.0 	0.0 	5.05774233094	4.17886693423	128.967526553	-13.911850206	
7.68333333333	0.0	0.0	0.0 	0.0 	252.083333333 	25.0 	0.0 	0.0 	0.0 	-0.0 	25.0 	0.0 	0.0 	0.0 	5.06194082822	4.17886693423	128.894885913	-13.9547559796	
7.7	0.0	0.0	0.0 	0.0 	252.5 	25.0 	0.0 	0.0 	0.0 	-0.0 	25.0 	0.0 	0.0 	0.0 	5.0660905789	4.17886693423	128.822185722	-13.9976969271	
7.71666666667	0.0	0.0	0.0 	0.0 	252.916666667 	25.0 	0.0 	0.0 	0.0 	-0.0 	25.0 	0.0 	0.0 	0.0 	5.07019214896	4.17886693423	128.749426673	-14.0406726402	
7.73333333333	0.0	0.0	0.0 	0.0 	253.333333333 	25.0 	0.0 	0.0 	0.0 	-0.0 	25.0 	0.0 	0.0 	0.0 	5.07424609779	4.17886693423	128.676609447	-14.0836827151	
7.75	0.0	0.0	0.0 	0.0 	253.75 	25.0 	0.0 	0.0 	0.0 	-0.0 	25.0 	0.0 	0.0 	0.0 	5.0782529783	4.17886693423	128.603734722	-14.126726753	
7.76666666667	0.0	0.0	0.0 	0.0 	254.166666667 	25.0 	0.0 	0.0 	0.0 	-0.0 	25.0 	0.0 	0.0 	0.0 	5.08221333698	4.17886693423	128.530803164	-14.1698043594	
7.78333333333	0.0	0.0	0.0 	0.0 	254.583333333 	25.0 	0.0 	0.0 	0.0 	-0.0 	25.0 	0.0 	0.0 	0.0 	5.08612771397	4.17886693423	128.457815433	-14.2129151447	
7.8	0.0	0.0	0.0 	0.0 	255.0 	25.0 	0.0 	0.0 	0.0 	-0.0 	25.0 	0.0 	0.0 	0.0 	5.08999664313	4.17886693423	128.384772182	-14.2560587236	
7.81666666667	0.0	0.0	0.0 	0.0 	255.416666667 	25.0 	0.0 	0.0 	0.0 	-0.0 	25.0 	0.0 	0.0 	0.0 	5.09382065214	4.17886693423	128.311674055	-14.2992347154	
7.83333333333	0.0	0.0	0.0 	0.0 	255.833333333 	25.0 	0.0 	0.0 	0.0 	-0.0 	25.0 	0.0 	0.0 	0.0 	5.09760026255	4.17886693423	128.238521689	-14.3424427438	
7.85	0.0	0.0	0.0 	0.0 	256.25 	25.0 	0.0 	0.0 	0.0 	-0.0 	25.0 	0.0 	0.0 	0.0 	5.10133598984	4.17886693423	128.165315714	-14.3856824367	
7.86666666667	0.0	0.0	0.0 	0.0 	256.666666667 	25.0 	0.0 	0.0 	0.0 	-0.0 	25.0 	0.0 	0.0 	0.0 	5.10502834351	4.17886693423	128.092056752	-14.4289534266	
7.88333333333	0.0	0.0	0.0 	0.0 	257.083333333 	25.0 	0.0 	0.0 	0.0 	-0.0 	25.0 	0.0 	0.0 	0.0 	5.10867782717	4.17886693423	128.01874542	-14.4722553501	
7.9	0.0	0.0	0.0 	0.0 	257.5 	25.0 	0.0 	0.0 	0.0 	-0.0 	25.0 	0.0 	0.0 	0.0 	5.11228493854	4.17886693423	127.945382324	-14.5155878479	
7.91666666667	0.0	0.0	0.0 	0.0 	257.916666667 	25.0 	0.0 	0.0 	0.0 	-0.0 	25.0 	0.0 	0.0 	0.0 	5.11585016959	4.17886693423	127.871968065	-14.5589505653	
7.93333333333	0.0	0.0	0.0 	0.0 	258.333333333 	25.0 	0.0 	0.0 	0.0 	-0.0 	25.0 	0.0 	0.0 	0.0 	5.11937400657	4.17886693423	127.798503238	-14.6023431511	
7.95	0.0	0.0	0.0 	0.0 	258.75 	25.0 	0.0 	0.0 	0.0 	-0.0 	25.0 	0.0 	0.0 	0.0 	5.12285693009	4.17886693423	127.72498843	-14.6457652588	
7.96666666667	0.0	0.0	0.0 	0.0 	259.166666667 	25.0 	0.0 	0.0 	0.0 	-0.0 	25.0 	0.0 	0.0 	0.0 	5.12629941517	4.17886693423	127.651424221	-14.6892165455	
7.98333333333	0.0	0.0	0.0 	0.0 	259.583333333 	25.0 	0.0 	0.0 	0.0 	-0.0 	25.0 	0.0 	0.0 	0.0 	5.12970193132	4.17886693423	127.577811185	-14.7326966724	
8.0	0.0	0.0	0.0 	0.0 	260.0 	25.0 	0.0 	0.0 	0.0 	-0.0 	25.0 	0.0 	0.0 	0.0 	5.13306494261	4.17886693423	127.504149889	-14.7762053048	
8.01666666667	0.0	0.0	0.0 	0.0 	260.416666667 	25.0 	0.0 	0.0 	0.0 	-0.0 	25.0 	0.0 	0.0 	0.0 	5.13638890769	4.17886693423	127.430440892	-14.8197421115	
8.03333333333	0.0	0.0	0.0 	0.0 	260.833333333 	25.0 	0.0 	0.0 	0.0 	-0.0 	25.0 	0.0 	0.0 	0.0 	5.13967427993	4.17886693423	127.356684749	-14.8633067656	
8.05	0.0	0.0	0.0 	0.0 	261.25 	25.0 	0.0 	0.0 	0.0 	-0.0 	25.0 	0.0 	0.0 	0.0 	5.14292150739	4.17886693423	127.282882008	-14.9068989436	
8.06666666667	0.0	0.0	0.0 	0.0 	261.666666667 	25.0 	0.0 	0.0 	0.0 	-0.0 	25.0 	0.0 	0.0 	0.0 	5.14613103296	4.17886693423	127.209033208	-14.9505183261	
8.08333333333	0.0	0.0	0.0 	0.0 	262.083333333 	25.0 	0.0 	0.0 	0.0 	-0.0 	25.0 	0.0 	0.0 	0.0 	5.14930329437	4.17886693423	127.135138885	-14.9941645972	
8.1	0.0	0.0	0.0 	0.0 	262.5 	25.0 	0.0 	0.0 	0.0 	-0.0 	25.0 	0.0 	0.0 	0.0 	5.15243872429	4.17886693423	127.061199568	-15.0378374446	
8.11666666667	0.0	0.0	0.0 	0.0 	262.916666667 	25.0 	0.0 	0.0 	0.0 	-0.0 	25.0 	0.0 	0.0 	0.0 	5.15553775034	4.17886693423	126.987215779	-15.0815365598	
8.13333333333	0.0	0.0	0.0 	0.0 	263.333333333 	25.0 	0.0 	0.0 	0.0 	-0.0 	25.0 	0.0 	0.0 	0.0 	5.15860079518	4.17886693423	126.913188034	-15.1252616379	
8.15	0.0	0.0	0.0 	0.0 	263.75 	25.0 	0.0 	0.0 	0.0 	-0.0 	25.0 	0.0 	0.0 	0.0 	5.16162827659	4.17886693423	126.839116843	-15.1690123773	
8.16666666667	0.0	0.0	0.0 	0.0 	264.166666667 	25.0 	0.0 	0.0 	0.0 	-0.0 	25.0 	0.0 	0.0 	0.0 	5.16462060746	4.17886693423	126.765002712	-15.2127884802	
8.18333333333	0.0	0.0	0.0 	0.0 	264.583333333 	25.0 	0.0 	0.0 	0.0 	-0.0 	25.0 	0.0 	0.0 	0.0 	5.16757819591	4.17886693423	126.690846138	-15.2565896521	
8.2	0.0	0.0	0.0 	0.0 	265.0 	25.0 	0.0 	0.0 	0.0 	-0.0 	25.0 	0.0 	0.0 	0.0 	5.17050144532	4.17886693423	126.616647614	-15.3004156019	
8.21666666667	0.0	0.0	0.0 	0.0 	265.416666667 	25.0 	0.0 	0.0 	0.0 	-0.0 	25.0 	0.0 	0.0 	0.0 	5.17339075438	4.17886693423	126.542407628	-15.3442660418	
8.23333333333	0.0	0.0	0.0 	0.0 	265.833333333 	25.0 	0.0 	0.0 	0.0 	-0.0 	25.0 	0.0 	0.0 	0.0 	5.17624651716	4.17886693423	126.468126661	-15.3881406877	
8.25	0.0	0.0	0.0 	0.0 	266.25 	25.0 	0.0 	0.0 	0.0 	-0.0 	25.0 	0.0 	0.0 	0.0 	5.17906912314	4.17886693423	126.393805188	-15.4320392584	
8.26666666667	0.0	0.0	0.0 	0.0 	266.666666667 	25.0 	0.0 	0.0 	0.0 	-0.0 	25.0 	0.0 	0.0 	0.0 	5.18185895729	4.17886693423	126.31944368	-15.4759614761	
8.28333333333	0.0	0.0	0.0 	0.0 	267.083333333 	25.0 	0.0 	0.0 	0.0 	-0.0 	25.0 	0.0 	0.0 	0.0 	5.18461640011	4.17886693423	126.245042602	-15.5199070664	
8.3	0.0	0.0	0.0 	0.0 	267.5 	25.0 	0.0 	0.0 	0.0 	-0.0 	25.0 	0.0 	0.0 	0.0 	5.18734182767	4.17886693423	126.170602413	-15.5638757578	
8.31666666667	0.0	0.0	0.0 	0.0 	267.916666667 	25.0 	0.0 	0.0 	0.0 	-0.0 	25.0 	0.0 	0.0 	0.0 	5.1900356117	4.17886693423	126.096123567	-15.6078672821	
8.33333333333	0.0	0.0	0.0 	0.0 	268.333333333 	25.0 	0.0 	0.0 	0.0 	-0.0 	25.0 	0.0 	0.0 	0.0 	5.19269811958	4.17886693423	126.021606513	-15.6518813742	
8.35	0.0	0.0	0.0 	0.0 	268.75 	25.0 	0.0 	0.0 	0.0 	-0.0 	25.0 	0.0 	0.0 	0.0 	5.19532971444	4.17886693423	125.947051695	-15.6959177721	
8.36666666667	0.0	0.0	0.0 	0.0 	269.166666667 	25.0 	0.0 	0.0 	0.0 	-0.0 	25.0 	0.0 	0.0 	0.0 	5.19793075521	4.17886693423	125.872459551	-15.7399762169	
8.38333333333	0.0	0.0	0.0 	0.0 	269.583333333 	25.0 	0.0 	0.0 	0.0 	-0.0 	25.0 	0.0 	0.0 	0.0 	5.20050159663	4.17886693423	125.797830515	-15.7840564524	
8.4	0.0	0.0	0.0 	0.0 	270.0 	25.0 	0.0 	0.0 	0.0 	-0.0 	25.0 	0.0 	0.0 	0.0 	5.20304258933	4.17886693423	125.723165014	-15.8281582258	
8.41666666667	0.0	0.0	0.0 	0.0 	270.416666667 	25.0 	0.0 	0.0 	0.0 	-0.0 	25.0 	0.0 	0.0 	0.0 	5.20555407986	4.17886693423	125.648463473	-15.872281287	
8.43333333333	0.0	0.0	0.0 	0.0 	270.833333333 	25.0 	0.0 	0.0 	0.0 	-0.0 	25.0 	0.0 	0.0 	0.0 	5.20803641077	4.17886693423	125.57372631	-15.9164253888	
8.45	0.0	0.0	0.0 	0.0 	271.25 	25.0 	0.0 	0.0 	0.0 	-0.0 	25.0 	0.0 	0.0 	0.0 	5.21048992061	4.17886693423	125.498953937	-15.9605902869	
8.46666666667	0.0	0.0	0.0 	0.0 	271.666666667 	25.0 	0.0 	0.0 	0.0 	-0.0 	25.0 	0.0 	0.0 	0.0 	5.212914944	4.17886693423	125.424146765	-16.0047757399	
8.48333333333	0.0	0.0	0.0 	0.0 	272.083333333 	25.0 	0.0 	0.0 	0.0 	-0.0 	25.0 	0.0 	0.0 	0.0 	5.21531181169	4.17886693423	125.349305197	-16.0489815091	
8.5	0.0	0.0	0.0 	0.0 	272.5 	25.0 	0.0 	0.0 	0.0 	-0.0 	25.0 	0.0 	0.0 	0.0 	5.21768085058	4.17886693423	125.274429632	-16.0932073586	
8.51666666667	0.0	0.0	0.0 	0.0 	272.916666667 	25.0 	0.0 	0.0 	0.0 	-0.0 	25.0 	0.0 	0.0 	0.0 	5.22002238378	4.17886693423	125.199520465	-16.1374530553	
8.53333333333	0.0	0.0	0.0 	0.0 	273.333333333 	25.0 	0.0 	0.0 	0.0 	-0.0 	25.0 	0.0 	0.0 	0.0 	5.22233673064	4.17886693423	125.124578087	-16.1817183688	
8.55	0.0	0.0	0.0 	0.0 	273.75 	25.0 	0.0 	0.0 	0.0 	-0.0 	25.0 	0.0 	0.0 	0.0 	5.2246242068	4.17886693423	125.049602883	-16.2260030712	
8.56666666667	0.0	0.0	0.0 	0.0 	274.166666667 	25.0 	0.0 	0.0 	0.0 	-0.0 	25.0 	0.0 	0.0 	0.0 	5.22688512425	4.17886693423	124.974595233	-16.2703069376	
8.58333333333	0.0	0.0	0.0 	0.0 	274.583333333 	25.0 	0.0 	0.0 	0.0 	-0.0 	25.0 	0.0 	0.0 	0.0 	5.22911979134	4.17886693423	124.899555516	-16.3146297453	
8.6	0.0	0.0	0.0 	0.0 	275.0 	25.0 	0.0 	0.0 	0.0 	-0.0 	25.0 	0.0 	0.0 	0.0 	5.23132851287	4.17886693423	124.824484102	-16.3589712744	
8.61666666667	0.0	0.0	0.0 	0.0 	275.416666667 	25.0 	0.0 	0.0 	0.0 	-0.0 	25.0 	0.0 	0.0 	0.0 	5.23351159006	4.17886693423	124.749381361	-16.4033313077	
8.63333333333	0.0	0.0	0.0 	0.0 	275.833333333 	25.0 	0.0 	0.0 	0.0 	-0.0 	25.0 	0.0 	0.0 	0.0 	5.23566932066	4.17886693423	124.674247655	-16.4477096302	
8.65	0.0	0.0	0.0 	0.0 	276.25 	25.0 	0.0 	0.0 	0.0 	-0.0 	25.0 	0.0 	0.0 	0.0 	5.23780199896	4.17886693423	124.599083345	-16.4921060296	
8.66666666667	0.0	0.0	0.0 	0.0 	276.666666667 	25.0 	0.0 	0.0 	0.0 	-0.0 	25.0 	0.0 	0.0 	0.0 	5.23990991583	4.17886693423	124.523888785	-16.536520296	
8.68333333333	0.0	0.0	0.0 	0.0 	277.083333333 	25.0 	0.0 	0.0 	0.0 	-0.0 	25.0 	0.0 	0.0 	0.0 	5.24199335875	4.17886693423	124.448664327	-16.580952222	
8.7	0.0	0.0	0.0 	0.0 	277.5 	25.0 	0.0 	0.0 	0.0 	-0.0 	25.0 	0.0 	0.0 	0.0 	5.24405261189	4.17886693423	124.373410319	-16.6254016025	
8.71666666667	0.0	0.0	0.0 	0.0 	277.916666667 	25.0 	0.0 	0.0 	0.0 	-0.0 	25.0 	0.0 	0.0 	0.0 	5.24608795609	4.17886693423	124.298127102	-16.669868235	
8.73333333333	0.0	0.0	0.0 	0.0 	278.333333333 	25.0 	0.0 	0.0 	0.0 	-0.0 	25.0 	0.0 	0.0 	0.0 	5.24809966896	4.17886693423	124.222815016	-16.714351919	
8.75	0.0	0.0	0.0 	0.0 	278.75 	25.0 	0.0 	0.0 	0.0 	-0.0 	25.0 	0.0 	0.0 	0.0 	5.25008802487	4.17886693423	124.147474397	-16.7588524566	
8.76666666667	0.0	0.0	0.0 	0.0 	279.166666667 	25.0 	0.0 	0.0 	0.0 	-0.0 	25.0 	0.0 	0.0 	0.0 	5.25205329499	4.17886693423	124.072105576	-16.8033696521	
8.78333333333	0.0	0.0	0.0 	0.0 	279.583333333 	25.0 	0.0 	0.0 	0.0 	-0.0 	25.0 	0.0 	0.0 	0.0 	5.25399574737	4.17886693423	123.996708879	-16.8479033122	
8.8	0.0	0.0	0.0 	0.0 	280.0 	25.0 	0.0 	0.0 	0.0 	-0.0 	25.0 	0.0 	0.0 	0.0 	5.25591564693	4.17886693423	123.921284632	-16.8924532456	
8.81666666667	0.0	0.0	0.0 	0.0 	280.416666667 	25.0 	0.0 	0.0 	0.0 	-0.0 	25.0 	0.0 	0.0 	0.0 	5.25781325553	4.17886693423	123.845833153	-16.9370192634	
8.83333333333	0.0	0.0	0.0 	0.0 	280.833333333 	25.0 	0.0 	0.0 	0.0 	-0.0 	25.0 	0.0 	0.0 	0.0 	5.25968883196	4.17886693423	123.770354759	-16.9816011789	
8.85	0.0	0.0	0.0 	0.0 	281.25 	25.0 	0.0 	0.0 	0.0 	-0.0 	25.0 	0.0 	0.0 	0.0 	5.26154263204	4.17886693423	123.694849762	-17.0261988075	
8.86666666667	0.0	0.0	0.0 	0.0 	281.666666667 	25.0 	0.0 	0.0 	0.0 	-0.0 	25.0 	0.0 	0.0 	0.0 	5.2633749086	4.17886693423	123.619318471	-17.0708119668	
8.88333333333	0.0	0.0	0.0 	0.0 	282.083333333 	25.0 	0.0 	0.0 	0.0 	-0.0 	25.0 	0.0 	0.0 	0.0 	5.26518591153	4.17886693423	123.543761192	-17.1154404764	
8.9	0.0	0.0	0.0 	0.0 	282.5 	25.0 	0.0 	0.0 	0.0 	-0.0 	25.0 	0.0 	0.0 	0.0 	5.26697588784	4.17886693423	123.468178226	-17.160084158	
8.91666666667	0.0	0.0	0.0 	0.0 	282.916666667 	25.0 	0.0 	0.0 	0.0 	-0.0 	25.0 	0.0 	0.0 	0.0 	5.26874508165	4.17886693423	123.392569872	-17.2047428357	
8.93333333333	0.0	0.0	0.0 	0.0 	283.333333333 	25.0 	0.0 	0.0 	0.0 	-0.0 	25.0 	0.0 	0.0 	0.0 	5.27049373426	4.17886693423	123.316936423	-17.2494163352	
8.95	0.0	0.0	0.0 	0.0 	283.75 	25.0 	0.0 	0.0 	0.0 	-0.0 	25.0 	0.0 	0.0 	0.0 	5.27222208416	4.17886693423	123.241278173	-17.2941044844	
8.96666666667	0.0	0.0	0.0 	0.0 	284.166666667 	25.0 	0.0 	0.0 	0.0 	-0.0 	25.0 	0.0 	0.0 	0.0 	5.27393036708	4.17886693423	123.165595407	-17.3388071133	
8.98333333333	0.0	0.0	0.0 	0.0 	284.583333333 	25.0 	0.0 	0.0 	0.0 	-0.0 	25.0 	0.0 	0.0 	0.0 	5.275618816	4.17886693423	123.089888412	-17.3835240537	
9.0	0.0	0.0	0.0 	0.0 	285.0 	25.0 	0.0 	0.0 	0.0 	-0.0 	25.0 	0.0 	0.0 	0.0 	5.27728766121	4.17886693423	123.014157469	-17.4282551396	
9.01666666667	0.0	0.0	0.0 	0.0 	285.416666667 	25.0 	0.0 	0.0 	0.0 	-0.0 	25.0 	0.0 	0.0 	0.0 	5.27893713031	4.17886693423	122.938402855	-17.4730002066	
9.03333333333	0.0	0.0	0.0 	0.0 	285.833333333 	25.0 	0.0 	0.0 	0.0 	-0.0 	25.0 	0.0 	0.0 	0.0 	5.28056744827	4.17886693423	122.862624845	-17.5177590924	
9.05	0.0	0.0	0.0 	0.0 	286.25 	25.0 	0.0 	0.0 	0.0 	-0.0 	25.0 	0.0 	0.0 	0.0 	5.28217883745	4.17886693423	122.786823712	-17.5625316365	
9.06666666667	0.0	0.0	0.0 	0.0 	286.666666667 	25.0 	0.0 	0.0 	0.0 	-0.0 	25.0 	0.0 	0.0 	0.0 	5.28377151762	4.17886693423	122.710999722	-17.6073176805	
9.08333333333	0.0	0.0	0.0 	0.0 	287.083333333 	25.0 	0.0 	0.0 	0.0 	-0.0 	25.0 	0.0 	0.0 	0.0 	5.28534570599	4.17886693423	122.635153143	-17.6521170675	
9.1	0.0	0.0	0.0 	0.0 	287.5 	25.0 	0.0 	0.0 	0.0 	-0.0 	25.0 	0.0 	0.0 	0.0 	5.28690161727	4.17886693423	122.559284236	-17.6969296427	
9.11666666667	0.0	0.0	0.0 	0.0 	287.916666667 	25.0 	0.0 	0.0 	0.0 	-0.0 	25.0 	0.0 	0.0 	0.0 	5.28843946366	4.17886693423	122.48339326	-17.7417552529	
9.13333333333	0.0	0.0	0.0 	0.0 	288.333333333 	25.0 	0.0 	0.0 	0.0 	-0.0 	25.0 	0.0 	0.0 	0.0 	5.2899594549	4.17886693423	122.407480472	-17.7865937468	
9.15	0.0	0.0	0.0 	0.0 	288.75 	25.0 	0.0 	0.0 	0.0 	-0.0 	25.0 	0.0 	0.0 	0.0 	5.29146179831	4.17886693423	122.331546124	-17.8314449747	
9.16666666667	0.0	0.0	0.0 	0.0 	289.166666667 	25.0 	0.0 	0.0 	0.0 	-0.0 	25.0 	0.0 	0.0 	0.0 	5.29294669878	4.17886693423	122.255590468	-17.8763087889	
9.18333333333	0.0	0.0	0.0 	0.0 	289.583333333 	25.0 	0.0 	0.0 	0.0 	-0.0 	25.0 	0.0 	0.0 	0.0 	5.29441435883	4.17886693423	122.17961375	-17.9211850432	
9.2	0.0	0.0	0.0 	0.0 	290.0 	25.0 	0.0 	0.0 	0.0 	-0.0 	25.0 	0.0 	0.0 	0.0 	5.29586497864	4.17886693423	122.103616216	-17.9660735932	
9.21666666667	0.0	0.0	0.0 	0.0 	290.416666667 	25.0 	0.0 	0.0 	0.0 	-0.0 	25.0 	0.0 	0.0 	0.0 	5.29729875604	4.17886693423	122.027598106	-18.0109742961	
9.23333333333	0.0	0.0	0.0 	0.0 	290.833333333 	25.0 	0.0 	0.0 	0.0 	-0.0 	25.0 	0.0 	0.0 	0.0 	5.29871588659	4.17886693423	121.95155966	-18.0558870108	
9.25	0.0	0.0	0.0 	0.0 	291.25 	25.0 	0.0 	0.0 	0.0 	-0.0 	25.0 	0.0 	0.0 	0.0 	5.30011656356	4.17886693423	121.875501113	-18.1008115978	
9.26666666667	0.0	0.0	0.0 	0.0 	291.666666667 	25.0 	0.0 	0.0 	0.0 	-0.0 	25.0 	0.0 	0.0 	0.0 	5.30150097799	4.17886693423	121.7994227	-18.1457479194	
9.28333333333	0.0	0.0	0.0 	0.0 	292.083333333 	25.0 	0.0 	0.0 	0.0 	-0.0 	25.0 	0.0 	0.0 	0.0 	5.30286931869	4.17886693423	121.723324651	-18.1906958392	
9.3	0.0	0.0	0.0 	0.0 	292.5 	25.0 	0.0 	0.0 	0.0 	-0.0 	25.0 	0.0 	0.0 	0.0 	5.3042217723	4.17886693423	121.647207193	-18.2356552226	
9.31666666667	0.0	0.0	0.0 	0.0 	292.916666667 	25.0 	0.0 	0.0 	0.0 	-0.0 	25.0 	0.0 	0.0 	0.0 	5.30555852325	4.17886693423	121.571070553	-18.2806259365	
9.33333333333	0.0	0.0	0.0 	0.0 	293.333333333 	25.0 	0.0 	0.0 	0.0 	-0.0 	25.0 	0.0 	0.0 	0.0 	5.30687975388	4.17886693423	121.494914952	-18.3256078494	
9.35	0.0	0.0	0.0 	0.0 	293.75 	25.0 	0.0 	0.0 	0.0 	-0.0 	25.0 	0.0 	0.0 	0.0 	5.30818564438	4.17886693423	121.418740612	-18.3706008312	
9.36666666667	0.0	0.0	0.0 	0.0 	294.166666667 	25.0 	0.0 	0.0 	0.0 	-0.0 	25.0 	0.0 	0.0 	0.0 	5.30947637285	4.17886693423	121.342547749	-18.4156047534	
9.38333333333	0.0	0.0	0.0 	0.0 	294.583333333 	25.0 	0.0 	0.0 	0.0 	-0.0 	25.0 	0.0 	0.0 	0.0 	5.31075211534	4.17886693423	121.266336579	-18.460619489	
9.4	0.0	0.0	0.0 	0.0 	295.0 	25.0 	0.0 	0.0 	0.0 	-0.0 	25.0 	0.0 	0.0 	0.0 	5.31201304584	4.17886693423	121.190107313	-18.5056449124	
9.41666666667	0.0	0.0	0.0 	0.0 	295.416666667 	25.0 	0.0 	0.0 	0.0 	-0.0 	25.0 	0.0 	0.0 	0.0 	5.31325933632	4.17886693423	121.113860164	-18.5506808996	
9.43333333333	0.0	0.0	0.0 	0.0 	295.833333333 	25.0 	0.0 	0.0 	0.0 	-0.0 	25.0 	0.0 	0.0 	0.0 	5.31449115676	4.17886693423	121.037595337	-18.5957273279	
9.45	0.0	0.0	0.0 	0.0 	296.25 	25.0 	0.0 	0.0 	0.0 	-0.0 	25.0 	0.0 	0.0 	0.0 	5.31570867516	4.17886693423	120.961313038	-18.640784076	
9.46666666667	0.0	0.0	0.0 	0.0 	296.666666667 	25.0 	0.0 	0.0 	0.0 	-0.0 	25.0 	0.0 	0.0 	0.0 	5.31691205758	4.17886693423	120.88501347	-18.6858510242	
9.48333333333	0.0	0.0	0.0 	0.0 	297.083333333 	25.0 	0.0 	0.0 	0.0 	-0.0 	25.0 	0.0 	0.0 	0.0 	5.31810146815	4.17886693423	120.808696834	-18.730928054	
9.5	0.0	0.0	0.0 	0.0 	297.5 	25.0 	0.0 	0.0 	0.0 	-0.0 	25.0 	0.0 	0.0 	0.0 	5.31927706908	4.17886693423	120.732363328	-18.7760150484	
9.51666666667	0.0	0.0	0.0 	0.0 	297.916666667 	25.0 	0.0 	0.0 	0.0 	-0.0 	25.0 	0.0 	0.0 	0.0 	5.32043902072	4.17886693423	120.656013147	-18.8211118917	
9.53333333333	0.0	0.0	0.0 	0.0 	298.333333333 	25.0 	0.0 	0.0 	0.0 	-0.0 	25.0 	0.0 	0.0 	0.0 	5.32158748152	4.17886693423	120.579646486	-18.8662184694	
9.55	0.0	0.0	0.0 	0.0 	298.75 	25.0 	0.0 	0.0 	0.0 	-0.0 	25.0 	0.0 	0.0 	0.0 	5.32272260814	4.17886693423	120.503263534	-18.9113346687	
9.56666666667	0.0	0.0	0.0 	0.0 	299.166666667 	25.0 	0.0 	0.0 	0.0 	-0.0 	25.0 	0.0 	0.0 	0.0 	5.32384455539	4.17886693423	120.426864483	-18.9564603778	
9.58333333333	0.0	0.0	0.0 	0.0 	299.583333333 	25.0 	0.0 	0.0 	0.0 	-0.0 	25.0 	0.0 	0.0 	0.0 	5.32495347628	4.17886693423	120.350449518	-19.0015954863	
9.6	0.0	0.0	0.0 	0.0 	300.0 	25.0 	0.0 	0.0 	0.0 	-0.0 	25.0 	0.0 	0.0 	0.0 	5.32604952206	4.17886693423	120.274018825	-19.046739885	
9.61666666667	0.0	0.0	0.0 	0.0 	300.416666667 	25.0 	0.0 	0.0 	0.0 	-0.0 	25.0 	0.0 	0.0 	0.0 	5.32713284222	4.17886693423	120.197572585	-19.0918934661	
9.63333333333	0.0	0.0	0.0 	0.0 	300.833333333 	25.0 	0.0 	0.0 	0.0 	-0.0 	25.0 	0.0 	0.0 	0.0 	5.3282035845	4.17886693423	120.12111098	-19.137056123	
9.65	0.0	0.0	0.0 	0.0 	301.25 	25.0 	0.0 	0.0 	0.0 	-0.0 	25.0 	0.0 	0.0 	0.0 	5.32926189494	4.17886693423	120.044634188	-19.1822277502	
9.66666666667	0.0	0.0	0.0 	0.0 	301.666666667 	25.0 	0.0 	0.0 	0.0 	-0.0 	25.0 	0.0 	0.0 	0.0 	5.33030791789	4.17886693423	119.968142385	-19.2274082438	
9.68333333333	0.0	0.0	0.0 	0.0 	302.083333333 	25.0 	0.0 	0.0 	0.0 	-0.0 	25.0 	0.0 	0.0 	0.0 	5.33134179599	4.17886693423	119.891635746	-19.2725975006	
9.7	0.0	0.0	0.0 	0.0 	302.5 	25.0 	0.0 	0.0 	0.0 	-0.0 	25.0 	0.0 	0.0 	0.0 	5.33236367027	4.17886693423	119.815114442	-19.317795419	
9.71666666667	0.0	0.0	0.0 	0.0 	302.916666667 	25.0 	0.0 	0.0 	0.0 	-0.0 	25.0 	0.0 	0.0 	0.0 	5.33337368009	4.17886693423	119.738578644	-19.3630018984	
9.73333333333	0.0	0.0	0.0 	0.0 	303.333333333 	25.0 	0.0 	0.0 	0.0 	-0.0 	25.0 	0.0 	0.0 	0.0 	5.33437196321	4.17886693423	119.662028521	-19.4082168393	
9.75	0.0	0.0	0.0 	0.0 	303.75 	25.0 	0.0 	0.0 	0.0 	-0.0 	25.0 	0.0 	0.0 	0.0 	5.33535865577	4.17886693423	119.585464238	-19.4534401437	
9.76666666667	0.0	0.0	0.0 	0.0 	304.166666667 	25.0 	0.0 	0.0 	0.0 	-0.0 	25.0 	0.0 	0.0 	0.0 	5.33633389235	4.17886693423	119.50888596	-19.4986717143	
9.78333333333	0.0	0.0	0.0 	0.0 	304.583333333 	25.0 	0.0 	0.0 	0.0 	-0.0 	25.0 	0.0 	0.0 	0.0 	5.33729780596	4.17886693423	119.43229385	-19.5439114551	
9.8	0.0	0.0	0.0 	0.0 	305.0 	25.0 	0.0 	0.0 	0.0 	-0.0 	25.0 	0.0 	0.0 	0.0 	5.33825052806	4.17886693423	119.355688067	-19.5891592714	
9.81666666667	0.0	0.0	0.0 	0.0 	305.416666667 	25.0 	0.0 	0.0 	0.0 	-0.0 	25.0 	0.0 	0.0 	0.0 	5.3391921886	4.17886693423	119.279068772	-19.6344150694	
9.83333333333	0.0	0.0	0.0 	0.0 	305.833333333 	25.0 	0.0 	0.0 	0.0 	-0.0 	25.0 	0.0 	0.0 	0.0 	5.340122916	4.17886693423	119.20243612	-19.6796787563	
9.85	0.0	0.0	0.0 	0.0 	306.25 	25.0 	0.0 	0.0 	0.0 	-0.0 	25.0 	0.0 	0.0 	0.0 	5.3410428372	4.17886693423	119.125790267	-19.7249502406	
9.86666666667	0.0	0.0	0.0 	0.0 	306.666666667 	25.0 	0.0 	0.0 	0.0 	-0.0 	25.0 	0.0 	0.0 	0.0 	5.34195207766	4.17886693423	119.049131367	-19.7702294318	
9.88333333333	0.0	0.0	0.0 	0.0 	307.083333333 	25.0 	0.0 	0.0 	0.0 	-0.0 	25.0 	0.0 	0.0 	0.0 	5.34285076141	4.17886693423	118.972459569	-19.8155162403	
9.9	0.0	0.0	0.0 	0.0 	307.5 	25.0 	0.0 	0.0 	0.0 	-0.0 	25.0 	0.0 	0.0 	0.0 	5.34373901099	4.17886693423	118.895775025	-19.8608105778	
9.91666666667	0.0	0.0	0.0 	0.0 	307.916666667 	25.0 	0.0 	0.0 	0.0 	-0.0 	25.0 	0.0 	0.0 	0.0 	5.34461694757	4.17886693423	118.819077883	-19.9061123568	
9.93333333333	0.0	0.0	0.0 	0.0 	308.333333333 	25.0 	0.0 	0.0 	0.0 	-0.0 	25.0 	0.0 	0.0 	0.0 	5.34548469087	4.17886693423	118.742368288	-19.951421491	
9.95	0.0	0.0	0.0 	0.0 	308.75 	25.0 	0.0 	0.0 	0.0 	-0.0 	25.0 	0.0 	0.0 	0.0 	5.34634235926	4.17886693423	118.665646385	-19.9967378948	
9.96666666667	0.0	0.0	0.0 	0.0 	309.166666667 	25.0 	0.0 	0.0 	0.0 	-0.0 	25.0 	0.0 	0.0 	0.0 	5.34719006969	4.17886693423	118.588912317	-20.042061484	
9.98333333333	0.0	0.0	0.0 	0.0 	309.583333333 	25.0 	0.0 	0.0 	0.0 	-0.0 	25.0 	0.0 	0.0 	0.0 	5.3480279378	4.17886693423	118.512166226	-20.0873921751	
