0.0166666666667	0.0	0.0	0.0 	0.0 	20.4166666667 	25.0 	0.0 	0.0 	0.0 	0.0 	25.0 	0.0 	0.0 	0.0 	0.0	0.253225806452	100.0	-7.35483870968	
0.0333333333333	0.0	0.0	0.0 	0.0 	20.8333333333 	25.0 	0.0 	0.0 	0.0 	-0.0 	25.0 	0.0 	0.0 	0.0 	0.0	0.253225806452	100.0	-7.35483870968	
0.05	0.0	0.0	0.0 	0.0 	21.25 	25.0 	0.0 	0.0 	0.0 	-0.0 	25.0 	0.0 	0.0 	0.0 	0.0	0.253225806452	100.0	-7.35483870968	
0.0666666666667	0.0	0.0	0.0 	0.0 	21.6666666667 	25.0 	0.0 	0.0 	0.0 	-0.0 	25.0 	0.0 	0.0 	0.0 	0.0	0.253225806452	100.0	-7.35483870968	
0.0833333333333	0.0	0.0	0.0 	0.0 	22.0833333333 	25.0 	0.0 	0.0 	0.0 	-0.0 	25.0 	0.0 	0.0 	0.0 	0.0	0.253225806452	100.0	-7.35483870968	
0.1	0.0	0.0	0.0 	0.0 	22.5 	25.0 	0.0 	0.0 	0.0 	-0.0 	25.0 	0.0 	0.0 	0.0 	0.0	0.253225806452	100.0	-7.35483870968	
0.116666666667	0.0	0.0	0.0 	0.0 	22.9166666667 	25.0 	0.0 	0.0 	0.0 	-0.0 	25.0 	0.0 	0.0 	0.0 	0.0	0.253225806452	100.0	-7.35483870968	
0.133333333333	0.0	0.0	0.0 	0.0 	23.3333333333 	25.0 	0.0 	0.0 	0.0 	-0.0 	25.0 	0.0 	0.0 	0.0 	0.0	0.253225806452	100.0	-7.35483870968	
0.15	0.0	0.0	0.0 	0.0 	23.75 	25.0 	0.0 	0.0 	0.0 	-0.0 	25.0 	0.0 	0.0 	0.0 	0.0	0.253225806452	100.0	-7.35483870968	
0.166666666667	0.0	0.0	0.0 	0.0 	24.1666666667 	25.0 	0.0 	0.0 	0.0 	-0.0 	25.0 	0.0 	0.0 	0.0 	0.0	0.253225806452	100.0	-7.35483870968	
0.183333333333	0.0	0.0	0.0 	0.0 	24.5833333333 	25.0 	0.0 	0.0 	0.0 	-0.0 	25.0 	0.0 	0.0 	0.0 	0.0	0.253225806452	100.0	-7.35483870968	
0.2	0.0	0.0	0.0 	0.0 	25.0 	25.0 	0.0 	0.0 	0.0 	-0.0 	25.0 	0.0 	0.0 	0.0 	0.0	0.253225806452	100.0	-7.35483870968	
0.216666666667	0.0	0.0	0.0 	0.0 	25.4166666667 	25.0 	0.0 	0.0 	0.0 	-0.0 	25.0 	0.0 	0.0 	0.0 	0.0	0.253225806452	100.0	-7.35483870968	
0.233333333333	0.0	0.0	0.0 	0.0 	25.8333333333 	25.0 	0.0 	0.0 	0.0 	-0.0 	25.0 	0.0 	0.0 	0.0 	0.0	0.253225806452	100.0	-7.35483870968	
0.25	0.0	0.0	0.0 	0.0 	26.25 	25.0 	0.0 	0.0 	0.0 	-0.0 	25.0 	0.0 	0.0 	0.0 	0.0	0.253225806452	100.0	-7.35483870968	
0.266666666667	0.0	0.0	0.0 	0.0 	26.6666666667 	25.0 	0.0 	0.0 	0.0 	-0.0 	25.0 	0.0 	0.0 	0.0 	0.0	0.253225806452	100.0	-7.35483870968	
0.283333333333	0.0	0.0	0.0 	0.0 	27.0833333333 	25.0 	0.0 	0.0 	0.0 	-0.0 	25.0 	0.0 	0.0 	0.0 	0.0	0.253225806452	100.0	-7.35483870968	
0.3	0.0	0.0	0.0 	0.0 	27.5 	25.0 	0.0 	0.0 	0.0 	-0.0 	25.0 	0.0 	0.0 	0.0 	0.0	0.253225806452	100.0	-7.35483870968	
0.316666666667	0.0	0.0	0.0 	0.0 	27.9166666667 	25.0 	0.0 	0.0 	0.0 	-0.0 	25.0 	0.0 	0.0 	0.0 	0.0	0.253225806452	100.0	-7.35483870968	
0.333333333333	0.0	0.0	0.0 	0.0 	28.3333333333 	25.0 	0.0 	0.0 	0.0 	-0.0 	25.0 	0.0 	0.0 	0.0 	0.0	0.253225806452	100.0	-7.35483870968	
0.35	0.0	0.0	0.0 	0.0 	28.75 	25.0 	0.0 	0.0 	0.0 	-0.0 	25.0 	0.0 	0.0 	0.0 	0.0	0.253225806452	100.0	-7.35483870968	
0.366666666667	0.0	0.0	0.0 	0.0 	29.1666666667 	25.0 	0.0 	0.0 	0.0 	-0.0 	25.0 	0.0 	0.0 	0.0 	0.0	0.253225806452	100.0	-7.35483870968	
0.383333333333	0.0	0.0	0.0 	0.0 	29.5833333333 	25.0 	0.0 	0.0 	0.0 	-0.0 	25.0 	0.0 	0.0 	0.0 	0.0	0.253225806452	100.0	-7.35483870968	
0.4	0.0	0.0	0.0 	0.0 	30.0 	25.0 	0.0 	0.0 	0.0 	-0.0 	25.0 	0.0 	0.0 	0.0 	0.0	0.253225806452	100.0	-7.35483870968	
0.416666666667	0.0	0.0	0.0 	0.0 	30.4166666667 	25.0 	0.0 	0.0 	0.0 	-0.0 	25.0 	0.0 	0.0 	0.0 	0.0	0.253225806452	100.0	-7.35483870968	
0.433333333333	0.0	0.0	0.0 	0.0 	30.8333333333 	25.0 	0.0 	0.0 	0.0 	-0.0 	25.0 	0.0 	0.0 	0.0 	0.0	0.253225806452	100.0	-7.35483870968	
0.45	0.0	0.0	0.0 	0.0 	31.25 	25.0 	0.0 	0.0 	0.0 	-0.0 	25.0 	0.0 	0.0 	0.0 	0.0	0.253225806452	100.0	-7.35483870968	
0.466666666667	0.0	0.0	0.0 	0.0 	31.6666666667 	25.0 	0.0 	0.0 	0.0 	-0.0 	25.0 	0.0 	0.0 	0.0 	0.0	0.253225806452	100.0	-7.35483870968	
0.483333333333	0.0	0.0	0.0 	0.0 	32.0833333333 	25.0 	0.0 	0.0 	0.0 	-0.0 	25.0 	0.0 	0.0 	0.0 	0.0	0.253225806452	100.0	-7.35483870968	
0.5	0.0	0.0	0.0 	0.0 	32.5 	25.0 	0.0 	0.0 	0.0 	-0.0 	25.0 	0.0 	0.0 	0.0 	0.0	0.253225806452	100.0	-7.35483870968	
0.516666666667	0.0	0.0	0.0 	0.0 	32.9166666667 	25.0 	0.0 	0.0 	0.0 	-0.0 	25.0 	0.0 	0.0 	0.0 	0.0	0.253225806452	100.0	-7.35483870968	
0.533333333333	0.0	0.0	0.0 	0.0 	33.3333333333 	25.0 	0.0 	0.0 	0.0 	-0.0 	25.0 	0.0 	0.0 	0.0 	0.0	0.253225806452	100.0	-7.35483870968	
0.55	0.0	0.0	0.0 	0.0 	33.75 	25.0 	0.0 	0.0 	0.0 	-0.0 	25.0 	0.0 	0.0 	0.0 	0.0	0.253225806452	100.0	-7.35483870968	
0.566666666667	0.0	0.0	0.0 	0.0 	34.1666666667 	25.0 	0.0 	0.0 	0.0 	-0.0 	25.0 	0.0 	0.0 	0.0 	0.0	0.253225806452	100.0	-7.35483870968	
0.583333333333	0.0	0.0	0.0 	0.0 	34.5833333333 	25.0 	0.0 	0.0 	0.0 	-0.0 	25.0 	0.0 	0.0 	0.0 	0.0	0.253225806452	100.0	-7.35483870968	
0.6	0.0	0.0	0.0 	0.0 	35.0 	25.0 	0.0 	0.0 	0.0 	-0.0 	25.0 	0.0 	0.0 	0.0 	0.0	0.253225806452	100.0	-7.35483870968	
0.616666666667	0.0	0.0	0.0 	0.0 	35.4166666667 	25.0 	0.0 	0.0 	0.0 	-0.0 	25.0 	0.0 	0.0 	0.0 	0.0	0.253225806452	100.0	-7.35483870968	
0.633333333333	0.0	0.0	0.0 	0.0 	35.8333333333 	25.0 	0.0 	0.0 	0.0 	-0.0 	25.0 	0.0 	0.0 	0.0 	0.0	0.253225806452	100.0	-7.35483870968	
0.65	0.0	0.0	0.0 	0.0 	36.25 	25.0 	0.0 	0.0 	0.0 	-0.0 	25.0 	0.0 	0.0 	0.0 	0.0	0.253225806452	100.0	-7.35483870968	
0.666666666667	0.0	0.0	0.0 	0.0 	36.6666666667 	25.0 	0.0 	0.0 	0.0 	-0.0 	25.0 	0.0 	0.0 	0.0 	0.0	0.253225806452	100.0	-7.35483870968	
0.683333333333	0.0	0.0	0.0 	0.0 	37.0833333333 	25.0 	0.0 	0.0 	0.0 	-0.0 	25.0 	0.0 	0.0 	0.0 	0.0	0.253225806452	100.0	-7.35483870968	
0.7	0.0	0.0	0.0 	0.0 	37.5 	25.0 	0.0 	0.0 	0.0 	-0.0 	25.0 	0.0 	0.0 	0.0 	0.0	0.253225806452	100.0	-7.35483870968	
0.716666666667	0.0	0.0	0.0 	0.0 	37.9166666667 	25.0 	0.0 	0.0 	0.0 	-0.0 	25.0 	0.0 	0.0 	0.0 	0.0	0.253225806452	100.0	-7.35483870968	
0.733333333333	0.0	0.0	0.0 	0.0 	38.3333333333 	25.0 	0.0 	0.0 	0.0 	-0.0 	25.0 	0.0 	0.0 	0.0 	0.0	0.253225806452	100.0	-7.35483870968	
0.75	0.0	0.0	0.0 	0.0 	38.75 	25.0 	0.0 	0.0 	0.0 	-0.0 	25.0 	0.0 	0.0 	0.0 	0.0	0.253225806452	100.0	-7.35483870968	
0.766666666667	0.0	0.0	0.0 	0.0 	39.1666666667 	25.0 	0.0 	0.0 	0.0 	-0.0 	25.0 	0.0 	0.0 	0.0 	0.0	0.253225806452	100.0	-7.35483870968	
0.783333333333	0.0	0.0	0.0 	0.0 	39.5833333333 	25.0 	0.0 	0.0 	0.0 	-0.0 	25.0 	0.0 	0.0 	0.0 	0.0	0.253225806452	100.0	-7.35483870968	
0.8	0.0	0.0	0.0 	0.0 	40.0 	25.0 	0.0 	0.0 	0.0 	-0.0 	25.0 	0.0 	0.0 	0.0 	0.0	0.253225806452	100.0	-7.35483870968	
0.816666666667	0.0	0.0	0.0 	0.0 	40.4166666667 	25.0 	0.0 	0.0 	0.0 	-0.0 	25.0 	0.0 	0.0 	0.0 	0.047882986913	0.253225806452	100.000199934	-7.35406611026	
0.833333333333	0.0	0.0	0.0 	0.0 	40.8333333333 	25.0 	0.0 	0.0 	0.0 	-0.0 	25.0 	0.0 	0.0 	0.0 	0.0955374330109	0.253225806452	100.000598848	-7.35252459896	
0.85	0.0	0.0	0.0 	0.0 	41.25 	25.0 	0.0 	0.0 	0.0 	-0.0 	25.0 	0.0 	0.0 	0.0 	0.142964429097	0.253225806452	100.001195791	-7.35021784573	
0.866666666667	0.0	0.0	0.0 	0.0 	41.6666666667 	25.0 	0.0 	0.0 	0.0 	-0.0 	25.0 	0.0 	0.0 	0.0 	0.190165060767	0.253225806452	100.00198982	-7.34714950298	
0.883333333333	0.0	0.0	0.0 	0.0 	42.0833333333 	25.0 	0.0 	0.0 	0.0 	-0.0 	25.0 	0.0 	0.0 	0.0 	0.237140408437	0.253225806452	100.002979992	-7.34332320572	
0.9	0.0	0.0	0.0 	0.0 	42.5 	25.0 	0.0 	0.0 	0.0 	-0.0 	25.0 	0.0 	0.0 	0.0 	0.283891547365	0.253225806452	100.004165373	-7.33874257157	
0.916666666667	0.0	0.0	0.0 	0.0 	42.9166666667 	25.0 	0.0 	0.0 	0.0 	-0.0 	25.0 	0.0 	0.0 	0.0 	0.330419547678	0.253225806452	100.00554503	-7.33341120093	
0.933333333333	0.0	0.0	0.0 	0.0 	43.3333333333 	25.0 	0.0 	0.0 	0.0 	-0.0 	25.0 	0.0 	0.0 	0.0 	0.376725474394	0.253225806452	100.007118036	-7.32733267698	
0.95	0.0	0.0	0.0 	0.0 	43.75 	25.0 	0.0 	0.0 	0.0 	-0.0 	25.0 	0.0 	0.0 	0.0 	0.422810387449	0.253225806452	100.008883468	-7.32051056581	
0.966666666667	0.0	0.0	0.0 	0.0 	44.1666666667 	25.0 	0.0 	0.0 	0.0 	-0.0 	25.0 	0.0 	0.0 	0.0 	0.46867534172	0.253225806452	100.010840407	-7.31294841649	
0.983333333333	0.0	0.0	0.0 	0.0 	44.5833333333 	25.0 	0.0 	0.0 	0.0 	-0.0 	25.0 	0.0 	0.0 	0.0 	0.514321387048	0.253225806452	100.012987941	-7.30464976115	
1.0	0.0	0.0	0.0 	0.0 	45.0 	25.0 	0.0 	0.0 	0.0 	-0.0 	25.0 	0.0 	0.0 	0.0 	0.559749568265	0.253225806452	100.015325158	-7.29561811506	
1.01666666667	0.0	0.0	0.0 	0.0 	45.4166666667 	25.0 	0.0 	0.0 	0.0 	-0.0 	25.0 	0.0 	0.0 	0.0 	0.604960925214	0.253225806452	100.017851154	-7.28585697672	
1.03333333333	0.0	0.0	0.0 	0.0 	45.8333333333 	25.0 	0.0 	0.0 	0.0 	-0.0 	25.0 	0.0 	0.0 	0.0 	0.649956492776	0.253225806452	100.020565028	-7.27536982791	
1.05	0.0	0.0	0.0 	0.0 	46.25 	25.0 	0.0 	0.0 	0.0 	-0.0 	25.0 	0.0 	0.0 	0.0 	0.694737300894	0.253225806452	100.023465883	-7.26416013383	
1.06666666667	0.0	0.0	0.0 	0.0 	46.6666666667 	25.0 	0.0 	0.0 	0.0 	-0.0 	25.0 	0.0 	0.0 	0.0 	0.739304374592	0.253225806452	100.026552826	-7.25223134309	
1.08333333333	0.0	0.0	0.0 	0.0 	47.0833333333 	25.0 	0.0 	0.0 	0.0 	-0.0 	25.0 	0.0 	0.0 	0.0 	0.783658734006	0.253225806452	100.029824969	-7.23958688789	
1.1	0.0	0.0	0.0 	0.0 	47.5 	25.0 	0.0 	0.0 	0.0 	-0.0 	25.0 	0.0 	0.0 	0.0 	0.827801394397	0.253225806452	100.033281429	-7.22623018402	
1.11666666667	0.0	0.0	0.0 	0.0 	47.9166666667 	25.0 	0.0 	0.0 	0.0 	-0.0 	25.0 	0.0 	0.0 	0.0 	0.871733366187	0.253225806452	100.036921326	-7.21216463097	
1.13333333333	0.0	0.0	0.0 	0.0 	48.3333333333 	25.0 	0.0 	0.0 	0.0 	-0.0 	25.0 	0.0 	0.0 	0.0 	0.915455654971	0.253225806452	100.040743783	-7.19739361201	
1.15	0.0	0.0	0.0 	0.0 	48.75 	25.0 	0.0 	0.0 	0.0 	-0.0 	25.0 	0.0 	0.0 	0.0 	0.958969261544	0.253225806452	100.04474793	-7.18192049426	
1.16666666667	0.0	0.0	0.0 	0.0 	49.1666666667 	25.0 	0.0 	0.0 	0.0 	-0.0 	25.0 	0.0 	0.0 	0.0 	1.00227518193	0.253225806452	100.0489329	-7.16574862877	
1.18333333333	0.0	0.0	0.0 	0.0 	49.5833333333 	25.0 	0.0 	0.0 	0.0 	-0.0 	25.0 	0.0 	0.0 	0.0 	1.04537440739	0.253225806452	100.053297829	-7.14888135059	
1.2	0.0	0.0	0.0 	0.0 	50.0 	25.0 	0.0 	0.0 	0.0 	-0.0 	25.0 	0.0 	0.0 	0.0 	1.08826792446	0.253225806452	100.057841859	-7.13132197887	
1.21666666667	0.0	0.0	0.0 	0.0 	50.4166666667 	25.0 	0.0 	0.0 	0.0 	-0.0 	25.0 	0.0 	0.0 	0.0 	1.13095671496	0.253225806452	100.062564135	-7.11307381689	
1.23333333333	0.0	0.0	0.0 	0.0 	50.8333333333 	25.0 	0.0 	0.0 	0.0 	-0.0 	25.0 	0.0 	0.0 	0.0 	1.17344175605	0.253225806452	100.067463806	-7.09414015218	
1.25	0.0	0.0	0.0 	0.0 	51.25 	25.0 	0.0 	0.0 	0.0 	-0.0 	25.0 	0.0 	0.0 	0.0 	1.21572402018	0.253225806452	100.072540025	-7.07452425658	
1.26666666667	0.0	0.0	0.0 	0.0 	51.6666666667 	25.0 	0.0 	0.0 	0.0 	-0.0 	25.0 	0.0 	0.0 	0.0 	1.25780447521	0.253225806452	100.077791949	-7.05422938632	
1.28333333333	0.0	0.0	0.0 	0.0 	52.0833333333 	25.0 	0.0 	0.0 	0.0 	-0.0 	25.0 	0.0 	0.0 	0.0 	1.29968408433	0.253225806452	100.083218741	-7.03325878206	
1.3	0.0	0.0	0.0 	0.0 	52.5 	25.0 	0.0 	0.0 	0.0 	-0.0 	25.0 	0.0 	0.0 	0.0 	1.34136380618	0.253225806452	100.088819565	-7.01161566904	
1.31666666667	0.0	0.0	0.0 	0.0 	52.9166666667 	25.0 	0.0 	0.0 	0.0 	-0.0 	25.0 	0.0 	0.0 	0.0 	1.38284459479	0.253225806452	100.094593591	-6.98930325705	
1.33333333333	0.0	0.0	0.0 	0.0 	53.3333333333 	25.0 	0.0 	0.0 	0.0 	-0.0 	25.0 	0.0 	0.0 	0.0 	1.42412739964	0.253225806452	100.100539992	-6.96632474061	
1.35	0.0	0.0	0.0 	0.0 	53.75 	25.0 	0.0 	0.0 	0.0 	-0.0 	25.0 	0.0 	0.0 	0.0 	1.46521316571	0.253225806452	100.106657945	-6.94268329896	
1.36666666667	0.0	0.0	0.0 	0.0 	54.1666666667 	25.0 	0.0 	0.0 	0.0 	-0.0 	25.0 	0.0 	0.0 	0.0 	1.50610283344	0.253225806452	100.112946632	-6.91838209618	
1.38333333333	0.0	0.0	0.0 	0.0 	54.5833333333 	25.0 	0.0 	0.0 	0.0 	-0.0 	25.0 	0.0 	0.0 	0.0 	1.54679733877	0.253225806452	100.119405238	-6.89342428124	
1.4	0.0	0.0	0.0 	0.0 	55.0 	25.0 	0.0 	0.0 	0.0 	-0.0 	25.0 	0.0 	0.0 	0.0 	1.58729761321	0.253225806452	100.126032951	-6.8678129881	
1.41666666667	0.0	0.0	0.0 	0.0 	55.4166666667 	25.0 	0.0 	0.0 	0.0 	-0.0 	25.0 	0.0 	0.0 	0.0 	1.62760458381	0.253225806452	100.132828965	-6.84155133574	
1.43333333333	0.0	0.0	0.0 	0.0 	55.8333333333 	25.0 	0.0 	0.0 	0.0 	-0.0 	25.0 	0.0 	0.0 	0.0 	1.66771917317	0.253225806452	100.139792476	-6.81464242825	
1.45	0.0	0.0	0.0 	0.0 	56.25 	25.0 	0.0 	0.0 	0.0 	-0.0 	25.0 	0.0 	0.0 	0.0 	1.70764229952	0.253225806452	100.146922685	-6.78708935493	
1.46666666667	0.0	0.0	0.0 	0.0 	56.6666666667 	25.0 	0.0 	0.0 	0.0 	-0.0 	25.0 	0.0 	0.0 	0.0 	1.74737487668	0.253225806452	100.154218796	-6.75889519032	
1.48333333333	0.0	0.0	0.0 	0.0 	57.0833333333 	25.0 	0.0 	0.0 	0.0 	-0.0 	25.0 	0.0 	0.0 	0.0 	1.78691781415	0.253225806452	100.161680018	-6.73006299428	
1.5	0.0	0.0	0.0 	0.0 	57.5 	25.0 	0.0 	0.0 	0.0 	-0.0 	25.0 	0.0 	0.0 	0.0 	1.82627201704	0.253225806452	100.169305561	-6.70059581207	
1.51666666667	0.0	0.0	0.0 	0.0 	57.9166666667 	25.0 	0.0 	0.0 	0.0 	-0.0 	25.0 	0.0 	0.0 	0.0 	1.86543838616	0.253225806452	100.177094643	-6.67049667442	
1.53333333333	0.0	0.0	0.0 	0.0 	58.3333333333 	25.0 	0.0 	0.0 	0.0 	-0.0 	25.0 	0.0 	0.0 	0.0 	1.90441781804	0.253225806452	100.185046482	-6.63976859759	
1.55	0.0	0.0	0.0 	0.0 	58.75 	25.0 	0.0 	0.0 	0.0 	-0.0 	25.0 	0.0 	0.0 	0.0 	1.94321120489	0.253225806452	100.193160302	-6.60841458345	
1.56666666667	0.0	0.0	0.0 	0.0 	59.1666666667 	25.0 	0.0 	0.0 	0.0 	-0.0 	25.0 	0.0 	0.0 	0.0 	1.98181943471	0.253225806452	100.201435329	-6.57643761954	
1.58333333333	0.0	0.0	0.0 	0.0 	59.5833333333 	25.0 	0.0 	0.0 	0.0 	-0.0 	25.0 	0.0 	0.0 	0.0 	2.02024339122	0.253225806452	100.209870795	-6.54384067913	
1.6	0.0	0.0	0.0 	0.0 	60.0 	25.0 	0.0 	0.0 	0.0 	-0.0 	25.0 	0.0 	0.0 	0.0 	2.05848395394	0.253225806452	100.218465932	-6.51062672131	
1.61666666667	0.0	0.0	0.0 	0.0 	60.4166666667 	25.0 	0.0 	0.0 	0.0 	-0.0 	25.0 	0.0 	0.0 	0.0 	2.09654199819	0.253225806452	100.22721998	-6.47679869104	
1.63333333333	0.0	0.0	0.0 	0.0 	60.8333333333 	25.0 	0.0 	0.0 	0.0 	-0.0 	25.0 	0.0 	0.0 	0.0 	2.13441839512	0.253225806452	100.23613218	-6.44235951923	
1.65	0.0	0.0	0.0 	0.0 	61.25 	25.0 	0.0 	0.0 	0.0 	-0.0 	25.0 	0.0 	0.0 	0.0 	2.17211401171	0.253225806452	100.245201776	-6.40731212281	
1.66666666667	0.0	0.0	0.0 	0.0 	61.6666666667 	25.0 	0.0 	0.0 	0.0 	-0.0 	25.0 	0.0 	0.0 	0.0 	2.20962971081	0.253225806452	100.254428019	-6.37165940476	
1.68333333333	0.0	0.0	0.0 	0.0 	62.0833333333 	25.0 	0.0 	0.0 	0.0 	-0.0 	25.0 	0.0 	0.0 	0.0 	2.24696635114	0.253225806452	100.263810159	-6.33540425423	
1.7	0.0	0.0	0.0 	0.0 	62.5 	25.0 	0.0 	0.0 	0.0 	-0.0 	25.0 	0.0 	0.0 	0.0 	2.28412478734	0.253225806452	100.273347453	-6.29854954657	
1.71666666667	0.0	0.0	0.0 	0.0 	62.9166666667 	25.0 	0.0 	0.0 	0.0 	-0.0 	25.0 	0.0 	0.0 	0.0 	2.32110586996	0.253225806452	100.283039161	-6.26109814341	
1.73333333333	0.0	0.0	0.0 	0.0 	63.3333333333 	25.0 	0.0 	0.0 	0.0 	-0.0 	25.0 	0.0 	0.0 	0.0 	2.35791044548	0.253225806452	100.292884545	-6.22305289271	
1.75	0.0	0.0	0.0 	0.0 	63.75 	25.0 	0.0 	0.0 	0.0 	-0.0 	25.0 	0.0 	0.0 	0.0 	2.39453935637	0.253225806452	100.302882871	-6.18441662886	
1.76666666667	0.0	0.0	0.0 	0.0 	64.1666666667 	25.0 	0.0 	0.0 	0.0 	-0.0 	25.0 	0.0 	0.0 	0.0 	2.43099344104	0.253225806452	100.313033411	-6.1451921727	
1.78333333333	0.0	0.0	0.0 	0.0 	64.5833333333 	25.0 	0.0 	0.0 	0.0 	-0.0 	25.0 	0.0 	0.0 	0.0 	2.46727353393	0.253225806452	100.323335438	-6.10538233161	
1.8	0.0	0.0	0.0 	0.0 	65.0 	25.0 	0.0 	0.0 	0.0 	-0.0 	25.0 	0.0 	0.0 	0.0 	2.50338046549	0.253225806452	100.333788227	-6.06498989958	
1.81666666667	0.0	0.0	0.0 	0.0 	65.4166666667 	25.0 	0.0 	0.0 	0.0 	-0.0 	25.0 	0.0 	0.0 	0.0 	2.53931506219	0.253225806452	100.344391061	-6.02401765726	
1.83333333333	0.0	0.0	0.0 	0.0 	65.8333333333 	25.0 	0.0 	0.0 	0.0 	-0.0 	25.0 	0.0 	0.0 	0.0 	2.57507814657	0.253225806452	100.355143222	-5.98246837203	
1.85	0.0	0.0	0.0 	0.0 	66.25 	25.0 	0.0 	0.0 	0.0 	-0.0 	25.0 	0.0 	0.0 	0.0 	2.61067053725	0.253225806452	100.366043998	-5.94034479806	
1.86666666667	0.0	0.0	0.0 	0.0 	66.6666666667 	25.0 	0.0 	0.0 	0.0 	-0.0 	25.0 	0.0 	0.0 	0.0 	2.64609304893	0.253225806452	100.37709268	-5.89764967636	
1.88333333333	0.0	0.0	0.0 	0.0 	67.0833333333 	25.0 	0.0 	0.0 	0.0 	-0.0 	25.0 	0.0 	0.0 	0.0 	2.68134649242	0.253225806452	100.388288561	-5.85438573489	
1.9	0.0	0.0	0.0 	0.0 	67.5 	25.0 	0.0 	0.0 	0.0 	-0.0 	25.0 	0.0 	0.0 	0.0 	2.71643167467	0.253225806452	100.39963094	-5.81055568856	
1.91666666667	0.0	0.0	0.0 	0.0 	67.9166666667 	25.0 	0.0 	0.0 	0.0 	-0.0 	25.0 	0.0 	0.0 	0.0 	2.75134939878	0.253225806452	100.411119116	-5.76616223934	
1.93333333333	0.0	0.0	0.0 	0.0 	68.3333333333 	25.0 	0.0 	0.0 	0.0 	-0.0 	25.0 	0.0 	0.0 	0.0 	2.72108735105	0.264224790347	100.422963149	-5.72238469463	
1.95	0.0	0.0	0.0 	0.0 	68.75 	25.0 	0.0 	0.0 	0.0 	-0.0 	25.0 	0.0 	0.0 	0.0 	2.69082530332	0.27534609732	100.435156176	-5.67922694412	
1.96666666667	0.0	0.0	0.0 	0.0 	69.1666666667 	25.0 	0.0 	0.0 	0.0 	-0.0 	25.0 	0.0 	0.0 	0.0 	2.66056325559	0.286592478752	100.447691213	-5.63669284311	
1.98333333333	0.0	0.0	0.0 	0.0 	69.5833333333 	25.0 	0.0 	0.0 	0.0 	-0.0 	25.0 	0.0 	0.0 	0.0 	2.63030120786	0.297966779914	100.460561154	-5.5947862104	
2.0	0.0	0.0	0.0 	0.0 	70.0 	25.0 	0.0 	0.0 	0.0 	-0.0 	25.0 	0.0 	0.0 	0.0 	2.60003916014	0.30947194428	100.473758767	-5.55351082598	
2.01666666667	0.0	0.0	0.0 	0.0 	70.4166666667 	25.0 	0.0 	0.0 	0.0 	-0.0 	25.0 	0.0 	0.0 	0.0 	2.56977711241	0.321111018103	100.487276693	-5.51287042869	
2.03333333333	0.0	0.0	0.0 	0.0 	70.8333333333 	25.0 	0.0 	0.0 	0.0 	-0.0 	25.0 	0.0 	0.0 	0.0 	2.53951506468	0.332887155257	100.501107444	-5.47286871372	
2.05	0.0	0.0	0.0 	0.0 	71.25 	25.0 	0.0 	0.0 	0.0 	-0.0 	25.0 	0.0 	0.0 	0.0 	2.50925301695	0.344803622361	100.515243399	-5.43350933	
2.06666666667	0.0	0.0	0.0 	0.0 	71.6666666667 	25.0 	0.0 	0.0 	0.0 	-0.0 	25.0 	0.0 	0.0 	0.0 	2.47899096922	0.356863804226	100.529676801	-5.39479587748	
2.08333333333	0.0	0.0	0.0 	0.0 	72.0833333333 	25.0 	0.0 	0.0 	0.0 	-0.0 	25.0 	0.0 	0.0 	0.0 	2.44872892149	0.36907120962	100.544399757	-5.35673190427	
2.1	0.0	0.0	0.0 	0.0 	72.5 	25.0 	0.0 	0.0 	0.0 	-0.0 	25.0 	0.0 	0.0 	0.0 	2.41846687376	0.381429477398	100.559404232	-5.31932090363	
2.11666666667	0.0	0.0	0.0 	0.0 	72.9166666667 	25.0 	0.0 	0.0 	0.0 	-0.0 	25.0 	0.0 	0.0 	0.0 	2.38820482603	0.393942383015	100.574682047	-5.28256631084	
2.13333333333	0.0	0.0	0.0 	0.0 	73.3333333333 	25.0 	0.0 	0.0 	0.0 	-0.0 	25.0 	0.0 	0.0 	0.0 	2.3579427783	0.406613845445	100.590224881	-5.24647149989	
2.15	0.0	0.0	0.0 	0.0 	73.75 	25.0 	0.0 	0.0 	0.0 	-0.0 	25.0 	0.0 	0.0 	0.0 	2.32768073057	0.419447934554	100.606024258	-5.21103978001	
2.16666666667	0.0	0.0	0.0 	0.0 	74.1666666667 	25.0 	0.0 	0.0 	0.0 	-0.0 	25.0 	0.0 	0.0 	0.0 	2.29741868284	0.432448878941	100.622071555	-5.17627439202	
2.18333333333	0.0	0.0	0.0 	0.0 	74.5833333333 	25.0 	0.0 	0.0 	0.0 	-0.0 	25.0 	0.0 	0.0 	0.0 	2.26715663512	0.445621074307	100.638357992	-5.14217850455	
2.2	0.0	0.0	0.0 	0.0 	75.0 	25.0 	0.0 	0.0 	0.0 	-0.0 	25.0 	0.0 	0.0 	0.0 	2.23689458739	0.458969092376	100.65487463	-5.10875520997	
2.21666666667	0.0	0.0	0.0 	0.0 	75.4166666667 	25.0 	0.0 	0.0 	0.0 	-0.0 	25.0 	0.0 	0.0 	0.0 	2.20663253966	0.472497690415	100.671612369	-5.0760075202	
2.23333333333	0.0	0.0	0.0 	0.0 	75.8333333333 	25.0 	0.0 	0.0 	0.0 	-0.0 	25.0 	0.0 	0.0 	0.0 	2.17637049193	0.48621182142	100.688561945	-5.04393836227	
2.25	0.0	0.0	0.0 	0.0 	76.25 	25.0 	0.0 	0.0 	0.0 	-0.0 	25.0 	0.0 	0.0 	0.0 	2.1461084442	0.500116644997	100.705713927	-5.01255057364	
2.26666666667	0.0	0.0	0.0 	0.0 	76.6666666667 	25.0 	0.0 	0.0 	0.0 	-0.0 	25.0 	0.0 	0.0 	0.0 	2.11584639647	0.514217539018	100.723058709	-4.98184689729	
2.28333333333	0.0	0.0	0.0 	0.0 	77.0833333333 	25.0 	0.0 	0.0 	0.0 	-0.0 	25.0 	0.0 	0.0 	0.0 	2.08558434874	0.528520112106	100.740586514	-4.95182997654	
2.3	0.0	0.0	0.0 	0.0 	77.5 	25.0 	0.0 	0.0 	0.0 	-0.0 	25.0 	0.0 	0.0 	0.0 	2.05532230101	0.543030217031	100.758287383	-4.92250234961	
2.31666666667	0.0	0.0	0.0 	0.0 	77.9166666667 	25.0 	0.0 	0.0 	0.0 	-0.0 	25.0 	0.0 	0.0 	0.0 	2.02506025328	0.557753965084	100.776151179	-4.89386644388	
2.33333333333	0.0	0.0	0.0 	0.0 	78.3333333333 	25.0 	0.0 	0.0 	0.0 	-0.0 	25.0 	0.0 	0.0 	0.0 	1.99479820555	0.572697741537	100.794167575	-4.86592456981	
2.35	0.0	0.0	0.0 	0.0 	78.75 	25.0 	0.0 	0.0 	0.0 	-0.0 	25.0 	0.0 	0.0 	0.0 	1.96453615783	0.587868222263	100.812326057	-4.8386789146	
2.36666666667	0.0	0.0	0.0 	0.0 	79.1666666667 	25.0 	0.0 	0.0 	0.0 	-0.0 	25.0 	0.0 	0.0 	0.0 	1.9342741101	0.603272391644	100.830615917	-4.8121315354	
2.38333333333	0.0	0.0	0.0 	0.0 	79.5833333333 	25.0 	0.0 	0.0 	0.0 	-0.0 	25.0 	0.0 	0.0 	0.0 	1.90401206237	0.618917561876	100.849026249	-4.78628435224	
2.4	0.0	0.0	0.0 	0.0 	80.0 	25.0 	0.0 	0.0 	0.0 	-0.0 	25.0 	0.0 	0.0 	0.0 	1.87375001464	0.634811393815	100.867545946	-4.76113914048	
2.41666666667	0.0	0.0	0.0 	0.0 	80.4166666667 	25.0 	0.0 	0.0 	0.0 	-0.0 	25.0 	0.0 	0.0 	0.0 	1.84348796691	0.650961919495	100.886163697	-4.73669752289	
2.43333333333	0.0	0.0	0.0 	0.0 	80.8333333333 	25.0 	0.0 	0.0 	0.0 	-0.0 	25.0 	0.0 	0.0 	0.0 	1.81322591918	0.667377566503	100.904867978	-4.71296096125	
2.45	0.0	0.0	0.0 	0.0 	81.25 	25.0 	0.0 	0.0 	0.0 	-0.0 	25.0 	0.0 	0.0 	0.0 	1.78296387145	0.684067184388	100.923647055	-4.68993074744	
2.46666666667	0.0	0.0	0.0 	0.0 	81.6666666667 	25.0 	0.0 	0.0 	0.0 	-0.0 	25.0 	0.0 	0.0 	0.0 	1.75270182372	0.701040073302	100.942488975	-4.66760799407	
2.48333333333	0.0	0.0	0.0 	0.0 	82.0833333333 	25.0 	0.0 	0.0 	0.0 	-0.0 	25.0 	0.0 	0.0 	0.0 	1.72243977599	0.71830601513	100.961381561	-4.64599362446	
2.5	0.0	0.0	0.0 	0.0 	82.5 	25.0 	0.0 	0.0 	0.0 	-0.0 	25.0 	0.0 	0.0 	0.0 	1.69217772826	0.735875307334	100.980312411	-4.62508836211	
2.51666666667	0.0	0.0	0.0 	0.0 	82.9166666667 	25.0 	0.0 	0.0 	0.0 	-0.0 	25.0 	0.0 	0.0 	0.0 	1.66191568054	0.753758799844	100.999268891	-4.60489271948	
2.53333333333	0.0	0.0	0.0 	0.0 	83.3333333333 	25.0 	0.0 	0.0 	0.0 	-0.0 	25.0 	0.0 	0.0 	0.0 	1.63165363281	0.771967935291	101.018238135	-4.5854069861	
2.55	0.0	0.0	0.0 	0.0 	83.75 	25.0 	0.0 	0.0 	0.0 	-0.0 	25.0 	0.0 	0.0 	0.0 	1.60139158508	0.790514792983	101.037207032	-4.5666312159	
2.56666666667	0.0	0.0	0.0 	0.0 	84.1666666667 	25.0 	0.0 	0.0 	0.0 	-0.0 	25.0 	0.0 	0.0 	0.0 	1.57112953735	0.809412137025	101.056162231	-4.54856521382	
2.58333333333	0.0	0.0	0.0 	0.0 	84.5833333333 	25.0 	0.0 	0.0 	0.0 	-0.0 	25.0 	0.0 	0.0 	0.0 	1.54086748962	0.828673469085	101.075090131	-4.53120852148	
2.6	0.0	0.0	0.0 	0.0 	85.0 	25.0 	0.0 	0.0 	0.0 	-0.0 	25.0 	0.0 	0.0 	0.0 	1.51060544189	0.848313086335	101.093976879	-4.51456040197	
2.61666666667	0.0	0.0	0.0 	0.0 	85.4166666667 	25.0 	0.0 	0.0 	0.0 	-0.0 	25.0 	0.0 	0.0 	0.0 	1.48034339416	0.868346145193	101.112808363	-4.49861982365	
2.63333333333	0.0	0.0	0.0 	0.0 	85.8333333333 	25.0 	0.0 	0.0 	0.0 	-0.0 	25.0 	0.0 	0.0 	0.0 	1.45008134643	0.888788731588	101.131570211	-4.48338544286	
2.65	0.0	0.0	0.0 	0.0 	86.25 	25.0 	0.0 	0.0 	0.0 	-0.0 	25.0 	0.0 	0.0 	0.0 	1.4198192987	0.909657938549	101.150247786	-4.46885558547	
2.66666666667	0.0	0.0	0.0 	0.0 	86.6666666667 	25.0 	0.0 	0.0 	0.0 	-0.0 	25.0 	0.0 	0.0 	0.0 	1.38955725097	0.93097195207	101.168826181	-4.45502822716	
2.68333333333	0.0	0.0	0.0 	0.0 	87.0833333333 	25.0 	0.0 	0.0 	0.0 	-0.0 	25.0 	0.0 	0.0 	0.0 	1.35929520325	0.952750146317	101.187290216	-4.44190097236	
2.7	0.0	0.0	0.0 	0.0 	87.5 	25.0 	0.0 	0.0 	0.0 	-0.0 	25.0 	0.0 	0.0 	0.0 	1.32903315552	0.975013189441	101.205624434	-4.4294710317	
2.71666666667	0.0	0.0	0.0 	0.0 	87.9166666667 	25.0 	0.0 	0.0 	0.0 	-0.0 	25.0 	0.0 	0.0 	0.0 	1.29877110779	0.997783161434	101.223813099	-4.41773519782	
2.73333333333	0.0	0.0	0.0 	0.0 	88.3333333333 	25.0 	0.0 	0.0 	0.0 	-0.0 	25.0 	0.0 	0.0 	0.0 	1.26850906006	1.02108368571	101.241840192	-4.40668981952	
2.75	0.0	0.0	0.0 	0.0 	88.75 	25.0 	0.0 	0.0 	0.0 	-0.0 	25.0 	0.0 	0.0 	0.0 	1.23824701233	1.0449400764	101.259689408	-4.3963307739	
2.76666666667	0.0	0.0	0.0 	0.0 	89.1666666667 	25.0 	0.0 	0.0 	0.0 	-0.0 	25.0 	0.0 	0.0 	0.0 	1.2079849646	1.06937950361	101.277344157	-4.3866534365	
2.78333333333	0.0	0.0	0.0 	0.0 	89.5833333333 	25.0 	0.0 	0.0 	0.0 	-0.0 	25.0 	0.0 	0.0 	0.0 	1.17772291687	1.09443117943	101.29478756	-4.37765264914	
2.8	0.0	0.0	0.0 	0.0 	90.0 	25.0 	0.0 	0.0 	0.0 	-0.0 	25.0 	0.0 	0.0 	0.0 	1.14746086914	1.12012656779	101.312002448	-4.36932268528	
2.81666666667	0.0	0.0	0.0 	0.0 	90.4166666667 	25.0 	0.0 	0.0 	0.0 	-0.0 	25.0 	0.0 	0.0 	0.0 	1.11719882141	1.14649962202	101.328971367	-4.36165721269	
2.83333333333	0.0	0.0	0.0 	0.0 	90.8333333333 	25.0 	0.0 	0.0 	0.0 	-0.0 	25.0 	0.0 	0.0 	0.0 	1.08693677368	1.17358705458	101.345676573	-4.35464925308	
2.85	0.0	0.0	0.0 	0.0 	91.25 	25.0 	0.0 	0.0 	0.0 	-0.0 	25.0 	0.0 	0.0 	0.0 	1.05667472596	1.20142864432	101.362100043	-4.34829113853	
2.86666666667	0.0	0.0	0.0 	0.0 	91.6666666667 	25.0 	0.0 	0.0 	0.0 	-0.0 	25.0 	0.0 	0.0 	0.0 	1.02641267823	1.23006758778	101.37822347	-4.34257446425	
2.88333333333	0.0	0.0	0.0 	0.0 	92.0833333333 	25.0 	0.0 	0.0 	0.0 	-0.0 	25.0 	0.0 	0.0 	0.0 	0.996150630497	1.25955090221	101.394028278	-4.3374900374	
2.9	0.0	0.0	0.0 	0.0 	92.5 	25.0 	0.0 	0.0 	0.0 	-0.0 	25.0 	0.0 	0.0 	0.0 	0.965888582768	1.28992988989	101.409495626	-4.33302782148	
2.91666666667	0.0	0.0	0.0 	0.0 	92.9166666667 	25.0 	0.0 	0.0 	0.0 	-0.0 	25.0 	0.0 	0.0 	0.0 	0.935626535039	1.32126067511	101.424606418	-4.32917687592	
2.93333333333	0.0	0.0	0.0 	0.0 	93.3333333333 	25.0 	0.0 	0.0 	0.0 	-0.0 	25.0 	0.0 	0.0 	0.0 	0.90536448731	1.35360482803	101.439341323	-4.32592529019	
2.95	0.0	0.0	0.0 	0.0 	93.75 	25.0 	0.0 	0.0 	0.0 	-0.0 	25.0 	0.0 	0.0 	0.0 	0.875102439581	1.38703009283	101.453680788	-4.32326011203	
2.96666666667	0.0	0.0	0.0 	0.0 	94.1666666667 	25.0 	0.0 	0.0 	0.0 	-0.0 	25.0 	0.0 	0.0 	0.0 	0.844840391852	1.42161124169	101.46760506	-4.32116726893	
2.98333333333	0.0	0.0	0.0 	0.0 	94.5833333333 	25.0 	0.0 	0.0 	0.0 	-0.0 	25.0 	0.0 	0.0 	0.0 	0.814578344123	1.45743108177	101.48109422	-4.31963148221	
3.0	0.0	0.0	0.0 	0.0 	95.0 	25.0 	0.0 	0.0 	0.0 	-0.0 	25.0 	0.0 	0.0 	0.0 	0.784316296394	1.49458164923	101.494128211	-4.31863617288	
3.01666666667	0.0	0.0	0.0 	0.0 	95.4166666667 	25.0 	0.0 	0.0 	0.0 	-0.0 	25.0 	0.0 	0.0 	0.0 	0.754054248665	1.53316563361	101.506686885	-4.31816335809	
3.03333333333	0.0	0.0	0.0 	0.0 	95.8333333333 	25.0 	0.0 	0.0 	0.0 	-0.0 	25.0 	0.0 	0.0 	0.0 	0.723792200936	1.57329808799	101.518750051	-4.31819353731	
3.05	0.0	0.0	0.0 	0.0 	96.25 	25.0 	0.0 	0.0 	0.0 	-0.0 	25.0 	0.0 	0.0 	0.0 	0.693530153207	1.61510849668	101.53029754	-4.3187055668	
3.06666666667	0.0	0.0	0.0 	0.0 	96.6666666667 	25.0 	0.0 	0.0 	0.0 	-0.0 	25.0 	0.0 	0.0 	0.0 	0.663268105478	1.65874329408	101.541309285	-4.31967652098	
3.08333333333	0.0	0.0	0.0 	0.0 	97.0833333333 	25.0 	0.0 	0.0 	0.0 	-0.0 	25.0 	0.0 	0.0 	0.0 	0.633006057749	1.70436895809	101.55176541	-4.32108153904	
3.1	0.0	0.0	0.0 	0.0 	97.5 	25.0 	0.0 	0.0 	0.0 	-0.0 	25.0 	0.0 	0.0 	0.0 	0.60274401002	1.75217584297	101.561646351	-4.32289365506	
3.11666666667	0.0	0.0	0.0 	0.0 	97.9166666667 	25.0 	0.0 	0.0 	0.0 	-0.0 	25.0 	0.0 	0.0 	0.0 	0.572481962291	1.8023829744	101.570932996	-4.32508360944	
3.13333333333	0.0	0.0	0.0 	0.0 	98.3333333333 	25.0 	0.0 	0.0 	0.0 	-0.0 	25.0 	0.0 	0.0 	0.0 	0.542219914562	1.85524411191	101.579606858	-4.32761963948	
3.15	0.0	0.0	0.0 	0.0 	98.75 	25.0 	0.0 	0.0 	0.0 	-0.0 	25.0 	0.0 	0.0 	0.0 	0.511957866833	1.91105550303	101.587650298	-4.33046724658	
3.16666666667	0.0	0.0	0.0 	0.0 	99.1666666667 	25.0 	0.0 	0.0 	0.0 	-0.0 	25.0 	0.0 	0.0 	0.0 	0.481695819104	1.97016592928	101.595046788	-4.3335889376	
3.18333333333	0.0	0.0	0.0 	0.0 	99.5833333333 	25.0 	0.0 	0.0 	0.0 	-0.0 	25.0 	0.0 	0.0 	0.0 	0.451433771375	2.03298990767	101.601781251	-4.33694393771	
3.2	0.0	0.0	0.0 	0.0 	100.0 	25.0 	0.0 	0.0 	0.0 	-0.0 	25.0 	0.0 	0.0 	0.0 	0.421171723646	2.10002531718	101.607840484	-4.34048787285	
3.21666666667	0.0	0.0	0.0 	0.0 	100.416666667 	25.0 	0.0 	0.0 	0.0 	-0.0 	25.0 	0.0 	0.0 	0.0 	0.390909675917	2.17187735764	101.613213699	-4.34417242039	
3.23333333333	0.0	0.0	0.0 	0.0 	100.833333333 	25.0 	0.0 	0.0 	0.0 	-0.0 	25.0 	0.0 	0.0 	0.0 	0.360647628188	2.24929178249	101.617893209	-4.34794492934	
3.25	0.0	0.0	0.0 	0.0 	101.25 	25.0 	0.0 	0.0 	0.0 	-0.0 	25.0 	0.0 	0.0 	0.0 	0.330385580459	2.33320207432	101.621875328	-4.3517480155	
3.26666666667	0.0	0.0	0.0 	0.0 	101.666666667 	25.0 	0.0 	0.0 	0.0 	-0.0 	25.0 	0.0 	0.0 	0.0 	0.300123532729	2.42479822596	101.625161537	-4.35551914556	
3.28333333333	0.0	0.0	0.0 	0.0 	102.083333333 	25.0 	0.0 	0.0 	0.0 	-0.0 	25.0 	0.0 	0.0 	0.0 	0.269861485	2.52563019823	101.627760053	-4.35919024123	
3.3	0.0	0.0	0.0 	0.0 	102.5 	25.0 	0.0 	0.0 	0.0 	-0.0 	25.0 	0.0 	0.0 	0.0 	0.239599437271	2.63776938596	101.629687939	-4.36268736745	
3.31666666667	0.0	0.0	0.0 	0.0 	102.916666667 	25.0 	0.0 	0.0 	0.0 	-0.0 	25.0 	0.0 	0.0 	0.0 	0.209337389542	2.76407205209	101.630974027	-4.36593063665	
3.33333333333	0.0	0.0	0.0 	0.0 	103.333333333 	25.0 	0.0 	0.0 	0.0 	-0.0 	25.0 	0.0 	0.0 	0.0 	0.179075341813	2.90863317323	101.631663043	-4.36883460428	
3.35	0.0	0.0	0.0 	0.0 	103.75 	25.0 	0.0 	0.0 	0.0 	-0.0 	25.0 	0.0 	0.0 	0.0 	0.148813294084	3.07762376357	101.631821592	-4.37130975302	
3.36666666667	0.0	0.0	0.0 	0.0 	104.166666667 	25.0 	0.0 	0.0 	0.0 	-0.0 	25.0 	0.0 	0.0 	0.0 	0.118551246355	3.28097957204	101.631547075	-4.37326644403	
3.38333333333	0.0	0.0	0.0 	0.0 	104.583333333 	25.0 	0.0 	0.0 	0.0 	-0.0 	25.0 	0.0 	0.0 	0.0 	0.0882891986263	3.50508976903	101.631023895	-4.3746417825	
3.4	0.0	0.0	0.0 	0.0 	105.0 	25.0 	0.0 	0.0 	0.0 	-0.0 	25.0 	0.0 	0.0 	0.0 	0.0580271508973	3.69184826653	101.630518183	-4.37546614608	
3.41666666667	0.0	0.0	0.0 	0.0 	105.416666667 	25.0 	0.0 	0.0 	0.0 	-0.0 	25.0 	0.0 	0.0 	0.0 	0.0277651031683	3.84748034778	101.630217992	-4.3758183168	
3.43333333333	0.0	0.0	0.0 	0.0 	105.833333333 	25.0 	0.0 	0.0 	0.0 	-0.0 	25.0 	0.0 	0.0 	0.0 	0.0755155699584	3.97717374882	101.629284511	-4.37666251392	
3.45	0.0	0.0	0.0 	0.0 	106.25 	25.0 	0.0 	0.0 	0.0 	-0.0 	25.0 	0.0 	0.0 	0.0 	0.123038128439	4.08525158302	101.627624089	-4.37786588687	
3.46666666667	0.0	0.0	0.0 	0.0 	106.666666667 	25.0 	0.0 	0.0 	0.0 	-0.0 	25.0 	0.0 	0.0 	0.0 	0.170333866394	4.17531644485	101.62518488	-4.37931833192	
3.48333333333	0.0	0.0	0.0 	0.0 	107.083333333 	25.0 	0.0 	0.0 	0.0 	-0.0 	25.0 	0.0 	0.0 	0.0 	0.217403866416	4.25037049637	101.621941379	-4.38093348275	
3.5	0.0	0.0	0.0 	0.0 	107.5 	25.0 	0.0 	0.0 	0.0 	-0.0 	25.0 	0.0 	0.0 	0.0 	0.26424920593	4.31291553931	101.617883982	-4.38264640466	
3.51666666667	0.0	0.0	0.0 	0.0 	107.916666667 	25.0 	0.0 	0.0 	0.0 	-0.0 	25.0 	0.0 	0.0 	0.0 	0.310870957218	4.36503640843	101.613012234	-4.38441012941	
3.53333333333	0.0	0.0	0.0 	0.0 	108.333333333 	25.0 	0.0 	0.0 	0.0 	-0.0 	25.0 	0.0 	0.0 	0.0 	0.357270187445	4.40847046603	101.607330619	-4.38619208252	
3.55	0.0	0.0	0.0 	0.0 	108.75 	25.0 	0.0 	0.0 	0.0 	-0.0 	25.0 	0.0 	0.0 	0.0 	0.403447958683	4.44466551402	101.600846029	-4.38797086231	
3.56666666667	0.0	0.0	0.0 	0.0 	109.166666667 	25.0 	0.0 	0.0 	0.0 	-0.0 	25.0 	0.0 	0.0 	0.0 	0.449405327933	4.47482805402	101.593566301	-4.38973352556	
3.58333333333	0.0	0.0	0.0 	0.0 	109.583333333 	25.0 	0.0 	0.0 	0.0 	-0.0 	25.0 	0.0 	0.0 	0.0 	0.495143347153	4.49996350402	101.585499405	-4.39147338893	
3.6	0.0	0.0	0.0 	0.0 	110.0 	25.0 	0.0 	0.0 	0.0 	-0.0 	25.0 	0.0 	0.0 	0.0 	0.540663063279	4.52090971235	101.576653042	-4.39318829409	
3.61666666667	0.0	0.0	0.0 	0.0 	110.416666667 	25.0 	0.0 	0.0 	0.0 	-0.0 	25.0 	0.0 	0.0 	0.0 	0.58596551825	4.53836488596	101.567034457	-4.39487926415	
3.63333333333	0.0	0.0	0.0 	0.0 	110.833333333 	25.0 	0.0 	0.0 	0.0 	-0.0 	25.0 	0.0 	0.0 	0.0 	0.631051749033	4.55291086397	101.556650393	-4.39654947899	
3.65	0.0	0.0	0.0 	0.0 	111.25 	25.0 	0.0 	0.0 	0.0 	-0.0 	25.0 	0.0 	0.0 	0.0 	0.675922787644	4.56503251231	101.545507099	-4.39820350447	
3.66666666667	0.0	0.0	0.0 	0.0 	111.666666667 	25.0 	0.0 	0.0 	0.0 	-0.0 	25.0 	0.0 	0.0 	0.0 	0.720579661175	4.57513388593	101.533610386	-4.39984672085	
3.68333333333	0.0	0.0	0.0 	0.0 	112.083333333 	25.0 	0.0 	0.0 	0.0 	-0.0 	25.0 	0.0 	0.0 	0.0 	0.765023391815	4.58355169727	101.520965672	-4.4014849056	
3.7	0.0	0.0	0.0 	0.0 	112.5 	25.0 	0.0 	0.0 	0.0 	-0.0 	25.0 	0.0 	0.0 	0.0 	0.809254996873	4.59056654006	101.507578047	-4.40312393482	
3.71666666667	0.0	0.0	0.0 	0.0 	112.916666667 	25.0 	0.0 	0.0 	0.0 	-0.0 	25.0 	0.0 	0.0 	0.0 	0.853275488805	4.59641224239	101.493452324	-4.40476957501	
3.73333333333	0.0	0.0	0.0 	0.0 	113.333333333 	25.0 	0.0 	0.0 	0.0 	-0.0 	25.0 	0.0 	0.0 	0.0 	0.897085875232	4.60128366099	101.478593081	-4.40642734294	
3.75	0.0	0.0	0.0 	0.0 	113.75 	25.0 	0.0 	0.0 	0.0 	-0.0 	25.0 	0.0 	0.0 	0.0 	0.940687158969	4.6053431765	101.463004703	-4.40810241649	
3.76666666667	0.0	0.0	0.0 	0.0 	114.166666667 	25.0 	0.0 	0.0 	0.0 	-0.0 	25.0 	0.0 	0.0 	0.0 	0.984080338041	4.60872610608	101.446691409	-4.40979958299	
3.78333333333	0.0	0.0	0.0 	0.0 	114.583333333 	25.0 	0.0 	0.0 	0.0 	-0.0 	25.0 	0.0 	0.0 	0.0 	1.02726640571	4.61154521407	101.429657285	-4.41152321501	
3.8	0.0	0.0	0.0 	0.0 	115.0 	25.0 	0.0 	0.0 	0.0 	-0.0 	25.0 	0.0 	0.0 	0.0 	1.0702463505	4.61389447073	101.411906298	-4.41327726557	
3.81666666667	0.0	0.0	0.0 	0.0 	115.416666667 	25.0 	0.0 	0.0 	0.0 	-0.0 	25.0 	0.0 	0.0 	0.0 	1.11302115622	4.61585218461	101.393442317	-4.41506527696	
3.83333333333	0.0	0.0	0.0 	0.0 	115.833333333 	25.0 	0.0 	0.0 	0.0 	-0.0 	25.0 	0.0 	0.0 	0.0 	1.15559180197	4.61748361284	101.374269125	-4.41689039867	
3.85	0.0	0.0	0.0 	0.0 	116.25 	25.0 	0.0 	0.0 	0.0 	-0.0 	25.0 	0.0 	0.0 	0.0 	1.19795926219	4.61884313637	101.354390433	-4.41875541099	
3.86666666667	0.0	0.0	0.0 	0.0 	116.666666667 	25.0 	0.0 	0.0 	0.0 	-0.0 	25.0 	0.0 	0.0 	0.0 	1.24012450667	4.61997607264	101.333809886	-4.42066275198	
3.88333333333	0.0	0.0	0.0 	0.0 	117.083333333 	25.0 	0.0 	0.0 	0.0 	-0.0 	25.0 	0.0 	0.0 	0.0 	1.28208850056	4.6209201862	101.31253107	-4.42261454585	
3.9	0.0	0.0	0.0 	0.0 	117.5 	25.0 	0.0 	0.0 	0.0 	-0.0 	25.0 	0.0 	0.0 	0.0 	1.3238522044	4.62170694751	101.290557524	-4.42461263159	
3.91666666667	0.0	0.0	0.0 	0.0 	117.916666667 	25.0 	0.0 	0.0 	0.0 	-0.0 	25.0 	0.0 	0.0 	0.0 	1.36541657417	4.62236258192	101.267892739	-4.42665859092	
3.93333333333	0.0	0.0	0.0 	0.0 	118.333333333 	25.0 	0.0 	0.0 	0.0 	-0.0 	25.0 	0.0 	0.0 	0.0 	1.40678256127	4.62290894394	101.244540164	-4.42875377497	
3.95	0.0	0.0	0.0 	0.0 	118.75 	25.0 	0.0 	0.0 	0.0 	-0.0 	25.0 	0.0 	0.0 	0.0 	1.44795111256	4.62336424562	101.220503212	-4.43089932935	
3.96666666667	0.0	0.0	0.0 	0.0 	119.166666667 	25.0 	0.0 	0.0 	0.0 	-0.0 	25.0 	0.0 	0.0 	0.0 	1.48892317037	4.62374366368	101.195785262	-4.43309621729	
3.98333333333	0.0	0.0	0.0 	0.0 	119.583333333 	25.0 	0.0 	0.0 	0.0 	-0.0 	25.0 	0.0 	0.0 	0.0 	1.52969967256	4.6240598454	101.170389659	-4.43534524094	
4.0	0.0	0.0	0.0 	0.0 	120.0 	25.0 	0.0 	0.0 	0.0 	-0.0 	25.0 	0.0 	0.0 	0.0 	1.57028155249	4.62432333017	101.144319721	-4.4376470607	
4.01666666667	0.0	0.0	0.0 	0.0 	120.416666667 	25.0 	0.0 	0.0 	0.0 	-0.0 	25.0 	0.0 	0.0 	0.0 	1.61066973908	4.62454290081	101.117578737	-4.44000221258	
4.03333333333	0.0	0.0	0.0 	0.0 	120.833333333 	25.0 	0.0 	0.0 	0.0 	-0.0 	25.0 	0.0 	0.0 	0.0 	1.6508651568	4.62472587634	101.090169972	-4.44241112387	
4.05	0.0	0.0	0.0 	0.0 	121.25 	25.0 	0.0 	0.0 	0.0 	-0.0 	25.0 	0.0 	0.0 	0.0 	1.69086872572	4.62487835596	101.062096665	-4.44487412703	
4.06666666667	0.0	0.0	0.0 	0.0 	121.666666667 	25.0 	0.0 	0.0 	0.0 	-0.0 	25.0 	0.0 	0.0 	0.0 	1.73068136152	4.6250054223	101.033362033	-4.44739147207	
4.08333333333	0.0	0.0	0.0 	0.0 	122.083333333 	25.0 	0.0 	0.0 	0.0 	-0.0 	25.0 	0.0 	0.0 	0.0 	1.77030397549	4.62511131092	101.003969271	-4.44996333744	
4.1	0.0	0.0	0.0 	0.0 	122.5 	25.0 	0.0 	0.0 	0.0 	-0.0 	25.0 	0.0 	0.0 	0.0 	1.80973747461	4.62519955143	100.973921554	-4.45258983966	
4.11666666667	0.0	0.0	0.0 	0.0 	122.916666667 	25.0 	0.0 	0.0 	0.0 	-0.0 	25.0 	0.0 	0.0 	0.0 	1.84898276149	4.6252730852	100.943222036	-4.45527104177	
4.13333333333	0.0	0.0	0.0 	0.0 	123.333333333 	25.0 	0.0 	0.0 	0.0 	-0.0 	25.0 	0.0 	0.0 	0.0 	1.88804073445	4.62533436333	100.911873853	-4.45800696074	
4.15	0.0	0.0	0.0 	0.0 	123.75 	25.0 	0.0 	0.0 	0.0 	-0.0 	25.0 	0.0 	0.0 	0.0 	1.92691228753	4.62538542844	100.879880122	-4.46079757387	
4.16666666667	0.0	0.0	0.0 	0.0 	124.166666667 	25.0 	0.0 	0.0 	0.0 	-0.0 	25.0 	0.0 	0.0 	0.0 	1.96559831048	4.62542798271	100.847243941	-4.46364282447	
4.18333333333	0.0	0.0	0.0 	0.0 	124.583333333 	25.0 	0.0 	0.0 	0.0 	-0.0 	25.0 	0.0 	0.0 	0.0 	2.00409968883	4.62546344459	100.813968392	-4.46654262673	
4.2	0.0	0.0	0.0 	0.0 	125.0 	25.0 	0.0 	0.0 	0.0 	-0.0 	25.0 	0.0 	0.0 	0.0 	2.04241730387	4.62549299616	100.780056541	-4.46949686994	
4.21666666667	0.0	0.0	0.0 	0.0 	125.416666667 	25.0 	0.0 	0.0 	0.0 	-0.0 	25.0 	0.0 	0.0 	0.0 	2.08055203267	4.62551762247	100.745511434	-4.4725054222	
4.23333333333	0.0	0.0	0.0 	0.0 	125.833333333 	25.0 	0.0 	0.0 	0.0 	-0.0 	25.0 	0.0 	0.0 	0.0 	2.11850474814	4.62553814439	100.710336105	-4.47556813358	
4.25	0.0	0.0	0.0 	0.0 	126.25 	25.0 	0.0 	0.0 	0.0 	-0.0 	25.0 	0.0 	0.0 	0.0 	2.15627631901	4.625555246	100.674533569	-4.47868483884	
4.26666666667	0.0	0.0	0.0 	0.0 	126.666666667 	25.0 	0.0 	0.0 	0.0 	-0.0 	25.0 	0.0 	0.0 	0.0 	2.19386760987	4.62556949733	100.638106827	-4.48185535983	
4.28333333333	0.0	0.0	0.0 	0.0 	127.083333333 	25.0 	0.0 	0.0 	0.0 	-0.0 	25.0 	0.0 	0.0 	0.0 	2.23127948117	4.62558137344	100.601058864	-4.48507950751	
4.3	0.0	0.0	0.0 	0.0 	127.5 	25.0 	0.0 	0.0 	0.0 	-0.0 	25.0 	0.0 	0.0 	0.0 	2.26851278927	4.62559127021	100.56339265	-4.4883570837	
4.31666666667	0.0	0.0	0.0 	0.0 	127.916666667 	25.0 	0.0 	0.0 	0.0 	-0.0 	25.0 	0.0 	0.0 	0.0 	2.30556838642	4.62559951751	100.52511114	-4.49168788256	
4.33333333333	0.0	0.0	0.0 	0.0 	128.333333333 	25.0 	0.0 	0.0 	0.0 	-0.0 	25.0 	0.0 	0.0 	0.0 	2.34244712084	4.62560639026	100.486217274	-4.49507169193	
4.35	0.0	0.0	0.0 	0.0 	128.75 	25.0 	0.0 	0.0 	0.0 	-0.0 	25.0 	0.0 	0.0 	0.0 	2.37914983666	4.62561211755	100.44671398	-4.49850829439	
4.36666666667	0.0	0.0	0.0 	0.0 	129.166666667 	25.0 	0.0 	0.0 	0.0 	-0.0 	25.0 	0.0 	0.0 	0.0 	2.415677374	4.62561689029	100.406604167	-4.50199746823	
4.38333333333	0.0	0.0	0.0 	0.0 	129.583333333 	25.0 	0.0 	0.0 	0.0 	-0.0 	25.0 	0.0 	0.0 	0.0 	2.45203056898	4.62562086758	100.365890732	-4.50553898823	
4.4	0.0	0.0	0.0 	0.0 	130.0 	25.0 	0.0 	0.0 	0.0 	-0.0 	25.0 	0.0 	0.0 	0.0 	2.48821025372	4.62562418198	100.32457656	-4.50913262638	
4.41666666667	0.0	0.0	0.0 	0.0 	130.416666667 	25.0 	0.0 	0.0 	0.0 	-0.0 	25.0 	0.0 	0.0 	0.0 	2.52421725636	4.62562694399	100.282664518	-4.51277815248	
4.43333333333	0.0	0.0	0.0 	0.0 	130.833333333 	25.0 	0.0 	0.0 	0.0 	-0.0 	25.0 	0.0 	0.0 	0.0 	2.56005240109	4.62562924566	100.240157462	-4.51647533459	
4.45	0.0	0.0	0.0 	0.0 	131.25 	25.0 	0.0 	0.0 	0.0 	-0.0 	25.0 	0.0 	0.0 	0.0 	2.59571650819	4.62563116372	100.197058233	-4.5202239395	
4.46666666667	0.0	0.0	0.0 	0.0 	131.666666667 	25.0 	0.0 	0.0 	0.0 	-0.0 	25.0 	0.0 	0.0 	0.0 	2.63121039398	4.6256327621	100.153369658	-4.52402373308	
4.48333333333	0.0	0.0	0.0 	0.0 	132.083333333 	25.0 	0.0 	0.0 	0.0 	-0.0 	25.0 	0.0 	0.0 	0.0 	2.66653487093	4.62563409409	100.10909455	-4.52787448061	
4.5	0.0	0.0	0.0 	0.0 	132.5 	25.0 	0.0 	0.0 	0.0 	-0.0 	25.0 	0.0 	0.0 	0.0 	2.70169074761	4.62563520407	100.064235711	-4.53177594701	
4.51666666667	0.0	0.0	0.0 	0.0 	132.916666667 	25.0 	0.0 	0.0 	0.0 	-0.0 	25.0 	0.0 	0.0 	0.0 	2.73667882872	4.62563612906	100.018795926	-4.53572789708	
4.53333333333	0.0	0.0	0.0 	0.0 	133.333333333 	25.0 	0.0 	0.0 	0.0 	-0.0 	25.0 	0.0 	0.0 	0.0 	2.77149991514	4.62563689989	99.9727779693	-4.53973009569	
4.55	0.0	0.0	0.0 	0.0 	133.75 	25.0 	0.0 	0.0 	0.0 	-0.0 	25.0 	0.0 	0.0 	0.0 	2.80615480392	4.62563754224	99.9261846005	-4.54378230794	
4.56666666667	0.0	0.0	0.0 	0.0 	134.166666667 	25.0 	0.0 	0.0 	0.0 	-0.0 	25.0 	0.0 	0.0 	0.0 	2.84064428831	4.62563807754	99.8790185664	-4.54788429929	
4.58333333333	0.0	0.0	0.0 	0.0 	134.583333333 	25.0 	0.0 	0.0 	0.0 	-0.0 	25.0 	0.0 	0.0 	0.0 	2.87496915775	4.62563852362	99.8312826006	-4.55203583568	
4.6	0.0	0.0	0.0 	0.0 	135.0 	25.0 	0.0 	0.0 	0.0 	-0.0 	25.0 	0.0 	0.0 	0.0 	2.90913019796	4.62563889535	99.7829794236	-4.55623668362	
4.61666666667	0.0	0.0	0.0 	0.0 	135.416666667 	25.0 	0.0 	0.0 	0.0 	-0.0 	25.0 	0.0 	0.0 	0.0 	2.94312819085	4.62563920513	99.7341117429	-4.56048661027	
4.63333333333	0.0	0.0	0.0 	0.0 	135.833333333 	25.0 	0.0 	0.0 	0.0 	-0.0 	25.0 	0.0 	0.0 	0.0 	2.97696391465	4.62563946327	99.6846822529	-4.56478538351	
4.65	0.0	0.0	0.0 	0.0 	136.25 	25.0 	0.0 	0.0 	0.0 	-0.0 	25.0 	0.0 	0.0 	0.0 	3.01063814385	4.6256396784	99.6346936353	-4.56913277201	
4.66666666667	0.0	0.0	0.0 	0.0 	136.666666667 	25.0 	0.0 	0.0 	0.0 	-0.0 	25.0 	0.0 	0.0 	0.0 	3.04415164925	4.62563985766	99.5841485589	-4.57352854525	
4.68333333333	0.0	0.0	0.0 	0.0 	137.083333333 	25.0 	0.0 	0.0 	0.0 	-0.0 	25.0 	0.0 	0.0 	0.0 	3.07750519796	4.62564000706	99.5330496797	-4.57797247358	
4.7	0.0	0.0	0.0 	0.0 	137.5 	25.0 	0.0 	0.0 	0.0 	-0.0 	25.0 	0.0 	0.0 	0.0 	3.11069955344	4.62564013155	99.481399641	-4.58246432824	
4.71666666667	0.0	0.0	0.0 	0.0 	137.916666667 	25.0 	0.0 	0.0 	0.0 	-0.0 	25.0 	0.0 	0.0 	0.0 	3.14373547551	4.62564023529	99.4292010736	-4.58700388141	
4.73333333333	0.0	0.0	0.0 	0.0 	138.333333333 	25.0 	0.0 	0.0 	0.0 	-0.0 	25.0 	0.0 	0.0 	0.0 	3.17661372035	4.62564032175	99.3764565956	-4.5915909062	
4.75	0.0	0.0	0.0 	0.0 	138.75 	25.0 	0.0 	0.0 	0.0 	-0.0 	25.0 	0.0 	0.0 	0.0 	3.20933504055	4.62564039379	99.3231688126	-4.59622517668	
4.76666666667	0.0	0.0	0.0 	0.0 	139.166666667 	25.0 	0.0 	0.0 	0.0 	-0.0 	25.0 	0.0 	0.0 	0.0 	3.24190018508	4.62564045383	99.2693403178	-4.6009064679	
4.78333333333	0.0	0.0	0.0 	0.0 	139.583333333 	25.0 	0.0 	0.0 	0.0 	-0.0 	25.0 	0.0 	0.0 	0.0 	3.27430989936	4.62564050386	99.2149736921	-4.6056345559	
4.8	0.0	0.0	0.0 	0.0 	140.0 	25.0 	0.0 	0.0 	0.0 	-0.0 	25.0 	0.0 	0.0 	0.0 	3.30656492525	4.62564054555	99.1600715039	-4.61040921772	
4.81666666667	0.0	0.0	0.0 	0.0 	140.416666667 	25.0 	0.0 	0.0 	0.0 	-0.0 	25.0 	0.0 	0.0 	0.0 	3.33866600105	4.62564058029	99.1046363093	-4.61523023139	
4.83333333333	0.0	0.0	0.0 	0.0 	140.833333333 	25.0 	0.0 	0.0 	0.0 	-0.0 	25.0 	0.0 	0.0 	0.0 	3.37061386155	4.62564060925	99.0486706526	-4.62009737596	
4.85	0.0	0.0	0.0 	0.0 	141.25 	25.0 	0.0 	0.0 	0.0 	-0.0 	25.0 	0.0 	0.0 	0.0 	3.40240923804	4.62564063337	98.9921770654	-4.62501043148	
4.86666666667	0.0	0.0	0.0 	0.0 	141.666666667 	25.0 	0.0 	0.0 	0.0 	-0.0 	25.0 	0.0 	0.0 	0.0 	3.4340528583	4.62564065348	98.9351580676	-4.62996917903	
4.88333333333	0.0	0.0	0.0 	0.0 	142.083333333 	25.0 	0.0 	0.0 	0.0 	-0.0 	25.0 	0.0 	0.0 	0.0 	3.46554544666	4.62564067023	98.8776161669	-4.63497340068	
4.9	0.0	0.0	0.0 	0.0 	142.5 	25.0 	0.0 	0.0 	0.0 	-0.0 	25.0 	0.0 	0.0 	0.0 	3.49688772398	4.6256406842	98.8195538592	-4.64002287954	
4.91666666667	0.0	0.0	0.0 	0.0 	142.916666667 	25.0 	0.0 	0.0 	0.0 	-0.0 	25.0 	0.0 	0.0 	0.0 	3.52808040767	4.62564069583	98.7609736281	-4.64511739971	
4.93333333333	0.0	0.0	0.0 	0.0 	143.333333333 	25.0 	0.0 	0.0 	0.0 	-0.0 	25.0 	0.0 	0.0 	0.0 	3.55912421172	4.62564070553	98.7018779459	-4.65025674631	
4.95	0.0	0.0	0.0 	0.0 	143.75 	25.0 	0.0 	0.0 	0.0 	-0.0 	25.0 	0.0 	0.0 	0.0 	3.59001984674	4.62564071361	98.6422692726	-4.65544070548	
4.96666666667	0.0	0.0	0.0 	0.0 	144.166666667 	25.0 	0.0 	0.0 	0.0 	-0.0 	25.0 	0.0 	0.0 	0.0 	3.62076801991	4.62564072034	98.5821500568	-4.66066906435	
4.98333333333	0.0	0.0	0.0 	0.0 	144.583333333 	25.0 	0.0 	0.0 	0.0 	-0.0 	25.0 	0.0 	0.0 	0.0 	3.65136943506	4.62564072595	98.5215227352	-4.66594161107	
5.0	0.0	0.0	0.0 	0.0 	145.0 	25.0 	0.0 	0.0 	0.0 	-0.0 	25.0 	0.0 	0.0 	0.0 	3.68182479265	4.62564073063	98.4603897329	-4.67125813479	
5.01666666667	0.0	0.0	0.0 	0.0 	145.416666667 	25.0 	0.0 	0.0 	0.0 	-0.0 	25.0 	0.0 	0.0 	0.0 	3.71213478979	4.62564073453	98.3987534636	-4.67661842564	
5.03333333333	0.0	0.0	0.0 	0.0 	145.833333333 	25.0 	0.0 	0.0 	0.0 	-0.0 	25.0 	0.0 	0.0 	0.0 	3.74230012027	4.62564073777	98.3366163292	-4.68202227478	
5.05	0.0	0.0	0.0 	0.0 	146.25 	25.0 	0.0 	0.0 	0.0 	-0.0 	25.0 	0.0 	0.0 	0.0 	3.77232147459	4.62564074048	98.2739807204	-4.68746947431	
5.06666666667	0.0	0.0	0.0 	0.0 	146.666666667 	25.0 	0.0 	0.0 	0.0 	-0.0 	25.0 	0.0 	0.0 	0.0 	3.80219953991	4.62564074274	98.2108490163	-4.69295981738	
5.08333333333	0.0	0.0	0.0 	0.0 	147.083333333 	25.0 	0.0 	0.0 	0.0 	-0.0 	25.0 	0.0 	0.0 	0.0 	3.83193500015	4.62564074461	98.1472235848	-4.69849309807	
5.1	0.0	0.0	0.0 	0.0 	147.5 	25.0 	0.0 	0.0 	0.0 	-0.0 	25.0 	0.0 	0.0 	0.0 	3.86152853595	4.62564074618	98.0831067823	-4.70406911147	
5.11666666667	0.0	0.0	0.0 	0.0 	147.916666667 	25.0 	0.0 	0.0 	0.0 	-0.0 	25.0 	0.0 	0.0 	0.0 	3.89098082469	4.62564074749	98.0185009541	-4.70968765363	
5.13333333333	0.0	0.0	0.0 	0.0 	148.333333333 	25.0 	0.0 	0.0 	0.0 	-0.0 	25.0 	0.0 	0.0 	0.0 	3.92029254054	4.62564074857	97.9534084343	-4.71534852158	
5.15	0.0	0.0	0.0 	0.0 	148.75 	25.0 	0.0 	0.0 	0.0 	-0.0 	25.0 	0.0 	0.0 	0.0 	3.94946435444	4.62564074948	97.8878315459	-4.72105151331	
5.16666666667	0.0	0.0	0.0 	0.0 	149.166666667 	25.0 	0.0 	0.0 	0.0 	-0.0 	25.0 	0.0 	0.0 	0.0 	3.97849693411	4.62564075023	97.8217726006	-4.72679642778	
5.18333333333	0.0	0.0	0.0 	0.0 	149.583333333 	25.0 	0.0 	0.0 	0.0 	-0.0 	25.0 	0.0 	0.0 	0.0 	4.00739094413	4.62564075086	97.7552338993	-4.73258306491	
5.2	0.0	0.0	0.0 	0.0 	150.0 	25.0 	0.0 	0.0 	0.0 	-0.0 	25.0 	0.0 	0.0 	0.0 	4.03614704586	4.62564075139	97.6882177319	-4.73841122556	
5.21666666667	0.0	0.0	0.0 	0.0 	150.416666667 	25.0 	0.0 	0.0 	0.0 	-0.0 	25.0 	0.0 	0.0 	0.0 	4.06476589752	4.62564075183	97.6207263771	-4.74428071154	
5.23333333333	0.0	0.0	0.0 	0.0 	150.833333333 	25.0 	0.0 	0.0 	0.0 	-0.0 	25.0 	0.0 	0.0 	0.0 	4.09324815421	4.62564075219	97.5527621031	-4.75019132563	
5.25	0.0	0.0	0.0 	0.0 	151.25 	25.0 	0.0 	0.0 	0.0 	-0.0 	25.0 	0.0 	0.0 	0.0 	4.12159446787	4.62564075249	97.484327167	-4.75614287153	
5.26666666667	0.0	0.0	0.0 	0.0 	151.666666667 	25.0 	0.0 	0.0 	0.0 	-0.0 	25.0 	0.0 	0.0 	0.0 	4.14980548735	4.62564075275	97.4154238152	-4.76213515387	
5.28333333333	0.0	0.0	0.0 	0.0 	152.083333333 	25.0 	0.0 	0.0 	0.0 	-0.0 	25.0 	0.0 	0.0 	0.0 	4.17788185838	4.62564075296	97.3460542835	-4.76816797822	
5.3	0.0	0.0	0.0 	0.0 	152.5 	25.0 	0.0 	0.0 	0.0 	-0.0 	25.0 	0.0 	0.0 	0.0 	4.20582422365	4.62564075313	97.276220797	-4.77424115109	
5.31666666667	0.0	0.0	0.0 	0.0 	152.916666667 	25.0 	0.0 	0.0 	0.0 	-0.0 	25.0 	0.0 	0.0 	0.0 	4.23363322274	4.62564075328	97.2059255699	-4.7803544799	
5.33333333333	0.0	0.0	0.0 	0.0 	153.333333333 	25.0 	0.0 	0.0 	0.0 	-0.0 	25.0 	0.0 	0.0 	0.0 	4.26130949219	4.6256407534	97.1351708061	-4.78650777299	
5.35	0.0	0.0	0.0 	0.0 	153.75 	25.0 	0.0 	0.0 	0.0 	-0.0 	25.0 	0.0 	0.0 	0.0 	4.28885366551	4.6256407535	97.0639586991	-4.79270083961	
5.36666666667	0.0	0.0	0.0 	0.0 	154.166666667 	25.0 	0.0 	0.0 	0.0 	-0.0 	25.0 	0.0 	0.0 	0.0 	4.31626637319	4.62564075359	96.9922914315	-4.79893348993	
5.38333333333	0.0	0.0	0.0 	0.0 	154.583333333 	25.0 	0.0 	0.0 	0.0 	-0.0 	25.0 	0.0 	0.0 	0.0 	4.34354824269	4.62564075366	96.9201711759	-4.80520553503	
5.4	0.0	0.0	0.0 	0.0 	155.0 	25.0 	0.0 	0.0 	0.0 	-0.0 	25.0 	0.0 	0.0 	0.0 	4.3706998985	4.62564075372	96.8476000944	-4.81151678687	
5.41666666667	0.0	0.0	0.0 	0.0 	155.416666667 	25.0 	0.0 	0.0 	0.0 	-0.0 	25.0 	0.0 	0.0 	0.0 	4.39772196211	4.62564075377	96.7745803386	-4.81786705832	
5.43333333333	0.0	0.0	0.0 	0.0 	155.833333333 	25.0 	0.0 	0.0 	0.0 	-0.0 	25.0 	0.0 	0.0 	0.0 	4.42461505206	4.62564075381	96.70111405	-4.82425616316	
5.45	0.0	0.0	0.0 	0.0 	156.25 	25.0 	0.0 	0.0 	0.0 	-0.0 	25.0 	0.0 	0.0 	0.0 	4.45137978391	4.62564075384	96.62720336	-4.83068391603	
5.46666666667	0.0	0.0	0.0 	0.0 	156.666666667 	25.0 	0.0 	0.0 	0.0 	-0.0 	25.0 	0.0 	0.0 	0.0 	4.47801677031	4.62564075387	96.5528503896	-4.83715013247	
5.48333333333	0.0	0.0	0.0 	0.0 	157.083333333 	25.0 	0.0 	0.0 	0.0 	-0.0 	25.0 	0.0 	0.0 	0.0 	4.50452662099	4.62564075389	96.4780572497	-4.84365462889	
5.5	0.0	0.0	0.0 	0.0 	157.5 	25.0 	0.0 	0.0 	0.0 	-0.0 	25.0 	0.0 	0.0 	0.0 	4.53090994273	4.62564075391	96.4028260413	-4.8501972226	
5.51666666667	0.0	0.0	0.0 	0.0 	157.916666667 	25.0 	0.0 	0.0 	0.0 	-0.0 	25.0 	0.0 	0.0 	0.0 	4.55716733947	4.62564075393	96.3271588552	-4.85677773175	
5.53333333333	0.0	0.0	0.0 	0.0 	158.333333333 	25.0 	0.0 	0.0 	0.0 	-0.0 	25.0 	0.0 	0.0 	0.0 	4.58329941221	4.62564075394	96.2510577723	-4.86339597538	
5.55	0.0	0.0	0.0 	0.0 	158.75 	25.0 	0.0 	0.0 	0.0 	-0.0 	25.0 	0.0 	0.0 	0.0 	4.60930675913	4.62564075395	96.1745248635	-4.87005177339	
5.56666666667	0.0	0.0	0.0 	0.0 	159.166666667 	25.0 	0.0 	0.0 	0.0 	-0.0 	25.0 	0.0 	0.0 	0.0 	4.63518997552	4.62564075396	96.0975621899	-4.87674494654	
5.58333333333	0.0	0.0	0.0 	0.0 	159.583333333 	25.0 	0.0 	0.0 	0.0 	-0.0 	25.0 	0.0 	0.0 	0.0 	4.66094965385	4.62564075397	96.0201718027	-4.88347531643	
5.6	0.0	0.0	0.0 	0.0 	160.0 	25.0 	0.0 	0.0 	0.0 	-0.0 	25.0 	0.0 	0.0 	0.0 	4.68658638375	4.62564075398	95.9423557433	-4.89024270553	
5.61666666667	0.0	0.0	0.0 	0.0 	160.416666667 	25.0 	0.0 	0.0 	0.0 	-0.0 	25.0 	0.0 	0.0 	0.0 	4.71210075205	4.62564075398	95.8641160435	-4.89704693715	
5.63333333333	0.0	0.0	0.0 	0.0 	160.833333333 	25.0 	0.0 	0.0 	0.0 	-0.0 	25.0 	0.0 	0.0 	0.0 	4.73749334277	4.62564075399	95.7854547252	-4.90388783544	
5.65	0.0	0.0	0.0 	0.0 	161.25 	25.0 	0.0 	0.0 	0.0 	-0.0 	25.0 	0.0 	0.0 	0.0 	4.76276473713	4.62564075399	95.7063738008	-4.91076522541	
5.66666666667	0.0	0.0	0.0 	0.0 	161.666666667 	25.0 	0.0 	0.0 	0.0 	-0.0 	25.0 	0.0 	0.0 	0.0 	4.78791551359	4.625640754	95.6268752731	-4.91767893287	
5.68333333333	0.0	0.0	0.0 	0.0 	162.083333333 	25.0 	0.0 	0.0 	0.0 	-0.0 	25.0 	0.0 	0.0 	0.0 	4.81294624786	4.625640754	95.5469611351	-4.92462878449	
5.7	0.0	0.0	0.0 	0.0 	162.5 	25.0 	0.0 	0.0 	0.0 	-0.0 	25.0 	0.0 	0.0 	0.0 	4.83785751289	4.625640754	95.4666333706	-4.93161460775	
5.71666666667	0.0	0.0	0.0 	0.0 	162.916666667 	25.0 	0.0 	0.0 	0.0 	-0.0 	25.0 	0.0 	0.0 	0.0 	4.86264987888	4.625640754	95.3858939538	-4.93863623097	
5.73333333333	0.0	0.0	0.0 	0.0 	163.333333333 	25.0 	0.0 	0.0 	0.0 	-0.0 	25.0 	0.0 	0.0 	0.0 	4.88732391333	4.625640754	95.3047448494	-4.94569348328	
5.75	0.0	0.0	0.0 	0.0 	163.75 	25.0 	0.0 	0.0 	0.0 	-0.0 	25.0 	0.0 	0.0 	0.0 	4.91188018102	4.625640754	95.2231880128	-4.95278619461	
5.76666666667	0.0	0.0	0.0 	0.0 	164.166666667 	25.0 	0.0 	0.0 	0.0 	-0.0 	25.0 	0.0 	0.0 	0.0 	4.93631924405	4.62564075401	95.1412253902	-4.95991419574	
5.78333333333	0.0	0.0	0.0 	0.0 	164.583333333 	25.0 	0.0 	0.0 	0.0 	-0.0 	25.0 	0.0 	0.0 	0.0 	4.96064166183	4.62564075401	95.0588589182	-4.96707731823	
5.8	0.0	0.0	0.0 	0.0 	165.0 	25.0 	0.0 	0.0 	0.0 	-0.0 	25.0 	0.0 	0.0 	0.0 	4.98484799108	4.62564075401	94.9760905245	-4.97427539443	
5.81666666667	0.0	0.0	0.0 	0.0 	165.416666667 	25.0 	0.0 	0.0 	0.0 	-0.0 	25.0 	0.0 	0.0 	0.0 	5.00893878588	4.62564075401	94.8929221273	-4.98150825754	
5.83333333333	0.0	0.0	0.0 	0.0 	165.833333333 	25.0 	0.0 	0.0 	0.0 	-0.0 	25.0 	0.0 	0.0 	0.0 	5.03291459768	4.62564075401	94.8093556358	-4.9887757415	
5.85	0.0	0.0	0.0 	0.0 	166.25 	25.0 	0.0 	0.0 	0.0 	-0.0 	25.0 	0.0 	0.0 	0.0 	5.05677597528	4.62564075401	94.7253929501	-4.99607768107	
5.86666666667	0.0	0.0	0.0 	0.0 	166.666666667 	25.0 	0.0 	0.0 	0.0 	-0.0 	25.0 	0.0 	0.0 	0.0 	5.08052346485	4.62564075401	94.6410359613	-5.00341391182	
5.88333333333	0.0	0.0	0.0 	0.0 	167.083333333 	25.0 	0.0 	0.0 	0.0 	-0.0 	25.0 	0.0 	0.0 	0.0 	5.10415760997	4.62564075401	94.5562865511	-5.01078427005	
5.9	0.0	0.0	0.0 	0.0 	167.5 	25.0 	0.0 	0.0 	0.0 	-0.0 	25.0 	0.0 	0.0 	0.0 	5.12767895164	4.62564075401	94.4711465928	-5.0181885929	
5.91666666667	0.0	0.0	0.0 	0.0 	167.916666667 	25.0 	0.0 	0.0 	0.0 	-0.0 	25.0 	0.0 	0.0 	0.0 	5.15108802823	4.62564075401	94.3856179502	-5.02562671824	
5.93333333333	0.0	0.0	0.0 	0.0 	168.333333333 	25.0 	0.0 	0.0 	0.0 	-0.0 	25.0 	0.0 	0.0 	0.0 	5.1743853756	4.62564075401	94.2997024786	-5.03309848475	
5.95	0.0	0.0	0.0 	0.0 	168.75 	25.0 	0.0 	0.0 	0.0 	-0.0 	25.0 	0.0 	0.0 	0.0 	5.197571527	4.62564075401	94.2134020242	-5.04060373185	
5.96666666667	0.0	0.0	0.0 	0.0 	169.166666667 	25.0 	0.0 	0.0 	0.0 	-0.0 	25.0 	0.0 	0.0 	0.0 	5.22064701317	4.62564075401	94.1267184245	-5.04814229975	
5.98333333333	0.0	0.0	0.0 	0.0 	169.583333333 	25.0 	0.0 	0.0 	0.0 	-0.0 	25.0 	0.0 	0.0 	0.0 	5.2436123623	4.62564075401	94.0396535083	-5.05571402942	
6.0	0.0	0.0	0.0 	0.0 	170.0 	25.0 	0.0 	0.0 	0.0 	-0.0 	25.0 	0.0 	0.0 	0.0 	5.26646810006	4.62564075401	93.9522090956	-5.06331876256	
6.01666666667	0.0	0.0	0.0 	0.0 	170.416666667 	25.0 	0.0 	0.0 	0.0 	-0.0 	25.0 	0.0 	0.0 	0.0 	5.28921474962	4.62564075401	93.8643869975	-5.07095634166	
6.03333333333	0.0	0.0	0.0 	0.0 	170.833333333 	25.0 	0.0 	0.0 	0.0 	-0.0 	25.0 	0.0 	0.0 	0.0 	5.31185283165	4.62564075401	93.7761890169	-5.07862660995	
6.05	0.0	0.0	0.0 	0.0 	171.25 	25.0 	0.0 	0.0 	0.0 	-0.0 	25.0 	0.0 	0.0 	0.0 	5.33438286432	4.62564075401	93.6876169476	-5.08632941141	
6.06666666667	0.0	0.0	0.0 	0.0 	171.666666667 	25.0 	0.0 	0.0 	0.0 	-0.0 	25.0 	0.0 	0.0 	0.0 	5.35680536335	4.62564075401	93.5986725754	-5.09406459076	
6.08333333333	0.0	0.0	0.0 	0.0 	172.083333333 	25.0 	0.0 	0.0 	0.0 	-0.0 	25.0 	0.0 	0.0 	0.0 	5.37912084199	4.62564075401	93.509357677	-5.10183199346	
6.1	0.0	0.0	0.0 	0.0 	172.5 	25.0 	0.0 	0.0 	0.0 	-0.0 	25.0 	0.0 	0.0 	0.0 	5.40132981102	4.62564075401	93.4196740209	-5.10963146572	
6.11666666667	0.0	0.0	0.0 	0.0 	172.916666667 	25.0 	0.0 	0.0 	0.0 	-0.0 	25.0 	0.0 	0.0 	0.0 	5.42343277882	4.62564075401	93.3296233673	-5.11746285446	
6.13333333333	0.0	0.0	0.0 	0.0 	173.333333333 	25.0 	0.0 	0.0 	0.0 	-0.0 	25.0 	0.0 	0.0 	0.0 	5.44543025132	4.62564075401	93.2392074678	-5.12532600736	
6.15	0.0	0.0	0.0 	0.0 	173.75 	25.0 	0.0 	0.0 	0.0 	-0.0 	25.0 	0.0 	0.0 	0.0 	5.46732273203	4.62564075401	93.1484280656	-5.13322077281	
6.16666666667	0.0	0.0	0.0 	0.0 	174.166666667 	25.0 	0.0 	0.0 	0.0 	-0.0 	25.0 	0.0 	0.0 	0.0 	5.48911072207	4.62564075401	93.0572868958	-5.14114699992	
6.18333333333	0.0	0.0	0.0 	0.0 	174.583333333 	25.0 	0.0 	0.0 	0.0 	-0.0 	25.0 	0.0 	0.0 	0.0 	5.51079472016	4.62564075401	92.9657856849	-5.14910453853	
6.2	0.0	0.0	0.0 	0.0 	175.0 	25.0 	0.0 	0.0 	0.0 	-0.0 	25.0 	0.0 	0.0 	0.0 	5.53237522265	4.62564075401	92.8739261514	-5.15709323919	
6.21666666667	0.0	0.0	0.0 	0.0 	175.416666667 	25.0 	0.0 	0.0 	0.0 	-0.0 	25.0 	0.0 	0.0 	0.0 	5.55385272351	4.62564075401	92.7817100057	-5.16511295318	
6.23333333333	0.0	0.0	0.0 	0.0 	175.833333333 	25.0 	0.0 	0.0 	0.0 	-0.0 	25.0 	0.0 	0.0 	0.0 	5.57522771436	4.62564075401	92.6891389496	-5.17316353246	
6.25	0.0	0.0	0.0 	0.0 	176.25 	25.0 	0.0 	0.0 	0.0 	-0.0 	25.0 	0.0 	0.0 	0.0 	5.59650068447	4.62564075401	92.5962146773	-5.18124482972	
6.26666666667	0.0	0.0	0.0 	0.0 	176.666666667 	25.0 	0.0 	0.0 	0.0 	-0.0 	25.0 	0.0 	0.0 	0.0 	5.61767212077	4.62564075401	92.5029388745	-5.18935669835	
6.28333333333	0.0	0.0	0.0 	0.0 	177.083333333 	25.0 	0.0 	0.0 	0.0 	-0.0 	25.0 	0.0 	0.0 	0.0 	5.63874250788	4.62564075401	92.4093132192	-5.19749899243	
6.3	0.0	0.0	0.0 	0.0 	177.5 	25.0 	0.0 	0.0 	0.0 	-0.0 	25.0 	0.0 	0.0 	0.0 	5.65971232809	4.62564075401	92.315339381	-5.20567156674	
6.31666666667	0.0	0.0	0.0 	0.0 	177.916666667 	25.0 	0.0 	0.0 	0.0 	-0.0 	25.0 	0.0 	0.0 	0.0 	5.6805820614	4.62564075401	92.2210190219	-5.21387427677	
6.33333333333	0.0	0.0	0.0 	0.0 	178.333333333 	25.0 	0.0 	0.0 	0.0 	-0.0 	25.0 	0.0 	0.0 	0.0 	5.70135218551	4.62564075401	92.1263537957	-5.22210697867	
6.35	0.0	0.0	0.0 	0.0 	178.75 	25.0 	0.0 	0.0 	0.0 	-0.0 	25.0 	0.0 	0.0 	0.0 	5.72202317584	4.62564075401	92.0313453485	-5.23036952929	
6.36666666667	0.0	0.0	0.0 	0.0 	179.166666667 	25.0 	0.0 	0.0 	0.0 	-0.0 	25.0 	0.0 	0.0 	0.0 	5.74259550557	4.62564075401	91.9359953184	-5.23866178618	
6.38333333333	0.0	0.0	0.0 	0.0 	179.583333333 	25.0 	0.0 	0.0 	0.0 	-0.0 	25.0 	0.0 	0.0 	0.0 	5.76306964557	4.62564075401	91.8403053358	-5.24698360754	
6.4	0.0	0.0	0.0 	0.0 	180.0 	25.0 	0.0 	0.0 	0.0 	-0.0 	25.0 	0.0 	0.0 	0.0 	5.78344606451	4.62564075401	91.7442770232	-5.25533485227	
6.41666666667	0.0	0.0	0.0 	0.0 	180.416666667 	25.0 	0.0 	0.0 	0.0 	-0.0 	25.0 	0.0 	0.0 	0.0 	5.80372522879	4.62564075401	91.6479119954	-5.26371537993	
6.43333333333	0.0	0.0	0.0 	0.0 	180.833333333 	25.0 	0.0 	0.0 	0.0 	-0.0 	25.0 	0.0 	0.0 	0.0 	5.8239076026	4.62564075401	91.5512118597	-5.27212505076	
6.45	0.0	0.0	0.0 	0.0 	181.25 	25.0 	0.0 	0.0 	0.0 	-0.0 	25.0 	0.0 	0.0 	0.0 	5.84399364791	4.62564075401	91.4541782153	-5.28056372567	
6.46666666667	0.0	0.0	0.0 	0.0 	181.666666667 	25.0 	0.0 	0.0 	0.0 	-0.0 	25.0 	0.0 	0.0 	0.0 	5.8639838245	4.62564075401	91.3568126541	-5.28903126621	
6.48333333333	0.0	0.0	0.0 	0.0 	182.083333333 	25.0 	0.0 	0.0 	0.0 	-0.0 	25.0 	0.0 	0.0 	0.0 	5.88387858992	4.62564075401	91.2591167603	-5.29752753461	
6.5	0.0	0.0	0.0 	0.0 	182.5 	25.0 	0.0 	0.0 	0.0 	-0.0 	25.0 	0.0 	0.0 	0.0 	5.90367839958	4.62564075401	91.1610921106	-5.30605239376	
6.51666666667	0.0	0.0	0.0 	0.0 	182.916666667 	25.0 	0.0 	0.0 	0.0 	-0.0 	25.0 	0.0 	0.0 	0.0 	5.92338370668	4.62564075401	91.062740274	-5.3146057072	
6.53333333333	0.0	0.0	0.0 	0.0 	183.333333333 	25.0 	0.0 	0.0 	0.0 	-0.0 	25.0 	0.0 	0.0 	0.0 	5.94299496228	4.62564075401	90.9640628122	-5.32318733913	
6.55	0.0	0.0	0.0 	0.0 	183.75 	25.0 	0.0 	0.0 	0.0 	-0.0 	25.0 	0.0 	0.0 	0.0 	5.96251261527	4.62564075401	90.8650612794	-5.33179715436	
6.56666666667	0.0	0.0	0.0 	0.0 	184.166666667 	25.0 	0.0 	0.0 	0.0 	-0.0 	25.0 	0.0 	0.0 	0.0 	5.98193711241	4.62564075401	90.7657372224	-5.3404350184	
6.58333333333	0.0	0.0	0.0 	0.0 	184.583333333 	25.0 	0.0 	0.0 	0.0 	-0.0 	25.0 	0.0 	0.0 	0.0 	6.00126889832	4.62564075401	90.6660921805	-5.34910079737	
6.6	0.0	0.0	0.0 	0.0 	185.0 	25.0 	0.0 	0.0 	0.0 	-0.0 	25.0 	0.0 	0.0 	0.0 	6.02050841551	4.62564075401	90.5661276857	-5.35779435803	
6.61666666667	0.0	0.0	0.0 	0.0 	185.416666667 	25.0 	0.0 	0.0 	0.0 	-0.0 	25.0 	0.0 	0.0 	0.0 	6.03965610437	4.62564075401	90.4658452627	-5.36651556778	
6.63333333333	0.0	0.0	0.0 	0.0 	185.833333333 	25.0 	0.0 	0.0 	0.0 	-0.0 	25.0 	0.0 	0.0 	0.0 	6.05871240318	4.62564075401	90.3652464291	-5.37526429466	
6.65	0.0	0.0	0.0 	0.0 	186.25 	25.0 	0.0 	0.0 	0.0 	-0.0 	25.0 	0.0 	0.0 	0.0 	6.07767774813	4.62564075401	90.2643326949	-5.38404040732	
6.66666666667	0.0	0.0	0.0 	0.0 	186.666666667 	25.0 	0.0 	0.0 	0.0 	-0.0 	25.0 	0.0 	0.0 	0.0 	6.09655257335	4.62564075401	90.1631055633	-5.39284377507	
6.68333333333	0.0	0.0	0.0 	0.0 	187.083333333 	25.0 	0.0 	0.0 	0.0 	-0.0 	25.0 	0.0 	0.0 	0.0 	6.11533731088	4.62564075401	90.0615665299	-5.40167426781	
6.7	0.0	0.0	0.0 	0.0 	187.5 	25.0 	0.0 	0.0 	0.0 	-0.0 	25.0 	0.0 	0.0 	0.0 	6.13403239069	4.62564075401	89.9597170836	-5.41053175608	
6.71666666667	0.0	0.0	0.0 	0.0 	187.916666667 	25.0 	0.0 	0.0 	0.0 	-0.0 	25.0 	0.0 	0.0 	0.0 	6.15263824071	4.62564075401	89.8575587057	-5.41941611103	
6.73333333333	0.0	0.0	0.0 	0.0 	188.333333333 	25.0 	0.0 	0.0 	0.0 	-0.0 	25.0 	0.0 	0.0 	0.0 	6.17115528683	4.62564075401	89.755092871	-5.42832720443	
6.75	0.0	0.0	0.0 	0.0 	188.75 	25.0 	0.0 	0.0 	0.0 	-0.0 	25.0 	0.0 	0.0 	0.0 	6.1895839529	4.62564075401	89.6523210467	-5.43726490867	
6.76666666667	0.0	0.0	0.0 	0.0 	189.166666667 	25.0 	0.0 	0.0 	0.0 	-0.0 	25.0 	0.0 	0.0 	0.0 	6.20792466074	4.62564075401	89.5492446934	-5.44622909672	
6.78333333333	0.0	0.0	0.0 	0.0 	189.583333333 	25.0 	0.0 	0.0 	0.0 	-0.0 	25.0 	0.0 	0.0 	0.0 	6.22617783018	4.62564075401	89.4458652646	-5.45521964218	
6.8	0.0	0.0	0.0 	0.0 	190.0 	25.0 	0.0 	0.0 	0.0 	-0.0 	25.0 	0.0 	0.0 	0.0 	6.24434387903	4.62564075401	89.3421842067	-5.46423641926	
6.81666666667	0.0	0.0	0.0 	0.0 	190.416666667 	25.0 	0.0 	0.0 	0.0 	-0.0 	25.0 	0.0 	0.0 	0.0 	6.2624232231	4.62564075401	89.2382029596	-5.47327930275	
6.83333333333	0.0	0.0	0.0 	0.0 	190.833333333 	25.0 	0.0 	0.0 	0.0 	-0.0 	25.0 	0.0 	0.0 	0.0 	6.28041627623	4.62564075401	89.1339229558	-5.48234816805	
6.85	0.0	0.0	0.0 	0.0 	191.25 	25.0 	0.0 	0.0 	0.0 	-0.0 	25.0 	0.0 	0.0 	0.0 	6.29832345028	4.62564075401	89.0293456214	-5.49144289115	
6.86666666667	0.0	0.0	0.0 	0.0 	191.666666667 	25.0 	0.0 	0.0 	0.0 	-0.0 	25.0 	0.0 	0.0 	0.0 	6.31614515514	4.62564075401	88.9244723755	-5.50056334864	
6.88333333333	0.0	0.0	0.0 	0.0 	192.083333333 	25.0 	0.0 	0.0 	0.0 	-0.0 	25.0 	0.0 	0.0 	0.0 	6.33388179874	4.62564075401	88.8193046305	-5.50970941768	
6.9	0.0	0.0	0.0 	0.0 	192.5 	25.0 	0.0 	0.0 	0.0 	-0.0 	25.0 	0.0 	0.0 	0.0 	6.35153378707	4.62564075401	88.7138437919	-5.51888097603	
6.91666666667	0.0	0.0	0.0 	0.0 	192.916666667 	25.0 	0.0 	0.0 	0.0 	-0.0 	25.0 	0.0 	0.0 	0.0 	6.36910152419	4.62564075401	88.6080912587	-5.52807790204	
6.93333333333	0.0	0.0	0.0 	0.0 	193.333333333 	25.0 	0.0 	0.0 	0.0 	-0.0 	25.0 	0.0 	0.0 	0.0 	6.38658541222	4.62564075401	88.502048423	-5.53730007463	
6.95	0.0	0.0	0.0 	0.0 	193.75 	25.0 	0.0 	0.0 	0.0 	-0.0 	25.0 	0.0 	0.0 	0.0 	6.40398585136	4.62564075401	88.3957166706	-5.5465473733	
6.96666666667	0.0	0.0	0.0 	0.0 	194.166666667 	25.0 	0.0 	0.0 	0.0 	-0.0 	25.0 	0.0 	0.0 	0.0 	6.42130323991	4.62564075401	88.2890973803	-5.55581967812	
6.98333333333	0.0	0.0	0.0 	0.0 	194.583333333 	25.0 	0.0 	0.0 	0.0 	-0.0 	25.0 	0.0 	0.0 	0.0 	6.43853797425	4.62564075401	88.1821919246	-5.56511686975	
7.0	0.0	0.0	0.0 	0.0 	195.0 	25.0 	0.0 	0.0 	0.0 	-0.0 	25.0 	0.0 	0.0 	0.0 	6.4556904489	4.62564075401	88.0750016693	-5.5744388294	
7.01666666667	0.0	0.0	0.0 	0.0 	195.416666667 	25.0 	0.0 	0.0 	0.0 	-0.0 	25.0 	0.0 	0.0 	0.0 	6.47276105645	4.62564075401	87.9675279737	-5.58378543885	
7.03333333333	0.0	0.0	0.0 	0.0 	195.833333333 	25.0 	0.0 	0.0 	0.0 	-0.0 	25.0 	0.0 	0.0 	0.0 	6.48975018767	4.62564075401	87.8597721906	-5.59315658046	
7.05	0.0	0.0	0.0 	0.0 	196.25 	25.0 	0.0 	0.0 	0.0 	-0.0 	25.0 	0.0 	0.0 	0.0 	6.50665823142	4.62564075401	87.7517356664	-5.60255213713	
7.06666666667	0.0	0.0	0.0 	0.0 	196.666666667 	25.0 	0.0 	0.0 	0.0 	-0.0 	25.0 	0.0 	0.0 	0.0 	6.52348557474	4.62564075401	87.6434197411	-5.61197199234	
7.08333333333	0.0	0.0	0.0 	0.0 	197.083333333 	25.0 	0.0 	0.0 	0.0 	-0.0 	25.0 	0.0 	0.0 	0.0 	6.54023260279	4.62564075401	87.5348257482	-5.62141603011	
7.1	0.0	0.0	0.0 	0.0 	197.5 	25.0 	0.0 	0.0 	0.0 	-0.0 	25.0 	0.0 	0.0 	0.0 	6.55689969891	4.62564075401	87.425955015	-5.63088413501	
7.11666666667	0.0	0.0	0.0 	0.0 	197.916666667 	25.0 	0.0 	0.0 	0.0 	-0.0 	25.0 	0.0 	0.0 	0.0 	6.57348724461	4.62564075401	87.3168088622	-5.64037619219	
7.13333333333	0.0	0.0	0.0 	0.0 	198.333333333 	25.0 	0.0 	0.0 	0.0 	-0.0 	25.0 	0.0 	0.0 	0.0 	6.58999561958	4.62564075401	87.2073886044	-5.64989208731	
7.15	0.0	0.0	0.0 	0.0 	198.75 	25.0 	0.0 	0.0 	0.0 	-0.0 	25.0 	0.0 	0.0 	0.0 	6.60642520169	4.62564075401	87.0976955499	-5.6594317066	
7.16666666667	0.0	0.0	0.0 	0.0 	199.166666667 	25.0 	0.0 	0.0 	0.0 	-0.0 	25.0 	0.0 	0.0 	0.0 	6.62277636701	4.62564075401	86.9877310007	-5.66899493683	
7.18333333333	0.0	0.0	0.0 	0.0 	199.583333333 	25.0 	0.0 	0.0 	0.0 	-0.0 	25.0 	0.0 	0.0 	0.0 	6.63904948981	4.62564075401	86.8774962527	-5.6785816653	
7.2	0.0	0.0	0.0 	0.0 	200.0 	25.0 	0.0 	0.0 	0.0 	-0.0 	25.0 	0.0 	0.0 	0.0 	6.65524494259	4.62564075401	86.7669925954	-5.68819177986	
7.21666666667	0.0	0.0	0.0 	0.0 	200.416666667 	25.0 	0.0 	0.0 	0.0 	-0.0 	25.0 	0.0 	0.0 	0.0 	6.67136309606	4.62564075401	86.6562213124	-5.6978251689	
7.23333333333	0.0	0.0	0.0 	0.0 	200.833333333 	25.0 	0.0 	0.0 	0.0 	-0.0 	25.0 	0.0 	0.0 	0.0 	6.68740431916	4.62564075401	86.545183681	-5.70748172132	
7.25	0.0	0.0	0.0 	0.0 	201.25 	25.0 	0.0 	0.0 	0.0 	-0.0 	25.0 	0.0 	0.0 	0.0 	6.70336897907	4.62564075401	86.4338809725	-5.71716132656	
7.26666666667	0.0	0.0	0.0 	0.0 	201.666666667 	25.0 	0.0 	0.0 	0.0 	-0.0 	25.0 	0.0 	0.0 	0.0 	6.71925744122	4.62564075401	86.322314452	-5.7268638746	
7.28333333333	0.0	0.0	0.0 	0.0 	202.083333333 	25.0 	0.0 	0.0 	0.0 	-0.0 	25.0 	0.0 	0.0 	0.0 	6.73507006929	4.62564075401	86.2104853787	-5.73658925594	
7.3	0.0	0.0	0.0 	0.0 	202.5 	25.0 	0.0 	0.0 	0.0 	-0.0 	25.0 	0.0 	0.0 	0.0 	6.75080722523	4.62564075401	86.0983950057	-5.74633736159	
7.31666666667	0.0	0.0	0.0 	0.0 	202.916666667 	25.0 	0.0 	0.0 	0.0 	-0.0 	25.0 	0.0 	0.0 	0.0 	6.76646926927	4.62564075401	85.9860445803	-5.7561080831	
7.33333333333	0.0	0.0	0.0 	0.0 	203.333333333 	25.0 	0.0 	0.0 	0.0 	-0.0 	25.0 	0.0 	0.0 	0.0 	6.7820565599	4.62564075401	85.8734353435	-5.76590131251	
7.35	0.0	0.0	0.0 	0.0 	203.75 	25.0 	0.0 	0.0 	0.0 	-0.0 	25.0 	0.0 	0.0 	0.0 	6.79756945392	4.62564075401	85.7605685307	-5.7757169424	
7.36666666667	0.0	0.0	0.0 	0.0 	204.166666667 	25.0 	0.0 	0.0 	0.0 	-0.0 	25.0 	0.0 	0.0 	0.0 	6.81300830641	4.62564075401	85.6474453712	-5.78555486586	
7.38333333333	0.0	0.0	0.0 	0.0 	204.583333333 	25.0 	0.0 	0.0 	0.0 	-0.0 	25.0 	0.0 	0.0 	0.0 	6.82837347077	4.62564075401	85.5340670887	-5.79541497648	
7.4	0.0	0.0	0.0 	0.0 	205.0 	25.0 	0.0 	0.0 	0.0 	-0.0 	25.0 	0.0 	0.0 	0.0 	6.8436652987	4.62564075401	85.4204349007	-5.80529716837	
7.41666666667	0.0	0.0	0.0 	0.0 	205.416666667 	25.0 	0.0 	0.0 	0.0 	-0.0 	25.0 	0.0 	0.0 	0.0 	6.85888414023	4.62564075401	85.3065500191	-5.81520133612	
7.43333333333	0.0	0.0	0.0 	0.0 	205.833333333 	25.0 	0.0 	0.0 	0.0 	-0.0 	25.0 	0.0 	0.0 	0.0 	6.87403034371	4.62564075401	85.19241365	-5.82512737486	
7.45	0.0	0.0	0.0 	0.0 	206.25 	25.0 	0.0 	0.0 	0.0 	-0.0 	25.0 	0.0 	0.0 	0.0 	6.88910425585	4.62564075401	85.0780269938	-5.83507518019	
7.46666666667	0.0	0.0	0.0 	0.0 	206.666666667 	25.0 	0.0 	0.0 	0.0 	-0.0 	25.0 	0.0 	0.0 	0.0 	6.90410622168	4.62564075401	84.963391245	-5.84504464823	
7.48333333333	0.0	0.0	0.0 	0.0 	207.083333333 	25.0 	0.0 	0.0 	0.0 	-0.0 	25.0 	0.0 	0.0 	0.0 	6.9190365846	4.62564075401	84.8485075925	-5.85503567558	
7.5	0.0	0.0	0.0 	0.0 	207.5 	25.0 	0.0 	0.0 	0.0 	-0.0 	25.0 	0.0 	0.0 	0.0 	6.93389568635	4.62564075401	84.7333772195	-5.86504815935	
7.51666666667	0.0	0.0	0.0 	0.0 	207.916666667 	25.0 	0.0 	0.0 	0.0 	-0.0 	25.0 	0.0 	0.0 	0.0 	6.94868386706	4.62564075401	84.6180013037	-5.87508199711	
7.53333333333	0.0	0.0	0.0 	0.0 	208.333333333 	25.0 	0.0 	0.0 	0.0 	-0.0 	25.0 	0.0 	0.0 	0.0 	6.96340146523	4.62564075401	84.5023810169	-5.88513708695	
7.55	0.0	0.0	0.0 	0.0 	208.75 	25.0 	0.0 	0.0 	0.0 	-0.0 	25.0 	0.0 	0.0 	0.0 	6.97804881775	4.62564075401	84.3865175255	-5.89521332745	
7.56666666667	0.0	0.0	0.0 	0.0 	209.166666667 	25.0 	0.0 	0.0 	0.0 	-0.0 	25.0 	0.0 	0.0 	0.0 	6.99262625988	4.62564075401	84.2704119904	-5.90531061763	
7.58333333333	0.0	0.0	0.0 	0.0 	209.583333333 	25.0 	0.0 	0.0 	0.0 	-0.0 	25.0 	0.0 	0.0 	0.0 	7.00713412531	4.62564075401	84.1540655667	-5.91542885705	
7.6	0.0	0.0	0.0 	0.0 	210.0 	25.0 	0.0 	0.0 	0.0 	-0.0 	25.0 	0.0 	0.0 	0.0 	7.02157274611	4.62564075401	84.0374794043	-5.92556794571	
7.61666666667	0.0	0.0	0.0 	0.0 	210.416666667 	25.0 	0.0 	0.0 	0.0 	-0.0 	25.0 	0.0 	0.0 	0.0 	7.03594245279	4.62564075401	83.9206546473	-5.93572778409	
7.63333333333	0.0	0.0	0.0 	0.0 	210.833333333 	25.0 	0.0 	0.0 	0.0 	-0.0 	25.0 	0.0 	0.0 	0.0 	7.05024357426	4.62564075401	83.8035924345	-5.94590827317	
7.65	0.0	0.0	0.0 	0.0 	211.25 	25.0 	0.0 	0.0 	0.0 	-0.0 	25.0 	0.0 	0.0 	0.0 	7.06447643788	4.62564075401	83.6862938993	-5.95610931438	
7.66666666667	0.0	0.0	0.0 	0.0 	211.666666667 	25.0 	0.0 	0.0 	0.0 	-0.0 	25.0 	0.0 	0.0 	0.0 	7.07864136943	4.62564075401	83.5687601697	-5.96633080962	
7.68333333333	0.0	0.0	0.0 	0.0 	212.083333333 	25.0 	0.0 	0.0 	0.0 	-0.0 	25.0 	0.0 	0.0 	0.0 	7.09273869315	4.62564075401	83.4509923682	-5.97657266127	
7.7	0.0	0.0	0.0 	0.0 	212.5 	25.0 	0.0 	0.0 	0.0 	-0.0 	25.0 	0.0 	0.0 	0.0 	7.10676873172	4.62564075401	83.3329916119	-5.98683477218	
7.71666666667	0.0	0.0	0.0 	0.0 	212.916666667 	25.0 	0.0 	0.0 	0.0 	-0.0 	25.0 	0.0 	0.0 	0.0 	7.12073180628	4.62564075401	83.2147590129	-5.99711704564	
7.73333333333	0.0	0.0	0.0 	0.0 	213.333333333 	25.0 	0.0 	0.0 	0.0 	-0.0 	25.0 	0.0 	0.0 	0.0 	7.13462823646	4.62564075401	83.0962956776	-6.00741938542	
7.75	0.0	0.0	0.0 	0.0 	213.75 	25.0 	0.0 	0.0 	0.0 	-0.0 	25.0 	0.0 	0.0 	0.0 	7.14845834034	4.62564075401	82.9776027073	-6.01774169574	
7.76666666667	0.0	0.0	0.0 	0.0 	214.166666667 	25.0 	0.0 	0.0 	0.0 	-0.0 	25.0 	0.0 	0.0 	0.0 	7.16222243448	4.62564075401	82.858681198	-6.0280838813	
7.78333333333	0.0	0.0	0.0 	0.0 	214.583333333 	25.0 	0.0 	0.0 	0.0 	-0.0 	25.0 	0.0 	0.0 	0.0 	7.17592083394	4.62564075401	82.7395322406	-6.03844584723	
7.8	0.0	0.0	0.0 	0.0 	215.0 	25.0 	0.0 	0.0 	0.0 	-0.0 	25.0 	0.0 	0.0 	0.0 	7.18955385229	4.62564075401	82.6201569206	-6.04882749911	
7.81666666667	0.0	0.0	0.0 	0.0 	215.416666667 	25.0 	0.0 	0.0 	0.0 	-0.0 	25.0 	0.0 	0.0 	0.0 	7.20312180157	4.62564075401	82.5005563184	-6.05922874299	
7.83333333333	0.0	0.0	0.0 	0.0 	215.833333333 	25.0 	0.0 	0.0 	0.0 	-0.0 	25.0 	0.0 	0.0 	0.0 	7.21662499235	4.62564075401	82.3807315093	-6.06964948536	
7.85	0.0	0.0	0.0 	0.0 	216.25 	25.0 	0.0 	0.0 	0.0 	-0.0 	25.0 	0.0 	0.0 	0.0 	7.23006373373	4.62564075401	82.2606835634	-6.08008963315	
7.86666666667	0.0	0.0	0.0 	0.0 	216.666666667 	25.0 	0.0 	0.0 	0.0 	-0.0 	25.0 	0.0 	0.0 	0.0 	7.24343833331	4.62564075401	82.1404135457	-6.09054909374	
7.88333333333	0.0	0.0	0.0 	0.0 	217.083333333 	25.0 	0.0 	0.0 	0.0 	-0.0 	25.0 	0.0 	0.0 	0.0 	7.25674909723	4.62564075401	82.0199225162	-6.10102777496	
7.9	0.0	0.0	0.0 	0.0 	217.5 	25.0 	0.0 	0.0 	0.0 	-0.0 	25.0 	0.0 	0.0 	0.0 	7.26999633018	4.62564075401	81.8992115297	-6.11152558506	
7.91666666667	0.0	0.0	0.0 	0.0 	217.916666667 	25.0 	0.0 	0.0 	0.0 	-0.0 	25.0 	0.0 	0.0 	0.0 	7.28318033537	4.62564075401	81.7782816359	-6.12204243276	
7.93333333333	0.0	0.0	0.0 	0.0 	218.333333333 	25.0 	0.0 	0.0 	0.0 	-0.0 	25.0 	0.0 	0.0 	0.0 	7.2963014146	4.62564075401	81.6571338799	-6.13257822717	
7.95	0.0	0.0	0.0 	0.0 	218.75 	25.0 	0.0 	0.0 	0.0 	-0.0 	25.0 	0.0 	0.0 	0.0 	7.30935986821	4.62564075401	81.5357693014	-6.14313287787	
7.96666666667	0.0	0.0	0.0 	0.0 	219.166666667 	25.0 	0.0 	0.0 	0.0 	-0.0 	25.0 	0.0 	0.0 	0.0 	7.32235599509	4.62564075401	81.4141889352	-6.15370629487	
7.98333333333	0.0	0.0	0.0 	0.0 	219.583333333 	25.0 	0.0 	0.0 	0.0 	-0.0 	25.0 	0.0 	0.0 	0.0 	7.33529009272	4.62564075401	81.2923938113	-6.16429838859	
8.0	0.0	0.0	0.0 	0.0 	220.0 	25.0 	0.0 	0.0 	0.0 	-0.0 	25.0 	0.0 	0.0 	0.0 	7.34816245718	4.62564075401	81.1703849547	-6.17490906989	
8.01666666667	0.0	0.0	0.0 	0.0 	220.416666667 	25.0 	0.0 	0.0 	0.0 	-0.0 	25.0 	0.0 	0.0 	0.0 	7.36097338309	4.62564075401	81.0481633856	-6.18553825005	
8.03333333333	0.0	0.0	0.0 	0.0 	220.833333333 	25.0 	0.0 	0.0 	0.0 	-0.0 	25.0 	0.0 	0.0 	0.0 	7.37372316371	4.62564075401	80.9257301192	-6.19618584078	
8.05	0.0	0.0	0.0 	0.0 	221.25 	25.0 	0.0 	0.0 	0.0 	-0.0 	25.0 	0.0 	0.0 	0.0 	7.38641209088	4.62564075401	80.8030861659	-6.20685175421	
8.06666666667	0.0	0.0	0.0 	0.0 	221.666666667 	25.0 	0.0 	0.0 	0.0 	-0.0 	25.0 	0.0 	0.0 	0.0 	7.39904045503	4.62564075401	80.6802325312	-6.21753590288	
8.08333333333	0.0	0.0	0.0 	0.0 	222.083333333 	25.0 	0.0 	0.0 	0.0 	-0.0 	25.0 	0.0 	0.0 	0.0 	7.41160854524	4.62564075401	80.5571702161	-6.22823819977	
8.1	0.0	0.0	0.0 	0.0 	222.5 	25.0 	0.0 	0.0 	0.0 	-0.0 	25.0 	0.0 	0.0 	0.0 	7.42411664918	4.62564075401	80.4339002165	-6.23895855824	
8.11666666667	0.0	0.0	0.0 	0.0 	222.916666667 	25.0 	0.0 	0.0 	0.0 	-0.0 	25.0 	0.0 	0.0 	0.0 	7.43656505316	4.62564075401	80.3104235236	-6.24969689211	
8.13333333333	0.0	0.0	0.0 	0.0 	223.333333333 	25.0 	0.0 	0.0 	0.0 	-0.0 	25.0 	0.0 	0.0 	0.0 	7.44895404213	4.62564075401	80.186741124	-6.26045311556	
8.15	0.0	0.0	0.0 	0.0 	223.75 	25.0 	0.0 	0.0 	0.0 	-0.0 	25.0 	0.0 	0.0 	0.0 	7.46128389967	4.62564075401	80.0628539995	-6.27122714321	
8.16666666667	0.0	0.0	0.0 	0.0 	224.166666667 	25.0 	0.0 	0.0 	0.0 	-0.0 	25.0 	0.0 	0.0 	0.0 	7.473554908	4.62564075401	79.9387631273	-6.2820188901	
8.18333333333	0.0	0.0	0.0 	0.0 	224.583333333 	25.0 	0.0 	0.0 	0.0 	-0.0 	25.0 	0.0 	0.0 	0.0 	7.48576734801	4.62564075401	79.8144694797	-6.29282827163	
8.2	0.0	0.0	0.0 	0.0 	225.0 	25.0 	0.0 	0.0 	0.0 	-0.0 	25.0 	0.0 	0.0 	0.0 	7.49792149923	4.62564075401	79.6899740247	-6.30365520366	
8.21666666667	0.0	0.0	0.0 	0.0 	225.416666667 	25.0 	0.0 	0.0 	0.0 	-0.0 	25.0 	0.0 	0.0 	0.0 	7.51001763988	4.62564075401	79.5652777254	-6.3144996024	
8.23333333333	0.0	0.0	0.0 	0.0 	225.833333333 	25.0 	0.0 	0.0 	0.0 	-0.0 	25.0 	0.0 	0.0 	0.0 	7.52205604684	4.62564075401	79.4403815404	-6.3253613845	
8.25	0.0	0.0	0.0 	0.0 	226.25 	25.0 	0.0 	0.0 	0.0 	-0.0 	25.0 	0.0 	0.0 	0.0 	7.53403699565	4.62564075401	79.3152864239	-6.33624046698	
8.26666666667	0.0	0.0	0.0 	0.0 	226.666666667 	25.0 	0.0 	0.0 	0.0 	-0.0 	25.0 	0.0 	0.0 	0.0 	7.54596076057	4.62564075401	79.1899933252	-6.34713676727	
8.28333333333	0.0	0.0	0.0 	0.0 	227.083333333 	25.0 	0.0 	0.0 	0.0 	-0.0 	25.0 	0.0 	0.0 	0.0 	7.55782761452	4.62564075401	79.0645031893	-6.35805020319	
8.3	0.0	0.0	0.0 	0.0 	227.5 	25.0 	0.0 	0.0 	0.0 	-0.0 	25.0 	0.0 	0.0 	0.0 	7.56963782914	4.62564075401	78.9388169566	-6.36898069296	
8.31666666667	0.0	0.0	0.0 	0.0 	227.916666667 	25.0 	0.0 	0.0 	0.0 	-0.0 	25.0 	0.0 	0.0 	0.0 	7.58139167476	4.62564075401	78.8129355632	-6.37992815517	
8.33333333333	0.0	0.0	0.0 	0.0 	228.333333333 	25.0 	0.0 	0.0 	0.0 	-0.0 	25.0 	0.0 	0.0 	0.0 	7.59308942042	4.62564075401	78.6868599404	-6.39089250883	
8.35	0.0	0.0	0.0 	0.0 	228.75 	25.0 	0.0 	0.0 	0.0 	-0.0 	25.0 	0.0 	0.0 	0.0 	7.60473133389	4.62564075401	78.5605910153	-6.40187367331	
8.36666666667	0.0	0.0	0.0 	0.0 	229.166666667 	25.0 	0.0 	0.0 	0.0 	-0.0 	25.0 	0.0 	0.0 	0.0 	7.61631768164	4.62564075401	78.4341297106	-6.41287156837	
8.38333333333	0.0	0.0	0.0 	0.0 	229.583333333 	25.0 	0.0 	0.0 	0.0 	-0.0 	25.0 	0.0 	0.0 	0.0 	7.62784872889	4.62564075401	78.3074769445	-6.42388611416	
8.4	0.0	0.0	0.0 	0.0 	230.0 	25.0 	0.0 	0.0 	0.0 	-0.0 	25.0 	0.0 	0.0 	0.0 	7.63932473957	4.62564075401	78.1806336307	-6.4349172312	
8.41666666667	0.0	0.0	0.0 	0.0 	230.416666667 	25.0 	0.0 	0.0 	0.0 	-0.0 	25.0 	0.0 	0.0 	0.0 	7.65074597638	4.62564075401	78.0536006787	-6.44596484041	
8.43333333333	0.0	0.0	0.0 	0.0 	230.833333333 	25.0 	0.0 	0.0 	0.0 	-0.0 	25.0 	0.0 	0.0 	0.0 	7.66211270074	4.62564075401	77.9263789937	-6.45702886308	
8.45	0.0	0.0	0.0 	0.0 	231.25 	25.0 	0.0 	0.0 	0.0 	-0.0 	25.0 	0.0 	0.0 	0.0 	7.67342517284	4.62564075401	77.7989694764	-6.46810922084	
8.46666666667	0.0	0.0	0.0 	0.0 	231.666666667 	25.0 	0.0 	0.0 	0.0 	-0.0 	25.0 	0.0 	0.0 	0.0 	7.68468365162	4.62564075401	77.6713730235	-6.47920583576	
8.48333333333	0.0	0.0	0.0 	0.0 	232.083333333 	25.0 	0.0 	0.0 	0.0 	-0.0 	25.0 	0.0 	0.0 	0.0 	7.69588839477	4.62564075401	77.543590527	-6.49031863022	
8.5	0.0	0.0	0.0 	0.0 	232.5 	25.0 	0.0 	0.0 	0.0 	-0.0 	25.0 	0.0 	0.0 	0.0 	7.70703965879	4.62564075401	77.415622875	-6.50144752701	
8.51666666667	0.0	0.0	0.0 	0.0 	232.916666667 	25.0 	0.0 	0.0 	0.0 	-0.0 	25.0 	0.0 	0.0 	0.0 	7.71813769891	4.62564075401	77.2874709512	-6.51259244927	
8.53333333333	0.0	0.0	0.0 	0.0 	233.333333333 	25.0 	0.0 	0.0 	0.0 	-0.0 	25.0 	0.0 	0.0 	0.0 	7.72918276916	4.62564075401	77.159135635	-6.52375332051	
8.55	0.0	0.0	0.0 	0.0 	233.75 	25.0 	0.0 	0.0 	0.0 	-0.0 	25.0 	0.0 	0.0 	0.0 	7.74017512238	4.62564075401	77.0306178019	-6.53493006461	
8.56666666667	0.0	0.0	0.0 	0.0 	234.166666667 	25.0 	0.0 	0.0 	0.0 	-0.0 	25.0 	0.0 	0.0 	0.0 	7.75111501017	4.62564075401	76.901918323	-6.54612260582	
8.58333333333	0.0	0.0	0.0 	0.0 	234.583333333 	25.0 	0.0 	0.0 	0.0 	-0.0 	25.0 	0.0 	0.0 	0.0 	7.76200268295	4.62564075401	76.7730380652	-6.55733086873	
8.6	0.0	0.0	0.0 	0.0 	235.0 	25.0 	0.0 	0.0 	0.0 	-0.0 	25.0 	0.0 	0.0 	0.0 	7.77283838993	4.62564075401	76.6439778913	-6.5685547783	
8.61666666667	0.0	0.0	0.0 	0.0 	235.416666667 	25.0 	0.0 	0.0 	0.0 	-0.0 	25.0 	0.0 	0.0 	0.0 	7.78362237914	4.62564075401	76.5147386601	-6.57979425985	
8.63333333333	0.0	0.0	0.0 	0.0 	235.833333333 	25.0 	0.0 	0.0 	0.0 	-0.0 	25.0 	0.0 	0.0 	0.0 	7.79435489742	4.62564075401	76.3853212263	-6.59104923907	
8.65	0.0	0.0	0.0 	0.0 	236.25 	25.0 	0.0 	0.0 	0.0 	-0.0 	25.0 	0.0 	0.0 	0.0 	7.80503619044	4.62564075401	76.2557264403	-6.60231964198	
8.66666666667	0.0	0.0	0.0 	0.0 	236.666666667 	25.0 	0.0 	0.0 	0.0 	-0.0 	25.0 	0.0 	0.0 	0.0 	7.8156665027	4.62564075401	76.1259551487	-6.61360539497	
8.68333333333	0.0	0.0	0.0 	0.0 	237.083333333 	25.0 	0.0 	0.0 	0.0 	-0.0 	25.0 	0.0 	0.0 	0.0 	7.82624607751	4.62564075401	75.9960081938	-6.62490642476	
8.7	0.0	0.0	0.0 	0.0 	237.5 	25.0 	0.0 	0.0 	0.0 	-0.0 	25.0 	0.0 	0.0 	0.0 	7.83677515705	4.62564075401	75.8658864141	-6.63622265846	
8.71666666667	0.0	0.0	0.0 	0.0 	237.916666667 	25.0 	0.0 	0.0 	0.0 	-0.0 	25.0 	0.0 	0.0 	0.0 	7.84725398232	4.62564075401	75.7355906441	-6.64755402349	
8.73333333333	0.0	0.0	0.0 	0.0 	238.333333333 	25.0 	0.0 	0.0 	0.0 	-0.0 	25.0 	0.0 	0.0 	0.0 	7.85768279318	4.62564075401	75.6051217142	-6.65890044762	
8.75	0.0	0.0	0.0 	0.0 	238.75 	25.0 	0.0 	0.0 	0.0 	-0.0 	25.0 	0.0 	0.0 	0.0 	7.86806182835	4.62564075401	75.4744804508	-6.67026185899	
8.76666666667	0.0	0.0	0.0 	0.0 	239.166666667 	25.0 	0.0 	0.0 	0.0 	-0.0 	25.0 	0.0 	0.0 	0.0 	7.8783913254	4.62564075401	75.3436676765	-6.68163818606	
8.78333333333	0.0	0.0	0.0 	0.0 	239.583333333 	25.0 	0.0 	0.0 	0.0 	-0.0 	25.0 	0.0 	0.0 	0.0 	7.88867152077	4.62564075401	75.2126842098	-6.69302935765	
8.8	0.0	0.0	0.0 	0.0 	240.0 	25.0 	0.0 	0.0 	0.0 	-0.0 	25.0 	0.0 	0.0 	0.0 	7.89890264977	4.62564075401	75.0815308656	-6.70443530289	
8.81666666667	0.0	0.0	0.0 	0.0 	240.416666667 	25.0 	0.0 	0.0 	0.0 	-0.0 	25.0 	0.0 	0.0 	0.0 	7.90908494659	4.62564075401	74.9502084545	-6.71585595128	
8.83333333333	0.0	0.0	0.0 	0.0 	240.833333333 	25.0 	0.0 	0.0 	0.0 	-0.0 	25.0 	0.0 	0.0 	0.0 	7.9192186443	4.62564075401	74.8187177836	-6.72729123264	
8.85	0.0	0.0	0.0 	0.0 	241.25 	25.0 	0.0 	0.0 	0.0 	-0.0 	25.0 	0.0 	0.0 	0.0 	7.92930397487	4.62564075401	74.6870596558	-6.73874107712	
8.86666666667	0.0	0.0	0.0 	0.0 	241.666666667 	25.0 	0.0 	0.0 	0.0 	-0.0 	25.0 	0.0 	0.0 	0.0 	7.93934116914	4.62564075401	74.5552348706	-6.75020541523	
8.88333333333	0.0	0.0	0.0 	0.0 	242.083333333 	25.0 	0.0 	0.0 	0.0 	-0.0 	25.0 	0.0 	0.0 	0.0 	7.94933045686	4.62564075401	74.4232442232	-6.76168417778	
8.9	0.0	0.0	0.0 	0.0 	242.5 	25.0 	0.0 	0.0 	0.0 	-0.0 	25.0 	0.0 	0.0 	0.0 	7.95927206669	4.62564075401	74.2910885054	-6.77317729592	
8.91666666667	0.0	0.0	0.0 	0.0 	242.916666667 	25.0 	0.0 	0.0 	0.0 	-0.0 	25.0 	0.0 	0.0 	0.0 	7.96916622619	4.62564075401	74.1587685051	-6.78468470114	
8.93333333333	0.0	0.0	0.0 	0.0 	243.333333333 	25.0 	0.0 	0.0 	0.0 	-0.0 	25.0 	0.0 	0.0 	0.0 	7.97901316183	4.62564075401	74.0262850062	-6.79620632526	
8.95	0.0	0.0	0.0 	0.0 	243.75 	25.0 	0.0 	0.0 	0.0 	-0.0 	25.0 	0.0 	0.0 	0.0 	7.98881309901	4.62564075401	73.8936387893	-6.80774210039	
8.96666666667	0.0	0.0	0.0 	0.0 	244.166666667 	25.0 	0.0 	0.0 	0.0 	-0.0 	25.0 	0.0 	0.0 	0.0 	7.99856626204	4.62564075401	73.7608306308	-6.819291959	
8.98333333333	0.0	0.0	0.0 	0.0 	244.583333333 	25.0 	0.0 	0.0 	0.0 	-0.0 	25.0 	0.0 	0.0 	0.0 	8.00827287419	4.62564075401	73.6278613039	-6.83085583388	
9.0	0.0	0.0	0.0 	0.0 	245.0 	25.0 	0.0 	0.0 	0.0 	-0.0 	25.0 	0.0 	0.0 	0.0 	8.01793315762	4.62564075401	73.4947315776	-6.84243365811	
9.01666666667	0.0	0.0	0.0 	0.0 	245.416666667 	25.0 	0.0 	0.0 	0.0 	-0.0 	25.0 	0.0 	0.0 	0.0 	8.02754733347	4.62564075401	73.3614422176	-6.85402536514	
9.03333333333	0.0	0.0	0.0 	0.0 	245.833333333 	25.0 	0.0 	0.0 	0.0 	-0.0 	25.0 	0.0 	0.0 	0.0 	8.03711562179	4.62564075401	73.2279939857	-6.86563088868	
9.05	0.0	0.0	0.0 	0.0 	246.25 	25.0 	0.0 	0.0 	0.0 	-0.0 	25.0 	0.0 	0.0 	0.0 	8.04663824161	4.62564075401	73.0943876404	-6.87725016281	
9.06666666667	0.0	0.0	0.0 	0.0 	246.666666667 	25.0 	0.0 	0.0 	0.0 	-0.0 	25.0 	0.0 	0.0 	0.0 	8.05611541089	4.62564075401	72.9606239361	-6.88888312188	
9.08333333333	0.0	0.0	0.0 	0.0 	247.083333333 	25.0 	0.0 	0.0 	0.0 	-0.0 	25.0 	0.0 	0.0 	0.0 	8.06554734658	4.62564075401	72.8267036241	-6.90052970059	
9.1	0.0	0.0	0.0 	0.0 	247.5 	25.0 	0.0 	0.0 	0.0 	-0.0 	25.0 	0.0 	0.0 	0.0 	8.07493426455	4.62564075401	72.6926274517	-6.91218983392	
9.11666666667	0.0	0.0	0.0 	0.0 	247.916666667 	25.0 	0.0 	0.0 	0.0 	-0.0 	25.0 	0.0 	0.0 	0.0 	8.08427637969	4.62564075401	72.5583961628	-6.92386345718	
9.13333333333	0.0	0.0	0.0 	0.0 	248.333333333 	25.0 	0.0 	0.0 	0.0 	-0.0 	25.0 	0.0 	0.0 	0.0 	8.09357390582	4.62564075401	72.4240104979	-6.93555050598	
9.15	0.0	0.0	0.0 	0.0 	248.75 	25.0 	0.0 	0.0 	0.0 	-0.0 	25.0 	0.0 	0.0 	0.0 	8.10282705577	4.62564075401	72.2894711937	-6.94725091626	
9.16666666667	0.0	0.0	0.0 	0.0 	249.166666667 	25.0 	0.0 	0.0 	0.0 	-0.0 	25.0 	0.0 	0.0 	0.0 	8.11203604134	4.62564075401	72.1547789836	-6.95896462422	
9.18333333333	0.0	0.0	0.0 	0.0 	249.583333333 	25.0 	0.0 	0.0 	0.0 	-0.0 	25.0 	0.0 	0.0 	0.0 	8.12120107332	4.62564075401	72.0199345973	-6.97069156642	
9.2	0.0	0.0	0.0 	0.0 	250.0 	25.0 	0.0 	0.0 	0.0 	-0.0 	25.0 	0.0 	0.0 	0.0 	8.1303223615	4.62564075401	71.8849387612	-6.98243167967	
9.21666666667	0.0	0.0	0.0 	0.0 	250.416666667 	25.0 	0.0 	0.0 	0.0 	-0.0 	25.0 	0.0 	0.0 	0.0 	8.13940011466	4.62564075401	71.7497921981	-6.99418490111	
9.23333333333	0.0	0.0	0.0 	0.0 	250.833333333 	25.0 	0.0 	0.0 	0.0 	-0.0 	25.0 	0.0 	0.0 	0.0 	8.1484345406	4.62564075401	71.6144956274	-7.00595116819	
9.25	0.0	0.0	0.0 	0.0 	251.25 	25.0 	0.0 	0.0 	0.0 	-0.0 	25.0 	0.0 	0.0 	0.0 	8.1574258461	4.62564075401	71.4790497652	-7.01773041863	
9.26666666667	0.0	0.0	0.0 	0.0 	251.666666667 	25.0 	0.0 	0.0 	0.0 	-0.0 	25.0 	0.0 	0.0 	0.0 	8.16637423698	4.62564075401	71.3434553239	-7.02952259047	
9.28333333333	0.0	0.0	0.0 	0.0 	252.083333333 	25.0 	0.0 	0.0 	0.0 	-0.0 	25.0 	0.0 	0.0 	0.0 	8.17527991807	4.62564075401	71.2077130127	-7.04132762203	
9.3	0.0	0.0	0.0 	0.0 	252.5 	25.0 	0.0 	0.0 	0.0 	-0.0 	25.0 	0.0 	0.0 	0.0 	8.18414309321	4.62564075401	71.0718235374	-7.05314545194	
9.31666666667	0.0	0.0	0.0 	0.0 	252.916666667 	25.0 	0.0 	0.0 	0.0 	-0.0 	25.0 	0.0 	0.0 	0.0 	8.19296396528	4.62564075401	70.9357876004	-7.06497601911	
9.33333333333	0.0	0.0	0.0 	0.0 	253.333333333 	25.0 	0.0 	0.0 	0.0 	-0.0 	25.0 	0.0 	0.0 	0.0 	8.20174273619	4.62564075401	70.7996059007	-7.07681926274	
9.35	0.0	0.0	0.0 	0.0 	253.75 	25.0 	0.0 	0.0 	0.0 	-0.0 	25.0 	0.0 	0.0 	0.0 	8.21047960689	4.62564075401	70.663279134	-7.08867512234	
9.36666666667	0.0	0.0	0.0 	0.0 	254.166666667 	25.0 	0.0 	0.0 	0.0 	-0.0 	25.0 	0.0 	0.0 	0.0 	8.21917477736	4.62564075401	70.5268079928	-7.10054353769	
9.38333333333	0.0	0.0	0.0 	0.0 	254.583333333 	25.0 	0.0 	0.0 	0.0 	-0.0 	25.0 	0.0 	0.0 	0.0 	8.22782844663	4.62564075401	70.390193166	-7.11242444886	
9.4	0.0	0.0	0.0 	0.0 	255.0 	25.0 	0.0 	0.0 	0.0 	-0.0 	25.0 	0.0 	0.0 	0.0 	8.23644081278	4.62564075401	70.2534353396	-7.12431779621	
9.41666666667	0.0	0.0	0.0 	0.0 	255.416666667 	25.0 	0.0 	0.0 	0.0 	-0.0 	25.0 	0.0 	0.0 	0.0 	8.24501207295	4.62564075401	70.1165351961	-7.13622352039	
9.43333333333	0.0	0.0	0.0 	0.0 	255.833333333 	25.0 	0.0 	0.0 	0.0 	-0.0 	25.0 	0.0 	0.0 	0.0 	8.25354242333	4.62564075401	69.9794934146	-7.14814156231	
9.45	0.0	0.0	0.0 	0.0 	256.25 	25.0 	0.0 	0.0 	0.0 	-0.0 	25.0 	0.0 	0.0 	0.0 	8.26203205919	4.62564075401	69.8423106712	-7.1600718632	
9.46666666667	0.0	0.0	0.0 	0.0 	256.666666667 	25.0 	0.0 	0.0 	0.0 	-0.0 	25.0 	0.0 	0.0 	0.0 	8.27048117484	4.62564075401	69.7049876388	-7.17201436453	
9.48333333333	0.0	0.0	0.0 	0.0 	257.083333333 	25.0 	0.0 	0.0 	0.0 	-0.0 	25.0 	0.0 	0.0 	0.0 	8.27888996369	4.62564075401	69.5675249869	-7.18396900808	
9.5	0.0	0.0	0.0 	0.0 	257.5 	25.0 	0.0 	0.0 	0.0 	-0.0 	25.0 	0.0 	0.0 	0.0 	8.28725861821	4.62564075401	69.4299233819	-7.19593573589	
9.51666666667	0.0	0.0	0.0 	0.0 	257.916666667 	25.0 	0.0 	0.0 	0.0 	-0.0 	25.0 	0.0 	0.0 	0.0 	8.29558732997	4.62564075401	69.292183487	-7.20791449028	
9.53333333333	0.0	0.0	0.0 	0.0 	258.333333333 	25.0 	0.0 	0.0 	0.0 	-0.0 	25.0 	0.0 	0.0 	0.0 	8.30387628959	4.62564075401	69.1543059622	-7.21990521386	
9.55	0.0	0.0	0.0 	0.0 	258.75 	25.0 	0.0 	0.0 	0.0 	-0.0 	25.0 	0.0 	0.0 	0.0 	8.31212568682	4.62564075401	69.0162914645	-7.2319078495	
9.56666666667	0.0	0.0	0.0 	0.0 	259.166666667 	25.0 	0.0 	0.0 	0.0 	-0.0 	25.0 	0.0 	0.0 	0.0 	8.32033571049	4.62564075401	68.8781406476	-7.24392234034	
9.58333333333	0.0	0.0	0.0 	0.0 	259.583333333 	25.0 	0.0 	0.0 	0.0 	-0.0 	25.0 	0.0 	0.0 	0.0 	8.32850654851	4.62564075401	68.7398541621	-7.25594862979	
9.6	0.0	0.0	0.0 	0.0 	260.0 	25.0 	0.0 	0.0 	0.0 	-0.0 	25.0 	0.0 	0.0 	0.0 	8.33663838793	4.62564075401	68.6014326556	-7.26798666155	
9.61666666667	0.0	0.0	0.0 	0.0 	260.416666667 	25.0 	0.0 	0.0 	0.0 	-0.0 	25.0 	0.0 	0.0 	0.0 	8.34473141487	4.62564075401	68.4628767725	-7.28003637957	
9.63333333333	0.0	0.0	0.0 	0.0 	260.833333333 	25.0 	0.0 	0.0 	0.0 	-0.0 	25.0 	0.0 	0.0 	0.0 	8.35278581458	4.62564075401	68.3241871542	-7.29209772807	
9.65	0.0	0.0	0.0 	0.0 	261.25 	25.0 	0.0 	0.0 	0.0 	-0.0 	25.0 	0.0 	0.0 	0.0 	8.36080177143	4.62564075401	68.185364439	-7.30417065154	
9.66666666667	0.0	0.0	0.0 	0.0 	261.666666667 	25.0 	0.0 	0.0 	0.0 	-0.0 	25.0 	0.0 	0.0 	0.0 	8.36877946891	4.62564075401	68.0464092621	-7.31625509474	
9.68333333333	0.0	0.0	0.0 	0.0 	262.083333333 	25.0 	0.0 	0.0 	0.0 	-0.0 	25.0 	0.0 	0.0 	0.0 	8.37671908961	4.62564075401	67.9073222558	-7.32835100267	
9.7	0.0	0.0	0.0 	0.0 	262.5 	25.0 	0.0 	0.0 	0.0 	-0.0 	25.0 	0.0 	0.0 	0.0 	8.38462081528	4.62564075401	67.7681040493	-7.34045832063	
9.71666666667	0.0	0.0	0.0 	0.0 	262.916666667 	25.0 	0.0 	0.0 	0.0 	-0.0 	25.0 	0.0 	0.0 	0.0 	8.39248482678	4.62564075401	67.6287552688	-7.35257699415	
9.73333333333	0.0	0.0	0.0 	0.0 	263.333333333 	25.0 	0.0 	0.0 	0.0 	-0.0 	25.0 	0.0 	0.0 	0.0 	8.40031130413	4.62564075401	67.4892765375	-7.36470696904	
9.75	0.0	0.0	0.0 	0.0 	263.75 	25.0 	0.0 	0.0 	0.0 	-0.0 	25.0 	0.0 	0.0 	0.0 	8.40810042647	4.62564075401	67.3496684756	-7.37684819134	
9.76666666667	0.0	0.0	0.0 	0.0 	264.166666667 	25.0 	0.0 	0.0 	0.0 	-0.0 	25.0 	0.0 	0.0 	0.0 	8.41585237208	4.62564075401	67.2099317005	-7.38900060739	
9.78333333333	0.0	0.0	0.0 	0.0 	264.583333333 	25.0 	0.0 	0.0 	0.0 	-0.0 	25.0 	0.0 	0.0 	0.0 	8.42356731842	4.62564075401	67.0700668264	-7.40116416375	
9.8	0.0	0.0	0.0 	0.0 	265.0 	25.0 	0.0 	0.0 	0.0 	-0.0 	25.0 	0.0 	0.0 	0.0 	8.43124544207	4.62564075401	66.9300744648	-7.41333880726	
9.81666666667	0.0	0.0	0.0 	0.0 	265.416666667 	25.0 	0.0 	0.0 	0.0 	-0.0 	25.0 	0.0 	0.0 	0.0 	8.43888691879	4.62564075401	66.7899552242	-7.42552448499	
9.83333333333	0.0	0.0	0.0 	0.0 	265.833333333 	25.0 	0.0 	0.0 	0.0 	-0.0 	25.0 	0.0 	0.0 	0.0 	8.44649192349	4.62564075401	66.6497097101	-7.43772114428	
9.85	0.0	0.0	0.0 	0.0 	266.25 	25.0 	0.0 	0.0 	0.0 	-0.0 	25.0 	0.0 	0.0 	0.0 	8.45406063025	4.62564075401	66.5093385252	-7.44992873271	
9.86666666667	0.0	0.0	0.0 	0.0 	266.666666667 	25.0 	0.0 	0.0 	0.0 	-0.0 	25.0 	0.0 	0.0 	0.0 	8.4615932123	4.62564075401	66.3688422693	-7.46214719813	
9.88333333333	0.0	0.0	0.0 	0.0 	267.083333333 	25.0 	0.0 	0.0 	0.0 	-0.0 	25.0 	0.0 	0.0 	0.0 	8.46908984208	4.62564075401	66.2282215395	-7.47437648861	
9.9	0.0	0.0	0.0 	0.0 	267.5 	25.0 	0.0 	0.0 	0.0 	-0.0 	25.0 	0.0 	0.0 	0.0 	8.47655069118	4.62564075401	66.0874769297	-7.48661655249	
9.91666666667	0.0	0.0	0.0 	0.0 	267.916666667 	25.0 	0.0 	0.0 	0.0 	-0.0 	25.0 	0.0 	0.0 	0.0 	8.48397593038	4.62564075401	65.9466090314	-7.49886733835	
9.93333333333	0.0	0.0	0.0 	0.0 	268.333333333 	25.0 	0.0 	0.0 	0.0 	-0.0 	25.0 	0.0 	0.0 	0.0 	8.49136572963	4.62564075401	65.8056184328	-7.51112879502	
9.95	0.0	0.0	0.0 	0.0 	268.75 	25.0 	0.0 	0.0 	0.0 	-0.0 	25.0 	0.0 	0.0 	0.0 	8.4987202581	4.62564075401	65.6645057196	-7.52340087156	
9.96666666667	0.0	0.0	0.0 	0.0 	269.166666667 	25.0 	0.0 	0.0 	0.0 	-0.0 	25.0 	0.0 	0.0 	0.0 	8.50603968412	4.62564075401	65.5232714748	-7.53568351728	
9.98333333333	0.0	0.0	0.0 	0.0 	269.583333333 	25.0 	0.0 	0.0 	0.0 	-0.0 	25.0 	0.0 	0.0 	0.0 	8.51332417523	4.62564075401	65.3819162782	-7.54797668175	
