0.0166666666667	0.0	0.0	0.0 	0.0 	80.35 	21.0 	0.0 	0.0 	0.0 	0.0 	21.0 	0.0 	0.0 	0.0 	0.0	-0.759677419355	160.0	-8.1935483871	
0.0333333333333	0.0	0.0	0.0 	0.0 	80.7 	21.0 	0.0 	0.0 	0.0 	-0.0 	21.0 	0.0 	0.0 	0.0 	0.0	-0.759677419355	160.0	-8.1935483871	
0.05	0.0	0.0	0.0 	0.0 	81.05 	21.0 	0.0 	0.0 	0.0 	-0.0 	21.0 	0.0 	0.0 	0.0 	0.0	-0.759677419355	160.0	-8.1935483871	
0.0666666666667	0.0	0.0	0.0 	0.0 	81.4 	21.0 	0.0 	0.0 	0.0 	-0.0 	21.0 	0.0 	0.0 	0.0 	0.0	-0.759677419355	160.0	-8.1935483871	
0.0833333333333	0.0	0.0	0.0 	0.0 	81.75 	21.0 	0.0 	0.0 	0.0 	-0.0 	21.0 	0.0 	0.0 	0.0 	0.0	-0.759677419355	160.0	-8.1935483871	
0.1	0.0	0.0	0.0 	0.0 	82.1 	21.0 	0.0 	0.0 	0.0 	-0.0 	21.0 	0.0 	0.0 	0.0 	0.0	-0.759677419355	160.0	-8.1935483871	
0.116666666667	0.0	0.0	0.0 	0.0 	82.45 	21.0 	0.0 	0.0 	0.0 	-0.0 	21.0 	0.0 	0.0 	0.0 	0.0	-0.759677419355	160.0	-8.1935483871	
0.133333333333	0.0	0.0	0.0 	0.0 	82.8 	21.0 	0.0 	0.0 	0.0 	-0.0 	21.0 	0.0 	0.0 	0.0 	0.0	-0.759677419355	160.0	-8.1935483871	
0.15	0.0	0.0	0.0 	0.0 	83.15 	21.0 	0.0 	0.0 	0.0 	-0.0 	21.0 	0.0 	0.0 	0.0 	0.0	-0.759677419355	160.0	-8.1935483871	
0.166666666667	0.0	0.0	0.0 	0.0 	83.5 	21.0 	0.0 	0.0 	0.0 	-0.0 	21.0 	0.0 	0.0 	0.0 	0.0	-0.759677419355	160.0	-8.1935483871	
0.183333333333	0.0	0.0	0.0 	0.0 	83.85 	21.0 	0.0 	0.0 	0.0 	-0.0 	21.0 	0.0 	0.0 	0.0 	0.0	-0.759677419355	160.0	-8.1935483871	
0.2	0.0	0.0	0.0 	0.0 	84.2 	21.0 	0.0 	0.0 	0.0 	-0.0 	21.0 	0.0 	0.0 	0.0 	0.0	-0.759677419355	160.0	-8.1935483871	
0.216666666667	0.0	0.0	0.0 	0.0 	84.55 	21.0 	0.0 	0.0 	0.0 	-0.0 	21.0 	0.0 	0.0 	0.0 	0.0	-0.759677419355	160.0	-8.1935483871	
0.233333333333	0.0	0.0	0.0 	0.0 	84.9 	21.0 	0.0 	0.0 	0.0 	-0.0 	21.0 	0.0 	0.0 	0.0 	0.0	-0.759677419355	160.0	-8.1935483871	
0.25	0.0	0.0	0.0 	0.0 	85.25 	21.0 	0.0 	0.0 	0.0 	-0.0 	21.0 	0.0 	0.0 	0.0 	0.0	-0.759677419355	160.0	-8.1935483871	
0.266666666667	0.0	0.0	0.0 	0.0 	85.6 	21.0 	0.0 	0.0 	0.0 	-0.0 	21.0 	0.0 	0.0 	0.0 	0.0	-0.759677419355	160.0	-8.1935483871	
0.283333333333	0.0	0.0	0.0 	0.0 	85.95 	21.0 	0.0 	0.0 	0.0 	-0.0 	21.0 	0.0 	0.0 	0.0 	0.0	-0.759677419355	160.0	-8.1935483871	
0.3	0.0	0.0	0.0 	0.0 	86.3 	21.0 	0.0 	0.0 	0.0 	-0.0 	21.0 	0.0 	0.0 	0.0 	0.0	-0.759677419355	160.0	-8.1935483871	
0.316666666667	0.0	0.0	0.0 	0.0 	86.65 	21.0 	0.0 	0.0 	0.0 	-0.0 	21.0 	0.0 	0.0 	0.0 	0.0	-0.759677419355	160.0	-8.1935483871	
0.333333333333	0.0	0.0	0.0 	0.0 	87.0 	21.0 	0.0 	0.0 	0.0 	-0.0 	21.0 	0.0 	0.0 	0.0 	0.0	-0.759677419355	160.0	-8.1935483871	
0.35	0.0	0.0	0.0 	0.0 	87.35 	21.0 	0.0 	0.0 	0.0 	-0.0 	21.0 	0.0 	0.0 	0.0 	0.0	-0.759677419355	160.0	-8.1935483871	
0.366666666667	0.0	0.0	0.0 	0.0 	87.7 	21.0 	0.0 	0.0 	0.0 	-0.0 	21.0 	0.0 	0.0 	0.0 	0.0	-0.759677419355	160.0	-8.1935483871	
0.383333333333	0.0	0.0	0.0 	0.0 	88.05 	21.0 	0.0 	0.0 	0.0 	-0.0 	21.0 	0.0 	0.0 	0.0 	0.0	-0.759677419355	160.0	-8.1935483871	
0.4	0.0	0.0	0.0 	0.0 	88.4 	21.0 	0.0 	0.0 	0.0 	-0.0 	21.0 	0.0 	0.0 	0.0 	0.0	-0.759677419355	160.0	-8.1935483871	
0.416666666667	0.0	0.0	0.0 	0.0 	88.75 	21.0 	0.0 	0.0 	0.0 	-0.0 	21.0 	0.0 	0.0 	0.0 	0.0	-0.759677419355	160.0	-8.1935483871	
0.433333333333	0.0	0.0	0.0 	0.0 	89.1 	21.0 	0.0 	0.0 	0.0 	-0.0 	21.0 	0.0 	0.0 	0.0 	0.0	-0.759677419355	160.0	-8.1935483871	
0.45	0.0	0.0	0.0 	0.0 	89.45 	21.0 	0.0 	0.0 	0.0 	-0.0 	21.0 	0.0 	0.0 	0.0 	0.0	-0.759677419355	160.0	-8.1935483871	
0.466666666667	0.0	0.0	0.0 	0.0 	89.8 	21.0 	0.0 	0.0 	0.0 	-0.0 	21.0 	0.0 	0.0 	0.0 	0.0	-0.759677419355	160.0	-8.1935483871	
0.483333333333	0.0	0.0	0.0 	0.0 	90.15 	21.0 	0.0 	0.0 	0.0 	-0.0 	21.0 	0.0 	0.0 	0.0 	0.0	-0.759677419355	160.0	-8.1935483871	
0.5	0.0	0.0	0.0 	0.0 	90.5 	21.0 	0.0 	0.0 	0.0 	-0.0 	21.0 	0.0 	0.0 	0.0 	0.0	-0.759677419355	160.0	-8.1935483871	
0.516666666667	0.0	0.0	0.0 	0.0 	90.85 	21.0 	0.0 	0.0 	0.0 	-0.0 	21.0 	0.0 	0.0 	0.0 	0.0	-0.759677419355	160.0	-8.1935483871	
0.533333333333	0.0	0.0	0.0 	0.0 	91.2 	21.0 	0.0 	0.0 	0.0 	-0.0 	21.0 	0.0 	0.0 	0.0 	0.0	-0.759677419355	160.0	-8.1935483871	
0.55	0.0	0.0	0.0 	0.0 	91.55 	21.0 	0.0 	0.0 	0.0 	-0.0 	21.0 	0.0 	0.0 	0.0 	0.0	-0.759677419355	160.0	-8.1935483871	
0.566666666667	0.0	0.0	0.0 	0.0 	91.9 	21.0 	0.0 	0.0 	0.0 	-0.0 	21.0 	0.0 	0.0 	0.0 	0.0	-0.759677419355	160.0	-8.1935483871	
0.583333333333	0.0	0.0	0.0 	0.0 	92.25 	21.0 	0.0 	0.0 	0.0 	-0.0 	21.0 	0.0 	0.0 	0.0 	0.0	-0.759677419355	160.0	-8.1935483871	
0.6	0.0	0.0	0.0 	0.0 	92.6 	21.0 	0.0 	0.0 	0.0 	-0.0 	21.0 	0.0 	0.0 	0.0 	0.0	-0.759677419355	160.0	-8.1935483871	
0.616666666667	0.0	0.0	0.0 	0.0 	92.95 	21.0 	0.0 	0.0 	0.0 	-0.0 	21.0 	0.0 	0.0 	0.0 	0.0	-0.759677419355	160.0	-8.1935483871	
0.633333333333	0.0	0.0	0.0 	0.0 	93.3 	21.0 	0.0 	0.0 	0.0 	-0.0 	21.0 	0.0 	0.0 	0.0 	0.0	-0.759677419355	160.0	-8.1935483871	
0.65	0.0	0.0	0.0 	0.0 	93.65 	21.0 	0.0 	0.0 	0.0 	-0.0 	21.0 	0.0 	0.0 	0.0 	0.0	-0.759677419355	160.0	-8.1935483871	
0.666666666667	0.0	0.0	0.0 	0.0 	94.0 	21.0 	0.0 	0.0 	0.0 	-0.0 	21.0 	0.0 	0.0 	0.0 	0.0	-0.759677419355	160.0	-8.1935483871	
0.683333333333	0.0	0.0	0.0 	0.0 	94.35 	21.0 	0.0 	0.0 	0.0 	-0.0 	21.0 	0.0 	0.0 	0.0 	0.0	-0.759677419355	160.0	-8.1935483871	
0.7	0.0	0.0	0.0 	0.0 	94.7 	21.0 	0.0 	0.0 	0.0 	-0.0 	21.0 	0.0 	0.0 	0.0 	0.0	-0.759677419355	160.0	-8.1935483871	
0.716666666667	0.0	0.0	0.0 	0.0 	95.05 	21.0 	0.0 	0.0 	0.0 	-0.0 	21.0 	0.0 	0.0 	0.0 	0.0	-0.759677419355	160.0	-8.1935483871	
0.733333333333	0.0	0.0	0.0 	0.0 	95.4 	21.0 	0.0 	0.0 	0.0 	-0.0 	21.0 	0.0 	0.0 	0.0 	0.0	-0.759677419355	160.0	-8.1935483871	
0.75	0.0	0.0	0.0 	0.0 	95.75 	21.0 	0.0 	0.0 	0.0 	-0.0 	21.0 	0.0 	0.0 	0.0 	0.0	-0.759677419355	160.0	-8.1935483871	
0.766666666667	0.0	0.0	0.0 	0.0 	96.1 	21.0 	0.0 	0.0 	0.0 	-0.0 	21.0 	0.0 	0.0 	0.0 	0.0	-0.759677419355	160.0	-8.1935483871	
0.783333333333	0.0	0.0	0.0 	0.0 	96.45 	21.0 	0.0 	0.0 	0.0 	-0.0 	21.0 	0.0 	0.0 	0.0 	0.0	-0.759677419355	160.0	-8.1935483871	
0.8	0.0	0.0	0.0 	0.0 	96.8 	21.0 	0.0 	0.0 	0.0 	-0.0 	21.0 	0.0 	0.0 	0.0 	0.0	-0.759677419355	160.0	-8.1935483871	
0.816666666667	0.0	0.0	0.0 	0.0 	97.15 	21.0 	0.0 	0.0 	0.0 	-0.0 	21.0 	0.0 	0.0 	0.0 	0.0	-0.759677419355	160.0	-8.1935483871	
0.833333333333	0.0	0.0	0.0 	0.0 	97.5 	21.0 	0.0 	0.0 	0.0 	-0.0 	21.0 	0.0 	0.0 	0.0 	0.0	-0.759677419355	160.0	-8.1935483871	
0.85	0.0	0.0	0.0 	0.0 	97.85 	21.0 	0.0 	0.0 	0.0 	-0.0 	21.0 	0.0 	0.0 	0.0 	0.0	-0.759677419355	160.0	-8.1935483871	
0.866666666667	0.0	0.0	0.0 	0.0 	98.2 	21.0 	0.0 	0.0 	0.0 	-0.0 	21.0 	0.0 	0.0 	0.0 	0.0	-0.759677419355	160.0	-8.1935483871	
0.883333333333	0.0	0.0	0.0 	0.0 	98.55 	21.0 	0.0 	0.0 	0.0 	-0.0 	21.0 	0.0 	0.0 	0.0 	0.0	-0.759677419355	160.0	-8.1935483871	
0.9	0.0	0.0	0.0 	0.0 	98.9 	21.0 	0.0 	0.0 	0.0 	-0.0 	21.0 	0.0 	0.0 	0.0 	0.0	-0.759677419355	160.0	-8.1935483871	
0.916666666667	0.0	0.0	0.0 	0.0 	99.25 	21.0 	0.0 	0.0 	0.0 	-0.0 	21.0 	0.0 	0.0 	0.0 	0.0	-0.759677419355	160.0	-8.1935483871	
0.933333333333	0.0	0.0	0.0 	0.0 	99.6 	21.0 	0.0 	0.0 	0.0 	-0.0 	21.0 	0.0 	0.0 	0.0 	0.0	-0.759677419355	160.0	-8.1935483871	
0.95	0.0	0.0	0.0 	0.0 	99.95 	21.0 	0.0 	0.0 	0.0 	-0.0 	21.0 	0.0 	0.0 	0.0 	0.0	-0.759677419355	160.0	-8.1935483871	
0.966666666667	0.0	0.0	0.0 	0.0 	100.3 	21.0 	0.0 	0.0 	0.0 	-0.0 	21.0 	0.0 	0.0 	0.0 	0.0640465793304	-0.759677419355	159.999264865	-8.1927744288	
0.983333333333	0.0	0.0	0.0 	0.0 	100.65 	21.0 	0.0 	0.0 	0.0 	-0.0 	21.0 	0.0 	0.0 	0.0 	0.127515154597	-0.759677419355	159.99780123	-8.19123349698	
1.0	0.0	0.0	0.0 	0.0 	101.0 	21.0 	0.0 	0.0 	0.0 	-0.0 	21.0 	0.0 	0.0 	0.0 	0.190410942139	-0.759677419355	159.995615669	-8.18893251338	
1.01666666667	0.0	0.0	0.0 	0.0 	101.35 	21.0 	0.0 	0.0 	0.0 	-0.0 	21.0 	0.0 	0.0 	0.0 	0.25273911122	-0.759677419355	159.992714698	-8.18587833727	
1.03333333333	0.0	0.0	0.0 	0.0 	101.7 	21.0 	0.0 	0.0 	0.0 	-0.0 	21.0 	0.0 	0.0 	0.0 	0.314504784452	-0.759677419355	159.989104772	-8.18207776602	
1.05	0.0	0.0	0.0 	0.0 	102.05 	21.0 	0.0 	0.0 	0.0 	-0.0 	21.0 	0.0 	0.0 	0.0 	0.375713038217	-0.759677419355	159.98479229	-8.17753753567	
1.06666666667	0.0	0.0	0.0 	0.0 	102.4 	21.0 	0.0 	0.0 	0.0 	-0.0 	21.0 	0.0 	0.0 	0.0 	0.436368903083	-0.759677419355	159.979783593	-8.17226432144	
1.08333333333	0.0	0.0	0.0 	0.0 	102.75 	21.0 	0.0 	0.0 	0.0 	-0.0 	21.0 	0.0 	0.0 	0.0 	0.49647736422	-0.759677419355	159.974084963	-8.16626473832	
1.1	0.0	0.0	0.0 	0.0 	103.1 	21.0 	0.0 	0.0 	0.0 	-0.0 	21.0 	0.0 	0.0 	0.0 	0.556043361806	-0.759677419355	159.967702627	-8.15954534162	
1.11666666667	0.0	0.0	0.0 	0.0 	103.45 	21.0 	0.0 	0.0 	0.0 	-0.0 	21.0 	0.0 	0.0 	0.0 	0.615071791438	-0.759677419355	159.960642755	-8.15211262746	
1.13333333333	0.0	0.0	0.0 	0.0 	103.8 	21.0 	0.0 	0.0 	0.0 	-0.0 	21.0 	0.0 	0.0 	0.0 	0.673567504528	-0.759677419355	159.952911462	-8.14397303335	
1.15	0.0	0.0	0.0 	0.0 	104.15 	21.0 	0.0 	0.0 	0.0 	-0.0 	21.0 	0.0 	0.0 	0.0 	0.731535308709	-0.759677419355	159.944514807	-8.13513293871	
1.16666666667	0.0	0.0	0.0 	0.0 	104.5 	21.0 	0.0 	0.0 	0.0 	-0.0 	21.0 	0.0 	0.0 	0.0 	0.788979968222	-0.759677419355	159.935458795	-8.12559866538	
1.18333333333	0.0	0.0	0.0 	0.0 	104.85 	21.0 	0.0 	0.0 	0.0 	-0.0 	21.0 	0.0 	0.0 	0.0 	0.845906204317	-0.759677419355	159.925749377	-8.11537647813	
1.2	0.0	0.0	0.0 	0.0 	105.2 	21.0 	0.0 	0.0 	0.0 	-0.0 	21.0 	0.0 	0.0 	0.0 	0.902318695632	-0.759677419355	159.915392449	-8.10447258523	
1.21666666667	0.0	0.0	0.0 	0.0 	105.55 	21.0 	0.0 	0.0 	0.0 	-0.0 	21.0 	0.0 	0.0 	0.0 	0.958222078582	-0.759677419355	159.904393854	-8.09289313888	
1.23333333333	0.0	0.0	0.0 	0.0 	105.9 	21.0 	0.0 	0.0 	0.0 	-0.0 	21.0 	0.0 	0.0 	0.0 	1.01362094774	-0.759677419355	159.892759385	-8.08064423578	
1.25	0.0	0.0	0.0 	0.0 	106.25 	21.0 	0.0 	0.0 	0.0 	-0.0 	21.0 	0.0 	0.0 	0.0 	1.06851985622	-0.759677419355	159.880494779	-8.06773191762	
1.26666666667	0.0	0.0	0.0 	0.0 	106.6 	21.0 	0.0 	0.0 	0.0 	-0.0 	21.0 	0.0 	0.0 	0.0 	1.12292331603	-0.759677419355	159.867605723	-8.05416217154	
1.28333333333	0.0	0.0	0.0 	0.0 	106.95 	21.0 	0.0 	0.0 	0.0 	-0.0 	21.0 	0.0 	0.0 	0.0 	1.17683579848	-0.759677419355	159.854097853	-8.03994093066	
1.3	0.0	0.0	0.0 	0.0 	107.3 	21.0 	0.0 	0.0 	0.0 	-0.0 	21.0 	0.0 	0.0 	0.0 	1.2302617345	-0.759677419355	159.839976753	-8.02507407457	
1.31666666667	0.0	0.0	0.0 	0.0 	107.65 	21.0 	0.0 	0.0 	0.0 	-0.0 	21.0 	0.0 	0.0 	0.0 	1.28320551507	-0.759677419355	159.825247958	-8.00956742976	
1.33333333333	0.0	0.0	0.0 	0.0 	108.0 	21.0 	0.0 	0.0 	0.0 	-0.0 	21.0 	0.0 	0.0 	0.0 	1.33567149149	-0.759677419355	159.809916951	-7.99342677018	
1.35	0.0	0.0	0.0 	0.0 	108.35 	21.0 	0.0 	0.0 	0.0 	-0.0 	21.0 	0.0 	0.0 	0.0 	1.29519405336	-0.789982354659	159.79458313	-7.97823289515	
1.36666666667	0.0	0.0	0.0 	0.0 	108.7 	21.0 	0.0 	0.0 	0.0 	-0.0 	21.0 	0.0 	0.0 	0.0 	1.25471661522	-0.821234380586	159.779275851	-7.9639852079	
1.38333333333	0.0	0.0	0.0 	0.0 	109.05 	21.0 	0.0 	0.0 	0.0 	-0.0 	21.0 	0.0 	0.0 	0.0 	1.21423917708	-0.853494603848	159.764025368	-7.95068213109	
1.4	0.0	0.0	0.0 	0.0 	109.4 	21.0 	0.0 	0.0 	0.0 	-0.0 	21.0 	0.0 	0.0 	0.0 	1.17376173895	-0.886830242246	159.748862855	-7.93832101167	
1.41666666667	0.0	0.0	0.0 	0.0 	109.75 	21.0 	0.0 	0.0 	0.0 	-0.0 	21.0 	0.0 	0.0 	0.0 	1.13328430081	-0.921315467649	159.733820435	-7.92689801505	
1.43333333333	0.0	0.0	0.0 	0.0 	110.1 	21.0 	0.0 	0.0 	0.0 	-0.0 	21.0 	0.0 	0.0 	0.0 	1.09280686267	-0.957032399497	159.718931197	-7.91640800734	
1.45	0.0	0.0	0.0 	0.0 	110.45 	21.0 	0.0 	0.0 	0.0 	-0.0 	21.0 	0.0 	0.0 	0.0 	1.05232942454	-0.994072282316	159.704229217	-7.90684442373	
1.46666666667	0.0	0.0	0.0 	0.0 	110.8 	21.0 	0.0 	0.0 	0.0 	-0.0 	21.0 	0.0 	0.0 	0.0 	1.0118519864	-1.03253688968	159.689749577	-7.89819912127	
1.48333333333	0.0	0.0	0.0 	0.0 	111.15 	21.0 	0.0 	0.0 	0.0 	-0.0 	21.0 	0.0 	0.0 	0.0 	0.971374548264	-1.07254020902	159.675528374	-7.8904622135	
1.5	0.0	0.0	0.0 	0.0 	111.5 	21.0 	0.0 	0.0 	0.0 	-0.0 	21.0 	0.0 	0.0 	0.0 	0.930897110127	-1.11421047742	159.661602727	-7.8836218843	
1.51666666667	0.0	0.0	0.0 	0.0 	111.85 	21.0 	0.0 	0.0 	0.0 	-0.0 	21.0 	0.0 	0.0 	0.0 	0.89041967199	-1.15769266003	159.648010779	-7.87766417767	
1.53333333333	0.0	0.0	0.0 	0.0 	112.2 	21.0 	0.0 	0.0 	0.0 	-0.0 	21.0 	0.0 	0.0 	0.0 	0.849942233853	-1.20315149187	159.634791678	-7.87257275956	
1.55	0.0	0.0	0.0 	0.0 	112.55 	21.0 	0.0 	0.0 	0.0 	-0.0 	21.0 	0.0 	0.0 	0.0 	0.809464795716	-1.25077524385	159.621985556	-7.86832864695	
1.56666666667	0.0	0.0	0.0 	0.0 	112.9 	21.0 	0.0 	0.0 	0.0 	-0.0 	21.0 	0.0 	0.0 	0.0 	0.768987357579	-1.30078043042	159.609633484	-7.86490989889	
1.58333333333	0.0	0.0	0.0 	0.0 	113.25 	21.0 	0.0 	0.0 	0.0 	-0.0 	21.0 	0.0 	0.0 	0.0 	0.728509919443	-1.3534177563	159.597777395	-7.86229126233	
1.6	0.0	0.0	0.0 	0.0 	113.6 	21.0 	0.0 	0.0 	0.0 	-0.0 	21.0 	0.0 	0.0 	0.0 	0.688032481306	-1.40897971511	159.586459992	-7.86044376495	
1.61666666667	0.0	0.0	0.0 	0.0 	113.95 	21.0 	0.0 	0.0 	0.0 	-0.0 	21.0 	0.0 	0.0 	0.0 	0.647555043169	-1.46781042331	159.575724591	-7.85933424464	
1.63333333333	0.0	0.0	0.0 	0.0 	114.3 	21.0 	0.0 	0.0 	0.0 	-0.0 	21.0 	0.0 	0.0 	0.0 	0.607077605032	-1.53031852754	159.565614919	-7.85892480372	
1.65	0.0	0.0	0.0 	0.0 	114.65 	21.0 	0.0 	0.0 	0.0 	-0.0 	21.0 	0.0 	0.0 	0.0 	0.566600166895	-1.59699441511	159.556174823	-7.85917217277	
1.66666666667	0.0	0.0	0.0 	0.0 	115.0 	21.0 	0.0 	0.0 	0.0 	-0.0 	21.0 	0.0 	0.0 	0.0 	0.526122728758	-1.66843357186	159.547447874	-7.86002696603	
1.68333333333	0.0	0.0	0.0 	0.0 	115.35 	21.0 	0.0 	0.0 	0.0 	-0.0 	21.0 	0.0 	0.0 	0.0 	0.485645290622	-1.74536892539	159.539476809	-7.86143280593	
1.7	0.0	0.0	0.0 	0.0 	115.7 	21.0 	0.0 	0.0 	0.0 	-0.0 	21.0 	0.0 	0.0 	0.0 	0.445167852485	-1.82871666687	159.532302762	-7.86332529041	
1.71666666667	0.0	0.0	0.0 	0.0 	116.05 	21.0 	0.0 	0.0 	0.0 	-0.0 	21.0 	0.0 	0.0 	0.0 	0.404690414348	-1.91964290494	159.52596418	-7.86563077181	
1.73333333333	0.0	0.0	0.0 	0.0 	116.4 	21.0 	0.0 	0.0 	0.0 	-0.0 	21.0 	0.0 	0.0 	0.0 	0.364212976211	-2.0196636534	159.520495284	-7.86826491389	
1.75	0.0	0.0	0.0 	0.0 	116.75 	21.0 	0.0 	0.0 	0.0 	-0.0 	21.0 	0.0 	0.0 	0.0 	0.323735538074	-2.13080038048	159.515923852	-7.87113099658	
1.76666666667	0.0	0.0	0.0 	0.0 	117.1 	21.0 	0.0 	0.0 	0.0 	-0.0 	21.0 	0.0 	0.0 	0.0 	0.283258099937	-2.25583280163	159.512267954	-7.87411795919	
1.78333333333	0.0	0.0	0.0 	0.0 	117.45 	21.0 	0.0 	0.0 	0.0 	-0.0 	21.0 	0.0 	0.0 	0.0 	0.242780661801	-2.39873229204	159.509531017	-7.87709824085	
1.8	0.0	0.0	0.0 	0.0 	117.8 	21.0 	0.0 	0.0 	0.0 	-0.0 	21.0 	0.0 	0.0 	0.0 	0.202303223664	-2.56545660129	159.507694145	-7.87992567769	
1.81666666667	0.0	0.0	0.0 	0.0 	118.15 	21.0 	0.0 	0.0 	0.0 	-0.0 	21.0 	0.0 	0.0 	0.0 	0.161825785527	-2.76553961235	159.50670363	-7.88243430481	
1.83333333333	0.0	0.0	0.0 	0.0 	118.5 	21.0 	0.0 	0.0 	0.0 	-0.0 	21.0 	0.0 	0.0 	0.0 	0.12134834739	-2.94650978814	159.506311578	-7.88441841422	
1.85	0.0	0.0	0.0 	0.0 	118.85 	21.0 	0.0 	0.0 	0.0 	-0.0 	21.0 	0.0 	0.0 	0.0 	0.0808709092534	-3.09704424065	159.506251553	-7.88576492549	
1.86666666667	0.0	0.0	0.0 	0.0 	119.2 	21.0 	0.0 	0.0 	0.0 	-0.0 	21.0 	0.0 	0.0 	0.0 	0.0403934711165	-3.22221380323	159.506305771	-7.88643596329	
1.88333333333	0.0	0.0	0.0 	0.0 	119.55 	21.0 	0.0 	0.0 	0.0 	-0.0 	21.0 	0.0 	0.0 	0.0 	-8.396702029e-05	-3.32624411031	159.506305514	-7.88643458763	
1.9	0.0	0.0	0.0 	0.0 	119.9 	21.0 	0.0 	0.0 	0.0 	-0.0 	21.0 	0.0 	0.0 	0.0 	0.0639633700911	478.737285083	159.507304877	-7.8860634425	
1.91666666667	0.0	0.0	0.0 	0.0 	120.25 	21.0 	0.0 	0.0 	0.0 	-0.0 	21.0 	0.0 	0.0 	0.0 	0.1274326963	479.370107245	159.509347661	-7.88664472703	
1.93333333333	0.0	0.0	0.0 	0.0 	120.6 	21.0 	0.0 	0.0 	0.0 	-0.0 	21.0 	0.0 	0.0 	0.0 	0.190329228007	479.68774502	159.511974915	-7.88842239325	
1.95	0.0	0.0	0.0 	0.0 	120.95 	21.0 	0.0 	0.0 	0.0 	-0.0 	21.0 	0.0 	0.0 	0.0 	0.252658134538	479.900415657	159.514885878	-7.89146518061	
1.96666666667	0.0	0.0	0.0 	0.0 	121.3 	21.0 	0.0 	0.0 	0.0 	-0.0 	21.0 	0.0 	0.0 	0.0 	0.314424538564	480.060622009	159.51785803	-7.89578121999	
1.98333333333	0.0	0.0	0.0 	0.0 	121.65 	21.0 	0.0 	0.0 	0.0 	-0.0 	21.0 	0.0 	0.0 	0.0 	0.375633516527	480.189356994	159.520717432	-7.90135063773	
2.0	0.0	0.0	0.0 	0.0 	122.0 	21.0 	0.0 	0.0 	0.0 	-0.0 	21.0 	0.0 	0.0 	0.0 	0.436290099056	480.297114785	159.523323591	-7.9081390597	
2.01666666667	0.0	0.0	0.0 	0.0 	122.35 	21.0 	0.0 	0.0 	0.0 	-0.0 	21.0 	0.0 	0.0 	0.0 	0.496399271379	480.389891216	159.525560508	-7.9161042367	
2.03333333333	0.0	0.0	0.0 	0.0 	122.7 	21.0 	0.0 	0.0 	0.0 	-0.0 	21.0 	0.0 	0.0 	0.0 	0.555965973734	480.471433314	159.527330896	-7.92519963817	
2.05	0.0	0.0	0.0 	0.0 	123.05 	21.0 	0.0 	0.0 	0.0 	-0.0 	21.0 	0.0 	0.0 	0.0 	0.614995101773	480.544238918	159.528552208	-7.93537653475	
2.06666666667	0.0	0.0	0.0 	0.0 	123.4 	21.0 	0.0 	0.0 	0.0 	-0.0 	21.0 	0.0 	0.0 	0.0 	0.673491506968	480.610056414	159.529153792	-7.94658526099	
2.08333333333	0.0	0.0	0.0 	0.0 	123.75 	21.0 	0.0 	0.0 	0.0 	-0.0 	21.0 	0.0 	0.0 	0.0 	0.731459997007	480.670157303	159.529074779	-7.95877600489	
2.1	0.0	0.0	0.0 	0.0 	124.1 	21.0 	0.0 	0.0 	0.0 	-0.0 	21.0 	0.0 	0.0 	0.0 	0.788905336189	480.725495173	159.528262472	-7.97189931109	
2.11666666667	0.0	0.0	0.0 	0.0 	124.45 	21.0 	0.0 	0.0 	0.0 	-0.0 	21.0 	0.0 	0.0 	0.0 	0.845832245819	480.776803532	159.52667109	-7.98590640447	
2.13333333333	0.0	0.0	0.0 	0.0 	124.8 	21.0 	0.0 	0.0 	0.0 	-0.0 	21.0 	0.0 	0.0 	0.0 	0.902245404591	480.824658693	159.524260767	-8.0007493977	
2.15	0.0	0.0	0.0 	0.0 	125.15 	21.0 	0.0 	0.0 	0.0 	-0.0 	21.0 	0.0 	0.0 	0.0 	0.958149448974	480.869521696	159.52099675	-8.01638142197	
2.16666666667	0.0	0.0	0.0 	0.0 	125.5 	21.0 	0.0 	0.0 	0.0 	-0.0 	21.0 	0.0 	0.0 	0.0 	1.0135489736	480.911767128	159.516848733	-8.03275670633	
2.18333333333	0.0	0.0	0.0 	0.0 	125.85 	21.0 	0.0 	0.0 	0.0 	-0.0 	21.0 	0.0 	0.0 	0.0 	1.06844853162	480.95170347	159.511790315	-8.04983062178	
2.2	0.0	0.0	0.0 	0.0 	126.2 	21.0 	0.0 	0.0 	0.0 	-0.0 	21.0 	0.0 	0.0 	0.0 	1.12285263512	480.989587783	159.505798536	-8.0675597012	
2.21666666667	0.0	0.0	0.0 	0.0 	126.55 	21.0 	0.0 	0.0 	0.0 	-0.0 	21.0 	0.0 	0.0 	0.0 	1.17676575545	481.025636536	159.498853491	-8.08590164266	
2.23333333333	0.0	0.0	0.0 	0.0 	126.9 	21.0 	0.0 	0.0 	0.0 	-0.0 	21.0 	0.0 	0.0 	0.0 	1.23019232359	481.060033729	159.490938003	-8.10481530114	
2.25	0.0	0.0	0.0 	0.0 	127.25 	21.0 	0.0 	0.0 	0.0 	-0.0 	21.0 	0.0 	0.0 	0.0 	1.28313673057	481.09293707	159.482037332	-8.12426067241	
2.26666666667	0.0	0.0	0.0 	0.0 	127.6 	21.0 	0.0 	0.0 	0.0 	-0.0 	21.0 	0.0 	0.0 	0.0 	1.33560332776	481.124482764	159.472138934	-8.14419887152	
2.28333333333	0.0	0.0	0.0 	0.0 	127.95 	21.0 	0.0 	0.0 	0.0 	-0.0 	21.0 	0.0 	0.0 	0.0 	1.38759642728	481.154789246	159.461232244	-8.16459210769	
2.3	0.0	0.0	0.0 	0.0 	128.3 	21.0 	0.0 	0.0 	0.0 	-0.0 	21.0 	0.0 	0.0 	0.0 	1.43912030232	481.183960147	159.449308492	-8.1854036571	
2.31666666667	0.0	0.0	0.0 	0.0 	128.65 	21.0 	0.0 	0.0 	0.0 	-0.0 	21.0 	0.0 	0.0 	0.0 	1.49017918751	481.212086661	159.436360533	-8.2065978342	
2.33333333333	0.0	0.0	0.0 	0.0 	129.0 	21.0 	0.0 	0.0 	0.0 	-0.0 	21.0 	0.0 	0.0 	0.0 	1.54077727926	481.239249461	159.422382706	-8.22813996254	
2.35	0.0	0.0	0.0 	0.0 	129.35 	21.0 	0.0 	0.0 	0.0 	-0.0 	21.0 	0.0 	0.0 	0.0 	1.59091873613	481.265520252	159.4073707	-8.24999634535	
2.36666666667	0.0	0.0	0.0 	0.0 	129.7 	21.0 	0.0 	0.0 	0.0 	-0.0 	21.0 	0.0 	0.0 	0.0 	1.64060767912	481.290963059	159.391321443	-8.27213423636	
2.38333333333	0.0	0.0	0.0 	0.0 	130.05 	21.0 	0.0 	0.0 	0.0 	-0.0 	21.0 	0.0 	0.0 	0.0 	1.68984819206	481.315635282	159.374232994	-8.29452181105	
2.4	0.0	0.0	0.0 	0.0 	130.4 	21.0 	0.0 	0.0 	0.0 	-0.0 	21.0 	0.0 	0.0 	0.0 	1.73864432192	481.33958858	159.356104454	-8.3171281385	
2.41666666667	0.0	0.0	0.0 	0.0 	130.75 	21.0 	0.0 	0.0 	0.0 	-0.0 	21.0 	0.0 	0.0 	0.0 	1.78700007913	481.362869614	159.336935878	-8.33992315398	
2.43333333333	0.0	0.0	0.0 	0.0 	131.1 	21.0 	0.0 	0.0 	0.0 	-0.0 	21.0 	0.0 	0.0 	0.0 	1.83491943795	481.38552067	159.316728204	-8.36287763232	
2.45	0.0	0.0	0.0 	0.0 	131.45 	21.0 	0.0 	0.0 	0.0 	-0.0 	21.0 	0.0 	0.0 	0.0 	1.88240633676	481.407580188	159.295483182	-8.38596316214	
2.46666666667	0.0	0.0	0.0 	0.0 	131.8 	21.0 	0.0 	0.0 	0.0 	-0.0 	21.0 	0.0 	0.0 	0.0 	1.92946467841	481.429083217	159.273203309	-8.40915212095	
2.48333333333	0.0	0.0	0.0 	0.0 	132.15 	21.0 	0.0 	0.0 	0.0 	-0.0 	21.0 	0.0 	0.0 	0.0 	1.97609833051	481.450061802	159.249891777	-8.43241765108	
2.5	0.0	0.0	0.0 	0.0 	132.5 	21.0 	0.0 	0.0 	0.0 	-0.0 	21.0 	0.0 	0.0 	0.0 	2.02231112578	481.470545316	159.22555242	-8.45573363659	
2.51666666667	0.0	0.0	0.0 	0.0 	132.85 	21.0 	0.0 	0.0 	0.0 	-0.0 	21.0 	0.0 	0.0 	0.0 	2.06810686235	481.490560751	159.200189661	-8.47907468084	
2.53333333333	0.0	0.0	0.0 	0.0 	133.2 	21.0 	0.0 	0.0 	0.0 	-0.0 	21.0 	0.0 	0.0 	0.0 	2.11348930405	481.510132969	159.173808476	-8.50241608514	
2.55	0.0	0.0	0.0 	0.0 	133.55 	21.0 	0.0 	0.0 	0.0 	-0.0 	21.0 	0.0 	0.0 	0.0 	2.15846218079	481.529284918	159.14641435	-8.52573382799	
2.56666666667	0.0	0.0	0.0 	0.0 	133.9 	21.0 	0.0 	0.0 	0.0 	-0.0 	21.0 	0.0 	0.0 	0.0 	2.20302918876	481.548037824	159.11801324	-8.54900454524	
2.58333333333	0.0	0.0	0.0 	0.0 	134.25 	21.0 	0.0 	0.0 	0.0 	-0.0 	21.0 	0.0 	0.0 	0.0 	2.24719399084	481.56641136	159.088611541	-8.57220551096	
2.6	0.0	0.0	0.0 	0.0 	134.6 	21.0 	0.0 	0.0 	0.0 	-0.0 	21.0 	0.0 	0.0 	0.0 	2.29096021684	481.584423797	159.058216058	-8.59531461906	
2.61666666667	0.0	0.0	0.0 	0.0 	134.95 	21.0 	0.0 	0.0 	0.0 	-0.0 	21.0 	0.0 	0.0 	0.0 	2.33433146379	481.602092125	159.026833969	-8.61831036555	
2.63333333333	0.0	0.0	0.0 	0.0 	135.3 	21.0 	0.0 	0.0 	0.0 	-0.0 	21.0 	0.0 	0.0 	0.0 	2.37731129628	481.619432181	158.994472808	-8.64117183158	
2.65	0.0	0.0	0.0 	0.0 	135.65 	21.0 	0.0 	0.0 	0.0 	-0.0 	21.0 	0.0 	0.0 	0.0 	2.41990324674	481.636458743	158.961140431	-8.663878667	
2.66666666667	0.0	0.0	0.0 	0.0 	136.0 	21.0 	0.0 	0.0 	0.0 	-0.0 	21.0 	0.0 	0.0 	0.0 	2.46211081569	481.653185626	158.926845	-8.68641107461	
2.68333333333	0.0	0.0	0.0 	0.0 	136.35 	21.0 	0.0 	0.0 	0.0 	-0.0 	21.0 	0.0 	0.0 	0.0 	2.50393747208	481.669625763	158.891594954	-8.70874979497	
2.7	0.0	0.0	0.0 	0.0 	136.7 	21.0 	0.0 	0.0 	0.0 	-0.0 	21.0 	0.0 	0.0 	0.0 	2.54538665356	481.685791277	158.855398997	-8.7308760918	
2.71666666667	0.0	0.0	0.0 	0.0 	137.05 	21.0 	0.0 	0.0 	0.0 	-0.0 	21.0 	0.0 	0.0 	0.0 	2.58646176673	481.701693552	158.818266072	-8.75277173785	
2.73333333333	0.0	0.0	0.0 	0.0 	137.4 	21.0 	0.0 	0.0 	0.0 	-0.0 	21.0 	0.0 	0.0 	0.0 	2.62716618747	481.717343286	158.780205346	-8.77441900136	
2.75	0.0	0.0	0.0 	0.0 	137.75 	21.0 	0.0 	0.0 	0.0 	-0.0 	21.0 	0.0 	0.0 	0.0 	2.66750326117	481.732750548	158.741226197	-8.79580063292	
2.76666666667	0.0	0.0	0.0 	0.0 	138.1 	21.0 	0.0 	0.0 	0.0 	-0.0 	21.0 	0.0 	0.0 	0.0 	2.70747630307	481.747924827	158.701338193	-8.8168998529	
2.78333333333	0.0	0.0	0.0 	0.0 	138.45 	21.0 	0.0 	0.0 	0.0 	-0.0 	21.0 	0.0 	0.0 	0.0 	2.74708859844	481.762875073	158.66055108	-8.83770033925	
2.8	0.0	0.0	0.0 	0.0 	138.8 	21.0 	0.0 	0.0 	0.0 	-0.0 	21.0 	0.0 	0.0 	0.0 	2.78634340294	481.777609741	158.618874769	-8.85818621571	
2.81666666667	0.0	0.0	0.0 	0.0 	139.15 	21.0 	0.0 	0.0 	0.0 	-0.0 	21.0 	0.0 	0.0 	0.0 	2.82524394282	481.792136823	158.576319325	-8.87834204053	
2.83333333333	0.0	0.0	0.0 	0.0 	139.5 	21.0 	0.0 	0.0 	0.0 	-0.0 	21.0 	0.0 	0.0 	0.0 	2.86379341525	481.806463882	158.532894949	-8.89815279543	
2.85	0.0	0.0	0.0 	0.0 	139.85 	21.0 	0.0 	0.0 	0.0 	-0.0 	21.0 	0.0 	0.0 	0.0 	2.9019949885	481.820598086	158.488611974	-8.91760387507	
2.86666666667	0.0	0.0	0.0 	0.0 	140.2 	21.0 	0.0 	0.0 	0.0 	-0.0 	21.0 	0.0 	0.0 	0.0 	2.93985180229	481.834546228	158.44348085	-8.93668107678	
2.88333333333	0.0	0.0	0.0 	0.0 	140.55 	21.0 	0.0 	0.0 	0.0 	-0.0 	21.0 	0.0 	0.0 	0.0 	2.97736696797	481.848314758	158.397512136	-8.95537059068	
2.9	0.0	0.0	0.0 	0.0 	140.9 	21.0 	0.0 	0.0 	0.0 	-0.0 	21.0 	0.0 	0.0 	0.0 	3.01454356884	481.861909803	158.35071649	-8.97365899011	
2.91666666667	0.0	0.0	0.0 	0.0 	141.25 	21.0 	0.0 	0.0 	0.0 	-0.0 	21.0 	0.0 	0.0 	0.0 	3.05138466036	481.875337188	158.30310466	-8.99153322232	
2.93333333333	0.0	0.0	0.0 	0.0 	141.6 	21.0 	0.0 	0.0 	0.0 	-0.0 	21.0 	0.0 	0.0 	0.0 	3.08789327041	481.888602457	158.254687476	-9.00898059958	
2.95	0.0	0.0	0.0 	0.0 	141.95 	21.0 	0.0 	0.0 	0.0 	-0.0 	21.0 	0.0 	0.0 	0.0 	3.12407239956	481.901710889	158.205475843	-9.02598879044	
2.96666666667	0.0	0.0	0.0 	0.0 	142.3 	21.0 	0.0 	0.0 	0.0 	-0.0 	21.0 	0.0 	0.0 	0.0 	3.15992502128	481.914667515	158.155480731	-9.04254581136	
2.98333333333	0.0	0.0	0.0 	0.0 	142.65 	21.0 	0.0 	0.0 	0.0 	-0.0 	21.0 	0.0 	0.0 	0.0 	3.19545408223	481.927477135	158.104713172	-9.05864001852	
3.0	0.0	0.0	0.0 	0.0 	143.0 	21.0 	0.0 	0.0 	0.0 	-0.0 	21.0 	0.0 	0.0 	0.0 	3.23066250244	481.940144329	158.05318425	-9.07426009998	
3.01666666667	0.0	0.0	0.0 	0.0 	143.35 	21.0 	0.0 	0.0 	0.0 	-0.0 	21.0 	0.0 	0.0 	0.0 	3.26555317564	481.952673474	158.000905097	-9.08939506797	
3.03333333333	0.0	0.0	0.0 	0.0 	143.7 	21.0 	0.0 	0.0 	0.0 	-0.0 	21.0 	0.0 	0.0 	0.0 	3.3001289694	481.965068752	157.947886886	-9.10403425151	
3.05	0.0	0.0	0.0 	0.0 	144.05 	21.0 	0.0 	0.0 	0.0 	-0.0 	21.0 	0.0 	0.0 	0.0 	3.33439272542	481.977334163	157.894140824	-9.11816728919	
3.06666666667	0.0	0.0	0.0 	0.0 	144.4 	21.0 	0.0 	0.0 	0.0 	-0.0 	21.0 	0.0 	0.0 	0.0 	3.36834725978	481.989473536	157.839678151	-9.13178412216	
3.08333333333	0.0	0.0	0.0 	0.0 	144.75 	21.0 	0.0 	0.0 	0.0 	-0.0 	21.0 	0.0 	0.0 	0.0 	3.40199536311	482.001490539	157.78451013	-9.14487498738	
3.1	0.0	0.0	0.0 	0.0 	145.1 	21.0 	0.0 	0.0 	0.0 	-0.0 	21.0 	0.0 	0.0 	0.0 	3.43533980088	482.013388685	157.728648047	-9.15743041103	
3.11666666667	0.0	0.0	0.0 	0.0 	145.45 	21.0 	0.0 	0.0 	0.0 	-0.0 	21.0 	0.0 	0.0 	0.0 	3.4683833136	482.025171344	157.672103203	-9.16944120207	
3.13333333333	0.0	0.0	0.0 	0.0 	145.8 	21.0 	0.0 	0.0 	0.0 	-0.0 	21.0 	0.0 	0.0 	0.0 	3.50112861702	482.036841749	157.614886909	-9.18089844608	
3.15	0.0	0.0	0.0 	0.0 	146.15 	21.0 	0.0 	0.0 	0.0 	-0.0 	21.0 	0.0 	0.0 	0.0 	3.53357840243	482.048403003	157.557010488	-9.19179349917	
3.16666666667	0.0	0.0	0.0 	0.0 	146.5 	21.0 	0.0 	0.0 	0.0 	-0.0 	21.0 	0.0 	0.0 	0.0 	3.56573533679	482.059858088	157.498485264	-9.20211798213	
3.18333333333	0.0	0.0	0.0 	0.0 	146.85 	21.0 	0.0 	0.0 	0.0 	-0.0 	21.0 	0.0 	0.0 	0.0 	3.59760206301	482.071209866	157.439322563	-9.21186377474	
3.2	0.0	0.0	0.0 	0.0 	147.2 	21.0 	0.0 	0.0 	0.0 	-0.0 	21.0 	0.0 	0.0 	0.0 	3.62918120014	482.082461093	157.379533706	-9.22102301017	
3.21666666667	0.0	0.0	0.0 	0.0 	147.55 	21.0 	0.0 	0.0 	0.0 	-0.0 	21.0 	0.0 	0.0 	0.0 	3.6604753436	482.093614419	157.319130011	-9.22958806961	
3.23333333333	0.0	0.0	0.0 	0.0 	147.9 	21.0 	0.0 	0.0 	0.0 	-0.0 	21.0 	0.0 	0.0 	0.0 	3.69148706539	482.104672392	157.258122785	-9.23755157699	
3.25	0.0	0.0	0.0 	0.0 	148.25 	21.0 	0.0 	0.0 	0.0 	-0.0 	21.0 	0.0 	0.0 	0.0 	3.72221891429	482.115637468	157.196523322	-9.2449063939	
3.26666666667	0.0	0.0	0.0 	0.0 	148.6 	21.0 	0.0 	0.0 	0.0 	-0.0 	21.0 	0.0 	0.0 	0.0 	3.75267341609	482.126512014	157.134342903	-9.25164561457	
3.28333333333	0.0	0.0	0.0 	0.0 	148.95 	21.0 	0.0 	0.0 	0.0 	-0.0 	21.0 	0.0 	0.0 	0.0 	3.78285307376	482.137298307	157.07159279	-9.25776256104	
3.3	0.0	0.0	0.0 	0.0 	149.3 	21.0 	0.0 	0.0 	0.0 	-0.0 	21.0 	0.0 	0.0 	0.0 	3.81276036771	482.147998548	157.008284226	-9.26325077841	
3.31666666667	0.0	0.0	0.0 	0.0 	149.65 	21.0 	0.0 	0.0 	0.0 	-0.0 	21.0 	0.0 	0.0 	0.0 	3.84239775594	482.158614856	156.944428429	-9.26810403028	
3.33333333333	0.0	0.0	0.0 	0.0 	150.0 	21.0 	0.0 	0.0 	0.0 	-0.0 	21.0 	0.0 	0.0 	0.0 	3.8717676743	482.169149278	156.880036596	-9.27231629422	
3.35	0.0	0.0	0.0 	0.0 	150.35 	21.0 	0.0 	0.0 	0.0 	-0.0 	21.0 	0.0 	0.0 	0.0 	3.90087253663	482.179603789	156.815119894	-9.27588175742	
3.36666666667	0.0	0.0	0.0 	0.0 	150.7 	21.0 	0.0 	0.0 	0.0 	-0.0 	21.0 	0.0 	0.0 	0.0 	3.92971473499	482.189980297	156.749689463	-9.27879481245	
3.38333333333	0.0	0.0	0.0 	0.0 	151.05 	21.0 	0.0 	0.0 	0.0 	-0.0 	21.0 	0.0 	0.0 	0.0 	3.95829663986	482.200280648	156.683756411	-9.28105005306	
3.4	0.0	0.0	0.0 	0.0 	151.4 	21.0 	0.0 	0.0 	0.0 	-0.0 	21.0 	0.0 	0.0 	0.0 	3.98662060031	482.210506622	156.617331815	-9.28264227015	
3.41666666667	0.0	0.0	0.0 	0.0 	151.75 	21.0 	0.0 	0.0 	0.0 	-0.0 	21.0 	0.0 	0.0 	0.0 	4.01468894424	482.220659942	156.550426715	-9.28356644782	
3.43333333333	0.0	0.0	0.0 	0.0 	152.1 	21.0 	0.0 	0.0 	0.0 	-0.0 	21.0 	0.0 	0.0 	0.0 	4.04250397851	482.230742277	156.483052118	-9.28381775952	
3.45	0.0	0.0	0.0 	0.0 	152.45 	21.0 	0.0 	0.0 	0.0 	-0.0 	21.0 	0.0 	0.0 	0.0 	4.07006798919	482.240755239	156.41521899	-9.28339156427	
3.46666666667	0.0	0.0	0.0 	0.0 	152.8 	21.0 	0.0 	0.0 	0.0 	-0.0 	21.0 	0.0 	0.0 	0.0 	4.09738324169	482.25070039	156.346938261	-9.28228340299	
3.48333333333	0.0	0.0	0.0 	0.0 	153.15 	21.0 	0.0 	0.0 	0.0 	-0.0 	21.0 	0.0 	0.0 	0.0 	4.12445198099	482.26057924	156.278220819	-9.28048899493	
3.5	0.0	0.0	0.0 	0.0 	153.5 	21.0 	0.0 	0.0 	0.0 	-0.0 	21.0 	0.0 	0.0 	0.0 	4.15127643182	482.270393257	156.209077511	-9.27800423416	
3.51666666667	0.0	0.0	0.0 	0.0 	153.85 	21.0 	0.0 	0.0 	0.0 	-0.0 	21.0 	0.0 	0.0 	0.0 	4.17785879881	482.280143857	156.13951914	-9.27482518616	
3.53333333333	0.0	0.0	0.0 	0.0 	154.2 	21.0 	0.0 	0.0 	0.0 	-0.0 	21.0 	0.0 	0.0 	0.0 	4.20420126671	482.289832418	156.069556464	-9.27094808446	
3.55	0.0	0.0	0.0 	0.0 	154.55 	21.0 	0.0 	0.0 	0.0 	-0.0 	21.0 	0.0 	0.0 	0.0 	4.23030600055	482.299460272	155.999200199	-9.26636932742	
3.56666666667	0.0	0.0	0.0 	0.0 	154.9 	21.0 	0.0 	0.0 	0.0 	-0.0 	21.0 	0.0 	0.0 	0.0 	4.25617514581	482.309028714	155.92846101	-9.26108547501	
3.58333333333	0.0	0.0	0.0 	0.0 	155.25 	21.0 	0.0 	0.0 	0.0 	-0.0 	21.0 	0.0 	0.0 	0.0 	4.28181082863	482.318538999	155.857349518	-9.2550932457	
3.6	0.0	0.0	0.0 	0.0 	155.6 	21.0 	0.0 	0.0 	0.0 	-0.0 	21.0 	0.0 	0.0 	0.0 	4.30721515594	482.327992345	155.785876294	-9.24838951343	
3.61666666667	0.0	0.0	0.0 	0.0 	155.95 	21.0 	0.0 	0.0 	0.0 	-0.0 	21.0 	0.0 	0.0 	0.0 	4.33239021567	482.337389934	155.71405186	-9.24097130466	
3.63333333333	0.0	0.0	0.0 	0.0 	156.3 	21.0 	0.0 	0.0 	0.0 	-0.0 	21.0 	0.0 	0.0 	0.0 	4.35733807689	482.346732915	155.641886687	-9.23283579541	
3.65	0.0	0.0	0.0 	0.0 	156.65 	21.0 	0.0 	0.0 	0.0 	-0.0 	21.0 	0.0 	0.0 	0.0 	4.38206079003	482.356022402	155.569391197	-9.22398030845	
3.66666666667	0.0	0.0	0.0 	0.0 	157.0 	21.0 	0.0 	0.0 	0.0 	-0.0 	21.0 	0.0 	0.0 	0.0 	4.40656038697	482.36525948	155.496575758	-9.21440231053	
3.68333333333	0.0	0.0	0.0 	0.0 	157.35 	21.0 	0.0 	0.0 	0.0 	-0.0 	21.0 	0.0 	0.0 	0.0 	4.4308388813	482.374445202	155.423450686	-9.20409940965	
3.7	0.0	0.0	0.0 	0.0 	157.7 	21.0 	0.0 	0.0 	0.0 	-0.0 	21.0 	0.0 	0.0 	0.0 	4.4548982684	482.383580592	155.350026245	-9.19306935239	
3.71666666667	0.0	0.0	0.0 	0.0 	158.05 	21.0 	0.0 	0.0 	0.0 	-0.0 	21.0 	0.0 	0.0 	0.0 	4.47874052565	482.392666644	155.276312644	-9.18131002135	
3.73333333333	0.0	0.0	0.0 	0.0 	158.4 	21.0 	0.0 	0.0 	0.0 	-0.0 	21.0 	0.0 	0.0 	0.0 	4.50236761261	482.401704327	155.202320037	-9.16881943254	
3.75	0.0	0.0	0.0 	0.0 	158.75 	21.0 	0.0 	0.0 	0.0 	-0.0 	21.0 	0.0 	0.0 	0.0 	4.52578147113	482.410694583	155.128058526	-9.15559573297	
3.76666666667	0.0	0.0	0.0 	0.0 	159.1 	21.0 	0.0 	0.0 	0.0 	-0.0 	21.0 	0.0 	0.0 	0.0 	4.54898402554	482.419638329	155.053538154	-9.14163719814	
3.78333333333	0.0	0.0	0.0 	0.0 	159.45 	21.0 	0.0 	0.0 	0.0 	-0.0 	21.0 	0.0 	0.0 	0.0 	4.57197718281	482.428536456	154.978768909	-9.12694222972	
3.8	0.0	0.0	0.0 	0.0 	159.8 	21.0 	0.0 	0.0 	0.0 	-0.0 	21.0 	0.0 	0.0 	0.0 	4.59476283268	482.437389833	154.903760724	-9.11150935316	
3.81666666667	0.0	0.0	0.0 	0.0 	160.15 	21.0 	0.0 	0.0 	0.0 	-0.0 	21.0 	0.0 	0.0 	0.0 	4.61734284788	482.446199306	154.828523473	-9.09533721543	
3.83333333333	0.0	0.0	0.0 	0.0 	160.5 	21.0 	0.0 	0.0 	0.0 	-0.0 	21.0 	0.0 	0.0 	0.0 	4.63971908418	482.454965698	154.753066975	-9.0784245828	
3.85	0.0	0.0	0.0 	0.0 	160.85 	21.0 	0.0 	0.0 	0.0 	-0.0 	21.0 	0.0 	0.0 	0.0 	4.66189338066	482.463689812	154.677400988	-9.06077033863	
3.86666666667	0.0	0.0	0.0 	0.0 	161.2 	21.0 	0.0 	0.0 	0.0 	-0.0 	21.0 	0.0 	0.0 	0.0 	4.68386755976	482.47237243	154.601535215	-9.04237348119	
3.88333333333	0.0	0.0	0.0 	0.0 	161.55 	21.0 	0.0 	0.0 	0.0 	-0.0 	21.0 	0.0 	0.0 	0.0 	4.70564342748	482.481014313	154.5254793	-9.02323312164	
3.9	0.0	0.0	0.0 	0.0 	161.9 	21.0 	0.0 	0.0 	0.0 	-0.0 	21.0 	0.0 	0.0 	0.0 	4.72722277355	482.489616206	154.449242828	-9.00334848189	
3.91666666667	0.0	0.0	0.0 	0.0 	162.25 	21.0 	0.0 	0.0 	0.0 	-0.0 	21.0 	0.0 	0.0 	0.0 	4.74860737152	482.498178831	154.372835324	-8.98271889263	
3.93333333333	0.0	0.0	0.0 	0.0 	162.6 	21.0 	0.0 	0.0 	0.0 	-0.0 	21.0 	0.0 	0.0 	0.0 	4.76979897894	482.506702896	154.296266254	-8.96134379135	
3.95	0.0	0.0	0.0 	0.0 	162.95 	21.0 	0.0 	0.0 	0.0 	-0.0 	21.0 	0.0 	0.0 	0.0 	4.7907993375	482.51518909	154.219545028	-8.93922272037	
3.96666666667	0.0	0.0	0.0 	0.0 	163.3 	21.0 	0.0 	0.0 	0.0 	-0.0 	21.0 	0.0 	0.0 	0.0 	4.81161017317	482.523638085	154.142680991	-8.91635532498	
3.98333333333	0.0	0.0	0.0 	0.0 	163.65 	21.0 	0.0 	0.0 	0.0 	-0.0 	21.0 	0.0 	0.0 	0.0 	4.83223319636	482.532050536	154.065683432	-8.89274135157	
4.0	0.0	0.0	0.0 	0.0 	164.0 	21.0 	0.0 	0.0 	0.0 	-0.0 	21.0 	0.0 	0.0 	0.0 	4.85267010201	482.540427085	153.988561579	-8.86838064579	
4.01666666667	0.0	0.0	0.0 	0.0 	164.35 	21.0 	0.0 	0.0 	0.0 	-0.0 	21.0 	0.0 	0.0 	0.0 	4.87292256979	482.548768357	153.9113246	-8.84327315079	
4.03333333333	0.0	0.0	0.0 	0.0 	164.7 	21.0 	0.0 	0.0 	0.0 	-0.0 	21.0 	0.0 	0.0 	0.0 	4.89299226421	482.557074961	153.833981601	-8.81741890543	
4.05	0.0	0.0	0.0 	0.0 	165.05 	21.0 	0.0 	0.0 	0.0 	-0.0 	21.0 	0.0 	0.0 	0.0 	4.91288083475	482.565347493	153.75654163	-8.79081804259	
4.06666666667	0.0	0.0	0.0 	0.0 	165.4 	21.0 	0.0 	0.0 	0.0 	-0.0 	21.0 	0.0 	0.0 	0.0 	4.93258991601	482.573586537	153.679013673	-8.76347078751	
4.08333333333	0.0	0.0	0.0 	0.0 	165.75 	21.0 	0.0 	0.0 	0.0 	-0.0 	21.0 	0.0 	0.0 	0.0 	4.95212112783	482.581792659	153.601406656	-8.73537745605	
4.1	0.0	0.0	0.0 	0.0 	166.1 	21.0 	0.0 	0.0 	0.0 	-0.0 	21.0 	0.0 	0.0 	0.0 	4.97147607544	482.589966417	153.523729444	-8.70653845318	
4.11666666667	0.0	0.0	0.0 	0.0 	166.45 	21.0 	0.0 	0.0 	0.0 	-0.0 	21.0 	0.0 	0.0 	0.0 	4.99065634958	482.598108353	153.445990842	-8.6769542713	
4.13333333333	0.0	0.0	0.0 	0.0 	166.8 	21.0 	0.0 	0.0 	0.0 	-0.0 	21.0 	0.0 	0.0 	0.0 	5.00966352663	482.606218997	153.368199592	-8.64662548873	
4.15	0.0	0.0	0.0 	0.0 	167.15 	21.0 	0.0 	0.0 	0.0 	-0.0 	21.0 	0.0 	0.0 	0.0 	5.02849916875	482.614298868	153.290364379	-8.61555276817	
4.16666666667	0.0	0.0	0.0 	0.0 	167.5 	21.0 	0.0 	0.0 	0.0 	-0.0 	21.0 	0.0 	0.0 	0.0 	5.04716482399	482.622348475	153.212493823	-8.58373685519	
4.18333333333	0.0	0.0	0.0 	0.0 	167.85 	21.0 	0.0 	0.0 	0.0 	-0.0 	21.0 	0.0 	0.0 	0.0 	5.06566202645	482.630368311	153.134596486	-8.55117857676	
4.2	0.0	0.0	0.0 	0.0 	168.2 	21.0 	0.0 	0.0 	0.0 	-0.0 	21.0 	0.0 	0.0 	0.0 	5.08399229637	482.638358864	153.056680868	-8.51787883982	
4.21666666667	0.0	0.0	0.0 	0.0 	168.55 	21.0 	0.0 	0.0 	0.0 	-0.0 	21.0 	0.0 	0.0 	0.0 	5.10215714028	482.646320607	152.978755408	-8.48383862984	
4.23333333333	0.0	0.0	0.0 	0.0 	168.9 	21.0 	0.0 	0.0 	0.0 	-0.0 	21.0 	0.0 	0.0 	0.0 	5.12015805109	482.654254004	152.900828485	-8.44905900943	
4.25	0.0	0.0	0.0 	0.0 	169.25 	21.0 	0.0 	0.0 	0.0 	-0.0 	21.0 	0.0 	0.0 	0.0 	5.13799650828	482.662159509	152.822908416	-8.41354111701	
4.26666666667	0.0	0.0	0.0 	0.0 	169.6 	21.0 	0.0 	0.0 	0.0 	-0.0 	21.0 	0.0 	0.0 	0.0 	5.15567397792	482.670037568	152.745003459	-8.37728616541	
4.28333333333	0.0	0.0	0.0 	0.0 	169.95 	21.0 	0.0 	0.0 	0.0 	-0.0 	21.0 	0.0 	0.0 	0.0 	5.17319191291	482.677888615	152.667121808	-8.3402954406	
4.3	0.0	0.0	0.0 	0.0 	170.3 	21.0 	0.0 	0.0 	0.0 	-0.0 	21.0 	0.0 	0.0 	0.0 	5.190551753	482.685713076	152.589271601	-8.30257030038	
4.31666666667	0.0	0.0	0.0 	0.0 	170.65 	21.0 	0.0 	0.0 	0.0 	-0.0 	21.0 	0.0 	0.0 	0.0 	5.20775492495	482.693511368	152.511460912	-8.2641121731	
4.33333333333	0.0	0.0	0.0 	0.0 	171.0 	21.0 	0.0 	0.0 	0.0 	-0.0 	21.0 	0.0 	0.0 	0.0 	5.22480284266	482.701283899	152.433697755	-8.22492255645	
4.35	0.0	0.0	0.0 	0.0 	171.35 	21.0 	0.0 	0.0 	0.0 	-0.0 	21.0 	0.0 	0.0 	0.0 	5.24169690725	482.709031069	152.355990084	-8.18500301619	
4.36666666667	0.0	0.0	0.0 	0.0 	171.7 	21.0 	0.0 	0.0 	0.0 	-0.0 	21.0 	0.0 	0.0 	0.0 	5.25843850722	482.716753271	152.278345793	-8.14435518497	
4.38333333333	0.0	0.0	0.0 	0.0 	172.05 	21.0 	0.0 	0.0 	0.0 	-0.0 	21.0 	0.0 	0.0 	0.0 	5.27502901851	482.724450886	152.200772715	-8.10298076117	
4.4	0.0	0.0	0.0 	0.0 	172.4 	21.0 	0.0 	0.0 	0.0 	-0.0 	21.0 	0.0 	0.0 	0.0 	5.29146980466	482.732124292	152.123278624	-8.0608815077	
4.41666666667	0.0	0.0	0.0 	0.0 	172.75 	21.0 	0.0 	0.0 	0.0 	-0.0 	21.0 	0.0 	0.0 	0.0 	5.3077622169	482.739773856	152.045871233	-8.01805925089	
4.43333333333	0.0	0.0	0.0 	0.0 	173.1 	21.0 	0.0 	0.0 	0.0 	-0.0 	21.0 	0.0 	0.0 	0.0 	5.32390759427	482.74739994	151.968558194	-7.97451587937	
4.45	0.0	0.0	0.0 	0.0 	173.45 	21.0 	0.0 	0.0 	0.0 	-0.0 	21.0 	0.0 	0.0 	0.0 	5.33990726373	482.755002896	151.891347102	-7.93025334295	
4.46666666667	0.0	0.0	0.0 	0.0 	173.8 	21.0 	0.0 	0.0 	0.0 	-0.0 	21.0 	0.0 	0.0 	0.0 	5.35576254024	482.762583072	151.81424549	-7.88527365155	
4.48333333333	0.0	0.0	0.0 	0.0 	174.15 	21.0 	0.0 	0.0 	0.0 	-0.0 	21.0 	0.0 	0.0 	0.0 	5.37147472692	482.770140808	151.737260832	-7.83957887417	
4.5	0.0	0.0	0.0 	0.0 	174.5 	21.0 	0.0 	0.0 	0.0 	-0.0 	21.0 	0.0 	0.0 	0.0 	5.38704511512	482.777676437	151.660400544	-7.79317113779	
4.51666666667	0.0	0.0	0.0 	0.0 	174.85 	21.0 	0.0 	0.0 	0.0 	-0.0 	21.0 	0.0 	0.0 	0.0 	5.40247498453	482.785190285	151.58367198	-7.74605262639	
4.53333333333	0.0	0.0	0.0 	0.0 	175.2 	21.0 	0.0 	0.0 	0.0 	-0.0 	21.0 	0.0 	0.0 	0.0 	5.41776560331	482.792682673	151.507082437	-7.69822557992	
4.55	0.0	0.0	0.0 	0.0 	175.55 	21.0 	0.0 	0.0 	0.0 	-0.0 	21.0 	0.0 	0.0 	0.0 	5.43291822814	482.800153915	151.430639152	-7.64969229334	
4.56666666667	0.0	0.0	0.0 	0.0 	175.9 	21.0 	0.0 	0.0 	0.0 	-0.0 	21.0 	0.0 	0.0 	0.0 	5.44793410439	482.807604319	151.354349304	-7.60045511559	
4.58333333333	0.0	0.0	0.0 	0.0 	176.25 	21.0 	0.0 	0.0 	0.0 	-0.0 	21.0 	0.0 	0.0 	0.0 	5.46281446618	482.815034188	151.278220013	-7.55051644869	
4.6	0.0	0.0	0.0 	0.0 	176.6 	21.0 	0.0 	0.0 	0.0 	-0.0 	21.0 	0.0 	0.0 	0.0 	5.4775605365	482.822443819	151.20225834	-7.49987874679	
4.61666666667	0.0	0.0	0.0 	0.0 	176.95 	21.0 	0.0 	0.0 	0.0 	-0.0 	21.0 	0.0 	0.0 	0.0 	5.4921735273	482.829833503	151.126471288	-7.44854451522	
4.63333333333	0.0	0.0	0.0 	0.0 	177.3 	21.0 	0.0 	0.0 	0.0 	-0.0 	21.0 	0.0 	0.0 	0.0 	5.50665463957	482.837203524	151.050865802	-7.39651630959	
4.65	0.0	0.0	0.0 	0.0 	177.65 	21.0 	0.0 	0.0 	0.0 	-0.0 	21.0 	0.0 	0.0 	0.0 	5.52100506349	482.844554165	150.975448769	-7.34379673492	
4.66666666667	0.0	0.0	0.0 	0.0 	178.0 	21.0 	0.0 	0.0 	0.0 	-0.0 	21.0 	0.0 	0.0 	0.0 	5.53522597849	482.851885699	150.900227017	-7.29038844473	
4.68333333333	0.0	0.0	0.0 	0.0 	178.35 	21.0 	0.0 	0.0 	0.0 	-0.0 	21.0 	0.0 	0.0 	0.0 	5.54931855336	482.859198397	150.825207318	-7.2362941402	
4.7	0.0	0.0	0.0 	0.0 	178.7 	21.0 	0.0 	0.0 	0.0 	-0.0 	21.0 	0.0 	0.0 	0.0 	5.56328394633	482.866492525	150.750396386	-7.18151656932	
4.71666666667	0.0	0.0	0.0 	0.0 	179.05 	21.0 	0.0 	0.0 	0.0 	-0.0 	21.0 	0.0 	0.0 	0.0 	5.57712330518	482.873768343	150.675800877	-7.12605852602	
4.73333333333	0.0	0.0	0.0 	0.0 	179.4 	21.0 	0.0 	0.0 	0.0 	-0.0 	21.0 	0.0 	0.0 	0.0 	5.59083776735	482.881026105	150.60142739	-7.06992284939	
4.75	0.0	0.0	0.0 	0.0 	179.75 	21.0 	0.0 	0.0 	0.0 	-0.0 	21.0 	0.0 	0.0 	0.0 	5.60442845999	482.888266065	150.527282468	-7.01311242285	
4.76666666667	0.0	0.0	0.0 	0.0 	180.1 	21.0 	0.0 	0.0 	0.0 	-0.0 	21.0 	0.0 	0.0 	0.0 	5.61789650008	482.895488467	150.453372597	-6.95563017338	
4.78333333333	0.0	0.0	0.0 	0.0 	180.45 	21.0 	0.0 	0.0 	0.0 	-0.0 	21.0 	0.0 	0.0 	0.0 	5.63124299455	482.902693555	150.379704205	-6.89747907069	
4.8	0.0	0.0	0.0 	0.0 	180.8 	21.0 	0.0 	0.0 	0.0 	-0.0 	21.0 	0.0 	0.0 	0.0 	5.64446904031	482.909881566	150.306283666	-6.83866212649	
4.81666666667	0.0	0.0	0.0 	0.0 	181.15 	21.0 	0.0 	0.0 	0.0 	-0.0 	21.0 	0.0 	0.0 	0.0 	5.65757572437	482.917052735	150.233117295	-6.77918239373	
4.83333333333	0.0	0.0	0.0 	0.0 	181.5 	21.0 	0.0 	0.0 	0.0 	-0.0 	21.0 	0.0 	0.0 	0.0 	5.67056412394	482.92420729	150.160211354	-6.71904296583	
4.85	0.0	0.0	0.0 	0.0 	181.85 	21.0 	0.0 	0.0 	0.0 	-0.0 	21.0 	0.0 	0.0 	0.0 	5.68343530652	482.931345458	150.087572046	-6.65824697598	
4.86666666667	0.0	0.0	0.0 	0.0 	182.2 	21.0 	0.0 	0.0 	0.0 	-0.0 	21.0 	0.0 	0.0 	0.0 	5.69619032996	482.93846746	150.015205522	-6.59679759639	
4.88333333333	0.0	0.0	0.0 	0.0 	182.55 	21.0 	0.0 	0.0 	0.0 	-0.0 	21.0 	0.0 	0.0 	0.0 	5.70883024256	482.945573514	149.943117875	-6.5346980376	
4.9	0.0	0.0	0.0 	0.0 	182.9 	21.0 	0.0 	0.0 	0.0 	-0.0 	21.0 	0.0 	0.0 	0.0 	5.72135608316	482.952663835	149.871315143	-6.47195154777	
4.91666666667	0.0	0.0	0.0 	0.0 	183.25 	21.0 	0.0 	0.0 	0.0 	-0.0 	21.0 	0.0 	0.0 	0.0 	5.73376888125	482.959738633	149.79980331	-6.408561412	
4.93333333333	0.0	0.0	0.0 	0.0 	183.6 	21.0 	0.0 	0.0 	0.0 	-0.0 	21.0 	0.0 	0.0 	0.0 	5.74606965699	482.966798115	149.728588305	-6.34453095165	
4.95	0.0	0.0	0.0 	0.0 	183.95 	21.0 	0.0 	0.0 	0.0 	-0.0 	21.0 	0.0 	0.0 	0.0 	5.75825942137	482.973842485	149.657676002	-6.27986352366	
4.96666666667	0.0	0.0	0.0 	0.0 	184.3 	21.0 	0.0 	0.0 	0.0 	-0.0 	21.0 	0.0 	0.0 	0.0 	5.77033917622	482.980871942	149.58707222	-6.21456251993	
4.98333333333	0.0	0.0	0.0 	0.0 	184.65 	21.0 	0.0 	0.0 	0.0 	-0.0 	21.0 	0.0 	0.0 	0.0 	5.78230991437	482.987886683	149.516782726	-6.14863136664	
5.0	0.0	0.0	0.0 	0.0 	185.0 	21.0 	0.0 	0.0 	0.0 	-0.0 	21.0 	0.0 	0.0 	0.0 	5.79417261966	482.994886903	149.44681323	-6.08207352362	
5.01666666667	0.0	0.0	0.0 	0.0 	185.35 	21.0 	0.0 	0.0 	0.0 	-0.0 	21.0 	0.0 	0.0 	0.0 	5.80592826705	483.00187279	149.377169392	-6.01489248374	
5.03333333333	0.0	0.0	0.0 	0.0 	185.7 	21.0 	0.0 	0.0 	0.0 	-0.0 	21.0 	0.0 	0.0 	0.0 	5.81757782272	483.008844533	149.307856814	-5.9470917723	
5.05	0.0	0.0	0.0 	0.0 	186.05 	21.0 	0.0 	0.0 	0.0 	-0.0 	21.0 	0.0 	0.0 	0.0 	5.82912224411	483.015802315	149.238881048	-5.87867494637	
5.06666666667	0.0	0.0	0.0 	0.0 	186.4 	21.0 	0.0 	0.0 	0.0 	-0.0 	21.0 	0.0 	0.0 	0.0 	5.84056248005	483.022746317	149.170247591	-5.80964559426	
5.08333333333	0.0	0.0	0.0 	0.0 	186.75 	21.0 	0.0 	0.0 	0.0 	-0.0 	21.0 	0.0 	0.0 	0.0 	5.85189947077	483.029676718	149.101961889	-5.74000733489	
5.1	0.0	0.0	0.0 	0.0 	187.1 	21.0 	0.0 	0.0 	0.0 	-0.0 	21.0 	0.0 	0.0 	0.0 	5.86313414803	483.036593692	149.034029333	-5.66976381724	
5.11666666667	0.0	0.0	0.0 	0.0 	187.45 	21.0 	0.0 	0.0 	0.0 	-0.0 	21.0 	0.0 	0.0 	0.0 	5.8742674352	483.043497413	148.966455264	-5.59891871973	
5.13333333333	0.0	0.0	0.0 	0.0 	187.8 	21.0 	0.0 	0.0 	0.0 	-0.0 	21.0 	0.0 	0.0 	0.0 	5.88530024728	483.050388048	148.899244967	-5.52747574972	
5.15	0.0	0.0	0.0 	0.0 	188.15 	21.0 	0.0 	0.0 	0.0 	-0.0 	21.0 	0.0 	0.0 	0.0 	5.89623349105	483.057265767	148.832403678	-5.45543864292	
5.16666666667	0.0	0.0	0.0 	0.0 	188.5 	21.0 	0.0 	0.0 	0.0 	-0.0 	21.0 	0.0 	0.0 	0.0 	5.90706806507	483.064130732	148.765936581	-5.38281116282	
5.18333333333	0.0	0.0	0.0 	0.0 	188.85 	21.0 	0.0 	0.0 	0.0 	-0.0 	21.0 	0.0 	0.0 	0.0 	5.91780485983	483.070983106	148.699848807	-5.30959710023	
5.2	0.0	0.0	0.0 	0.0 	189.2 	21.0 	0.0 	0.0 	0.0 	-0.0 	21.0 	0.0 	0.0 	0.0 	5.92844475774	483.077823047	148.634145435	-5.23580027268	
5.21666666667	0.0	0.0	0.0 	0.0 	189.55 	21.0 	0.0 	0.0 	0.0 	-0.0 	21.0 	0.0 	0.0 	0.0 	5.93898863329	483.084650713	148.568831495	-5.16142452391	
5.23333333333	0.0	0.0	0.0 	0.0 	189.9 	21.0 	0.0 	0.0 	0.0 	-0.0 	21.0 	0.0 	0.0 	0.0 	5.94943735305	483.091466257	148.503911964	-5.08647372339	
5.25	0.0	0.0	0.0 	0.0 	190.25 	21.0 	0.0 	0.0 	0.0 	-0.0 	21.0 	0.0 	0.0 	0.0 	5.95979177577	483.098269831	148.439391769	-5.01095176577	
5.26666666667	0.0	0.0	0.0 	0.0 	190.6 	21.0 	0.0 	0.0 	0.0 	-0.0 	21.0 	0.0 	0.0 	0.0 	5.97005275247	483.105061585	148.375275786	-4.93486257043	
5.28333333333	0.0	0.0	0.0 	0.0 	190.95 	21.0 	0.0 	0.0 	0.0 	-0.0 	21.0 	0.0 	0.0 	0.0 	5.98022112646	483.111841665	148.31156884	-4.85821008093	
5.3	0.0	0.0	0.0 	0.0 	191.3 	21.0 	0.0 	0.0 	0.0 	-0.0 	21.0 	0.0 	0.0 	0.0 	5.99029773347	483.118610217	148.248275707	-4.78099826458	
5.31666666667	0.0	0.0	0.0 	0.0 	191.65 	21.0 	0.0 	0.0 	0.0 	-0.0 	21.0 	0.0 	0.0 	0.0 	6.00028340167	483.125367384	148.185401112	-4.70323111191	
5.33333333333	0.0	0.0	0.0 	0.0 	192.0 	21.0 	0.0 	0.0 	0.0 	-0.0 	21.0 	0.0 	0.0 	0.0 	6.01017895176	483.132113305	148.122949731	-4.62491263626	
5.35	0.0	0.0	0.0 	0.0 	192.35 	21.0 	0.0 	0.0 	0.0 	-0.0 	21.0 	0.0 	0.0 	0.0 	6.01998519703	483.138848119	148.06092619	-4.54604687325	
5.36666666667	0.0	0.0	0.0 	0.0 	192.7 	21.0 	0.0 	0.0 	0.0 	-0.0 	21.0 	0.0 	0.0 	0.0 	6.02970294343	483.145571962	147.999335064	-4.46663788037	
5.38333333333	0.0	0.0	0.0 	0.0 	193.05 	21.0 	0.0 	0.0 	0.0 	-0.0 	21.0 	0.0 	0.0 	0.0 	6.03933298965	483.152284969	147.938180882	-4.38668973652	
5.4	0.0	0.0	0.0 	0.0 	193.4 	21.0 	0.0 	0.0 	0.0 	-0.0 	21.0 	0.0 	0.0 	0.0 	6.04887612715	483.158987272	147.877468121	-4.30620654153	
5.41666666667	0.0	0.0	0.0 	0.0 	193.75 	21.0 	0.0 	0.0 	0.0 	-0.0 	21.0 	0.0 	0.0 	0.0 	6.05833314027	483.165679001	147.817201211	-4.22519241579	
5.43333333333	0.0	0.0	0.0 	0.0 	194.1 	21.0 	0.0 	0.0 	0.0 	-0.0 	21.0 	0.0 	0.0 	0.0 	6.06770480625	483.172360284	147.757384533	-4.14365149973	
5.45	0.0	0.0	0.0 	0.0 	194.45 	21.0 	0.0 	0.0 	0.0 	-0.0 	21.0 	0.0 	0.0 	0.0 	6.07699189533	483.179031247	147.698022419	-4.06158795348	
5.46666666667	0.0	0.0	0.0 	0.0 	194.8 	21.0 	0.0 	0.0 	0.0 	-0.0 	21.0 	0.0 	0.0 	0.0 	6.08619517081	483.185692016	147.639119152	-3.97900595639	
5.48333333333	0.0	0.0	0.0 	0.0 	195.15 	21.0 	0.0 	0.0 	0.0 	-0.0 	21.0 	0.0 	0.0 	0.0 	6.09531538906	483.192342713	147.58067897	-3.89590970663	
5.5	0.0	0.0	0.0 	0.0 	195.5 	21.0 	0.0 	0.0 	0.0 	-0.0 	21.0 	0.0 	0.0 	0.0 	6.10435329967	483.198983458	147.522706061	-3.8123034208	
5.51666666667	0.0	0.0	0.0 	0.0 	195.85 	21.0 	0.0 	0.0 	0.0 	-0.0 	21.0 	0.0 	0.0 	0.0 	6.11330964544	483.205614372	147.465204566	-3.7281913335	
5.53333333333	0.0	0.0	0.0 	0.0 	196.2 	21.0 	0.0 	0.0 	0.0 	-0.0 	21.0 	0.0 	0.0 	0.0 	6.12218516246	483.21223557	147.408178577	-3.64357769694	
5.55	0.0	0.0	0.0 	0.0 	196.55 	21.0 	0.0 	0.0 	0.0 	-0.0 	21.0 	0.0 	0.0 	0.0 	6.13098058021	483.21884717	147.351632141	-3.55846678056	
5.56666666667	0.0	0.0	0.0 	0.0 	196.9 	21.0 	0.0 	0.0 	0.0 	-0.0 	21.0 	0.0 	0.0 	0.0 	6.13969662156	483.225449285	147.295569258	-3.47286287064	
5.58333333333	9.71408330547e-07	2.48923384703e-07	0.0 	0.0 	197.2491825 	20.9019000002 	0.0 	0.0 	0.0 	0.0 	20.9509500001 	-5.88599998819 	0.0 	0.0 	6.14833400285	483.232042028	147.23999388	-3.38677026988	
5.6	9.71408330547e-07	4.64416662405e-07	0.0 	0.0 	197.59673 	20.8038000004 	0.0 	0.0 	0.0 	0.0 	20.8528500003 	-5.88599998819 	0.0 	0.0 	6.15689343397	483.238625508	147.184909911	-3.30019329708	
5.61666666667	9.71408330547e-07	6.47267442253e-07	0.0 	0.0 	197.9426425 	20.7057000006 	0.0 	0.0 	0.0 	0.0 	20.7547500005 	-5.88599998819 	0.0 	0.0 	6.16537561841	483.245199836	147.130321213	-3.21313628674	
5.63333333333	9.71408330547e-07	7.99106199395e-07	0.0 	0.0 	198.28692 	20.6076000008 	0.0 	0.0 	0.0 	0.0 	20.6566500007 	-5.88599998819 	0.0 	0.0 	6.17378125329	483.25176512	147.076231598	-3.12560358868	
5.65	9.71408330547e-07	9.22165677779e-07	0.0 	0.0 	198.6295625 	20.509500001 	0.0 	0.0 	0.0 	0.0 	20.5585500009 	-5.88599998819 	0.0 	0.0 	6.18211102946	483.258321465	147.022644833	-3.0375995677	
5.66666666667	9.71408330547e-07	1.01907560642e-06	0.0 	0.0 	198.97057 	20.4114000012 	0.0 	0.0 	0.0 	0.0 	20.4604500011 	-5.88599998819 	0.0 	0.0 	6.19036563153	483.264868975	146.969564639	-2.94912860322	
5.68333333333	-3.97136371285e-08	8.33591194538e-07	0.0 	0.0 	199.3099425 	20.3133000012 	0.0 	0.0 	0.0 	0.0 	20.3623500012 	-5.88599999998 	0.0 	0.0 	6.19854573791	483.271407755	146.916994693	-2.86019508889	
5.7	-3.97136371285e-08	6.62549999335e-07	0.0 	0.0 	199.64768 	20.2152000012 	0.0 	0.0 	0.0 	0.0 	20.2642500012 	-5.88599999998 	0.0 	0.0 	6.20665202092	483.277937906	146.864938624	-2.77080343232	
5.71666666667	-3.97136371285e-08	5.08047334414e-07	0.0 	0.0 	199.9837825 	20.1171000012 	0.0 	0.0 	0.0 	0.0 	20.1661500012 	-5.88599999998 	0.0 	0.0 	6.21468514678	483.284459528	146.813400017	-2.68095805465	
5.73333333333	-3.97136371285e-08	3.7119023874e-07	0.0 	0.0 	200.31825 	20.0190000012 	0.0 	0.0 	0.0 	0.0 	20.0680500012 	-5.88599999998 	0.0 	0.0 	6.22264577573	483.29097272	146.762382413	-2.59066339025	
5.75	-3.97136371285e-08	2.52285243471e-07	0.0 	0.0 	200.6510825 	19.9209000012 	0.0 	0.0 	0.0 	0.0 	19.9699500012 	-5.88599999998 	0.0 	0.0 	6.23053456204	483.29747758	146.711889306	-2.49992388641	
5.76666666667	-3.97136371285e-08	1.51008907119e-07	0.0 	0.0 	200.98228 	19.8228000012 	0.0 	0.0 	0.0 	0.0 	19.8718500012 	-5.88599999998 	0.0 	0.0 	6.23835215405	483.303974203	146.661924148	-2.40874400296	
5.78333333333	-3.97136371285e-08	6.65596669384e-08	0.0 	0.0 	201.3118425 	19.7247000012 	0.0 	0.0 	0.0 	0.0 	19.7737500012 	-5.88599999998 	0.0 	0.0 	6.24609919429	483.310462686	146.612490343	-2.31712821196	
5.8	-4.39009469456e-07	-1.04529091988e-07	0.0 	0.0 	201.63977 	19.6266000012 	0.0 	0.0 	0.0 	-0.0 	19.6756500012 	-5.88599999812 	0.0 	0.0 	6.25377631947	483.31694312	146.563591254	-2.22508099739	
5.81666666667	-4.39009469456e-07	-2.47575391951e-07	0.0 	0.0 	201.9660625 	19.5285000012 	0.0 	0.0 	0.0 	-0.0 	19.5775500012 	-5.88599999812 	0.0 	0.0 	6.26138416055	483.3234156	146.515230198	-2.13260685484	
5.83333333333	-4.39009469456e-07	-3.64418589345e-07	0.0 	0.0 	202.29072 	19.4304000013 	0.0 	0.0 	0.0 	-0.0 	19.4794500013 	-5.88599999812 	0.0 	0.0 	6.26892334279	483.329880215	146.467410449	-2.03971029116	
5.85	-4.39009469456e-07	-4.57303032329e-07	0.0 	0.0 	202.6137425 	19.3323000013 	0.0 	0.0 	0.0 	-0.0 	19.3813500013 	-5.88599999812 	0.0 	0.0 	6.27639448584	483.336337055	146.420135236	-1.94639582416	
5.86666666667	-4.39009469456e-07	-5.28716801801e-07	0.0 	0.0 	202.93513 	19.2342000013 	0.0 	0.0 	0.0 	-0.0 	19.2832500013 	-5.88599999812 	0.0 	0.0 	6.28379820373	483.34278621	146.373407746	-1.85266798232	
5.88333333333	-4.39009469456e-07	-5.81259119007e-07	0.0 	0.0 	203.2548825 	19.1361000014 	0.0 	0.0 	0.0 	-0.0 	19.1851500014 	-5.88599999812 	0.0 	0.0 	6.29113510495	483.349227766	146.327231122	-1.7585313045	
5.9	2.04581789382e-07	-4.52613853215e-07	0.0 	0.0 	203.573 	19.0380000014 	0.0 	0.0 	0.0 	-0.0 	19.0870500014 	-5.88599999964 	0.0 	0.0 	6.2984057925	483.35566181	146.281608464	-1.66399033958	
5.91666666667	2.04581789382e-07	-3.32376408396e-07	0.0 	0.0 	203.8894825 	18.9399000014 	0.0 	0.0 	0.0 	-0.0 	18.9889500014 	-5.88599999964 	0.0 	0.0 	6.30561086395	483.362088426	146.236542829	-1.56904964623	
5.93333333333	2.04581789382e-07	-2.2241244498e-07	0.0 	0.0 	204.20433 	18.8418000014 	0.0 	0.0 	0.0 	-0.0 	18.8908500014 	-5.88599999964 	0.0 	0.0 	6.31275091147	483.368507699	146.192037229	-1.47371379257	
5.95	2.04581789382e-07	-1.23846803509e-07	0.0 	0.0 	204.5175425 	18.7437000014 	0.0 	0.0 	0.0 	-0.0 	18.7927500014 	-5.88599999964 	0.0 	0.0 	6.31982652187	483.374919712	146.148094638	-1.37798735592	
5.96666666667	2.04581789382e-07	-3.7195037841e-08	0.0 	0.0 	204.82912 	18.6456000014 	0.0 	0.0 	0.0 	-0.0 	18.6946500014 	-5.88599999964 	0.0 	0.0 	6.3268382767	483.381324545	146.104717983	-1.28187492247	
5.98333333333	2.04581789382e-07	3.75156064023e-08	0.0 	0.0 	205.1390625 	18.5475000014 	0.0 	0.0 	0.0 	0.0 	18.5965500014 	-5.88599999964 	0.0 	0.0 	6.33378675222	483.387722281	146.061910151	-1.18538108705	
6.0	2.04581789382e-07	1.00637173909e-07	0.0 	0.0 	205.44737 	18.4494000014 	0.0 	0.0 	0.0 	0.0 	18.4984500014 	-5.88599999964 	0.0 	0.0 	6.34067251952	483.394112998	146.019673987	-1.08851045282	
6.01666666667	7.28046593664e-07	2.86942514058e-07	0.0 	0.0 	205.754042501 	18.3513000015 	0.0 	0.0 	0.0 	0.0 	18.4003500014 	-5.88599999605 	0.0 	0.0 	6.34749614453	483.400496775	145.978012293	-0.991267630969	
6.03333333333	7.28046593664e-07	4.4511365516e-07	0.0 	0.0 	206.059080001 	18.2532000015 	0.0 	0.0 	0.0 	0.0 	18.3022500015 	-5.88599999605 	0.0 	0.0 	6.35425818806	483.406873689	145.936927831	-0.893657240511	
6.05	7.28046593664e-07	5.76537943843e-07	0.0 	0.0 	206.362482501 	18.1551000016 	0.0 	0.0 	0.0 	0.0 	18.2041500016 	-5.88599999605 	0.0 	0.0 	6.36095920586	483.413243817	145.896423318	-0.795683907958	
6.06666666667	7.28046593664e-07	6.83126412879e-07	0.0 	0.0 	206.664250001 	18.0570000017 	0.0 	0.0 	0.0 	0.0 	18.1060500016 	-5.88599999605 	0.0 	0.0 	6.36759974869	483.419607234	145.856501433	-0.697352267075	
6.08333333333	7.28046593664e-07	7.67136232032e-07	0.0 	0.0 	206.964382501 	17.9589000017 	0.0 	0.0 	0.0 	0.0 	18.0079500017 	-5.88599999605 	0.0 	0.0 	6.37418036232	483.425964015	145.817164813	-0.598666958618	
6.1	7.28046593664e-07	8.31022290676e-07	0.0 	0.0 	207.262880001 	17.8608000018 	0.0 	0.0 	0.0 	0.0 	17.9098500018 	-5.88599999605 	0.0 	0.0 	6.38070158758	483.432314234	145.778416052	-0.49963263007	
6.11666666667	7.28046593664e-07	8.77315995594e-07	0.0 	0.0 	207.559742501 	17.7627000019 	0.0 	0.0 	0.0 	0.0 	17.8117500018 	-5.88599999605 	0.0 	0.0 	6.38716396044	483.438657962	145.740257707	-0.400253935386	
6.13333333333	-3.50228288832e-07	6.32221009455e-07	0.0 	0.0 	207.854970001 	17.6646000019 	0.0 	0.0 	0.0 	0.0 	17.7136500019 	-5.88599999921 	0.0 	0.0 	6.39356801203	483.444995272	145.70269229	-0.300535534737	
6.15	-3.50228288832e-07	4.11570854626e-07	0.0 	0.0 	208.148562501 	17.5665000019 	0.0 	0.0 	0.0 	0.0 	17.6155500019 	-5.88599999921 	0.0 	0.0 	6.39991426869	483.451326235	145.665722275	-0.200482094261	
6.16666666667	-3.50228288832e-07	2.16760761401e-07	0.0 	0.0 	208.440520001 	17.4684000019 	0.0 	0.0 	0.0 	0.0 	17.5174500019 	-5.88599999921 	0.0 	0.0 	6.406203252	483.457650919	145.629350095	-0.100098285812	
6.18333333333	-3.50228288832e-07	4.80645313312e-08	0.0 	0.0 	208.730842501 	17.3703000019 	0.0 	0.0 	0.0 	0.0 	17.4193500019 	-5.88599999921 	0.0 	0.0 	6.41243547884	483.463969395	145.593578143	0.000611213283507	
6.2	-3.50228288832e-07	-9.51216976028e-08	0.0 	0.0 	209.019530001 	17.2722000019 	0.0 	0.0 	0.0 	-0.0 	17.3212500019 	-5.88599999921 	0.0 	0.0 	6.41861146142	483.470281729	145.558408771	0.101641720473	
6.21666666667	-3.50228288832e-07	-2.14063106003e-07	0.0 	0.0 	209.306582501 	17.174100002 	0.0 	0.0 	0.0 	-0.0 	17.2231500019 	-5.88599999921 	0.0 	0.0 	6.42473170733	483.47658799	145.523844293	0.202988548213	
6.23333333333	-9.30166115175e-07	-4.59106927476e-07	0.0 	0.0 	209.592000001 	17.076000002 	0.0 	0.0 	0.0 	-0.0 	17.125050002 	-5.88599999516 	0.0 	0.0 	6.43079671958	483.482888243	145.489886981	0.304647004215	
6.25	-9.30166115175e-07	-6.63736488734e-07	0.0 	0.0 	209.875782501 	16.9779000021 	0.0 	0.0 	0.0 	-0.0 	17.0269500021 	-5.88599999516 	0.0 	0.0 	6.43680699663	483.489182555	145.45653907	0.40661239167	
6.26666666667	-9.30166115175e-07	-8.30650324535e-07	0.0 	0.0 	210.157930001 	16.8798000022 	0.0 	0.0 	0.0 	-0.0 	16.9288500022 	-5.88599999516 	0.0 	0.0 	6.44276303247	483.495470989	145.423802754	0.508880009493	
6.28333333333	-9.30166115175e-07	-9.63118415738e-07	0.0 	0.0 	210.438442501 	16.7817000023 	0.0 	0.0 	0.0 	-0.0 	16.8307500022 	-5.88599999516 	0.0 	0.0 	6.4486653166	483.50175361	145.391680187	0.611445152544	
6.3	-9.30166115175e-07	-1.06475142703e-06	0.0 	0.0 	210.717320001 	16.6836000024 	0.0 	0.0 	0.0 	-0.0 	16.7326500023 	-5.88599999516 	0.0 	0.0 	6.45451433412	483.508030481	145.360173485	0.714303111862	
6.31666666667	-9.30166115175e-07	-1.13931121978e-06	0.0 	0.0 	210.994562501 	16.5855000024 	0.0 	0.0 	0.0 	-0.0 	16.6345500024 	-5.88599999516 	0.0 	0.0 	6.46031056575	483.514301664	145.329284727	0.817449174886	
6.33333333333	-9.30166115175e-07	-1.19055927465e-06	0.0 	0.0 	211.270170001 	16.4874000025 	0.0 	0.0 	0.0 	-0.0 	16.5364500025 	-5.88599999516 	0.0 	0.0 	6.46605448787	483.52056722	145.299015949	0.920878625683	
6.35	1.27413039848e-06	-6.57288249311e-07	0.0 	0.0 	211.544142501 	16.3893000026 	0.0 	0.0 	0.0 	-0.0 	16.4383500026 	-5.88599999228 	0.0 	0.0 	6.47174657255	483.52682721	145.269369153	1.02458674516	
6.36666666667	1.27413039848e-06	-1.83646371931e-07	0.0 	0.0 	211.816480001 	16.2912000028 	0.0 	0.0 	0.0 	-0.0 	16.3402500027 	-5.88599999228 	0.0 	0.0 	6.47738728761	483.533081694	145.240346299	1.1285688113	
6.38333333333	1.27413039848e-06	2.28981607114e-07	0.0 	0.0 	212.087182501 	16.1931000029 	0.0 	0.0 	0.0 	0.0 	16.2421500028 	-5.88599999228 	0.0 	0.0 	6.48297709666	483.539330732	145.211949311	1.23282009936	
6.4	1.27413039848e-06	5.81429190604e-07	0.0 	0.0 	212.356250001 	16.095000003 	0.0 	0.0 	0.0 	0.0 	16.144050003 	-5.88599999228 	0.0 	0.0 	6.48851645911	483.545574382	145.184180073	1.3373358821	
6.41666666667	1.27413039848e-06	8.76222980555e-07	0.0 	0.0 	212.623682501 	15.9969000032 	0.0 	0.0 	0.0 	0.0 	16.0459500031 	-5.88599999228 	0.0 	0.0 	6.49400583022	483.551812701	145.157040433	1.44211142996	
6.43333333333	1.27413039848e-06	1.11712277458e-06	0.0 	0.0 	212.889480001 	15.8988000033 	0.0 	0.0 	0.0 	0.0 	15.9478500032 	-5.88599999228 	0.0 	0.0 	6.49944566116	483.558045747	145.130532201	1.54714201134	
6.45	3.09270111758e-07	1.06148115472e-06	0.0 	0.0 	213.153642501 	15.8007000033 	0.0 	0.0 	0.0 	0.0 	15.8497500033 	-5.88599999961 	0.0 	0.0 	6.504836399	483.564273577	145.104657147	1.65242289273	
6.46666666667	3.09270111758e-07	9.94852304235e-07	0.0 	0.0 	213.416170002 	15.7026000033 	0.0 	0.0 	0.0 	0.0 	15.7516500033 	-5.88599999961 	0.0 	0.0 	6.51017848681	483.570496245	145.079417007	1.75794933897	
6.48333333333	3.09270111758e-07	9.21790501596e-07	0.0 	0.0 	213.677062502 	15.6045000033 	0.0 	0.0 	0.0 	0.0 	15.6535500033 	-5.88599999961 	0.0 	0.0 	6.51547236364	483.576713807	145.054813477	1.86371661343	
6.5	3.09270111758e-07	8.46026342368e-07	0.0 	0.0 	213.936320002 	15.5064000033 	0.0 	0.0 	0.0 	0.0 	15.5554500033 	-5.88599999961 	0.0 	0.0 	6.52071846458	483.582926317	145.030848217	1.96971997821	
6.51666666667	3.09270111758e-07	7.7053548676e-07	0.0 	0.0 	214.193942502 	15.4083000033 	0.0 	0.0 	0.0 	0.0 	15.4573500033 	-5.88599999961 	0.0 	0.0 	6.5259172208	483.589133829	145.00752285	2.07595469436	
6.53333333333	3.09270111758e-07	6.97615530695e-07	0.0 	0.0 	214.449930002 	15.3102000033 	0.0 	0.0 	0.0 	0.0 	15.3592500033 	-5.88599999961 	0.0 	0.0 	6.53106905956	483.595336396	144.984838962	2.18241602205	
6.55	3.09270111758e-07	6.28966770403e-07	0.0 	0.0 	214.704282502 	15.2121000033 	0.0 	0.0 	0.0 	0.0 	15.2611500033 	-5.88599999961 	0.0 	0.0 	6.53617440429	483.60153407	144.962798102	2.2890992208	
6.56666666667	-1.05510974302e-06	2.16151122808e-07	0.0 	0.0 	214.957000002 	15.1140000034 	0.0 	0.0 	0.0 	0.0 	15.1630500034 	-5.88599999616 	0.0 	0.0 	6.54123367459	483.607726903	144.941401783	2.39599954963	
6.58333333333	-1.05510974302e-06	-1.43507906136e-07	0.0 	0.0 	215.208082502 	15.0159000035 	0.0 	0.0 	0.0 	-0.0 	15.0649500034 	-5.88599999616 	0.0 	0.0 	6.54624728626	483.613914947	144.920651481	2.50311226729	
6.6	-1.05510974302e-06	-4.50731210969e-07	0.0 	0.0 	215.457530002 	14.9178000035 	0.0 	0.0 	0.0 	-0.0 	14.9668500035 	-5.88599999616 	0.0 	0.0 	6.55121565136	483.620098251	144.900548636	2.61043263245	
6.61666666667	-1.05510974302e-06	-7.07716101342e-07	0.0 	0.0 	215.705342502 	14.8197000036 	0.0 	0.0 	0.0 	-0.0 	14.8687500036 	-5.88599999616 	0.0 	0.0 	6.55613917823	483.626276866	144.881094653	2.71795590384	
6.63333333333	-1.05510974302e-06	-9.17735442683e-07	0.0 	0.0 	215.951520002 	14.7216000037 	0.0 	0.0 	0.0 	-0.0 	14.7706500036 	-5.88599999616 	0.0 	0.0 	6.56101827153	483.632450841	144.862290898	2.82567734052	
6.65	-1.05510974302e-06	-1.08479337911e-06	0.0 	0.0 	216.196062502 	14.6235000037 	0.0 	0.0 	0.0 	-0.0 	14.6725500037 	-5.88599999616 	0.0 	0.0 	6.56585333225	483.638620224	144.844138705	2.93359220198	
6.66666666667	-2.82867623237e-06	-1.66781207911e-06	0.0 	0.0 	216.438970002 	14.5254000041 	0.0 	0.0 	0.0 	-0.0 	14.5744500039 	-5.88599997645 	0.0 	0.0 	6.57064475779	483.644785065	144.82663937	3.04169574838	
6.68333333333	-2.82867623237e-06	-2.15592857639e-06	0.0 	0.0 	216.680242502 	14.4273000045 	0.0 	0.0 	0.0 	-0.0 	14.4763500043 	-5.88599997645 	0.0 	0.0 	6.57539294192	483.650945409	144.809794153	3.14998324073	
6.7	-2.82867623237e-06	-2.55524222604e-06	0.0 	0.0 	216.919880002 	14.3292000049 	0.0 	0.0 	0.0 	-0.0 	14.3782500047 	-5.88599997645 	0.0 	0.0 	6.58009827491	483.657101306	144.793604281	3.25844994102	
6.71666666667	-2.82867623237e-06	-2.87325511722e-06	0.0 	0.0 	217.157882502 	14.2311000053 	0.0 	0.0 	0.0 	-0.0 	14.2801500051 	-5.88599997645 	0.0 	0.0 	6.58476114346	483.6632528	144.778070944	3.36709111245	
6.73333333333	-2.82867623237e-06	-3.11832201772e-06	0.0 	0.0 	217.394250003 	14.1330000057 	0.0 	0.0 	0.0 	-0.0 	14.1820500055 	-5.88599997645 	0.0 	0.0 	6.58938193081	483.669399939	144.763195297	3.47590201961	
6.75	-2.82867623237e-06	-3.29919743483e-06	0.0 	0.0 	217.628982503 	14.0349000061 	0.0 	0.0 	0.0 	-0.0 	14.0839500059 	-5.88599997645 	0.0 	0.0 	6.59396101673	483.675542767	144.74897846	3.58487792862	
6.76666666667	-2.82867623237e-06	-3.4246720955e-06	0.0 	0.0 	217.862080003 	13.9368000065 	0.0 	0.0 	0.0 	-0.0 	13.9858500063 	-5.88599997645 	0.0 	0.0 	6.59849877757	483.681681329	144.735421519	3.69401410731	
6.78333333333	3.18313461175e-07	-2.69687397783e-06	0.0 	0.0 	218.093542503 	13.8387000065 	0.0 	0.0 	0.0 	-0.0 	13.8877500065 	-5.88599999975 	0.0 	0.0 	6.60299558627	483.687815669	144.722525525	3.80330582543	
6.8	3.18313461175e-07	-2.03860582917e-06	0.0 	0.0 	218.323370003 	13.7406000065 	0.0 	0.0 	0.0 	-0.0 	13.7896500065 	-5.88599999975 	0.0 	0.0 	6.60745181242	483.693945832	144.710291494	3.91274835477	
6.81666666667	3.18313461175e-07	-1.45479428614e-06	0.0 	0.0 	218.551562503 	13.6425000065 	0.0 	0.0 	0.0 	-0.0 	13.6915500065 	-5.88599999975 	0.0 	0.0 	6.61186782227	483.70007186	144.698720409	4.02233696937	
6.83333333333	3.18313461175e-07	-9.46930723178e-07	0.0 	0.0 	218.778120003 	13.5444000065 	0.0 	0.0 	0.0 	-0.0 	13.5934500065 	-5.88599999975 	0.0 	0.0 	6.61624397875	483.706193797	144.687813216	4.13206694568	
6.85	3.18313461175e-07	-5.13797581125e-07	0.0 	0.0 	219.003042503 	13.4463000065 	0.0 	0.0 	0.0 	-0.0 	13.4953500065 	-5.88599999975 	0.0 	0.0 	6.62058064153	483.712311685	144.67757083	4.24193356271	
6.86666666667	3.18313461175e-07	-1.52115925963e-07	0.0 	0.0 	219.226330003 	13.3482000065 	0.0 	0.0 	0.0 	-0.0 	13.3972500065 	-5.88599999975 	0.0 	0.0 	6.62487816704	483.718425565	144.66799413	4.35193210219	
6.88333333333	3.18313461175e-07	1.42888275136e-07	0.0 	0.0 	219.447982504 	13.2501000065 	0.0 	0.0 	0.0 	0.0 	13.2991500065 	-5.88599999975 	0.0 	0.0 	6.62913690847	483.72453548	144.659083963	4.46205784879	
6.9	-4.05924863462e-07	1.91412497364e-07	0.0 	0.0 	219.668000004 	13.1520000065 	0.0 	0.0 	0.0 	0.0 	13.2010500065 	-5.88599999967 	0.0 	0.0 	6.63335721585	483.730641469	144.650841139	4.57230609022	
6.91666666667	-4.05924863462e-07	2.10351977064e-07	0.0 	0.0 	219.886382504 	13.0539000065 	0.0 	0.0 	0.0 	0.0 	13.1029500065 	-5.88599999967 	0.0 	0.0 	6.63753943602	483.736743573	144.643266438	4.6826721174	
6.93333333333	-4.05924863462e-07	2.05771422565e-07	0.0 	0.0 	220.103130004 	12.9558000065 	0.0 	0.0 	0.0 	0.0 	13.0048500065 	-5.88599999967 	0.0 	0.0 	6.64168391273	483.742841833	144.636360606	4.79315122466	
6.95	-4.05924863462e-07	1.8310598389e-07	0.0 	0.0 	220.318242504 	12.8577000065 	0.0 	0.0 	0.0 	0.0 	12.9067500065 	-5.88599999967 	0.0 	0.0 	6.64579098659	483.748936287	144.630124353	4.90373870987	
6.96666666667	-4.05924863462e-07	1.47133054937e-07	0.0 	0.0 	220.531720004 	12.7596000065 	0.0 	0.0 	0.0 	0.0 	12.8086500065 	-5.88599999967 	0.0 	0.0 	6.64986099515	483.755026975	144.624558359	5.0144298746	
6.98333333333	-4.05924863462e-07	1.01970975049e-07	0.0 	0.0 	220.743562504 	12.6615000065 	0.0 	0.0 	0.0 	0.0 	12.7105500065 	-5.88599999967 	0.0 	0.0 	6.65389427292	483.761113935	144.61966327	5.12522002428	
7.0	3.13562758972e-07	2.35467321431e-07	0.0 	0.0 	220.953770004 	12.5634000065 	0.0 	0.0 	0.0 	0.0 	12.6124500065 	-5.88599999984 	0.0 	0.0 	6.65789115139	483.767197205	144.615439698	5.23610446834	
7.01666666667	3.13562758972e-07	3.413674723e-07	0.0 	0.0 	221.162342504 	12.4653000065 	0.0 	0.0 	0.0 	0.0 	12.5143500065 	-5.88599999984 	0.0 	0.0 	6.66185195905	483.773276824	144.611888223	5.34707852039	
7.03333333333	3.13562758972e-07	4.22571191932e-07	0.0 	0.0 	221.369280004 	12.3672000065 	0.0 	0.0 	0.0 	0.0 	12.4162500065 	-5.88599999984 	0.0 	0.0 	6.66577702143	483.779352828	144.609009394	5.45813749837	
7.05	3.13562758972e-07	4.82097561117e-07	0.0 	0.0 	221.574582505 	12.2691000065 	0.0 	0.0 	0.0 	0.0 	12.3181500065 	-5.88599999984 	0.0 	0.0 	6.66966666112	483.785425254	144.606803724	5.56927672468	
7.06666666667	3.13562758972e-07	5.22963784668e-07	0.0 	0.0 	221.778250005 	12.1710000065 	0.0 	0.0 	0.0 	0.0 	12.2200500065 	-5.88599999984 	0.0 	0.0 	6.6735211978	483.791494138	144.605271697	5.68049152635	
7.08333333333	3.13562758972e-07	5.48091325867e-07	0.0 	0.0 	221.980282505 	12.0729000065 	0.0 	0.0 	0.0 	0.0 	12.1219500065 	-5.88599999984 	0.0 	0.0 	6.67734094827	483.797559518	144.604413764	5.79177723517	
7.1	3.13562758972e-07	5.60236152581e-07	0.0 	0.0 	222.180680005 	11.9748000065 	0.0 	0.0 	0.0 	0.0 	12.0238500065 	-5.88599999984 	0.0 	0.0 	6.68112622647	483.803621428	144.604230342	5.90312918788	
7.11666666667	-2.6107826453e-06	-1.8742366011e-07	0.0 	0.0 	222.379442505 	11.8767000067 	0.0 	0.0 	0.0 	-0.0 	11.9257500066 	-5.88599999098 	0.0 	0.0 	6.68487734349	483.809679903	144.604721818	6.01454272626	
7.13333333333	-2.6107826453e-06	-8.42589983234e-07	0.0 	0.0 	222.576570005 	11.7786000068 	0.0 	0.0 	0.0 	-0.0 	11.8276500068 	-5.88599999098 	0.0 	0.0 	6.68859460764	483.815734979	144.605888547	6.12601319731	
7.15	-2.6107826453e-06	-1.40559990434e-06	0.0 	0.0 	222.772062505 	11.680500007 	0.0 	0.0 	0.0 	-0.0 	11.7295500069 	-5.88599999098 	0.0 	0.0 	6.69227832443	483.821786689	144.607730851	6.23753595342	
7.16666666667	-2.6107826453e-06	-1.87959455386e-06	0.0 	0.0 	222.965920005 	11.5824000071 	0.0 	0.0 	0.0 	-0.0 	11.6314500071 	-5.88599999098 	0.0 	0.0 	6.69592879661	483.827835068	144.610249023	6.34910635244	
7.18333333333	-2.6107826453e-06	-2.26979003509e-06	0.0 	0.0 	223.158142506 	11.4843000073 	0.0 	0.0 	0.0 	-0.0 	11.5333500072 	-5.88599999098 	0.0 	0.0 	6.69954632421	483.83388015	144.613443321	6.46071975789	
7.2	-2.6107826453e-06	-2.58284755211e-06	0.0 	0.0 	223.348730006 	11.3862000074 	0.0 	0.0 	0.0 	-0.0 	11.4352500074 	-5.88599999098 	0.0 	0.0 	6.70313120455	483.839921968	144.617313975	6.57237153909	
7.21666666667	1.59490333465e-07	-2.11645764866e-06	0.0 	0.0 	223.537682506 	11.2881000075 	0.0 	0.0 	0.0 	-0.0 	11.3371500075 	-5.88599999997 	0.0 	0.0 	6.70668373225	483.845960555	144.621861182	6.68405707128	
7.23333333333	1.59490333465e-07	-1.68388209904e-06	0.0 	0.0 	223.725000006 	11.1900000075 	0.0 	0.0 	0.0 	-0.0 	11.2390500075 	-5.88599999997 	0.0 	0.0 	6.71020419929	483.851995943	144.627085108	6.79577173577	
7.25	1.59490333465e-07	-1.29103065957e-06	0.0 	0.0 	223.910682506 	11.0919000075 	0.0 	0.0 	0.0 	-0.0 	11.1409500075 	-5.88599999997 	0.0 	0.0 	6.71369289502	483.858028164	144.632985889	6.90751092008	
7.26666666667	1.59490333465e-07	-9.41242012953e-07	0.0 	0.0 	224.094730006 	10.9938000075 	0.0 	0.0 	0.0 	-0.0 	11.0428500075 	-5.88599999997 	0.0 	0.0 	6.71715010616	483.864057251	144.639563629	7.01927001808	
7.28333333333	1.59490333465e-07	-6.35757925996e-07	0.0 	0.0 	224.277142506 	10.8957000075 	0.0 	0.0 	0.0 	-0.0 	10.9447500075 	-5.88599999997 	0.0 	0.0 	6.72057611684	483.870083235	144.646818403	7.13104443013	
7.3	1.59490333465e-07	-3.74156250496e-07	0.0 	0.0 	224.457920006 	10.7976000075 	0.0 	0.0 	0.0 	-0.0 	10.8466500075 	-5.88599999997 	0.0 	0.0 	6.72397120866	483.876106147	144.654750253	7.2428295632	
7.31666666667	1.59490333465e-07	-1.54738496235e-07	0.0 	0.0 	224.637062506 	10.6995000075 	0.0 	0.0 	0.0 	-0.0 	10.7485500075 	-5.88599999997 	0.0 	0.0 	6.72733566063	483.882126018	144.663359193	7.35462083104	
7.33333333333	-1.0466687026e-06	-2.83948338745e-07	0.0 	0.0 	224.814570007 	10.6014000075 	0.0 	0.0 	0.0 	-0.0 	10.6504500075 	-5.88599999908 	0.0 	0.0 	6.73066974928	483.888142878	144.672645206	7.46641365427	
7.35	-1.0466687026e-06	-4.07920978061e-07	0.0 	0.0 	224.990442507 	10.5033000075 	0.0 	0.0 	0.0 	-0.0 	10.5523500075 	-5.88599999908 	0.0 	0.0 	6.73397374864	483.894156758	144.682608243	7.57820346054	
7.36666666667	-1.0466687026e-06	-5.23960639923e-07	0.0 	0.0 	225.164680007 	10.4052000075 	0.0 	0.0 	0.0 	-0.0 	10.4542500075 	-5.88599999908 	0.0 	0.0 	6.73724793023	483.900167687	144.693248228	7.68998568467	
7.38333333333	-1.0466687026e-06	-6.30226004824e-07	0.0 	0.0 	225.337282507 	10.3071000075 	0.0 	0.0 	0.0 	-0.0 	10.3561500075 	-5.88599999908 	0.0 	0.0 	6.74049256318	483.906175694	144.704565053	7.80175576875	
7.4	-1.0466687026e-06	-7.25595496928e-07	0.0 	0.0 	225.508250007 	10.2090000075 	0.0 	0.0 	0.0 	-0.0 	10.2580500075 	-5.88599999908 	0.0 	0.0 	6.74370791414	483.91218081	144.71655858	7.91350916233	
7.41666666667	-1.0466687026e-06	-8.09540390985e-07	0.0 	0.0 	225.677582507 	10.1109000075 	0.0 	0.0 	0.0 	-0.0 	10.1599500075 	-5.88599999908 	0.0 	0.0 	6.74689424737	483.918183063	144.729228643	8.02524132246	
7.43333333333	1.10121804612e-06	-3.31611964259e-07	0.0 	0.0 	225.845280007 	10.0128000076 	0.0 	0.0 	0.0 	-0.0 	10.0618500076 	-5.88599999918 	0.0 	0.0 	6.75005182476	483.924182481	144.742575046	8.13694771391	
7.45	1.10121804612e-06	8.35585042791e-08	0.0 	0.0 	226.011342507 	9.91470000757 	0.0 	0.0 	0.0 	0.0 	9.96375000757 	-5.88599999918 	0.0 	0.0 	6.75318090582	483.930179092	144.756597561	8.24862380924	
7.46666666667	1.10121804612e-06	4.37117478078e-07	0.0 	0.0 	226.175770008 	9.81660000759 	0.0 	0.0 	0.0 	0.0 	9.86565000758 	-5.88599999918 	0.0 	0.0 	6.75628174772	483.936172925	144.771295934	8.36026508896	
7.48333333333	1.10121804612e-06	7.31878825524e-07	0.0 	0.0 	226.338562508 	9.7185000076 	0.0 	0.0 	0.0 	0.0 	9.76755000759 	-5.88599999918 	0.0 	0.0 	6.75935460531	483.942164007	144.786669881	8.47186704164	
7.5	1.10121804612e-06	9.71860720438e-07	0.0 	0.0 	226.499720008 	9.62040000761 	0.0 	0.0 	0.0 	0.0 	9.66945000761 	-5.88599999918 	0.0 	0.0 	6.76239973114	483.948152366	144.802719088	8.58342516402	
7.51666666667	1.10121804612e-06	1.16188910542e-06	0.0 	0.0 	226.659242508 	9.52230000763 	0.0 	0.0 	0.0 	0.0 	9.57135000762 	-5.88599999918 	0.0 	0.0 	6.76541737549	483.954138027	144.819443211	8.6949349612	
7.53333333333	1.10121804612e-06	1.30726513319e-06	0.0 	0.0 	226.817130008 	9.42420000764 	0.0 	0.0 	0.0 	0.0 	9.47325000763 	-5.88599999918 	0.0 	0.0 	6.76840778636	483.960121019	144.836841881	8.80639194667	
7.55	-3.6028974308e-06	2.08062992269e-07	0.0 	0.0 	226.973382508 	9.32610000775 	0.0 	0.0 	0.0 	0.0 	9.3751500077 	-5.88599999341 	0.0 	0.0 	6.77137120954	483.966101368	144.854914697	8.91779164252	
7.56666666667	-3.6028974308e-06	-7.62911180163e-07	0.0 	0.0 	227.128000008 	9.22800000786 	0.0 	0.0 	0.0 	-0.0 	9.27705000781 	-5.88599999341 	0.0 	0.0 	6.77430788858	483.972079099	144.87366123	9.02912957951	
7.58333333333	-3.6028974308e-06	-1.60416573413e-06	0.0 	0.0 	227.280982509 	9.12990000797 	0.0 	0.0 	0.0 	-0.0 	9.17895000792 	-5.88599999341 	0.0 	0.0 	6.77721806484	483.978054239	144.893081023	9.14040129721	
7.6	-3.6028974308e-06	-2.31859837897e-06	0.0 	0.0 	227.432330009 	9.03180000808 	0.0 	0.0 	0.0 	-0.0 	9.08085000803 	-5.88599999341 	0.0 	0.0 	6.7801019775	483.984026814	144.913173591	9.25160234414	
7.61666666667	-3.6028974308e-06	-2.9124180241e-06	0.0 	0.0 	227.582042509 	8.93370000819 	0.0 	0.0 	0.0 	-0.0 	8.98275000813 	-5.88599999341 	0.0 	0.0 	6.78295986359	483.989996847	144.93393842	9.36272827785	
7.63333333333	-3.6028974308e-06	-3.39420573053e-06	0.0 	0.0 	227.730120009 	8.8356000083 	0.0 	0.0 	0.0 	-0.0 	8.88465000824 	-5.88599999341 	0.0 	0.0 	6.78579195798	483.995964366	144.955374967	9.47377466506	
7.65	-3.6028974308e-06	-3.77411281865e-06	0.0 	0.0 	227.876562509 	8.73750000841 	0.0 	0.0 	0.0 	-0.0 	8.78655000835 	-5.88599999341 	0.0 	0.0 	6.78859849344	484.001929394	144.977482664	9.58473708179	
7.66666666667	1.10307499364e-06	-2.85728489731e-06	0.0 	0.0 	228.021370009 	8.63940000842 	0.0 	0.0 	0.0 	-0.0 	8.68845000841 	-5.88599999954 	0.0 	0.0 	6.79137970063	484.007891956	145.000260913	9.69561111349	
7.68333333333	1.10307499364e-06	-2.02298201167e-06	0.0 	0.0 	228.164542509 	8.54130000842 	0.0 	0.0 	0.0 	-0.0 	8.59035000842 	-5.88599999954 	0.0 	0.0 	6.79413580813	484.013852076	145.023709088	9.8063923551	
7.7	1.10307499364e-06	-1.27870799389e-06	0.0 	0.0 	228.306080009 	8.44320000843 	0.0 	0.0 	0.0 	-0.0 	8.49225000843 	-5.88599999954 	0.0 	0.0 	6.79686704247	484.019809778	145.047826535	9.91707641123	
7.71666666667	1.10307499364e-06	-6.27464911752e-07	0.0 	0.0 	228.44598251 	8.34510000844 	0.0 	0.0 	0.0 	-0.0 	8.39415000844 	-5.88599999954 	0.0 	0.0 	6.79957362811	484.025765086	145.072612575	10.0276588962	
7.73333333333	1.10307499364e-06	-6.86721510494e-08	0.0 	0.0 	228.58425001 	8.24700000845 	0.0 	0.0 	0.0 	-0.0 	8.29605000844 	-5.88599999954 	0.0 	0.0 	6.80225578751	484.031718024	145.098066499	10.1381354344	
7.75	1.10307499364e-06	4.01009336767e-07	0.0 	0.0 	228.72088251 	8.14890000846 	0.0 	0.0 	0.0 	0.0 	8.19795000845 	-5.88599999954 	0.0 	0.0 	6.8049137411	484.037668614	145.124187571	10.2485016599	
7.76666666667	1.10307499364e-06	7.86952041601e-07	0.0 	0.0 	228.85588001 	8.05080000846 	0.0 	0.0 	0.0 	0.0 	8.09985000846 	-5.88599999954 	0.0 	0.0 	6.80754770734	484.04361688	145.15097503	10.3587532171	
7.78333333333	1.11842868859e-06	1.09987086443e-06	0.0 	0.0 	228.98924251 	7.95270000847 	0.0 	0.0 	0.0 	0.0 	8.00175000847 	-5.88599999966 	0.0 	0.0 	6.8101579027	484.049562845	145.178428086	10.4688857607	
7.8	1.11842868859e-06	1.34296288413e-06	0.0 	0.0 	229.12097001 	7.85460000847 	0.0 	0.0 	0.0 	0.0 	7.90365000847 	-5.88599999966 	0.0 	0.0 	6.81274454172	484.055506531	145.206545922	10.5788949554	
7.81666666667	1.11842868859e-06	1.52434250578e-06	0.0 	0.0 	229.25106251 	7.75650000848 	0.0 	0.0 	0.0 	0.0 	7.80555000848 	-5.88599999966 	0.0 	0.0 	6.81530783697	484.06144796	145.235327694	10.6887764766	
7.83333333333	1.11842868859e-06	1.65222690577e-06	0.0 	0.0 	229.379520011 	7.65840000849 	0.0 	0.0 	0.0 	0.0 	7.70745000848 	-5.88599999966 	0.0 	0.0 	6.81784799914	484.067387154	145.264772533	10.7985260103	
7.85	1.11842868859e-06	1.73465612148e-06	0.0 	0.0 	229.506342511 	7.56030000849 	0.0 	0.0 	0.0 	0.0 	7.60935000849 	-5.88599999966 	0.0 	0.0 	6.820365237	484.073324136	145.294879543	10.9081392531	
7.86666666667	1.11842868859e-06	1.77928165638e-06	0.0 	0.0 	229.631530011 	7.4622000085 	0.0 	0.0 	0.0 	0.0 	7.51125000849 	-5.88599999966 	0.0 	0.0 	6.82285975742	484.079258926	145.325647799	11.0176119123	
7.88333333333	1.11842868859e-06	1.79321479068e-06	0.0 	0.0 	229.755082511 	7.3641000085 	0.0 	0.0 	0.0 	0.0 	7.4131500085 	-5.88599999966 	0.0 	0.0 	6.82533176543	484.085191547	145.357076352	11.1269397061	
7.9	1.12417041107e-06	1.78439722046e-06	0.0 	0.0 	229.877000011 	7.26600000851 	0.0 	0.0 	0.0 	0.0 	7.3150500085 	-5.88599999976 	0.0 	0.0 	6.8277814642	484.091122019	145.389164227	11.2361183639	
7.91666666667	1.12417041107e-06	1.75693151574e-06	0.0 	0.0 	229.997282511 	7.16790000851 	0.0 	0.0 	0.0 	0.0 	7.21695000851 	-5.88599999976 	0.0 	0.0 	6.83020905506	484.097050363	145.421910421	11.345143626	
7.93333333333	1.12417041107e-06	1.71587181007e-06	0.0 	0.0 	230.115930011 	7.06980000851 	0.0 	0.0 	0.0 	0.0 	7.11885000851 	-5.88599999976 	0.0 	0.0 	6.83261473754	484.1029766	145.455313908	11.4540112441	
7.95	1.12417041107e-06	1.66555986945e-06	0.0 	0.0 	230.232942512 	6.97170000852 	0.0 	0.0 	0.0 	0.0 	7.02075000852 	-5.88599999976 	0.0 	0.0 	6.83499870934	484.10890075	145.489373632	11.562716981	
7.96666666667	1.12417041107e-06	1.6096496949e-06	0.0 	0.0 	230.348320012 	6.87360000852 	0.0 	0.0 	0.0 	0.0 	6.92265000852 	-5.88599999976 	0.0 	0.0 	6.8373611664	484.114822835	145.524088514	11.6712566111	
7.98333333333	1.12417041107e-06	1.551148082e-06	0.0 	0.0 	230.462062512 	6.77550000853 	0.0 	0.0 	0.0 	0.0 	6.82455000852 	-5.88599999976 	0.0 	0.0 	6.83970230289	484.120742873	145.55945745	11.7796259203	
8.0	1.391876934e-06	1.56106607629e-06	0.0 	0.0 	230.574170012 	6.67740000853 	0.0 	0.0 	0.0 	0.0 	6.72645000853 	-5.88599999974 	0.0 	0.0 	6.84202231122	484.126660884	145.595479307	11.8878207063	
8.01666666667	1.391876934e-06	1.56346536117e-06	0.0 	0.0 	230.684642512 	6.57930000853 	0.0 	0.0 	0.0 	0.0 	6.62835000853 	-5.88599999974 	0.0 	0.0 	6.84432138206	484.132576889	145.63215293	11.9958367782	
8.03333333333	1.391876934e-06	1.5599626686e-06	0.0 	0.0 	230.793480012 	6.48120000854 	0.0 	0.0 	0.0 	0.0 	6.53025000854 	-5.88599999974 	0.0 	0.0 	6.84659970438	484.138490907	145.669477138	12.1036699573	
8.05	1.391876934e-06	1.55199540265e-06	0.0 	0.0 	230.900682512 	6.38310000854 	0.0 	0.0 	0.0 	0.0 	6.43215000854 	-5.88599999974 	0.0 	0.0 	6.84885746542	484.144402957	145.707450723	12.2113160767	
8.06666666667	1.391876934e-06	1.54081706939e-06	0.0 	0.0 	231.006250013 	6.28500000855 	0.0 	0.0 	0.0 	0.0 	6.33405000855 	-5.88599999974 	0.0 	0.0 	6.85109485074	484.150313058	145.746072453	12.3187709816	
8.08333333333	1.391876934e-06	1.52749948189e-06	0.0 	0.0 	231.110182513 	6.18690000855 	0.0 	0.0 	0.0 	0.0 	6.23595000855 	-5.88599999974 	0.0 	0.0 	6.85331204422	484.156221228	145.785341071	12.4260305294	
8.1	1.391876934e-06	1.51294014695e-06	0.0 	0.0 	231.212480013 	6.08880000856 	0.0 	0.0 	0.0 	0.0 	6.13785000855 	-5.88599999974 	0.0 	0.0 	6.8555092281	484.162127488	145.825255296	12.5330905897	
8.11666666667	1.60545214388e-06	1.55260208451e-06	0.0 	0.0 	231.313142513 	5.99070000856 	0.0 	0.0 	0.0 	0.0 	6.03975000856 	-5.88599999977 	0.0 	0.0 	6.85768658296	484.168031854	145.865813821	12.6399470446	
8.13333333333	1.60545214388e-06	1.58499165046e-06	0.0 	0.0 	231.412170013 	5.89260000856 	0.0 	0.0 	0.0 	0.0 	5.94165000856 	-5.88599999977 	0.0 	0.0 	6.85984428774	484.173934346	145.907015315	12.7465957886	
8.15	1.60545214388e-06	1.6107329545e-06	0.0 	0.0 	231.509562513 	5.79450000857 	0.0 	0.0 	0.0 	0.0 	5.84355000857 	-5.88599999977 	0.0 	0.0 	6.86198251979	484.179834981	145.948858422	12.8530327287	
8.16666666667	1.60545214388e-06	1.6305174398e-06	0.0 	0.0 	231.605320013 	5.69640000857 	0.0 	0.0 	0.0 	0.0 	5.74545000857 	-5.88599999977 	0.0 	0.0 	6.86410145484	484.185733777	145.991341761	12.9592537848	
8.18333333333	1.60545214388e-06	1.6450671254e-06	0.0 	0.0 	231.699442514 	5.59830000858 	0.0 	0.0 	0.0 	0.0 	5.64735000857 	-5.88599999977 	0.0 	0.0 	6.86620126703	484.191630753	146.034463929	13.0652548893	
8.2	1.60545214388e-06	1.65510516358e-06	0.0 	0.0 	231.791930014 	5.50020000858 	0.0 	0.0 	0.0 	0.0 	5.54925000858 	-5.88599999977 	0.0 	0.0 	6.86828212896	484.197525925	146.078223496	13.1710319877	
8.21666666667	1.60545214388e-06	1.66133298629e-06	0.0 	0.0 	231.882782514 	5.40210000858 	0.0 	0.0 	0.0 	0.0 	5.45115000858 	-5.88599999977 	0.0 	0.0 	6.87034421164	484.203419311	146.12261901	13.2765810384	
8.23333333333	5.89403577027e-07	1.40405082732e-06	0.0 	0.0 	231.972000014 	5.30400000858 	0.0 	0.0 	0.0 	0.0 	5.35305000858 	-5.88599999998 	0.0 	0.0 	6.87238768455	484.209310928	146.167648994	13.381898013	
8.25	5.89403577027e-07	1.17919942754e-06	0.0 	0.0 	232.059582514 	5.20590000858 	0.0 	0.0 	0.0 	0.0 	5.25495000858 	-5.88599999998 	0.0 	0.0 	6.87441271563	484.215200794	146.213311948	13.486978896	
8.26666666667	5.89403577027e-07	9.86508472387e-07	0.0 	0.0 	232.145530014 	5.10780000858 	0.0 	0.0 	0.0 	0.0 	5.15685000858 	-5.88599999998 	0.0 	0.0 	6.87641947133	484.221088924	146.259606346	13.5918196854	
8.28333333333	5.89403577027e-07	8.24763454162e-07	0.0 	0.0 	232.229842514 	5.00970000858 	0.0 	0.0 	0.0 	0.0 	5.05875000858 	-5.88599999998 	0.0 	0.0 	6.87840811657	484.226975336	146.306530641	13.6964163925	
8.3	5.89403577027e-07	6.92056068876e-07	0.0 	0.0 	232.312520015 	4.91160000859 	0.0 	0.0 	0.0 	0.0 	4.96065000858 	-5.88599999998 	0.0 	0.0 	6.88037881479	484.232860046	146.354083262	13.8007650421	
8.31666666667	5.89403577027e-07	5.8599995491e-07	0.0 	0.0 	232.393562515 	4.81350000859 	0.0 	0.0 	0.0 	0.0 	4.86255000859 	-5.88599999998 	0.0 	0.0 	6.88233172796	484.238743071	146.402262613	13.9048616725	
8.33333333333	1.23535947509e-06	6.69439028655e-07	0.0 	0.0 	232.472970015 	4.71540000859 	0.0 	0.0 	0.0 	0.0 	4.76445000859 	-5.88599999995 	0.0 	0.0 	6.88426701658	484.244624426	146.451067076	14.0087023358	
8.35	1.23535947509e-06	7.51789324759e-07	0.0 	0.0 	232.550742515 	4.61730000859 	0.0 	0.0 	0.0 	0.0 	4.66635000859 	-5.88599999995 	0.0 	0.0 	6.88618483972	484.250504128	146.50049501	14.1122830976	
8.36666666667	1.23535947509e-06	8.30722371438e-07	0.0 	0.0 	232.626880015 	4.51920000859 	0.0 	0.0 	0.0 	0.0 	4.56825000859 	-5.88599999995 	0.0 	0.0 	6.888085355	484.256382192	146.550544751	14.2156000376	
8.38333333333	1.23535947509e-06	9.04540392103e-07	0.0 	0.0 	232.701382515 	4.42110000859 	0.0 	0.0 	0.0 	0.0 	4.47015000859 	-5.88599999995 	0.0 	0.0 	6.88996871861	484.262258635	146.60121461	14.3186492493	
8.4	1.23535947509e-06	9.72087454461e-07	0.0 	0.0 	232.774250015 	4.32300000859 	0.0 	0.0 	0.0 	0.0 	4.37205000859 	-5.88599999995 	0.0 	0.0 	6.89183508534	484.268133471	146.652502879	14.4214268404	
8.41666666667	1.23535947509e-06	1.03266367843e-06	0.0 	0.0 	232.845482516 	4.22490000859 	0.0 	0.0 	0.0 	0.0 	4.27395000859 	-5.88599999995 	0.0 	0.0 	6.89368460859	484.274006717	146.704407822	14.5239289325	
8.43333333333	1.23535947509e-06	1.08594449566e-06	0.0 	0.0 	232.915080016 	4.12680000859 	0.0 	0.0 	0.0 	0.0 	4.17585000859 	-5.88599999995 	0.0 	0.0 	6.89551744036	484.279878386	146.756927686	14.6261516616	
8.45	-1.91937877541e-07	7.66161400503e-07	0.0 	0.0 	232.983042516 	4.02870000859 	0.0 	0.0 	0.0 	0.0 	4.07775000859 	-5.886 	0.0 	0.0 	6.89733373129	484.285748495	146.810060692	14.7280911779	
8.46666666667	-1.91937877541e-07	4.88388899318e-07	0.0 	0.0 	233.049370016 	3.93060000859 	0.0 	0.0 	0.0 	0.0 	3.97965000859 	-5.886 	0.0 	0.0 	6.89913363066	484.291617058	146.863805039	14.829743646	
8.48333333333	-1.91937877541e-07	2.51854999124e-07	0.0 	0.0 	233.114062516 	3.83250000859 	0.0 	0.0 	0.0 	0.0 	3.88155000859 	-5.886 	0.0 	0.0 	6.90091728639	484.29748409	146.918158905	14.9311052452	
8.5	-1.91937877541e-07	5.46726990768e-08	0.0 	0.0 	233.177120016 	3.73440000859 	0.0 	0.0 	0.0 	0.0 	3.78345000859 	-5.886 	0.0 	0.0 	6.90268484509	484.303349606	146.973120444	15.0321721692	
8.51666666667	-1.91937877541e-07	-1.05850163979e-07	0.0 	0.0 	233.238542516 	3.63630000859 	0.0 	0.0 	0.0 	-0.0 	3.68535000859 	-5.886 	0.0 	0.0 	6.90443645202	484.309213619	147.028687789	15.1329406264	
8.53333333333	-1.91937877541e-07	-2.32945623895e-07	0.0 	0.0 	233.298330017 	3.53820000859 	0.0 	0.0 	0.0 	-0.0 	3.58725000859 	-5.886 	0.0 	0.0 	6.90617225114	484.315076145	147.084859053	15.23340684	
8.55	-3.63221070592e-06	-1.21173302553e-06	0.0 	0.0 	233.356482517 	3.44010000859 	0.0 	0.0 	0.0 	-0.0 	3.48915000859 	-5.88599999987 	0.0 	0.0 	6.90789238512	484.320937198	147.141632322	15.3335670481	
8.56666666667	-3.63221070592e-06	-2.04593318931e-06	0.0 	0.0 	233.413000017 	3.3420000086 	0.0 	0.0 	0.0 	-0.0 	3.39105000859 	-5.88599999987 	0.0 	0.0 	6.90959699533	484.326796791	147.199005666	15.4334175036	
8.58333333333	-3.63221070592e-06	-2.74200948863e-06	0.0 	0.0 	233.467882517 	3.2439000086 	0.0 	0.0 	0.0 	-0.0 	3.2929500086 	-5.88599999987 	0.0 	0.0 	6.91128622186	484.332654938	147.25697713	15.5329544746	
8.6	-3.63221070592e-06	-3.30928740865e-06	0.0 	0.0 	233.521130017 	3.1458000086 	0.0 	0.0 	0.0 	-0.0 	3.1948500086 	-5.88599999987 	0.0 	0.0 	6.91296020355	484.338511654	147.315544739	15.6321742442	
8.61666666667	-3.63221070592e-06	-3.7590191497e-06	0.0 	0.0 	233.572742517 	3.0477000086 	0.0 	0.0 	0.0 	-0.0 	3.0967500086 	-5.88599999987 	0.0 	0.0 	6.91461907799	484.344366951	147.374706495	15.7310731108	
8.63333333333	-3.63221070592e-06	-4.10359848515e-06	0.0 	0.0 	233.622720017 	2.9496000086 	0.0 	0.0 	0.0 	-0.0 	2.9986500086 	-5.88599999987 	0.0 	0.0 	6.91626298151	484.350220844	147.434460379	15.8296473881	
8.65	-3.63221070592e-06	-4.35591660202e-06	0.0 	0.0 	233.671062518 	2.85150000861 	0.0 	0.0 	0.0 	-0.0 	2.90055000861 	-5.88599999987 	0.0 	0.0 	6.91789204922	484.356073345	147.494804354	15.9278934051	
8.66666666667	-7.3310813568e-06	-5.47668293763e-06	0.0 	0.0 	233.717770018 	2.75340000861 	0.0 	0.0 	0.0 	-0.0 	2.80245000861 	-5.88599999977 	0.0 	0.0 	6.919506415	484.361924469	147.555736358	16.0258075064	
8.68333333333	-7.3310813568e-06	-6.40322679832e-06	0.0 	0.0 	233.762842518 	2.65530000861 	0.0 	0.0 	0.0 	-0.0 	2.70435000861 	-5.88599999977 	0.0 	0.0 	6.92110621155	484.367774227	147.617254309	16.1233860519	
8.7	-7.3310813568e-06	-7.15029374532e-06	0.0 	0.0 	233.806280018 	2.55720000862 	0.0 	0.0 	0.0 	-0.0 	2.60625000862 	-5.88599999977 	0.0 	0.0 	6.92269157034	484.373622632	147.679356106	16.2206254175	
8.71666666667	-7.3310813568e-06	-7.73492024209e-06	0.0 	0.0 	233.848082518 	2.45910000862 	0.0 	0.0 	0.0 	-0.0 	2.50815000862 	-5.88599999977 	0.0 	0.0 	6.92426262167	484.379469699	147.742039625	16.3175219945	
8.73333333333	-7.3310813568e-06	-8.17538581193e-06	0.0 	0.0 	233.888250018 	2.36100000863 	0.0 	0.0 	0.0 	-0.0 	2.41005000862 	-5.88599999977 	0.0 	0.0 	6.92581949466	484.385315439	147.805302723	16.4140721903	
8.75	-7.3310813568e-06	-8.49036211433e-06	0.0 	0.0 	233.926782518 	2.26290000863 	0.0 	0.0 	0.0 	-0.0 	2.31195000863 	-5.88599999977 	0.0 	0.0 	6.92736231727	484.391159865	147.869143237	16.5102724278	
8.76666666667	-7.3310813568e-06	-8.69824122502e-06	0.0 	0.0 	233.963680019 	2.16480000863 	0.0 	0.0 	0.0 	-0.0 	2.21385000863 	-5.88599999977 	0.0 	0.0 	6.9288912163	484.397002989	147.933558981	16.6061191464	
8.78333333333	-9.61735605383e-06	-9.40248168104e-06	0.0 	0.0 	233.998942519 	2.06670000864 	0.0 	0.0 	0.0 	-0.0 	2.11575000863 	-5.88599999987 	0.0 	0.0 	6.9304063174	484.402844824	147.998547751	16.7016088011	
8.8	-9.61735605383e-06	-9.9549828586e-06	0.0 	0.0 	234.032570019 	1.96860000864 	0.0 	0.0 	0.0 	-0.0 	2.01765000864 	-5.88599999987 	0.0 	0.0 	6.93190774511	484.408685381	148.064107322	16.7967378632	
8.81666666667	-9.61735605383e-06	-1.03726204336e-05	0.0 	0.0 	234.064562519 	1.87050000864 	0.0 	0.0 	0.0 	-0.0 	1.91955000864 	-5.88599999987 	0.0 	0.0 	6.93339562281	484.414524674	148.130235449	16.8915028203	
8.83333333333	-9.61735605383e-06	-1.06726875423e-05	0.0 	0.0 	234.094920019 	1.77240000864 	0.0 	0.0 	0.0 	-0.0 	1.82145000864 	-5.88599999987 	0.0 	0.0 	6.93487007279	484.420362714	148.196929868	16.9859001763	
8.85	-9.61735605383e-06	-1.08722604425e-05	0.0 	0.0 	234.123642519 	1.67430000864 	0.0 	0.0 	0.0 	-0.0 	1.72335000864 	-5.88599999987 	0.0 	0.0 	6.93633121624	484.426199512	148.264188295	17.0799264513	
8.86666666667	-9.61735605383e-06	-1.09877136781e-05	0.0 	0.0 	234.150730019 	1.57620000865 	0.0 	0.0 	0.0 	-0.0 	1.62525000865 	-5.88599999987 	0.0 	0.0 	6.93777917324	484.432035081	148.332008424	17.1735781821	
8.88333333333	-9.61735605383e-06	-1.10343662599e-05	0.0 	0.0 	234.17618252 	1.47810000865 	0.0 	0.0 	0.0 	-0.0 	1.52715000865 	-5.88599999987 	0.0 	0.0 	6.9392140628	484.437869432	148.400387933	17.266851922	
8.9	-1.11895518527e-05	-1.14291156153e-05	0.0 	0.0 	234.20000002 	1.38000000865 	0.0 	0.0 	0.0 	-0.0 	1.42905000865 	-5.88599999996 	0.0 	0.0 	6.94063600284	484.443702576	148.469324477	17.3597442407	
8.91666666667	-1.11895518527e-05	-1.17275599982e-05	0.0 	0.0 	234.22218252 	1.28190000865 	0.0 	0.0 	0.0 	-0.0 	1.33095000865 	-5.88599999996 	0.0 	0.0 	6.94204511024	484.449534526	148.538815695	17.4522517248	
8.93333333333	-1.11895518527e-05	-1.19420416404e-05	0.0 	0.0 	234.24273002 	1.18380000865 	0.0 	0.0 	0.0 	-0.0 	1.23285000865 	-5.88599999996 	0.0 	0.0 	6.9434415008	484.455365291	148.608859204	17.5443709778	
8.95	-1.11895518527e-05	-1.20847496072e-05	0.0 	0.0 	234.26164252 	1.08570000865 	0.0 	0.0 	0.0 	-0.0 	1.13475000865 	-5.88599999996 	0.0 	0.0 	6.94482528929	484.461194884	148.679452604	17.6360986197	
8.96666666667	-1.11895518527e-05	-1.21673733516e-05	0.0 	0.0 	234.27892002 	0.987600008652 	0.0 	0.0 	0.0 	-0.0 	1.03665000865 	-5.88599999996 	0.0 	0.0 	6.94619658945	484.467023316	148.750593475	17.7274312879	
8.98333333333	-1.11895518527e-05	-1.21673733516e-05	0.0 	0.0 	234.27892002 	0.0 	0.0 	0.0 	0.0 	0.0 	0.0 	0.0 	0.0 	0.0 	0.0	484.467023316	148.750593475	17.7274312879	
9.0	-1.11895518527e-05	-1.21673733516e-05	0.0 	0.0 	234.27892002 	0.0 	0.0 	0.0 	0.0 	0.0 	0.0 	0.0 	0.0 	0.0 	0.0	484.467023316	148.750593475	17.7274312879	
9.01666666667	-1.11895518527e-05	-1.21673733516e-05	0.0 	0.0 	234.27892002 	0.0 	0.0 	0.0 	0.0 	0.0 	0.0 	0.0 	0.0 	0.0 	0.0	484.467023316	148.750593475	17.7274312879	
9.03333333333	-1.11895518527e-05	-1.21673733516e-05	0.0 	0.0 	234.27892002 	0.0 	0.0 	0.0 	0.0 	0.0 	0.0 	0.0 	0.0 	0.0 	0.0	484.467023316	148.750593475	17.7274312879	
9.05	-1.11895518527e-05	-1.21673733516e-05	0.0 	0.0 	234.27892002 	0.0 	0.0 	0.0 	0.0 	0.0 	0.0 	0.0 	0.0 	0.0 	0.0	484.467023316	148.750593475	17.7274312879	
9.06666666667	-1.11895518527e-05	-1.21673733516e-05	0.0 	0.0 	234.27892002 	0.0 	0.0 	0.0 	0.0 	0.0 	0.0 	0.0 	0.0 	0.0 	0.0	484.467023316	148.750593475	17.7274312879	
9.08333333333	-1.11895518527e-05	-1.21673733516e-05	0.0 	0.0 	234.27892002 	0.0 	0.0 	0.0 	0.0 	0.0 	0.0 	0.0 	0.0 	0.0 	0.0	484.467023316	148.750593475	17.7274312879	
9.1	-1.11895518527e-05	-1.21673733516e-05	0.0 	0.0 	234.27892002 	0.0 	0.0 	0.0 	0.0 	0.0 	0.0 	0.0 	0.0 	0.0 	0.0	484.467023316	148.750593475	17.7274312879	
9.11666666667	-1.11895518527e-05	-1.21673733516e-05	0.0 	0.0 	234.27892002 	0.0 	0.0 	0.0 	0.0 	0.0 	0.0 	0.0 	0.0 	0.0 	0.0	484.467023316	148.750593475	17.7274312879	
9.13333333333	-1.11895518527e-05	-1.21673733516e-05	0.0 	0.0 	234.27892002 	0.0 	0.0 	0.0 	0.0 	0.0 	0.0 	0.0 	0.0 	0.0 	0.0	484.467023316	148.750593475	17.7274312879	
9.15	-1.11895518527e-05	-1.21673733516e-05	0.0 	0.0 	234.27892002 	0.0 	0.0 	0.0 	0.0 	0.0 	0.0 	0.0 	0.0 	0.0 	0.0	484.467023316	148.750593475	17.7274312879	
9.16666666667	-1.11895518527e-05	-1.21673733516e-05	0.0 	0.0 	234.27892002 	0.0 	0.0 	0.0 	0.0 	0.0 	0.0 	0.0 	0.0 	0.0 	0.0	484.467023316	148.750593475	17.7274312879	
9.18333333333	-1.11895518527e-05	-1.21673733516e-05	0.0 	0.0 	234.27892002 	0.0 	0.0 	0.0 	0.0 	0.0 	0.0 	0.0 	0.0 	0.0 	0.0	484.467023316	148.750593475	17.7274312879	
9.2	-1.11895518527e-05	-1.21673733516e-05	0.0 	0.0 	234.27892002 	0.0 	0.0 	0.0 	0.0 	0.0 	0.0 	0.0 	0.0 	0.0 	0.0	484.467023316	148.750593475	17.7274312879	
9.21666666667	-1.11895518527e-05	-1.21673733516e-05	0.0 	0.0 	234.27892002 	0.0 	0.0 	0.0 	0.0 	0.0 	0.0 	0.0 	0.0 	0.0 	0.0	484.467023316	148.750593475	17.7274312879	
9.23333333333	-1.11895518527e-05	-1.21673733516e-05	0.0 	0.0 	234.27892002 	0.0 	0.0 	0.0 	0.0 	0.0 	0.0 	0.0 	0.0 	0.0 	0.0	484.467023316	148.750593475	17.7274312879	
9.25	-1.11895518527e-05	-1.21673733516e-05	0.0 	0.0 	234.27892002 	0.0 	0.0 	0.0 	0.0 	0.0 	0.0 	0.0 	0.0 	0.0 	0.0	484.467023316	148.750593475	17.7274312879	
9.26666666667	-1.11895518527e-05	-1.21673733516e-05	0.0 	0.0 	234.27892002 	0.0 	0.0 	0.0 	0.0 	0.0 	0.0 	0.0 	0.0 	0.0 	0.0	484.467023316	148.750593475	17.7274312879	
9.28333333333	-1.11895518527e-05	-1.21673733516e-05	0.0 	0.0 	234.27892002 	0.0 	0.0 	0.0 	0.0 	0.0 	0.0 	0.0 	0.0 	0.0 	0.0	484.467023316	148.750593475	17.7274312879	
9.3	-1.11895518527e-05	-1.21673733516e-05	0.0 	0.0 	234.27892002 	0.0 	0.0 	0.0 	0.0 	0.0 	0.0 	0.0 	0.0 	0.0 	0.0	484.467023316	148.750593475	17.7274312879	
9.31666666667	-1.11895518527e-05	-1.21673733516e-05	0.0 	0.0 	234.27892002 	0.0 	0.0 	0.0 	0.0 	0.0 	0.0 	0.0 	0.0 	0.0 	0.0	484.467023316	148.750593475	17.7274312879	
9.33333333333	-1.11895518527e-05	-1.21673733516e-05	0.0 	0.0 	234.27892002 	0.0 	0.0 	0.0 	0.0 	0.0 	0.0 	0.0 	0.0 	0.0 	0.0	484.467023316	148.750593475	17.7274312879	
9.35	-1.11895518527e-05	-1.21673733516e-05	0.0 	0.0 	234.27892002 	0.0 	0.0 	0.0 	0.0 	0.0 	0.0 	0.0 	0.0 	0.0 	0.0	484.467023316	148.750593475	17.7274312879	
9.36666666667	-1.11895518527e-05	-1.21673733516e-05	0.0 	0.0 	234.27892002 	0.0 	0.0 	0.0 	0.0 	0.0 	0.0 	0.0 	0.0 	0.0 	0.0	484.467023316	148.750593475	17.7274312879	
9.38333333333	-1.11895518527e-05	-1.21673733516e-05	0.0 	0.0 	234.27892002 	0.0 	0.0 	0.0 	0.0 	0.0 	0.0 	0.0 	0.0 	0.0 	0.0	484.467023316	148.750593475	17.7274312879	
9.4	-1.11895518527e-05	-1.21673733516e-05	0.0 	0.0 	234.27892002 	0.0 	0.0 	0.0 	0.0 	0.0 	0.0 	0.0 	0.0 	0.0 	0.0	484.467023316	148.750593475	17.7274312879	
9.41666666667	-1.11895518527e-05	-1.21673733516e-05	0.0 	0.0 	234.27892002 	0.0 	0.0 	0.0 	0.0 	0.0 	0.0 	0.0 	0.0 	0.0 	0.0	484.467023316	148.750593475	17.7274312879	
9.43333333333	-1.11895518527e-05	-1.21673733516e-05	0.0 	0.0 	234.27892002 	0.0 	0.0 	0.0 	0.0 	0.0 	0.0 	0.0 	0.0 	0.0 	0.0	484.467023316	148.750593475	17.7274312879	
9.45	-1.11895518527e-05	-1.21673733516e-05	0.0 	0.0 	234.27892002 	0.0 	0.0 	0.0 	0.0 	0.0 	0.0 	0.0 	0.0 	0.0 	0.0	484.467023316	148.750593475	17.7274312879	
9.46666666667	-1.11895518527e-05	-1.21673733516e-05	0.0 	0.0 	234.27892002 	0.0 	0.0 	0.0 	0.0 	0.0 	0.0 	0.0 	0.0 	0.0 	0.0	484.467023316	148.750593475	17.7274312879	
9.48333333333	-1.11895518527e-05	-1.21673733516e-05	0.0 	0.0 	234.27892002 	0.0 	0.0 	0.0 	0.0 	0.0 	0.0 	0.0 	0.0 	0.0 	0.0	484.467023316	148.750593475	17.7274312879	
9.5	-1.11895518527e-05	-1.21673733516e-05	0.0 	0.0 	234.27892002 	0.0 	0.0 	0.0 	0.0 	0.0 	0.0 	0.0 	0.0 	0.0 	0.0	484.467023316	148.750593475	17.7274312879	
9.51666666667	-1.11895518527e-05	-1.21673733516e-05	0.0 	0.0 	234.27892002 	0.0 	0.0 	0.0 	0.0 	0.0 	0.0 	0.0 	0.0 	0.0 	0.0	484.467023316	148.750593475	17.7274312879	
9.53333333333	-1.11895518527e-05	-1.21673733516e-05	0.0 	0.0 	234.27892002 	0.0 	0.0 	0.0 	0.0 	0.0 	0.0 	0.0 	0.0 	0.0 	0.0	484.467023316	148.750593475	17.7274312879	
9.55	-1.11895518527e-05	-1.21673733516e-05	0.0 	0.0 	234.27892002 	0.0 	0.0 	0.0 	0.0 	0.0 	0.0 	0.0 	0.0 	0.0 	0.0	484.467023316	148.750593475	17.7274312879	
9.56666666667	-1.11895518527e-05	-1.21673733516e-05	0.0 	0.0 	234.27892002 	0.0 	0.0 	0.0 	0.0 	0.0 	0.0 	0.0 	0.0 	0.0 	0.0	484.467023316	148.750593475	17.7274312879	
9.58333333333	-1.11895518527e-05	-1.21673733516e-05	0.0 	0.0 	234.27892002 	0.0 	0.0 	0.0 	0.0 	0.0 	0.0 	0.0 	0.0 	0.0 	0.0	484.467023316	148.750593475	17.7274312879	
9.6	-1.11895518527e-05	-1.21673733516e-05	0.0 	0.0 	234.27892002 	0.0 	0.0 	0.0 	0.0 	0.0 	0.0 	0.0 	0.0 	0.0 	0.0	484.467023316	148.750593475	17.7274312879	
9.61666666667	-1.11895518527e-05	-1.21673733516e-05	0.0 	0.0 	234.27892002 	0.0 	0.0 	0.0 	0.0 	0.0 	0.0 	0.0 	0.0 	0.0 	0.0	484.467023316	148.750593475	17.7274312879	
9.63333333333	-1.11895518527e-05	-1.21673733516e-05	0.0 	0.0 	234.27892002 	0.0 	0.0 	0.0 	0.0 	0.0 	0.0 	0.0 	0.0 	0.0 	0.0	484.467023316	148.750593475	17.7274312879	
9.65	-1.11895518527e-05	-1.21673733516e-05	0.0 	0.0 	234.27892002 	0.0 	0.0 	0.0 	0.0 	0.0 	0.0 	0.0 	0.0 	0.0 	0.0	484.467023316	148.750593475	17.7274312879	
9.66666666667	-1.11895518527e-05	-1.21673733516e-05	0.0 	0.0 	234.27892002 	0.0 	0.0 	0.0 	0.0 	0.0 	0.0 	0.0 	0.0 	0.0 	0.0	484.467023316	148.750593475	17.7274312879	
9.68333333333	-1.11895518527e-05	-1.21673733516e-05	0.0 	0.0 	234.27892002 	0.0 	0.0 	0.0 	0.0 	0.0 	0.0 	0.0 	0.0 	0.0 	0.0	484.467023316	148.750593475	17.7274312879	
9.7	-1.11895518527e-05	-1.21673733516e-05	0.0 	0.0 	234.27892002 	0.0 	0.0 	0.0 	0.0 	0.0 	0.0 	0.0 	0.0 	0.0 	0.0	484.467023316	148.750593475	17.7274312879	
9.71666666667	-1.11895518527e-05	-1.21673733516e-05	0.0 	0.0 	234.27892002 	0.0 	0.0 	0.0 	0.0 	0.0 	0.0 	0.0 	0.0 	0.0 	0.0	484.467023316	148.750593475	17.7274312879	
9.73333333333	-1.11895518527e-05	-1.21673733516e-05	0.0 	0.0 	234.27892002 	0.0 	0.0 	0.0 	0.0 	0.0 	0.0 	0.0 	0.0 	0.0 	0.0	484.467023316	148.750593475	17.7274312879	
9.75	-1.11895518527e-05	-1.21673733516e-05	0.0 	0.0 	234.27892002 	0.0 	0.0 	0.0 	0.0 	0.0 	0.0 	0.0 	0.0 	0.0 	0.0	484.467023316	148.750593475	17.7274312879	
9.76666666667	-1.11895518527e-05	-1.21673733516e-05	0.0 	0.0 	234.27892002 	0.0 	0.0 	0.0 	0.0 	0.0 	0.0 	0.0 	0.0 	0.0 	0.0	484.467023316	148.750593475	17.7274312879	
9.78333333333	-1.11895518527e-05	-1.21673733516e-05	0.0 	0.0 	234.27892002 	0.0 	0.0 	0.0 	0.0 	0.0 	0.0 	0.0 	0.0 	0.0 	0.0	484.467023316	148.750593475	17.7274312879	
9.8	-1.11895518527e-05	-1.21673733516e-05	0.0 	0.0 	234.27892002 	0.0 	0.0 	0.0 	0.0 	0.0 	0.0 	0.0 	0.0 	0.0 	0.0	484.467023316	148.750593475	17.7274312879	
9.81666666667	-1.11895518527e-05	-1.21673733516e-05	0.0 	0.0 	234.27892002 	0.0 	0.0 	0.0 	0.0 	0.0 	0.0 	0.0 	0.0 	0.0 	0.0	484.467023316	148.750593475	17.7274312879	
9.83333333333	-1.11895518527e-05	-1.21673733516e-05	0.0 	0.0 	234.27892002 	0.0 	0.0 	0.0 	0.0 	0.0 	0.0 	0.0 	0.0 	0.0 	0.0	484.467023316	148.750593475	17.7274312879	
9.85	-1.11895518527e-05	-1.21673733516e-05	0.0 	0.0 	234.27892002 	0.0 	0.0 	0.0 	0.0 	0.0 	0.0 	0.0 	0.0 	0.0 	0.0	484.467023316	148.750593475	17.7274312879	
9.86666666667	-1.11895518527e-05	-1.21673733516e-05	0.0 	0.0 	234.27892002 	0.0 	0.0 	0.0 	0.0 	0.0 	0.0 	0.0 	0.0 	0.0 	0.0	484.467023316	148.750593475	17.7274312879	
9.88333333333	-1.11895518527e-05	-1.21673733516e-05	0.0 	0.0 	234.27892002 	0.0 	0.0 	0.0 	0.0 	0.0 	0.0 	0.0 	0.0 	0.0 	0.0	484.467023316	148.750593475	17.7274312879	
9.9	-1.11895518527e-05	-1.21673733516e-05	0.0 	0.0 	234.27892002 	0.0 	0.0 	0.0 	0.0 	0.0 	0.0 	0.0 	0.0 	0.0 	0.0	484.467023316	148.750593475	17.7274312879	
9.91666666667	-1.11895518527e-05	-1.21673733516e-05	0.0 	0.0 	234.27892002 	0.0 	0.0 	0.0 	0.0 	0.0 	0.0 	0.0 	0.0 	0.0 	0.0	484.467023316	148.750593475	17.7274312879	
9.93333333333	-1.11895518527e-05	-1.21673733516e-05	0.0 	0.0 	234.27892002 	0.0 	0.0 	0.0 	0.0 	0.0 	0.0 	0.0 	0.0 	0.0 	0.0	484.467023316	148.750593475	17.7274312879	
9.95	-1.11895518527e-05	-1.21673733516e-05	0.0 	0.0 	234.27892002 	0.0 	0.0 	0.0 	0.0 	0.0 	0.0 	0.0 	0.0 	0.0 	0.0	484.467023316	148.750593475	17.7274312879	
9.96666666667	-1.11895518527e-05	-1.21673733516e-05	0.0 	0.0 	234.27892002 	0.0 	0.0 	0.0 	0.0 	0.0 	0.0 	0.0 	0.0 	0.0 	0.0	484.467023316	148.750593475	17.7274312879	
9.98333333333	-1.11895518527e-05	-1.21673733516e-05	0.0 	0.0 	234.27892002 	0.0 	0.0 	0.0 	0.0 	0.0 	0.0 	0.0 	0.0 	0.0 	0.0	484.467023316	148.750593475	17.7274312879	
