0.0166666666667	0.0	0.0	0.0 	0.0 	60.2333333333 	14.0 	0.0 	0.0 	0.0 	0.0 	14.0 	0.0 	0.0 	0.0 	0.0	-1.57	140.0	-4.0	
0.0333333333333	0.0	0.0	0.0 	0.0 	60.4666666667 	14.0 	0.0 	0.0 	0.0 	-0.0 	14.0 	0.0 	0.0 	0.0 	0.0	-1.57	140.0	-4.0	
0.05	0.0	0.0	0.0 	0.0 	60.7 	14.0 	0.0 	0.0 	0.0 	-0.0 	14.0 	0.0 	0.0 	0.0 	0.0	-1.57	140.0	-4.0	
0.0666666666667	0.0	0.0	0.0 	0.0 	60.9333333333 	14.0 	0.0 	0.0 	0.0 	-0.0 	14.0 	0.0 	0.0 	0.0 	0.0	-1.57	140.0	-4.0	
0.0833333333333	0.0	0.0	0.0 	0.0 	61.1666666667 	14.0 	0.0 	0.0 	0.0 	-0.0 	14.0 	0.0 	0.0 	0.0 	0.0	-1.57	140.0	-4.0	
0.1	0.0	0.0	0.0 	0.0 	61.4 	14.0 	0.0 	0.0 	0.0 	-0.0 	14.0 	0.0 	0.0 	0.0 	0.0	-1.57	140.0	-4.0	
0.116666666667	0.0	0.0	0.0 	0.0 	61.6333333333 	14.0 	0.0 	0.0 	0.0 	-0.0 	14.0 	0.0 	0.0 	0.0 	0.0	-1.57	140.0	-4.0	
0.133333333333	0.0	0.0	0.0 	0.0 	61.8666666667 	14.0 	0.0 	0.0 	0.0 	-0.0 	14.0 	0.0 	0.0 	0.0 	0.0	-1.57	140.0	-4.0	
0.15	0.0	0.0	0.0 	0.0 	62.1 	14.0 	0.0 	0.0 	0.0 	-0.0 	14.0 	0.0 	0.0 	0.0 	0.0	-1.57	140.0	-4.0	
0.166666666667	0.0	0.0	0.0 	0.0 	62.3333333333 	14.0 	0.0 	0.0 	0.0 	-0.0 	14.0 	0.0 	0.0 	0.0 	0.0	-1.57	140.0	-4.0	
0.183333333333	0.0	0.0	0.0 	0.0 	62.5666666667 	14.0 	0.0 	0.0 	0.0 	-0.0 	14.0 	0.0 	0.0 	0.0 	0.0	-1.57	140.0	-4.0	
0.2	0.0	0.0	0.0 	0.0 	62.8 	14.0 	0.0 	0.0 	0.0 	-0.0 	14.0 	0.0 	0.0 	0.0 	0.0	-1.57	140.0	-4.0	
0.216666666667	0.0	0.0	0.0 	0.0 	63.0333333333 	14.0 	0.0 	0.0 	0.0 	-0.0 	14.0 	0.0 	0.0 	0.0 	0.0	-1.57	140.0	-4.0	
0.233333333333	0.0	0.0	0.0 	0.0 	63.2666666667 	14.0 	0.0 	0.0 	0.0 	-0.0 	14.0 	0.0 	0.0 	0.0 	0.0	-1.57	140.0	-4.0	
0.25	0.0	0.0	0.0 	0.0 	63.5 	14.0 	0.0 	0.0 	0.0 	-0.0 	14.0 	0.0 	0.0 	0.0 	0.0	-1.57	140.0	-4.0	
0.266666666667	0.0	0.0	0.0 	0.0 	63.7333333333 	14.0 	0.0 	0.0 	0.0 	-0.0 	14.0 	0.0 	0.0 	0.0 	0.0	-1.57	140.0	-4.0	
0.283333333333	0.0	0.0	0.0 	0.0 	63.9666666667 	14.0 	0.0 	0.0 	0.0 	-0.0 	14.0 	0.0 	0.0 	0.0 	0.0	-1.57	140.0	-4.0	
0.3	0.0	0.0	0.0 	0.0 	64.2 	14.0 	0.0 	0.0 	0.0 	-0.0 	14.0 	0.0 	0.0 	0.0 	0.0	-1.57	140.0	-4.0	
0.316666666667	0.0	0.0	0.0 	0.0 	64.4333333333 	14.0 	0.0 	0.0 	0.0 	-0.0 	14.0 	0.0 	0.0 	0.0 	0.0	-1.57	140.0	-4.0	
0.333333333333	0.0	0.0	0.0 	0.0 	64.6666666667 	14.0 	0.0 	0.0 	0.0 	-0.0 	14.0 	0.0 	0.0 	0.0 	0.0	-1.57	140.0	-4.0	
0.35	0.0	0.0	0.0 	0.0 	64.9 	14.0 	0.0 	0.0 	0.0 	-0.0 	14.0 	0.0 	0.0 	0.0 	0.0	-1.57	140.0	-4.0	
0.366666666667	0.0	0.0	0.0 	0.0 	65.1333333333 	14.0 	0.0 	0.0 	0.0 	-0.0 	14.0 	0.0 	0.0 	0.0 	0.0	-1.57	140.0	-4.0	
0.383333333333	0.0	0.0	0.0 	0.0 	65.3666666667 	14.0 	0.0 	0.0 	0.0 	-0.0 	14.0 	0.0 	0.0 	0.0 	0.0	-1.57	140.0	-4.0	
0.4	0.0	0.0	0.0 	0.0 	65.6 	14.0 	0.0 	0.0 	0.0 	-0.0 	14.0 	0.0 	0.0 	0.0 	0.0	-1.57	140.0	-4.0	
0.416666666667	0.0	0.0	0.0 	0.0 	65.8333333333 	14.0 	0.0 	0.0 	0.0 	-0.0 	14.0 	0.0 	0.0 	0.0 	0.0	-1.57	140.0	-4.0	
0.433333333333	0.0	0.0	0.0 	0.0 	66.0666666667 	14.0 	0.0 	0.0 	0.0 	-0.0 	14.0 	0.0 	0.0 	0.0 	0.0	-1.57	140.0	-4.0	
0.45	0.0	0.0	0.0 	0.0 	66.3 	14.0 	0.0 	0.0 	0.0 	-0.0 	14.0 	0.0 	0.0 	0.0 	0.0	-1.57	140.0	-4.0	
0.466666666667	0.0	0.0	0.0 	0.0 	66.5333333333 	14.0 	0.0 	0.0 	0.0 	-0.0 	14.0 	0.0 	0.0 	0.0 	0.0	-1.57	140.0	-4.0	
0.483333333333	0.0	0.0	0.0 	0.0 	66.7666666667 	14.0 	0.0 	0.0 	0.0 	-0.0 	14.0 	0.0 	0.0 	0.0 	0.0	-1.57	140.0	-4.0	
0.5	0.0	0.0	0.0 	0.0 	67.0 	14.0 	0.0 	0.0 	0.0 	-0.0 	14.0 	0.0 	0.0 	0.0 	0.0	-1.57	140.0	-4.0	
0.516666666667	0.0	0.0	0.0 	0.0 	67.2333333333 	14.0 	0.0 	0.0 	0.0 	-0.0 	14.0 	0.0 	0.0 	0.0 	0.0	-1.57	140.0	-4.0	
0.533333333333	0.0	0.0	0.0 	0.0 	67.4666666667 	14.0 	0.0 	0.0 	0.0 	-0.0 	14.0 	0.0 	0.0 	0.0 	0.0	-1.57	140.0	-4.0	
0.55	0.0	0.0	0.0 	0.0 	67.7 	14.0 	0.0 	0.0 	0.0 	-0.0 	14.0 	0.0 	0.0 	0.0 	0.0	-1.57	140.0	-4.0	
0.566666666667	0.0	0.0	0.0 	0.0 	67.9333333333 	14.0 	0.0 	0.0 	0.0 	-0.0 	14.0 	0.0 	0.0 	0.0 	0.0	-1.57	140.0	-4.0	
0.583333333333	0.0	0.0	0.0 	0.0 	68.1666666667 	14.0 	0.0 	0.0 	0.0 	-0.0 	14.0 	0.0 	0.0 	0.0 	0.0	-1.57	140.0	-4.0	
0.6	0.0	0.0	0.0 	0.0 	68.4 	14.0 	0.0 	0.0 	0.0 	-0.0 	14.0 	0.0 	0.0 	0.0 	0.0	-1.57	140.0	-4.0	
0.616666666667	0.0	0.0	0.0 	0.0 	68.6333333333 	14.0 	0.0 	0.0 	0.0 	-0.0 	14.0 	0.0 	0.0 	0.0 	0.0	-1.57	140.0	-4.0	
0.633333333333	0.0	0.0	0.0 	0.0 	68.8666666667 	14.0 	0.0 	0.0 	0.0 	-0.0 	14.0 	0.0 	0.0 	0.0 	0.0	-1.57	140.0	-4.0	
0.65	0.0	0.0	0.0 	0.0 	69.1 	14.0 	0.0 	0.0 	0.0 	-0.0 	14.0 	0.0 	0.0 	0.0 	0.0	-1.57	140.0	-4.0	
0.666666666667	0.0	0.0	0.0 	0.0 	69.3333333333 	14.0 	0.0 	0.0 	0.0 	-0.0 	14.0 	0.0 	0.0 	0.0 	0.0	-1.57	140.0	-4.0	
0.683333333333	0.0	0.0	0.0 	0.0 	69.5666666667 	14.0 	0.0 	0.0 	0.0 	-0.0 	14.0 	0.0 	0.0 	0.0 	0.0	-1.57	140.0	-4.0	
0.7	0.0	0.0	0.0 	0.0 	69.8 	14.0 	0.0 	0.0 	0.0 	-0.0 	14.0 	0.0 	0.0 	0.0 	0.0	-1.57	140.0	-4.0	
0.716666666667	0.0	0.0	0.0 	0.0 	70.0333333333 	14.0 	0.0 	0.0 	0.0 	-0.0 	14.0 	0.0 	0.0 	0.0 	0.0	-1.57	140.0	-4.0	
0.733333333333	0.0	0.0	0.0 	0.0 	70.2666666667 	14.0 	0.0 	0.0 	0.0 	-0.0 	14.0 	0.0 	0.0 	0.0 	0.0	-1.57	140.0	-4.0	
0.75	0.0	0.0	0.0 	0.0 	70.5 	14.0 	0.0 	0.0 	0.0 	-0.0 	14.0 	0.0 	0.0 	0.0 	0.0	-1.57	140.0	-4.0	
0.766666666667	0.0	0.0	0.0 	0.0 	70.7333333333 	14.0 	0.0 	0.0 	0.0 	-0.0 	14.0 	0.0 	0.0 	0.0 	0.0	-1.57	140.0	-4.0	
0.783333333333	0.0	0.0	0.0 	0.0 	70.9666666667 	14.0 	0.0 	0.0 	0.0 	-0.0 	14.0 	0.0 	0.0 	0.0 	0.0	-1.57	140.0	-4.0	
0.8	0.0	0.0	0.0 	0.0 	71.2 	14.0 	0.0 	0.0 	0.0 	-0.0 	14.0 	0.0 	0.0 	0.0 	0.0	-1.57	140.0	-4.0	
0.816666666667	0.0	0.0	0.0 	0.0 	71.4333333333 	14.0 	0.0 	0.0 	0.0 	-0.0 	14.0 	0.0 	0.0 	0.0 	0.0	-1.57	140.0	-4.0	
0.833333333333	0.0	0.0	0.0 	0.0 	71.6666666667 	14.0 	0.0 	0.0 	0.0 	-0.0 	14.0 	0.0 	0.0 	0.0 	0.0	-1.57	140.0	-4.0	
0.85	0.0	0.0	0.0 	0.0 	71.9 	14.0 	0.0 	0.0 	0.0 	-0.0 	14.0 	0.0 	0.0 	0.0 	0.0	-1.57	140.0	-4.0	
0.866666666667	0.0	0.0	0.0 	0.0 	72.1333333333 	14.0 	0.0 	0.0 	0.0 	-0.0 	14.0 	0.0 	0.0 	0.0 	0.0	-1.57	140.0	-4.0	
0.883333333333	0.0	0.0	0.0 	0.0 	72.3666666667 	14.0 	0.0 	0.0 	0.0 	-0.0 	14.0 	0.0 	0.0 	0.0 	0.0	-1.57	140.0	-4.0	
0.9	0.0	0.0	0.0 	0.0 	72.6 	14.0 	0.0 	0.0 	0.0 	-0.0 	14.0 	0.0 	0.0 	0.0 	0.0	-1.57	140.0	-4.0	
0.916666666667	0.0	0.0	0.0 	0.0 	72.8333333333 	14.0 	0.0 	0.0 	0.0 	-0.0 	14.0 	0.0 	0.0 	0.0 	0.0	-1.57	140.0	-4.0	
0.933333333333	0.0	0.0	0.0 	0.0 	73.0666666667 	14.0 	0.0 	0.0 	0.0 	-0.0 	14.0 	0.0 	0.0 	0.0 	0.0	-1.57	140.0	-4.0	
0.95	0.0	0.0	0.0 	0.0 	73.3 	14.0 	0.0 	0.0 	0.0 	-0.0 	14.0 	0.0 	0.0 	0.0 	0.0	-1.57	140.0	-4.0	
0.966666666667	0.0	0.0	0.0 	0.0 	73.5333333333 	14.0 	0.0 	0.0 	0.0 	-0.0 	14.0 	0.0 	0.0 	0.0 	0.0	-1.57	140.0	-4.0	
0.983333333333	0.0	0.0	0.0 	0.0 	73.7666666667 	14.0 	0.0 	0.0 	0.0 	-0.0 	14.0 	0.0 	0.0 	0.0 	0.0	-1.57	140.0	-4.0	
1.0	0.0	0.0	0.0 	0.0 	74.0 	14.0 	0.0 	0.0 	0.0 	-0.0 	14.0 	0.0 	0.0 	0.0 	0.0	-1.57	140.0	-4.0	
1.01666666667	0.0	0.0	0.0 	0.0 	74.2333333333 	14.0 	0.0 	0.0 	0.0 	-0.0 	14.0 	0.0 	0.0 	0.0 	0.0	-1.57	140.0	-4.0	
1.03333333333	0.0	0.0	0.0 	0.0 	74.4666666667 	14.0 	0.0 	0.0 	0.0 	-0.0 	14.0 	0.0 	0.0 	0.0 	0.0	-1.57	140.0	-4.0	
1.05	0.0	0.0	0.0 	0.0 	74.7 	14.0 	0.0 	0.0 	0.0 	-0.0 	14.0 	0.0 	0.0 	0.0 	0.0	-1.57	140.0	-4.0	
1.06666666667	0.0	0.0	0.0 	0.0 	74.9333333333 	14.0 	0.0 	0.0 	0.0 	-0.0 	14.0 	0.0 	0.0 	0.0 	0.0	-1.57	140.0	-4.0	
1.08333333333	0.0	0.0	0.0 	0.0 	75.1666666667 	14.0 	0.0 	0.0 	0.0 	-0.0 	14.0 	0.0 	0.0 	0.0 	0.0	-1.57	140.0	-4.0	
1.1	0.0	0.0	0.0 	0.0 	75.4 	14.0 	0.0 	0.0 	0.0 	-0.0 	14.0 	0.0 	0.0 	0.0 	0.0	-1.57	140.0	-4.0	
1.11666666667	0.0	0.0	0.0 	0.0 	75.6333333333 	14.0 	0.0 	0.0 	0.0 	-0.0 	14.0 	0.0 	0.0 	0.0 	0.0	-1.57	140.0	-4.0	
1.13333333333	0.0	0.0	0.0 	0.0 	75.8666666667 	14.0 	0.0 	0.0 	0.0 	-0.0 	14.0 	0.0 	0.0 	0.0 	0.0	-1.57	140.0	-4.0	
1.15	0.0	0.0	0.0 	0.0 	76.1 	14.0 	0.0 	0.0 	0.0 	-0.0 	14.0 	0.0 	0.0 	0.0 	0.0	-1.57	140.0	-4.0	
1.16666666667	0.0	0.0	0.0 	0.0 	76.3333333333 	14.0 	0.0 	0.0 	0.0 	-0.0 	14.0 	0.0 	0.0 	0.0 	0.0	-1.57	140.0	-4.0	
1.18333333333	0.0	0.0	0.0 	0.0 	76.5666666667 	14.0 	0.0 	0.0 	0.0 	-0.0 	14.0 	0.0 	0.0 	0.0 	0.0	-1.57	140.0	-4.0	
1.2	0.0	0.0	0.0 	0.0 	76.8 	14.0 	0.0 	0.0 	0.0 	-0.0 	14.0 	0.0 	0.0 	0.0 	0.0	-1.57	140.0	-4.0	
1.21666666667	0.0	0.0	0.0 	0.0 	77.0333333333 	14.0 	0.0 	0.0 	0.0 	-0.0 	14.0 	0.0 	0.0 	0.0 	0.0	-1.57	140.0	-4.0	
1.23333333333	0.0	0.0	0.0 	0.0 	77.2666666667 	14.0 	0.0 	0.0 	0.0 	-0.0 	14.0 	0.0 	0.0 	0.0 	0.0	-1.57	140.0	-4.0	
1.25	0.0	0.0	0.0 	0.0 	77.5 	14.0 	0.0 	0.0 	0.0 	-0.0 	14.0 	0.0 	0.0 	0.0 	0.0	-1.57	140.0	-4.0	
1.26666666667	0.0	0.0	0.0 	0.0 	77.7333333333 	14.0 	0.0 	0.0 	0.0 	-0.0 	14.0 	0.0 	0.0 	0.0 	0.0	-1.57	140.0	-4.0	
1.28333333333	0.0	0.0	0.0 	0.0 	77.9666666667 	14.0 	0.0 	0.0 	0.0 	-0.0 	14.0 	0.0 	0.0 	0.0 	0.0	-1.57	140.0	-4.0	
1.3	0.0	0.0	0.0 	0.0 	78.2 	14.0 	0.0 	0.0 	0.0 	-0.0 	14.0 	0.0 	0.0 	0.0 	0.0	-1.57	140.0	-4.0	
1.31666666667	0.0	0.0	0.0 	0.0 	78.4333333333 	14.0 	0.0 	0.0 	0.0 	-0.0 	14.0 	0.0 	0.0 	0.0 	0.0	-1.57	140.0	-4.0	
1.33333333333	0.0	0.0	0.0 	0.0 	78.6666666667 	14.0 	0.0 	0.0 	0.0 	-0.0 	14.0 	0.0 	0.0 	0.0 	0.0	-1.57	140.0	-4.0	
1.35	0.0	0.0	0.0 	0.0 	78.9 	14.0 	0.0 	0.0 	0.0 	-0.0 	14.0 	0.0 	0.0 	0.0 	0.0	-1.57	140.0	-4.0	
1.36666666667	0.0	0.0	0.0 	0.0 	79.1333333333 	14.0 	0.0 	0.0 	0.0 	-0.0 	14.0 	0.0 	0.0 	0.0 	0.0	-1.57	140.0	-4.0	
1.38333333333	0.0	0.0	0.0 	0.0 	79.3666666667 	14.0 	0.0 	0.0 	0.0 	-0.0 	14.0 	0.0 	0.0 	0.0 	0.0	-1.57	140.0	-4.0	
1.4	0.0	0.0	0.0 	0.0 	79.6 	14.0 	0.0 	0.0 	0.0 	-0.0 	14.0 	0.0 	0.0 	0.0 	0.0	-1.57	140.0	-4.0	
1.41666666667	0.0	0.0	0.0 	0.0 	79.8333333333 	14.0 	0.0 	0.0 	0.0 	-0.0 	14.0 	0.0 	0.0 	0.0 	0.0	-1.57	140.0	-4.0	
1.43333333333	0.0	0.0	0.0 	0.0 	80.0666666667 	14.0 	0.0 	0.0 	0.0 	-0.0 	14.0 	0.0 	0.0 	0.0 	0.111111111111	-1.57	139.998148149	-3.99999852532	
1.45	0.0	0.0	0.0 	0.0 	80.3 	14.0 	0.0 	0.0 	0.0 	-0.0 	14.0 	0.0 	0.0 	0.0 	0.21975308642	-1.57	139.994485598	-3.99999560873	
1.46666666667	3.16672915269e-07	8.11474345377e-08	0.0 	0.0 	80.5325158333 	13.9019 	0.0 	0.0 	0.0 	0.0 	13.95095 	-5.88599999975 	0.0 	0.0 	0.32598079561	-1.57	139.989052587	-3.99999128228	
1.48333333333	3.16672915269e-07	1.51396867577e-07	0.0 	0.0 	80.7633966667 	13.8038 	0.0 	0.0 	0.0 	0.0 	13.85285 	-5.88599999975 	0.0 	0.0 	0.429847889041	-1.57	139.981888458	-3.99998557729	
1.5	3.16672915269e-07	2.11005054673e-07	0.0 	0.0 	80.9926425 	13.7057 	0.0 	0.0 	0.0 	0.0 	13.75475 	-5.88599999975 	0.0 	0.0 	0.53140682484	-1.57	139.97303168	-3.9999785244	
1.51666666667	3.16672915269e-07	2.60503520316e-07	0.0 	0.0 	81.2202533333 	13.6076 	0.0 	0.0 	0.0 	0.0 	13.65665 	-5.88599999975 	0.0 	0.0 	0.630708895399	-1.57	139.962519869	-3.99997015356	
1.53333333333	3.16672915269e-07	3.00620124782e-07	0.0 	0.0 	81.4462291667 	13.5095 	0.0 	0.0 	0.0 	0.0 	13.55855 	-5.88599999975 	0.0 	0.0 	0.72780425328	-1.57	139.950389801	-3.99996049406	
1.55	3.16672915269e-07	3.32212142946e-07	0.0 	0.0 	81.67057 	13.4114 	0.0 	0.0 	0.0 	0.0 	13.46045 	-5.88599999975 	0.0 	0.0 	0.82274193654	-1.57	139.93667744	-3.99994957454	
1.56666666667	2.13007419603e-06	8.20894434352e-07	0.0 	0.0 	81.8932758333 	13.3133000002 	0.0 	0.0 	0.0 	0.0 	13.3623500001 	-5.88599999055 	0.0 	0.0 	0.915569893506	-1.57	139.921417947	-3.99993742299	
1.58333333333	2.13007419603e-06	1.24053507774e-06	0.0 	0.0 	82.1143466667 	13.2152000003 	0.0 	0.0 	0.0 	0.0 	13.2642500003 	-5.88599999055 	0.0 	0.0 	1.00633500698	-1.57	139.904645702	-3.9999240668	
1.6	2.13007419603e-06	1.59355467382e-06	0.0 	0.0 	82.3337825 	13.1171000005 	0.0 	0.0 	0.0 	0.0 	13.1661500004 	-5.88599999055 	0.0 	0.0 	1.09508311794	-1.57	139.886394323	-3.99990953274	
1.61666666667	2.13007419603e-06	1.88391109585e-06	0.0 	0.0 	82.5515833334 	13.0190000007 	0.0 	0.0 	0.0 	0.0 	13.0680500006 	-5.88599999055 	0.0 	0.0 	1.18185904865	-1.57	139.866696678	-3.99989384697	
1.63333333333	2.13007419603e-06	2.1166299198e-06	0.0 	0.0 	82.7677491667 	12.9209000008 	0.0 	0.0 	0.0 	0.0 	12.9699500007 	-5.88599999055 	0.0 	0.0 	1.26670662535	-1.57	139.845584908	-3.9998770351	
1.65	2.13007419603e-06	2.29740714199e-06	0.0 	0.0 	82.9822800001 	12.822800001 	0.0 	0.0 	0.0 	0.0 	12.8718500009 	-5.88599999055 	0.0 	0.0 	1.34966870034	-1.57	139.823090436	-3.99985912214	
1.66666666667	-7.96101667683e-07	1.68244776956e-06	0.0 	0.0 	83.1951758334 	12.724700001 	0.0 	0.0 	0.0 	0.0 	12.773750001 	-5.8859999989 	0.0 	0.0 	1.43078717367	-1.57	139.799243991	-3.99984013258	
1.68333333333	-7.96101667683e-07	1.128399586e-06	0.0 	0.0 	83.4064366668 	12.626600001 	0.0 	0.0 	0.0 	0.0 	12.675650001 	-5.8859999989 	0.0 	0.0 	1.51010301425	-1.57	139.774075615	-3.99982009032	
1.7	-7.96101667683e-07	6.38871579574e-07	0.0 	0.0 	83.6160625001 	12.528500001 	0.0 	0.0 	0.0 	0.0 	12.577550001 	-5.8859999989 	0.0 	0.0 	1.5876562806	-1.57	139.747614686	-3.99979901877	
1.71666666667	-7.96101667683e-07	2.14644460614e-07	0.0 	0.0 	83.8240533335 	12.430400001 	0.0 	0.0 	0.0 	0.0 	12.479450001 	-5.8859999989 	0.0 	0.0 	1.66348614103	-1.57	139.719889926	-3.9997769408	
1.73333333333	-7.96101667683e-07	-1.45717373089e-07	0.0 	0.0 	84.0304091668 	12.3323000011 	0.0 	0.0 	0.0 	-0.0 	12.3813500011 	-5.8859999989 	0.0 	0.0 	1.73763089345	-1.57	139.69092942	-3.99975387876	
1.75	-7.96101667683e-07	-4.45322303416e-07	0.0 	0.0 	84.2351300002 	12.2342000011 	0.0 	0.0 	0.0 	-0.0 	12.2832500011 	-5.8859999989 	0.0 	0.0 	1.81012798471	-1.57	139.66076063	-3.99972985454	
1.76666666667	-7.96101667683e-07	-6.88477979552e-07	0.0 	0.0 	84.4382158335 	12.1361000011 	0.0 	0.0 	0.0 	-0.0 	12.1851500011 	-5.8859999989 	0.0 	0.0 	1.88101402949	-1.57	139.629410406	-3.99970488951	
1.78333333333	-1.09227470527e-06	-9.56181209692e-07	0.0 	0.0 	84.6396666669 	12.0380000011 	0.0 	0.0 	0.0 	-0.0 	12.0870500011 	-5.88599999833 	0.0 	0.0 	1.95032482884	-1.57	139.596905002	-3.99967900458	
1.8	-1.09227470527e-06	-1.16790413479e-06	0.0 	0.0 	84.8394825002 	11.9399000012 	0.0 	0.0 	0.0 	-0.0 	11.9889500011 	-5.88599999833 	0.0 	0.0 	2.0180953882	-1.57	139.56327009	-3.9996522202	
1.81666666667	-1.09227470527e-06	-1.32962598206e-06	0.0 	0.0 	85.0376633336 	11.8418000012 	0.0 	0.0 	0.0 	-0.0 	11.8908500012 	-5.88599999833 	0.0 	0.0 	2.08435993513	-1.57	139.528530769	-3.99962455634	
1.83333333333	-1.09227470527e-06	-1.4475431863e-06	0.0 	0.0 	85.2342091669 	11.7437000012 	0.0 	0.0 	0.0 	-0.0 	11.7927500012 	-5.88599999833 	0.0 	0.0 	2.14915193657	-1.57	139.492711581	-3.99959603255	
1.85	-1.09227470527e-06	-1.52782687956e-06	0.0 	0.0 	85.4291200003 	11.6456000012 	0.0 	0.0 	0.0 	-0.0 	11.6946500012 	-5.88599999833 	0.0 	0.0 	2.21250411576	-1.57	139.455836524	-3.99956666795	
1.86666666667	-1.09227470527e-06	-1.57643573638e-06	0.0 	0.0 	85.6223958336 	11.5475000013 	0.0 	0.0 	0.0 	-0.0 	11.5965500013 	-5.88599999833 	0.0 	0.0 	2.27444846874	-1.57	139.417929062	-3.99953648122	
1.88333333333	2.77135415682e-07	-1.24806622471e-06	0.0 	0.0 	85.814036667 	11.4494000013 	0.0 	0.0 	0.0 	-0.0 	11.4984500013 	-5.88599999991 	0.0 	0.0 	2.33501628055	-1.57	139.379012136	-3.99950549062	
1.9	2.77135415682e-07	-9.45917301894e-07	0.0 	0.0 	86.0040425003 	11.3513000013 	0.0 	0.0 	0.0 	-0.0 	11.4003500013 	-5.88599999991 	0.0 	0.0 	2.39423814098	-1.57	139.33910818	-3.99947371402	
1.91666666667	2.77135415682e-07	-6.73531489291e-07	0.0 	0.0 	86.1924133337 	11.2532000013 	0.0 	0.0 	0.0 	-0.0 	11.3022500013 	-5.88599999991 	0.0 	0.0 	2.45214396007	-1.57	139.298239127	-3.99944116889	
1.93333333333	2.77135415682e-07	-4.32724143743e-07	0.0 	0.0 	86.379149167 	11.1551000013 	0.0 	0.0 	0.0 	-0.0 	11.2041500013 	-5.88599999991 	0.0 	0.0 	2.50876298318	-1.57	139.256426423	-3.99940787231	
1.95	2.77135415682e-07	-2.23915339711e-07	0.0 	0.0 	86.5642500004 	11.0570000013 	0.0 	0.0 	0.0 	-0.0 	11.1060500013 	-5.88599999991 	0.0 	0.0 	2.56412380577	-1.57	139.21369104	-3.99937384097	
1.96666666667	2.77135415682e-07	-4.64306804808e-08	0.0 	0.0 	86.7477158338 	10.9589000013 	0.0 	0.0 	0.0 	-0.0 	11.0079500013 	-5.88599999991 	0.0 	0.0 	2.61825438787	-1.57	139.170053481	-3.99933909121	
1.98333333333	3.0195967509e-07	1.07592587401e-07	0.0 	0.0 	86.9295466671 	10.8608000013 	0.0 	0.0 	0.0 	0.0 	10.9098500013 	-5.88599999992 	0.0 	0.0 	2.67118206814	-1.57	139.125533794	-3.99930363898	
2.0	3.0195967509e-07	2.330345915e-07	0.0 	0.0 	87.1097425005 	10.7627000013 	0.0 	0.0 	0.0 	0.0 	10.8117500013 	-5.88599999992 	0.0 	0.0 	2.72293357773	-1.57	139.080151582	-3.9992674999	
2.01666666667	3.0195967509e-07	3.32406053539e-07	0.0 	0.0 	87.2883033338 	10.6646000013 	0.0 	0.0 	0.0 	0.0 	10.7136500013 	-5.88599999992 	0.0 	0.0 	2.77353505378	-1.57	139.033926012	-3.99923068924	
2.03333333333	3.0195967509e-07	4.08467487292e-07	0.0 	0.0 	87.4652291672 	10.5665000013 	0.0 	0.0 	0.0 	0.0 	10.6155500013 	-5.88599999992 	0.0 	0.0 	2.82301205259	-1.57	138.986875826	-3.9991932219	
2.05	3.0195967509e-07	4.6408672932e-07	0.0 	0.0 	87.6405200005 	10.4684000013 	0.0 	0.0 	0.0 	0.0 	10.5174500013 	-5.88599999992 	0.0 	0.0 	2.87138956253	-1.57	138.939019349	-3.9991551125	
2.06666666667	3.0195967509e-07	5.02125171447e-07	0.0 	0.0 	87.8141758339 	10.3703000013 	0.0 	0.0 	0.0 	0.0 	10.4193500013 	-5.88599999992 	0.0 	0.0 	2.9186920167	-1.57	138.890374497	-3.99911637529	
2.08333333333	4.06825793232e-06	1.49046372075e-06	0.0 	0.0 	87.9861966672 	10.2722000015 	0.0 	0.0 	0.0 	0.0 	10.3212500014 	-5.88599998768 	0.0 	0.0 	2.96494330521	-1.57	138.840958791	-3.99907702423	
2.1	4.06825793232e-06	2.33698216557e-06	0.0 	0.0 	88.1565825006 	10.1741000017 	0.0 	0.0 	0.0 	0.0 	10.2231500016 	-5.88599998768 	0.0 	0.0 	3.01016678732	-1.57	138.790789361	-3.99903707296	
2.11666666667	4.06825793232e-06	3.04713632802e-06	0.0 	0.0 	88.325333334 	10.0760000019 	0.0 	0.0 	0.0 	0.0 	10.1250500018 	-5.88599998768 	0.0 	0.0 	3.05438530316	-1.57	138.739882955	-3.99899653482	
2.13333333333	4.06825793232e-06	3.62941585405e-06	0.0 	0.0 	88.4924491673 	9.9779000021 	0.0 	0.0 	0.0 	0.0 	10.026950002 	-5.88599998768 	0.0 	0.0 	3.09762118531	-1.57	138.688255952	-3.99895542285	
2.15	4.06825793232e-06	4.09439630167e-06	0.0 	0.0 	88.6579300007 	9.87980000231 	0.0 	0.0 	0.0 	0.0 	9.92885000221 	-5.88599998768 	0.0 	0.0 	3.13989627008	-1.57	138.635924364	-3.99891374979	
2.16666666667	4.06825793232e-06	4.45393932453e-06	0.0 	0.0 	88.8217758341 	9.78170000251 	0.0 	0.0 	0.0 	0.0 	9.83075000241 	-5.88599998768 	0.0 	0.0 	3.18123190852	-1.57	138.582903849	-3.99887152813	
2.18333333333	4.06825793232e-06	4.72053262374e-06	0.0 	0.0 	88.9839866674 	9.68360000272 	0.0 	0.0 	0.0 	0.0 	9.73265000262 	-5.88599998768 	0.0 	0.0 	3.22164897722	-1.57	138.529209716	-3.99882877004	
2.2	-5.05794494759e-08	3.85130676744e-06	0.0 	0.0 	89.1445625008 	9.58550000272 	0.0 	0.0 	0.0 	0.0 	9.63455000272 	-5.886 	0.0 	0.0 	3.26116788884	-1.57	138.474856935	-3.99878548745	
2.21666666667	-5.05794494759e-08	3.05572278453e-06	0.0 	0.0 	89.3035033342 	9.48740000272 	0.0 	0.0 	0.0 	0.0 	9.53645000272 	-5.886 	0.0 	0.0 	3.29980860242	-1.57	138.419860143	-3.99874169203	
2.23333333333	-5.05794494759e-08	2.34207325296e-06	0.0 	0.0 	89.4608091676 	9.38930000272 	0.0 	0.0 	0.0 	0.0 	9.43835000272 	-5.886 	0.0 	0.0 	3.33759063348	-1.57	138.36423365	-3.99869739515	
2.25	-5.05794494759e-08	1.71422446904e-06	0.0 	0.0 	89.616480001 	9.29120000272 	0.0 	0.0 	0.0 	0.0 	9.34025000272 	-5.886 	0.0 	0.0 	3.37453306385	-1.57	138.30799145	-3.99865260797	
2.26666666667	-5.05794494759e-08	1.17249153905e-06	0.0 	0.0 	89.7705158343 	9.19310000272 	0.0 	0.0 	0.0 	0.0 	9.24215000272 	-5.886 	0.0 	0.0 	3.41065455132	-1.57	138.251147225	-3.99860734138	
2.28333333333	-5.05794494759e-08	7.14427549916e-07	0.0 	0.0 	89.9229166677 	9.09500000272 	0.0 	0.0 	0.0 	0.0 	9.14405000272 	-5.886 	0.0 	0.0 	3.44597333907	-1.57	138.193714355	-3.99856160604	
2.3	-5.05794494759e-08	3.35521489606e-07	0.0 	0.0 	90.0736825011 	8.99690000272 	0.0 	0.0 	0.0 	0.0 	9.04595000272 	-5.886 	0.0 	0.0 	3.48050726486	-1.57	138.135705919	-3.99851541236	
2.31666666667	-3.4005128274e-07	-4.43735187538e-08	0.0 	0.0 	90.2228133345 	8.89880000272 	0.0 	0.0 	0.0 	-0.0 	8.94785000272 	-5.88599999995 	0.0 	0.0 	3.51427377009	-1.57	138.077134708	-3.99846877052	
2.33333333333	-3.4005128274e-07	-3.48032080358e-07	0.0 	0.0 	90.3703091679 	8.80070000272 	0.0 	0.0 	0.0 	-0.0 	8.84975000272 	-5.88599999995 	0.0 	0.0 	3.54728990853	-1.57	138.018013228	-3.99842169049	
2.35	-3.4005128274e-07	-5.83118065675e-07	0.0 	0.0 	90.5161700012 	8.70260000272 	0.0 	0.0 	0.0 	-0.0 	8.75165000272 	-5.88599999995 	0.0 	0.0 	3.57957235501	-1.57	137.958353708	-3.99837418201	
2.36666666667	-3.4005128274e-07	-7.57713867329e-07	0.0 	0.0 	90.6603958346 	8.60450000272 	0.0 	0.0 	0.0 	-0.0 	8.65355000272 	-5.88599999995 	0.0 	0.0 	3.61113741379	-1.57	137.898168103	-3.99832625459	
2.38333333333	-3.4005128274e-07	-8.79973657843e-07	0.0 	0.0 	90.802986668 	8.50640000272 	0.0 	0.0 	0.0 	-0.0 	8.55545000272 	-5.88599999995 	0.0 	0.0 	3.64200102681	-1.57	137.837468105	-3.99827791754	
2.4	-3.4005128274e-07	-9.57852421269e-07	0.0 	0.0 	90.9439425014 	8.40830000272 	0.0 	0.0 	0.0 	-0.0 	8.45735000272 	-5.88599999995 	0.0 	0.0 	3.67217878177	-1.57	137.776265145	-3.99822917998	
2.41666666667	-7.44124142629e-07	-1.10244584769e-06	0.0 	0.0 	91.0832633347 	8.31020000273 	0.0 	0.0 	0.0 	-0.0 	8.35925000273 	-5.88599999982 	0.0 	0.0 	3.70168591996	-1.57	137.714570399	-3.99818005079	
2.43333333333	-7.44124142629e-07	-1.20330819989e-06	0.0 	0.0 	91.2209491681 	8.21210000273 	0.0 	0.0 	0.0 	-0.0 	8.26115000273 	-5.88599999982 	0.0 	0.0 	3.73053734396	-1.57	137.652394797	-3.99813053868	
2.45	-7.44124142629e-07	-1.26712702105e-06	0.0 	0.0 	91.3570000015 	8.11400000273 	0.0 	0.0 	0.0 	-0.0 	8.16305000273 	-5.88599999982 	0.0 	0.0 	3.7587476252	-1.57	137.589749023	-3.99808065216	
2.46666666667	-7.44124142629e-07	-1.3002427675e-06	0.0 	0.0 	91.4914158349 	8.01590000274 	0.0 	0.0 	0.0 	-0.0 	8.06495000273 	-5.88599999982 	0.0 	0.0 	3.78633101131	-1.57	137.526643526	-3.99803039955	
2.48333333333	-7.44124142629e-07	-1.30852876397e-06	0.0 	0.0 	91.6241966683 	7.91780000274 	0.0 	0.0 	0.0 	-0.0 	7.96685000274 	-5.88599999982 	0.0 	0.0 	3.81330143328	-1.57	137.463088522	-3.99797978899	
2.5	-7.44124142629e-07	-1.29731276682e-06	0.0 	0.0 	91.7553425016 	7.81970000274 	0.0 	0.0 	0.0 	-0.0 	7.86875000274 	-5.88599999982 	0.0 	0.0 	3.83967251254	-1.57	137.399094001	-3.99792882842	
2.51666666667	-3.52942867212e-06	-1.9850675102e-06	0.0 	0.0 	91.884853335 	7.72160000279 	0.0 	0.0 	0.0 	-0.0 	7.77065000277 	-5.885999997 	0.0 	0.0 	3.86545756782	-1.57	137.334669728	-3.99787752564	
2.53333333333	-3.52942867212e-06	-2.56633872263e-06	0.0 	0.0 	92.0127291684 	7.62350000284 	0.0 	0.0 	0.0 	-0.0 	7.67255000282 	-5.885999997 	0.0 	0.0 	3.89066962187	-1.57	137.269825255	-3.99782588824	
2.55	-3.52942867212e-06	-3.04692047319e-06	0.0 	0.0 	92.1389700018 	7.52540000289 	0.0 	0.0 	0.0 	-0.0 	7.57445000287 	-5.885999997 	0.0 	0.0 	3.91532140805	-1.57	137.204569919	-3.99777392365	
2.56666666667	-3.52942867212e-06	-3.43444971109e-06	0.0 	0.0 	92.2635758352 	7.42730000294 	0.0 	0.0 	0.0 	-0.0 	7.47635000292 	-5.885999997 	0.0 	0.0 	3.93942537676	-1.57	137.13891285	-3.99772163916	
2.58333333333	-3.52942867212e-06	-3.73775296299e-06	0.0 	0.0 	92.3865466685 	7.32920000299 	0.0 	0.0 	0.0 	-0.0 	7.37825000297 	-5.885999997 	0.0 	0.0 	3.96299370172	-1.57	137.072862976	-3.99766904186	
2.6	-3.52942867212e-06	-3.96630284913e-06	0.0 	0.0 	92.5078825019 	7.23110000304 	0.0 	0.0 	0.0 	-0.0 	7.28015000302 	-5.885999997 	0.0 	0.0 	3.98603828612	-1.57	137.006429026	-3.99761613872	
2.61666666667	-3.19802637502e-06	-4.04485485422e-06	0.0 	0.0 	92.6275833353 	7.13300000307 	0.0 	0.0 	0.0 	-0.0 	7.18205000306 	-5.8859999982 	0.0 	0.0 	4.00857076865	-1.57	136.939619534	-3.99756293652	
2.63333333333	-3.19802637502e-06	-4.07926926819e-06	0.0 	0.0 	92.7456491687 	7.0349000031 	0.0 	0.0 	0.0 	-0.0 	7.08395000309 	-5.8859999982 	0.0 	0.0 	4.03060252935	-1.57	136.872442847	-3.99750944191	
2.65	-3.19802637502e-06	-4.0784015986e-06	0.0 	0.0 	92.8620800021 	6.93680000313 	0.0 	0.0 	0.0 	-0.0 	6.98585000312 	-5.8859999982 	0.0 	0.0 	4.05214469537	-1.57	136.804907123	-3.99745566139	
2.66666666667	-3.19802637502e-06	-4.05021742894e-06	0.0 	0.0 	92.9768758355 	6.83870000316 	0.0 	0.0 	0.0 	-0.0 	6.88775000315 	-5.8859999982 	0.0 	0.0 	4.07320814658	-1.57	136.737020342	-3.99740160132	
2.68333333333	-3.19802637502e-06	-4.00174372702e-06	0.0 	0.0 	93.0900366689 	6.74060000319 	0.0 	0.0 	0.0 	-0.0 	6.78965000318 	-5.8859999982 	0.0 	0.0 	4.0938035211	-1.57	136.668790305	-3.9973472679	
2.7	-3.19802637502e-06	-3.93906044077e-06	0.0 	0.0 	93.2015625022 	6.64250000322 	0.0 	0.0 	0.0 	-0.0 	6.69155000321 	-5.8859999982 	0.0 	0.0 	4.11394122063	-1.57	136.60022464	-3.99729266721	
2.71666666667	-1.26780605769e-06	-3.37270462306e-06	0.0 	0.0 	93.3114533356 	6.54440000323 	0.0 	0.0 	0.0 	-0.0 	6.59345000322 	-5.8859999998 	0.0 	0.0 	4.13363141573	-1.57	136.531330805	-3.99723780519	
2.73333333333	-1.26780605769e-06	-2.86800078417e-06	0.0 	0.0 	93.419709169 	6.44630000323 	0.0 	0.0 	0.0 	-0.0 	6.49535000323 	-5.8859999998 	0.0 	0.0 	4.15288405093	-1.57	136.462116092	-3.99718268765	
2.75	-1.26780605769e-06	-2.42684922383e-06	0.0 	0.0 	93.5263300024 	6.34820000323 	0.0 	0.0 	0.0 	-0.0 	6.39725000323 	-5.8859999998 	0.0 	0.0 	4.1717088498	-1.57	136.392587634	-3.99712732027	
2.76666666667	-1.26780605769e-06	-2.04873666562e-06	0.0 	0.0 	93.6313158358 	6.25010000324 	0.0 	0.0 	0.0 	-0.0 	6.29915000323 	-5.8859999998 	0.0 	0.0 	4.19011531981	-1.57	136.3227524	-3.99707170859	
2.78333333333	-1.26780605769e-06	-1.73129535151e-06	0.0 	0.0 	93.7346666692 	6.15200000324 	0.0 	0.0 	0.0 	-0.0 	6.20105000324 	-5.8859999998 	0.0 	0.0 	4.20811275714	-1.57	136.25261721	-3.99701585804	
2.8	-1.26780605769e-06	-1.47079429264e-06	0.0 	0.0 	93.8363825026 	6.05390000324 	0.0 	0.0 	0.0 	-0.0 	6.10295000324 	-5.8859999998 	0.0 	0.0 	4.22571025143	-1.57	136.182188728	-3.99695977394	
2.81666666667	-1.26780605769e-06	-1.26256258968e-06	0.0 	0.0 	93.936463336 	5.95580000325 	0.0 	0.0 	0.0 	-0.0 	6.00485000324 	-5.8859999998 	0.0 	0.0 	4.24291669029	-1.57	136.111473472	-3.99690346148	
2.83333333333	1.52235980437e-07	-7.37461105986e-07	0.0 	0.0 	94.0349091693 	5.85770000325 	0.0 	0.0 	0.0 	-0.0 	5.90675000325 	-5.886 	0.0 	0.0 	4.25974076384	-1.57	136.040477816	-3.99684692572	
2.85	1.52235980437e-07	-3.02704422175e-07	0.0 	0.0 	94.1317200027 	5.75960000325 	0.0 	0.0 	0.0 	-0.0 	5.80865000325 	-5.886 	0.0 	0.0 	4.27619096908	-1.57	135.969207989	-3.99679017164	
2.86666666667	1.52235980437e-07	4.84488953607e-08	0.0 	0.0 	94.2268958361 	5.66150000325 	0.0 	0.0 	0.0 	0.0 	5.71055000325 	-5.886 	0.0 	0.0 	4.29227561422	-1.57	135.897670084	-3.99673320408	
2.88333333333	1.52235980437e-07	3.23836062859e-07	0.0 	0.0 	94.3204366695 	5.56340000325 	0.0 	0.0 	0.0 	0.0 	5.61245000325 	-5.886 	0.0 	0.0 	4.30800282279	-1.57	135.82587006	-3.99667602778	
2.9	1.52235980437e-07	5.31898615095e-07	0.0 	0.0 	94.4123425029 	5.46530000325 	0.0 	0.0 	0.0 	0.0 	5.51435000325 	-5.886 	0.0 	0.0 	4.32338053784	-1.57	135.753813741	-3.99661864739	
2.91666666667	1.52235980437e-07	6.81282635745e-07	0.0 	0.0 	94.5026133363 	5.36720000325 	0.0 	0.0 	0.0 	0.0 	5.41625000325 	-5.886 	0.0 	0.0 	4.33841652589	-1.57	135.681506822	-3.99656106744	
2.93333333333	1.52235980437e-07	7.8052254377e-07	0.0 	0.0 	94.5912491697 	5.26910000325 	0.0 	0.0 	0.0 	0.0 	5.31815000325 	-5.886 	0.0 	0.0 	4.35311838087	-1.57	135.608954872	-3.99650329237	
2.95	4.73765732071e-07	9.20191516241e-07	0.0 	0.0 	94.6782500031 	5.17100000325 	0.0 	0.0 	0.0 	0.0 	5.22005000325 	-5.88599999999 	0.0 	0.0 	4.36749352796	-1.57	135.536163336	-3.9964453265	
2.96666666667	4.73765732071e-07	1.01448416415e-06	0.0 	0.0 	94.7636158364 	5.07290000325 	0.0 	0.0 	0.0 	0.0 	5.12195000325 	-5.88599999999 	0.0 	0.0 	4.38154922734	-1.57	135.463137539	-3.99638717409	
2.98333333333	4.73765732071e-07	1.07066351528e-06	0.0 	0.0 	94.8473466698 	4.97480000325 	0.0 	0.0 	0.0 	0.0 	5.02385000325 	-5.88599999999 	0.0 	0.0 	4.39529257784	-1.57	135.389882685	-3.99632883928	
3.0	4.73765732071e-07	1.09554945668e-06	0.0 	0.0 	94.9294425032 	4.87670000325 	0.0 	0.0 	0.0 	0.0 	4.92575000325 	-5.88599999999 	0.0 	0.0 	4.40873052055	-1.57	135.316403867	-3.99627032611	
3.01666666667	4.73765732071e-07	1.09540531987e-06	0.0 	0.0 	95.0099033366 	4.77860000325 	0.0 	0.0 	0.0 	0.0 	4.82765000325 	-5.88599999999 	0.0 	0.0 	4.42186984232	-1.57	135.242706059	-3.99621163856	
3.03333333333	4.73765732071e-07	1.07586737672e-06	0.0 	0.0 	95.08872917 	4.68050000325 	0.0 	0.0 	0.0 	0.0 	4.72955000325 	-5.88599999999 	0.0 	0.0 	4.43471717916	-1.57	135.16879413	-3.9961527805	
3.05	4.73765732071e-07	1.04190979439e-06	0.0 	0.0 	95.1659200034 	4.58240000325 	0.0 	0.0 	0.0 	0.0 	4.63145000325 	-5.88599999999 	0.0 	0.0 	4.44727901962	-1.57	135.094672836	-3.99609375572	
3.06666666667	1.6266890786e-06	1.29327477368e-06	0.0 	0.0 	95.2414758368 	4.48430000325 	0.0 	0.0 	0.0 	0.0 	4.53335000325 	-5.88599999992 	0.0 	0.0 	4.45956170807	-1.57	135.020346831	-3.99603456791	
3.08333333333	1.6266890786e-06	1.49850182966e-06	0.0 	0.0 	95.3153966702 	4.38620000325 	0.0 	0.0 	0.0 	0.0 	4.43525000325 	-5.88599999992 	0.0 	0.0 	4.47157144789	-1.57	134.945820664	-3.99597522072	
3.1	1.6266890786e-06	1.66155864957e-06	0.0 	0.0 	95.3876825035 	4.28810000325 	0.0 	0.0 	0.0 	0.0 	4.33715000325 	-5.88599999992 	0.0 	0.0 	4.48331430461	-1.57	134.871098783	-3.99591571767	
3.11666666667	1.6266890786e-06	1.78683801091e-06	0.0 	0.0 	95.4583333369 	4.19000000325 	0.0 	0.0 	0.0 	0.0 	4.23905000325 	-5.88599999992 	0.0 	0.0 	4.49479620895	-1.57	134.796185537	-3.99585606223	
3.13333333333	1.6266890786e-06	1.87892486182e-06	0.0 	0.0 	95.5273491703 	4.09190000325 	0.0 	0.0 	0.0 	0.0 	4.14095000325 	-5.88599999992 	0.0 	0.0 	4.50602295986	-1.57	134.721085178	-3.99579625779	
3.15	1.6266890786e-06	1.94240980304e-06	0.0 	0.0 	95.5947300037 	3.99380000325 	0.0 	0.0 	0.0 	0.0 	4.04285000325 	-5.88599999992 	0.0 	0.0 	4.51700022742	-1.57	134.645801864	-3.99573630766	
3.16666666667	8.63815486248e-07	1.78625800181e-06	0.0 	0.0 	95.6604758371 	3.89570000325 	0.0 	0.0 	0.0 	0.0 	3.94475000325 	-5.88599999999 	0.0 	0.0 	4.5277335557	-1.57	134.570339662	-3.99567621507	
3.18333333333	8.63815486248e-07	1.63641402725e-06	0.0 	0.0 	95.7245866705 	3.79760000326 	0.0 	0.0 	0.0 	0.0 	3.84665000325 	-5.88599999999 	0.0 	0.0 	4.53822836557	-1.57	134.494702547	-3.9956159832	
3.2	8.63815486248e-07	1.49614124255e-06	0.0 	0.0 	95.7870625039 	3.69950000326 	0.0 	0.0 	0.0 	0.0 	3.74855000326 	-5.88599999999 	0.0 	0.0 	4.54848995745	-1.57	134.418894405	-3.99555561513	
3.21666666667	8.63815486248e-07	1.36766965453e-06	0.0 	0.0 	95.8479033373 	3.60140000326 	0.0 	0.0 	0.0 	0.0 	3.65045000326 	-5.88599999999 	0.0 	0.0 	4.55852351395	-1.57	134.342919037	-3.9954951139	
3.23333333333	8.63815486248e-07	1.25235873106e-06	0.0 	0.0 	95.9071091706 	3.50330000326 	0.0 	0.0 	0.0 	0.0 	3.55235000326 	-5.88599999999 	0.0 	0.0 	4.56833410253	-1.57	134.26678016	-3.99543448246	
3.25	8.63815486248e-07	1.15085078896e-06	0.0 	0.0 	95.964680004 	3.40520000326 	0.0 	0.0 	0.0 	0.0 	3.45425000326 	-5.88599999999 	0.0 	0.0 	4.57792667803	-1.57	134.190481406	-3.9953737237	
3.26666666667	1.38744412178e-06	1.19739211848e-06	0.0 	0.0 	96.0206158374 	3.30710000326 	0.0 	0.0 	0.0 	0.0 	3.35615000326 	-5.88599999998 	0.0 	0.0 	4.58730608518	-1.57	134.114026329	-3.99531284046	
3.28333333333	1.38744412178e-06	1.23940077397e-06	0.0 	0.0 	96.0749166708 	3.20900000326 	0.0 	0.0 	0.0 	0.0 	3.25805000326 	-5.88599999998 	0.0 	0.0 	4.59647706107	-1.57	134.037418402	-3.9952518355	
3.3	1.38744412178e-06	1.27658383659e-06	0.0 	0.0 	96.1275825042 	3.11090000326 	0.0 	0.0 	0.0 	0.0 	3.15995000326 	-5.88599999998 	0.0 	0.0 	4.60544423749	-1.57	133.960661022	-3.99519071153	
3.31666666667	1.38744412178e-06	1.30886509403e-06	0.0 	0.0 	96.1786133376 	3.01280000326 	0.0 	0.0 	0.0 	0.0 	3.06185000326 	-5.88599999998 	0.0 	0.0 	4.61421214332	-1.57	133.883757511	-3.99512947119	
3.33333333333	1.38744412178e-06	1.33633866316e-06	0.0 	0.0 	96.228009171 	2.91470000326 	0.0 	0.0 	0.0 	0.0 	2.96375000326 	-5.88599999998 	0.0 	0.0 	4.6227852068	-1.57	133.806711115	-3.99506811707	
3.35	1.38744412178e-06	1.35922772482e-06	0.0 	0.0 	96.2757700044 	2.81660000326 	0.0 	0.0 	0.0 	0.0 	2.86565000326 	-5.88599999998 	0.0 	0.0 	4.63116775776	-1.57	133.729525011	-3.99500665169	
3.36666666667	2.34266595777e-06	1.62262410549e-06	0.0 	0.0 	96.3218958377 	2.71850000326 	0.0 	0.0 	0.0 	0.0 	2.76755000326 	-5.88599999998 	0.0 	0.0 	4.63936402981	-1.57	133.652202301	-3.99494507754	
3.38333333333	2.34266595777e-06	1.84925760839e-06	0.0 	0.0 	96.3663866711 	2.62040000326 	0.0 	0.0 	0.0 	0.0 	2.66945000326 	-5.88599999998 	0.0 	0.0 	4.64737816249	-1.57	133.574746023	-3.99488339701	
3.4	2.34266595777e-06	2.04031758405e-06	0.0 	0.0 	96.4092425045 	2.52230000326 	0.0 	0.0 	0.0 	0.0 	2.57135000326 	-5.88599999998 	0.0 	0.0 	4.65521420332	-1.57	133.497159144	-3.99482161249	
3.41666666667	2.34266595777e-06	2.19783745187e-06	0.0 	0.0 	96.4504633379 	2.42420000326 	0.0 	0.0 	0.0 	0.0 	2.47325000326 	-5.88599999998 	0.0 	0.0 	4.66287610991	-1.57	133.419444567	-3.99475972628	
3.43333333333	2.34266595777e-06	2.32444124024e-06	0.0 	0.0 	96.4900491713 	2.32610000326 	0.0 	0.0 	0.0 	0.0 	2.37515000326 	-5.88599999998 	0.0 	0.0 	4.67036775191	-1.57	133.341605129	-3.99469774063	
3.45	2.34266595777e-06	2.42312869865e-06	0.0 	0.0 	96.5280000047 	2.22800000326 	0.0 	0.0 	0.0 	0.0 	2.27705000326 	-5.88599999998 	0.0 	0.0 	4.67769291298	-1.57	133.263643605	-3.99463565777	
3.46666666667	-3.07077706402e-06	1.10990224393e-06	0.0 	0.0 	96.5643158381 	2.12990000326 	0.0 	0.0 	0.0 	0.0 	2.17895000326 	-5.88599999999 	0.0 	0.0 	4.68485529269	-1.57	133.185562709	-3.99457347985	
3.48333333333	-3.07077706402e-06	-3.84944868484e-08	0.0 	0.0 	96.5989966715 	2.03180000326 	0.0 	0.0 	0.0 	-0.0 	2.08085000326 	-5.88599999999 	0.0 	0.0 	4.69185850841	-1.57	133.107365092	-3.99451120897	
3.5	-3.07077706402e-06	-1.02326078374e-06	0.0 	0.0 	96.6320425048 	1.93370000326 	0.0 	0.0 	0.0 	-0.0 	1.98275000326 	-5.88599999999 	0.0 	0.0 	4.69870609711	-1.57	133.029053348	-3.99444884722	
3.51666666667	-3.07077706402e-06	-1.85043954759e-06	0.0 	0.0 	96.6634533382 	1.83560000326 	0.0 	0.0 	0.0 	-0.0 	1.88465000326 	-5.88599999999 	0.0 	0.0 	4.70540151718	-1.57	132.950630014	-3.99438639661	
3.53333333333	-3.07077706402e-06	-2.52963863696e-06	0.0 	0.0 	96.6932291716 	1.73750000326 	0.0 	0.0 	0.0 	-0.0 	1.78655000326 	-5.88599999999 	0.0 	0.0 	4.71194815013	-1.57	132.87209757	-3.9943238591	
3.55	-3.07077706402e-06	-3.07292850707e-06	0.0 	0.0 	96.721370005 	1.63940000326 	0.0 	0.0 	0.0 	-0.0 	1.68845000326 	-5.88599999999 	0.0 	0.0 	4.71834930235	-1.57	132.79345844	-3.99426123664	
3.56666666667	-3.07077706402e-06	-3.49391092381e-06	0.0 	0.0 	96.7478758384 	1.54130000326 	0.0 	0.0 	0.0 	-0.0 	1.59035000326 	-5.88599999999 	0.0 	0.0 	4.72460820674	-1.57	132.714714995	-3.99419853112	
3.58333333333	-6.77381914306e-06	-4.75585389642e-06	0.0 	0.0 	96.7727466718 	1.44320000326 	0.0 	0.0 	0.0 	-0.0 	1.49225000326 	-5.88599999998 	0.0 	0.0 	4.73072802437	-1.57	132.635869553	-3.99413574436	
3.6	-6.77381914306e-06	-5.79692111415e-06	0.0 	0.0 	96.7959825052 	1.34510000326 	0.0 	0.0 	0.0 	-0.0 	1.39415000326 	-5.88599999998 	0.0 	0.0 	4.73671184605	-1.57	132.55692438	-3.99407287819	
3.61666666667	-6.77381914306e-06	-6.63427627129e-06	0.0 	0.0 	96.8175833386 	1.24700000326 	0.0 	0.0 	0.0 	-0.0 	1.29605000326 	-5.88599999998 	0.0 	0.0 	4.74256269392	-1.57	132.477881694	-3.99400993437	
3.63333333333	-6.77381914306e-06	-7.28758723282e-06	0.0 	0.0 	96.8375491719 	1.14890000326 	0.0 	0.0 	0.0 	-0.0 	1.19795000326 	-5.88599999998 	0.0 	0.0 	4.74828352294	-1.57	132.39874366	-3.99394691462	
3.65	-6.77381914306e-06	-7.7778479752e-06	0.0 	0.0 	96.8558800053 	1.05080000326 	0.0 	0.0 	0.0 	-0.0 	1.09985000326 	-5.88599999998 	0.0 	0.0 	4.75387722243	-1.57	132.319512398	-3.99388382063	
3.66666666667	-6.77381914306e-06	-8.12642414954e-06	0.0 	0.0 	96.8725758387 	0.952700003263 	0.0 	0.0 	0.0 	-0.0 	1.00175000326 	-5.88599999998 	0.0 	0.0 	4.75934661749	-1.57	132.24018998	-3.99382065405	
3.68333333333	-6.77381914306e-06	-8.12642414954e-06	0.0 	0.0 	96.8725758387 	0.0 	0.0 	0.0 	0.0 	0.0 	0.0 	0.0 	0.0 	0.0 	0.0	-1.57	132.24018998	-3.99382065405	
3.7	-6.77381914306e-06	-8.12642414954e-06	0.0 	0.0 	96.8725758387 	0.0 	0.0 	0.0 	0.0 	0.0 	0.0 	0.0 	0.0 	0.0 	0.0	-1.57	132.24018998	-3.99382065405	
3.71666666667	-6.77381914306e-06	-8.12642414954e-06	0.0 	0.0 	96.8725758387 	0.0 	0.0 	0.0 	0.0 	0.0 	0.0 	0.0 	0.0 	0.0 	0.0	-1.57	132.24018998	-3.99382065405	
3.73333333333	-6.77381914306e-06	-8.12642414954e-06	0.0 	0.0 	96.8725758387 	0.0 	0.0 	0.0 	0.0 	0.0 	0.0 	0.0 	0.0 	0.0 	0.0	-1.57	132.24018998	-3.99382065405	
3.75	-6.77381914306e-06	-8.12642414954e-06	0.0 	0.0 	96.8725758387 	0.0 	0.0 	0.0 	0.0 	0.0 	0.0 	0.0 	0.0 	0.0 	0.0	-1.57	132.24018998	-3.99382065405	
3.76666666667	-6.77381914306e-06	-8.12642414954e-06	0.0 	0.0 	96.8725758387 	0.0 	0.0 	0.0 	0.0 	0.0 	0.0 	0.0 	0.0 	0.0 	0.0	-1.57	132.24018998	-3.99382065405	
3.78333333333	-6.77381914306e-06	-8.12642414954e-06	0.0 	0.0 	96.8725758387 	0.0 	0.0 	0.0 	0.0 	0.0 	0.0 	0.0 	0.0 	0.0 	0.0	-1.57	132.24018998	-3.99382065405	
3.8	-6.77381914306e-06	-8.12642414954e-06	0.0 	0.0 	96.8725758387 	0.0 	0.0 	0.0 	0.0 	0.0 	0.0 	0.0 	0.0 	0.0 	0.0	-1.57	132.24018998	-3.99382065405	
3.81666666667	-6.77381914306e-06	-8.12642414954e-06	0.0 	0.0 	96.8725758387 	0.0 	0.0 	0.0 	0.0 	0.0 	0.0 	0.0 	0.0 	0.0 	0.0	-1.57	132.24018998	-3.99382065405	
3.83333333333	-6.77381914306e-06	-8.12642414954e-06	0.0 	0.0 	96.8725758387 	0.0 	0.0 	0.0 	0.0 	0.0 	0.0 	0.0 	0.0 	0.0 	0.0	-1.57	132.24018998	-3.99382065405	
3.85	-6.77381914306e-06	-8.12642414954e-06	0.0 	0.0 	96.8725758387 	0.0 	0.0 	0.0 	0.0 	0.0 	0.0 	0.0 	0.0 	0.0 	0.0	-1.57	132.24018998	-3.99382065405	
3.86666666667	-6.77381914306e-06	-8.12642414954e-06	0.0 	0.0 	96.8725758387 	0.0 	0.0 	0.0 	0.0 	0.0 	0.0 	0.0 	0.0 	0.0 	0.0	-1.57	132.24018998	-3.99382065405	
3.88333333333	-6.77381914306e-06	-8.12642414954e-06	0.0 	0.0 	96.8725758387 	0.0 	0.0 	0.0 	0.0 	0.0 	0.0 	0.0 	0.0 	0.0 	0.0	-1.57	132.24018998	-3.99382065405	
3.9	-6.77381914306e-06	-8.12642414954e-06	0.0 	0.0 	96.8725758387 	0.0 	0.0 	0.0 	0.0 	0.0 	0.0 	0.0 	0.0 	0.0 	0.0	-1.57	132.24018998	-3.99382065405	
3.91666666667	-6.77381914306e-06	-8.12642414954e-06	0.0 	0.0 	96.8725758387 	0.0 	0.0 	0.0 	0.0 	0.0 	0.0 	0.0 	0.0 	0.0 	0.0	-1.57	132.24018998	-3.99382065405	
3.93333333333	-6.77381914306e-06	-8.12642414954e-06	0.0 	0.0 	96.8725758387 	0.0 	0.0 	0.0 	0.0 	0.0 	0.0 	0.0 	0.0 	0.0 	0.0	-1.57	132.24018998	-3.99382065405	
3.95	-6.77381914306e-06	-8.12642414954e-06	0.0 	0.0 	96.8725758387 	0.0 	0.0 	0.0 	0.0 	0.0 	0.0 	0.0 	0.0 	0.0 	0.0	-1.57	132.24018998	-3.99382065405	
3.96666666667	-6.77381914306e-06	-8.12642414954e-06	0.0 	0.0 	96.8725758387 	0.0 	0.0 	0.0 	0.0 	0.0 	0.0 	0.0 	0.0 	0.0 	0.0	-1.57	132.24018998	-3.99382065405	
3.98333333333	-6.77381914306e-06	-8.12642414954e-06	0.0 	0.0 	96.8725758387 	0.0 	0.0 	0.0 	0.0 	0.0 	0.0 	0.0 	0.0 	0.0 	0.0	-1.57	132.24018998	-3.99382065405	
4.0	-6.77381914306e-06	-8.12642414954e-06	0.0 	0.0 	96.8725758387 	0.0 	0.0 	0.0 	0.0 	0.0 	0.0 	0.0 	0.0 	0.0 	0.0	-1.57	132.24018998	-3.99382065405	
4.01666666667	-6.77381914306e-06	-8.12642414954e-06	0.0 	0.0 	96.8725758387 	0.0 	0.0 	0.0 	0.0 	0.0 	0.0 	0.0 	0.0 	0.0 	0.0	-1.57	132.24018998	-3.99382065405	
4.03333333333	-6.77381914306e-06	-8.12642414954e-06	0.0 	0.0 	96.8725758387 	0.0 	0.0 	0.0 	0.0 	0.0 	0.0 	0.0 	0.0 	0.0 	0.0	-1.57	132.24018998	-3.99382065405	
4.05	-6.77381914306e-06	-8.12642414954e-06	0.0 	0.0 	96.8725758387 	0.0 	0.0 	0.0 	0.0 	0.0 	0.0 	0.0 	0.0 	0.0 	0.0	-1.57	132.24018998	-3.99382065405	
4.06666666667	-6.77381914306e-06	-8.12642414954e-06	0.0 	0.0 	96.8725758387 	0.0 	0.0 	0.0 	0.0 	0.0 	0.0 	0.0 	0.0 	0.0 	0.0	-1.57	132.24018998	-3.99382065405	
4.08333333333	-6.77381914306e-06	-8.12642414954e-06	0.0 	0.0 	96.8725758387 	0.0 	0.0 	0.0 	0.0 	0.0 	0.0 	0.0 	0.0 	0.0 	0.0	-1.57	132.24018998	-3.99382065405	
4.1	-6.77381914306e-06	-8.12642414954e-06	0.0 	0.0 	96.8725758387 	0.0 	0.0 	0.0 	0.0 	0.0 	0.0 	0.0 	0.0 	0.0 	0.0	-1.57	132.24018998	-3.99382065405	
4.11666666667	-6.77381914306e-06	-8.12642414954e-06	0.0 	0.0 	96.8725758387 	0.0 	0.0 	0.0 	0.0 	0.0 	0.0 	0.0 	0.0 	0.0 	0.0	-1.57	132.24018998	-3.99382065405	
4.13333333333	-6.77381914306e-06	-8.12642414954e-06	0.0 	0.0 	96.8725758387 	0.0 	0.0 	0.0 	0.0 	0.0 	0.0 	0.0 	0.0 	0.0 	0.0	-1.57	132.24018998	-3.99382065405	
4.15	-6.77381914306e-06	-8.12642414954e-06	0.0 	0.0 	96.8725758387 	0.0 	0.0 	0.0 	0.0 	0.0 	0.0 	0.0 	0.0 	0.0 	0.0	-1.57	132.24018998	-3.99382065405	
4.16666666667	-6.77381914306e-06	-8.12642414954e-06	0.0 	0.0 	96.8725758387 	0.0 	0.0 	0.0 	0.0 	0.0 	0.0 	0.0 	0.0 	0.0 	0.0	-1.57	132.24018998	-3.99382065405	
4.18333333333	-6.77381914306e-06	-8.12642414954e-06	0.0 	0.0 	96.8725758387 	0.0 	0.0 	0.0 	0.0 	0.0 	0.0 	0.0 	0.0 	0.0 	0.0	-1.57	132.24018998	-3.99382065405	
4.2	-6.77381914306e-06	-8.12642414954e-06	0.0 	0.0 	96.8725758387 	0.0 	0.0 	0.0 	0.0 	0.0 	0.0 	0.0 	0.0 	0.0 	0.0	-1.57	132.24018998	-3.99382065405	
4.21666666667	-6.77381914306e-06	-8.12642414954e-06	0.0 	0.0 	96.8725758387 	0.0 	0.0 	0.0 	0.0 	0.0 	0.0 	0.0 	0.0 	0.0 	0.0	-1.57	132.24018998	-3.99382065405	
4.23333333333	-6.77381914306e-06	-8.12642414954e-06	0.0 	0.0 	96.8725758387 	0.0 	0.0 	0.0 	0.0 	0.0 	0.0 	0.0 	0.0 	0.0 	0.0	-1.57	132.24018998	-3.99382065405	
4.25	-6.77381914306e-06	-8.12642414954e-06	0.0 	0.0 	96.8725758387 	0.0 	0.0 	0.0 	0.0 	0.0 	0.0 	0.0 	0.0 	0.0 	0.0	-1.57	132.24018998	-3.99382065405	
4.26666666667	-6.77381914306e-06	-8.12642414954e-06	0.0 	0.0 	96.8725758387 	0.0 	0.0 	0.0 	0.0 	0.0 	0.0 	0.0 	0.0 	0.0 	0.0	-1.57	132.24018998	-3.99382065405	
4.28333333333	-6.77381914306e-06	-8.12642414954e-06	0.0 	0.0 	96.8725758387 	0.0 	0.0 	0.0 	0.0 	0.0 	0.0 	0.0 	0.0 	0.0 	0.0	-1.57	132.24018998	-3.99382065405	
4.3	-6.77381914306e-06	-8.12642414954e-06	0.0 	0.0 	96.8725758387 	0.0 	0.0 	0.0 	0.0 	0.0 	0.0 	0.0 	0.0 	0.0 	0.0	-1.57	132.24018998	-3.99382065405	
4.31666666667	-6.77381914306e-06	-8.12642414954e-06	0.0 	0.0 	96.8725758387 	0.0 	0.0 	0.0 	0.0 	0.0 	0.0 	0.0 	0.0 	0.0 	0.0	-1.57	132.24018998	-3.99382065405	
4.33333333333	-6.77381914306e-06	-8.12642414954e-06	0.0 	0.0 	96.8725758387 	0.0 	0.0 	0.0 	0.0 	0.0 	0.0 	0.0 	0.0 	0.0 	0.0	-1.57	132.24018998	-3.99382065405	
4.35	-6.77381914306e-06	-8.12642414954e-06	0.0 	0.0 	96.8725758387 	0.0 	0.0 	0.0 	0.0 	0.0 	0.0 	0.0 	0.0 	0.0 	0.0	-1.57	132.24018998	-3.99382065405	
4.36666666667	-6.77381914306e-06	-8.12642414954e-06	0.0 	0.0 	96.8725758387 	0.0 	0.0 	0.0 	0.0 	0.0 	0.0 	0.0 	0.0 	0.0 	0.0	-1.57	132.24018998	-3.99382065405	
4.38333333333	-6.77381914306e-06	-8.12642414954e-06	0.0 	0.0 	96.8725758387 	0.0 	0.0 	0.0 	0.0 	0.0 	0.0 	0.0 	0.0 	0.0 	0.0	-1.57	132.24018998	-3.99382065405	
4.4	-6.77381914306e-06	-8.12642414954e-06	0.0 	0.0 	96.8725758387 	0.0 	0.0 	0.0 	0.0 	0.0 	0.0 	0.0 	0.0 	0.0 	0.0	-1.57	132.24018998	-3.99382065405	
4.41666666667	-6.77381914306e-06	-8.12642414954e-06	0.0 	0.0 	96.8725758387 	0.0 	0.0 	0.0 	0.0 	0.0 	0.0 	0.0 	0.0 	0.0 	0.0	-1.57	132.24018998	-3.99382065405	
4.43333333333	-6.77381914306e-06	-8.12642414954e-06	0.0 	0.0 	96.8725758387 	0.0 	0.0 	0.0 	0.0 	0.0 	0.0 	0.0 	0.0 	0.0 	0.0	-1.57	132.24018998	-3.99382065405	
4.45	-6.77381914306e-06	-8.12642414954e-06	0.0 	0.0 	96.8725758387 	0.0 	0.0 	0.0 	0.0 	0.0 	0.0 	0.0 	0.0 	0.0 	0.0	-1.57	132.24018998	-3.99382065405	
4.46666666667	-6.77381914306e-06	-8.12642414954e-06	0.0 	0.0 	96.8725758387 	0.0 	0.0 	0.0 	0.0 	0.0 	0.0 	0.0 	0.0 	0.0 	0.0	-1.57	132.24018998	-3.99382065405	
4.48333333333	-6.77381914306e-06	-8.12642414954e-06	0.0 	0.0 	96.8725758387 	0.0 	0.0 	0.0 	0.0 	0.0 	0.0 	0.0 	0.0 	0.0 	0.0	-1.57	132.24018998	-3.99382065405	
4.5	-6.77381914306e-06	-8.12642414954e-06	0.0 	0.0 	96.8725758387 	0.0 	0.0 	0.0 	0.0 	0.0 	0.0 	0.0 	0.0 	0.0 	0.0	-1.57	132.24018998	-3.99382065405	
4.51666666667	-6.77381914306e-06	-8.12642414954e-06	0.0 	0.0 	96.8725758387 	0.0 	0.0 	0.0 	0.0 	0.0 	0.0 	0.0 	0.0 	0.0 	0.0	-1.57	132.24018998	-3.99382065405	
4.53333333333	-6.77381914306e-06	-8.12642414954e-06	0.0 	0.0 	96.8725758387 	0.0 	0.0 	0.0 	0.0 	0.0 	0.0 	0.0 	0.0 	0.0 	0.0	-1.57	132.24018998	-3.99382065405	
4.55	-6.77381914306e-06	-8.12642414954e-06	0.0 	0.0 	96.8725758387 	0.0 	0.0 	0.0 	0.0 	0.0 	0.0 	0.0 	0.0 	0.0 	0.0	-1.57	132.24018998	-3.99382065405	
4.56666666667	-6.77381914306e-06	-8.12642414954e-06	0.0 	0.0 	96.8725758387 	0.0 	0.0 	0.0 	0.0 	0.0 	0.0 	0.0 	0.0 	0.0 	0.0	-1.57	132.24018998	-3.99382065405	
4.58333333333	-6.77381914306e-06	-8.12642414954e-06	0.0 	0.0 	96.8725758387 	0.0 	0.0 	0.0 	0.0 	0.0 	0.0 	0.0 	0.0 	0.0 	0.0	-1.57	132.24018998	-3.99382065405	
4.6	-6.77381914306e-06	-8.12642414954e-06	0.0 	0.0 	96.8725758387 	0.0 	0.0 	0.0 	0.0 	0.0 	0.0 	0.0 	0.0 	0.0 	0.0	-1.57	132.24018998	-3.99382065405	
4.61666666667	-6.77381914306e-06	-8.12642414954e-06	0.0 	0.0 	96.8725758387 	0.0 	0.0 	0.0 	0.0 	0.0 	0.0 	0.0 	0.0 	0.0 	0.0	-1.57	132.24018998	-3.99382065405	
4.63333333333	-6.77381914306e-06	-8.12642414954e-06	0.0 	0.0 	96.8725758387 	0.0 	0.0 	0.0 	0.0 	0.0 	0.0 	0.0 	0.0 	0.0 	0.0	-1.57	132.24018998	-3.99382065405	
4.65	-6.77381914306e-06	-8.12642414954e-06	0.0 	0.0 	96.8725758387 	0.0 	0.0 	0.0 	0.0 	0.0 	0.0 	0.0 	0.0 	0.0 	0.0	-1.57	132.24018998	-3.99382065405	
4.66666666667	-6.77381914306e-06	-8.12642414954e-06	0.0 	0.0 	96.8725758387 	0.0 	0.0 	0.0 	0.0 	0.0 	0.0 	0.0 	0.0 	0.0 	0.0	-1.57	132.24018998	-3.99382065405	
4.68333333333	-6.77381914306e-06	-8.12642414954e-06	0.0 	0.0 	96.8725758387 	0.0 	0.0 	0.0 	0.0 	0.0 	0.0 	0.0 	0.0 	0.0 	0.0	-1.57	132.24018998	-3.99382065405	
4.7	-6.77381914306e-06	-8.12642414954e-06	0.0 	0.0 	96.8725758387 	0.0 	0.0 	0.0 	0.0 	0.0 	0.0 	0.0 	0.0 	0.0 	0.0	-1.57	132.24018998	-3.99382065405	
4.71666666667	-6.77381914306e-06	-8.12642414954e-06	0.0 	0.0 	96.8725758387 	0.0 	0.0 	0.0 	0.0 	0.0 	0.0 	0.0 	0.0 	0.0 	0.0	-1.57	132.24018998	-3.99382065405	
4.73333333333	-6.77381914306e-06	-8.12642414954e-06	0.0 	0.0 	96.8725758387 	0.0 	0.0 	0.0 	0.0 	0.0 	0.0 	0.0 	0.0 	0.0 	0.0	-1.57	132.24018998	-3.99382065405	
4.75	-6.77381914306e-06	-8.12642414954e-06	0.0 	0.0 	96.8725758387 	0.0 	0.0 	0.0 	0.0 	0.0 	0.0 	0.0 	0.0 	0.0 	0.0	-1.57	132.24018998	-3.99382065405	
4.76666666667	-6.77381914306e-06	-8.12642414954e-06	0.0 	0.0 	96.8725758387 	0.0 	0.0 	0.0 	0.0 	0.0 	0.0 	0.0 	0.0 	0.0 	0.0	-1.57	132.24018998	-3.99382065405	
4.78333333333	-6.77381914306e-06	-8.12642414954e-06	0.0 	0.0 	96.8725758387 	0.0 	0.0 	0.0 	0.0 	0.0 	0.0 	0.0 	0.0 	0.0 	0.0	-1.57	132.24018998	-3.99382065405	
4.8	-6.77381914306e-06	-8.12642414954e-06	0.0 	0.0 	96.8725758387 	0.0 	0.0 	0.0 	0.0 	0.0 	0.0 	0.0 	0.0 	0.0 	0.0	-1.57	132.24018998	-3.99382065405	
4.81666666667	-6.77381914306e-06	-8.12642414954e-06	0.0 	0.0 	96.8725758387 	0.0 	0.0 	0.0 	0.0 	0.0 	0.0 	0.0 	0.0 	0.0 	0.0	-1.57	132.24018998	-3.99382065405	
4.83333333333	-6.77381914306e-06	-8.12642414954e-06	0.0 	0.0 	96.8725758387 	0.0 	0.0 	0.0 	0.0 	0.0 	0.0 	0.0 	0.0 	0.0 	0.0	-1.57	132.24018998	-3.99382065405	
4.85	-6.77381914306e-06	-8.12642414954e-06	0.0 	0.0 	96.8725758387 	0.0 	0.0 	0.0 	0.0 	0.0 	0.0 	0.0 	0.0 	0.0 	0.0	-1.57	132.24018998	-3.99382065405	
4.86666666667	-6.77381914306e-06	-8.12642414954e-06	0.0 	0.0 	96.8725758387 	0.0 	0.0 	0.0 	0.0 	0.0 	0.0 	0.0 	0.0 	0.0 	0.0	-1.57	132.24018998	-3.99382065405	
4.88333333333	-6.77381914306e-06	-8.12642414954e-06	0.0 	0.0 	96.8725758387 	0.0 	0.0 	0.0 	0.0 	0.0 	0.0 	0.0 	0.0 	0.0 	0.0	-1.57	132.24018998	-3.99382065405	
4.9	-6.77381914306e-06	-8.12642414954e-06	0.0 	0.0 	96.8725758387 	0.0 	0.0 	0.0 	0.0 	0.0 	0.0 	0.0 	0.0 	0.0 	0.0	-1.57	132.24018998	-3.99382065405	
4.91666666667	-6.77381914306e-06	-8.12642414954e-06	0.0 	0.0 	96.8725758387 	0.0 	0.0 	0.0 	0.0 	0.0 	0.0 	0.0 	0.0 	0.0 	0.0	-1.57	132.24018998	-3.99382065405	
4.93333333333	-6.77381914306e-06	-8.12642414954e-06	0.0 	0.0 	96.8725758387 	0.0 	0.0 	0.0 	0.0 	0.0 	0.0 	0.0 	0.0 	0.0 	0.0	-1.57	132.24018998	-3.99382065405	
4.95	-6.77381914306e-06	-8.12642414954e-06	0.0 	0.0 	96.8725758387 	0.0 	0.0 	0.0 	0.0 	0.0 	0.0 	0.0 	0.0 	0.0 	0.0	-1.57	132.24018998	-3.99382065405	
4.96666666667	-6.77381914306e-06	-8.12642414954e-06	0.0 	0.0 	96.8725758387 	0.0 	0.0 	0.0 	0.0 	0.0 	0.0 	0.0 	0.0 	0.0 	0.0	-1.57	132.24018998	-3.99382065405	
4.98333333333	-6.77381914306e-06	-8.12642414954e-06	0.0 	0.0 	96.8725758387 	0.0 	0.0 	0.0 	0.0 	0.0 	0.0 	0.0 	0.0 	0.0 	0.0	-1.57	132.24018998	-3.99382065405	
5.0	-6.77381914306e-06	-8.12642414954e-06	0.0 	0.0 	96.8725758387 	0.0 	0.0 	0.0 	0.0 	0.0 	0.0 	0.0 	0.0 	0.0 	0.0	-1.57	132.24018998	-3.99382065405	
5.01666666667	-6.77381914306e-06	-8.12642414954e-06	0.0 	0.0 	96.8725758387 	0.0 	0.0 	0.0 	0.0 	0.0 	0.0 	0.0 	0.0 	0.0 	0.0	-1.57	132.24018998	-3.99382065405	
5.03333333333	-6.77381914306e-06	-8.12642414954e-06	0.0 	0.0 	96.8725758387 	0.0 	0.0 	0.0 	0.0 	0.0 	0.0 	0.0 	0.0 	0.0 	0.0	-1.57	132.24018998	-3.99382065405	
5.05	-6.77381914306e-06	-8.12642414954e-06	0.0 	0.0 	96.8725758387 	0.0 	0.0 	0.0 	0.0 	0.0 	0.0 	0.0 	0.0 	0.0 	0.0	-1.57	132.24018998	-3.99382065405	
5.06666666667	-6.77381914306e-06	-8.12642414954e-06	0.0 	0.0 	96.8725758387 	0.0 	0.0 	0.0 	0.0 	0.0 	0.0 	0.0 	0.0 	0.0 	0.0	-1.57	132.24018998	-3.99382065405	
5.08333333333	-6.77381914306e-06	-8.12642414954e-06	0.0 	0.0 	96.8725758387 	0.0 	0.0 	0.0 	0.0 	0.0 	0.0 	0.0 	0.0 	0.0 	0.0	-1.57	132.24018998	-3.99382065405	
5.1	-6.77381914306e-06	-8.12642414954e-06	0.0 	0.0 	96.8725758387 	0.0 	0.0 	0.0 	0.0 	0.0 	0.0 	0.0 	0.0 	0.0 	0.0	-1.57	132.24018998	-3.99382065405	
5.11666666667	-6.77381914306e-06	-8.12642414954e-06	0.0 	0.0 	96.8725758387 	0.0 	0.0 	0.0 	0.0 	0.0 	0.0 	0.0 	0.0 	0.0 	0.0	-1.57	132.24018998	-3.99382065405	
5.13333333333	-6.77381914306e-06	-8.12642414954e-06	0.0 	0.0 	96.8725758387 	0.0 	0.0 	0.0 	0.0 	0.0 	0.0 	0.0 	0.0 	0.0 	0.0	-1.57	132.24018998	-3.99382065405	
5.15	-6.77381914306e-06	-8.12642414954e-06	0.0 	0.0 	96.8725758387 	0.0 	0.0 	0.0 	0.0 	0.0 	0.0 	0.0 	0.0 	0.0 	0.0	-1.57	132.24018998	-3.99382065405	
5.16666666667	-6.77381914306e-06	-8.12642414954e-06	0.0 	0.0 	96.8725758387 	0.0 	0.0 	0.0 	0.0 	0.0 	0.0 	0.0 	0.0 	0.0 	0.0	-1.57	132.24018998	-3.99382065405	
5.18333333333	-6.77381914306e-06	-8.12642414954e-06	0.0 	0.0 	96.8725758387 	0.0 	0.0 	0.0 	0.0 	0.0 	0.0 	0.0 	0.0 	0.0 	0.0	-1.57	132.24018998	-3.99382065405	
5.2	-6.77381914306e-06	-8.12642414954e-06	0.0 	0.0 	96.8725758387 	0.0 	0.0 	0.0 	0.0 	0.0 	0.0 	0.0 	0.0 	0.0 	0.0	-1.57	132.24018998	-3.99382065405	
5.21666666667	-6.77381914306e-06	-8.12642414954e-06	0.0 	0.0 	96.8725758387 	0.0 	0.0 	0.0 	0.0 	0.0 	0.0 	0.0 	0.0 	0.0 	0.0	-1.57	132.24018998	-3.99382065405	
5.23333333333	-6.77381914306e-06	-8.12642414954e-06	0.0 	0.0 	96.8725758387 	0.0 	0.0 	0.0 	0.0 	0.0 	0.0 	0.0 	0.0 	0.0 	0.0	-1.57	132.24018998	-3.99382065405	
5.25	-6.77381914306e-06	-8.12642414954e-06	0.0 	0.0 	96.8725758387 	0.0 	0.0 	0.0 	0.0 	0.0 	0.0 	0.0 	0.0 	0.0 	0.0	-1.57	132.24018998	-3.99382065405	
5.26666666667	-6.77381914306e-06	-8.12642414954e-06	0.0 	0.0 	96.8725758387 	0.0 	0.0 	0.0 	0.0 	0.0 	0.0 	0.0 	0.0 	0.0 	0.0	-1.57	132.24018998	-3.99382065405	
5.28333333333	-6.77381914306e-06	-8.12642414954e-06	0.0 	0.0 	96.8725758387 	0.0 	0.0 	0.0 	0.0 	0.0 	0.0 	0.0 	0.0 	0.0 	0.0	-1.57	132.24018998	-3.99382065405	
5.3	-6.77381914306e-06	-8.12642414954e-06	0.0 	0.0 	96.8725758387 	0.0 	0.0 	0.0 	0.0 	0.0 	0.0 	0.0 	0.0 	0.0 	0.0	-1.57	132.24018998	-3.99382065405	
5.31666666667	-6.77381914306e-06	-8.12642414954e-06	0.0 	0.0 	96.8725758387 	0.0 	0.0 	0.0 	0.0 	0.0 	0.0 	0.0 	0.0 	0.0 	0.0	-1.57	132.24018998	-3.99382065405	
5.33333333333	-6.77381914306e-06	-8.12642414954e-06	0.0 	0.0 	96.8725758387 	0.0 	0.0 	0.0 	0.0 	0.0 	0.0 	0.0 	0.0 	0.0 	0.0	-1.57	132.24018998	-3.99382065405	
5.35	-6.77381914306e-06	-8.12642414954e-06	0.0 	0.0 	96.8725758387 	0.0 	0.0 	0.0 	0.0 	0.0 	0.0 	0.0 	0.0 	0.0 	0.0	-1.57	132.24018998	-3.99382065405	
5.36666666667	-6.77381914306e-06	-8.12642414954e-06	0.0 	0.0 	96.8725758387 	0.0 	0.0 	0.0 	0.0 	0.0 	0.0 	0.0 	0.0 	0.0 	0.0	-1.57	132.24018998	-3.99382065405	
5.38333333333	-6.77381914306e-06	-8.12642414954e-06	0.0 	0.0 	96.8725758387 	0.0 	0.0 	0.0 	0.0 	0.0 	0.0 	0.0 	0.0 	0.0 	0.0	-1.57	132.24018998	-3.99382065405	
5.4	-6.77381914306e-06	-8.12642414954e-06	0.0 	0.0 	96.8725758387 	0.0 	0.0 	0.0 	0.0 	0.0 	0.0 	0.0 	0.0 	0.0 	0.0	-1.57	132.24018998	-3.99382065405	
5.41666666667	-6.77381914306e-06	-8.12642414954e-06	0.0 	0.0 	96.8725758387 	0.0 	0.0 	0.0 	0.0 	0.0 	0.0 	0.0 	0.0 	0.0 	0.0	-1.57	132.24018998	-3.99382065405	
5.43333333333	-6.77381914306e-06	-8.12642414954e-06	0.0 	0.0 	96.8725758387 	0.0 	0.0 	0.0 	0.0 	0.0 	0.0 	0.0 	0.0 	0.0 	0.0	-1.57	132.24018998	-3.99382065405	
5.45	-6.77381914306e-06	-8.12642414954e-06	0.0 	0.0 	96.8725758387 	0.0 	0.0 	0.0 	0.0 	0.0 	0.0 	0.0 	0.0 	0.0 	0.0	-1.57	132.24018998	-3.99382065405	
5.46666666667	-6.77381914306e-06	-8.12642414954e-06	0.0 	0.0 	96.8725758387 	0.0 	0.0 	0.0 	0.0 	0.0 	0.0 	0.0 	0.0 	0.0 	0.0	-1.57	132.24018998	-3.99382065405	
5.48333333333	-6.77381914306e-06	-8.12642414954e-06	0.0 	0.0 	96.8725758387 	0.0 	0.0 	0.0 	0.0 	0.0 	0.0 	0.0 	0.0 	0.0 	0.0	-1.57	132.24018998	-3.99382065405	
5.5	-6.77381914306e-06	-8.12642414954e-06	0.0 	0.0 	96.8725758387 	0.0 	0.0 	0.0 	0.0 	0.0 	0.0 	0.0 	0.0 	0.0 	0.0	-1.57	132.24018998	-3.99382065405	
5.51666666667	-6.77381914306e-06	-8.12642414954e-06	0.0 	0.0 	96.8725758387 	0.0 	0.0 	0.0 	0.0 	0.0 	0.0 	0.0 	0.0 	0.0 	0.0	-1.57	132.24018998	-3.99382065405	
5.53333333333	-6.77381914306e-06	-8.12642414954e-06	0.0 	0.0 	96.8725758387 	0.0 	0.0 	0.0 	0.0 	0.0 	0.0 	0.0 	0.0 	0.0 	0.0	-1.57	132.24018998	-3.99382065405	
5.55	-6.77381914306e-06	-8.12642414954e-06	0.0 	0.0 	96.8725758387 	0.0 	0.0 	0.0 	0.0 	0.0 	0.0 	0.0 	0.0 	0.0 	0.0	-1.57	132.24018998	-3.99382065405	
5.56666666667	-6.77381914306e-06	-8.12642414954e-06	0.0 	0.0 	96.8725758387 	0.0 	0.0 	0.0 	0.0 	0.0 	0.0 	0.0 	0.0 	0.0 	0.0	-1.57	132.24018998	-3.99382065405	
5.58333333333	-6.77381914306e-06	-8.12642414954e-06	0.0 	0.0 	96.8725758387 	0.0 	0.0 	0.0 	0.0 	0.0 	0.0 	0.0 	0.0 	0.0 	0.0	-1.57	132.24018998	-3.99382065405	
5.6	-6.77381914306e-06	-8.12642414954e-06	0.0 	0.0 	96.8725758387 	0.0 	0.0 	0.0 	0.0 	0.0 	0.0 	0.0 	0.0 	0.0 	0.0	-1.57	132.24018998	-3.99382065405	
5.61666666667	-6.77381914306e-06	-8.12642414954e-06	0.0 	0.0 	96.8725758387 	0.0 	0.0 	0.0 	0.0 	0.0 	0.0 	0.0 	0.0 	0.0 	0.0	-1.57	132.24018998	-3.99382065405	
5.63333333333	-6.77381914306e-06	-8.12642414954e-06	0.0 	0.0 	96.8725758387 	0.0 	0.0 	0.0 	0.0 	0.0 	0.0 	0.0 	0.0 	0.0 	0.0	-1.57	132.24018998	-3.99382065405	
5.65	-6.77381914306e-06	-8.12642414954e-06	0.0 	0.0 	96.8725758387 	0.0 	0.0 	0.0 	0.0 	0.0 	0.0 	0.0 	0.0 	0.0 	0.0	-1.57	132.24018998	-3.99382065405	
5.66666666667	-6.77381914306e-06	-8.12642414954e-06	0.0 	0.0 	96.8725758387 	0.0 	0.0 	0.0 	0.0 	0.0 	0.0 	0.0 	0.0 	0.0 	0.0	-1.57	132.24018998	-3.99382065405	
5.68333333333	-6.77381914306e-06	-8.12642414954e-06	0.0 	0.0 	96.8725758387 	0.0 	0.0 	0.0 	0.0 	0.0 	0.0 	0.0 	0.0 	0.0 	0.0	-1.57	132.24018998	-3.99382065405	
5.7	-6.77381914306e-06	-8.12642414954e-06	0.0 	0.0 	96.8725758387 	0.0 	0.0 	0.0 	0.0 	0.0 	0.0 	0.0 	0.0 	0.0 	0.0	-1.57	132.24018998	-3.99382065405	
5.71666666667	-6.77381914306e-06	-8.12642414954e-06	0.0 	0.0 	96.8725758387 	0.0 	0.0 	0.0 	0.0 	0.0 	0.0 	0.0 	0.0 	0.0 	0.0	-1.57	132.24018998	-3.99382065405	
5.73333333333	-6.77381914306e-06	-8.12642414954e-06	0.0 	0.0 	96.8725758387 	0.0 	0.0 	0.0 	0.0 	0.0 	0.0 	0.0 	0.0 	0.0 	0.0	-1.57	132.24018998	-3.99382065405	
5.75	-6.77381914306e-06	-8.12642414954e-06	0.0 	0.0 	96.8725758387 	0.0 	0.0 	0.0 	0.0 	0.0 	0.0 	0.0 	0.0 	0.0 	0.0	-1.57	132.24018998	-3.99382065405	
5.76666666667	-6.77381914306e-06	-8.12642414954e-06	0.0 	0.0 	96.8725758387 	0.0 	0.0 	0.0 	0.0 	0.0 	0.0 	0.0 	0.0 	0.0 	0.0	-1.57	132.24018998	-3.99382065405	
5.78333333333	-6.77381914306e-06	-8.12642414954e-06	0.0 	0.0 	96.8725758387 	0.0 	0.0 	0.0 	0.0 	0.0 	0.0 	0.0 	0.0 	0.0 	0.0	-1.57	132.24018998	-3.99382065405	
5.8	-6.77381914306e-06	-8.12642414954e-06	0.0 	0.0 	96.8725758387 	0.0 	0.0 	0.0 	0.0 	0.0 	0.0 	0.0 	0.0 	0.0 	0.0	-1.57	132.24018998	-3.99382065405	
5.81666666667	-6.77381914306e-06	-8.12642414954e-06	0.0 	0.0 	96.8725758387 	0.0 	0.0 	0.0 	0.0 	0.0 	0.0 	0.0 	0.0 	0.0 	0.0	-1.57	132.24018998	-3.99382065405	
5.83333333333	-6.77381914306e-06	-8.12642414954e-06	0.0 	0.0 	96.8725758387 	0.0 	0.0 	0.0 	0.0 	0.0 	0.0 	0.0 	0.0 	0.0 	0.0	-1.57	132.24018998	-3.99382065405	
5.85	-6.77381914306e-06	-8.12642414954e-06	0.0 	0.0 	96.8725758387 	0.0 	0.0 	0.0 	0.0 	0.0 	0.0 	0.0 	0.0 	0.0 	0.0	-1.57	132.24018998	-3.99382065405	
5.86666666667	-6.77381914306e-06	-8.12642414954e-06	0.0 	0.0 	96.8725758387 	0.0 	0.0 	0.0 	0.0 	0.0 	0.0 	0.0 	0.0 	0.0 	0.0	-1.57	132.24018998	-3.99382065405	
5.88333333333	-6.77381914306e-06	-8.12642414954e-06	0.0 	0.0 	96.8725758387 	0.0 	0.0 	0.0 	0.0 	0.0 	0.0 	0.0 	0.0 	0.0 	0.0	-1.57	132.24018998	-3.99382065405	
5.9	-6.77381914306e-06	-8.12642414954e-06	0.0 	0.0 	96.8725758387 	0.0 	0.0 	0.0 	0.0 	0.0 	0.0 	0.0 	0.0 	0.0 	0.0	-1.57	132.24018998	-3.99382065405	
5.91666666667	-6.77381914306e-06	-8.12642414954e-06	0.0 	0.0 	96.8725758387 	0.0 	0.0 	0.0 	0.0 	0.0 	0.0 	0.0 	0.0 	0.0 	0.0	-1.57	132.24018998	-3.99382065405	
5.93333333333	-6.77381914306e-06	-8.12642414954e-06	0.0 	0.0 	96.8725758387 	0.0 	0.0 	0.0 	0.0 	0.0 	0.0 	0.0 	0.0 	0.0 	0.0	-1.57	132.24018998	-3.99382065405	
5.95	-6.77381914306e-06	-8.12642414954e-06	0.0 	0.0 	96.8725758387 	0.0 	0.0 	0.0 	0.0 	0.0 	0.0 	0.0 	0.0 	0.0 	0.0	-1.57	132.24018998	-3.99382065405	
5.96666666667	-6.77381914306e-06	-8.12642414954e-06	0.0 	0.0 	96.8725758387 	0.0 	0.0 	0.0 	0.0 	0.0 	0.0 	0.0 	0.0 	0.0 	0.0	-1.57	132.24018998	-3.99382065405	
5.98333333333	-6.77381914306e-06	-8.12642414954e-06	0.0 	0.0 	96.8725758387 	0.0 	0.0 	0.0 	0.0 	0.0 	0.0 	0.0 	0.0 	0.0 	0.0	-1.57	132.24018998	-3.99382065405	
6.0	-6.77381914306e-06	-8.12642414954e-06	0.0 	0.0 	96.8725758387 	0.0 	0.0 	0.0 	0.0 	0.0 	0.0 	0.0 	0.0 	0.0 	0.0	-1.57	132.24018998	-3.99382065405	
6.01666666667	-6.77381914306e-06	-8.12642414954e-06	0.0 	0.0 	96.8725758387 	0.0 	0.0 	0.0 	0.0 	0.0 	0.0 	0.0 	0.0 	0.0 	0.0	-1.57	132.24018998	-3.99382065405	
6.03333333333	-6.77381914306e-06	-8.12642414954e-06	0.0 	0.0 	96.8725758387 	0.0 	0.0 	0.0 	0.0 	0.0 	0.0 	0.0 	0.0 	0.0 	0.0	-1.57	132.24018998	-3.99382065405	
6.05	-6.77381914306e-06	-8.12642414954e-06	0.0 	0.0 	96.8725758387 	0.0 	0.0 	0.0 	0.0 	0.0 	0.0 	0.0 	0.0 	0.0 	0.0	-1.57	132.24018998	-3.99382065405	
6.06666666667	-6.77381914306e-06	-8.12642414954e-06	0.0 	0.0 	96.8725758387 	0.0 	0.0 	0.0 	0.0 	0.0 	0.0 	0.0 	0.0 	0.0 	0.0	-1.57	132.24018998	-3.99382065405	
6.08333333333	-6.77381914306e-06	-8.12642414954e-06	0.0 	0.0 	96.8725758387 	0.0 	0.0 	0.0 	0.0 	0.0 	0.0 	0.0 	0.0 	0.0 	0.0	-1.57	132.24018998	-3.99382065405	
6.1	-6.77381914306e-06	-8.12642414954e-06	0.0 	0.0 	96.8725758387 	0.0 	0.0 	0.0 	0.0 	0.0 	0.0 	0.0 	0.0 	0.0 	0.0	-1.57	132.24018998	-3.99382065405	
6.11666666667	-6.77381914306e-06	-8.12642414954e-06	0.0 	0.0 	96.8725758387 	0.0 	0.0 	0.0 	0.0 	0.0 	0.0 	0.0 	0.0 	0.0 	0.0	-1.57	132.24018998	-3.99382065405	
6.13333333333	-6.77381914306e-06	-8.12642414954e-06	0.0 	0.0 	96.8725758387 	0.0 	0.0 	0.0 	0.0 	0.0 	0.0 	0.0 	0.0 	0.0 	0.0	-1.57	132.24018998	-3.99382065405	
6.15	-6.77381914306e-06	-8.12642414954e-06	0.0 	0.0 	96.8725758387 	0.0 	0.0 	0.0 	0.0 	0.0 	0.0 	0.0 	0.0 	0.0 	0.0	-1.57	132.24018998	-3.99382065405	
6.16666666667	-6.77381914306e-06	-8.12642414954e-06	0.0 	0.0 	96.8725758387 	0.0 	0.0 	0.0 	0.0 	0.0 	0.0 	0.0 	0.0 	0.0 	0.0	-1.57	132.24018998	-3.99382065405	
6.18333333333	-6.77381914306e-06	-8.12642414954e-06	0.0 	0.0 	96.8725758387 	0.0 	0.0 	0.0 	0.0 	0.0 	0.0 	0.0 	0.0 	0.0 	0.0	-1.57	132.24018998	-3.99382065405	
6.2	-6.77381914306e-06	-8.12642414954e-06	0.0 	0.0 	96.8725758387 	0.0 	0.0 	0.0 	0.0 	0.0 	0.0 	0.0 	0.0 	0.0 	0.0	-1.57	132.24018998	-3.99382065405	
6.21666666667	-6.77381914306e-06	-8.12642414954e-06	0.0 	0.0 	96.8725758387 	0.0 	0.0 	0.0 	0.0 	0.0 	0.0 	0.0 	0.0 	0.0 	0.0	-1.57	132.24018998	-3.99382065405	
6.23333333333	-6.77381914306e-06	-8.12642414954e-06	0.0 	0.0 	96.8725758387 	0.0 	0.0 	0.0 	0.0 	0.0 	0.0 	0.0 	0.0 	0.0 	0.0	-1.57	132.24018998	-3.99382065405	
6.25	-6.77381914306e-06	-8.12642414954e-06	0.0 	0.0 	96.8725758387 	0.0 	0.0 	0.0 	0.0 	0.0 	0.0 	0.0 	0.0 	0.0 	0.0	-1.57	132.24018998	-3.99382065405	
6.26666666667	-6.77381914306e-06	-8.12642414954e-06	0.0 	0.0 	96.8725758387 	0.0 	0.0 	0.0 	0.0 	0.0 	0.0 	0.0 	0.0 	0.0 	0.0	-1.57	132.24018998	-3.99382065405	
6.28333333333	-6.77381914306e-06	-8.12642414954e-06	0.0 	0.0 	96.8725758387 	0.0 	0.0 	0.0 	0.0 	0.0 	0.0 	0.0 	0.0 	0.0 	0.0	-1.57	132.24018998	-3.99382065405	
6.3	-6.77381914306e-06	-8.12642414954e-06	0.0 	0.0 	96.8725758387 	0.0 	0.0 	0.0 	0.0 	0.0 	0.0 	0.0 	0.0 	0.0 	0.0	-1.57	132.24018998	-3.99382065405	
6.31666666667	-6.77381914306e-06	-8.12642414954e-06	0.0 	0.0 	96.8725758387 	0.0 	0.0 	0.0 	0.0 	0.0 	0.0 	0.0 	0.0 	0.0 	0.0	-1.57	132.24018998	-3.99382065405	
6.33333333333	-6.77381914306e-06	-8.12642414954e-06	0.0 	0.0 	96.8725758387 	0.0 	0.0 	0.0 	0.0 	0.0 	0.0 	0.0 	0.0 	0.0 	0.0	-1.57	132.24018998	-3.99382065405	
6.35	-6.77381914306e-06	-8.12642414954e-06	0.0 	0.0 	96.8725758387 	0.0 	0.0 	0.0 	0.0 	0.0 	0.0 	0.0 	0.0 	0.0 	0.0	-1.57	132.24018998	-3.99382065405	
6.36666666667	-6.77381914306e-06	-8.12642414954e-06	0.0 	0.0 	96.8725758387 	0.0 	0.0 	0.0 	0.0 	0.0 	0.0 	0.0 	0.0 	0.0 	0.0	-1.57	132.24018998	-3.99382065405	
6.38333333333	-6.77381914306e-06	-8.12642414954e-06	0.0 	0.0 	96.8725758387 	0.0 	0.0 	0.0 	0.0 	0.0 	0.0 	0.0 	0.0 	0.0 	0.0	-1.57	132.24018998	-3.99382065405	
6.4	-6.77381914306e-06	-8.12642414954e-06	0.0 	0.0 	96.8725758387 	0.0 	0.0 	0.0 	0.0 	0.0 	0.0 	0.0 	0.0 	0.0 	0.0	-1.57	132.24018998	-3.99382065405	
6.41666666667	-6.77381914306e-06	-8.12642414954e-06	0.0 	0.0 	96.8725758387 	0.0 	0.0 	0.0 	0.0 	0.0 	0.0 	0.0 	0.0 	0.0 	0.0	-1.57	132.24018998	-3.99382065405	
6.43333333333	-6.77381914306e-06	-8.12642414954e-06	0.0 	0.0 	96.8725758387 	0.0 	0.0 	0.0 	0.0 	0.0 	0.0 	0.0 	0.0 	0.0 	0.0	-1.57	132.24018998	-3.99382065405	
6.45	-6.77381914306e-06	-8.12642414954e-06	0.0 	0.0 	96.8725758387 	0.0 	0.0 	0.0 	0.0 	0.0 	0.0 	0.0 	0.0 	0.0 	0.0	-1.57	132.24018998	-3.99382065405	
6.46666666667	-6.77381914306e-06	-8.12642414954e-06	0.0 	0.0 	96.8725758387 	0.0 	0.0 	0.0 	0.0 	0.0 	0.0 	0.0 	0.0 	0.0 	0.0	-1.57	132.24018998	-3.99382065405	
6.48333333333	-6.77381914306e-06	-8.12642414954e-06	0.0 	0.0 	96.8725758387 	0.0 	0.0 	0.0 	0.0 	0.0 	0.0 	0.0 	0.0 	0.0 	0.0	-1.57	132.24018998	-3.99382065405	
6.5	-6.77381914306e-06	-8.12642414954e-06	0.0 	0.0 	96.8725758387 	0.0 	0.0 	0.0 	0.0 	0.0 	0.0 	0.0 	0.0 	0.0 	0.0	-1.57	132.24018998	-3.99382065405	
6.51666666667	-6.77381914306e-06	-8.12642414954e-06	0.0 	0.0 	96.8725758387 	0.0 	0.0 	0.0 	0.0 	0.0 	0.0 	0.0 	0.0 	0.0 	0.0	-1.57	132.24018998	-3.99382065405	
6.53333333333	-6.77381914306e-06	-8.12642414954e-06	0.0 	0.0 	96.8725758387 	0.0 	0.0 	0.0 	0.0 	0.0 	0.0 	0.0 	0.0 	0.0 	0.0	-1.57	132.24018998	-3.99382065405	
6.55	-6.77381914306e-06	-8.12642414954e-06	0.0 	0.0 	96.8725758387 	0.0 	0.0 	0.0 	0.0 	0.0 	0.0 	0.0 	0.0 	0.0 	0.0	-1.57	132.24018998	-3.99382065405	
6.56666666667	-6.77381914306e-06	-8.12642414954e-06	0.0 	0.0 	96.8725758387 	0.0 	0.0 	0.0 	0.0 	0.0 	0.0 	0.0 	0.0 	0.0 	0.0	-1.57	132.24018998	-3.99382065405	
6.58333333333	-6.77381914306e-06	-8.12642414954e-06	0.0 	0.0 	96.8725758387 	0.0 	0.0 	0.0 	0.0 	0.0 	0.0 	0.0 	0.0 	0.0 	0.0	-1.57	132.24018998	-3.99382065405	
6.6	-6.77381914306e-06	-8.12642414954e-06	0.0 	0.0 	96.8725758387 	0.0 	0.0 	0.0 	0.0 	0.0 	0.0 	0.0 	0.0 	0.0 	0.0	-1.57	132.24018998	-3.99382065405	
6.61666666667	-6.77381914306e-06	-8.12642414954e-06	0.0 	0.0 	96.8725758387 	0.0 	0.0 	0.0 	0.0 	0.0 	0.0 	0.0 	0.0 	0.0 	0.0	-1.57	132.24018998	-3.99382065405	
6.63333333333	-6.77381914306e-06	-8.12642414954e-06	0.0 	0.0 	96.8725758387 	0.0 	0.0 	0.0 	0.0 	0.0 	0.0 	0.0 	0.0 	0.0 	0.0	-1.57	132.24018998	-3.99382065405	
6.65	-6.77381914306e-06	-8.12642414954e-06	0.0 	0.0 	96.8725758387 	0.0 	0.0 	0.0 	0.0 	0.0 	0.0 	0.0 	0.0 	0.0 	0.0	-1.57	132.24018998	-3.99382065405	
6.66666666667	-6.77381914306e-06	-8.12642414954e-06	0.0 	0.0 	96.8725758387 	0.0 	0.0 	0.0 	0.0 	0.0 	0.0 	0.0 	0.0 	0.0 	0.0	-1.57	132.24018998	-3.99382065405	
6.68333333333	-6.77381914306e-06	-8.12642414954e-06	0.0 	0.0 	96.8725758387 	0.0 	0.0 	0.0 	0.0 	0.0 	0.0 	0.0 	0.0 	0.0 	0.0	-1.57	132.24018998	-3.99382065405	
6.7	-6.77381914306e-06	-8.12642414954e-06	0.0 	0.0 	96.8725758387 	0.0 	0.0 	0.0 	0.0 	0.0 	0.0 	0.0 	0.0 	0.0 	0.0	-1.57	132.24018998	-3.99382065405	
6.71666666667	-6.77381914306e-06	-8.12642414954e-06	0.0 	0.0 	96.8725758387 	0.0 	0.0 	0.0 	0.0 	0.0 	0.0 	0.0 	0.0 	0.0 	0.0	-1.57	132.24018998	-3.99382065405	
6.73333333333	-6.77381914306e-06	-8.12642414954e-06	0.0 	0.0 	96.8725758387 	0.0 	0.0 	0.0 	0.0 	0.0 	0.0 	0.0 	0.0 	0.0 	0.0	-1.57	132.24018998	-3.99382065405	
6.75	-6.77381914306e-06	-8.12642414954e-06	0.0 	0.0 	96.8725758387 	0.0 	0.0 	0.0 	0.0 	0.0 	0.0 	0.0 	0.0 	0.0 	0.0	-1.57	132.24018998	-3.99382065405	
6.76666666667	-6.77381914306e-06	-8.12642414954e-06	0.0 	0.0 	96.8725758387 	0.0 	0.0 	0.0 	0.0 	0.0 	0.0 	0.0 	0.0 	0.0 	0.0	-1.57	132.24018998	-3.99382065405	
6.78333333333	-6.77381914306e-06	-8.12642414954e-06	0.0 	0.0 	96.8725758387 	0.0 	0.0 	0.0 	0.0 	0.0 	0.0 	0.0 	0.0 	0.0 	0.0	-1.57	132.24018998	-3.99382065405	
6.8	-6.77381914306e-06	-8.12642414954e-06	0.0 	0.0 	96.8725758387 	0.0 	0.0 	0.0 	0.0 	0.0 	0.0 	0.0 	0.0 	0.0 	0.0	-1.57	132.24018998	-3.99382065405	
6.81666666667	-6.77381914306e-06	-8.12642414954e-06	0.0 	0.0 	96.8725758387 	0.0 	0.0 	0.0 	0.0 	0.0 	0.0 	0.0 	0.0 	0.0 	0.0	-1.57	132.24018998	-3.99382065405	
6.83333333333	-6.77381914306e-06	-8.12642414954e-06	0.0 	0.0 	96.8725758387 	0.0 	0.0 	0.0 	0.0 	0.0 	0.0 	0.0 	0.0 	0.0 	0.0	-1.57	132.24018998	-3.99382065405	
6.85	-6.77381914306e-06	-8.12642414954e-06	0.0 	0.0 	96.8725758387 	0.0 	0.0 	0.0 	0.0 	0.0 	0.0 	0.0 	0.0 	0.0 	0.0	-1.57	132.24018998	-3.99382065405	
6.86666666667	-6.77381914306e-06	-8.12642414954e-06	0.0 	0.0 	96.8725758387 	0.0 	0.0 	0.0 	0.0 	0.0 	0.0 	0.0 	0.0 	0.0 	0.0	-1.57	132.24018998	-3.99382065405	
6.88333333333	-6.77381914306e-06	-8.12642414954e-06	0.0 	0.0 	96.8725758387 	0.0 	0.0 	0.0 	0.0 	0.0 	0.0 	0.0 	0.0 	0.0 	0.0	-1.57	132.24018998	-3.99382065405	
6.9	-6.77381914306e-06	-8.12642414954e-06	0.0 	0.0 	96.8725758387 	0.0 	0.0 	0.0 	0.0 	0.0 	0.0 	0.0 	0.0 	0.0 	0.0	-1.57	132.24018998	-3.99382065405	
6.91666666667	-6.77381914306e-06	-8.12642414954e-06	0.0 	0.0 	96.8725758387 	0.0 	0.0 	0.0 	0.0 	0.0 	0.0 	0.0 	0.0 	0.0 	0.0	-1.57	132.24018998	-3.99382065405	
6.93333333333	-6.77381914306e-06	-8.12642414954e-06	0.0 	0.0 	96.8725758387 	0.0 	0.0 	0.0 	0.0 	0.0 	0.0 	0.0 	0.0 	0.0 	0.0	-1.57	132.24018998	-3.99382065405	
6.95	-6.77381914306e-06	-8.12642414954e-06	0.0 	0.0 	96.8725758387 	0.0 	0.0 	0.0 	0.0 	0.0 	0.0 	0.0 	0.0 	0.0 	0.0	-1.57	132.24018998	-3.99382065405	
6.96666666667	-6.77381914306e-06	-8.12642414954e-06	0.0 	0.0 	96.8725758387 	0.0 	0.0 	0.0 	0.0 	0.0 	0.0 	0.0 	0.0 	0.0 	0.0	-1.57	132.24018998	-3.99382065405	
6.98333333333	-6.77381914306e-06	-8.12642414954e-06	0.0 	0.0 	96.8725758387 	0.0 	0.0 	0.0 	0.0 	0.0 	0.0 	0.0 	0.0 	0.0 	0.0	-1.57	132.24018998	-3.99382065405	
7.0	-6.77381914306e-06	-8.12642414954e-06	0.0 	0.0 	96.8725758387 	0.0 	0.0 	0.0 	0.0 	0.0 	0.0 	0.0 	0.0 	0.0 	0.0	-1.57	132.24018998	-3.99382065405	
7.01666666667	-6.77381914306e-06	-8.12642414954e-06	0.0 	0.0 	96.8725758387 	0.0 	0.0 	0.0 	0.0 	0.0 	0.0 	0.0 	0.0 	0.0 	0.0	-1.57	132.24018998	-3.99382065405	
7.03333333333	-6.77381914306e-06	-8.12642414954e-06	0.0 	0.0 	96.8725758387 	0.0 	0.0 	0.0 	0.0 	0.0 	0.0 	0.0 	0.0 	0.0 	0.0	-1.57	132.24018998	-3.99382065405	
7.05	-6.77381914306e-06	-8.12642414954e-06	0.0 	0.0 	96.8725758387 	0.0 	0.0 	0.0 	0.0 	0.0 	0.0 	0.0 	0.0 	0.0 	0.0	-1.57	132.24018998	-3.99382065405	
7.06666666667	-6.77381914306e-06	-8.12642414954e-06	0.0 	0.0 	96.8725758387 	0.0 	0.0 	0.0 	0.0 	0.0 	0.0 	0.0 	0.0 	0.0 	0.0	-1.57	132.24018998	-3.99382065405	
7.08333333333	-6.77381914306e-06	-8.12642414954e-06	0.0 	0.0 	96.8725758387 	0.0 	0.0 	0.0 	0.0 	0.0 	0.0 	0.0 	0.0 	0.0 	0.0	-1.57	132.24018998	-3.99382065405	
7.1	-6.77381914306e-06	-8.12642414954e-06	0.0 	0.0 	96.8725758387 	0.0 	0.0 	0.0 	0.0 	0.0 	0.0 	0.0 	0.0 	0.0 	0.0	-1.57	132.24018998	-3.99382065405	
7.11666666667	-6.77381914306e-06	-8.12642414954e-06	0.0 	0.0 	96.8725758387 	0.0 	0.0 	0.0 	0.0 	0.0 	0.0 	0.0 	0.0 	0.0 	0.0	-1.57	132.24018998	-3.99382065405	
7.13333333333	-6.77381914306e-06	-8.12642414954e-06	0.0 	0.0 	96.8725758387 	0.0 	0.0 	0.0 	0.0 	0.0 	0.0 	0.0 	0.0 	0.0 	0.0	-1.57	132.24018998	-3.99382065405	
7.15	-6.77381914306e-06	-8.12642414954e-06	0.0 	0.0 	96.8725758387 	0.0 	0.0 	0.0 	0.0 	0.0 	0.0 	0.0 	0.0 	0.0 	0.0	-1.57	132.24018998	-3.99382065405	
7.16666666667	-6.77381914306e-06	-8.12642414954e-06	0.0 	0.0 	96.8725758387 	0.0 	0.0 	0.0 	0.0 	0.0 	0.0 	0.0 	0.0 	0.0 	0.0	-1.57	132.24018998	-3.99382065405	
7.18333333333	-6.77381914306e-06	-8.12642414954e-06	0.0 	0.0 	96.8725758387 	0.0 	0.0 	0.0 	0.0 	0.0 	0.0 	0.0 	0.0 	0.0 	0.0	-1.57	132.24018998	-3.99382065405	
7.2	-6.77381914306e-06	-8.12642414954e-06	0.0 	0.0 	96.8725758387 	0.0 	0.0 	0.0 	0.0 	0.0 	0.0 	0.0 	0.0 	0.0 	0.0	-1.57	132.24018998	-3.99382065405	
7.21666666667	-6.77381914306e-06	-8.12642414954e-06	0.0 	0.0 	96.8725758387 	0.0 	0.0 	0.0 	0.0 	0.0 	0.0 	0.0 	0.0 	0.0 	0.0	-1.57	132.24018998	-3.99382065405	
7.23333333333	-6.77381914306e-06	-8.12642414954e-06	0.0 	0.0 	96.8725758387 	0.0 	0.0 	0.0 	0.0 	0.0 	0.0 	0.0 	0.0 	0.0 	0.0	-1.57	132.24018998	-3.99382065405	
7.25	-6.77381914306e-06	-8.12642414954e-06	0.0 	0.0 	96.8725758387 	0.0 	0.0 	0.0 	0.0 	0.0 	0.0 	0.0 	0.0 	0.0 	0.0	-1.57	132.24018998	-3.99382065405	
7.26666666667	-6.77381914306e-06	-8.12642414954e-06	0.0 	0.0 	96.8725758387 	0.0 	0.0 	0.0 	0.0 	0.0 	0.0 	0.0 	0.0 	0.0 	0.0	-1.57	132.24018998	-3.99382065405	
7.28333333333	-6.77381914306e-06	-8.12642414954e-06	0.0 	0.0 	96.8725758387 	0.0 	0.0 	0.0 	0.0 	0.0 	0.0 	0.0 	0.0 	0.0 	0.0	-1.57	132.24018998	-3.99382065405	
7.3	-6.77381914306e-06	-8.12642414954e-06	0.0 	0.0 	96.8725758387 	0.0 	0.0 	0.0 	0.0 	0.0 	0.0 	0.0 	0.0 	0.0 	0.0	-1.57	132.24018998	-3.99382065405	
7.31666666667	-6.77381914306e-06	-8.12642414954e-06	0.0 	0.0 	96.8725758387 	0.0 	0.0 	0.0 	0.0 	0.0 	0.0 	0.0 	0.0 	0.0 	0.0	-1.57	132.24018998	-3.99382065405	
7.33333333333	-6.77381914306e-06	-8.12642414954e-06	0.0 	0.0 	96.8725758387 	0.0 	0.0 	0.0 	0.0 	0.0 	0.0 	0.0 	0.0 	0.0 	0.0	-1.57	132.24018998	-3.99382065405	
7.35	-6.77381914306e-06	-8.12642414954e-06	0.0 	0.0 	96.8725758387 	0.0 	0.0 	0.0 	0.0 	0.0 	0.0 	0.0 	0.0 	0.0 	0.0	-1.57	132.24018998	-3.99382065405	
7.36666666667	-6.77381914306e-06	-8.12642414954e-06	0.0 	0.0 	96.8725758387 	0.0 	0.0 	0.0 	0.0 	0.0 	0.0 	0.0 	0.0 	0.0 	0.0	-1.57	132.24018998	-3.99382065405	
7.38333333333	-6.77381914306e-06	-8.12642414954e-06	0.0 	0.0 	96.8725758387 	0.0 	0.0 	0.0 	0.0 	0.0 	0.0 	0.0 	0.0 	0.0 	0.0	-1.57	132.24018998	-3.99382065405	
7.4	-6.77381914306e-06	-8.12642414954e-06	0.0 	0.0 	96.8725758387 	0.0 	0.0 	0.0 	0.0 	0.0 	0.0 	0.0 	0.0 	0.0 	0.0	-1.57	132.24018998	-3.99382065405	
7.41666666667	-6.77381914306e-06	-8.12642414954e-06	0.0 	0.0 	96.8725758387 	0.0 	0.0 	0.0 	0.0 	0.0 	0.0 	0.0 	0.0 	0.0 	0.0	-1.57	132.24018998	-3.99382065405	
7.43333333333	-6.77381914306e-06	-8.12642414954e-06	0.0 	0.0 	96.8725758387 	0.0 	0.0 	0.0 	0.0 	0.0 	0.0 	0.0 	0.0 	0.0 	0.0	-1.57	132.24018998	-3.99382065405	
7.45	-6.77381914306e-06	-8.12642414954e-06	0.0 	0.0 	96.8725758387 	0.0 	0.0 	0.0 	0.0 	0.0 	0.0 	0.0 	0.0 	0.0 	0.0	-1.57	132.24018998	-3.99382065405	
7.46666666667	-6.77381914306e-06	-8.12642414954e-06	0.0 	0.0 	96.8725758387 	0.0 	0.0 	0.0 	0.0 	0.0 	0.0 	0.0 	0.0 	0.0 	0.0	-1.57	132.24018998	-3.99382065405	
7.48333333333	-6.77381914306e-06	-8.12642414954e-06	0.0 	0.0 	96.8725758387 	0.0 	0.0 	0.0 	0.0 	0.0 	0.0 	0.0 	0.0 	0.0 	0.0	-1.57	132.24018998	-3.99382065405	
7.5	-6.77381914306e-06	-8.12642414954e-06	0.0 	0.0 	96.8725758387 	0.0 	0.0 	0.0 	0.0 	0.0 	0.0 	0.0 	0.0 	0.0 	0.0	-1.57	132.24018998	-3.99382065405	
7.51666666667	-6.77381914306e-06	-8.12642414954e-06	0.0 	0.0 	96.8725758387 	0.0 	0.0 	0.0 	0.0 	0.0 	0.0 	0.0 	0.0 	0.0 	0.0	-1.57	132.24018998	-3.99382065405	
7.53333333333	-6.77381914306e-06	-8.12642414954e-06	0.0 	0.0 	96.8725758387 	0.0 	0.0 	0.0 	0.0 	0.0 	0.0 	0.0 	0.0 	0.0 	0.0	-1.57	132.24018998	-3.99382065405	
7.55	-6.77381914306e-06	-8.12642414954e-06	0.0 	0.0 	96.8725758387 	0.0 	0.0 	0.0 	0.0 	0.0 	0.0 	0.0 	0.0 	0.0 	0.0	-1.57	132.24018998	-3.99382065405	
7.56666666667	-6.77381914306e-06	-8.12642414954e-06	0.0 	0.0 	96.8725758387 	0.0 	0.0 	0.0 	0.0 	0.0 	0.0 	0.0 	0.0 	0.0 	0.0	-1.57	132.24018998	-3.99382065405	
7.58333333333	-6.77381914306e-06	-8.12642414954e-06	0.0 	0.0 	96.8725758387 	0.0 	0.0 	0.0 	0.0 	0.0 	0.0 	0.0 	0.0 	0.0 	0.0	-1.57	132.24018998	-3.99382065405	
7.6	-6.77381914306e-06	-8.12642414954e-06	0.0 	0.0 	96.8725758387 	0.0 	0.0 	0.0 	0.0 	0.0 	0.0 	0.0 	0.0 	0.0 	0.0	-1.57	132.24018998	-3.99382065405	
7.61666666667	-6.77381914306e-06	-8.12642414954e-06	0.0 	0.0 	96.8725758387 	0.0 	0.0 	0.0 	0.0 	0.0 	0.0 	0.0 	0.0 	0.0 	0.0	-1.57	132.24018998	-3.99382065405	
7.63333333333	-6.77381914306e-06	-8.12642414954e-06	0.0 	0.0 	96.8725758387 	0.0 	0.0 	0.0 	0.0 	0.0 	0.0 	0.0 	0.0 	0.0 	0.0	-1.57	132.24018998	-3.99382065405	
7.65	-6.77381914306e-06	-8.12642414954e-06	0.0 	0.0 	96.8725758387 	0.0 	0.0 	0.0 	0.0 	0.0 	0.0 	0.0 	0.0 	0.0 	0.0	-1.57	132.24018998	-3.99382065405	
7.66666666667	-6.77381914306e-06	-8.12642414954e-06	0.0 	0.0 	96.8725758387 	0.0 	0.0 	0.0 	0.0 	0.0 	0.0 	0.0 	0.0 	0.0 	0.0	-1.57	132.24018998	-3.99382065405	
7.68333333333	-6.77381914306e-06	-8.12642414954e-06	0.0 	0.0 	96.8725758387 	0.0 	0.0 	0.0 	0.0 	0.0 	0.0 	0.0 	0.0 	0.0 	0.0	-1.57	132.24018998	-3.99382065405	
7.7	-6.77381914306e-06	-8.12642414954e-06	0.0 	0.0 	96.8725758387 	0.0 	0.0 	0.0 	0.0 	0.0 	0.0 	0.0 	0.0 	0.0 	0.0	-1.57	132.24018998	-3.99382065405	
7.71666666667	-6.77381914306e-06	-8.12642414954e-06	0.0 	0.0 	96.8725758387 	0.0 	0.0 	0.0 	0.0 	0.0 	0.0 	0.0 	0.0 	0.0 	0.0	-1.57	132.24018998	-3.99382065405	
7.73333333333	-6.77381914306e-06	-8.12642414954e-06	0.0 	0.0 	96.8725758387 	0.0 	0.0 	0.0 	0.0 	0.0 	0.0 	0.0 	0.0 	0.0 	0.0	-1.57	132.24018998	-3.99382065405	
7.75	-6.77381914306e-06	-8.12642414954e-06	0.0 	0.0 	96.8725758387 	0.0 	0.0 	0.0 	0.0 	0.0 	0.0 	0.0 	0.0 	0.0 	0.0	-1.57	132.24018998	-3.99382065405	
7.76666666667	-6.77381914306e-06	-8.12642414954e-06	0.0 	0.0 	96.8725758387 	0.0 	0.0 	0.0 	0.0 	0.0 	0.0 	0.0 	0.0 	0.0 	0.0	-1.57	132.24018998	-3.99382065405	
7.78333333333	-6.77381914306e-06	-8.12642414954e-06	0.0 	0.0 	96.8725758387 	0.0 	0.0 	0.0 	0.0 	0.0 	0.0 	0.0 	0.0 	0.0 	0.0	-1.57	132.24018998	-3.99382065405	
7.8	-6.77381914306e-06	-8.12642414954e-06	0.0 	0.0 	96.8725758387 	0.0 	0.0 	0.0 	0.0 	0.0 	0.0 	0.0 	0.0 	0.0 	0.0	-1.57	132.24018998	-3.99382065405	
7.81666666667	-6.77381914306e-06	-8.12642414954e-06	0.0 	0.0 	96.8725758387 	0.0 	0.0 	0.0 	0.0 	0.0 	0.0 	0.0 	0.0 	0.0 	0.0	-1.57	132.24018998	-3.99382065405	
7.83333333333	-6.77381914306e-06	-8.12642414954e-06	0.0 	0.0 	96.8725758387 	0.0 	0.0 	0.0 	0.0 	0.0 	0.0 	0.0 	0.0 	0.0 	0.0	-1.57	132.24018998	-3.99382065405	
7.85	-6.77381914306e-06	-8.12642414954e-06	0.0 	0.0 	96.8725758387 	0.0 	0.0 	0.0 	0.0 	0.0 	0.0 	0.0 	0.0 	0.0 	0.0	-1.57	132.24018998	-3.99382065405	
7.86666666667	-6.77381914306e-06	-8.12642414954e-06	0.0 	0.0 	96.8725758387 	0.0 	0.0 	0.0 	0.0 	0.0 	0.0 	0.0 	0.0 	0.0 	0.0	-1.57	132.24018998	-3.99382065405	
7.88333333333	-6.77381914306e-06	-8.12642414954e-06	0.0 	0.0 	96.8725758387 	0.0 	0.0 	0.0 	0.0 	0.0 	0.0 	0.0 	0.0 	0.0 	0.0	-1.57	132.24018998	-3.99382065405	
7.9	-6.77381914306e-06	-8.12642414954e-06	0.0 	0.0 	96.8725758387 	0.0 	0.0 	0.0 	0.0 	0.0 	0.0 	0.0 	0.0 	0.0 	0.0	-1.57	132.24018998	-3.99382065405	
7.91666666667	-6.77381914306e-06	-8.12642414954e-06	0.0 	0.0 	96.8725758387 	0.0 	0.0 	0.0 	0.0 	0.0 	0.0 	0.0 	0.0 	0.0 	0.0	-1.57	132.24018998	-3.99382065405	
7.93333333333	-6.77381914306e-06	-8.12642414954e-06	0.0 	0.0 	96.8725758387 	0.0 	0.0 	0.0 	0.0 	0.0 	0.0 	0.0 	0.0 	0.0 	0.0	-1.57	132.24018998	-3.99382065405	
7.95	-6.77381914306e-06	-8.12642414954e-06	0.0 	0.0 	96.8725758387 	0.0 	0.0 	0.0 	0.0 	0.0 	0.0 	0.0 	0.0 	0.0 	0.0	-1.57	132.24018998	-3.99382065405	
7.96666666667	-6.77381914306e-06	-8.12642414954e-06	0.0 	0.0 	96.8725758387 	0.0 	0.0 	0.0 	0.0 	0.0 	0.0 	0.0 	0.0 	0.0 	0.0	-1.57	132.24018998	-3.99382065405	
7.98333333333	-6.77381914306e-06	-8.12642414954e-06	0.0 	0.0 	96.8725758387 	0.0 	0.0 	0.0 	0.0 	0.0 	0.0 	0.0 	0.0 	0.0 	0.0	-1.57	132.24018998	-3.99382065405	
8.0	-6.77381914306e-06	-8.12642414954e-06	0.0 	0.0 	96.8725758387 	0.0 	0.0 	0.0 	0.0 	0.0 	0.0 	0.0 	0.0 	0.0 	0.0	-1.57	132.24018998	-3.99382065405	
8.01666666667	-6.77381914306e-06	-8.12642414954e-06	0.0 	0.0 	96.8725758387 	0.0 	0.0 	0.0 	0.0 	0.0 	0.0 	0.0 	0.0 	0.0 	0.0	-1.57	132.24018998	-3.99382065405	
8.03333333333	-6.77381914306e-06	-8.12642414954e-06	0.0 	0.0 	96.8725758387 	0.0 	0.0 	0.0 	0.0 	0.0 	0.0 	0.0 	0.0 	0.0 	0.0	-1.57	132.24018998	-3.99382065405	
8.05	-6.77381914306e-06	-8.12642414954e-06	0.0 	0.0 	96.8725758387 	0.0 	0.0 	0.0 	0.0 	0.0 	0.0 	0.0 	0.0 	0.0 	0.0	-1.57	132.24018998	-3.99382065405	
8.06666666667	-6.77381914306e-06	-8.12642414954e-06	0.0 	0.0 	96.8725758387 	0.0 	0.0 	0.0 	0.0 	0.0 	0.0 	0.0 	0.0 	0.0 	0.0	-1.57	132.24018998	-3.99382065405	
8.08333333333	-6.77381914306e-06	-8.12642414954e-06	0.0 	0.0 	96.8725758387 	0.0 	0.0 	0.0 	0.0 	0.0 	0.0 	0.0 	0.0 	0.0 	0.0	-1.57	132.24018998	-3.99382065405	
8.1	-6.77381914306e-06	-8.12642414954e-06	0.0 	0.0 	96.8725758387 	0.0 	0.0 	0.0 	0.0 	0.0 	0.0 	0.0 	0.0 	0.0 	0.0	-1.57	132.24018998	-3.99382065405	
8.11666666667	-6.77381914306e-06	-8.12642414954e-06	0.0 	0.0 	96.8725758387 	0.0 	0.0 	0.0 	0.0 	0.0 	0.0 	0.0 	0.0 	0.0 	0.0	-1.57	132.24018998	-3.99382065405	
8.13333333333	-6.77381914306e-06	-8.12642414954e-06	0.0 	0.0 	96.8725758387 	0.0 	0.0 	0.0 	0.0 	0.0 	0.0 	0.0 	0.0 	0.0 	0.0	-1.57	132.24018998	-3.99382065405	
8.15	-6.77381914306e-06	-8.12642414954e-06	0.0 	0.0 	96.8725758387 	0.0 	0.0 	0.0 	0.0 	0.0 	0.0 	0.0 	0.0 	0.0 	0.0	-1.57	132.24018998	-3.99382065405	
8.16666666667	-6.77381914306e-06	-8.12642414954e-06	0.0 	0.0 	96.8725758387 	0.0 	0.0 	0.0 	0.0 	0.0 	0.0 	0.0 	0.0 	0.0 	0.0	-1.57	132.24018998	-3.99382065405	
8.18333333333	-6.77381914306e-06	-8.12642414954e-06	0.0 	0.0 	96.8725758387 	0.0 	0.0 	0.0 	0.0 	0.0 	0.0 	0.0 	0.0 	0.0 	0.0	-1.57	132.24018998	-3.99382065405	
8.2	-6.77381914306e-06	-8.12642414954e-06	0.0 	0.0 	96.8725758387 	0.0 	0.0 	0.0 	0.0 	0.0 	0.0 	0.0 	0.0 	0.0 	0.0	-1.57	132.24018998	-3.99382065405	
8.21666666667	-6.77381914306e-06	-8.12642414954e-06	0.0 	0.0 	96.8725758387 	0.0 	0.0 	0.0 	0.0 	0.0 	0.0 	0.0 	0.0 	0.0 	0.0	-1.57	132.24018998	-3.99382065405	
8.23333333333	-6.77381914306e-06	-8.12642414954e-06	0.0 	0.0 	96.8725758387 	0.0 	0.0 	0.0 	0.0 	0.0 	0.0 	0.0 	0.0 	0.0 	0.0	-1.57	132.24018998	-3.99382065405	
8.25	-6.77381914306e-06	-8.12642414954e-06	0.0 	0.0 	96.8725758387 	0.0 	0.0 	0.0 	0.0 	0.0 	0.0 	0.0 	0.0 	0.0 	0.0	-1.57	132.24018998	-3.99382065405	
8.26666666667	-6.77381914306e-06	-8.12642414954e-06	0.0 	0.0 	96.8725758387 	0.0 	0.0 	0.0 	0.0 	0.0 	0.0 	0.0 	0.0 	0.0 	0.0	-1.57	132.24018998	-3.99382065405	
8.28333333333	-6.77381914306e-06	-8.12642414954e-06	0.0 	0.0 	96.8725758387 	0.0 	0.0 	0.0 	0.0 	0.0 	0.0 	0.0 	0.0 	0.0 	0.0	-1.57	132.24018998	-3.99382065405	
8.3	-6.77381914306e-06	-8.12642414954e-06	0.0 	0.0 	96.8725758387 	0.0 	0.0 	0.0 	0.0 	0.0 	0.0 	0.0 	0.0 	0.0 	0.0	-1.57	132.24018998	-3.99382065405	
8.31666666667	-6.77381914306e-06	-8.12642414954e-06	0.0 	0.0 	96.8725758387 	0.0 	0.0 	0.0 	0.0 	0.0 	0.0 	0.0 	0.0 	0.0 	0.0	-1.57	132.24018998	-3.99382065405	
8.33333333333	-6.77381914306e-06	-8.12642414954e-06	0.0 	0.0 	96.8725758387 	0.0 	0.0 	0.0 	0.0 	0.0 	0.0 	0.0 	0.0 	0.0 	0.0	-1.57	132.24018998	-3.99382065405	
8.35	-6.77381914306e-06	-8.12642414954e-06	0.0 	0.0 	96.8725758387 	0.0 	0.0 	0.0 	0.0 	0.0 	0.0 	0.0 	0.0 	0.0 	0.0	-1.57	132.24018998	-3.99382065405	
8.36666666667	-6.77381914306e-06	-8.12642414954e-06	0.0 	0.0 	96.8725758387 	0.0 	0.0 	0.0 	0.0 	0.0 	0.0 	0.0 	0.0 	0.0 	0.0	-1.57	132.24018998	-3.99382065405	
8.38333333333	-6.77381914306e-06	-8.12642414954e-06	0.0 	0.0 	96.8725758387 	0.0 	0.0 	0.0 	0.0 	0.0 	0.0 	0.0 	0.0 	0.0 	0.0	-1.57	132.24018998	-3.99382065405	
8.4	-6.77381914306e-06	-8.12642414954e-06	0.0 	0.0 	96.8725758387 	0.0 	0.0 	0.0 	0.0 	0.0 	0.0 	0.0 	0.0 	0.0 	0.0	-1.57	132.24018998	-3.99382065405	
8.41666666667	-6.77381914306e-06	-8.12642414954e-06	0.0 	0.0 	96.8725758387 	0.0 	0.0 	0.0 	0.0 	0.0 	0.0 	0.0 	0.0 	0.0 	0.0	-1.57	132.24018998	-3.99382065405	
8.43333333333	-6.77381914306e-06	-8.12642414954e-06	0.0 	0.0 	96.8725758387 	0.0 	0.0 	0.0 	0.0 	0.0 	0.0 	0.0 	0.0 	0.0 	0.0	-1.57	132.24018998	-3.99382065405	
8.45	-6.77381914306e-06	-8.12642414954e-06	0.0 	0.0 	96.8725758387 	0.0 	0.0 	0.0 	0.0 	0.0 	0.0 	0.0 	0.0 	0.0 	0.0	-1.57	132.24018998	-3.99382065405	
8.46666666667	-6.77381914306e-06	-8.12642414954e-06	0.0 	0.0 	96.8725758387 	0.0 	0.0 	0.0 	0.0 	0.0 	0.0 	0.0 	0.0 	0.0 	0.0	-1.57	132.24018998	-3.99382065405	
8.48333333333	-6.77381914306e-06	-8.12642414954e-06	0.0 	0.0 	96.8725758387 	0.0 	0.0 	0.0 	0.0 	0.0 	0.0 	0.0 	0.0 	0.0 	0.0	-1.57	132.24018998	-3.99382065405	
8.5	-6.77381914306e-06	-8.12642414954e-06	0.0 	0.0 	96.8725758387 	0.0 	0.0 	0.0 	0.0 	0.0 	0.0 	0.0 	0.0 	0.0 	0.0	-1.57	132.24018998	-3.99382065405	
8.51666666667	-6.77381914306e-06	-8.12642414954e-06	0.0 	0.0 	96.8725758387 	0.0 	0.0 	0.0 	0.0 	0.0 	0.0 	0.0 	0.0 	0.0 	0.0	-1.57	132.24018998	-3.99382065405	
8.53333333333	-6.77381914306e-06	-8.12642414954e-06	0.0 	0.0 	96.8725758387 	0.0 	0.0 	0.0 	0.0 	0.0 	0.0 	0.0 	0.0 	0.0 	0.0	-1.57	132.24018998	-3.99382065405	
8.55	-6.77381914306e-06	-8.12642414954e-06	0.0 	0.0 	96.8725758387 	0.0 	0.0 	0.0 	0.0 	0.0 	0.0 	0.0 	0.0 	0.0 	0.0	-1.57	132.24018998	-3.99382065405	
8.56666666667	-6.77381914306e-06	-8.12642414954e-06	0.0 	0.0 	96.8725758387 	0.0 	0.0 	0.0 	0.0 	0.0 	0.0 	0.0 	0.0 	0.0 	0.0	-1.57	132.24018998	-3.99382065405	
8.58333333333	-6.77381914306e-06	-8.12642414954e-06	0.0 	0.0 	96.8725758387 	0.0 	0.0 	0.0 	0.0 	0.0 	0.0 	0.0 	0.0 	0.0 	0.0	-1.57	132.24018998	-3.99382065405	
8.6	-6.77381914306e-06	-8.12642414954e-06	0.0 	0.0 	96.8725758387 	0.0 	0.0 	0.0 	0.0 	0.0 	0.0 	0.0 	0.0 	0.0 	0.0	-1.57	132.24018998	-3.99382065405	
8.61666666667	-6.77381914306e-06	-8.12642414954e-06	0.0 	0.0 	96.8725758387 	0.0 	0.0 	0.0 	0.0 	0.0 	0.0 	0.0 	0.0 	0.0 	0.0	-1.57	132.24018998	-3.99382065405	
8.63333333333	-6.77381914306e-06	-8.12642414954e-06	0.0 	0.0 	96.8725758387 	0.0 	0.0 	0.0 	0.0 	0.0 	0.0 	0.0 	0.0 	0.0 	0.0	-1.57	132.24018998	-3.99382065405	
8.65	-6.77381914306e-06	-8.12642414954e-06	0.0 	0.0 	96.8725758387 	0.0 	0.0 	0.0 	0.0 	0.0 	0.0 	0.0 	0.0 	0.0 	0.0	-1.57	132.24018998	-3.99382065405	
8.66666666667	-6.77381914306e-06	-8.12642414954e-06	0.0 	0.0 	96.8725758387 	0.0 	0.0 	0.0 	0.0 	0.0 	0.0 	0.0 	0.0 	0.0 	0.0	-1.57	132.24018998	-3.99382065405	
8.68333333333	-6.77381914306e-06	-8.12642414954e-06	0.0 	0.0 	96.8725758387 	0.0 	0.0 	0.0 	0.0 	0.0 	0.0 	0.0 	0.0 	0.0 	0.0	-1.57	132.24018998	-3.99382065405	
8.7	-6.77381914306e-06	-8.12642414954e-06	0.0 	0.0 	96.8725758387 	0.0 	0.0 	0.0 	0.0 	0.0 	0.0 	0.0 	0.0 	0.0 	0.0	-1.57	132.24018998	-3.99382065405	
8.71666666667	-6.77381914306e-06	-8.12642414954e-06	0.0 	0.0 	96.8725758387 	0.0 	0.0 	0.0 	0.0 	0.0 	0.0 	0.0 	0.0 	0.0 	0.0	-1.57	132.24018998	-3.99382065405	
8.73333333333	-6.77381914306e-06	-8.12642414954e-06	0.0 	0.0 	96.8725758387 	0.0 	0.0 	0.0 	0.0 	0.0 	0.0 	0.0 	0.0 	0.0 	0.0	-1.57	132.24018998	-3.99382065405	
8.75	-6.77381914306e-06	-8.12642414954e-06	0.0 	0.0 	96.8725758387 	0.0 	0.0 	0.0 	0.0 	0.0 	0.0 	0.0 	0.0 	0.0 	0.0	-1.57	132.24018998	-3.99382065405	
8.76666666667	-6.77381914306e-06	-8.12642414954e-06	0.0 	0.0 	96.8725758387 	0.0 	0.0 	0.0 	0.0 	0.0 	0.0 	0.0 	0.0 	0.0 	0.0	-1.57	132.24018998	-3.99382065405	
8.78333333333	-6.77381914306e-06	-8.12642414954e-06	0.0 	0.0 	96.8725758387 	0.0 	0.0 	0.0 	0.0 	0.0 	0.0 	0.0 	0.0 	0.0 	0.0	-1.57	132.24018998	-3.99382065405	
8.8	-6.77381914306e-06	-8.12642414954e-06	0.0 	0.0 	96.8725758387 	0.0 	0.0 	0.0 	0.0 	0.0 	0.0 	0.0 	0.0 	0.0 	0.0	-1.57	132.24018998	-3.99382065405	
8.81666666667	-6.77381914306e-06	-8.12642414954e-06	0.0 	0.0 	96.8725758387 	0.0 	0.0 	0.0 	0.0 	0.0 	0.0 	0.0 	0.0 	0.0 	0.0	-1.57	132.24018998	-3.99382065405	
8.83333333333	-6.77381914306e-06	-8.12642414954e-06	0.0 	0.0 	96.8725758387 	0.0 	0.0 	0.0 	0.0 	0.0 	0.0 	0.0 	0.0 	0.0 	0.0	-1.57	132.24018998	-3.99382065405	
8.85	-6.77381914306e-06	-8.12642414954e-06	0.0 	0.0 	96.8725758387 	0.0 	0.0 	0.0 	0.0 	0.0 	0.0 	0.0 	0.0 	0.0 	0.0	-1.57	132.24018998	-3.99382065405	
8.86666666667	-6.77381914306e-06	-8.12642414954e-06	0.0 	0.0 	96.8725758387 	0.0 	0.0 	0.0 	0.0 	0.0 	0.0 	0.0 	0.0 	0.0 	0.0	-1.57	132.24018998	-3.99382065405	
8.88333333333	-6.77381914306e-06	-8.12642414954e-06	0.0 	0.0 	96.8725758387 	0.0 	0.0 	0.0 	0.0 	0.0 	0.0 	0.0 	0.0 	0.0 	0.0	-1.57	132.24018998	-3.99382065405	
8.9	-6.77381914306e-06	-8.12642414954e-06	0.0 	0.0 	96.8725758387 	0.0 	0.0 	0.0 	0.0 	0.0 	0.0 	0.0 	0.0 	0.0 	0.0	-1.57	132.24018998	-3.99382065405	
8.91666666667	-6.77381914306e-06	-8.12642414954e-06	0.0 	0.0 	96.8725758387 	0.0 	0.0 	0.0 	0.0 	0.0 	0.0 	0.0 	0.0 	0.0 	0.0	-1.57	132.24018998	-3.99382065405	
8.93333333333	-6.77381914306e-06	-8.12642414954e-06	0.0 	0.0 	96.8725758387 	0.0 	0.0 	0.0 	0.0 	0.0 	0.0 	0.0 	0.0 	0.0 	0.0	-1.57	132.24018998	-3.99382065405	
8.95	-6.77381914306e-06	-8.12642414954e-06	0.0 	0.0 	96.8725758387 	0.0 	0.0 	0.0 	0.0 	0.0 	0.0 	0.0 	0.0 	0.0 	0.0	-1.57	132.24018998	-3.99382065405	
8.96666666667	-6.77381914306e-06	-8.12642414954e-06	0.0 	0.0 	96.8725758387 	0.0 	0.0 	0.0 	0.0 	0.0 	0.0 	0.0 	0.0 	0.0 	0.0	-1.57	132.24018998	-3.99382065405	
8.98333333333	-6.77381914306e-06	-8.12642414954e-06	0.0 	0.0 	96.8725758387 	0.0 	0.0 	0.0 	0.0 	0.0 	0.0 	0.0 	0.0 	0.0 	0.0	-1.57	132.24018998	-3.99382065405	
9.0	-6.77381914306e-06	-8.12642414954e-06	0.0 	0.0 	96.8725758387 	0.0 	0.0 	0.0 	0.0 	0.0 	0.0 	0.0 	0.0 	0.0 	0.0	-1.57	132.24018998	-3.99382065405	
9.01666666667	-6.77381914306e-06	-8.12642414954e-06	0.0 	0.0 	96.8725758387 	0.0 	0.0 	0.0 	0.0 	0.0 	0.0 	0.0 	0.0 	0.0 	0.0	-1.57	132.24018998	-3.99382065405	
9.03333333333	-6.77381914306e-06	-8.12642414954e-06	0.0 	0.0 	96.8725758387 	0.0 	0.0 	0.0 	0.0 	0.0 	0.0 	0.0 	0.0 	0.0 	0.0	-1.57	132.24018998	-3.99382065405	
9.05	-6.77381914306e-06	-8.12642414954e-06	0.0 	0.0 	96.8725758387 	0.0 	0.0 	0.0 	0.0 	0.0 	0.0 	0.0 	0.0 	0.0 	0.0	-1.57	132.24018998	-3.99382065405	
9.06666666667	-6.77381914306e-06	-8.12642414954e-06	0.0 	0.0 	96.8725758387 	0.0 	0.0 	0.0 	0.0 	0.0 	0.0 	0.0 	0.0 	0.0 	0.0	-1.57	132.24018998	-3.99382065405	
9.08333333333	-6.77381914306e-06	-8.12642414954e-06	0.0 	0.0 	96.8725758387 	0.0 	0.0 	0.0 	0.0 	0.0 	0.0 	0.0 	0.0 	0.0 	0.0	-1.57	132.24018998	-3.99382065405	
9.1	-6.77381914306e-06	-8.12642414954e-06	0.0 	0.0 	96.8725758387 	0.0 	0.0 	0.0 	0.0 	0.0 	0.0 	0.0 	0.0 	0.0 	0.0	-1.57	132.24018998	-3.99382065405	
9.11666666667	-6.77381914306e-06	-8.12642414954e-06	0.0 	0.0 	96.8725758387 	0.0 	0.0 	0.0 	0.0 	0.0 	0.0 	0.0 	0.0 	0.0 	0.0	-1.57	132.24018998	-3.99382065405	
9.13333333333	-6.77381914306e-06	-8.12642414954e-06	0.0 	0.0 	96.8725758387 	0.0 	0.0 	0.0 	0.0 	0.0 	0.0 	0.0 	0.0 	0.0 	0.0	-1.57	132.24018998	-3.99382065405	
9.15	-6.77381914306e-06	-8.12642414954e-06	0.0 	0.0 	96.8725758387 	0.0 	0.0 	0.0 	0.0 	0.0 	0.0 	0.0 	0.0 	0.0 	0.0	-1.57	132.24018998	-3.99382065405	
9.16666666667	-6.77381914306e-06	-8.12642414954e-06	0.0 	0.0 	96.8725758387 	0.0 	0.0 	0.0 	0.0 	0.0 	0.0 	0.0 	0.0 	0.0 	0.0	-1.57	132.24018998	-3.99382065405	
9.18333333333	-6.77381914306e-06	-8.12642414954e-06	0.0 	0.0 	96.8725758387 	0.0 	0.0 	0.0 	0.0 	0.0 	0.0 	0.0 	0.0 	0.0 	0.0	-1.57	132.24018998	-3.99382065405	
9.2	-6.77381914306e-06	-8.12642414954e-06	0.0 	0.0 	96.8725758387 	0.0 	0.0 	0.0 	0.0 	0.0 	0.0 	0.0 	0.0 	0.0 	0.0	-1.57	132.24018998	-3.99382065405	
9.21666666667	-6.77381914306e-06	-8.12642414954e-06	0.0 	0.0 	96.8725758387 	0.0 	0.0 	0.0 	0.0 	0.0 	0.0 	0.0 	0.0 	0.0 	0.0	-1.57	132.24018998	-3.99382065405	
9.23333333333	-6.77381914306e-06	-8.12642414954e-06	0.0 	0.0 	96.8725758387 	0.0 	0.0 	0.0 	0.0 	0.0 	0.0 	0.0 	0.0 	0.0 	0.0	-1.57	132.24018998	-3.99382065405	
9.25	-6.77381914306e-06	-8.12642414954e-06	0.0 	0.0 	96.8725758387 	0.0 	0.0 	0.0 	0.0 	0.0 	0.0 	0.0 	0.0 	0.0 	0.0	-1.57	132.24018998	-3.99382065405	
9.26666666667	-6.77381914306e-06	-8.12642414954e-06	0.0 	0.0 	96.8725758387 	0.0 	0.0 	0.0 	0.0 	0.0 	0.0 	0.0 	0.0 	0.0 	0.0	-1.57	132.24018998	-3.99382065405	
9.28333333333	-6.77381914306e-06	-8.12642414954e-06	0.0 	0.0 	96.8725758387 	0.0 	0.0 	0.0 	0.0 	0.0 	0.0 	0.0 	0.0 	0.0 	0.0	-1.57	132.24018998	-3.99382065405	
9.3	-6.77381914306e-06	-8.12642414954e-06	0.0 	0.0 	96.8725758387 	0.0 	0.0 	0.0 	0.0 	0.0 	0.0 	0.0 	0.0 	0.0 	0.0	-1.57	132.24018998	-3.99382065405	
9.31666666667	-6.77381914306e-06	-8.12642414954e-06	0.0 	0.0 	96.8725758387 	0.0 	0.0 	0.0 	0.0 	0.0 	0.0 	0.0 	0.0 	0.0 	0.0	-1.57	132.24018998	-3.99382065405	
9.33333333333	-6.77381914306e-06	-8.12642414954e-06	0.0 	0.0 	96.8725758387 	0.0 	0.0 	0.0 	0.0 	0.0 	0.0 	0.0 	0.0 	0.0 	0.0	-1.57	132.24018998	-3.99382065405	
9.35	-6.77381914306e-06	-8.12642414954e-06	0.0 	0.0 	96.8725758387 	0.0 	0.0 	0.0 	0.0 	0.0 	0.0 	0.0 	0.0 	0.0 	0.0	-1.57	132.24018998	-3.99382065405	
9.36666666667	-6.77381914306e-06	-8.12642414954e-06	0.0 	0.0 	96.8725758387 	0.0 	0.0 	0.0 	0.0 	0.0 	0.0 	0.0 	0.0 	0.0 	0.0	-1.57	132.24018998	-3.99382065405	
9.38333333333	-6.77381914306e-06	-8.12642414954e-06	0.0 	0.0 	96.8725758387 	0.0 	0.0 	0.0 	0.0 	0.0 	0.0 	0.0 	0.0 	0.0 	0.0	-1.57	132.24018998	-3.99382065405	
9.4	-6.77381914306e-06	-8.12642414954e-06	0.0 	0.0 	96.8725758387 	0.0 	0.0 	0.0 	0.0 	0.0 	0.0 	0.0 	0.0 	0.0 	0.0	-1.57	132.24018998	-3.99382065405	
9.41666666667	-6.77381914306e-06	-8.12642414954e-06	0.0 	0.0 	96.8725758387 	0.0 	0.0 	0.0 	0.0 	0.0 	0.0 	0.0 	0.0 	0.0 	0.0	-1.57	132.24018998	-3.99382065405	
9.43333333333	-6.77381914306e-06	-8.12642414954e-06	0.0 	0.0 	96.8725758387 	0.0 	0.0 	0.0 	0.0 	0.0 	0.0 	0.0 	0.0 	0.0 	0.0	-1.57	132.24018998	-3.99382065405	
9.45	-6.77381914306e-06	-8.12642414954e-06	0.0 	0.0 	96.8725758387 	0.0 	0.0 	0.0 	0.0 	0.0 	0.0 	0.0 	0.0 	0.0 	0.0	-1.57	132.24018998	-3.99382065405	
9.46666666667	-6.77381914306e-06	-8.12642414954e-06	0.0 	0.0 	96.8725758387 	0.0 	0.0 	0.0 	0.0 	0.0 	0.0 	0.0 	0.0 	0.0 	0.0	-1.57	132.24018998	-3.99382065405	
9.48333333333	-6.77381914306e-06	-8.12642414954e-06	0.0 	0.0 	96.8725758387 	0.0 	0.0 	0.0 	0.0 	0.0 	0.0 	0.0 	0.0 	0.0 	0.0	-1.57	132.24018998	-3.99382065405	
9.5	-6.77381914306e-06	-8.12642414954e-06	0.0 	0.0 	96.8725758387 	0.0 	0.0 	0.0 	0.0 	0.0 	0.0 	0.0 	0.0 	0.0 	0.0	-1.57	132.24018998	-3.99382065405	
9.51666666667	-6.77381914306e-06	-8.12642414954e-06	0.0 	0.0 	96.8725758387 	0.0 	0.0 	0.0 	0.0 	0.0 	0.0 	0.0 	0.0 	0.0 	0.0	-1.57	132.24018998	-3.99382065405	
9.53333333333	-6.77381914306e-06	-8.12642414954e-06	0.0 	0.0 	96.8725758387 	0.0 	0.0 	0.0 	0.0 	0.0 	0.0 	0.0 	0.0 	0.0 	0.0	-1.57	132.24018998	-3.99382065405	
9.55	-6.77381914306e-06	-8.12642414954e-06	0.0 	0.0 	96.8725758387 	0.0 	0.0 	0.0 	0.0 	0.0 	0.0 	0.0 	0.0 	0.0 	0.0	-1.57	132.24018998	-3.99382065405	
9.56666666667	-6.77381914306e-06	-8.12642414954e-06	0.0 	0.0 	96.8725758387 	0.0 	0.0 	0.0 	0.0 	0.0 	0.0 	0.0 	0.0 	0.0 	0.0	-1.57	132.24018998	-3.99382065405	
9.58333333333	-6.77381914306e-06	-8.12642414954e-06	0.0 	0.0 	96.8725758387 	0.0 	0.0 	0.0 	0.0 	0.0 	0.0 	0.0 	0.0 	0.0 	0.0	-1.57	132.24018998	-3.99382065405	
9.6	-6.77381914306e-06	-8.12642414954e-06	0.0 	0.0 	96.8725758387 	0.0 	0.0 	0.0 	0.0 	0.0 	0.0 	0.0 	0.0 	0.0 	0.0	-1.57	132.24018998	-3.99382065405	
9.61666666667	-6.77381914306e-06	-8.12642414954e-06	0.0 	0.0 	96.8725758387 	0.0 	0.0 	0.0 	0.0 	0.0 	0.0 	0.0 	0.0 	0.0 	0.0	-1.57	132.24018998	-3.99382065405	
9.63333333333	-6.77381914306e-06	-8.12642414954e-06	0.0 	0.0 	96.8725758387 	0.0 	0.0 	0.0 	0.0 	0.0 	0.0 	0.0 	0.0 	0.0 	0.0	-1.57	132.24018998	-3.99382065405	
9.65	-6.77381914306e-06	-8.12642414954e-06	0.0 	0.0 	96.8725758387 	0.0 	0.0 	0.0 	0.0 	0.0 	0.0 	0.0 	0.0 	0.0 	0.0	-1.57	132.24018998	-3.99382065405	
9.66666666667	-6.77381914306e-06	-8.12642414954e-06	0.0 	0.0 	96.8725758387 	0.0 	0.0 	0.0 	0.0 	0.0 	0.0 	0.0 	0.0 	0.0 	0.0	-1.57	132.24018998	-3.99382065405	
9.68333333333	-6.77381914306e-06	-8.12642414954e-06	0.0 	0.0 	96.8725758387 	0.0 	0.0 	0.0 	0.0 	0.0 	0.0 	0.0 	0.0 	0.0 	0.0	-1.57	132.24018998	-3.99382065405	
9.7	-6.77381914306e-06	-8.12642414954e-06	0.0 	0.0 	96.8725758387 	0.0 	0.0 	0.0 	0.0 	0.0 	0.0 	0.0 	0.0 	0.0 	0.0	-1.57	132.24018998	-3.99382065405	
9.71666666667	-6.77381914306e-06	-8.12642414954e-06	0.0 	0.0 	96.8725758387 	0.0 	0.0 	0.0 	0.0 	0.0 	0.0 	0.0 	0.0 	0.0 	0.0	-1.57	132.24018998	-3.99382065405	
9.73333333333	-6.77381914306e-06	-8.12642414954e-06	0.0 	0.0 	96.8725758387 	0.0 	0.0 	0.0 	0.0 	0.0 	0.0 	0.0 	0.0 	0.0 	0.0	-1.57	132.24018998	-3.99382065405	
9.75	-6.77381914306e-06	-8.12642414954e-06	0.0 	0.0 	96.8725758387 	0.0 	0.0 	0.0 	0.0 	0.0 	0.0 	0.0 	0.0 	0.0 	0.0	-1.57	132.24018998	-3.99382065405	
9.76666666667	-6.77381914306e-06	-8.12642414954e-06	0.0 	0.0 	96.8725758387 	0.0 	0.0 	0.0 	0.0 	0.0 	0.0 	0.0 	0.0 	0.0 	0.0	-1.57	132.24018998	-3.99382065405	
9.78333333333	-6.77381914306e-06	-8.12642414954e-06	0.0 	0.0 	96.8725758387 	0.0 	0.0 	0.0 	0.0 	0.0 	0.0 	0.0 	0.0 	0.0 	0.0	-1.57	132.24018998	-3.99382065405	
9.8	-6.77381914306e-06	-8.12642414954e-06	0.0 	0.0 	96.8725758387 	0.0 	0.0 	0.0 	0.0 	0.0 	0.0 	0.0 	0.0 	0.0 	0.0	-1.57	132.24018998	-3.99382065405	
9.81666666667	-6.77381914306e-06	-8.12642414954e-06	0.0 	0.0 	96.8725758387 	0.0 	0.0 	0.0 	0.0 	0.0 	0.0 	0.0 	0.0 	0.0 	0.0	-1.57	132.24018998	-3.99382065405	
9.83333333333	-6.77381914306e-06	-8.12642414954e-06	0.0 	0.0 	96.8725758387 	0.0 	0.0 	0.0 	0.0 	0.0 	0.0 	0.0 	0.0 	0.0 	0.0	-1.57	132.24018998	-3.99382065405	
9.85	-6.77381914306e-06	-8.12642414954e-06	0.0 	0.0 	96.8725758387 	0.0 	0.0 	0.0 	0.0 	0.0 	0.0 	0.0 	0.0 	0.0 	0.0	-1.57	132.24018998	-3.99382065405	
9.86666666667	-6.77381914306e-06	-8.12642414954e-06	0.0 	0.0 	96.8725758387 	0.0 	0.0 	0.0 	0.0 	0.0 	0.0 	0.0 	0.0 	0.0 	0.0	-1.57	132.24018998	-3.99382065405	
9.88333333333	-6.77381914306e-06	-8.12642414954e-06	0.0 	0.0 	96.8725758387 	0.0 	0.0 	0.0 	0.0 	0.0 	0.0 	0.0 	0.0 	0.0 	0.0	-1.57	132.24018998	-3.99382065405	
9.9	-6.77381914306e-06	-8.12642414954e-06	0.0 	0.0 	96.8725758387 	0.0 	0.0 	0.0 	0.0 	0.0 	0.0 	0.0 	0.0 	0.0 	0.0	-1.57	132.24018998	-3.99382065405	
9.91666666667	-6.77381914306e-06	-8.12642414954e-06	0.0 	0.0 	96.8725758387 	0.0 	0.0 	0.0 	0.0 	0.0 	0.0 	0.0 	0.0 	0.0 	0.0	-1.57	132.24018998	-3.99382065405	
9.93333333333	-6.77381914306e-06	-8.12642414954e-06	0.0 	0.0 	96.8725758387 	0.0 	0.0 	0.0 	0.0 	0.0 	0.0 	0.0 	0.0 	0.0 	0.0	-1.57	132.24018998	-3.99382065405	
9.95	-6.77381914306e-06	-8.12642414954e-06	0.0 	0.0 	96.8725758387 	0.0 	0.0 	0.0 	0.0 	0.0 	0.0 	0.0 	0.0 	0.0 	0.0	-1.57	132.24018998	-3.99382065405	
9.96666666667	-6.77381914306e-06	-8.12642414954e-06	0.0 	0.0 	96.8725758387 	0.0 	0.0 	0.0 	0.0 	0.0 	0.0 	0.0 	0.0 	0.0 	0.0	-1.57	132.24018998	-3.99382065405	
9.98333333333	-6.77381914306e-06	-8.12642414954e-06	0.0 	0.0 	96.8725758387 	0.0 	0.0 	0.0 	0.0 	0.0 	0.0 	0.0 	0.0 	0.0 	0.0	-1.57	132.24018998	-3.99382065405	
