0.0166666666667	0.0	0.0	0.0 	0.0 	100.283333333 	17.0 	0.0 	0.0 	0.0 	0.0 	17.0 	0.0 	0.0 	0.0 	0.0	0.962258064516	180.0	-28.3225806452	
0.0333333333333	0.0	0.0	0.0 	0.0 	100.566666667 	17.0 	0.0 	0.0 	0.0 	-0.0 	17.0 	0.0 	0.0 	0.0 	0.0	0.962258064516	180.0	-28.3225806452	
0.05	0.0	0.0	0.0 	0.0 	100.85 	17.0 	0.0 	0.0 	0.0 	-0.0 	17.0 	0.0 	0.0 	0.0 	0.0	0.962258064516	180.0	-28.3225806452	
0.0666666666667	0.0	0.0	0.0 	0.0 	101.133333333 	17.0 	0.0 	0.0 	0.0 	-0.0 	17.0 	0.0 	0.0 	0.0 	0.0	0.962258064516	180.0	-28.3225806452	
0.0833333333333	0.0	0.0	0.0 	0.0 	101.416666667 	17.0 	0.0 	0.0 	0.0 	-0.0 	17.0 	0.0 	0.0 	0.0 	0.0	0.962258064516	180.0	-28.3225806452	
0.1	0.0	0.0	0.0 	0.0 	101.7 	17.0 	0.0 	0.0 	0.0 	-0.0 	17.0 	0.0 	0.0 	0.0 	0.0	0.962258064516	180.0	-28.3225806452	
0.116666666667	0.0	0.0	0.0 	0.0 	101.983333333 	17.0 	0.0 	0.0 	0.0 	-0.0 	17.0 	0.0 	0.0 	0.0 	0.0	0.962258064516	180.0	-28.3225806452	
0.133333333333	0.0	0.0	0.0 	0.0 	102.266666667 	17.0 	0.0 	0.0 	0.0 	-0.0 	17.0 	0.0 	0.0 	0.0 	0.0	0.962258064516	180.0	-28.3225806452	
0.15	0.0	0.0	0.0 	0.0 	102.55 	17.0 	0.0 	0.0 	0.0 	-0.0 	17.0 	0.0 	0.0 	0.0 	0.0	0.962258064516	180.0	-28.3225806452	
0.166666666667	0.0	0.0	0.0 	0.0 	102.833333333 	17.0 	0.0 	0.0 	0.0 	-0.0 	17.0 	0.0 	0.0 	0.0 	0.0	0.962258064516	180.0	-28.3225806452	
0.183333333333	0.0	0.0	0.0 	0.0 	103.116666667 	17.0 	0.0 	0.0 	0.0 	-0.0 	17.0 	0.0 	0.0 	0.0 	0.0	0.962258064516	180.0	-28.3225806452	
0.2	0.0	0.0	0.0 	0.0 	103.4 	17.0 	0.0 	0.0 	0.0 	-0.0 	17.0 	0.0 	0.0 	0.0 	0.0	0.962258064516	180.0	-28.3225806452	
0.216666666667	0.0	0.0	0.0 	0.0 	103.683333333 	17.0 	0.0 	0.0 	0.0 	-0.0 	17.0 	0.0 	0.0 	0.0 	0.0	0.962258064516	180.0	-28.3225806452	
0.233333333333	0.0	0.0	0.0 	0.0 	103.966666667 	17.0 	0.0 	0.0 	0.0 	-0.0 	17.0 	0.0 	0.0 	0.0 	0.0	0.962258064516	180.0	-28.3225806452	
0.25	0.0	0.0	0.0 	0.0 	104.25 	17.0 	0.0 	0.0 	0.0 	-0.0 	17.0 	0.0 	0.0 	0.0 	0.0	0.962258064516	180.0	-28.3225806452	
0.266666666667	0.0	0.0	0.0 	0.0 	104.533333333 	17.0 	0.0 	0.0 	0.0 	-0.0 	17.0 	0.0 	0.0 	0.0 	0.0	0.962258064516	180.0	-28.3225806452	
0.283333333333	0.0	0.0	0.0 	0.0 	104.816666667 	17.0 	0.0 	0.0 	0.0 	-0.0 	17.0 	0.0 	0.0 	0.0 	0.0	0.962258064516	180.0	-28.3225806452	
0.3	0.0	0.0	0.0 	0.0 	105.1 	17.0 	0.0 	0.0 	0.0 	-0.0 	17.0 	0.0 	0.0 	0.0 	0.0	0.962258064516	180.0	-28.3225806452	
0.316666666667	0.0	0.0	0.0 	0.0 	105.383333333 	17.0 	0.0 	0.0 	0.0 	-0.0 	17.0 	0.0 	0.0 	0.0 	0.0	0.962258064516	180.0	-28.3225806452	
0.333333333333	0.0	0.0	0.0 	0.0 	105.666666667 	17.0 	0.0 	0.0 	0.0 	-0.0 	17.0 	0.0 	0.0 	0.0 	0.0	0.962258064516	180.0	-28.3225806452	
0.35	0.0	0.0	0.0 	0.0 	105.95 	17.0 	0.0 	0.0 	0.0 	-0.0 	17.0 	0.0 	0.0 	0.0 	0.0	0.962258064516	180.0	-28.3225806452	
0.366666666667	0.0	0.0	0.0 	0.0 	106.233333333 	17.0 	0.0 	0.0 	0.0 	-0.0 	17.0 	0.0 	0.0 	0.0 	0.0	0.962258064516	180.0	-28.3225806452	
0.383333333333	0.0	0.0	0.0 	0.0 	106.516666667 	17.0 	0.0 	0.0 	0.0 	-0.0 	17.0 	0.0 	0.0 	0.0 	0.0	0.962258064516	180.0	-28.3225806452	
0.4	0.0	0.0	0.0 	0.0 	106.8 	17.0 	0.0 	0.0 	0.0 	-0.0 	17.0 	0.0 	0.0 	0.0 	0.0	0.962258064516	180.0	-28.3225806452	
0.416666666667	0.0	0.0	0.0 	0.0 	107.083333333 	17.0 	0.0 	0.0 	0.0 	-0.0 	17.0 	0.0 	0.0 	0.0 	0.0	0.962258064516	180.0	-28.3225806452	
0.433333333333	0.0	0.0	0.0 	0.0 	107.366666667 	17.0 	0.0 	0.0 	0.0 	-0.0 	17.0 	0.0 	0.0 	0.0 	0.0	0.962258064516	180.0	-28.3225806452	
0.45	0.0	0.0	0.0 	0.0 	107.65 	17.0 	0.0 	0.0 	0.0 	-0.0 	17.0 	0.0 	0.0 	0.0 	0.0	0.962258064516	180.0	-28.3225806452	
0.466666666667	0.0	0.0	0.0 	0.0 	107.933333333 	17.0 	0.0 	0.0 	0.0 	-0.0 	17.0 	0.0 	0.0 	0.0 	0.0	0.962258064516	180.0	-28.3225806452	
0.483333333333	0.0	0.0	0.0 	0.0 	108.216666667 	17.0 	0.0 	0.0 	0.0 	-0.0 	17.0 	0.0 	0.0 	0.0 	0.0	0.962258064516	180.0	-28.3225806452	
0.5	0.0	0.0	0.0 	0.0 	108.5 	17.0 	0.0 	0.0 	0.0 	-0.0 	17.0 	0.0 	0.0 	0.0 	0.0	0.962258064516	180.0	-28.3225806452	
0.516666666667	0.0	0.0	0.0 	0.0 	108.783333333 	17.0 	0.0 	0.0 	0.0 	-0.0 	17.0 	0.0 	0.0 	0.0 	0.0	0.962258064516	180.0	-28.3225806452	
0.533333333333	0.0	0.0	0.0 	0.0 	109.066666667 	17.0 	0.0 	0.0 	0.0 	-0.0 	17.0 	0.0 	0.0 	0.0 	0.0	0.962258064516	180.0	-28.3225806452	
0.55	0.0	0.0	0.0 	0.0 	109.35 	17.0 	0.0 	0.0 	0.0 	-0.0 	17.0 	0.0 	0.0 	0.0 	0.0	0.962258064516	180.0	-28.3225806452	
0.566666666667	0.0	0.0	0.0 	0.0 	109.633333333 	17.0 	0.0 	0.0 	0.0 	-0.0 	17.0 	0.0 	0.0 	0.0 	0.0	0.962258064516	180.0	-28.3225806452	
0.583333333333	0.0	0.0	0.0 	0.0 	109.916666667 	17.0 	0.0 	0.0 	0.0 	-0.0 	17.0 	0.0 	0.0 	0.0 	0.0	0.962258064516	180.0	-28.3225806452	
0.6	0.0	0.0	0.0 	0.0 	110.2 	17.0 	0.0 	0.0 	0.0 	-0.0 	17.0 	0.0 	0.0 	0.0 	0.0	0.962258064516	180.0	-28.3225806452	
0.616666666667	0.0	0.0	0.0 	0.0 	110.483333333 	17.0 	0.0 	0.0 	0.0 	-0.0 	17.0 	0.0 	0.0 	0.0 	0.0	0.962258064516	180.0	-28.3225806452	
0.633333333333	0.0	0.0	0.0 	0.0 	110.766666667 	17.0 	0.0 	0.0 	0.0 	-0.0 	17.0 	0.0 	0.0 	0.0 	0.0	0.962258064516	180.0	-28.3225806452	
0.65	0.0	0.0	0.0 	0.0 	111.05 	17.0 	0.0 	0.0 	0.0 	-0.0 	17.0 	0.0 	0.0 	0.0 	0.0	0.962258064516	180.0	-28.3225806452	
0.666666666667	0.0	0.0	0.0 	0.0 	111.333333333 	17.0 	0.0 	0.0 	0.0 	-0.0 	17.0 	0.0 	0.0 	0.0 	0.0	0.962258064516	180.0	-28.3225806452	
0.683333333333	0.0	0.0	0.0 	0.0 	111.616666667 	17.0 	0.0 	0.0 	0.0 	-0.0 	17.0 	0.0 	0.0 	0.0 	0.0	0.962258064516	180.0	-28.3225806452	
0.7	0.0	0.0	0.0 	0.0 	111.9 	17.0 	0.0 	0.0 	0.0 	-0.0 	17.0 	0.0 	0.0 	0.0 	0.0	0.962258064516	180.0	-28.3225806452	
0.716666666667	0.0	0.0	0.0 	0.0 	112.183333333 	17.0 	0.0 	0.0 	0.0 	-0.0 	17.0 	0.0 	0.0 	0.0 	0.0	0.962258064516	180.0	-28.3225806452	
0.733333333333	0.0	0.0	0.0 	0.0 	112.466666667 	17.0 	0.0 	0.0 	0.0 	-0.0 	17.0 	0.0 	0.0 	0.0 	0.0	0.962258064516	180.0	-28.3225806452	
0.75	0.0	0.0	0.0 	0.0 	112.75 	17.0 	0.0 	0.0 	0.0 	-0.0 	17.0 	0.0 	0.0 	0.0 	0.0	0.962258064516	180.0	-28.3225806452	
0.766666666667	0.0	0.0	0.0 	0.0 	113.033333333 	17.0 	0.0 	0.0 	0.0 	-0.0 	17.0 	0.0 	0.0 	0.0 	0.0	0.962258064516	180.0	-28.3225806452	
0.783333333333	0.0	0.0	0.0 	0.0 	113.316666667 	17.0 	0.0 	0.0 	0.0 	-0.0 	17.0 	0.0 	0.0 	0.0 	0.0	0.962258064516	180.0	-28.3225806452	
0.8	0.0	0.0	0.0 	0.0 	113.6 	17.0 	0.0 	0.0 	0.0 	-0.0 	17.0 	0.0 	0.0 	0.0 	0.0	0.962258064516	180.0	-28.3225806452	
0.816666666667	0.0	0.0	0.0 	0.0 	113.883333333 	17.0 	0.0 	0.0 	0.0 	-0.0 	17.0 	0.0 	0.0 	0.0 	0.0	0.962258064516	180.0	-28.3225806452	
0.833333333333	0.0	0.0	0.0 	0.0 	114.166666667 	17.0 	0.0 	0.0 	0.0 	-0.0 	17.0 	0.0 	0.0 	0.0 	0.0	0.962258064516	180.0	-28.3225806452	
0.85	0.0	0.0	0.0 	0.0 	114.45 	17.0 	0.0 	0.0 	0.0 	-0.0 	17.0 	0.0 	0.0 	0.0 	0.0	0.962258064516	180.0	-28.3225806452	
0.866666666667	0.0	0.0	0.0 	0.0 	114.733333333 	17.0 	0.0 	0.0 	0.0 	-0.0 	17.0 	0.0 	0.0 	0.0 	0.0	0.962258064516	180.0	-28.3225806452	
0.883333333333	0.0	0.0	0.0 	0.0 	115.016666667 	17.0 	0.0 	0.0 	0.0 	-0.0 	17.0 	0.0 	0.0 	0.0 	0.0	0.962258064516	180.0	-28.3225806452	
0.9	0.0	0.0	0.0 	0.0 	115.3 	17.0 	0.0 	0.0 	0.0 	-0.0 	17.0 	0.0 	0.0 	0.0 	0.0	0.962258064516	180.0	-28.3225806452	
0.916666666667	0.0	0.0	0.0 	0.0 	115.583333333 	17.0 	0.0 	0.0 	0.0 	-0.0 	17.0 	0.0 	0.0 	0.0 	0.0	0.962258064516	180.0	-28.3225806452	
0.933333333333	0.0	0.0	0.0 	0.0 	115.866666667 	17.0 	0.0 	0.0 	0.0 	-0.0 	17.0 	0.0 	0.0 	0.0 	0.0	0.962258064516	180.0	-28.3225806452	
0.95	0.0	0.0	0.0 	0.0 	116.15 	17.0 	0.0 	0.0 	0.0 	-0.0 	17.0 	0.0 	0.0 	0.0 	0.0	0.962258064516	180.0	-28.3225806452	
0.966666666667	0.0	0.0	0.0 	0.0 	116.433333333 	17.0 	0.0 	0.0 	0.0 	-0.0 	17.0 	0.0 	0.0 	0.0 	0.0	0.962258064516	180.0	-28.3225806452	
0.983333333333	0.0	0.0	0.0 	0.0 	116.716666667 	17.0 	0.0 	0.0 	0.0 	-0.0 	17.0 	0.0 	0.0 	0.0 	0.0	0.962258064516	180.0	-28.3225806452	
1.0	0.0	0.0	0.0 	0.0 	117.0 	17.0 	0.0 	0.0 	0.0 	-0.0 	17.0 	0.0 	0.0 	0.0 	0.0	0.962258064516	180.0	-28.3225806452	
1.01666666667	0.0	0.0	0.0 	0.0 	117.283333333 	17.0 	0.0 	0.0 	0.0 	-0.0 	17.0 	0.0 	0.0 	0.0 	0.0	0.962258064516	180.0	-28.3225806452	
1.03333333333	0.0	0.0	0.0 	0.0 	117.566666667 	17.0 	0.0 	0.0 	0.0 	-0.0 	17.0 	0.0 	0.0 	0.0 	0.0	0.962258064516	180.0	-28.3225806452	
1.05	0.0	0.0	0.0 	0.0 	117.85 	17.0 	0.0 	0.0 	0.0 	-0.0 	17.0 	0.0 	0.0 	0.0 	0.0	0.962258064516	180.0	-28.3225806452	
1.06666666667	0.0	0.0	0.0 	0.0 	118.133333333 	17.0 	0.0 	0.0 	0.0 	-0.0 	17.0 	0.0 	0.0 	0.0 	0.0	0.962258064516	180.0	-28.3225806452	
1.08333333333	0.0	0.0	0.0 	0.0 	118.416666667 	17.0 	0.0 	0.0 	0.0 	-0.0 	17.0 	0.0 	0.0 	0.0 	0.0	0.962258064516	180.0	-28.3225806452	
1.1	0.0	0.0	0.0 	0.0 	118.7 	17.0 	0.0 	0.0 	0.0 	-0.0 	17.0 	0.0 	0.0 	0.0 	0.0	0.962258064516	180.0	-28.3225806452	
1.11666666667	0.0	0.0	0.0 	0.0 	118.983333333 	17.0 	0.0 	0.0 	0.0 	-0.0 	17.0 	0.0 	0.0 	0.0 	0.0	0.962258064516	180.0	-28.3225806452	
1.13333333333	0.0	0.0	0.0 	0.0 	119.266666667 	17.0 	0.0 	0.0 	0.0 	-0.0 	17.0 	0.0 	0.0 	0.0 	0.0	0.962258064516	180.0	-28.3225806452	
1.15	0.0	0.0	0.0 	0.0 	119.55 	17.0 	0.0 	0.0 	0.0 	-0.0 	17.0 	0.0 	0.0 	0.0 	0.0	0.962258064516	180.0	-28.3225806452	
1.16666666667	0.0	0.0	0.0 	0.0 	119.833333333 	17.0 	0.0 	0.0 	0.0 	-0.0 	17.0 	0.0 	0.0 	0.0 	0.0	0.962258064516	180.0	-28.3225806452	
1.18333333333	0.0	0.0	0.0 	0.0 	120.116666667 	17.0 	0.0 	0.0 	0.0 	-0.0 	17.0 	0.0 	0.0 	0.0 	0.0187198067633	0.962258064516	180.000255989	-28.3224022864	
1.2	0.0	0.0	0.0 	0.0 	120.4 	17.0 	0.0 	0.0 	0.0 	-0.0 	17.0 	0.0 	0.0 	0.0 	0.0373695272935	0.962258064516	180.000767007	-28.3220462365	
1.21666666667	0.0	0.0	0.0 	0.0 	120.683333333 	17.0 	0.0 	0.0 	0.0 	-0.0 	17.0 	0.0 	0.0 	0.0 	0.0559494239909	0.962258064516	180.001532101	-28.3215131609	
1.23333333333	0.0	0.0	0.0 	0.0 	120.966666667 	17.0 	0.0 	0.0 	0.0 	-0.0 	17.0 	0.0 	0.0 	0.0 	0.074459758273	0.962258064516	180.002550319	-28.3208037223	
1.25	0.0	0.0	0.0 	0.0 	121.25 	17.0 	0.0 	0.0 	0.0 	-0.0 	17.0 	0.0 	0.0 	0.0 	0.092900790579	0.962258064516	180.003820713	-28.319918581	
1.26666666667	0.0	0.0	0.0 	0.0 	121.533333333 	17.0 	0.0 	0.0 	0.0 	-0.0 	17.0 	0.0 	0.0 	0.0 	0.111272780373	0.962258064516	180.00534234	-28.3188583948	
1.28333333333	0.0	0.0	0.0 	0.0 	121.816666667 	17.0 	0.0 	0.0 	0.0 	-0.0 	17.0 	0.0 	0.0 	0.0 	0.129575986147	0.962258064516	180.007114258	-28.3176238192	
1.3	0.0	0.0	0.0 	0.0 	122.1 	17.0 	0.0 	0.0 	0.0 	-0.0 	17.0 	0.0 	0.0 	0.0 	0.147810665426	0.962258064516	180.009135531	-28.3162155069	
1.31666666667	0.0	0.0	0.0 	0.0 	122.383333333 	17.0 	0.0 	0.0 	0.0 	-0.0 	17.0 	0.0 	0.0 	0.0 	0.16597707477	0.962258064516	180.011405225	-28.3146341085	
1.33333333333	0.0	0.0	0.0 	0.0 	122.666666667 	17.0 	0.0 	0.0 	0.0 	-0.0 	17.0 	0.0 	0.0 	0.0 	0.18407546978	0.962258064516	180.013922409	-28.312880272	
1.35	0.0	0.0	0.0 	0.0 	122.95 	17.0 	0.0 	0.0 	0.0 	-0.0 	17.0 	0.0 	0.0 	0.0 	0.202106105098	0.962258064516	180.016686158	-28.3109546429	
1.36666666667	0.0	0.0	0.0 	0.0 	123.233333333 	17.0 	0.0 	0.0 	0.0 	-0.0 	17.0 	0.0 	0.0 	0.0 	0.220069234415	0.962258064516	180.019695548	-28.3088578646	
1.38333333333	0.0	0.0	0.0 	0.0 	123.516666667 	17.0 	0.0 	0.0 	0.0 	-0.0 	17.0 	0.0 	0.0 	0.0 	0.23796511047	0.962258064516	180.02294966	-28.3065905777	
1.4	0.0	0.0	0.0 	0.0 	123.8 	17.0 	0.0 	0.0 	0.0 	-0.0 	17.0 	0.0 	0.0 	0.0 	0.255793985056	0.962258064516	180.026447576	-28.3041534206	
1.41666666667	0.0	0.0	0.0 	0.0 	124.083333333 	17.0 	0.0 	0.0 	0.0 	-0.0 	17.0 	0.0 	0.0 	0.0 	0.273556109025	0.962258064516	180.030188386	-28.3015470293	
1.43333333333	0.0	0.0	0.0 	0.0 	124.366666667 	17.0 	0.0 	0.0 	0.0 	-0.0 	17.0 	0.0 	0.0 	0.0 	0.291251732288	0.962258064516	180.034171178	-28.2987720375	
1.45	0.0	0.0	0.0 	0.0 	124.65 	17.0 	0.0 	0.0 	0.0 	-0.0 	17.0 	0.0 	0.0 	0.0 	0.308881103822	0.962258064516	180.038395047	-28.2958290763	
1.46666666667	0.0	0.0	0.0 	0.0 	124.933333333 	17.0 	0.0 	0.0 	0.0 	-0.0 	17.0 	0.0 	0.0 	0.0 	0.32644447167	0.962258064516	180.042859091	-28.2927187746	
1.48333333333	0.0	0.0	0.0 	0.0 	125.216666667 	17.0 	0.0 	0.0 	0.0 	-0.0 	17.0 	0.0 	0.0 	0.0 	0.343942082948	0.962258064516	180.047562411	-28.289441759	
1.5	0.0	0.0	0.0 	0.0 	125.5 	17.0 	0.0 	0.0 	0.0 	-0.0 	17.0 	0.0 	0.0 	0.0 	0.361374183845	0.962258064516	180.052504109	-28.2859986536	
1.51666666667	0.0	0.0	0.0 	0.0 	125.783333333 	17.0 	0.0 	0.0 	0.0 	-0.0 	17.0 	0.0 	0.0 	0.0 	0.37874101963	0.962258064516	180.057683295	-28.2823900803	
1.53333333333	0.0	0.0	0.0 	0.0 	126.066666667 	17.0 	0.0 	0.0 	0.0 	-0.0 	17.0 	0.0 	0.0 	0.0 	0.396042834653	0.962258064516	180.063099079	-28.2786166585	
1.55	0.0	0.0	0.0 	0.0 	126.35 	17.0 	0.0 	0.0 	0.0 	-0.0 	17.0 	0.0 	0.0 	0.0 	0.41327987235	0.962258064516	180.068750574	-28.2746790054	
1.56666666667	0.0	0.0	0.0 	0.0 	126.633333333 	17.0 	0.0 	0.0 	0.0 	-0.0 	17.0 	0.0 	0.0 	0.0 	0.430452375243	0.962258064516	180.0746369	-28.270577736	
1.58333333333	0.0	0.0	0.0 	0.0 	126.916666667 	17.0 	0.0 	0.0 	0.0 	-0.0 	17.0 	0.0 	0.0 	0.0 	0.447560584949	0.962258064516	180.080757175	-28.2663134628	
1.6	0.0	0.0	0.0 	0.0 	127.2 	17.0 	0.0 	0.0 	0.0 	-0.0 	17.0 	0.0 	0.0 	0.0 	0.464604742179	0.962258064516	180.087110525	-28.261886796	
1.61666666667	0.0	0.0	0.0 	0.0 	127.483333333 	17.0 	0.0 	0.0 	0.0 	-0.0 	17.0 	0.0 	0.0 	0.0 	0.481585086744	0.962258064516	180.093696077	-28.2572983437	
1.63333333333	0.0	0.0	0.0 	0.0 	127.766666667 	17.0 	0.0 	0.0 	0.0 	-0.0 	17.0 	0.0 	0.0 	0.0 	0.498501857554	0.962258064516	180.100512961	-28.2525487115	
1.65	0.0	0.0	0.0 	0.0 	128.05 	17.0 	0.0 	0.0 	0.0 	-0.0 	17.0 	0.0 	0.0 	0.0 	0.515355292629	0.962258064516	180.107560312	-28.247638503	
1.66666666667	0.0	0.0	0.0 	0.0 	128.333333333 	17.0 	0.0 	0.0 	0.0 	-0.0 	17.0 	0.0 	0.0 	0.0 	0.532145629093	0.962258064516	180.114837266	-28.2425683194	
1.68333333333	0.0	0.0	0.0 	0.0 	128.616666667 	17.0 	0.0 	0.0 	0.0 	-0.0 	17.0 	0.0 	0.0 	0.0 	0.548873103187	0.962258064516	180.122342964	-28.2373387595	
1.7	0.0	0.0	0.0 	0.0 	128.9 	17.0 	0.0 	0.0 	0.0 	-0.0 	17.0 	0.0 	0.0 	0.0 	0.565537950265	0.962258064516	180.13007655	-28.23195042	
1.71666666667	0.0	0.0	0.0 	0.0 	129.183333333 	17.0 	0.0 	0.0 	0.0 	-0.0 	17.0 	0.0 	0.0 	0.0 	0.582140404799	0.962258064516	180.13803717	-28.2264038955	
1.73333333333	0.0	0.0	0.0 	0.0 	129.466666667 	17.0 	0.0 	0.0 	0.0 	-0.0 	17.0 	0.0 	0.0 	0.0 	0.598680700385	0.962258064516	180.146223974	-28.2206997782	
1.75	0.0	0.0	0.0 	0.0 	129.75 	17.0 	0.0 	0.0 	0.0 	-0.0 	17.0 	0.0 	0.0 	0.0 	0.615159069743	0.962258064516	180.154636116	-28.214838658	
1.76666666667	0.0	0.0	0.0 	0.0 	130.033333333 	17.0 	0.0 	0.0 	0.0 	-0.0 	17.0 	0.0 	0.0 	0.0 	0.631575744724	0.962258064516	180.163272751	-28.2088211229	
1.78333333333	0.0	0.0	0.0 	0.0 	130.316666667 	17.0 	0.0 	0.0 	0.0 	-0.0 	17.0 	0.0 	0.0 	0.0 	0.647930956307	0.962258064516	180.17213304	-28.2026477583	
1.8	0.0	0.0	0.0 	0.0 	130.6 	17.0 	0.0 	0.0 	0.0 	-0.0 	17.0 	0.0 	0.0 	0.0 	0.664224934611	0.962258064516	180.181216144	-28.1963191478	
1.81666666667	0.0	0.0	0.0 	0.0 	130.883333333 	17.0 	0.0 	0.0 	0.0 	-0.0 	17.0 	0.0 	0.0 	0.0 	0.68045790889	0.962258064516	180.190521231	-28.1898358726	
1.83333333333	0.0	0.0	0.0 	0.0 	131.166666667 	17.0 	0.0 	0.0 	0.0 	-0.0 	17.0 	0.0 	0.0 	0.0 	0.69663010754	0.962258064516	180.200047468	-28.1831985117	
1.85	0.0	0.0	0.0 	0.0 	131.45 	17.0 	0.0 	0.0 	0.0 	-0.0 	17.0 	0.0 	0.0 	0.0 	0.712741758104	0.962258064516	180.209794027	-28.176407642	
1.86666666667	0.0	0.0	0.0 	0.0 	131.733333333 	17.0 	0.0 	0.0 	0.0 	-0.0 	17.0 	0.0 	0.0 	0.0 	0.72879308727	0.962258064516	180.219760085	-28.1694638383	
1.88333333333	0.0	0.0	0.0 	0.0 	132.016666667 	17.0 	0.0 	0.0 	0.0 	-0.0 	17.0 	0.0 	0.0 	0.0 	0.744784320881	0.962258064516	180.229944818	-28.162367673	
1.9	0.0	0.0	0.0 	0.0 	132.3 	17.0 	0.0 	0.0 	0.0 	-0.0 	17.0 	0.0 	0.0 	0.0 	0.76071568393	0.962258064516	180.240347409	-28.1551197168	
1.91666666667	0.0	0.0	0.0 	0.0 	132.583333333 	17.0 	0.0 	0.0 	0.0 	-0.0 	17.0 	0.0 	0.0 	0.0 	0.776587400573	0.962258064516	180.250967042	-28.1477205378	
1.93333333333	0.0	0.0	0.0 	0.0 	132.866666667 	17.0 	0.0 	0.0 	0.0 	-0.0 	17.0 	0.0 	0.0 	0.0 	0.792399694121	0.962258064516	180.261802903	-28.1401707023	
1.95	0.0	0.0	0.0 	0.0 	133.15 	17.0 	0.0 	0.0 	0.0 	-0.0 	17.0 	0.0 	0.0 	0.0 	0.808152787054	0.962258064516	180.272854184	-28.1324707742	
1.96666666667	0.0	0.0	0.0 	0.0 	133.433333333 	17.0 	0.0 	0.0 	0.0 	-0.0 	17.0 	0.0 	0.0 	0.0 	0.823846901015	0.962258064516	180.284120078	-28.1246213156	
1.98333333333	0.0	0.0	0.0 	0.0 	133.716666667 	17.0 	0.0 	0.0 	0.0 	-0.0 	17.0 	0.0 	0.0 	0.0 	0.839482256821	0.962258064516	180.295599781	-28.1166228862	
2.0	0.0	0.0	0.0 	0.0 	134.0 	17.0 	0.0 	0.0 	0.0 	-0.0 	17.0 	0.0 	0.0 	0.0 	0.855059074458	0.962258064516	180.307292493	-28.1084760438	
2.01666666667	0.0	0.0	0.0 	0.0 	134.283333333 	17.0 	0.0 	0.0 	0.0 	-0.0 	17.0 	0.0 	0.0 	0.0 	0.870577573093	0.962258064516	180.319197417	-28.1001813441	
2.03333333333	0.0	0.0	0.0 	0.0 	134.566666667 	17.0 	0.0 	0.0 	0.0 	-0.0 	17.0 	0.0 	0.0 	0.0 	0.886037971068	0.962258064516	180.331313758	-28.0917393406	
2.05	0.0	0.0	0.0 	0.0 	134.85 	17.0 	0.0 	0.0 	0.0 	-0.0 	17.0 	0.0 	0.0 	0.0 	0.90144048591	0.962258064516	180.343640724	-28.0831505849	
2.06666666667	0.0	0.0	0.0 	0.0 	135.133333333 	17.0 	0.0 	0.0 	0.0 	-0.0 	17.0 	0.0 	0.0 	0.0 	0.916785334333	0.962258064516	180.356177527	-28.0744156263	
2.08333333333	0.0	0.0	0.0 	0.0 	135.416666667 	17.0 	0.0 	0.0 	0.0 	-0.0 	17.0 	0.0 	0.0 	0.0 	0.932072732235	0.962258064516	180.368923381	-28.0655350122	
2.1	0.0	0.0	0.0 	0.0 	135.7 	17.0 	0.0 	0.0 	0.0 	-0.0 	17.0 	0.0 	0.0 	0.0 	0.947302894711	0.962258064516	180.381877504	-28.0565092881	
2.11666666667	0.0	0.0	0.0 	0.0 	135.983333333 	17.0 	0.0 	0.0 	0.0 	-0.0 	17.0 	0.0 	0.0 	0.0 	0.962476036048	0.962258064516	180.395039115	-28.0473389971	
2.13333333333	0.0	0.0	0.0 	0.0 	136.266666667 	17.0 	0.0 	0.0 	0.0 	-0.0 	17.0 	0.0 	0.0 	0.0 	0.977592369729	0.962258064516	180.408407439	-28.0380246804	
2.15	0.0	0.0	0.0 	0.0 	136.55 	17.0 	0.0 	0.0 	0.0 	-0.0 	17.0 	0.0 	0.0 	0.0 	0.992652108441	0.962258064516	180.4219817	-28.0285668775	
2.16666666667	0.0	0.0	0.0 	0.0 	136.833333333 	17.0 	0.0 	0.0 	0.0 	-0.0 	17.0 	0.0 	0.0 	0.0 	1.00765546407	0.962258064516	180.435761129	-28.0189661253	
2.18333333333	0.0	0.0	0.0 	0.0 	137.116666667 	17.0 	0.0 	0.0 	0.0 	-0.0 	17.0 	0.0 	0.0 	0.0 	1.02260264772	0.962258064516	180.449744956	-28.0092229593	
2.2	0.0	0.0	0.0 	0.0 	137.4 	17.0 	0.0 	0.0 	0.0 	-0.0 	17.0 	0.0 	0.0 	0.0 	1.03749386969	0.962258064516	180.463932418	-27.9993379124	
2.21666666667	0.0	0.0	0.0 	0.0 	137.683333333 	17.0 	0.0 	0.0 	0.0 	-0.0 	17.0 	0.0 	0.0 	0.0 	1.05232933951	0.962258064516	180.47832275	-27.989311516	
2.23333333333	0.0	0.0	0.0 	0.0 	137.966666667 	17.0 	0.0 	0.0 	0.0 	-0.0 	17.0 	0.0 	0.0 	0.0 	1.06710926589	0.962258064516	180.492915194	-27.9791442992	
2.25	0.0	0.0	0.0 	0.0 	138.25 	17.0 	0.0 	0.0 	0.0 	-0.0 	17.0 	0.0 	0.0 	0.0 	1.0818338568	0.962258064516	180.507708993	-27.9688367893	
2.26666666667	0.0	0.0	0.0 	0.0 	138.533333333 	17.0 	0.0 	0.0 	0.0 	-0.0 	17.0 	0.0 	0.0 	0.0 	1.09650331942	0.962258064516	180.522703393	-27.9583895114	
2.28333333333	0.0	0.0	0.0 	0.0 	138.816666667 	17.0 	0.0 	0.0 	0.0 	-0.0 	17.0 	0.0 	0.0 	0.0 	1.11111786013	0.962258064516	180.537897643	-27.947802989	
2.3	0.0	0.0	0.0 	0.0 	139.1 	17.0 	0.0 	0.0 	0.0 	-0.0 	17.0 	0.0 	0.0 	0.0 	1.12567768457	0.962258064516	180.553290995	-27.9370777433	
2.31666666667	0.0	0.0	0.0 	0.0 	139.383333333 	17.0 	0.0 	0.0 	0.0 	-0.0 	17.0 	0.0 	0.0 	0.0 	1.14018299758	0.962258064516	180.568882703	-27.9262142938	
2.33333333333	0.0	0.0	0.0 	0.0 	139.666666667 	17.0 	0.0 	0.0 	0.0 	-0.0 	17.0 	0.0 	0.0 	0.0 	1.15463400327	0.962258064516	180.584672025	-27.9152131577	
2.35	0.0	0.0	0.0 	0.0 	139.95 	17.0 	0.0 	0.0 	0.0 	-0.0 	17.0 	0.0 	0.0 	0.0 	1.16903090495	0.962258064516	180.600658222	-27.9040748507	
2.36666666667	0.0	0.0	0.0 	0.0 	140.233333333 	17.0 	0.0 	0.0 	0.0 	-0.0 	17.0 	0.0 	0.0 	0.0 	1.18337390518	0.962258064516	180.616840554	-27.8927998862	
2.38333333333	0.0	0.0	0.0 	0.0 	140.516666667 	17.0 	0.0 	0.0 	0.0 	-0.0 	17.0 	0.0 	0.0 	0.0 	1.19766320578	0.962258064516	180.63321829	-27.881388776	
2.4	0.0	0.0	0.0 	0.0 	140.8 	17.0 	0.0 	0.0 	0.0 	-0.0 	17.0 	0.0 	0.0 	0.0 	1.21189900779	0.962258064516	180.649790696	-27.8698420297	
2.41666666667	0.0	0.0	0.0 	0.0 	141.083333333 	17.0 	0.0 	0.0 	0.0 	-0.0 	17.0 	0.0 	0.0 	0.0 	1.2260815115	0.962258064516	180.666557045	-27.8581601552	
2.43333333333	0.0	0.0	0.0 	0.0 	141.366666667 	17.0 	0.0 	0.0 	0.0 	-0.0 	17.0 	0.0 	0.0 	0.0 	1.24021091647	0.962258064516	180.683516609	-27.8463436584	
2.45	0.0	0.0	0.0 	0.0 	141.65 	17.0 	0.0 	0.0 	0.0 	-0.0 	17.0 	0.0 	0.0 	0.0 	1.25428742149	0.962258064516	180.700668666	-27.8343930432	
2.46666666667	0.0	0.0	0.0 	0.0 	141.933333333 	17.0 	0.0 	0.0 	0.0 	-0.0 	17.0 	0.0 	0.0 	0.0 	1.26831122463	0.962258064516	180.718012495	-27.822308812	
2.48333333333	0.0	0.0	0.0 	0.0 	142.216666667 	17.0 	0.0 	0.0 	0.0 	-0.0 	17.0 	0.0 	0.0 	0.0 	1.28228252318	0.962258064516	180.735547378	-27.8100914648	
2.5	0.0	0.0	0.0 	0.0 	142.5 	17.0 	0.0 	0.0 	0.0 	-0.0 	17.0 	0.0 	0.0 	0.0 	1.29620151373	0.962258064516	180.753272599	-27.7977415	
2.51666666667	0.0	0.0	0.0 	0.0 	142.783333333 	17.0 	0.0 	0.0 	0.0 	-0.0 	17.0 	0.0 	0.0 	0.0 	1.31006839212	0.962258064516	180.771187446	-27.7852594143	
2.53333333333	0.0	0.0	0.0 	0.0 	143.066666667 	17.0 	0.0 	0.0 	0.0 	-0.0 	17.0 	0.0 	0.0 	0.0 	1.32388335346	0.962258064516	180.78929121	-27.7726457022	
2.55	0.0	0.0	0.0 	0.0 	143.35 	17.0 	0.0 	0.0 	0.0 	-0.0 	17.0 	0.0 	0.0 	0.0 	1.33764659211	0.962258064516	180.807583182	-27.7599008565	
2.56666666667	0.0	0.0	0.0 	0.0 	143.633333333 	17.0 	0.0 	0.0 	0.0 	-0.0 	17.0 	0.0 	0.0 	0.0 	1.35135830173	0.962258064516	180.826062658	-27.7470253683	
2.58333333333	0.0	0.0	0.0 	0.0 	143.916666667 	17.0 	0.0 	0.0 	0.0 	-0.0 	17.0 	0.0 	0.0 	0.0 	1.36501867524	0.962258064516	180.844728936	-27.7340197266	
2.6	0.0	0.0	0.0 	0.0 	144.2 	17.0 	0.0 	0.0 	0.0 	-0.0 	17.0 	0.0 	0.0 	0.0 	1.37862790484	0.962258064516	180.863581317	-27.7208844186	
2.61666666667	0.0	0.0	0.0 	0.0 	144.483333333 	17.0 	0.0 	0.0 	0.0 	-0.0 	17.0 	0.0 	0.0 	0.0 	1.392186182	0.962258064516	180.882619104	-27.70761993	
2.63333333333	0.0	0.0	0.0 	0.0 	144.766666667 	17.0 	0.0 	0.0 	0.0 	-0.0 	17.0 	0.0 	0.0 	0.0 	1.40569369751	0.962258064516	180.901841603	-27.6942267443	
2.65	0.0	0.0	0.0 	0.0 	145.05 	17.0 	0.0 	0.0 	0.0 	-0.0 	17.0 	0.0 	0.0 	0.0 	1.41915064139	0.962258064516	180.921248122	-27.6807053434	
2.66666666667	0.0	0.0	0.0 	0.0 	145.333333333 	17.0 	0.0 	0.0 	0.0 	-0.0 	17.0 	0.0 	0.0 	0.0 	1.432557203	0.962258064516	180.940837972	-27.6670562072	
2.68333333333	0.0	0.0	0.0 	0.0 	145.616666667 	17.0 	0.0 	0.0 	0.0 	-0.0 	17.0 	0.0 	0.0 	0.0 	1.44591357096	0.962258064516	180.960610467	-27.6532798141	
2.7	0.0	0.0	0.0 	0.0 	145.9 	17.0 	0.0 	0.0 	0.0 	-0.0 	17.0 	0.0 	0.0 	0.0 	1.45921993319	0.962258064516	180.980564924	-27.6393766405	
2.71666666667	0.0	0.0	0.0 	0.0 	146.183333333 	17.0 	0.0 	0.0 	0.0 	-0.0 	17.0 	0.0 	0.0 	0.0 	1.47247647692	0.962258064516	181.00070066	-27.625347161	
2.73333333333	0.0	0.0	0.0 	0.0 	146.466666667 	17.0 	0.0 	0.0 	0.0 	-0.0 	17.0 	0.0 	0.0 	0.0 	1.48568338866	0.962258064516	181.021016997	-27.6111918485	
2.75	0.0	0.0	0.0 	0.0 	146.75 	17.0 	0.0 	0.0 	0.0 	-0.0 	17.0 	0.0 	0.0 	0.0 	1.49884085424	0.962258064516	181.041513259	-27.5969111742	
2.76666666667	0.0	0.0	0.0 	0.0 	147.033333333 	17.0 	0.0 	0.0 	0.0 	-0.0 	17.0 	0.0 	0.0 	0.0 	1.51194905877	0.962258064516	181.062188772	-27.5825056074	
2.78333333333	0.0	0.0	0.0 	0.0 	147.316666667 	17.0 	0.0 	0.0 	0.0 	-0.0 	17.0 	0.0 	0.0 	0.0 	1.52500818669	0.962258064516	181.083042866	-27.5679756156	
2.8	0.0	0.0	0.0 	0.0 	147.6 	17.0 	0.0 	0.0 	0.0 	-0.0 	17.0 	0.0 	0.0 	0.0 	1.53801842174	0.962258064516	181.104074871	-27.5533216648	
2.81666666667	0.0	0.0	0.0 	0.0 	147.883333333 	17.0 	0.0 	0.0 	0.0 	-0.0 	17.0 	0.0 	0.0 	0.0 	1.55097994697	0.962258064516	181.125284122	-27.5385442189	
2.83333333333	0.0	0.0	0.0 	0.0 	148.166666667 	17.0 	0.0 	0.0 	0.0 	-0.0 	17.0 	0.0 	0.0 	0.0 	1.56389294475	0.962258064516	181.146669954	-27.5236437405	
2.85	0.0	0.0	0.0 	0.0 	148.45 	17.0 	0.0 	0.0 	0.0 	-0.0 	17.0 	0.0 	0.0 	0.0 	1.57675759677	0.962258064516	181.168231708	-27.5086206901	
2.86666666667	0.0	0.0	0.0 	0.0 	148.733333333 	17.0 	0.0 	0.0 	0.0 	-0.0 	17.0 	0.0 	0.0 	0.0 	1.58957408403	0.962258064516	181.189968723	-27.4934755266	
2.88333333333	0.0	0.0	0.0 	0.0 	149.016666667 	17.0 	0.0 	0.0 	0.0 	-0.0 	17.0 	0.0 	0.0 	0.0 	1.60234258686	0.962258064516	181.211880345	-27.4782087072	
2.9	0.0	0.0	0.0 	0.0 	149.3 	17.0 	0.0 	0.0 	0.0 	-0.0 	17.0 	0.0 	0.0 	0.0 	1.6150632849	0.962258064516	181.233965919	-27.4628206873	
2.91666666667	0.0	0.0	0.0 	0.0 	149.583333333 	17.0 	0.0 	0.0 	0.0 	-0.0 	17.0 	0.0 	0.0 	0.0 	1.62773635714	0.962258064516	181.256224794	-27.4473119208	
2.93333333333	0.0	0.0	0.0 	0.0 	149.866666667 	17.0 	0.0 	0.0 	0.0 	-0.0 	17.0 	0.0 	0.0 	0.0 	1.64036198189	0.962258064516	181.278656321	-27.4316828598	
2.95	0.0	0.0	0.0 	0.0 	150.15 	17.0 	0.0 	0.0 	0.0 	-0.0 	17.0 	0.0 	0.0 	0.0 	1.65294033679	0.962258064516	181.301259853	-27.4159339545	
2.96666666667	0.0	0.0	0.0 	0.0 	150.433333333 	17.0 	0.0 	0.0 	0.0 	-0.0 	17.0 	0.0 	0.0 	0.0 	1.66547159882	0.962258064516	181.324034748	-27.4000656537	
2.98333333333	0.0	0.0	0.0 	0.0 	150.716666667 	17.0 	0.0 	0.0 	0.0 	-0.0 	17.0 	0.0 	0.0 	0.0 	1.67795594428	0.962258064516	181.346980363	-27.3840784044	
3.0	0.0	0.0	0.0 	0.0 	151.0 	17.0 	0.0 	0.0 	0.0 	-0.0 	17.0 	0.0 	0.0 	0.0 	1.69039354884	0.962258064516	181.370096058	-27.367972652	
3.01666666667	0.0	0.0	0.0 	0.0 	151.283333333 	17.0 	0.0 	0.0 	0.0 	-0.0 	17.0 	0.0 	0.0 	0.0 	1.70278458748	0.962258064516	181.393381198	-27.35174884	
3.03333333333	0.0	0.0	0.0 	0.0 	151.566666667 	17.0 	0.0 	0.0 	0.0 	-0.0 	17.0 	0.0 	0.0 	0.0 	1.71512923456	0.962258064516	181.416835148	-27.3354074106	
3.05	0.0	0.0	0.0 	0.0 	151.85 	17.0 	0.0 	0.0 	0.0 	-0.0 	17.0 	0.0 	0.0 	0.0 	1.72742766375	0.962258064516	181.440457276	-27.3189488041	
3.06666666667	0.0	0.0	0.0 	0.0 	152.133333333 	17.0 	0.0 	0.0 	0.0 	-0.0 	17.0 	0.0 	0.0 	0.0 	1.7396800481	0.962258064516	181.464246952	-27.3023734591	
3.08333333333	0.0	0.0	0.0 	0.0 	152.416666667 	17.0 	0.0 	0.0 	0.0 	-0.0 	17.0 	0.0 	0.0 	0.0 	1.75188656	0.962258064516	181.488203549	-27.2856818128	
3.1	0.0	0.0	0.0 	0.0 	152.7 	17.0 	0.0 	0.0 	0.0 	-0.0 	17.0 	0.0 	0.0 	0.0 	1.76404737119	0.962258064516	181.512326442	-27.2688743005	
3.11666666667	0.0	0.0	0.0 	0.0 	152.983333333 	17.0 	0.0 	0.0 	0.0 	-0.0 	17.0 	0.0 	0.0 	0.0 	1.77616265277	0.962258064516	181.536615008	-27.2519513562	
3.13333333333	0.0	0.0	0.0 	0.0 	153.266666667 	17.0 	0.0 	0.0 	0.0 	-0.0 	17.0 	0.0 	0.0 	0.0 	1.76433173489	0.968919007339	181.560853225	-27.2353022134	
3.15	0.0	0.0	0.0 	0.0 	153.55 	17.0 	0.0 	0.0 	0.0 	-0.0 	17.0 	0.0 	0.0 	0.0 	1.75250081702	0.975624615837	181.585039262	-27.218926526	
3.16666666667	0.0	0.0	0.0 	0.0 	153.833333333 	17.0 	0.0 	0.0 	0.0 	-0.0 	17.0 	0.0 	0.0 	0.0 	1.74066989915	0.982375493074	181.609171278	-27.2028239329	
3.18333333333	0.0	0.0	0.0 	0.0 	154.116666667 	17.0 	0.0 	0.0 	0.0 	-0.0 	17.0 	0.0 	0.0 	0.0 	1.72883898127	0.989172254413	181.633247422	-27.1869940583	
3.2	0.0	0.0	0.0 	0.0 	154.4 	17.0 	0.0 	0.0 	0.0 	-0.0 	17.0 	0.0 	0.0 	0.0 	1.7170080634	0.996015527849	181.657265832	-27.1714365107	
3.21666666667	0.0	0.0	0.0 	0.0 	154.683333333 	17.0 	0.0 	0.0 	0.0 	-0.0 	17.0 	0.0 	0.0 	0.0 	1.70517714552	1.00290595436	181.681224637	-27.1561508836	
3.23333333333	0.0	0.0	0.0 	0.0 	154.966666667 	17.0 	0.0 	0.0 	0.0 	-0.0 	17.0 	0.0 	0.0 	0.0 	1.69334622765	1.00984418826	181.705121956	-27.1411367541	
3.25	0.0	0.0	0.0 	0.0 	155.25 	17.0 	0.0 	0.0 	0.0 	-0.0 	17.0 	0.0 	0.0 	0.0 	1.68151530977	1.01683089758	181.728955898	-27.1263936837	
3.26666666667	0.0	0.0	0.0 	0.0 	155.533333333 	17.0 	0.0 	0.0 	0.0 	-0.0 	17.0 	0.0 	0.0 	0.0 	1.6696843919	1.02386676446	181.752724562	-27.1119212171	
3.28333333333	0.0	0.0	0.0 	0.0 	155.816666667 	17.0 	0.0 	0.0 	0.0 	-0.0 	17.0 	0.0 	0.0 	0.0 	1.65785347403	1.03095248553	181.776426035	-27.0977188824	
3.3	0.0	0.0	0.0 	0.0 	156.1 	17.0 	0.0 	0.0 	0.0 	-0.0 	17.0 	0.0 	0.0 	0.0 	1.64602255615	1.03808877233	181.800058397	-27.0837861908	
3.31666666667	0.0	0.0	0.0 	0.0 	156.383333333 	17.0 	0.0 	0.0 	0.0 	-0.0 	17.0 	0.0 	0.0 	0.0 	1.63419163828	1.04527635177	181.823619715	-27.070122636	
3.33333333333	0.0	0.0	0.0 	0.0 	156.666666667 	17.0 	0.0 	0.0 	0.0 	-0.0 	17.0 	0.0 	0.0 	0.0 	1.6223607204	1.05251596651	181.847108046	-27.056727694	
3.35	0.0	0.0	0.0 	0.0 	156.95 	17.0 	0.0 	0.0 	0.0 	-0.0 	17.0 	0.0 	0.0 	0.0 	1.61052980253	1.05980837548	181.87052144	-27.0436008229	
3.36666666667	0.0	0.0	0.0 	0.0 	157.233333333 	17.0 	0.0 	0.0 	0.0 	-0.0 	17.0 	0.0 	0.0 	0.0 	1.59869888465	1.06715435434	181.893857932	-27.0307414624	
3.38333333333	0.0	0.0	0.0 	0.0 	157.516666667 	17.0 	0.0 	0.0 	0.0 	-0.0 	17.0 	0.0 	0.0 	0.0 	1.58686796678	1.07455469594	181.917115551	-27.0181490335	
3.4	0.0	0.0	0.0 	0.0 	157.8 	17.0 	0.0 	0.0 	0.0 	-0.0 	17.0 	0.0 	0.0 	0.0 	1.5750370489	1.08201021091	181.940292313	-27.0058229381	
3.41666666667	0.0	0.0	0.0 	0.0 	158.083333333 	17.0 	0.0 	0.0 	0.0 	-0.0 	17.0 	0.0 	0.0 	0.0 	1.56320613103	1.0895217281	181.963386224	-26.9937625589	
3.43333333333	0.0	0.0	0.0 	0.0 	158.366666667 	17.0 	0.0 	0.0 	0.0 	-0.0 	17.0 	0.0 	0.0 	0.0 	1.55137521316	1.09709009522	181.986395282	-26.9819672585	
3.45	0.0	0.0	0.0 	0.0 	158.65 	17.0 	0.0 	0.0 	0.0 	-0.0 	17.0 	0.0 	0.0 	0.0 	1.53954429528	1.10471617934	182.009317472	-26.9704363797	
3.46666666667	0.0	0.0	0.0 	0.0 	158.933333333 	17.0 	0.0 	0.0 	0.0 	-0.0 	17.0 	0.0 	0.0 	0.0 	1.52771337741	1.11240086753	182.03215077	-26.9591692444	
3.48333333333	0.0	0.0	0.0 	0.0 	159.216666667 	17.0 	0.0 	0.0 	0.0 	-0.0 	17.0 	0.0 	0.0 	0.0 	1.51588245953	1.12014506749	182.054893141	-26.9481651539	
3.5	0.0	0.0	0.0 	0.0 	159.5 	17.0 	0.0 	0.0 	0.0 	-0.0 	17.0 	0.0 	0.0 	0.0 	1.50405154166	1.12794970815	182.07754254	-26.9374233878	
3.51666666667	0.0	0.0	0.0 	0.0 	159.783333333 	17.0 	0.0 	0.0 	0.0 	-0.0 	17.0 	0.0 	0.0 	0.0 	1.49222062378	1.13581574036	182.100096914	-26.9269432041	
3.53333333333	0.0	0.0	0.0 	0.0 	160.066666667 	17.0 	0.0 	0.0 	0.0 	-0.0 	17.0 	0.0 	0.0 	0.0 	1.48038970591	1.1437441376	182.122554195	-26.9167238387	
3.55	0.0	0.0	0.0 	0.0 	160.35 	17.0 	0.0 	0.0 	0.0 	-0.0 	17.0 	0.0 	0.0 	0.0 	1.46855878803	1.15173589668	182.144912309	-26.9067645047	
3.56666666667	0.0	0.0	0.0 	0.0 	160.633333333 	17.0 	0.0 	0.0 	0.0 	-0.0 	17.0 	0.0 	0.0 	0.0 	1.45672787016	1.1597920385	182.167169169	-26.8970643922	
3.58333333333	0.0	0.0	0.0 	0.0 	160.916666667 	17.0 	0.0 	0.0 	0.0 	-0.0 	17.0 	0.0 	0.0 	0.0 	1.44489695229	1.16791360885	182.189322681	-26.8876226678	
3.6	0.0	0.0	0.0 	0.0 	161.2 	17.0 	0.0 	0.0 	0.0 	-0.0 	17.0 	0.0 	0.0 	0.0 	1.43306603441	1.17610167919	182.211370736	-26.878438474	
3.61666666667	0.0	0.0	0.0 	0.0 	161.483333333 	17.0 	0.0 	0.0 	0.0 	-0.0 	17.0 	0.0 	0.0 	0.0 	1.42123511654	1.18435734752	182.233311221	-26.869510929	
3.63333333333	0.0	0.0	0.0 	0.0 	161.766666667 	17.0 	0.0 	0.0 	0.0 	-0.0 	17.0 	0.0 	0.0 	0.0 	1.40940419866	1.19268173926	182.255142007	-26.8608391258	
3.65	0.0	0.0	0.0 	0.0 	162.05 	17.0 	0.0 	0.0 	0.0 	-0.0 	17.0 	0.0 	0.0 	0.0 	1.39757328079	1.20107600819	182.276860958	-26.8524221321	
3.66666666667	0.0	0.0	0.0 	0.0 	162.333333333 	17.0 	0.0 	0.0 	0.0 	-0.0 	17.0 	0.0 	0.0 	0.0 	1.38574236291	1.20954133737	182.298465928	-26.8442589895	
3.68333333333	0.0	0.0	0.0 	0.0 	162.616666667 	17.0 	0.0 	0.0 	0.0 	-0.0 	17.0 	0.0 	0.0 	0.0 	1.37391144504	1.21807894017	182.319954761	-26.8363487132	
3.7	0.0	0.0	0.0 	0.0 	162.9 	17.0 	0.0 	0.0 	0.0 	-0.0 	17.0 	0.0 	0.0 	0.0 	1.36208052717	1.2266900613	182.34132529	-26.8286902913	
3.71666666667	0.0	0.0	0.0 	0.0 	163.183333333 	17.0 	0.0 	0.0 	0.0 	-0.0 	17.0 	0.0 	0.0 	0.0 	1.35024960929	1.23537597791	182.362575339	-26.8212826841	
3.73333333333	0.0	0.0	0.0 	0.0 	163.466666667 	17.0 	0.0 	0.0 	0.0 	-0.0 	17.0 	0.0 	0.0 	0.0 	1.33841869142	1.24413800072	182.383702722	-26.8141248241	
3.75	0.0	0.0	0.0 	0.0 	163.75 	17.0 	0.0 	0.0 	0.0 	-0.0 	17.0 	0.0 	0.0 	0.0 	1.32658777354	1.25297747521	182.404705244	-26.8072156147	
3.76666666667	0.0	0.0	0.0 	0.0 	164.033333333 	17.0 	0.0 	0.0 	0.0 	-0.0 	17.0 	0.0 	0.0 	0.0 	1.31475685567	1.26189578284	182.425580699	-26.8005539301	
3.78333333333	0.0	0.0	0.0 	0.0 	164.316666667 	17.0 	0.0 	0.0 	0.0 	-0.0 	17.0 	0.0 	0.0 	0.0 	1.30292593779	1.27089434241	182.446326872	-26.7941386144	
3.8	0.0	0.0	0.0 	0.0 	164.6 	17.0 	0.0 	0.0 	0.0 	-0.0 	17.0 	0.0 	0.0 	0.0 	1.29109501992	1.27997461131	182.466941541	-26.7879684814	
3.81666666667	0.0	0.0	0.0 	0.0 	164.883333333 	17.0 	0.0 	0.0 	0.0 	-0.0 	17.0 	0.0 	0.0 	0.0 	1.27926410204	1.28913808703	182.487422471	-26.7820423133	
3.83333333333	0.0	0.0	0.0 	0.0 	165.166666667 	17.0 	0.0 	0.0 	0.0 	-0.0 	17.0 	0.0 	0.0 	0.0 	1.26743318417	1.29838630861	182.507767419	-26.7763588606	
3.85	0.0	0.0	0.0 	0.0 	165.45 	17.0 	0.0 	0.0 	0.0 	-0.0 	17.0 	0.0 	0.0 	0.0 	1.2556022663	1.30772085817	182.527974136	-26.7709168411	
3.86666666667	0.0	0.0	0.0 	0.0 	165.733333333 	17.0 	0.0 	0.0 	0.0 	-0.0 	17.0 	0.0 	0.0 	0.0 	1.24377134842	1.31714336257	182.548040359	-26.7657149394	
3.88333333333	0.0	0.0	0.0 	0.0 	166.016666667 	17.0 	0.0 	0.0 	0.0 	-0.0 	17.0 	0.0 	0.0 	0.0 	1.23194043055	1.32665549508	182.567963821	-26.7607518061	
3.9	0.0	0.0	0.0 	0.0 	166.3 	17.0 	0.0 	0.0 	0.0 	-0.0 	17.0 	0.0 	0.0 	0.0 	1.22010951267	1.33625897718	182.587742242	-26.7560260571	
3.91666666667	0.0	0.0	0.0 	0.0 	166.583333333 	17.0 	0.0 	0.0 	0.0 	-0.0 	17.0 	0.0 	0.0 	0.0 	1.2082785948	1.34595558044	182.607373339	-26.7515362727	
3.93333333333	0.0	0.0	0.0 	0.0 	166.866666667 	17.0 	0.0 	0.0 	0.0 	-0.0 	17.0 	0.0 	0.0 	0.0 	1.19644767692	1.35574712845	182.626854815	-26.747280997	
3.95	0.0	0.0	0.0 	0.0 	167.15 	17.0 	0.0 	0.0 	0.0 	-0.0 	17.0 	0.0 	0.0 	0.0 	1.18461675905	1.36563549892	182.646184369	-26.743258737	
3.96666666667	0.0	0.0	0.0 	0.0 	167.433333333 	17.0 	0.0 	0.0 	0.0 	-0.0 	17.0 	0.0 	0.0 	0.0 	1.17278584117	1.37562262579	182.665359691	-26.7394679621	
3.98333333333	0.0	0.0	0.0 	0.0 	167.716666667 	17.0 	0.0 	0.0 	0.0 	-0.0 	17.0 	0.0 	0.0 	0.0 	1.1609549233	1.38571050157	182.684378464	-26.7359071025	
4.0	0.0	0.0	0.0 	0.0 	168.0 	17.0 	0.0 	0.0 	0.0 	-0.0 	17.0 	0.0 	0.0 	0.0 	1.14912400543	1.39590117964	182.703238362	-26.7325745493	
4.01666666667	0.0	0.0	0.0 	0.0 	168.283333333 	17.0 	0.0 	0.0 	0.0 	-0.0 	17.0 	0.0 	0.0 	0.0 	1.13729308755	1.40619677682	182.721937053	-26.729468653	
4.03333333333	0.0	0.0	0.0 	0.0 	168.566666667 	17.0 	0.0 	0.0 	0.0 	-0.0 	17.0 	0.0 	0.0 	0.0 	1.12546216968	1.416599476	182.7404722	-26.7265877225	
4.05	0.0	0.0	0.0 	0.0 	168.85 	17.0 	0.0 	0.0 	0.0 	-0.0 	17.0 	0.0 	0.0 	0.0 	1.1136312518	1.42711152891	182.758841456	-26.7239300247	
4.06666666667	0.0	0.0	0.0 	0.0 	169.133333333 	17.0 	0.0 	0.0 	0.0 	-0.0 	17.0 	0.0 	0.0 	0.0 	1.10180033393	1.43773525903	182.777042471	-26.7214937832	
4.08333333333	0.0	0.0	0.0 	0.0 	169.416666667 	17.0 	0.0 	0.0 	0.0 	-0.0 	17.0 	0.0 	0.0 	0.0 	1.08996941605	1.44847306471	182.795072887	-26.7192771771	
4.1	0.0	0.0	0.0 	0.0 	169.7 	17.0 	0.0 	0.0 	0.0 	-0.0 	17.0 	0.0 	0.0 	0.0 	1.07813849818	1.45932742236	182.812930343	-26.7172783405	
4.11666666667	0.0	0.0	0.0 	0.0 	169.983333333 	17.0 	0.0 	0.0 	0.0 	-0.0 	17.0 	0.0 	0.0 	0.0 	1.06630758031	1.47030088996	182.830612469	-26.7154953611	
4.13333333333	0.0	0.0	0.0 	0.0 	170.266666667 	17.0 	0.0 	0.0 	0.0 	-0.0 	17.0 	0.0 	0.0 	0.0 	1.05447666243	1.4813961106	182.848116896	-26.7139262792	
4.15	0.0	0.0	0.0 	0.0 	170.55 	17.0 	0.0 	0.0 	0.0 	-0.0 	17.0 	0.0 	0.0 	0.0 	1.04264574456	1.49261581635	182.865441245	-26.7125690864	
4.16666666667	0.0	0.0	0.0 	0.0 	170.833333333 	17.0 	0.0 	0.0 	0.0 	-0.0 	17.0 	0.0 	0.0 	0.0 	1.03081482668	1.50396283228	182.882583136	-26.7114217251	
4.18333333333	0.0	0.0	0.0 	0.0 	171.116666667 	17.0 	0.0 	0.0 	0.0 	-0.0 	17.0 	0.0 	0.0 	0.0 	1.01898390881	1.51544008073	182.899540187	-26.7104820864	
4.2	0.0	0.0	0.0 	0.0 	171.4 	17.0 	0.0 	0.0 	0.0 	-0.0 	17.0 	0.0 	0.0 	0.0 	1.00715299093	1.52705058584	182.916310012	-26.7097480097	
4.21666666667	0.0	0.0	0.0 	0.0 	171.683333333 	17.0 	0.0 	0.0 	0.0 	-0.0 	17.0 	0.0 	0.0 	0.0 	0.995322073059	1.5387974783	182.932890221	-26.7092172809	
4.23333333333	0.0	0.0	0.0 	0.0 	171.966666667 	17.0 	0.0 	0.0 	0.0 	-0.0 	17.0 	0.0 	0.0 	0.0 	0.983491155184	1.55068400045	182.949278425	-26.7088876316	
4.25	0.0	0.0	0.0 	0.0 	172.25 	17.0 	0.0 	0.0 	0.0 	-0.0 	17.0 	0.0 	0.0 	0.0 	0.97166023731	1.56271351166	182.965472233	-26.7087567372	
4.26666666667	0.0	0.0	0.0 	0.0 	172.533333333 	17.0 	0.0 	0.0 	0.0 	-0.0 	17.0 	0.0 	0.0 	0.0 	0.959829319436	1.57488949399	182.981469255	-26.708822216	
4.28333333333	0.0	0.0	0.0 	0.0 	172.816666667 	17.0 	0.0 	0.0 	0.0 	-0.0 	17.0 	0.0 	0.0 	0.0 	0.947998401561	1.58721555825	182.997267098	-26.7090816278	
4.3	0.0	0.0	0.0 	0.0 	173.1 	17.0 	0.0 	0.0 	0.0 	-0.0 	17.0 	0.0 	0.0 	0.0 	0.936167483687	1.59969545047	183.012863375	-26.709532472	
4.31666666667	0.0	0.0	0.0 	0.0 	173.383333333 	17.0 	0.0 	0.0 	0.0 	-0.0 	17.0 	0.0 	0.0 	0.0 	0.924336565812	1.61233305867	183.028255696	-26.7101721867	
4.33333333333	0.0	0.0	0.0 	0.0 	173.666666667 	17.0 	0.0 	0.0 	0.0 	-0.0 	17.0 	0.0 	0.0 	0.0 	0.912505647938	1.6251324202	183.043441679	-26.7109981467	
4.35	0.0	0.0	0.0 	0.0 	173.95 	17.0 	0.0 	0.0 	0.0 	-0.0 	17.0 	0.0 	0.0 	0.0 	0.900674730064	1.6380977294	183.05841894	-26.7120076621	
4.36666666667	0.0	0.0	0.0 	0.0 	174.233333333 	17.0 	0.0 	0.0 	0.0 	-0.0 	17.0 	0.0 	0.0 	0.0 	0.888843812189	1.65123334593	183.073185105	-26.7131979766	
4.38333333333	0.0	0.0	0.0 	0.0 	174.516666667 	17.0 	0.0 	0.0 	0.0 	-0.0 	17.0 	0.0 	0.0 	0.0 	0.877012894315	1.66454380353	183.087737803	-26.7145662661	
4.4	0.0	0.0	0.0 	0.0 	174.8 	17.0 	0.0 	0.0 	0.0 	-0.0 	17.0 	0.0 	0.0 	0.0 	0.86518197644	1.67803381941	183.10207467	-26.7161096365	
4.41666666667	0.0	0.0	0.0 	0.0 	175.083333333 	17.0 	0.0 	0.0 	0.0 	-0.0 	17.0 	0.0 	0.0 	0.0 	0.853351058566	1.69170830432	183.116193349	-26.7178251221	
4.43333333333	0.0	0.0	0.0 	0.0 	175.366666667 	17.0 	0.0 	0.0 	0.0 	-0.0 	17.0 	0.0 	0.0 	0.0 	0.841520140692	1.70557237322	183.130091496	-26.7197096839	
4.45	0.0	0.0	0.0 	0.0 	175.65 	17.0 	0.0 	0.0 	0.0 	-0.0 	17.0 	0.0 	0.0 	0.0 	0.829689222817	1.71963135684	183.143766772	-26.7217602074	
4.46666666667	0.0	0.0	0.0 	0.0 	175.933333333 	17.0 	0.0 	0.0 	0.0 	-0.0 	17.0 	0.0 	0.0 	0.0 	0.817858304943	1.73389081393	183.157216855	-26.7239735011	
4.48333333333	0.0	0.0	0.0 	0.0 	176.216666667 	17.0 	0.0 	0.0 	0.0 	-0.0 	17.0 	0.0 	0.0 	0.0 	0.806027387069	1.74835654449	183.170439433	-26.7263462936	
4.5	0.0	0.0	0.0 	0.0 	176.5 	17.0 	0.0 	0.0 	0.0 	-0.0 	17.0 	0.0 	0.0 	0.0 	0.794196469194	1.7630346039	183.18343221	-26.7288752325	
4.51666666667	0.0	0.0	0.0 	0.0 	176.783333333 	17.0 	0.0 	0.0 	0.0 	-0.0 	17.0 	0.0 	0.0 	0.0 	0.78236555132	1.77793131817	183.196192906	-26.7315568814	
4.53333333333	0.0	0.0	0.0 	0.0 	177.066666667 	17.0 	0.0 	0.0 	0.0 	-0.0 	17.0 	0.0 	0.0 	0.0 	0.770534633445	1.79305330029	183.208719262	-26.7343877183	
4.55	0.0	0.0	0.0 	0.0 	177.35 	17.0 	0.0 	0.0 	0.0 	-0.0 	17.0 	0.0 	0.0 	0.0 	0.758703715571	1.80840746785	183.221009036	-26.7373641327	
4.56666666667	0.0	0.0	0.0 	0.0 	177.633333333 	17.0 	0.0 	0.0 	0.0 	-0.0 	17.0 	0.0 	0.0 	0.0 	0.746872797697	1.82400106207	183.233060011	-26.7404824236	
4.58333333333	0.0	0.0	0.0 	0.0 	177.916666667 	17.0 	0.0 	0.0 	0.0 	-0.0 	17.0 	0.0 	0.0 	0.0 	0.735041879822	1.83984166828	183.244869991	-26.7437387969	
4.6	0.0	0.0	0.0 	0.0 	178.2 	17.0 	0.0 	0.0 	0.0 	-0.0 	17.0 	0.0 	0.0 	0.0 	0.723210961948	1.85593723807	183.25643681	-26.7471293627	
4.61666666667	0.0	0.0	0.0 	0.0 	178.483333333 	17.0 	0.0 	0.0 	0.0 	-0.0 	17.0 	0.0 	0.0 	0.0 	0.711380044073	1.87229611327	183.267758331	-26.7506501328	
4.63333333333	0.0	0.0	0.0 	0.0 	178.766666667 	17.0 	0.0 	0.0 	0.0 	-0.0 	17.0 	0.0 	0.0 	0.0 	0.699549126199	1.88892705193	183.278832448	-26.754297018	
4.65	0.0	0.0	0.0 	0.0 	179.05 	17.0 	0.0 	0.0 	0.0 	-0.0 	17.0 	0.0 	0.0 	0.0 	0.687718208325	1.90583925642	183.289657089	-26.7580658251	
4.66666666667	0.0	0.0	0.0 	0.0 	179.333333333 	17.0 	0.0 	0.0 	0.0 	-0.0 	17.0 	0.0 	0.0 	0.0 	0.67588729045	1.92304240406	183.300230221	-26.7619522541	
4.68333333333	0.0	0.0	0.0 	0.0 	179.616666667 	17.0 	0.0 	0.0 	0.0 	-0.0 	17.0 	0.0 	0.0 	0.0 	0.664056372576	1.94054668035	183.310549852	-26.7659518952	
4.7	3.95546149833e-07	1.01358700895e-07	0.0 	0.0 	179.8991825 	16.9019 	0.0 	0.0 	0.0 	0.0 	16.95095 	-5.88599999916 	0.0 	0.0 	0.652225454701	1.95836281519	183.320614033	-26.7700602254	
4.71666666667	3.95546149833e-07	1.89105051868e-07	0.0 	0.0 	180.180063333 	16.8038 	0.0 	0.0 	0.0 	0.0 	16.85285 	-5.88599999916 	0.0 	0.0 	0.640394536827	1.97650212238	183.330420865	-26.7742726058	
4.73333333333	3.95546149833e-07	2.63559758183e-07	0.0 	0.0 	180.459309167 	16.7057 	0.0 	0.0 	0.0 	0.0 	16.75475 	-5.88599999916 	0.0 	0.0 	0.628563618953	1.99497654274	183.339968499	-26.7785842776	
4.75	3.95546149833e-07	3.25386730316e-07	0.0 	0.0 	180.73692 	16.6076000001 	0.0 	0.0 	0.0 	0.0 	16.65665 	-5.88599999916 	0.0 	0.0 	0.616732701078	2.0137986914	183.349255145	-26.7829903593	
4.76666666667	3.95546149833e-07	3.7549511558e-07	0.0 	0.0 	181.012895833 	16.5095000001 	0.0 	0.0 	0.0 	0.0 	16.5585500001 	-5.88599999916 	0.0 	0.0 	0.604901783204	2.03298190943	183.35827907	-26.7874858426	
4.78333333333	3.95546149833e-07	4.14955708979e-07	0.0 	0.0 	181.287236667 	16.4114000001 	0.0 	0.0 	0.0 	0.0 	16.4604500001 	-5.88599999916 	0.0 	0.0 	0.593070865329	2.05254032074	183.367038611	-26.792065589	
4.8	3.95546149833e-07	4.44931120141e-07	0.0 	0.0 	181.5599425 	16.3133000001 	0.0 	0.0 	0.0 	0.0 	16.3623500001 	-5.88599999916 	0.0 	0.0 	0.581239947455	2.07248889445	183.375532172	-26.7967243262	
4.81666666667	-1.80168561883e-07	3.19091888591e-07	0.0 	0.0 	181.831013333 	16.2152000001 	0.0 	0.0 	0.0 	0.0 	16.2642500001 	-5.88599999985 	0.0 	0.0 	0.569409029581	2.09284351379	183.383758236	-26.8014566437	
4.83333333333	-1.80168561883e-07	2.05964595063e-07	0.0 	0.0 	182.100449167 	16.1171000001 	0.0 	0.0 	0.0 	0.0 	16.1661500001 	-5.88599999985 	0.0 	0.0 	0.557578111706	2.11362105201	183.391715368	-26.8062569891	
4.85	-1.80168561883e-07	1.06224281425e-07	0.0 	0.0 	182.36825 	16.0190000001 	0.0 	0.0 	0.0 	0.0 	16.0680500001 	-5.88599999985 	0.0 	0.0 	0.545747193832	2.13483945643	183.399402222	-26.811119664	
4.86666666667	-1.80168561883e-07	1.99757620011e-08	0.0 	0.0 	182.634415833 	15.9209000001 	0.0 	0.0 	0.0 	0.0 	15.9699500001 	-5.88599999985 	0.0 	0.0 	0.533916275957	2.15651784161	183.406817549	-26.8160388195	
4.88333333333	-1.80168561883e-07	-5.31213506733e-08	0.0 	0.0 	182.898946667 	15.8228000001 	0.0 	0.0 	0.0 	-0.0 	15.8718500001 	-5.88599999985 	0.0 	0.0 	0.522085358083	2.17867659272	183.413960203	-26.821008452	
4.9	-1.80168561883e-07	-1.13741838346e-07	0.0 	0.0 	183.1618425 	15.7247000001 	0.0 	0.0 	0.0 	-0.0 	15.7737500001 	-5.88599999985 	0.0 	0.0 	0.510254440209	2.20133748081	183.420829151	-26.8260223987	
4.91666666667	-1.50088026218e-07	-1.55090414139e-07	0.0 	0.0 	183.423103333 	15.6266000001 	0.0 	0.0 	0.0 	-0.0 	15.6756500001 	-5.88599999991 	0.0 	0.0 	0.498423522334	2.17815117033	183.427650579	-26.8307632152	
4.93333333333	-1.50088026218e-07	-1.86979235756e-07	0.0 	0.0 	183.682729167 	15.5285000001 	0.0 	0.0 	0.0 	-0.0 	15.5775500001 	-5.88599999991 	0.0 	0.0 	0.48659260446	2.1544144939	183.434418063	-26.8352321369	
4.95	-1.50088026218e-07	-2.10540222212e-07	0.0 	0.0 	183.94072 	15.4304000001 	0.0 	0.0 	0.0 	-0.0 	15.4794500001 	-5.88599999991 	0.0 	0.0 	0.474761686585	2.13010068854	183.441125056	-26.8394305865	
4.96666666667	-1.50088026218e-07	-2.2691085559e-07	0.0 	0.0 	184.197075833 	15.3323000001 	0.0 	0.0 	0.0 	-0.0 	15.3813500001 	-5.88599999991 	0.0 	0.0 	0.462930768711	2.1051809905	183.447764889	-26.8433601866	
4.98333333333	-1.50088026218e-07	-2.3719738304e-07	0.0 	0.0 	184.451796667 	15.2342000001 	0.0 	0.0 	0.0 	-0.0 	15.2832500001 	-5.88599999991 	0.0 	0.0 	0.451099850837	2.07962443069	183.454330768	-26.8470227726	
5.0	-1.50088026218e-07	-2.42447274413e-07	0.0 	0.0 	184.7048825 	15.1361000001 	0.0 	0.0 	0.0 	-0.0 	15.1851500001 	-5.88599999991 	0.0 	0.0 	0.439268932962	2.05339760341	183.460815774	-26.8504204075	
5.01666666667	-1.50088026218e-07	-2.43629713721e-07	0.0 	0.0 	184.956333333 	15.0380000001 	0.0 	0.0 	0.0 	-0.0 	15.0870500001 	-5.88599999991 	0.0 	0.0 	0.427438015088	2.02646440376	183.467212862	-26.8535553969	
5.03333333333	6.89705631236e-07	-2.64258017275e-08	0.0 	0.0 	185.206149167 	14.9399000001 	0.0 	0.0 	0.0 	-0.0 	14.9889500001 	-5.88599999843 	0.0 	0.0 	0.415607097213	1.99878572882	183.473514866	-26.8564303064	
5.05	6.89705631236e-07	1.64286337347e-07	0.0 	0.0 	185.45433 	14.8418000002 	0.0 	0.0 	0.0 	0.0 	14.8908500002 	-5.88599999843 	0.0 	0.0 	0.403776179339	1.97031913633	183.47971449	-26.8590479791	
5.06666666667	6.89705631236e-07	3.28507598064e-07	0.0 	0.0 	185.700875833 	14.7437000002 	0.0 	0.0 	0.0 	0.0 	14.7927500002 	-5.88599999843 	0.0 	0.0 	0.391945261465	1.94101845323	183.48580432	-26.8614115561	
5.08333333333	6.89705631236e-07	4.67066513657e-07	0.0 	0.0 	185.945786667 	14.6456000002 	0.0 	0.0 	0.0 	0.0 	14.6946500002 	-5.88599999843 	0.0 	0.0 	0.38011434359	1.91083332526	183.491776818	-26.8635244976	
5.1	6.89705631236e-07	5.81407145665e-07	0.0 	0.0 	186.1890625 	14.5475000003 	0.0 	0.0 	0.0 	0.0 	14.5965500002 	-5.88599999843 	0.0 	0.0 	0.368283425716	1.87970869638	183.497624329	-26.8653906061	
5.11666666667	6.89705631236e-07	6.73405463146e-07	0.0 	0.0 	186.430703333 	14.4494000003 	0.0 	0.0 	0.0 	0.0 	14.4984500003 	-5.88599999843 	0.0 	0.0 	0.356452507841	1.84758420462	183.503339084	-26.8670140524	
5.13333333333	6.89705631236e-07	7.45213539446e-07	0.0 	0.0 	186.670709167 	14.3513000003 	0.0 	0.0 	0.0 	0.0 	14.4003500003 	-5.88599999843 	0.0 	0.0 	0.344621589967	1.81439347763	183.508913204	-26.8683994032	
5.15	7.56116615482e-07	8.1614799116e-07	0.0 	0.0 	186.90908 	14.2532000003 	0.0 	0.0 	0.0 	0.0 	14.3022500003 	-5.88599999844 	0.0 	0.0 	0.332790672093	1.78006330732	183.514338709	-26.8695516517	
5.16666666667	7.56116615482e-07	8.69246210749e-07	0.0 	0.0 	187.145815833 	14.1551000004 	0.0 	0.0 	0.0 	0.0 	14.2041500003 	-5.88599999844 	0.0 	0.0 	0.320959754218	1.74451267785	183.519607527	-26.8704762509	
5.18333333333	7.56116615482e-07	9.06862031078e-07	0.0 	0.0 	187.380916667 	14.0570000004 	0.0 	0.0 	0.0 	0.0 	14.1060500004 	-5.88599999844 	0.0 	0.0 	0.309128836344	1.70765161437	183.524711501	-26.8711791505	
5.2	7.56116615482e-07	9.31303497595e-07	0.0 	0.0 	187.6143825 	13.9589000004 	0.0 	0.0 	0.0 	0.0 	14.0079500004 	-5.88599999844 	0.0 	0.0 	0.297297918469	1.66937981154	183.529642408	-26.8716668374	
5.21666666667	7.56116615482e-07	9.4477104408e-07	0.0 	0.0 	187.846213333 	13.8608000004 	0.0 	0.0 	0.0 	0.0 	13.9098500004 	-5.88599999844 	0.0 	0.0 	0.285467000595	1.63385824229	183.534390734	-26.8719666735	
5.23333333333	7.56116615482e-07	9.49312941713e-07	0.0 	0.0 	188.076409167 	13.7627000005 	0.0 	0.0 	0.0 	0.0 	13.8117500004 	-5.88599999844 	0.0 	0.0 	0.273636082721	1.60561793353	183.538948571	-26.8721254489	
5.25	7.56116615482e-07	9.46795527183e-07	0.0 	0.0 	188.30497 	13.6646000005 	0.0 	0.0 	0.0 	0.0 	13.7136500005 	-5.88599999844 	0.0 	0.0 	0.261805164846	1.58343302959	183.543311642	-26.8721805867	
5.26666666667	-3.59223349876e-07	6.53079948809e-07	0.0 	0.0 	188.531895833 	13.5665000005 	0.0 	0.0 	0.0 	0.0 	13.6155500005 	-5.88599999971 	0.0 	0.0 	0.249974246972	1.56628190076	183.547477837	-26.8721617786	
5.28333333333	-3.59223349876e-07	3.93815897485e-07	0.0 	0.0 	188.757186667 	13.4684000005 	0.0 	0.0 	0.0 	0.0 	13.5174500005 	-5.88599999971 	0.0 	0.0 	0.238143329097	1.55331310239	183.551446286	-26.8720923902	
5.3	-3.59223349876e-07	1.69353781229e-07	0.0 	0.0 	188.9808425 	13.3703000005 	0.0 	0.0 	0.0 	0.0 	13.4193500005 	-5.88599999971 	0.0 	0.0 	0.226312411223	1.54381701328	183.555216787	-26.87199064	
5.31666666667	-3.59223349876e-07	-2.11223942162e-08	0.0 	0.0 	189.202863333 	13.2722000005 	0.0 	0.0 	0.0 	-0.0 	13.3212500005 	-5.88599999971 	0.0 	0.0 	0.244184913065	1.53720220451	183.559284239	-26.8718539461	
5.33333333333	-3.59223349876e-07	-1.79307085051e-07	0.0 	0.0 	189.423249167 	13.1741000005 	0.0 	0.0 	0.0 	-0.0 	13.2231500005 	-5.88599999971 	0.0 	0.0 	0.261990500951	1.53168986387	183.563647409	-26.8716832309	
5.35	-3.59223349876e-07	-3.07522603723e-07	0.0 	0.0 	189.642 	13.0760000005 	0.0 	0.0 	0.0 	-0.0 	13.1250500005 	-5.88599999971 	0.0 	0.0 	0.279729425404	1.52709624667	183.568305115	-26.8714795591	
5.36666666667	-3.59223349876e-07	-4.08505279012e-07	0.0 	0.0 	189.859115833 	12.9779000005 	0.0 	0.0 	0.0 	-0.0 	13.0269500005 	-5.88599999971 	0.0 	0.0 	0.297401936009	1.52326823234	183.573256217	-26.8712440653	
5.38333333333	2.38172881249e-07	-3.32144007849e-07	0.0 	0.0 	190.074596667 	12.8798000005 	0.0 	0.0 	0.0 	-0.0 	12.9288500005 	-5.8859999999 	0.0 	0.0 	0.315008281418	1.52007822039	183.578499604	-26.8709779024	
5.4	2.38172881249e-07	-2.55141619914e-07	0.0 	0.0 	190.2884425 	12.7817000005 	0.0 	0.0 	0.0 	-0.0 	12.8307500005 	-5.8859999999 	0.0 	0.0 	0.33254870935	1.51741987711	183.584034189	-26.8706822051	
5.41666666667	2.38172881249e-07	-1.80048691103e-07	0.0 	0.0 	190.500653334 	12.6836000005 	0.0 	0.0 	0.0 	-0.0 	12.7326500005 	-5.8859999999 	0.0 	0.0 	0.350023466597	1.51520459103	183.589858901	-26.8703580652	
5.43333333333	2.38172881249e-07	-1.08782247138e-07	0.0 	0.0 	190.711229167 	12.5855000005 	0.0 	0.0 	0.0 	-0.0 	12.6345500005 	-5.8859999999 	0.0 	0.0 	0.367432799029	1.51335851931	183.595972682	-26.8700065163	
5.45	2.38172881249e-07	-4.27084053034e-08	0.0 	0.0 	190.92017 	12.4874000005 	0.0 	0.0 	0.0 	-0.0 	12.5364500005 	-5.8859999999 	0.0 	0.0 	0.384776951593	1.5118201262	183.602374482	-26.8696285242	
5.46666666667	2.38172881249e-07	1.72763623233e-08	0.0 	0.0 	191.127475834 	12.3893000005 	0.0 	0.0 	0.0 	0.0 	12.4383500005 	-5.8859999999 	0.0 	0.0 	0.40205616832	1.51053813195	183.609063256	-26.8692249822	
5.48333333333	5.07707038903e-07	1.39735701349e-07	0.0 	0.0 	191.333146667 	12.2912000005 	0.0 	0.0 	0.0 	0.0 	12.3402500005 	-5.88599999961 	0.0 	0.0 	0.419270692328	1.5094698034	183.616037964	-26.8687967105	
5.5	5.07707038903e-07	2.46140793393e-07	0.0 	0.0 	191.5371825 	12.1931000005 	0.0 	0.0 	0.0 	0.0 	12.2421500005 	-5.88599999961 	0.0 	0.0 	0.436420765823	1.50857952961	183.62329757	-26.8683444574	
5.51666666667	5.07707038903e-07	3.36778684899e-07	0.0 	0.0 	191.739583334 	12.0950000006 	0.0 	0.0 	0.0 	0.0 	12.1440500005 	-5.88599999961 	0.0 	0.0 	0.453506630105	1.50783763479	183.630841039	-26.867868902	
5.53333333333	5.07707038903e-07	4.12364561879e-07	0.0 	0.0 	191.940349167 	11.9969000006 	0.0 	0.0 	0.0 	0.0 	12.0459500006 	-5.88599999961 	0.0 	0.0 	0.470528525572	1.5072193891	183.638667337	-26.8673706584	
5.55	5.07707038903e-07	4.73923068945e-07	0.0 	0.0 	192.13948 	11.8988000006 	0.0 	0.0 	0.0 	0.0 	11.9478500006 	-5.88599999961 	0.0 	0.0 	0.487486691721	1.50670418436	183.646775434	-26.8668502804	
5.56666666667	5.07707038903e-07	5.22686660983e-07	0.0 	0.0 	192.336975834 	11.8007000006 	0.0 	0.0 	0.0 	0.0 	11.8497500006 	-5.88599999961 	0.0 	0.0 	0.50438136715	1.50627484708	183.655164298	-26.8663082661	
5.58333333333	5.07707038903e-07	5.60010331622e-07	0.0 	0.0 	192.532836667 	11.7026000006 	0.0 	0.0 	0.0 	0.0 	11.7516500006 	-5.88599999961 	0.0 	0.0 	0.521212789568	1.50591706601	183.663832901	-26.8657450631	
5.6	1.25780731473e-06	7.79514894152e-07	0.0 	0.0 	192.7270625 	11.6045000006 	0.0 	0.0 	0.0 	0.0 	11.6535500006 	-5.88599999809 	0.0 	0.0 	0.53798119579	1.50561891512	183.672780216	-26.8651610731	
5.61666666667	1.25780731473e-06	9.64577568256e-07	0.0 	0.0 	192.919653334 	11.5064000006 	0.0 	0.0 	0.0 	0.0 	11.5554500006 	-5.88599999809 	0.0 	0.0 	0.554686821748	1.50537045605	183.682005218	-26.8645566567	
5.63333333333	1.25780731473e-06	1.11716457026e-06	0.0 	0.0 	193.110609167 	11.4083000007 	0.0 	0.0 	0.0 	0.0 	11.4573500007 	-5.88599999809 	0.0 	0.0 	0.571329902488	1.50516340682	183.691506881	-26.8639321378	
5.65	1.25780731473e-06	1.23981458258e-06	0.0 	0.0 	193.29993 	11.3102000007 	0.0 	0.0 	0.0 	0.0 	11.3592500007 	-5.88599999809 	0.0 	0.0 	0.587910672177	1.50499086579	183.701284184	-26.8632878075	
5.66666666667	1.25780731473e-06	1.33543061501e-06	0.0 	0.0 	193.487615834 	11.2121000007 	0.0 	0.0 	0.0 	0.0 	11.2611500007 	-5.88599999809 	0.0 	0.0 	0.604429364105	1.50484708161	183.711336108	-26.862623928	
5.68333333333	1.25780731473e-06	1.40710731201e-06	0.0 	0.0 	193.673666667 	11.1140000008 	0.0 	0.0 	0.0 	0.0 	11.1630500008 	-5.88599999809 	0.0 	0.0 	0.620886210688	1.50472726145	183.721661634	-26.8619407357	
5.7	8.79085752182e-07	1.36094372687e-06	0.0 	0.0 	193.8580825 	11.0159000008 	0.0 	0.0 	0.0 	0.0 	11.0649500008 	-5.88599999924 	0.0 	0.0 	0.637281443474	1.50462741132	183.732259748	-26.8612384448	
5.71666666667	8.79085752182e-07	1.31010888667e-06	0.0 	0.0 	194.040863334 	10.9178000008 	0.0 	0.0 	0.0 	0.0 	10.9668500008 	-5.88599999924 	0.0 	0.0 	0.653615293143	1.50454420288	183.743129437	-26.8605172493	
5.73333333333	8.79085752182e-07	1.25724241256e-06	0.0 	0.0 	194.222009167 	10.8197000008 	0.0 	0.0 	0.0 	0.0 	10.8687500008 	-5.88599999924 	0.0 	0.0 	0.669887989509	1.50447486251	183.754269692	-26.8597773261	
5.75	8.79085752182e-07	1.2044534995e-06	0.0 	0.0 	194.40152 	10.7216000008 	0.0 	0.0 	0.0 	0.0 	10.7706500008 	-5.88599999924 	0.0 	0.0 	0.686099761529	1.50441707887	183.765679504	-26.859018837	
5.76666666667	8.79085752182e-07	1.15337434976e-06	0.0 	0.0 	194.579395834 	10.6235000008 	0.0 	0.0 	0.0 	0.0 	10.6725500008 	-5.88599999924 	0.0 	0.0 	0.702250837301	1.50436892584	183.777357872	-26.8582419303	
5.78333333333	8.79085752182e-07	1.10521649005e-06	0.0 	0.0 	194.755636667 	10.5254000008 	0.0 	0.0 	0.0 	0.0 	10.5744500008 	-5.88599999924 	0.0 	0.0 	0.718341444069	1.50432879831	183.789303792	-26.8574467431	
5.8	8.79085752182e-07	1.06082756321e-06	0.0 	0.0 	194.9302425 	10.4273000009 	0.0 	0.0 	0.0 	0.0 	10.4763500009 	-5.88599999924 	0.0 	0.0 	0.734371808228	1.5042953587	183.801516268	-26.8566334023	
5.81666666667	-2.28625545388e-06	2.09628029261e-07	0.0 	0.0 	195.103213334 	10.3292000009 	0.0 	0.0 	0.0 	0.0 	10.3782500009 	-5.88599999602 	0.0 	0.0 	0.750342155323	1.50426749237	183.813994305	-26.8558020261	
5.83333333333	-2.28625545388e-06	-5.28047968397e-07	0.0 	0.0 	195.274549167 	10.231100001 	0.0 	0.0 	0.0 	-0.0 	10.280150001 	-5.88599999602 	0.0 	0.0 	0.766252710055	1.50424427042	183.826736912	-26.8549527252	
5.85	-2.28625545388e-06	-1.1546908505e-06	0.0 	0.0 	195.44425 	10.1330000011 	0.0 	0.0 	0.0 	-0.0 	10.182050001 	-5.88599999602 	0.0 	0.0 	0.782103696286	1.50422491879	183.8397431	-26.8540856036	
5.86666666667	-2.28625545388e-06	-1.67570047799e-06	0.0 	0.0 	195.612315834 	10.0349000011 	0.0 	0.0 	0.0 	-0.0 	10.0839500011 	-5.88599999602 	0.0 	0.0 	0.797895337036	1.50420879244	183.853011885	-26.8532007597	
5.88333333333	-2.28625545388e-06	-2.09856278229e-06	0.0 	0.0 	195.778746667 	9.93680000119 	0.0 	0.0 	0.0 	-0.0 	9.98585000116 	-5.88599999602 	0.0 	0.0 	0.813627854494	1.50419535381	183.866542286	-26.8522982872	
5.9	-2.28625545388e-06	-2.43214646411e-06	0.0 	0.0 	195.943542501 	9.83870000126 	0.0 	0.0 	0.0 	-0.0 	9.88775000122 	-5.88599999602 	0.0 	0.0 	0.829301470015	1.50418415495	183.880333324	-26.851378275	
5.91666666667	-8.67220765367e-07	-2.32248708452e-06	0.0 	0.0 	196.106703334 	9.74060000126 	0.0 	0.0 	0.0 	-0.0 	9.78965000126 	-5.88599999955 	0.0 	0.0 	0.844916404125	1.50417482257	183.894384024	-26.8504408088	
5.93333333333	-8.67220765367e-07	-2.19202399286e-06	0.0 	0.0 	196.268229167 	9.64250000127 	0.0 	0.0 	0.0 	-0.0 	9.69155000127 	-5.88599999955 	0.0 	0.0 	0.860472876525	1.50416704559	183.908693417	-26.8494859709	
5.95	-8.67220765367e-07	-2.04951499597e-06	0.0 	0.0 	196.428120001 	9.54440000128 	0.0 	0.0 	0.0 	-0.0 	9.59345000127 	-5.88599999955 	0.0 	0.0 	0.875971106093	1.50416056477	183.923260534	-26.8485138406	
5.96666666667	-8.67220765367e-07	-1.90212382867e-06	0.0 	0.0 	196.586375834 	9.44630000129 	0.0 	0.0 	0.0 	-0.0 	9.49535000128 	-5.88599999955 	0.0 	0.0 	0.891411310889	1.50415516409	183.938084412	-26.8475244952	
5.98333333333	-8.67220765367e-07	-1.75555495329e-06	0.0 	0.0 	196.742996667 	9.34820000129 	0.0 	0.0 	0.0 	-0.0 	9.39725000129 	-5.88599999955 	0.0 	0.0 	0.906793708155	1.50415066352	183.953164089	-26.8465180095	
6.0	-8.67220765367e-07	-1.61420363149e-06	0.0 	0.0 	196.897982501 	9.2501000013 	0.0 	0.0 	0.0 	-0.0 	9.2991500013 	-5.88599999955 	0.0 	0.0 	0.922118514321	1.50414691304	183.968498608	-26.8454944567	
6.01666666667	-8.67220765367e-07	-1.48131314253e-06	0.0 	0.0 	197.051333334 	9.15200000131 	0.0 	0.0 	0.0 	-0.0 	9.2010500013 	-5.88599999955 	0.0 	0.0 	0.937385945004	1.50414378765	183.984087017	-26.8444539084	
6.03333333333	2.62072656118e-06	-4.65346124376e-07	0.0 	0.0 	197.203049167 	9.05390000136 	0.0 	0.0 	0.0 	-0.0 	9.10295000133 	-5.8859999969 	0.0 	0.0 	0.952596215016	1.50414118315	183.999928365	-26.8433964345	
6.05	2.62072656118e-06	4.1846808612e-07	0.0 	0.0 	197.353130001 	8.95580000141 	0.0 	0.0 	0.0 	0.0 	9.00485000139 	-5.8859999969 	0.0 	0.0 	0.967749538366	1.50413901274	184.016021704	-26.8423221041	
6.06666666667	2.62072656118e-06	1.1722446766e-06	0.0 	0.0 	197.501575834 	8.85770000146 	0.0 	0.0 	0.0 	0.0 	8.90675000144 	-5.8859999969 	0.0 	0.0 	0.982846128259	1.50413720406	184.032366093	-26.8412309849	
6.08333333333	2.62072656118e-06	1.80168659311e-06	0.0 	0.0 	197.648386667 	8.75960000151 	0.0 	0.0 	0.0 	0.0 	8.80865000149 	-5.8859999969 	0.0 	0.0 	0.997886197102	1.50413569683	184.048960591	-26.8401231437	
6.1	2.62072656118e-06	2.31509907741e-06	0.0 	0.0 	197.793562501 	8.66150000157 	0.0 	0.0 	0.0 	0.0 	8.71055000154 	-5.8859999969 	0.0 	0.0 	1.01286995651	1.5041344408	184.065804263	-26.8389986467	
6.11666666667	2.62072656118e-06	2.72254461162e-06	0.0 	0.0 	197.937103334 	8.56340000162 	0.0 	0.0 	0.0 	0.0 	8.61245000159 	-5.8859999969 	0.0 	0.0 	1.0277976173	1.50413339411	184.082896175	-26.8378575589	
6.13333333333	2.62072656118e-06	3.03513308655e-06	0.0 	0.0 	198.079009168 	8.46530000167 	0.0 	0.0 	0.0 	0.0 	8.51435000164 	-5.8859999969 	0.0 	0.0 	1.04266938951	1.50413252187	184.100235398	-26.8366999449	
6.15	2.75840749699e-07	2.66356196151e-06	0.0 	0.0 	198.219280001 	8.36720000167 	0.0 	0.0 	0.0 	0.0 	8.41625000167 	-5.88599999997 	0.0 	0.0 	1.05748548237	1.50413179501	184.117821007	-26.8355258687	
6.16666666667	2.75840749699e-07	2.30097805173e-06	0.0 	0.0 	198.357915834 	8.26910000167 	0.0 	0.0 	0.0 	0.0 	8.31815000167 	-5.88599999997 	0.0 	0.0 	1.07224610436	1.50413118928	184.135652079	-26.8343353938	
6.18333333333	2.75840749699e-07	1.95668998097e-06	0.0 	0.0 	198.494916668 	8.17100000167 	0.0 	0.0 	0.0 	0.0 	8.22005000167 	-5.88599999997 	0.0 	0.0 	1.08695146315	1.50413068452	184.153727696	-26.8331285828	
6.2	2.75840749699e-07	1.63734018765e-06	0.0 	0.0 	198.630282501 	8.07290000167 	0.0 	0.0 	0.0 	0.0 	8.12195000167 	-5.88599999997 	0.0 	0.0 	1.10160176564	1.50413026388	184.172046941	-26.8319054984	
6.21666666667	2.75840749699e-07	1.34729724039e-06	0.0 	0.0 	198.764013334 	7.97480000167 	0.0 	0.0 	0.0 	0.0 	8.02385000167 	-5.88599999997 	0.0 	0.0 	1.11619721797	1.50412991334	184.190608903	-26.8306662025	
6.23333333333	2.75840749699e-07	1.08903094093e-06	0.0 	0.0 	198.896109168 	7.87670000167 	0.0 	0.0 	0.0 	0.0 	7.92575000167 	-5.88599999997 	0.0 	0.0 	1.13073802548	1.50412962123	184.209412673	-26.8294107566	
6.25	2.75840749699e-07	8.63462365374e-07	0.0 	0.0 	199.026570001 	7.77860000167 	0.0 	0.0 	0.0 	0.0 	7.82765000167 	-5.88599999997 	0.0 	0.0 	1.14522439278	1.5041293778	184.228457346	-26.828139222	
6.26666666667	1.24551934867e-06	9.18763684813e-07	0.0 	0.0 	199.155395834 	7.68050000168 	0.0 	0.0 	0.0 	0.0 	7.72955000168 	-5.88599999963 	0.0 	0.0 	1.15965652367	1.50412917495	184.247742019	-26.8268516597	
6.28333333333	1.24551934867e-06	9.71833321874e-07	0.0 	0.0 	199.282586668 	7.58240000168 	0.0 	0.0 	0.0 	0.0 	7.63145000168 	-5.88599999963 	0.0 	0.0 	1.17403462123	1.5041290059	184.267265796	-26.82554813	
6.3	1.24551934867e-06	1.02151497893e-06	0.0 	0.0 	199.408142501 	7.48430000169 	0.0 	0.0 	0.0 	0.0 	7.53335000169 	-5.88599999963 	0.0 	0.0 	1.18835888775	1.50412886503	184.287027779	-26.8242286934	
6.31666666667	1.24551934867e-06	1.06701839971e-06	0.0 	0.0 	199.532063335 	7.3862000017 	0.0 	0.0 	0.0 	0.0 	7.43525000169 	-5.88599999963 	0.0 	0.0 	1.20262952476	1.50412874764	184.307027078	-26.8228934097	
6.33333333333	1.24551934867e-06	1.10786170546e-06	0.0 	0.0 	199.654349168 	7.2881000017 	0.0 	0.0 	0.0 	0.0 	7.3371500017 	-5.88599999963 	0.0 	0.0 	1.21684673306	1.50412864981	184.327262804	-26.8215423387	
6.35	1.24551934867e-06	1.14381706877e-06	0.0 	0.0 	199.775000001 	7.19000000171 	0.0 	0.0 	0.0 	0.0 	7.23905000171 	-5.88599999963 	0.0 	0.0 	1.23101071268	1.50412856829	184.347734071	-26.8201755396	
6.36666666667	1.24551934867e-06	1.17486067159e-06	0.0 	0.0 	199.894015835 	7.09190000172 	0.0 	0.0 	0.0 	0.0 	7.14095000171 	-5.88599999963 	0.0 	0.0 	1.24512166291	1.50412850035	184.368439999	-26.8187930716	
6.38333333333	2.60082135481e-07	9.48609261546e-07	0.0 	0.0 	200.011396668 	6.99380000172 	0.0 	0.0 	0.0 	0.0 	7.04285000172 	-5.88599999999 	0.0 	0.0 	1.25917978229	1.50412844374	184.389379708	-26.8173949936	
6.4	2.60082135481e-07	7.51747946075e-07	0.0 	0.0 	200.127142501 	6.89570000172 	0.0 	0.0 	0.0 	0.0 	6.94475000172 	-5.88599999999 	0.0 	0.0 	1.27318526861	1.50412839656	184.410552323	-26.8159813642	
6.41666666667	2.60082135481e-07	5.83815870004e-07	0.0 	0.0 	200.241253335 	6.79760000172 	0.0 	0.0 	0.0 	0.0 	6.84665000172 	-5.88599999999 	0.0 	0.0 	1.28713831894	1.50412835725	184.431956972	-26.8145522418	
6.43333333333	2.60082135481e-07	4.43551831845e-07	0.0 	0.0 	200.353729168 	6.69950000172 	0.0 	0.0 	0.0 	0.0 	6.74855000172 	-5.88599999999 	0.0 	0.0 	1.30103912958	1.50412832448	184.453592787	-26.8131076844	
6.45	2.60082135481e-07	3.29113774261e-07	0.0 	0.0 	200.464570001 	6.60140000172 	0.0 	0.0 	0.0 	0.0 	6.65045000172 	-5.88599999999 	0.0 	0.0 	1.31488789612	1.50412829718	184.475458902	-26.8116477501	
6.46666666667	2.60082135481e-07	2.38267040921e-07	0.0 	0.0 	200.573775835 	6.50330000172 	0.0 	0.0 	0.0 	0.0 	6.55235000172 	-5.88599999999 	0.0 	0.0 	1.32868481342	1.50412827443	184.497554454	-26.8101724963	
6.48333333333	-3.2668642153e-06	-7.35237458101e-07	0.0 	0.0 	200.681346668 	6.40520000174 	0.0 	0.0 	0.0 	-0.0 	6.45425000173 	-5.88599999877 	0.0 	0.0 	1.34243007559	1.50412825547	184.519878586	-26.8086819806	
6.5	-3.2668642153e-06	-1.56881678101e-06	0.0 	0.0 	200.787282501 	6.30710000176 	0.0 	0.0 	0.0 	-0.0 	6.35615000175 	-5.88599999877 	0.0 	0.0 	1.35612387603	1.50412823967	184.54243044	-26.8071762602	
6.51666666667	-3.2668642153e-06	-2.26790473858e-06	0.0 	0.0 	200.891583335 	6.20900000178 	0.0 	0.0 	0.0 	-0.0 	6.25805000177 	-5.88599999877 	0.0 	0.0 	1.36976640742	1.5041282265	184.565209165	-26.805655392	
6.53333333333	-3.2668642153e-06	-2.84091538934e-06	0.0 	0.0 	200.994249168 	6.1109000018 	0.0 	0.0 	0.0 	-0.0 	6.15995000179 	-5.88599999877 	0.0 	0.0 	1.38335786169	1.50412821553	184.58821391	-26.8041194328	
6.55	-3.2668642153e-06	-3.2983095445e-06	0.0 	0.0 	201.095280002 	6.01280000182 	0.0 	0.0 	0.0 	-0.0 	6.06185000181 	-5.88599999877 	0.0 	0.0 	1.39689843008	1.50412820639	184.611443831	-26.8025684391	
6.56666666667	-3.2668642153e-06	-3.65180734821e-06	0.0 	0.0 	201.194675835 	5.91470000184 	0.0 	0.0 	0.0 	-0.0 	5.96375000183 	-5.88599999877 	0.0 	0.0 	1.41038830311	1.50412819877	184.634898083	-26.8010024673	
6.58333333333	-3.2668642153e-06	-3.91373867318e-06	0.0 	0.0 	201.292436668 	5.81660000186 	0.0 	0.0 	0.0 	-0.0 	5.86565000185 	-5.88599999877 	0.0 	0.0 	1.42382767057	1.50412819242	184.658575827	-26.7994215734	
6.6	-1.85620530071e-06	-3.73503927636e-06	0.0 	0.0 	201.388562502 	5.71850000186 	0.0 	0.0 	0.0 	-0.0 	5.76755000186 	-5.88599999975 	0.0 	0.0 	1.43721672156	1.50412818713	184.682476226	-26.7978258133	
6.61666666667	-1.85620530071e-06	-3.53783368208e-06	0.0 	0.0 	201.483053335 	5.62040000187 	0.0 	0.0 	0.0 	-0.0 	5.66945000187 	-5.88599999975 	0.0 	0.0 	1.45055564447	1.50412818272	184.706598447	-26.7962152428	
6.63333333333	-1.85620530071e-06	-3.3324484596e-06	0.0 	0.0 	201.575909168 	5.52230000187 	0.0 	0.0 	0.0 	-0.0 	5.57135000187 	-5.88599999975 	0.0 	0.0 	1.46384462696	1.50412817904	184.730941658	-26.7945899173	
6.65	-1.85620530071e-06	-3.12714231346e-06	0.0 	0.0 	201.667130002 	5.42420000188 	0.0 	0.0 	0.0 	-0.0 	5.47325000187 	-5.88599999975 	0.0 	0.0 	1.47708385601	1.50412817598	184.755505034	-26.792949892	
6.66666666667	-1.85620530071e-06	-2.92831326856e-06	0.0 	0.0 	201.756715835 	5.32610000188 	0.0 	0.0 	0.0 	-0.0 	5.37515000188 	-5.88599999975 	0.0 	0.0 	1.4902735179	1.50412817343	184.780287748	-26.7912952219	
6.68333333333	-1.85620530071e-06	-2.74071738476e-06	0.0 	0.0 	201.844666668 	5.22800000189 	0.0 	0.0 	0.0 	-0.0 	5.27705000188 	-5.88599999975 	0.0 	0.0 	1.50341379821	1.5041281713	184.805288981	-26.789625962	
6.7	-6.55811267084e-06	-3.77255333579e-06	0.0 	0.0 	201.930982502 	5.12990000192 	0.0 	0.0 	0.0 	-0.0 	5.1789500019 	-5.88599999793 	0.0 	0.0 	1.51650488181	1.50412816953	184.830507914	-26.7879421669	
6.71666666667	-6.55811267084e-06	-4.65927492705e-06	0.0 	0.0 	202.015663335 	5.03180000195 	0.0 	0.0 	0.0 	-0.0 	5.08085000194 	-5.88599999793 	0.0 	0.0 	1.52954695291	1.50412816806	184.855943732	-26.7862438909	
6.73333333333	-6.55811267084e-06	-5.40582283978e-06	0.0 	0.0 	202.098709169 	4.93370000199 	0.0 	0.0 	0.0 	-0.0 	4.98275000197 	-5.88599999793 	0.0 	0.0 	1.54254019499	1.50412816682	184.881595622	-26.7845311884	
6.75	-6.55811267084e-06	-6.02040652936e-06	0.0 	0.0 	202.180120002 	4.83560000202 	0.0 	0.0 	0.0 	-0.0 	4.88465000201 	-5.88599999793 	0.0 	0.0 	1.55548479088	1.5041281658	184.907462777	-26.7828041132	
6.76666666667	-6.55811267084e-06	-6.51351220571e-06	0.0 	0.0 	202.259895835 	4.73750000206 	0.0 	0.0 	0.0 	-0.0 	4.78655000204 	-5.88599999793 	0.0 	0.0 	1.5683809227	1.50412816494	184.93354439	-26.7810627193	
6.78333333333	-6.55811267084e-06	-6.89706286941e-06	0.0 	0.0 	202.338036669 	4.63940000209 	0.0 	0.0 	0.0 	-0.0 	4.68845000207 	-5.88599999793 	0.0 	0.0 	1.58122877191	1.50412816423	184.959839658	-26.7793070603	
6.8	-6.55811267084e-06	-7.18372244008e-06	0.0 	0.0 	202.414542502 	4.54130000213 	0.0 	0.0 	0.0 	-0.0 	4.59035000211 	-5.88599999793 	0.0 	0.0 	1.59402851926	1.50412816364	184.986347781	-26.7775371895	
6.81666666667	-2.8579171454e-06	-6.43815819866e-06	0.0 	0.0 	202.489413335 	4.44320000213 	0.0 	0.0 	0.0 	-0.0 	4.49225000213 	-5.88599999978 	0.0 	0.0 	1.60678034485	1.50412816314	185.013067962	-26.7757531601	
6.83333333333	-2.8579171454e-06	-5.74846337865e-06	0.0 	0.0 	202.562649169 	4.34510000213 	0.0 	0.0 	0.0 	-0.0 	4.39415000213 	-5.88599999978 	0.0 	0.0 	1.6194844281	1.50412816273	185.039999408	-26.7739550253	
6.85	-2.8579171454e-06	-5.12362032335e-06	0.0 	0.0 	202.634250002 	4.24700000214 	0.0 	0.0 	0.0 	-0.0 	4.29605000214 	-5.88599999978 	0.0 	0.0 	1.63214094775	1.50412816239	185.067141327	-26.7721428377	
6.86666666667	-2.8579171454e-06	-4.56856373118e-06	0.0 	0.0 	202.704215836 	4.14890000214 	0.0 	0.0 	0.0 	-0.0 	4.19795000214 	-5.88599999978 	0.0 	0.0 	1.64475008189	1.5041281621	185.094492932	-26.7703166501	
6.88333333333	-2.8579171454e-06	-4.08493716645e-06	0.0 	0.0 	202.772546669 	4.05080000215 	0.0 	0.0 	0.0 	-0.0 	4.09985000214 	-5.88599999978 	0.0 	0.0 	1.65731200791	1.50412816186	185.122053436	-26.7684765147	
6.9	-2.8579171454e-06	-3.67178220312e-06	0.0 	0.0 	202.839242502 	3.95270000215 	0.0 	0.0 	0.0 	-0.0 	4.00175000215 	-5.88599999978 	0.0 	0.0 	1.66982690256	1.50412816167	185.149822059	-26.7666224839	
6.91666666667	-3.45393310908e-06	-3.47888291418e-06	0.0 	0.0 	202.904303336 	3.85460000215 	0.0 	0.0 	0.0 	-0.0 	3.90365000215 	-5.88599999981 	0.0 	0.0 	1.68229494194	1.5041281615	185.177798022	-26.7647546097	
6.93333333333	-3.45393310908e-06	-3.32860628384e-06	0.0 	0.0 	202.967729169 	3.75650000216 	0.0 	0.0 	0.0 	-0.0 	3.80555000215 	-5.88599999981 	0.0 	0.0 	1.69471630146	1.50412816136	185.205980546	-26.7628729439	
6.95	-3.45393310908e-06	-3.21605835862e-06	0.0 	0.0 	203.029520002 	3.65840000216 	0.0 	0.0 	0.0 	-0.0 	3.70745000216 	-5.88599999981 	0.0 	0.0 	1.70709115588	1.50412816125	185.234368861	-26.7609775381	
6.96666666667	-3.45393310908e-06	-3.13626730252e-06	0.0 	0.0 	203.089675836 	3.56030000216 	0.0 	0.0 	0.0 	-0.0 	3.60935000216 	-5.88599999981 	0.0 	0.0 	1.71941967933	1.50412816115	185.262962194	-26.7590684437	
6.98333333333	-3.45393310908e-06	-3.0843562905e-06	0.0 	0.0 	203.148196669 	3.46220000216 	0.0 	0.0 	0.0 	-0.0 	3.51125000216 	-5.88599999981 	0.0 	0.0 	1.73170204527	1.50412816107	185.291759778	-26.7571457121	
7.0	-3.45393310908e-06	-3.05567453177e-06	0.0 	0.0 	203.205082502 	3.36410000217 	0.0 	0.0 	0.0 	-0.0 	3.41315000217 	-5.88599999981 	0.0 	0.0 	1.7439384265	1.504128161	185.320760849	-26.7552093943	
7.01666666667	-3.45393310908e-06	-3.04589174929e-06	0.0 	0.0 	203.260333336 	3.26600000217 	0.0 	0.0 	0.0 	-0.0 	3.31505000217 	-5.88599999981 	0.0 	0.0 	1.75612899519	1.50412816095	185.349964645	-26.7532595411	
7.03333333333	-5.02524944403e-06	-3.45371119619e-06	0.0 	0.0 	203.313949169 	3.16790000217 	0.0 	0.0 	0.0 	-0.0 	3.21695000217 	-5.88599999982 	0.0 	0.0 	1.76827392287	1.5041281609	185.379370407	-26.7512962033	
7.05	-5.02524944403e-06	-3.81888183779e-06	0.0 	0.0 	203.365930003 	3.06980000218 	0.0 	0.0 	0.0 	-0.0 	3.11885000218 	-5.88599999982 	0.0 	0.0 	1.7803733804	1.50412816086	185.408977379	-26.7493194313	
7.06666666667	-5.02524944403e-06	-4.13958807272e-06	0.0 	0.0 	203.416275836 	2.97170000218 	0.0 	0.0 	0.0 	-0.0 	3.02075000218 	-5.88599999982 	0.0 	0.0 	1.79242753804	1.50412816083	185.438784806	-26.7473292754	
7.08333333333	-5.02524944403e-06	-4.41581232264e-06	0.0 	0.0 	203.464986669 	2.87360000218 	0.0 	0.0 	0.0 	-0.0 	2.92265000218 	-5.88599999982 	0.0 	0.0 	1.80443656537	1.50412816081	185.46879194	-26.7453257856	
7.1	-5.02524944403e-06	-4.64893102638e-06	0.0 	0.0 	203.512062503 	2.77550000219 	0.0 	0.0 	0.0 	-0.0 	2.82455000218 	-5.88599999982 	0.0 	0.0 	1.81640063137	1.50412816078	185.498998031	-26.7433090121	
7.11666666667	-5.02524944403e-06	-4.84135797233e-06	0.0 	0.0 	203.557503336 	2.67740000219 	0.0 	0.0 	0.0 	-0.0 	2.72645000219 	-5.88599999982 	0.0 	0.0 	1.82831990437	1.50412816076	185.529402336	-26.7412790044	
7.13333333333	-5.02524944403e-06	-4.99623546393e-06	0.0 	0.0 	203.601309169 	2.57930000219 	0.0 	0.0 	0.0 	-0.0 	2.62835000219 	-5.88599999982 	0.0 	0.0 	1.84019455207	1.50412816075	185.560004112	-26.7392358121	
7.15	-5.62066562087e-06	-5.26974760211e-06	0.0 	0.0 	203.643480003 	2.48120000219 	0.0 	0.0 	0.0 	-0.0 	2.53025000219 	-5.88599999991 	0.0 	0.0 	1.85202474155	1.50412816074	185.59080262	-26.7371794846	
7.16666666667	-5.62066562087e-06	-5.49268569729e-06	0.0 	0.0 	203.684015836 	2.3831000022 	0.0 	0.0 	0.0 	-0.0 	2.43215000219 	-5.88599999991 	0.0 	0.0 	1.86381063925	1.50412816073	185.621797123	-26.7351100711	
7.18333333333	-5.62066562087e-06	-5.66946209366e-06	0.0 	0.0 	203.72291667 	2.2850000022 	0.0 	0.0 	0.0 	-0.0 	2.3340500022 	-5.88599999991 	0.0 	0.0 	1.87555241102	1.50412816072	185.652986888	-26.7330276205	
7.2	-5.62066562087e-06	-5.80493891108e-06	0.0 	0.0 	203.760182503 	2.1869000022 	0.0 	0.0 	0.0 	-0.0 	2.2359500022 	-5.88599999991 	0.0 	0.0 	1.88725022204	1.50412816071	185.684371183	-26.7309321817	
7.21666666667	-5.62066562087e-06	-5.90417490426e-06	0.0 	0.0 	203.795813336 	2.0888000022 	0.0 	0.0 	0.0 	-0.0 	2.1378500022 	-5.88599999991 	0.0 	0.0 	1.89890423691	1.5041281607	185.71594928	-26.7288238033	
7.23333333333	-5.62066562087e-06	-5.97222313387e-06	0.0 	0.0 	203.82980917 	1.9907000022 	0.0 	0.0 	0.0 	-0.0 	2.0397500022 	-5.88599999991 	0.0 	0.0 	1.91051461959	1.5041281607	185.747720453	-26.7267025338	
7.25	-6.62073927797e-06	-6.27024321416e-06	0.0 	0.0 	203.862170003 	1.8926000022 	0.0 	0.0 	0.0 	-0.0 	1.9416500022 	-5.88599999996 	0.0 	0.0 	1.92208153346	1.50412816069	185.77968398	-26.7245684213	
7.26666666667	-6.62073927797e-06	-6.51216177839e-06	0.0 	0.0 	203.892895836 	1.7945000022 	0.0 	0.0 	0.0 	-0.0 	1.8435500022 	-5.88599999996 	0.0 	0.0 	1.93360514124	1.50412816069	185.811839141	-26.722421514	
7.28333333333	-6.62073927797e-06	-6.70304171252e-06	0.0 	0.0 	203.92198667 	1.6964000022 	0.0 	0.0 	0.0 	-0.0 	1.7454500022 	-5.88599999996 	0.0 	0.0 	1.94508560509	1.50412816069	185.844185218	-26.7202618598	
7.3	-6.62073927797e-06	-6.8484017104e-06	0.0 	0.0 	203.949442503 	1.5983000022 	0.0 	0.0 	0.0 	-0.0 	1.6473500022 	-5.88599999996 	0.0 	0.0 	1.95652308652	1.50412816068	185.876721496	-26.7180895064	
7.31666666667	-6.62073927797e-06	-6.95394125774e-06	0.0 	0.0 	203.975263337 	1.5002000022 	0.0 	0.0 	0.0 	-0.0 	1.5492500022 	-5.88599999996 	0.0 	0.0 	1.96791774646	1.50412816068	185.909447263	-26.7159045014	
7.33333333333	-6.62073927797e-06	-7.02532184506e-06	0.0 	0.0 	203.99944917 	1.40210000221 	0.0 	0.0 	0.0 	-0.0 	1.45115000221 	-5.88599999996 	0.0 	0.0 	1.97926974523	1.50412816068	185.942361809	-26.7137068921	
7.35	-6.62073927797e-06	-7.06799859501e-06	0.0 	0.0 	204.022000003 	1.30400000221 	0.0 	0.0 	0.0 	-0.0 	1.35305000221 	-5.88599999996 	0.0 	0.0 	1.99057924256	1.50412816068	185.975464429	-26.7114967258	
7.36666666667	-3.00841543817e-06	-6.16143823862e-06	0.0 	0.0 	204.042915837 	1.20590000221 	0.0 	0.0 	0.0 	-0.0 	1.25495000221 	-5.886 	0.0 	0.0 	2.00184639757	1.50412816068	186.008754417	-26.7092740493	
7.38333333333	-3.00841543817e-06	-5.3603219999e-06	0.0 	0.0 	204.06219667 	1.10780000221 	0.0 	0.0 	0.0 	-0.0 	1.15685000221 	-5.886 	0.0 	0.0 	2.01307136879	1.50412816068	186.042231073	-26.7070389096	
7.4	-3.00841543817e-06	-4.66595983484e-06	0.0 	0.0 	204.079842503 	1.00970000221 	0.0 	0.0 	0.0 	-0.0 	1.05875000221 	-5.886 	0.0 	0.0 	2.02425431415	1.50412816068	186.075893697	-26.7047913534	
7.41666666667	-3.00841543817e-06	-4.07603089452e-06	0.0 	0.0 	204.095853337 	0.911600002207 	0.0 	0.0 	0.0 	-0.0 	0.960650002207 	-5.886 	0.0 	0.0 	2.03539539099	1.50412816068	186.109741593	-26.702531427	
7.43333333333	-3.00841543817e-06	-4.07603089452e-06	0.0 	0.0 	204.095853337 	0.0 	0.0 	0.0 	0.0 	0.0 	0.0 	0.0 	0.0 	0.0 	0.0	1.50412816068	186.109741593	-26.702531427	
7.45	-3.00841543817e-06	-4.07603089452e-06	0.0 	0.0 	204.095853337 	0.0 	0.0 	0.0 	0.0 	0.0 	0.0 	0.0 	0.0 	0.0 	0.0	1.50412816068	186.109741593	-26.702531427	
7.46666666667	-3.00841543817e-06	-4.07603089452e-06	0.0 	0.0 	204.095853337 	0.0 	0.0 	0.0 	0.0 	0.0 	0.0 	0.0 	0.0 	0.0 	0.0	1.50412816068	186.109741593	-26.702531427	
7.48333333333	-3.00841543817e-06	-4.07603089452e-06	0.0 	0.0 	204.095853337 	0.0 	0.0 	0.0 	0.0 	0.0 	0.0 	0.0 	0.0 	0.0 	0.0	1.50412816068	186.109741593	-26.702531427	
7.5	-3.00841543817e-06	-4.07603089452e-06	0.0 	0.0 	204.095853337 	0.0 	0.0 	0.0 	0.0 	0.0 	0.0 	0.0 	0.0 	0.0 	0.0	1.50412816068	186.109741593	-26.702531427	
7.51666666667	-3.00841543817e-06	-4.07603089452e-06	0.0 	0.0 	204.095853337 	0.0 	0.0 	0.0 	0.0 	0.0 	0.0 	0.0 	0.0 	0.0 	0.0	1.50412816068	186.109741593	-26.702531427	
7.53333333333	-3.00841543817e-06	-4.07603089452e-06	0.0 	0.0 	204.095853337 	0.0 	0.0 	0.0 	0.0 	0.0 	0.0 	0.0 	0.0 	0.0 	0.0	1.50412816068	186.109741593	-26.702531427	
7.55	-3.00841543817e-06	-4.07603089452e-06	0.0 	0.0 	204.095853337 	0.0 	0.0 	0.0 	0.0 	0.0 	0.0 	0.0 	0.0 	0.0 	0.0	1.50412816068	186.109741593	-26.702531427	
7.56666666667	-3.00841543817e-06	-4.07603089452e-06	0.0 	0.0 	204.095853337 	0.0 	0.0 	0.0 	0.0 	0.0 	0.0 	0.0 	0.0 	0.0 	0.0	1.50412816068	186.109741593	-26.702531427	
7.58333333333	-3.00841543817e-06	-4.07603089452e-06	0.0 	0.0 	204.095853337 	0.0 	0.0 	0.0 	0.0 	0.0 	0.0 	0.0 	0.0 	0.0 	0.0	1.50412816068	186.109741593	-26.702531427	
7.6	-3.00841543817e-06	-4.07603089452e-06	0.0 	0.0 	204.095853337 	0.0 	0.0 	0.0 	0.0 	0.0 	0.0 	0.0 	0.0 	0.0 	0.0	1.50412816068	186.109741593	-26.702531427	
7.61666666667	-3.00841543817e-06	-4.07603089452e-06	0.0 	0.0 	204.095853337 	0.0 	0.0 	0.0 	0.0 	0.0 	0.0 	0.0 	0.0 	0.0 	0.0	1.50412816068	186.109741593	-26.702531427	
7.63333333333	-3.00841543817e-06	-4.07603089452e-06	0.0 	0.0 	204.095853337 	0.0 	0.0 	0.0 	0.0 	0.0 	0.0 	0.0 	0.0 	0.0 	0.0	1.50412816068	186.109741593	-26.702531427	
7.65	-3.00841543817e-06	-4.07603089452e-06	0.0 	0.0 	204.095853337 	0.0 	0.0 	0.0 	0.0 	0.0 	0.0 	0.0 	0.0 	0.0 	0.0	1.50412816068	186.109741593	-26.702531427	
7.66666666667	-3.00841543817e-06	-4.07603089452e-06	0.0 	0.0 	204.095853337 	0.0 	0.0 	0.0 	0.0 	0.0 	0.0 	0.0 	0.0 	0.0 	0.0	1.50412816068	186.109741593	-26.702531427	
7.68333333333	-3.00841543817e-06	-4.07603089452e-06	0.0 	0.0 	204.095853337 	0.0 	0.0 	0.0 	0.0 	0.0 	0.0 	0.0 	0.0 	0.0 	0.0	1.50412816068	186.109741593	-26.702531427	
7.7	-3.00841543817e-06	-4.07603089452e-06	0.0 	0.0 	204.095853337 	0.0 	0.0 	0.0 	0.0 	0.0 	0.0 	0.0 	0.0 	0.0 	0.0	1.50412816068	186.109741593	-26.702531427	
7.71666666667	-3.00841543817e-06	-4.07603089452e-06	0.0 	0.0 	204.095853337 	0.0 	0.0 	0.0 	0.0 	0.0 	0.0 	0.0 	0.0 	0.0 	0.0	1.50412816068	186.109741593	-26.702531427	
7.73333333333	-3.00841543817e-06	-4.07603089452e-06	0.0 	0.0 	204.095853337 	0.0 	0.0 	0.0 	0.0 	0.0 	0.0 	0.0 	0.0 	0.0 	0.0	1.50412816068	186.109741593	-26.702531427	
7.75	-3.00841543817e-06	-4.07603089452e-06	0.0 	0.0 	204.095853337 	0.0 	0.0 	0.0 	0.0 	0.0 	0.0 	0.0 	0.0 	0.0 	0.0	1.50412816068	186.109741593	-26.702531427	
7.76666666667	-3.00841543817e-06	-4.07603089452e-06	0.0 	0.0 	204.095853337 	0.0 	0.0 	0.0 	0.0 	0.0 	0.0 	0.0 	0.0 	0.0 	0.0	1.50412816068	186.109741593	-26.702531427	
7.78333333333	-3.00841543817e-06	-4.07603089452e-06	0.0 	0.0 	204.095853337 	0.0 	0.0 	0.0 	0.0 	0.0 	0.0 	0.0 	0.0 	0.0 	0.0	1.50412816068	186.109741593	-26.702531427	
7.8	-3.00841543817e-06	-4.07603089452e-06	0.0 	0.0 	204.095853337 	0.0 	0.0 	0.0 	0.0 	0.0 	0.0 	0.0 	0.0 	0.0 	0.0	1.50412816068	186.109741593	-26.702531427	
7.81666666667	-3.00841543817e-06	-4.07603089452e-06	0.0 	0.0 	204.095853337 	0.0 	0.0 	0.0 	0.0 	0.0 	0.0 	0.0 	0.0 	0.0 	0.0	1.50412816068	186.109741593	-26.702531427	
7.83333333333	-3.00841543817e-06	-4.07603089452e-06	0.0 	0.0 	204.095853337 	0.0 	0.0 	0.0 	0.0 	0.0 	0.0 	0.0 	0.0 	0.0 	0.0	1.50412816068	186.109741593	-26.702531427	
7.85	-3.00841543817e-06	-4.07603089452e-06	0.0 	0.0 	204.095853337 	0.0 	0.0 	0.0 	0.0 	0.0 	0.0 	0.0 	0.0 	0.0 	0.0	1.50412816068	186.109741593	-26.702531427	
7.86666666667	-3.00841543817e-06	-4.07603089452e-06	0.0 	0.0 	204.095853337 	0.0 	0.0 	0.0 	0.0 	0.0 	0.0 	0.0 	0.0 	0.0 	0.0	1.50412816068	186.109741593	-26.702531427	
7.88333333333	-3.00841543817e-06	-4.07603089452e-06	0.0 	0.0 	204.095853337 	0.0 	0.0 	0.0 	0.0 	0.0 	0.0 	0.0 	0.0 	0.0 	0.0	1.50412816068	186.109741593	-26.702531427	
7.9	-3.00841543817e-06	-4.07603089452e-06	0.0 	0.0 	204.095853337 	0.0 	0.0 	0.0 	0.0 	0.0 	0.0 	0.0 	0.0 	0.0 	0.0	1.50412816068	186.109741593	-26.702531427	
7.91666666667	-3.00841543817e-06	-4.07603089452e-06	0.0 	0.0 	204.095853337 	0.0 	0.0 	0.0 	0.0 	0.0 	0.0 	0.0 	0.0 	0.0 	0.0	1.50412816068	186.109741593	-26.702531427	
7.93333333333	-3.00841543817e-06	-4.07603089452e-06	0.0 	0.0 	204.095853337 	0.0 	0.0 	0.0 	0.0 	0.0 	0.0 	0.0 	0.0 	0.0 	0.0	1.50412816068	186.109741593	-26.702531427	
7.95	-3.00841543817e-06	-4.07603089452e-06	0.0 	0.0 	204.095853337 	0.0 	0.0 	0.0 	0.0 	0.0 	0.0 	0.0 	0.0 	0.0 	0.0	1.50412816068	186.109741593	-26.702531427	
7.96666666667	-3.00841543817e-06	-4.07603089452e-06	0.0 	0.0 	204.095853337 	0.0 	0.0 	0.0 	0.0 	0.0 	0.0 	0.0 	0.0 	0.0 	0.0	1.50412816068	186.109741593	-26.702531427	
7.98333333333	-3.00841543817e-06	-4.07603089452e-06	0.0 	0.0 	204.095853337 	0.0 	0.0 	0.0 	0.0 	0.0 	0.0 	0.0 	0.0 	0.0 	0.0	1.50412816068	186.109741593	-26.702531427	
8.0	-3.00841543817e-06	-4.07603089452e-06	0.0 	0.0 	204.095853337 	0.0 	0.0 	0.0 	0.0 	0.0 	0.0 	0.0 	0.0 	0.0 	0.0	1.50412816068	186.109741593	-26.702531427	
8.01666666667	-3.00841543817e-06	-4.07603089452e-06	0.0 	0.0 	204.095853337 	0.0 	0.0 	0.0 	0.0 	0.0 	0.0 	0.0 	0.0 	0.0 	0.0	1.50412816068	186.109741593	-26.702531427	
8.03333333333	-3.00841543817e-06	-4.07603089452e-06	0.0 	0.0 	204.095853337 	0.0 	0.0 	0.0 	0.0 	0.0 	0.0 	0.0 	0.0 	0.0 	0.0	1.50412816068	186.109741593	-26.702531427	
8.05	-3.00841543817e-06	-4.07603089452e-06	0.0 	0.0 	204.095853337 	0.0 	0.0 	0.0 	0.0 	0.0 	0.0 	0.0 	0.0 	0.0 	0.0	1.50412816068	186.109741593	-26.702531427	
8.06666666667	-3.00841543817e-06	-4.07603089452e-06	0.0 	0.0 	204.095853337 	0.0 	0.0 	0.0 	0.0 	0.0 	0.0 	0.0 	0.0 	0.0 	0.0	1.50412816068	186.109741593	-26.702531427	
8.08333333333	-3.00841543817e-06	-4.07603089452e-06	0.0 	0.0 	204.095853337 	0.0 	0.0 	0.0 	0.0 	0.0 	0.0 	0.0 	0.0 	0.0 	0.0	1.50412816068	186.109741593	-26.702531427	
8.1	-3.00841543817e-06	-4.07603089452e-06	0.0 	0.0 	204.095853337 	0.0 	0.0 	0.0 	0.0 	0.0 	0.0 	0.0 	0.0 	0.0 	0.0	1.50412816068	186.109741593	-26.702531427	
8.11666666667	-3.00841543817e-06	-4.07603089452e-06	0.0 	0.0 	204.095853337 	0.0 	0.0 	0.0 	0.0 	0.0 	0.0 	0.0 	0.0 	0.0 	0.0	1.50412816068	186.109741593	-26.702531427	
8.13333333333	-3.00841543817e-06	-4.07603089452e-06	0.0 	0.0 	204.095853337 	0.0 	0.0 	0.0 	0.0 	0.0 	0.0 	0.0 	0.0 	0.0 	0.0	1.50412816068	186.109741593	-26.702531427	
8.15	-3.00841543817e-06	-4.07603089452e-06	0.0 	0.0 	204.095853337 	0.0 	0.0 	0.0 	0.0 	0.0 	0.0 	0.0 	0.0 	0.0 	0.0	1.50412816068	186.109741593	-26.702531427	
8.16666666667	-3.00841543817e-06	-4.07603089452e-06	0.0 	0.0 	204.095853337 	0.0 	0.0 	0.0 	0.0 	0.0 	0.0 	0.0 	0.0 	0.0 	0.0	1.50412816068	186.109741593	-26.702531427	
8.18333333333	-3.00841543817e-06	-4.07603089452e-06	0.0 	0.0 	204.095853337 	0.0 	0.0 	0.0 	0.0 	0.0 	0.0 	0.0 	0.0 	0.0 	0.0	1.50412816068	186.109741593	-26.702531427	
8.2	-3.00841543817e-06	-4.07603089452e-06	0.0 	0.0 	204.095853337 	0.0 	0.0 	0.0 	0.0 	0.0 	0.0 	0.0 	0.0 	0.0 	0.0	1.50412816068	186.109741593	-26.702531427	
8.21666666667	-3.00841543817e-06	-4.07603089452e-06	0.0 	0.0 	204.095853337 	0.0 	0.0 	0.0 	0.0 	0.0 	0.0 	0.0 	0.0 	0.0 	0.0	1.50412816068	186.109741593	-26.702531427	
8.23333333333	-3.00841543817e-06	-4.07603089452e-06	0.0 	0.0 	204.095853337 	0.0 	0.0 	0.0 	0.0 	0.0 	0.0 	0.0 	0.0 	0.0 	0.0	1.50412816068	186.109741593	-26.702531427	
8.25	-3.00841543817e-06	-4.07603089452e-06	0.0 	0.0 	204.095853337 	0.0 	0.0 	0.0 	0.0 	0.0 	0.0 	0.0 	0.0 	0.0 	0.0	1.50412816068	186.109741593	-26.702531427	
8.26666666667	-3.00841543817e-06	-4.07603089452e-06	0.0 	0.0 	204.095853337 	0.0 	0.0 	0.0 	0.0 	0.0 	0.0 	0.0 	0.0 	0.0 	0.0	1.50412816068	186.109741593	-26.702531427	
8.28333333333	-3.00841543817e-06	-4.07603089452e-06	0.0 	0.0 	204.095853337 	0.0 	0.0 	0.0 	0.0 	0.0 	0.0 	0.0 	0.0 	0.0 	0.0	1.50412816068	186.109741593	-26.702531427	
8.3	-3.00841543817e-06	-4.07603089452e-06	0.0 	0.0 	204.095853337 	0.0 	0.0 	0.0 	0.0 	0.0 	0.0 	0.0 	0.0 	0.0 	0.0	1.50412816068	186.109741593	-26.702531427	
8.31666666667	-3.00841543817e-06	-4.07603089452e-06	0.0 	0.0 	204.095853337 	0.0 	0.0 	0.0 	0.0 	0.0 	0.0 	0.0 	0.0 	0.0 	0.0	1.50412816068	186.109741593	-26.702531427	
8.33333333333	-3.00841543817e-06	-4.07603089452e-06	0.0 	0.0 	204.095853337 	0.0 	0.0 	0.0 	0.0 	0.0 	0.0 	0.0 	0.0 	0.0 	0.0	1.50412816068	186.109741593	-26.702531427	
8.35	-3.00841543817e-06	-4.07603089452e-06	0.0 	0.0 	204.095853337 	0.0 	0.0 	0.0 	0.0 	0.0 	0.0 	0.0 	0.0 	0.0 	0.0	1.50412816068	186.109741593	-26.702531427	
8.36666666667	-3.00841543817e-06	-4.07603089452e-06	0.0 	0.0 	204.095853337 	0.0 	0.0 	0.0 	0.0 	0.0 	0.0 	0.0 	0.0 	0.0 	0.0	1.50412816068	186.109741593	-26.702531427	
8.38333333333	-3.00841543817e-06	-4.07603089452e-06	0.0 	0.0 	204.095853337 	0.0 	0.0 	0.0 	0.0 	0.0 	0.0 	0.0 	0.0 	0.0 	0.0	1.50412816068	186.109741593	-26.702531427	
8.4	-3.00841543817e-06	-4.07603089452e-06	0.0 	0.0 	204.095853337 	0.0 	0.0 	0.0 	0.0 	0.0 	0.0 	0.0 	0.0 	0.0 	0.0	1.50412816068	186.109741593	-26.702531427	
8.41666666667	-3.00841543817e-06	-4.07603089452e-06	0.0 	0.0 	204.095853337 	0.0 	0.0 	0.0 	0.0 	0.0 	0.0 	0.0 	0.0 	0.0 	0.0	1.50412816068	186.109741593	-26.702531427	
8.43333333333	-3.00841543817e-06	-4.07603089452e-06	0.0 	0.0 	204.095853337 	0.0 	0.0 	0.0 	0.0 	0.0 	0.0 	0.0 	0.0 	0.0 	0.0	1.50412816068	186.109741593	-26.702531427	
8.45	-3.00841543817e-06	-4.07603089452e-06	0.0 	0.0 	204.095853337 	0.0 	0.0 	0.0 	0.0 	0.0 	0.0 	0.0 	0.0 	0.0 	0.0	1.50412816068	186.109741593	-26.702531427	
8.46666666667	-3.00841543817e-06	-4.07603089452e-06	0.0 	0.0 	204.095853337 	0.0 	0.0 	0.0 	0.0 	0.0 	0.0 	0.0 	0.0 	0.0 	0.0	1.50412816068	186.109741593	-26.702531427	
8.48333333333	-3.00841543817e-06	-4.07603089452e-06	0.0 	0.0 	204.095853337 	0.0 	0.0 	0.0 	0.0 	0.0 	0.0 	0.0 	0.0 	0.0 	0.0	1.50412816068	186.109741593	-26.702531427	
8.5	-3.00841543817e-06	-4.07603089452e-06	0.0 	0.0 	204.095853337 	0.0 	0.0 	0.0 	0.0 	0.0 	0.0 	0.0 	0.0 	0.0 	0.0	1.50412816068	186.109741593	-26.702531427	
8.51666666667	-3.00841543817e-06	-4.07603089452e-06	0.0 	0.0 	204.095853337 	0.0 	0.0 	0.0 	0.0 	0.0 	0.0 	0.0 	0.0 	0.0 	0.0	1.50412816068	186.109741593	-26.702531427	
8.53333333333	-3.00841543817e-06	-4.07603089452e-06	0.0 	0.0 	204.095853337 	0.0 	0.0 	0.0 	0.0 	0.0 	0.0 	0.0 	0.0 	0.0 	0.0	1.50412816068	186.109741593	-26.702531427	
8.55	-3.00841543817e-06	-4.07603089452e-06	0.0 	0.0 	204.095853337 	0.0 	0.0 	0.0 	0.0 	0.0 	0.0 	0.0 	0.0 	0.0 	0.0	1.50412816068	186.109741593	-26.702531427	
8.56666666667	-3.00841543817e-06	-4.07603089452e-06	0.0 	0.0 	204.095853337 	0.0 	0.0 	0.0 	0.0 	0.0 	0.0 	0.0 	0.0 	0.0 	0.0	1.50412816068	186.109741593	-26.702531427	
8.58333333333	-3.00841543817e-06	-4.07603089452e-06	0.0 	0.0 	204.095853337 	0.0 	0.0 	0.0 	0.0 	0.0 	0.0 	0.0 	0.0 	0.0 	0.0	1.50412816068	186.109741593	-26.702531427	
8.6	-3.00841543817e-06	-4.07603089452e-06	0.0 	0.0 	204.095853337 	0.0 	0.0 	0.0 	0.0 	0.0 	0.0 	0.0 	0.0 	0.0 	0.0	1.50412816068	186.109741593	-26.702531427	
8.61666666667	-3.00841543817e-06	-4.07603089452e-06	0.0 	0.0 	204.095853337 	0.0 	0.0 	0.0 	0.0 	0.0 	0.0 	0.0 	0.0 	0.0 	0.0	1.50412816068	186.109741593	-26.702531427	
8.63333333333	-3.00841543817e-06	-4.07603089452e-06	0.0 	0.0 	204.095853337 	0.0 	0.0 	0.0 	0.0 	0.0 	0.0 	0.0 	0.0 	0.0 	0.0	1.50412816068	186.109741593	-26.702531427	
8.65	-3.00841543817e-06	-4.07603089452e-06	0.0 	0.0 	204.095853337 	0.0 	0.0 	0.0 	0.0 	0.0 	0.0 	0.0 	0.0 	0.0 	0.0	1.50412816068	186.109741593	-26.702531427	
8.66666666667	-3.00841543817e-06	-4.07603089452e-06	0.0 	0.0 	204.095853337 	0.0 	0.0 	0.0 	0.0 	0.0 	0.0 	0.0 	0.0 	0.0 	0.0	1.50412816068	186.109741593	-26.702531427	
8.68333333333	-3.00841543817e-06	-4.07603089452e-06	0.0 	0.0 	204.095853337 	0.0 	0.0 	0.0 	0.0 	0.0 	0.0 	0.0 	0.0 	0.0 	0.0	1.50412816068	186.109741593	-26.702531427	
8.7	-3.00841543817e-06	-4.07603089452e-06	0.0 	0.0 	204.095853337 	0.0 	0.0 	0.0 	0.0 	0.0 	0.0 	0.0 	0.0 	0.0 	0.0	1.50412816068	186.109741593	-26.702531427	
8.71666666667	-3.00841543817e-06	-4.07603089452e-06	0.0 	0.0 	204.095853337 	0.0 	0.0 	0.0 	0.0 	0.0 	0.0 	0.0 	0.0 	0.0 	0.0	1.50412816068	186.109741593	-26.702531427	
8.73333333333	-3.00841543817e-06	-4.07603089452e-06	0.0 	0.0 	204.095853337 	0.0 	0.0 	0.0 	0.0 	0.0 	0.0 	0.0 	0.0 	0.0 	0.0	1.50412816068	186.109741593	-26.702531427	
8.75	-3.00841543817e-06	-4.07603089452e-06	0.0 	0.0 	204.095853337 	0.0 	0.0 	0.0 	0.0 	0.0 	0.0 	0.0 	0.0 	0.0 	0.0	1.50412816068	186.109741593	-26.702531427	
8.76666666667	-3.00841543817e-06	-4.07603089452e-06	0.0 	0.0 	204.095853337 	0.0 	0.0 	0.0 	0.0 	0.0 	0.0 	0.0 	0.0 	0.0 	0.0	1.50412816068	186.109741593	-26.702531427	
8.78333333333	-3.00841543817e-06	-4.07603089452e-06	0.0 	0.0 	204.095853337 	0.0 	0.0 	0.0 	0.0 	0.0 	0.0 	0.0 	0.0 	0.0 	0.0	1.50412816068	186.109741593	-26.702531427	
8.8	-3.00841543817e-06	-4.07603089452e-06	0.0 	0.0 	204.095853337 	0.0 	0.0 	0.0 	0.0 	0.0 	0.0 	0.0 	0.0 	0.0 	0.0	1.50412816068	186.109741593	-26.702531427	
8.81666666667	-3.00841543817e-06	-4.07603089452e-06	0.0 	0.0 	204.095853337 	0.0 	0.0 	0.0 	0.0 	0.0 	0.0 	0.0 	0.0 	0.0 	0.0	1.50412816068	186.109741593	-26.702531427	
8.83333333333	-3.00841543817e-06	-4.07603089452e-06	0.0 	0.0 	204.095853337 	0.0 	0.0 	0.0 	0.0 	0.0 	0.0 	0.0 	0.0 	0.0 	0.0	1.50412816068	186.109741593	-26.702531427	
8.85	-3.00841543817e-06	-4.07603089452e-06	0.0 	0.0 	204.095853337 	0.0 	0.0 	0.0 	0.0 	0.0 	0.0 	0.0 	0.0 	0.0 	0.0	1.50412816068	186.109741593	-26.702531427	
8.86666666667	-3.00841543817e-06	-4.07603089452e-06	0.0 	0.0 	204.095853337 	0.0 	0.0 	0.0 	0.0 	0.0 	0.0 	0.0 	0.0 	0.0 	0.0	1.50412816068	186.109741593	-26.702531427	
8.88333333333	-3.00841543817e-06	-4.07603089452e-06	0.0 	0.0 	204.095853337 	0.0 	0.0 	0.0 	0.0 	0.0 	0.0 	0.0 	0.0 	0.0 	0.0	1.50412816068	186.109741593	-26.702531427	
8.9	-3.00841543817e-06	-4.07603089452e-06	0.0 	0.0 	204.095853337 	0.0 	0.0 	0.0 	0.0 	0.0 	0.0 	0.0 	0.0 	0.0 	0.0	1.50412816068	186.109741593	-26.702531427	
8.91666666667	-3.00841543817e-06	-4.07603089452e-06	0.0 	0.0 	204.095853337 	0.0 	0.0 	0.0 	0.0 	0.0 	0.0 	0.0 	0.0 	0.0 	0.0	1.50412816068	186.109741593	-26.702531427	
8.93333333333	-3.00841543817e-06	-4.07603089452e-06	0.0 	0.0 	204.095853337 	0.0 	0.0 	0.0 	0.0 	0.0 	0.0 	0.0 	0.0 	0.0 	0.0	1.50412816068	186.109741593	-26.702531427	
8.95	-3.00841543817e-06	-4.07603089452e-06	0.0 	0.0 	204.095853337 	0.0 	0.0 	0.0 	0.0 	0.0 	0.0 	0.0 	0.0 	0.0 	0.0	1.50412816068	186.109741593	-26.702531427	
8.96666666667	-3.00841543817e-06	-4.07603089452e-06	0.0 	0.0 	204.095853337 	0.0 	0.0 	0.0 	0.0 	0.0 	0.0 	0.0 	0.0 	0.0 	0.0	1.50412816068	186.109741593	-26.702531427	
8.98333333333	-3.00841543817e-06	-4.07603089452e-06	0.0 	0.0 	204.095853337 	0.0 	0.0 	0.0 	0.0 	0.0 	0.0 	0.0 	0.0 	0.0 	0.0	1.50412816068	186.109741593	-26.702531427	
9.0	-3.00841543817e-06	-4.07603089452e-06	0.0 	0.0 	204.095853337 	0.0 	0.0 	0.0 	0.0 	0.0 	0.0 	0.0 	0.0 	0.0 	0.0	1.50412816068	186.109741593	-26.702531427	
9.01666666667	-3.00841543817e-06	-4.07603089452e-06	0.0 	0.0 	204.095853337 	0.0 	0.0 	0.0 	0.0 	0.0 	0.0 	0.0 	0.0 	0.0 	0.0	1.50412816068	186.109741593	-26.702531427	
9.03333333333	-3.00841543817e-06	-4.07603089452e-06	0.0 	0.0 	204.095853337 	0.0 	0.0 	0.0 	0.0 	0.0 	0.0 	0.0 	0.0 	0.0 	0.0	1.50412816068	186.109741593	-26.702531427	
9.05	-3.00841543817e-06	-4.07603089452e-06	0.0 	0.0 	204.095853337 	0.0 	0.0 	0.0 	0.0 	0.0 	0.0 	0.0 	0.0 	0.0 	0.0	1.50412816068	186.109741593	-26.702531427	
9.06666666667	-3.00841543817e-06	-4.07603089452e-06	0.0 	0.0 	204.095853337 	0.0 	0.0 	0.0 	0.0 	0.0 	0.0 	0.0 	0.0 	0.0 	0.0	1.50412816068	186.109741593	-26.702531427	
9.08333333333	-3.00841543817e-06	-4.07603089452e-06	0.0 	0.0 	204.095853337 	0.0 	0.0 	0.0 	0.0 	0.0 	0.0 	0.0 	0.0 	0.0 	0.0	1.50412816068	186.109741593	-26.702531427	
9.1	-3.00841543817e-06	-4.07603089452e-06	0.0 	0.0 	204.095853337 	0.0 	0.0 	0.0 	0.0 	0.0 	0.0 	0.0 	0.0 	0.0 	0.0	1.50412816068	186.109741593	-26.702531427	
9.11666666667	-3.00841543817e-06	-4.07603089452e-06	0.0 	0.0 	204.095853337 	0.0 	0.0 	0.0 	0.0 	0.0 	0.0 	0.0 	0.0 	0.0 	0.0	1.50412816068	186.109741593	-26.702531427	
9.13333333333	-3.00841543817e-06	-4.07603089452e-06	0.0 	0.0 	204.095853337 	0.0 	0.0 	0.0 	0.0 	0.0 	0.0 	0.0 	0.0 	0.0 	0.0	1.50412816068	186.109741593	-26.702531427	
9.15	-3.00841543817e-06	-4.07603089452e-06	0.0 	0.0 	204.095853337 	0.0 	0.0 	0.0 	0.0 	0.0 	0.0 	0.0 	0.0 	0.0 	0.0	1.50412816068	186.109741593	-26.702531427	
9.16666666667	-3.00841543817e-06	-4.07603089452e-06	0.0 	0.0 	204.095853337 	0.0 	0.0 	0.0 	0.0 	0.0 	0.0 	0.0 	0.0 	0.0 	0.0	1.50412816068	186.109741593	-26.702531427	
9.18333333333	-3.00841543817e-06	-4.07603089452e-06	0.0 	0.0 	204.095853337 	0.0 	0.0 	0.0 	0.0 	0.0 	0.0 	0.0 	0.0 	0.0 	0.0	1.50412816068	186.109741593	-26.702531427	
9.2	-3.00841543817e-06	-4.07603089452e-06	0.0 	0.0 	204.095853337 	0.0 	0.0 	0.0 	0.0 	0.0 	0.0 	0.0 	0.0 	0.0 	0.0	1.50412816068	186.109741593	-26.702531427	
9.21666666667	-3.00841543817e-06	-4.07603089452e-06	0.0 	0.0 	204.095853337 	0.0 	0.0 	0.0 	0.0 	0.0 	0.0 	0.0 	0.0 	0.0 	0.0	1.50412816068	186.109741593	-26.702531427	
9.23333333333	-3.00841543817e-06	-4.07603089452e-06	0.0 	0.0 	204.095853337 	0.0 	0.0 	0.0 	0.0 	0.0 	0.0 	0.0 	0.0 	0.0 	0.0	1.50412816068	186.109741593	-26.702531427	
9.25	-3.00841543817e-06	-4.07603089452e-06	0.0 	0.0 	204.095853337 	0.0 	0.0 	0.0 	0.0 	0.0 	0.0 	0.0 	0.0 	0.0 	0.0	1.50412816068	186.109741593	-26.702531427	
9.26666666667	-3.00841543817e-06	-4.07603089452e-06	0.0 	0.0 	204.095853337 	0.0 	0.0 	0.0 	0.0 	0.0 	0.0 	0.0 	0.0 	0.0 	0.0	1.50412816068	186.109741593	-26.702531427	
9.28333333333	-3.00841543817e-06	-4.07603089452e-06	0.0 	0.0 	204.095853337 	0.0 	0.0 	0.0 	0.0 	0.0 	0.0 	0.0 	0.0 	0.0 	0.0	1.50412816068	186.109741593	-26.702531427	
9.3	-3.00841543817e-06	-4.07603089452e-06	0.0 	0.0 	204.095853337 	0.0 	0.0 	0.0 	0.0 	0.0 	0.0 	0.0 	0.0 	0.0 	0.0	1.50412816068	186.109741593	-26.702531427	
9.31666666667	-3.00841543817e-06	-4.07603089452e-06	0.0 	0.0 	204.095853337 	0.0 	0.0 	0.0 	0.0 	0.0 	0.0 	0.0 	0.0 	0.0 	0.0	1.50412816068	186.109741593	-26.702531427	
9.33333333333	-3.00841543817e-06	-4.07603089452e-06	0.0 	0.0 	204.095853337 	0.0 	0.0 	0.0 	0.0 	0.0 	0.0 	0.0 	0.0 	0.0 	0.0	1.50412816068	186.109741593	-26.702531427	
9.35	-3.00841543817e-06	-4.07603089452e-06	0.0 	0.0 	204.095853337 	0.0 	0.0 	0.0 	0.0 	0.0 	0.0 	0.0 	0.0 	0.0 	0.0	1.50412816068	186.109741593	-26.702531427	
9.36666666667	-3.00841543817e-06	-4.07603089452e-06	0.0 	0.0 	204.095853337 	0.0 	0.0 	0.0 	0.0 	0.0 	0.0 	0.0 	0.0 	0.0 	0.0	1.50412816068	186.109741593	-26.702531427	
9.38333333333	-3.00841543817e-06	-4.07603089452e-06	0.0 	0.0 	204.095853337 	0.0 	0.0 	0.0 	0.0 	0.0 	0.0 	0.0 	0.0 	0.0 	0.0	1.50412816068	186.109741593	-26.702531427	
9.4	-3.00841543817e-06	-4.07603089452e-06	0.0 	0.0 	204.095853337 	0.0 	0.0 	0.0 	0.0 	0.0 	0.0 	0.0 	0.0 	0.0 	0.0	1.50412816068	186.109741593	-26.702531427	
9.41666666667	-3.00841543817e-06	-4.07603089452e-06	0.0 	0.0 	204.095853337 	0.0 	0.0 	0.0 	0.0 	0.0 	0.0 	0.0 	0.0 	0.0 	0.0	1.50412816068	186.109741593	-26.702531427	
9.43333333333	-3.00841543817e-06	-4.07603089452e-06	0.0 	0.0 	204.095853337 	0.0 	0.0 	0.0 	0.0 	0.0 	0.0 	0.0 	0.0 	0.0 	0.0	1.50412816068	186.109741593	-26.702531427	
9.45	-3.00841543817e-06	-4.07603089452e-06	0.0 	0.0 	204.095853337 	0.0 	0.0 	0.0 	0.0 	0.0 	0.0 	0.0 	0.0 	0.0 	0.0	1.50412816068	186.109741593	-26.702531427	
9.46666666667	-3.00841543817e-06	-4.07603089452e-06	0.0 	0.0 	204.095853337 	0.0 	0.0 	0.0 	0.0 	0.0 	0.0 	0.0 	0.0 	0.0 	0.0	1.50412816068	186.109741593	-26.702531427	
9.48333333333	-3.00841543817e-06	-4.07603089452e-06	0.0 	0.0 	204.095853337 	0.0 	0.0 	0.0 	0.0 	0.0 	0.0 	0.0 	0.0 	0.0 	0.0	1.50412816068	186.109741593	-26.702531427	
9.5	-3.00841543817e-06	-4.07603089452e-06	0.0 	0.0 	204.095853337 	0.0 	0.0 	0.0 	0.0 	0.0 	0.0 	0.0 	0.0 	0.0 	0.0	1.50412816068	186.109741593	-26.702531427	
9.51666666667	-3.00841543817e-06	-4.07603089452e-06	0.0 	0.0 	204.095853337 	0.0 	0.0 	0.0 	0.0 	0.0 	0.0 	0.0 	0.0 	0.0 	0.0	1.50412816068	186.109741593	-26.702531427	
9.53333333333	-3.00841543817e-06	-4.07603089452e-06	0.0 	0.0 	204.095853337 	0.0 	0.0 	0.0 	0.0 	0.0 	0.0 	0.0 	0.0 	0.0 	0.0	1.50412816068	186.109741593	-26.702531427	
9.55	-3.00841543817e-06	-4.07603089452e-06	0.0 	0.0 	204.095853337 	0.0 	0.0 	0.0 	0.0 	0.0 	0.0 	0.0 	0.0 	0.0 	0.0	1.50412816068	186.109741593	-26.702531427	
9.56666666667	-3.00841543817e-06	-4.07603089452e-06	0.0 	0.0 	204.095853337 	0.0 	0.0 	0.0 	0.0 	0.0 	0.0 	0.0 	0.0 	0.0 	0.0	1.50412816068	186.109741593	-26.702531427	
9.58333333333	-3.00841543817e-06	-4.07603089452e-06	0.0 	0.0 	204.095853337 	0.0 	0.0 	0.0 	0.0 	0.0 	0.0 	0.0 	0.0 	0.0 	0.0	1.50412816068	186.109741593	-26.702531427	
9.6	-3.00841543817e-06	-4.07603089452e-06	0.0 	0.0 	204.095853337 	0.0 	0.0 	0.0 	0.0 	0.0 	0.0 	0.0 	0.0 	0.0 	0.0	1.50412816068	186.109741593	-26.702531427	
9.61666666667	-3.00841543817e-06	-4.07603089452e-06	0.0 	0.0 	204.095853337 	0.0 	0.0 	0.0 	0.0 	0.0 	0.0 	0.0 	0.0 	0.0 	0.0	1.50412816068	186.109741593	-26.702531427	
9.63333333333	-3.00841543817e-06	-4.07603089452e-06	0.0 	0.0 	204.095853337 	0.0 	0.0 	0.0 	0.0 	0.0 	0.0 	0.0 	0.0 	0.0 	0.0	1.50412816068	186.109741593	-26.702531427	
9.65	-3.00841543817e-06	-4.07603089452e-06	0.0 	0.0 	204.095853337 	0.0 	0.0 	0.0 	0.0 	0.0 	0.0 	0.0 	0.0 	0.0 	0.0	1.50412816068	186.109741593	-26.702531427	
9.66666666667	-3.00841543817e-06	-4.07603089452e-06	0.0 	0.0 	204.095853337 	0.0 	0.0 	0.0 	0.0 	0.0 	0.0 	0.0 	0.0 	0.0 	0.0	1.50412816068	186.109741593	-26.702531427	
9.68333333333	-3.00841543817e-06	-4.07603089452e-06	0.0 	0.0 	204.095853337 	0.0 	0.0 	0.0 	0.0 	0.0 	0.0 	0.0 	0.0 	0.0 	0.0	1.50412816068	186.109741593	-26.702531427	
9.7	-3.00841543817e-06	-4.07603089452e-06	0.0 	0.0 	204.095853337 	0.0 	0.0 	0.0 	0.0 	0.0 	0.0 	0.0 	0.0 	0.0 	0.0	1.50412816068	186.109741593	-26.702531427	
9.71666666667	-3.00841543817e-06	-4.07603089452e-06	0.0 	0.0 	204.095853337 	0.0 	0.0 	0.0 	0.0 	0.0 	0.0 	0.0 	0.0 	0.0 	0.0	1.50412816068	186.109741593	-26.702531427	
9.73333333333	-3.00841543817e-06	-4.07603089452e-06	0.0 	0.0 	204.095853337 	0.0 	0.0 	0.0 	0.0 	0.0 	0.0 	0.0 	0.0 	0.0 	0.0	1.50412816068	186.109741593	-26.702531427	
9.75	-3.00841543817e-06	-4.07603089452e-06	0.0 	0.0 	204.095853337 	0.0 	0.0 	0.0 	0.0 	0.0 	0.0 	0.0 	0.0 	0.0 	0.0	1.50412816068	186.109741593	-26.702531427	
9.76666666667	-3.00841543817e-06	-4.07603089452e-06	0.0 	0.0 	204.095853337 	0.0 	0.0 	0.0 	0.0 	0.0 	0.0 	0.0 	0.0 	0.0 	0.0	1.50412816068	186.109741593	-26.702531427	
9.78333333333	-3.00841543817e-06	-4.07603089452e-06	0.0 	0.0 	204.095853337 	0.0 	0.0 	0.0 	0.0 	0.0 	0.0 	0.0 	0.0 	0.0 	0.0	1.50412816068	186.109741593	-26.702531427	
9.8	-3.00841543817e-06	-4.07603089452e-06	0.0 	0.0 	204.095853337 	0.0 	0.0 	0.0 	0.0 	0.0 	0.0 	0.0 	0.0 	0.0 	0.0	1.50412816068	186.109741593	-26.702531427	
9.81666666667	-3.00841543817e-06	-4.07603089452e-06	0.0 	0.0 	204.095853337 	0.0 	0.0 	0.0 	0.0 	0.0 	0.0 	0.0 	0.0 	0.0 	0.0	1.50412816068	186.109741593	-26.702531427	
9.83333333333	-3.00841543817e-06	-4.07603089452e-06	0.0 	0.0 	204.095853337 	0.0 	0.0 	0.0 	0.0 	0.0 	0.0 	0.0 	0.0 	0.0 	0.0	1.50412816068	186.109741593	-26.702531427	
9.85	-3.00841543817e-06	-4.07603089452e-06	0.0 	0.0 	204.095853337 	0.0 	0.0 	0.0 	0.0 	0.0 	0.0 	0.0 	0.0 	0.0 	0.0	1.50412816068	186.109741593	-26.702531427	
9.86666666667	-3.00841543817e-06	-4.07603089452e-06	0.0 	0.0 	204.095853337 	0.0 	0.0 	0.0 	0.0 	0.0 	0.0 	0.0 	0.0 	0.0 	0.0	1.50412816068	186.109741593	-26.702531427	
9.88333333333	-3.00841543817e-06	-4.07603089452e-06	0.0 	0.0 	204.095853337 	0.0 	0.0 	0.0 	0.0 	0.0 	0.0 	0.0 	0.0 	0.0 	0.0	1.50412816068	186.109741593	-26.702531427	
9.9	-3.00841543817e-06	-4.07603089452e-06	0.0 	0.0 	204.095853337 	0.0 	0.0 	0.0 	0.0 	0.0 	0.0 	0.0 	0.0 	0.0 	0.0	1.50412816068	186.109741593	-26.702531427	
9.91666666667	-3.00841543817e-06	-4.07603089452e-06	0.0 	0.0 	204.095853337 	0.0 	0.0 	0.0 	0.0 	0.0 	0.0 	0.0 	0.0 	0.0 	0.0	1.50412816068	186.109741593	-26.702531427	
9.93333333333	-3.00841543817e-06	-4.07603089452e-06	0.0 	0.0 	204.095853337 	0.0 	0.0 	0.0 	0.0 	0.0 	0.0 	0.0 	0.0 	0.0 	0.0	1.50412816068	186.109741593	-26.702531427	
9.95	-3.00841543817e-06	-4.07603089452e-06	0.0 	0.0 	204.095853337 	0.0 	0.0 	0.0 	0.0 	0.0 	0.0 	0.0 	0.0 	0.0 	0.0	1.50412816068	186.109741593	-26.702531427	
9.96666666667	-3.00841543817e-06	-4.07603089452e-06	0.0 	0.0 	204.095853337 	0.0 	0.0 	0.0 	0.0 	0.0 	0.0 	0.0 	0.0 	0.0 	0.0	1.50412816068	186.109741593	-26.702531427	
9.98333333333	-3.00841543817e-06	-4.07603089452e-06	0.0 	0.0 	204.095853337 	0.0 	0.0 	0.0 	0.0 	0.0 	0.0 	0.0 	0.0 	0.0 	0.0	1.50412816068	186.109741593	-26.702531427	
