0.0166666666667	0.0	0.0	0.0 	0.0 	60.2333333333 	14.0 	0.0 	0.0 	0.0 	0.0 	14.0 	0.0 	0.0 	0.0 	0.0	0.455806451613	140.0	-6.51612903226	
0.0333333333333	0.0	0.0	0.0 	0.0 	60.4666666667 	14.0 	0.0 	0.0 	0.0 	-0.0 	14.0 	0.0 	0.0 	0.0 	0.0	0.455806451613	140.0	-6.51612903226	
0.05	0.0	0.0	0.0 	0.0 	60.7 	14.0 	0.0 	0.0 	0.0 	-0.0 	14.0 	0.0 	0.0 	0.0 	0.0	0.455806451613	140.0	-6.51612903226	
0.0666666666667	0.0	0.0	0.0 	0.0 	60.9333333333 	14.0 	0.0 	0.0 	0.0 	-0.0 	14.0 	0.0 	0.0 	0.0 	0.0	0.455806451613	140.0	-6.51612903226	
0.0833333333333	0.0	0.0	0.0 	0.0 	61.1666666667 	14.0 	0.0 	0.0 	0.0 	-0.0 	14.0 	0.0 	0.0 	0.0 	0.0	0.455806451613	140.0	-6.51612903226	
0.1	0.0	0.0	0.0 	0.0 	61.4 	14.0 	0.0 	0.0 	0.0 	-0.0 	14.0 	0.0 	0.0 	0.0 	0.0	0.455806451613	140.0	-6.51612903226	
0.116666666667	0.0	0.0	0.0 	0.0 	61.6333333333 	14.0 	0.0 	0.0 	0.0 	-0.0 	14.0 	0.0 	0.0 	0.0 	0.0	0.455806451613	140.0	-6.51612903226	
0.133333333333	0.0	0.0	0.0 	0.0 	61.8666666667 	14.0 	0.0 	0.0 	0.0 	-0.0 	14.0 	0.0 	0.0 	0.0 	0.0	0.455806451613	140.0	-6.51612903226	
0.15	0.0	0.0	0.0 	0.0 	62.1 	14.0 	0.0 	0.0 	0.0 	-0.0 	14.0 	0.0 	0.0 	0.0 	0.0	0.455806451613	140.0	-6.51612903226	
0.166666666667	0.0	0.0	0.0 	0.0 	62.3333333333 	14.0 	0.0 	0.0 	0.0 	-0.0 	14.0 	0.0 	0.0 	0.0 	0.0	0.455806451613	140.0	-6.51612903226	
0.183333333333	0.0	0.0	0.0 	0.0 	62.5666666667 	14.0 	0.0 	0.0 	0.0 	-0.0 	14.0 	0.0 	0.0 	0.0 	0.0	0.455806451613	140.0	-6.51612903226	
0.2	0.0	0.0	0.0 	0.0 	62.8 	14.0 	0.0 	0.0 	0.0 	-0.0 	14.0 	0.0 	0.0 	0.0 	0.0	0.455806451613	140.0	-6.51612903226	
0.216666666667	0.0	0.0	0.0 	0.0 	63.0333333333 	14.0 	0.0 	0.0 	0.0 	-0.0 	14.0 	0.0 	0.0 	0.0 	0.0	0.455806451613	140.0	-6.51612903226	
0.233333333333	0.0	0.0	0.0 	0.0 	63.2666666667 	14.0 	0.0 	0.0 	0.0 	-0.0 	14.0 	0.0 	0.0 	0.0 	0.0	0.455806451613	140.0	-6.51612903226	
0.25	0.0	0.0	0.0 	0.0 	63.5 	14.0 	0.0 	0.0 	0.0 	-0.0 	14.0 	0.0 	0.0 	0.0 	0.0	0.455806451613	140.0	-6.51612903226	
0.266666666667	0.0	0.0	0.0 	0.0 	63.7333333333 	14.0 	0.0 	0.0 	0.0 	-0.0 	14.0 	0.0 	0.0 	0.0 	0.0	0.455806451613	140.0	-6.51612903226	
0.283333333333	0.0	0.0	0.0 	0.0 	63.9666666667 	14.0 	0.0 	0.0 	0.0 	-0.0 	14.0 	0.0 	0.0 	0.0 	0.0	0.455806451613	140.0	-6.51612903226	
0.3	0.0	0.0	0.0 	0.0 	64.2 	14.0 	0.0 	0.0 	0.0 	-0.0 	14.0 	0.0 	0.0 	0.0 	0.0	0.455806451613	140.0	-6.51612903226	
0.316666666667	0.0	0.0	0.0 	0.0 	64.4333333333 	14.0 	0.0 	0.0 	0.0 	-0.0 	14.0 	0.0 	0.0 	0.0 	0.0	0.455806451613	140.0	-6.51612903226	
0.333333333333	0.0	0.0	0.0 	0.0 	64.6666666667 	14.0 	0.0 	0.0 	0.0 	-0.0 	14.0 	0.0 	0.0 	0.0 	0.0	0.455806451613	140.0	-6.51612903226	
0.35	0.0	0.0	0.0 	0.0 	64.9 	14.0 	0.0 	0.0 	0.0 	-0.0 	14.0 	0.0 	0.0 	0.0 	0.0	0.455806451613	140.0	-6.51612903226	
0.366666666667	0.0	0.0	0.0 	0.0 	65.1333333333 	14.0 	0.0 	0.0 	0.0 	-0.0 	14.0 	0.0 	0.0 	0.0 	0.0	0.455806451613	140.0	-6.51612903226	
0.383333333333	0.0	0.0	0.0 	0.0 	65.3666666667 	14.0 	0.0 	0.0 	0.0 	-0.0 	14.0 	0.0 	0.0 	0.0 	0.0	0.455806451613	140.0	-6.51612903226	
0.4	0.0	0.0	0.0 	0.0 	65.6 	14.0 	0.0 	0.0 	0.0 	-0.0 	14.0 	0.0 	0.0 	0.0 	0.0	0.455806451613	140.0	-6.51612903226	
0.416666666667	0.0	0.0	0.0 	0.0 	65.8333333333 	14.0 	0.0 	0.0 	0.0 	-0.0 	14.0 	0.0 	0.0 	0.0 	0.0	0.455806451613	140.0	-6.51612903226	
0.433333333333	0.0	0.0	0.0 	0.0 	66.0666666667 	14.0 	0.0 	0.0 	0.0 	-0.0 	14.0 	0.0 	0.0 	0.0 	0.0	0.455806451613	140.0	-6.51612903226	
0.45	0.0	0.0	0.0 	0.0 	66.3 	14.0 	0.0 	0.0 	0.0 	-0.0 	14.0 	0.0 	0.0 	0.0 	0.0	0.455806451613	140.0	-6.51612903226	
0.466666666667	0.0	0.0	0.0 	0.0 	66.5333333333 	14.0 	0.0 	0.0 	0.0 	-0.0 	14.0 	0.0 	0.0 	0.0 	0.0	0.455806451613	140.0	-6.51612903226	
0.483333333333	0.0	0.0	0.0 	0.0 	66.7666666667 	14.0 	0.0 	0.0 	0.0 	-0.0 	14.0 	0.0 	0.0 	0.0 	0.0	0.455806451613	140.0	-6.51612903226	
0.5	0.0	0.0	0.0 	0.0 	67.0 	14.0 	0.0 	0.0 	0.0 	-0.0 	14.0 	0.0 	0.0 	0.0 	0.0	0.455806451613	140.0	-6.51612903226	
0.516666666667	0.0	0.0	0.0 	0.0 	67.2333333333 	14.0 	0.0 	0.0 	0.0 	-0.0 	14.0 	0.0 	0.0 	0.0 	0.0	0.455806451613	140.0	-6.51612903226	
0.533333333333	0.0	0.0	0.0 	0.0 	67.4666666667 	14.0 	0.0 	0.0 	0.0 	-0.0 	14.0 	0.0 	0.0 	0.0 	0.0	0.455806451613	140.0	-6.51612903226	
0.55	0.0	0.0	0.0 	0.0 	67.7 	14.0 	0.0 	0.0 	0.0 	-0.0 	14.0 	0.0 	0.0 	0.0 	0.0	0.455806451613	140.0	-6.51612903226	
0.566666666667	0.0	0.0	0.0 	0.0 	67.9333333333 	14.0 	0.0 	0.0 	0.0 	-0.0 	14.0 	0.0 	0.0 	0.0 	0.0	0.455806451613	140.0	-6.51612903226	
0.583333333333	0.0	0.0	0.0 	0.0 	68.1666666667 	14.0 	0.0 	0.0 	0.0 	-0.0 	14.0 	0.0 	0.0 	0.0 	0.0	0.455806451613	140.0	-6.51612903226	
0.6	0.0	0.0	0.0 	0.0 	68.4 	14.0 	0.0 	0.0 	0.0 	-0.0 	14.0 	0.0 	0.0 	0.0 	0.0	0.455806451613	140.0	-6.51612903226	
0.616666666667	0.0	0.0	0.0 	0.0 	68.6333333333 	14.0 	0.0 	0.0 	0.0 	-0.0 	14.0 	0.0 	0.0 	0.0 	0.0	0.455806451613	140.0	-6.51612903226	
0.633333333333	0.0	0.0	0.0 	0.0 	68.8666666667 	14.0 	0.0 	0.0 	0.0 	-0.0 	14.0 	0.0 	0.0 	0.0 	0.0	0.455806451613	140.0	-6.51612903226	
0.65	0.0	0.0	0.0 	0.0 	69.1 	14.0 	0.0 	0.0 	0.0 	-0.0 	14.0 	0.0 	0.0 	0.0 	0.0	0.455806451613	140.0	-6.51612903226	
0.666666666667	0.0	0.0	0.0 	0.0 	69.3333333333 	14.0 	0.0 	0.0 	0.0 	-0.0 	14.0 	0.0 	0.0 	0.0 	0.0	0.455806451613	140.0	-6.51612903226	
0.683333333333	0.0	0.0	0.0 	0.0 	69.5666666667 	14.0 	0.0 	0.0 	0.0 	-0.0 	14.0 	0.0 	0.0 	0.0 	0.0	0.455806451613	140.0	-6.51612903226	
0.7	0.0	0.0	0.0 	0.0 	69.8 	14.0 	0.0 	0.0 	0.0 	-0.0 	14.0 	0.0 	0.0 	0.0 	0.0	0.455806451613	140.0	-6.51612903226	
0.716666666667	0.0	0.0	0.0 	0.0 	70.0333333333 	14.0 	0.0 	0.0 	0.0 	-0.0 	14.0 	0.0 	0.0 	0.0 	0.0	0.455806451613	140.0	-6.51612903226	
0.733333333333	0.0	0.0	0.0 	0.0 	70.2666666667 	14.0 	0.0 	0.0 	0.0 	-0.0 	14.0 	0.0 	0.0 	0.0 	0.0	0.455806451613	140.0	-6.51612903226	
0.75	0.0	0.0	0.0 	0.0 	70.5 	14.0 	0.0 	0.0 	0.0 	-0.0 	14.0 	0.0 	0.0 	0.0 	0.0	0.455806451613	140.0	-6.51612903226	
0.766666666667	0.0	0.0	0.0 	0.0 	70.7333333333 	14.0 	0.0 	0.0 	0.0 	-0.0 	14.0 	0.0 	0.0 	0.0 	0.0	0.455806451613	140.0	-6.51612903226	
0.783333333333	0.0	0.0	0.0 	0.0 	70.9666666667 	14.0 	0.0 	0.0 	0.0 	-0.0 	14.0 	0.0 	0.0 	0.0 	0.0	0.455806451613	140.0	-6.51612903226	
0.8	0.0	0.0	0.0 	0.0 	71.2 	14.0 	0.0 	0.0 	0.0 	-0.0 	14.0 	0.0 	0.0 	0.0 	0.0	0.455806451613	140.0	-6.51612903226	
0.816666666667	0.0	0.0	0.0 	0.0 	71.4333333333 	14.0 	0.0 	0.0 	0.0 	-0.0 	14.0 	0.0 	0.0 	0.0 	0.0	0.455806451613	140.0	-6.51612903226	
0.833333333333	0.0	0.0	0.0 	0.0 	71.6666666667 	14.0 	0.0 	0.0 	0.0 	-0.0 	14.0 	0.0 	0.0 	0.0 	0.0	0.455806451613	140.0	-6.51612903226	
0.85	0.0	0.0	0.0 	0.0 	71.9 	14.0 	0.0 	0.0 	0.0 	-0.0 	14.0 	0.0 	0.0 	0.0 	0.0	0.455806451613	140.0	-6.51612903226	
0.866666666667	0.0	0.0	0.0 	0.0 	72.1333333333 	14.0 	0.0 	0.0 	0.0 	-0.0 	14.0 	0.0 	0.0 	0.0 	0.0	0.455806451613	140.0	-6.51612903226	
0.883333333333	0.0	0.0	0.0 	0.0 	72.3666666667 	14.0 	0.0 	0.0 	0.0 	-0.0 	14.0 	0.0 	0.0 	0.0 	0.0	0.455806451613	140.0	-6.51612903226	
0.9	0.0	0.0	0.0 	0.0 	72.6 	14.0 	0.0 	0.0 	0.0 	-0.0 	14.0 	0.0 	0.0 	0.0 	0.0	0.455806451613	140.0	-6.51612903226	
0.916666666667	0.0	0.0	0.0 	0.0 	72.8333333333 	14.0 	0.0 	0.0 	0.0 	-0.0 	14.0 	0.0 	0.0 	0.0 	0.0	0.455806451613	140.0	-6.51612903226	
0.933333333333	0.0	0.0	0.0 	0.0 	73.0666666667 	14.0 	0.0 	0.0 	0.0 	-0.0 	14.0 	0.0 	0.0 	0.0 	0.0	0.455806451613	140.0	-6.51612903226	
0.95	0.0	0.0	0.0 	0.0 	73.3 	14.0 	0.0 	0.0 	0.0 	-0.0 	14.0 	0.0 	0.0 	0.0 	0.0	0.455806451613	140.0	-6.51612903226	
0.966666666667	0.0	0.0	0.0 	0.0 	73.5333333333 	14.0 	0.0 	0.0 	0.0 	-0.0 	14.0 	0.0 	0.0 	0.0 	0.0	0.455806451613	140.0	-6.51612903226	
0.983333333333	0.0	0.0	0.0 	0.0 	73.7666666667 	14.0 	0.0 	0.0 	0.0 	-0.0 	14.0 	0.0 	0.0 	0.0 	0.0	0.455806451613	140.0	-6.51612903226	
1.0	0.0	0.0	0.0 	0.0 	74.0 	14.0 	0.0 	0.0 	0.0 	-0.0 	14.0 	0.0 	0.0 	0.0 	0.0	0.455806451613	140.0	-6.51612903226	
1.01666666667	0.0	0.0	0.0 	0.0 	74.2333333333 	14.0 	0.0 	0.0 	0.0 	-0.0 	14.0 	0.0 	0.0 	0.0 	0.0	0.455806451613	140.0	-6.51612903226	
1.03333333333	0.0	0.0	0.0 	0.0 	74.4666666667 	14.0 	0.0 	0.0 	0.0 	-0.0 	14.0 	0.0 	0.0 	0.0 	0.0	0.455806451613	140.0	-6.51612903226	
1.05	0.0	0.0	0.0 	0.0 	74.7 	14.0 	0.0 	0.0 	0.0 	-0.0 	14.0 	0.0 	0.0 	0.0 	0.0	0.455806451613	140.0	-6.51612903226	
1.06666666667	0.0	0.0	0.0 	0.0 	74.9333333333 	14.0 	0.0 	0.0 	0.0 	-0.0 	14.0 	0.0 	0.0 	0.0 	0.0	0.455806451613	140.0	-6.51612903226	
1.08333333333	0.0	0.0	0.0 	0.0 	75.1666666667 	14.0 	0.0 	0.0 	0.0 	-0.0 	14.0 	0.0 	0.0 	0.0 	0.0	0.455806451613	140.0	-6.51612903226	
1.1	0.0	0.0	0.0 	0.0 	75.4 	14.0 	0.0 	0.0 	0.0 	-0.0 	14.0 	0.0 	0.0 	0.0 	0.0	0.455806451613	140.0	-6.51612903226	
1.11666666667	0.0	0.0	0.0 	0.0 	75.6333333333 	14.0 	0.0 	0.0 	0.0 	-0.0 	14.0 	0.0 	0.0 	0.0 	0.0	0.455806451613	140.0	-6.51612903226	
1.13333333333	0.0	0.0	0.0 	0.0 	75.8666666667 	14.0 	0.0 	0.0 	0.0 	-0.0 	14.0 	0.0 	0.0 	0.0 	0.0	0.455806451613	140.0	-6.51612903226	
1.15	0.0	0.0	0.0 	0.0 	76.1 	14.0 	0.0 	0.0 	0.0 	-0.0 	14.0 	0.0 	0.0 	0.0 	0.0	0.455806451613	140.0	-6.51612903226	
1.16666666667	0.0	0.0	0.0 	0.0 	76.3333333333 	14.0 	0.0 	0.0 	0.0 	-0.0 	14.0 	0.0 	0.0 	0.0 	0.0	0.455806451613	140.0	-6.51612903226	
1.18333333333	0.0	0.0	0.0 	0.0 	76.5666666667 	14.0 	0.0 	0.0 	0.0 	-0.0 	14.0 	0.0 	0.0 	0.0 	0.0	0.455806451613	140.0	-6.51612903226	
1.2	0.0	0.0	0.0 	0.0 	76.8 	14.0 	0.0 	0.0 	0.0 	-0.0 	14.0 	0.0 	0.0 	0.0 	0.0	0.455806451613	140.0	-6.51612903226	
1.21666666667	0.0	0.0	0.0 	0.0 	77.0333333333 	14.0 	0.0 	0.0 	0.0 	-0.0 	14.0 	0.0 	0.0 	0.0 	0.0	0.455806451613	140.0	-6.51612903226	
1.23333333333	0.0	0.0	0.0 	0.0 	77.2666666667 	14.0 	0.0 	0.0 	0.0 	-0.0 	14.0 	0.0 	0.0 	0.0 	0.0	0.455806451613	140.0	-6.51612903226	
1.25	0.0	0.0	0.0 	0.0 	77.5 	14.0 	0.0 	0.0 	0.0 	-0.0 	14.0 	0.0 	0.0 	0.0 	0.0	0.455806451613	140.0	-6.51612903226	
1.26666666667	0.0	0.0	0.0 	0.0 	77.7333333333 	14.0 	0.0 	0.0 	0.0 	-0.0 	14.0 	0.0 	0.0 	0.0 	0.0	0.455806451613	140.0	-6.51612903226	
1.28333333333	0.0	0.0	0.0 	0.0 	77.9666666667 	14.0 	0.0 	0.0 	0.0 	-0.0 	14.0 	0.0 	0.0 	0.0 	0.0	0.455806451613	140.0	-6.51612903226	
1.3	0.0	0.0	0.0 	0.0 	78.2 	14.0 	0.0 	0.0 	0.0 	-0.0 	14.0 	0.0 	0.0 	0.0 	0.0	0.455806451613	140.0	-6.51612903226	
1.31666666667	0.0	0.0	0.0 	0.0 	78.4333333333 	14.0 	0.0 	0.0 	0.0 	-0.0 	14.0 	0.0 	0.0 	0.0 	0.0	0.455806451613	140.0	-6.51612903226	
1.33333333333	0.0	0.0	0.0 	0.0 	78.6666666667 	14.0 	0.0 	0.0 	0.0 	-0.0 	14.0 	0.0 	0.0 	0.0 	0.0	0.455806451613	140.0	-6.51612903226	
1.35	0.0	0.0	0.0 	0.0 	78.9 	14.0 	0.0 	0.0 	0.0 	-0.0 	14.0 	0.0 	0.0 	0.0 	0.0	0.455806451613	140.0	-6.51612903226	
1.36666666667	0.0	0.0	0.0 	0.0 	79.1333333333 	14.0 	0.0 	0.0 	0.0 	-0.0 	14.0 	0.0 	0.0 	0.0 	0.0	0.455806451613	140.0	-6.51612903226	
1.38333333333	0.0	0.0	0.0 	0.0 	79.3666666667 	14.0 	0.0 	0.0 	0.0 	-0.0 	14.0 	0.0 	0.0 	0.0 	0.0	0.455806451613	140.0	-6.51612903226	
1.4	0.0	0.0	0.0 	0.0 	79.6 	14.0 	0.0 	0.0 	0.0 	-0.0 	14.0 	0.0 	0.0 	0.0 	0.0	0.455806451613	140.0	-6.51612903226	
1.41666666667	0.0	0.0	0.0 	0.0 	79.8333333333 	14.0 	0.0 	0.0 	0.0 	-0.0 	14.0 	0.0 	0.0 	0.0 	0.0	0.455806451613	140.0	-6.51612903226	
1.43333333333	0.0	0.0	0.0 	0.0 	80.0666666667 	14.0 	0.0 	0.0 	0.0 	-0.0 	14.0 	0.0 	0.0 	0.0 	0.0620689655172	0.882197021025	140.000798762	-6.51547166369	
1.45	0.0	0.0	0.0 	0.0 	80.3 	14.0 	0.0 	0.0 	0.0 	-0.0 	14.0 	0.0 	0.0 	0.0 	0.123769322235	1.23752249553	140.00274808	-6.51479683525	
1.46666666667	0.0	0.0	0.0 	0.0 	80.5333333333 	14.0 	0.0 	0.0 	0.0 	-0.0 	14.0 	0.0 	0.0 	0.0 	0.185103259211	1.53362705763	140.005831004	-6.51468219244	
1.48333333333	0.0	0.0	0.0 	0.0 	80.7666666667 	14.0 	0.0 	0.0 	0.0 	-0.0 	14.0 	0.0 	0.0 	0.0 	0.246072952499	1.74554977781	140.009869756	-6.51539525177	
1.5	0.0	0.0	0.0 	0.0 	81.0 	14.0 	0.0 	0.0 	0.0 	-0.0 	14.0 	0.0 	0.0 	0.0 	0.306680565233	1.90496423523	140.014698357	-6.51707168642	
1.51666666667	0.0	0.0	0.0 	0.0 	81.2333333333 	14.0 	0.0 	0.0 	0.0 	-0.0 	14.0 	0.0 	0.0 	0.0 	0.3669282477	2.03287448013	140.020172486	-6.51979802006	
1.53333333333	0.0	0.0	0.0 	0.0 	81.4666666667 	14.0 	0.0 	0.0 	0.0 	-0.0 	14.0 	0.0 	0.0 	0.0 	0.426818137417	2.13978253764	140.026165352	-6.5236306923	
1.55	0.0	0.0	0.0 	0.0 	81.7 	14.0 	0.0 	0.0 	0.0 	-0.0 	14.0 	0.0 	0.0 	0.0 	0.486352359206	2.23168956494	140.032564486	-6.52860625736	
1.56666666667	0.0	0.0	0.0 	0.0 	81.9333333333 	14.0 	0.0 	0.0 	0.0 	-0.0 	14.0 	0.0 	0.0 	0.0 	0.545533025272	2.31234628525	140.039269292	-6.53474742897	
1.58333333333	0.0	0.0	0.0 	0.0 	82.1666666667 	14.0 	0.0 	0.0 	0.0 	-0.0 	14.0 	0.0 	0.0 	0.0 	0.604362235275	2.38425318068	140.046189145	-6.54206692384	
1.6	0.0	0.0	0.0 	0.0 	82.4 	14.0 	0.0 	0.0 	0.0 	-0.0 	14.0 	0.0 	0.0 	0.0 	0.662842076407	2.44916058872	140.053241906	-6.55057003473	
1.61666666667	0.0	0.0	0.0 	0.0 	82.6333333333 	14.0 	0.0 	0.0 	0.0 	-0.0 	14.0 	0.0 	0.0 	0.0 	0.720974623463	2.50834148203	140.060352743	-6.56025642289	
1.63333333333	0.0	0.0	0.0 	0.0 	82.8666666667 	14.0 	0.0 	0.0 	0.0 	-0.0 	14.0 	0.0 	0.0 	0.0 	0.778761938917	2.56275059011	140.06745317	-6.5711214066	
1.65	0.0	0.0	0.0 	0.0 	83.1 	14.0 	0.0 	0.0 	0.0 	-0.0 	14.0 	0.0 	0.0 	0.0 	0.836206072996	2.61312232022	140.074480268	-6.58315691167	
1.66666666667	0.0	0.0	0.0 	0.0 	83.3333333333 	14.0 	0.0 	0.0 	0.0 	-0.0 	14.0 	0.0 	0.0 	0.0 	0.893309063751	2.66003370663	140.08137604	-6.59635218763	
1.68333333333	0.0	0.0	0.0 	0.0 	83.5666666667 	14.0 	0.0 	0.0 	0.0 	-0.0 	14.0 	0.0 	0.0 	0.0 	0.950072937127	2.70394637672	140.08808686	-6.61069435726	
1.7	0.0	0.0	0.0 	0.0 	83.8 	14.0 	0.0 	0.0 	0.0 	-0.0 	14.0 	0.0 	0.0 	0.0 	1.00649970704	2.74523540272	140.094563024	-6.62616884459	
1.71666666667	0.0	0.0	0.0 	0.0 	84.0333333333 	14.0 	0.0 	0.0 	0.0 	-0.0 	14.0 	0.0 	0.0 	0.0 	1.06259137545	2.78420966762	140.100758353	-6.64275971287	
1.73333333333	0.0	0.0	0.0 	0.0 	84.2666666667 	14.0 	0.0 	0.0 	0.0 	-0.0 	14.0 	0.0 	0.0 	0.0 	1.11834993241	2.82112657389	140.106629857	-6.6604499343	
1.75	0.0	0.0	0.0 	0.0 	84.5 	14.0 	0.0 	0.0 	0.0 	-0.0 	14.0 	0.0 	0.0 	0.0 	1.17377735619	2.85329712292	140.112191967	-6.6792055247	
1.76666666667	0.0	0.0	0.0 	0.0 	84.7333333333 	14.0 	0.0 	0.0 	0.0 	-0.0 	14.0 	0.0 	0.0 	0.0 	1.22887561327	2.88010591378	140.117486722	-6.69899055926	
1.78333333333	0.0	0.0	0.0 	0.0 	84.9666666667 	14.0 	0.0 	0.0 	0.0 	-0.0 	14.0 	0.0 	0.0 	0.0 	1.28364665847	2.90244657283	140.122554411	-6.71977580666	
1.8	0.0	0.0	0.0 	0.0 	85.2 	14.0 	0.0 	0.0 	0.0 	-0.0 	14.0 	0.0 	0.0 	0.0 	1.33809243502	2.92106378871	140.127432778	-6.74153724628	
1.81666666667	0.0	0.0	0.0 	0.0 	85.4333333333 	14.0 	0.0 	0.0 	0.0 	-0.0 	14.0 	0.0 	0.0 	0.0 	1.39221487459	2.93657813527	140.132156595	-6.7642548988	
1.83333333333	0.0	0.0	0.0 	0.0 	85.6666666667 	14.0 	0.0 	0.0 	0.0 	-0.0 	14.0 	0.0 	0.0 	0.0 	1.44601589736	2.94950675741	140.1367575	-6.78791191551	
1.85	0.0	0.0	0.0 	0.0 	85.9 	14.0 	0.0 	0.0 	0.0 	-0.0 	14.0 	0.0 	0.0 	0.0 	1.49949741215	2.96028060919	140.141263996	-6.81249387514	
1.86666666667	0.0	0.0	0.0 	0.0 	86.1333333333 	14.0 	0.0 	0.0 	0.0 	-0.0 	14.0 	0.0 	0.0 	0.0 	1.5526613164	2.969258819	140.145701556	-6.83798824374	
1.88333333333	0.0	0.0	0.0 	0.0 	86.3666666667 	14.0 	0.0 	0.0 	0.0 	-0.0 	14.0 	0.0 	0.0 	0.0 	1.60550949633	2.97674066052	140.150092794	-6.86438396125	
1.9	0.0	0.0	0.0 	0.0 	86.6 	14.0 	0.0 	0.0 	0.0 	-0.0 	14.0 	0.0 	0.0 	0.0 	1.6580438269	2.98297552845	140.154457673	-6.89167112513	
1.91666666667	0.0	0.0	0.0 	0.0 	86.8333333333 	14.0 	0.0 	0.0 	0.0 	-0.0 	14.0 	0.0 	0.0 	0.0 	1.71026617199	2.98817125172	140.158813728	-6.91984074833	
1.93333333333	0.0	0.0	0.0 	0.0 	87.0666666667 	14.0 	0.0 	0.0 	0.0 	-0.0 	14.0 	0.0 	0.0 	0.0 	1.76217838438	2.99250102111	140.163176291	-6.94888457347	
1.95	0.0	0.0	0.0 	0.0 	87.3 	14.0 	0.0 	0.0 	0.0 	-0.0 	14.0 	0.0 	0.0 	0.0 	1.81378230585	2.99610916227	140.167558717	-6.97879492983	
1.96666666667	0.0	0.0	0.0 	0.0 	87.5333333333 	14.0 	0.0 	0.0 	0.0 	-0.0 	14.0 	0.0 	0.0 	0.0 	1.86507976726	2.99911594658	140.171972588	-7.00956462267	
1.98333333333	0.0	0.0	0.0 	0.0 	87.7666666667 	14.0 	0.0 	0.0 	0.0 	-0.0 	14.0 	0.0 	0.0 	0.0 	1.91607258856	3.00162160016	140.176427919	-7.04118684711	
2.0	0.0	0.0	0.0 	0.0 	88.0 	14.0 	0.0 	0.0 	0.0 	-0.0 	14.0 	0.0 	0.0 	0.0 	1.96676257894	3.00370964482	140.18093333	-7.07365512054	
2.01666666667	0.0	0.0	0.0 	0.0 	88.2333333333 	14.0 	0.0 	0.0 	0.0 	-0.0 	14.0 	0.0 	0.0 	0.0 	2.0171515368	3.00544968203	140.185496221	-7.10696322943	
2.03333333333	0.0	0.0	0.0 	0.0 	88.4666666667 	14.0 	0.0 	0.0 	0.0 	-0.0 	14.0 	0.0 	0.0 	0.0 	2.0672412499	3.00689971304	140.190122915	-7.14110518682	
2.05	0.0	0.0	0.0 	0.0 	88.7 	14.0 	0.0 	0.0 	0.0 	-0.0 	14.0 	0.0 	0.0 	0.0 	2.11703349535	3.00810807221	140.194818796	-7.17607519834	
2.06666666667	0.0	0.0	0.0 	0.0 	88.9333333333 	14.0 	0.0 	0.0 	0.0 	-0.0 	14.0 	0.0 	0.0 	0.0 	2.16653003972	3.00911503819	140.199588428	-7.21186763471	
2.08333333333	0.0	0.0	0.0 	0.0 	89.1666666667 	14.0 	0.0 	0.0 	0.0 	-0.0 	14.0 	0.0 	0.0 	0.0 	2.2157326391	3.00995417651	140.204435661	-7.2484770093	
2.1	0.0	0.0	0.0 	0.0 	89.4 	14.0 	0.0 	0.0 	0.0 	-0.0 	14.0 	0.0 	0.0 	0.0 	2.26464303914	3.01065345844	140.209363727	-7.28589795973	
2.11666666667	0.0	0.0	0.0 	0.0 	89.6333333333 	14.0 	0.0 	0.0 	0.0 	-0.0 	14.0 	0.0 	0.0 	0.0 	2.31326297511	3.01123619338	140.214375318	-7.32412523267	
2.13333333333	0.0	0.0	0.0 	0.0 	89.8666666667 	14.0 	0.0 	0.0 	0.0 	-0.0 	14.0 	0.0 	0.0 	0.0 	2.36159417201	3.01172180583	140.219472665	-7.36315367115	
2.15	0.0	0.0	0.0 	0.0 	90.1 	14.0 	0.0 	0.0 	0.0 	-0.0 	14.0 	0.0 	0.0 	0.0 	2.40963834455	3.01212648287	140.224657596	-7.40297820403	
2.16666666667	0.0	0.0	0.0 	0.0 	90.3333333333 	14.0 	0.0 	0.0 	0.0 	-0.0 	14.0 	0.0 	0.0 	0.0 	2.45739719729	3.01246371374	140.229931596	-7.44359383705	
2.18333333333	0.0	0.0	0.0 	0.0 	90.5666666667 	14.0 	0.0 	0.0 	0.0 	-0.0 	14.0 	0.0 	0.0 	0.0 	2.50487242466	3.01274473946	140.235295851	-7.48499564535	
2.2	0.0	0.0	0.0 	0.0 	90.8 	14.0 	0.0 	0.0 	0.0 	-0.0 	14.0 	0.0 	0.0 	0.0 	2.55206571103	3.01297892757	140.240751293	-7.52717876711	
2.21666666667	0.0	0.0	0.0 	0.0 	91.0333333333 	14.0 	0.0 	0.0 	0.0 	-0.0 	14.0 	0.0 	0.0 	0.0 	2.59897873075	3.01317408432	140.246298635	-7.5701383981	
2.23333333333	0.0	0.0	0.0 	0.0 	91.2666666667 	14.0 	0.0 	0.0 	0.0 	-0.0 	14.0 	0.0 	0.0 	0.0 	2.64561314825	3.01333671495	140.251938403	-7.61386978709	
2.25	0.0	0.0	0.0 	0.0 	91.5 	14.0 	0.0 	0.0 	0.0 	-0.0 	14.0 	0.0 	0.0 	0.0 	2.69197061806	3.01347224047	140.257670963	-7.65836823193	
2.26666666667	0.0	0.0	0.0 	0.0 	91.7333333333 	14.0 	0.0 	0.0 	0.0 	-0.0 	14.0 	0.0 	0.0 	0.0 	2.73805278489	3.01358517841	140.263496543	-7.70362907612	
2.28333333333	0.0	0.0	0.0 	0.0 	91.9666666667 	14.0 	0.0 	0.0 	0.0 	-0.0 	14.0 	0.0 	0.0 	0.0 	2.78386128368	3.01367929335	140.269415257	-7.74964770596	
2.3	0.0	0.0	0.0 	0.0 	92.2 	14.0 	0.0 	0.0 	0.0 	-0.0 	14.0 	0.0 	0.0 	0.0 	2.82939773965	3.01375772248	140.275427116	-7.79641954801	
2.31666666667	0.0	0.0	0.0 	0.0 	92.4333333333 	14.0 	0.0 	0.0 	0.0 	-0.0 	14.0 	0.0 	0.0 	0.0 	2.8746637684	3.01382308008	140.281532049	-7.84394006697	
2.33333333333	0.0	0.0	0.0 	0.0 	92.6666666667 	14.0 	0.0 	0.0 	0.0 	-0.0 	14.0 	0.0 	0.0 	0.0 	2.91966097591	3.01387754474	140.287729915	-7.89220476383	
2.35	0.0	0.0	0.0 	0.0 	92.9 	14.0 	0.0 	0.0 	0.0 	-0.0 	14.0 	0.0 	0.0 	0.0 	2.96439095862	3.01392293197	140.29402051	-7.94120917425	
2.36666666667	0.0	0.0	0.0 	0.0 	93.1333333333 	14.0 	0.0 	0.0 	0.0 	-0.0 	14.0 	0.0 	0.0 	0.0 	3.0088553035	3.01396075465	140.300403579	-7.99094886717	
2.38333333333	0.0	0.0	0.0 	0.0 	93.3666666667 	14.0 	0.0 	0.0 	0.0 	-0.0 	14.0 	0.0 	0.0 	0.0 	3.0530555881	3.01399227356	140.306878825	-8.0414194436	
2.4	0.0	0.0	0.0 	0.0 	93.6 	14.0 	0.0 	0.0 	0.0 	-0.0 	14.0 	0.0 	0.0 	0.0 	3.09699338058	3.01401853931	140.313445914	-8.0926165356	
2.41666666667	0.0	0.0	0.0 	0.0 	93.8333333333 	14.0 	0.0 	0.0 	0.0 	-0.0 	14.0 	0.0 	0.0 	0.0 	3.14067023982	3.01404042744	140.320104482	-8.1445358053	
2.43333333333	0.0	0.0	0.0 	0.0 	94.0666666667 	14.0 	0.0 	0.0 	0.0 	-0.0 	14.0 	0.0 	0.0 	0.0 	3.1840877154	3.01405866755	140.32685414	-8.19717294416	
2.45	0.0	0.0	0.0 	0.0 	94.3 	14.0 	0.0 	0.0 	0.0 	-0.0 	14.0 	0.0 	0.0 	0.0 	3.22724734774	3.01407386764	140.333694478	-8.25052367224	
2.46666666667	0.0	0.0	0.0 	0.0 	94.5333333333 	14.0 	0.0 	0.0 	0.0 	-0.0 	14.0 	0.0 	0.0 	0.0 	3.27015066809	3.01408653438	140.340625066	-8.30458373754	
2.48333333333	0.0	0.0	0.0 	0.0 	94.7666666667 	14.0 	0.0 	0.0 	0.0 	-0.0 	14.0 	0.0 	0.0 	0.0 	3.31279919861	3.01409709	140.347645464	-8.35934891553	
2.5	0.0	0.0	0.0 	0.0 	95.0 	14.0 	0.0 	0.0 	0.0 	-0.0 	14.0 	0.0 	0.0 	0.0 	3.35519445241	3.01410588635	140.354755217	-8.41481500856	
2.51666666667	0.0	0.0	0.0 	0.0 	95.2333333333 	14.0 	0.0 	0.0 	0.0 	-0.0 	14.0 	0.0 	0.0 	0.0 	3.39733793363	3.01411321664	140.361953861	-8.4709778455	
2.53333333333	0.0	0.0	0.0 	0.0 	95.4666666667 	14.0 	0.0 	0.0 	0.0 	-0.0 	14.0 	0.0 	0.0 	0.0 	3.43923113747	3.01411932521	140.369240926	-8.52783328132	
2.55	0.0	0.0	0.0 	0.0 	95.7 	14.0 	0.0 	0.0 	0.0 	-0.0 	14.0 	0.0 	0.0 	0.0 	3.48087555026	3.01412441569	140.376615934	-8.58537719669	
2.56666666667	0.0	0.0	0.0 	0.0 	95.9333333333 	14.0 	0.0 	0.0 	0.0 	-0.0 	14.0 	0.0 	0.0 	0.0 	3.52227264948	3.01412865776	140.384078404	-8.64360549774	
2.58333333333	0.0	0.0	0.0 	0.0 	96.1666666667 	14.0 	0.0 	0.0 	0.0 	-0.0 	14.0 	0.0 	0.0 	0.0 	3.56342390386	3.01413219281	140.391627851	-8.7025141157	
2.6	0.0	0.0	0.0 	0.0 	96.4 	14.0 	0.0 	0.0 	0.0 	-0.0 	14.0 	0.0 	0.0 	0.0 	3.6043307734	3.01413513869	140.399263788	-8.76209900664	
2.61666666667	0.0	0.0	0.0 	0.0 	96.6333333333 	14.0 	0.0 	0.0 	0.0 	-0.0 	14.0 	0.0 	0.0 	0.0 	3.64499470942	3.01413759359	140.406985725	-8.82235615123	
2.63333333333	0.0	0.0	0.0 	0.0 	96.8666666667 	14.0 	0.0 	0.0 	0.0 	-0.0 	14.0 	0.0 	0.0 	0.0 	3.68541715463	3.01413963934	140.414793172	-8.8832815545	
2.65	0.0	0.0	0.0 	0.0 	97.1 	14.0 	0.0 	0.0 	0.0 	-0.0 	14.0 	0.0 	0.0 	0.0 	3.72559954318	3.01414134413	140.42268564	-8.94487124561	
2.66666666667	0.0	0.0	0.0 	0.0 	97.3333333333 	14.0 	0.0 	0.0 	0.0 	-0.0 	14.0 	0.0 	0.0 	0.0 	3.76554330068	3.01414276479	140.430662638	-9.00712127767	
2.68333333333	0.0	0.0	0.0 	0.0 	97.5666666667 	14.0 	0.0 	0.0 	0.0 	-0.0 	14.0 	0.0 	0.0 	0.0 	3.80524984429	3.01414394867	140.438723677	-9.07002772749	
2.7	0.0	0.0	0.0 	0.0 	97.8 	14.0 	0.0 	0.0 	0.0 	-0.0 	14.0 	0.0 	0.0 	0.0 	3.84472058277	3.01414493524	140.446868267	-9.13358669547	
2.71666666667	0.0	0.0	0.0 	0.0 	98.0333333333 	14.0 	0.0 	0.0 	0.0 	-0.0 	14.0 	0.0 	0.0 	0.0 	3.88395691647	3.01414575738	140.455095923	-9.19779430536	
2.73333333333	0.0	0.0	0.0 	0.0 	98.2666666667 	14.0 	0.0 	0.0 	0.0 	-0.0 	14.0 	0.0 	0.0 	0.0 	3.92296023747	3.0141464425	140.463406157	-9.2626467041	
2.75	0.0	0.0	0.0 	0.0 	98.5 	14.0 	0.0 	0.0 	0.0 	-0.0 	14.0 	0.0 	0.0 	0.0 	3.96173192954	3.01414701343	140.471798486	-9.32814006167	
2.76666666667	0.0	0.0	0.0 	0.0 	98.7333333333 	14.0 	0.0 	0.0 	0.0 	-0.0 	14.0 	0.0 	0.0 	0.0 	4.00027336827	3.01414748921	140.480272428	-9.39427057094	
2.78333333333	0.0	0.0	0.0 	0.0 	98.9666666667 	14.0 	0.0 	0.0 	0.0 	-0.0 	14.0 	0.0 	0.0 	0.0 	4.03858592107	3.01414788569	140.488827503	-9.46103444747	
2.8	0.0	0.0	0.0 	0.0 	99.2 	14.0 	0.0 	0.0 	0.0 	-0.0 	14.0 	0.0 	0.0 	0.0 	4.07667094721	3.01414821609	140.497463232	-9.52842792941	
2.81666666667	0.0	0.0	0.0 	0.0 	99.4333333333 	14.0 	0.0 	0.0 	0.0 	-0.0 	14.0 	0.0 	0.0 	0.0 	4.1145297979	3.01414849142	140.50617914	-9.59644727729	
2.83333333333	0.0	0.0	0.0 	0.0 	99.6666666667 	14.0 	0.0 	0.0 	0.0 	-0.0 	14.0 	0.0 	0.0 	0.0 	4.15216381635	3.01414872086	140.514974753	-9.66508877396	
2.85	0.0	0.0	0.0 	0.0 	99.9 	14.0 	0.0 	0.0 	0.0 	-0.0 	14.0 	0.0 	0.0 	0.0 	4.18957433774	3.01414891207	140.523849601	-9.73434872437	
2.86666666667	0.0	0.0	0.0 	0.0 	100.133333333 	14.0 	0.0 	0.0 	0.0 	-0.0 	14.0 	0.0 	0.0 	0.0 	4.22676268938	3.0141490714	140.532803214	-9.80422345545	
2.88333333333	0.0	0.0	0.0 	0.0 	100.366666667 	14.0 	0.0 	0.0 	0.0 	-0.0 	14.0 	0.0 	0.0 	0.0 	4.26373019065	3.01414920418	140.541835126	-9.87470931602	
2.9	0.0	0.0	0.0 	0.0 	100.6 	14.0 	0.0 	0.0 	0.0 	-0.0 	14.0 	0.0 	0.0 	0.0 	4.30047815312	3.01414931483	140.550944875	-9.94580267657	
2.91666666667	0.0	0.0	0.0 	0.0 	100.833333333 	14.0 	0.0 	0.0 	0.0 	-0.0 	14.0 	0.0 	0.0 	0.0 	4.33700788056	3.01414940704	140.560131998	-10.0174999292	
2.93333333333	0.0	0.0	0.0 	0.0 	101.066666667 	14.0 	0.0 	0.0 	0.0 	-0.0 	14.0 	0.0 	0.0 	0.0 	4.37332066901	3.01414948388	140.569396037	-10.0897974875	
2.95	0.0	0.0	0.0 	0.0 	101.3 	14.0 	0.0 	0.0 	0.0 	-0.0 	14.0 	0.0 	0.0 	0.0 	4.4094178068	3.01414954792	140.578736536	-10.1626917863	
2.96666666667	0.0	0.0	0.0 	0.0 	101.533333333 	14.0 	0.0 	0.0 	0.0 	-0.0 	14.0 	0.0 	0.0 	0.0 	4.44530057461	3.01414960128	140.588153042	-10.2361792816	
2.98333333333	0.0	0.0	0.0 	0.0 	101.766666667 	14.0 	0.0 	0.0 	0.0 	-0.0 	14.0 	0.0 	0.0 	0.0 	4.48097024553	3.01414964575	140.597645104	-10.3102564505	
3.0	0.0	0.0	0.0 	0.0 	102.0 	14.0 	0.0 	0.0 	0.0 	-0.0 	14.0 	0.0 	0.0 	0.0 	4.51642808507	3.0141496828	140.607212274	-10.3849197912	
3.01666666667	0.0	0.0	0.0 	0.0 	102.233333333 	14.0 	0.0 	0.0 	0.0 	-0.0 	14.0 	0.0 	0.0 	0.0 	4.55167535123	3.01414971368	140.616854106	-10.4601658225	
3.03333333333	0.0	0.0	0.0 	0.0 	102.466666667 	14.0 	0.0 	0.0 	0.0 	-0.0 	14.0 	0.0 	0.0 	0.0 	4.58671329454	3.01414973942	140.626570157	-10.5359910838	
3.05	0.0	0.0	0.0 	0.0 	102.7 	14.0 	0.0 	0.0 	0.0 	-0.0 	14.0 	0.0 	0.0 	0.0 	4.62154315812	3.01414976086	140.636359987	-10.6123921353	
3.06666666667	0.0	0.0	0.0 	0.0 	102.933333333 	14.0 	0.0 	0.0 	0.0 	-0.0 	14.0 	0.0 	0.0 	0.0 	4.65616617768	3.01414977873	140.646223157	-10.6893655575	
3.08333333333	0.0	0.0	0.0 	0.0 	103.166666667 	14.0 	0.0 	0.0 	0.0 	-0.0 	14.0 	0.0 	0.0 	0.0 	4.69058358161	3.01414979362	140.656159233	-10.7669079512	
3.1	0.0	0.0	0.0 	0.0 	103.4 	14.0 	0.0 	0.0 	0.0 	-0.0 	14.0 	0.0 	0.0 	0.0 	4.72479659099	3.01414980603	140.666167781	-10.8450159375	
3.11666666667	0.0	0.0	0.0 	0.0 	103.633333333 	14.0 	0.0 	0.0 	0.0 	-0.0 	14.0 	0.0 	0.0 	0.0 	4.75880641966	3.01414981638	140.676248371	-10.9236861575	
3.13333333333	0.0	0.0	0.0 	0.0 	103.866666667 	14.0 	0.0 	0.0 	0.0 	-0.0 	14.0 	0.0 	0.0 	0.0 	4.79261427426	3.01414982499	140.686400576	-11.0029152722	
3.15	0.0	0.0	0.0 	0.0 	104.1 	14.0 	0.0 	0.0 	0.0 	-0.0 	14.0 	0.0 	0.0 	0.0 	4.82622135424	3.01414983218	140.696623971	-11.0826999625	
3.16666666667	0.0	0.0	0.0 	0.0 	104.333333333 	14.0 	0.0 	0.0 	0.0 	-0.0 	14.0 	0.0 	0.0 	0.0 	4.85962885194	3.01414983816	140.706918132	-11.163036929	
3.18333333333	0.0	0.0	0.0 	0.0 	104.566666667 	14.0 	0.0 	0.0 	0.0 	-0.0 	14.0 	0.0 	0.0 	0.0 	4.89283795263	3.01414984315	140.71728264	-11.2439228919	
3.2	0.0	0.0	0.0 	0.0 	104.8 	14.0 	0.0 	0.0 	0.0 	-0.0 	14.0 	0.0 	0.0 	0.0 	4.92584983452	3.0141498473	140.727717076	-11.3253545908	
3.21666666667	0.0	0.0	0.0 	0.0 	105.033333333 	14.0 	0.0 	0.0 	0.0 	-0.0 	14.0 	0.0 	0.0 	0.0 	4.95866566884	3.01414985077	140.738221026	-11.4073287849	
3.23333333333	0.0	0.0	0.0 	0.0 	105.266666667 	14.0 	0.0 	0.0 	0.0 	-0.0 	14.0 	0.0 	0.0 	0.0 	4.99128661985	3.01414985365	140.748794077	-11.4898422522	
3.25	0.0	0.0	0.0 	0.0 	105.5 	14.0 	0.0 	0.0 	0.0 	-0.0 	14.0 	0.0 	0.0 	0.0 	5.0237138449	3.01414985606	140.759435818	-11.5728917904	
3.26666666667	0.0	0.0	0.0 	0.0 	105.733333333 	14.0 	0.0 	0.0 	0.0 	-0.0 	14.0 	0.0 	0.0 	0.0 	5.05594849448	3.01414985806	140.770145841	-11.6564742158	
3.28333333333	0.0	0.0	0.0 	0.0 	105.966666667 	14.0 	0.0 	0.0 	0.0 	-0.0 	14.0 	0.0 	0.0 	0.0 	5.08799171223	3.01414985973	140.780923742	-11.7405863637	
3.3	0.0	0.0	0.0 	0.0 	106.2 	14.0 	0.0 	0.0 	0.0 	-0.0 	14.0 	0.0 	0.0 	0.0 	5.11984463501	3.01414986113	140.791769117	-11.8252250883	
3.31666666667	0.0	0.0	0.0 	0.0 	106.433333333 	14.0 	0.0 	0.0 	0.0 	-0.0 	14.0 	0.0 	0.0 	0.0 	5.15150839293	3.01414986229	140.802681565	-11.9103872624	
3.33333333333	0.0	0.0	0.0 	0.0 	106.666666667 	14.0 	0.0 	0.0 	0.0 	-0.0 	14.0 	0.0 	0.0 	0.0 	5.18298410937	3.01414986325	140.813660688	-11.9960697774	
3.35	0.0	0.0	0.0 	0.0 	106.9 	14.0 	0.0 	0.0 	0.0 	-0.0 	14.0 	0.0 	0.0 	0.0 	5.21427290106	3.01414986406	140.82470609	-12.0822695432	
3.36666666667	0.0	0.0	0.0 	0.0 	107.133333333 	14.0 	0.0 	0.0 	0.0 	-0.0 	14.0 	0.0 	0.0 	0.0 	5.24537587808	3.01414986473	140.835817377	-12.1689834879	
3.38333333333	0.0	0.0	0.0 	0.0 	107.366666667 	14.0 	0.0 	0.0 	0.0 	-0.0 	14.0 	0.0 	0.0 	0.0 	5.27629414394	3.01414986529	140.846994159	-12.256208558	
3.4	0.0	0.0	0.0 	0.0 	107.6 	14.0 	0.0 	0.0 	0.0 	-0.0 	14.0 	0.0 	0.0 	0.0 	5.30702879558	3.01414986575	140.858236046	-12.3439417181	
3.41666666667	0.0	0.0	0.0 	0.0 	107.833333333 	14.0 	0.0 	0.0 	0.0 	-0.0 	14.0 	0.0 	0.0 	0.0 	5.33758092342	3.01414986614	140.869542651	-12.4321799508	
3.43333333333	0.0	0.0	0.0 	0.0 	108.066666667 	14.0 	0.0 	0.0 	0.0 	-0.0 	14.0 	0.0 	0.0 	0.0 	5.36795161142	3.01414986647	140.880913591	-12.5209202566	
3.45	0.0	0.0	0.0 	0.0 	108.3 	14.0 	0.0 	0.0 	0.0 	-0.0 	14.0 	0.0 	0.0 	0.0 	5.3981419371	3.01414986674	140.892348483	-12.6101596538	
3.46666666667	0.0	0.0	0.0 	0.0 	108.533333333 	14.0 	0.0 	0.0 	0.0 	-0.0 	14.0 	0.0 	0.0 	0.0 	5.42815297157	3.01414986696	140.903846947	-12.6998951786	
3.48333333333	0.0	0.0	0.0 	0.0 	108.766666667 	14.0 	0.0 	0.0 	0.0 	-0.0 	14.0 	0.0 	0.0 	0.0 	5.4579857796	3.01414986715	140.915408606	-12.7901238844	
3.5	0.0	0.0	0.0 	0.0 	109.0 	14.0 	0.0 	0.0 	0.0 	-0.0 	14.0 	0.0 	0.0 	0.0 	5.4876414196	3.0141498673	140.927033085	-12.8808428426	
3.51666666667	0.0	0.0	0.0 	0.0 	109.233333333 	14.0 	0.0 	0.0 	0.0 	-0.0 	14.0 	0.0 	0.0 	0.0 	5.51712094374	3.01414986743	140.93872001	-12.9720491416	
3.53333333333	0.0	0.0	0.0 	0.0 	109.466666667 	14.0 	0.0 	0.0 	0.0 	-0.0 	14.0 	0.0 	0.0 	0.0 	5.5464253979	3.01414986754	140.950469011	-13.0637398873	
3.55	0.0	0.0	0.0 	0.0 	109.7 	14.0 	0.0 	0.0 	0.0 	-0.0 	14.0 	0.0 	0.0 	0.0 	5.57555582179	3.01414986763	140.962279719	-13.1559122026	
3.56666666667	0.0	0.0	0.0 	0.0 	109.933333333 	14.0 	0.0 	0.0 	0.0 	-0.0 	14.0 	0.0 	0.0 	0.0 	5.6045132489	3.01414986771	140.974151767	-13.2485632277	
3.58333333333	0.0	0.0	0.0 	0.0 	110.166666667 	14.0 	0.0 	0.0 	0.0 	-0.0 	14.0 	0.0 	0.0 	0.0 	5.63329870662	3.01414986777	140.986084792	-13.3416901197	
3.6	0.0	0.0	0.0 	0.0 	110.4 	14.0 	0.0 	0.0 	0.0 	-0.0 	14.0 	0.0 	0.0 	0.0 	5.66191321621	3.01414986782	140.998078431	-13.4352900525	
3.61666666667	0.0	0.0	0.0 	0.0 	110.633333333 	14.0 	0.0 	0.0 	0.0 	-0.0 	14.0 	0.0 	0.0 	0.0 	5.6903577929	3.01414986787	141.010132324	-13.5293602169	
3.63333333333	0.0	0.0	0.0 	0.0 	110.866666667 	14.0 	0.0 	0.0 	0.0 	-0.0 	14.0 	0.0 	0.0 	0.0 	5.71863344585	3.0141498679	141.022246113	-13.6238978204	
3.65	0.0	0.0	0.0 	0.0 	111.1 	14.0 	0.0 	0.0 	0.0 	-0.0 	14.0 	0.0 	0.0 	0.0 	5.74674117826	3.01414986793	141.034419443	-13.7189000869	
3.66666666667	0.0	0.0	0.0 	0.0 	111.333333333 	14.0 	0.0 	0.0 	0.0 	-0.0 	14.0 	0.0 	0.0 	0.0 	5.77468198736	3.01414986796	141.04665196	-13.8143642569	
3.68333333333	0.0	0.0	0.0 	0.0 	111.566666667 	14.0 	0.0 	0.0 	0.0 	-0.0 	14.0 	0.0 	0.0 	0.0 	5.80245686444	3.01414986798	141.058943313	-13.9102875874	
3.7	0.0	0.0	0.0 	0.0 	111.8 	14.0 	0.0 	0.0 	0.0 	-0.0 	14.0 	0.0 	0.0 	0.0 	5.83006679494	3.014149868	141.071293151	-14.0066673516	
3.71666666667	0.0	0.0	0.0 	0.0 	112.033333333 	14.0 	0.0 	0.0 	0.0 	-0.0 	14.0 	0.0 	0.0 	0.0 	5.85751275842	3.01414986801	141.083701129	-14.1035008387	
3.73333333333	0.0	0.0	0.0 	0.0 	112.266666667 	14.0 	0.0 	0.0 	0.0 	-0.0 	14.0 	0.0 	0.0 	0.0 	5.88479572863	3.01414986802	141.0961669	-14.2007853544	
3.75	0.0	0.0	0.0 	0.0 	112.5 	14.0 	0.0 	0.0 	0.0 	-0.0 	14.0 	0.0 	0.0 	0.0 	5.91191667354	3.01414986803	141.108690122	-14.29851822	
3.76666666667	0.0	0.0	0.0 	0.0 	112.733333333 	14.0 	0.0 	0.0 	0.0 	-0.0 	14.0 	0.0 	0.0 	0.0 	5.93887655536	3.01414986804	141.121270452	-14.396696773	
3.78333333333	0.0	0.0	0.0 	0.0 	112.966666667 	14.0 	0.0 	0.0 	0.0 	-0.0 	14.0 	0.0 	0.0 	0.0 	5.96567633061	3.01414986805	141.133907553	-14.4953183665	
3.8	0.0	0.0	0.0 	0.0 	113.2 	14.0 	0.0 	0.0 	0.0 	-0.0 	14.0 	0.0 	0.0 	0.0 	5.9923169501	3.01414986806	141.146601086	-14.5943803695	
3.81666666667	0.0	0.0	0.0 	0.0 	113.433333333 	14.0 	0.0 	0.0 	0.0 	-0.0 	14.0 	0.0 	0.0 	0.0 	6.01879935901	3.01414986806	141.159350718	-14.6938801665	
3.83333333333	0.0	0.0	0.0 	0.0 	113.666666667 	14.0 	0.0 	0.0 	0.0 	-0.0 	14.0 	0.0 	0.0 	0.0 	6.04512449692	3.01414986806	141.172156113	-14.7938151576	
3.85	0.0	0.0	0.0 	0.0 	113.9 	14.0 	0.0 	0.0 	0.0 	-0.0 	14.0 	0.0 	0.0 	0.0 	6.0712932978	3.01414986807	141.185016943	-14.8941827583	
3.86666666667	0.0	0.0	0.0 	0.0 	114.133333333 	14.0 	0.0 	0.0 	0.0 	-0.0 	14.0 	0.0 	0.0 	0.0 	6.09730669009	3.01414986807	141.197932876	-14.9949803995	
3.88333333333	0.0	0.0	0.0 	0.0 	114.366666667 	14.0 	0.0 	0.0 	0.0 	-0.0 	14.0 	0.0 	0.0 	0.0 	6.12316559672	3.01414986807	141.210903586	-15.0962055272	
3.9	0.0	0.0	0.0 	0.0 	114.6 	14.0 	0.0 	0.0 	0.0 	-0.0 	14.0 	0.0 	0.0 	0.0 	6.14887093513	3.01414986808	141.223928748	-15.1978556028	
3.91666666667	0.0	0.0	0.0 	0.0 	114.833333333 	14.0 	0.0 	0.0 	0.0 	-0.0 	14.0 	0.0 	0.0 	0.0 	6.17442361732	3.01414986808	141.237008039	-15.2999281026	
3.93333333333	0.0	0.0	0.0 	0.0 	115.066666667 	14.0 	0.0 	0.0 	0.0 	-0.0 	14.0 	0.0 	0.0 	0.0 	6.19982454986	3.01414986808	141.250141136	-15.402420518	
3.95	0.0	0.0	0.0 	0.0 	115.3 	14.0 	0.0 	0.0 	0.0 	-0.0 	14.0 	0.0 	0.0 	0.0 	6.22507463395	3.01414986808	141.26332772	-15.5053303553	
3.96666666667	0.0	0.0	0.0 	0.0 	115.533333333 	14.0 	0.0 	0.0 	0.0 	-0.0 	14.0 	0.0 	0.0 	0.0 	6.25017476544	3.01414986808	141.276567474	-15.6086551354	
3.98333333333	0.0	0.0	0.0 	0.0 	115.766666667 	14.0 	0.0 	0.0 	0.0 	-0.0 	14.0 	0.0 	0.0 	0.0 	6.27512583484	3.01414986808	141.289860082	-15.7123923942	
4.0	0.0	0.0	0.0 	0.0 	116.0 	14.0 	0.0 	0.0 	0.0 	-0.0 	14.0 	0.0 	0.0 	0.0 	6.29992872739	3.01414986808	141.30320523	-15.8165396821	
4.01666666667	0.0	0.0	0.0 	0.0 	116.233333333 	14.0 	0.0 	0.0 	0.0 	-0.0 	14.0 	0.0 	0.0 	0.0 	6.32458432307	3.01414986808	141.316602606	-15.921094564	
4.03333333333	0.0	0.0	0.0 	0.0 	116.466666667 	14.0 	0.0 	0.0 	0.0 	-0.0 	14.0 	0.0 	0.0 	0.0 	6.34909349663	3.01414986808	141.3300519	-16.0260546194	
4.05	0.0	0.0	0.0 	0.0 	116.7 	14.0 	0.0 	0.0 	0.0 	-0.0 	14.0 	0.0 	0.0 	0.0 	6.37345711763	3.01414986808	141.343552803	-16.1314174421	
4.06666666667	0.0	0.0	0.0 	0.0 	116.933333333 	14.0 	0.0 	0.0 	0.0 	-0.0 	14.0 	0.0 	0.0 	0.0 	6.39767605045	3.01414986808	141.357105009	-16.2371806401	
4.08333333333	0.0	0.0	0.0 	0.0 	117.166666667 	14.0 	0.0 	0.0 	0.0 	-0.0 	14.0 	0.0 	0.0 	0.0 	6.42175115437	3.01414986808	141.370708214	-16.3433418357	
4.1	0.0	0.0	0.0 	0.0 	117.4 	14.0 	0.0 	0.0 	0.0 	-0.0 	14.0 	0.0 	0.0 	0.0 	6.44568328353	3.01414986808	141.384362114	-16.4498986654	
4.11666666667	0.0	0.0	0.0 	0.0 	117.633333333 	14.0 	0.0 	0.0 	0.0 	-0.0 	14.0 	0.0 	0.0 	0.0 	6.46947328702	3.01414986808	141.398066408	-16.5568487796	
4.13333333333	0.0	0.0	0.0 	0.0 	117.866666667 	14.0 	0.0 	0.0 	0.0 	-0.0 	14.0 	0.0 	0.0 	0.0 	6.49312200887	3.01414986808	141.411820798	-16.6641898427	
4.15	0.0	0.0	0.0 	0.0 	118.1 	14.0 	0.0 	0.0 	0.0 	-0.0 	14.0 	0.0 	0.0 	0.0 	6.51663028813	3.01414986808	141.425624985	-16.771919533	
4.16666666667	0.0	0.0	0.0 	0.0 	118.333333333 	14.0 	0.0 	0.0 	0.0 	-0.0 	14.0 	0.0 	0.0 	0.0 	6.53999895883	3.01414986808	141.439478674	-16.8800355426	
4.18333333333	0.0	0.0	0.0 	0.0 	118.566666667 	14.0 	0.0 	0.0 	0.0 	-0.0 	14.0 	0.0 	0.0 	0.0 	6.56322885008	3.01414986808	141.453381571	-16.9885355771	
4.2	0.0	0.0	0.0 	0.0 	118.8 	14.0 	0.0 	0.0 	0.0 	-0.0 	14.0 	0.0 	0.0 	0.0 	6.58632078602	3.01414986808	141.467333384	-17.097417356	
4.21666666667	0.0	0.0	0.0 	0.0 	119.033333333 	14.0 	0.0 	0.0 	0.0 	-0.0 	14.0 	0.0 	0.0 	0.0 	6.60927558595	3.01414986808	141.481333822	-17.2066786123	
4.23333333333	0.0	0.0	0.0 	0.0 	119.266666667 	14.0 	0.0 	0.0 	0.0 	-0.0 	14.0 	0.0 	0.0 	0.0 	6.63209406427	3.01414986808	141.495382596	-17.3163170923	
4.25	0.0	0.0	0.0 	0.0 	119.5 	14.0 	0.0 	0.0 	0.0 	-0.0 	14.0 	0.0 	0.0 	0.0 	6.65477703056	3.01414986808	141.50947942	-17.4263305558	
4.26666666667	0.0	0.0	0.0 	0.0 	119.733333333 	14.0 	0.0 	0.0 	0.0 	-0.0 	14.0 	0.0 	0.0 	0.0 	6.67732528957	3.01414986808	141.523624007	-17.5367167759	
4.28333333333	0.0	0.0	0.0 	0.0 	119.966666667 	14.0 	0.0 	0.0 	0.0 	-0.0 	14.0 	0.0 	0.0 	0.0 	6.6997396413	3.01414986808	141.537816075	-17.647473539	
4.3	0.0	0.0	0.0 	0.0 	120.2 	14.0 	0.0 	0.0 	0.0 	-0.0 	14.0 	0.0 	0.0 	0.0 	6.72202088098	3.01414986809	141.552055342	-17.7585986444	
4.31666666667	0.0	0.0	0.0 	0.0 	120.433333333 	14.0 	0.0 	0.0 	0.0 	-0.0 	14.0 	0.0 	0.0 	0.0 	6.74416979912	3.01414986809	141.566341526	-17.8700899046	
4.33333333333	0.0	0.0	0.0 	0.0 	120.666666667 	14.0 	0.0 	0.0 	0.0 	-0.0 	14.0 	0.0 	0.0 	0.0 	6.76618718154	3.01414986809	141.58067435	-17.9819451454	
4.35	0.0	0.0	0.0 	0.0 	120.9 	14.0 	0.0 	0.0 	0.0 	-0.0 	14.0 	0.0 	0.0 	0.0 	6.78807380939	3.01414986809	141.595053536	-18.0941622049	
4.36666666667	0.0	0.0	0.0 	0.0 	121.133333333 	14.0 	0.0 	0.0 	0.0 	-0.0 	14.0 	0.0 	0.0 	0.0 	6.80983045918	3.01414986809	141.60947881	-18.2067389346	
4.38333333333	0.0	0.0	0.0 	0.0 	121.366666667 	14.0 	0.0 	0.0 	0.0 	-0.0 	14.0 	0.0 	0.0 	0.0 	6.83145790281	3.01414986809	141.623949897	-18.3196731984	
4.4	0.0	0.0	0.0 	0.0 	121.6 	14.0 	0.0 	0.0 	0.0 	-0.0 	14.0 	0.0 	0.0 	0.0 	6.8529569076	3.01414986809	141.638466525	-18.432962873	
4.41666666667	0.0	0.0	0.0 	0.0 	121.833333333 	14.0 	0.0 	0.0 	0.0 	-0.0 	14.0 	0.0 	0.0 	0.0 	6.87432823631	3.01414986809	141.653028424	-18.5466058479	
4.43333333333	0.0	0.0	0.0 	0.0 	122.066666667 	14.0 	0.0 	0.0 	0.0 	-0.0 	14.0 	0.0 	0.0 	0.0 	6.89557264717	3.01414986809	141.667635326	-18.6606000247	
4.45	0.0	0.0	0.0 	0.0 	122.3 	14.0 	0.0 	0.0 	0.0 	-0.0 	14.0 	0.0 	0.0 	0.0 	6.9166908939	3.01414986809	141.682286962	-18.774943318	
4.46666666667	0.0	0.0	0.0 	0.0 	122.533333333 	14.0 	0.0 	0.0 	0.0 	-0.0 	14.0 	0.0 	0.0 	0.0 	6.93768372576	3.01414986809	141.696983067	-18.8896336542	
4.48333333333	0.0	0.0	0.0 	0.0 	122.766666667 	14.0 	0.0 	0.0 	0.0 	-0.0 	14.0 	0.0 	0.0 	0.0 	6.95855188754	3.01414986809	141.711723377	-19.0046689726	
4.5	0.0	0.0	0.0 	0.0 	123.0 	14.0 	0.0 	0.0 	0.0 	-0.0 	14.0 	0.0 	0.0 	0.0 	6.97929611962	3.01414986809	141.72650763	-19.1200472242	
4.51666666667	0.0	0.0	0.0 	0.0 	123.233333333 	14.0 	0.0 	0.0 	0.0 	-0.0 	14.0 	0.0 	0.0 	0.0 	6.999917158	3.01414986809	141.741335565	-19.2357663727	
4.53333333333	0.0	0.0	0.0 	0.0 	123.466666667 	14.0 	0.0 	0.0 	0.0 	-0.0 	14.0 	0.0 	0.0 	0.0 	7.02041573426	3.01414986809	141.756206921	-19.3518243933	
4.55	0.0	0.0	0.0 	0.0 	123.7 	14.0 	0.0 	0.0 	0.0 	-0.0 	14.0 	0.0 	0.0 	0.0 	7.04079257568	3.01414986809	141.771121442	-19.4682192738	
4.56666666667	0.0	0.0	0.0 	0.0 	123.933333333 	14.0 	0.0 	0.0 	0.0 	-0.0 	14.0 	0.0 	0.0 	0.0 	7.06104840522	3.01414986809	141.786078871	-19.5849490136	
4.58333333333	0.0	0.0	0.0 	0.0 	124.166666667 	14.0 	0.0 	0.0 	0.0 	-0.0 	14.0 	0.0 	0.0 	0.0 	7.08118394151	3.01414986809	141.801078953	-19.7020116241	
4.6	0.0	0.0	0.0 	0.0 	124.4 	14.0 	0.0 	0.0 	0.0 	-0.0 	14.0 	0.0 	0.0 	0.0 	7.10119989894	3.01414986809	141.816121435	-19.8194051284	
4.61666666667	0.0	0.0	0.0 	0.0 	124.633333333 	14.0 	0.0 	0.0 	0.0 	-0.0 	14.0 	0.0 	0.0 	0.0 	7.12109698767	3.01414986809	141.831206065	-19.9371275615	
4.63333333333	0.0	0.0	0.0 	0.0 	124.866666667 	14.0 	0.0 	0.0 	0.0 	-0.0 	14.0 	0.0 	0.0 	0.0 	7.1408759136	3.01414986809	141.846332592	-20.0551769699	
4.65	0.0	0.0	0.0 	0.0 	125.1 	14.0 	0.0 	0.0 	0.0 	-0.0 	14.0 	0.0 	0.0 	0.0 	7.16053737848	3.01414986809	141.861500769	-20.1735514119	
4.66666666667	0.0	0.0	0.0 	0.0 	125.333333333 	14.0 	0.0 	0.0 	0.0 	-0.0 	14.0 	0.0 	0.0 	0.0 	7.18008207987	3.01414986809	141.876710347	-20.2922489572	
4.68333333333	0.0	0.0	0.0 	0.0 	125.566666667 	14.0 	0.0 	0.0 	0.0 	-0.0 	14.0 	0.0 	0.0 	0.0 	7.1995107112	3.01414986809	141.891961081	-20.4112676869	
4.7	0.0	0.0	0.0 	0.0 	125.8 	14.0 	0.0 	0.0 	0.0 	-0.0 	14.0 	0.0 	0.0 	0.0 	7.21882396177	3.01414986809	141.907252726	-20.5306056937	
4.71666666667	0.0	0.0	0.0 	0.0 	126.033333333 	14.0 	0.0 	0.0 	0.0 	-0.0 	14.0 	0.0 	0.0 	0.0 	7.23802251678	3.01414986809	141.922585039	-20.6502610815	
4.73333333333	0.0	0.0	0.0 	0.0 	126.266666667 	14.0 	0.0 	0.0 	0.0 	-0.0 	14.0 	0.0 	0.0 	0.0 	7.25710705739	3.01414986809	141.937957779	-20.7702319654	
4.75	0.0	0.0	0.0 	0.0 	126.5 	14.0 	0.0 	0.0 	0.0 	-0.0 	14.0 	0.0 	0.0 	0.0 	7.27607826069	3.01414986809	141.953370706	-20.8905164718	
4.76666666667	0.0	0.0	0.0 	0.0 	126.733333333 	14.0 	0.0 	0.0 	0.0 	-0.0 	14.0 	0.0 	0.0 	0.0 	7.29493679976	3.01414986809	141.968823581	-21.0111127382	
4.78333333333	0.0	0.0	0.0 	0.0 	126.966666667 	14.0 	0.0 	0.0 	0.0 	-0.0 	14.0 	0.0 	0.0 	0.0 	7.31368334366	3.01414986809	141.984316167	-21.1320189131	
4.8	0.0	0.0	0.0 	0.0 	127.2 	14.0 	0.0 	0.0 	0.0 	-0.0 	14.0 	0.0 	0.0 	0.0 	7.33231855752	3.01414986809	141.999848228	-21.2532331561	
4.81666666667	0.0	0.0	0.0 	0.0 	127.433333333 	14.0 	0.0 	0.0 	0.0 	-0.0 	14.0 	0.0 	0.0 	0.0 	7.35084310249	3.01414986809	142.015419529	-21.3747536376	
4.83333333333	0.0	0.0	0.0 	0.0 	127.666666667 	14.0 	0.0 	0.0 	0.0 	-0.0 	14.0 	0.0 	0.0 	0.0 	7.36925763579	3.01414986809	142.031029838	-21.4965785391	
4.85	0.0	0.0	0.0 	0.0 	127.9 	14.0 	0.0 	0.0 	0.0 	-0.0 	14.0 	0.0 	0.0 	0.0 	7.38756281075	3.01414986809	142.046678923	-21.6187060526	
4.86666666667	0.0	0.0	0.0 	0.0 	128.133333333 	14.0 	0.0 	0.0 	0.0 	-0.0 	14.0 	0.0 	0.0 	0.0 	7.40575927681	3.01414986809	142.062366553	-21.7411343811	
4.88333333333	0.0	0.0	0.0 	0.0 	128.366666667 	14.0 	0.0 	0.0 	0.0 	-0.0 	14.0 	0.0 	0.0 	0.0 	7.42384767958	3.01414986809	142.0780925	-21.863861738	
4.9	0.0	0.0	0.0 	0.0 	128.6 	14.0 	0.0 	0.0 	0.0 	-0.0 	14.0 	0.0 	0.0 	0.0 	7.44182866079	3.01414986809	142.093856536	-21.9868863475	
4.91666666667	0.0	0.0	0.0 	0.0 	128.833333333 	14.0 	0.0 	0.0 	0.0 	-0.0 	14.0 	0.0 	0.0 	0.0 	7.4597028584	3.01414986809	142.109658435	-22.1102064444	
4.93333333333	0.0	0.0	0.0 	0.0 	129.066666667 	14.0 	0.0 	0.0 	0.0 	-0.0 	14.0 	0.0 	0.0 	0.0 	7.47747090656	3.01414986809	142.125497973	-22.2338202739	
4.95	0.0	0.0	0.0 	0.0 	129.3 	14.0 	0.0 	0.0 	0.0 	-0.0 	14.0 	0.0 	0.0 	0.0 	7.49513343566	3.01414986809	142.141374924	-22.3577260914	
4.96666666667	0.0	0.0	0.0 	0.0 	129.533333333 	14.0 	0.0 	0.0 	0.0 	-0.0 	14.0 	0.0 	0.0 	0.0 	7.51269107234	3.01414986809	142.157289069	-22.4819221631	
4.98333333333	0.0	0.0	0.0 	0.0 	129.766666667 	14.0 	0.0 	0.0 	0.0 	-0.0 	14.0 	0.0 	0.0 	0.0 	7.53014443954	3.01414986809	142.173240184	-22.6064067652	
5.0	0.0	0.0	0.0 	0.0 	130.0 	14.0 	0.0 	0.0 	0.0 	-0.0 	14.0 	0.0 	0.0 	0.0 	7.54749415647	3.01414986809	142.189228052	-22.7311781842	
5.01666666667	0.0	0.0	0.0 	0.0 	130.233333333 	14.0 	0.0 	0.0 	0.0 	-0.0 	14.0 	0.0 	0.0 	0.0 	7.56474083868	3.01414986809	142.205252453	-22.8562347167	
5.03333333333	0.0	0.0	0.0 	0.0 	130.466666667 	14.0 	0.0 	0.0 	0.0 	-0.0 	14.0 	0.0 	0.0 	0.0 	7.58188509807	3.01414986809	142.221313171	-22.9815746696	
5.05	0.0	0.0	0.0 	0.0 	130.7 	14.0 	0.0 	0.0 	0.0 	-0.0 	14.0 	0.0 	0.0 	0.0 	7.59892754289	3.01414986809	142.23740999	-23.1071963598	
5.06666666667	0.0	0.0	0.0 	0.0 	130.933333333 	14.0 	0.0 	0.0 	0.0 	-0.0 	14.0 	0.0 	0.0 	0.0 	7.61586877778	3.01414986809	142.253542696	-23.2330981139	
5.08333333333	0.0	0.0	0.0 	0.0 	131.166666667 	14.0 	0.0 	0.0 	0.0 	-0.0 	14.0 	0.0 	0.0 	0.0 	7.63270940382	3.01414986809	142.269711075	-23.359278269	
5.1	0.0	0.0	0.0 	0.0 	131.4 	14.0 	0.0 	0.0 	0.0 	-0.0 	14.0 	0.0 	0.0 	0.0 	7.64945001847	3.01414986809	142.285914916	-23.4857351716	
5.11666666667	0.0	0.0	0.0 	0.0 	131.633333333 	14.0 	0.0 	0.0 	0.0 	-0.0 	14.0 	0.0 	0.0 	0.0 	7.66609121568	3.01414986809	142.302154007	-23.6124671781	
5.13333333333	0.0	0.0	0.0 	0.0 	131.866666667 	14.0 	0.0 	0.0 	0.0 	-0.0 	14.0 	0.0 	0.0 	0.0 	7.68263358585	3.01414986809	142.318428141	-23.7394726549	
5.15	0.0	0.0	0.0 	0.0 	132.1 	14.0 	0.0 	0.0 	0.0 	-0.0 	14.0 	0.0 	0.0 	0.0 	7.6990777159	3.01414986809	142.334737108	-23.8667499779	
5.16666666667	0.0	0.0	0.0 	0.0 	132.333333333 	14.0 	0.0 	0.0 	0.0 	-0.0 	14.0 	0.0 	0.0 	0.0 	7.71542418923	3.01414986809	142.351080702	-23.9942975326	
5.18333333333	0.0	0.0	0.0 	0.0 	132.566666667 	14.0 	0.0 	0.0 	0.0 	-0.0 	14.0 	0.0 	0.0 	0.0 	7.73167358581	3.01414986809	142.367458717	-24.1221137143	
5.2	0.0	0.0	0.0 	0.0 	132.8 	14.0 	0.0 	0.0 	0.0 	-0.0 	14.0 	0.0 	0.0 	0.0 	7.74782648214	3.01414986809	142.383870949	-24.2501969276	
5.21666666667	0.0	0.0	0.0 	0.0 	133.033333333 	14.0 	0.0 	0.0 	0.0 	-0.0 	14.0 	0.0 	0.0 	0.0 	7.76388345131	3.01414986809	142.400317195	-24.3785455867	
5.23333333333	0.0	0.0	0.0 	0.0 	133.266666667 	14.0 	0.0 	0.0 	0.0 	-0.0 	14.0 	0.0 	0.0 	0.0 	7.77984506299	3.01414986809	142.416797251	-24.5071581153	
5.25	0.0	0.0	0.0 	0.0 	133.5 	14.0 	0.0 	0.0 	0.0 	-0.0 	14.0 	0.0 	0.0 	0.0 	7.7957118835	3.01414986809	142.433310919	-24.6360329463	
5.26666666667	0.0	0.0	0.0 	0.0 	133.733333333 	14.0 	0.0 	0.0 	0.0 	-0.0 	14.0 	0.0 	0.0 	0.0 	7.81148447576	3.01414986809	142.449857998	-24.7651685219	
5.28333333333	0.0	0.0	0.0 	0.0 	133.966666667 	14.0 	0.0 	0.0 	0.0 	-0.0 	14.0 	0.0 	0.0 	0.0 	7.82716339938	3.01414986809	142.466438289	-24.8945632936	
5.3	0.0	0.0	0.0 	0.0 	134.2 	14.0 	0.0 	0.0 	0.0 	-0.0 	14.0 	0.0 	0.0 	0.0 	7.8427492106	3.01414986809	142.483051596	-25.0242157223	
5.31666666667	0.0	0.0	0.0 	0.0 	134.433333333 	14.0 	0.0 	0.0 	0.0 	-0.0 	14.0 	0.0 	0.0 	0.0 	7.85824246242	3.01414986809	142.499697722	-25.1541242777	
5.33333333333	0.0	0.0	0.0 	0.0 	134.666666667 	14.0 	0.0 	0.0 	0.0 	-0.0 	14.0 	0.0 	0.0 	0.0 	7.8736437045	3.01414986809	142.516376472	-25.2842874387	
5.35	0.0	0.0	0.0 	0.0 	134.9 	14.0 	0.0 	0.0 	0.0 	-0.0 	14.0 	0.0 	0.0 	0.0 	7.88895348327	3.01414986809	142.533087654	-25.4147036934	
5.36666666667	0.0	0.0	0.0 	0.0 	135.133333333 	14.0 	0.0 	0.0 	0.0 	-0.0 	14.0 	0.0 	0.0 	0.0 	7.90417234189	3.01414986809	142.549831073	-25.5453715387	
5.38333333333	0.0	0.0	0.0 	0.0 	135.366666667 	14.0 	0.0 	0.0 	0.0 	-0.0 	14.0 	0.0 	0.0 	0.0 	7.91930082032	3.01414986809	142.566606539	-25.6762894805	
5.4	0.0	0.0	0.0 	0.0 	135.6 	14.0 	0.0 	0.0 	0.0 	-0.0 	14.0 	0.0 	0.0 	0.0 	7.9343394553	3.01414986809	142.583413862	-25.8074560335	
5.41666666667	0.0	0.0	0.0 	0.0 	135.833333333 	14.0 	0.0 	0.0 	0.0 	-0.0 	14.0 	0.0 	0.0 	0.0 	7.94928878037	3.01414986809	142.600252852	-25.9388697214	
5.43333333333	0.0	0.0	0.0 	0.0 	136.066666667 	14.0 	0.0 	0.0 	0.0 	-0.0 	14.0 	0.0 	0.0 	0.0 	7.96414932593	3.01414986809	142.61712332	-26.0705290763	
5.45	0.0	0.0	0.0 	0.0 	136.3 	14.0 	0.0 	0.0 	0.0 	-0.0 	14.0 	0.0 	0.0 	0.0 	7.9789216192	3.01414986809	142.634025081	-26.2024326395	
5.46666666667	0.0	0.0	0.0 	0.0 	136.533333333 	14.0 	0.0 	0.0 	0.0 	-0.0 	14.0 	0.0 	0.0 	0.0 	7.9936061843	3.01414986809	142.650957949	-26.3345789606	
5.48333333333	0.0	0.0	0.0 	0.0 	136.766666667 	14.0 	0.0 	0.0 	0.0 	-0.0 	14.0 	0.0 	0.0 	0.0 	8.00820354221	3.01414986809	142.667921738	-26.4669665979	
5.5	0.0	0.0	0.0 	0.0 	137.0 	14.0 	0.0 	0.0 	0.0 	-0.0 	14.0 	0.0 	0.0 	0.0 	8.02271421083	3.01414986809	142.684916265	-26.5995941185	
5.51666666667	0.0	0.0	0.0 	0.0 	137.233333333 	14.0 	0.0 	0.0 	0.0 	-0.0 	14.0 	0.0 	0.0 	0.0 	8.03713870498	3.01414986809	142.701941347	-26.7324600975	
5.53333333333	0.0	0.0	0.0 	0.0 	137.466666667 	14.0 	0.0 	0.0 	0.0 	-0.0 	14.0 	0.0 	0.0 	0.0 	8.05147753642	3.01414986809	142.718996803	-26.865563119	
5.55	0.0	0.0	0.0 	0.0 	137.7 	14.0 	0.0 	0.0 	0.0 	-0.0 	14.0 	0.0 	0.0 	0.0 	8.06573121389	3.01414986809	142.736082453	-26.9989017752	
5.56666666667	0.0	0.0	0.0 	0.0 	137.933333333 	14.0 	0.0 	0.0 	0.0 	-0.0 	14.0 	0.0 	0.0 	0.0 	8.07990024308	3.01414986809	142.753198117	-27.1324746668	
5.58333333333	0.0	0.0	0.0 	0.0 	138.166666667 	14.0 	0.0 	0.0 	0.0 	-0.0 	14.0 	0.0 	0.0 	0.0 	8.09398512669	3.01414986809	142.770343617	-27.2662804026	
5.6	0.0	0.0	0.0 	0.0 	138.4 	14.0 	0.0 	0.0 	0.0 	-0.0 	14.0 	0.0 	0.0 	0.0 	8.10798636445	3.01414986809	142.787518776	-27.4003176	
5.61666666667	0.0	0.0	0.0 	0.0 	138.633333333 	14.0 	0.0 	0.0 	0.0 	-0.0 	14.0 	0.0 	0.0 	0.0 	8.12190445309	3.01414986809	142.804723418	-27.5345848842	
5.63333333333	0.0	0.0	0.0 	0.0 	138.866666667 	14.0 	0.0 	0.0 	0.0 	-0.0 	14.0 	0.0 	0.0 	0.0 	8.13573988641	3.01414986809	142.821957367	-27.669080889	
5.65	0.0	0.0	0.0 	0.0 	139.1 	14.0 	0.0 	0.0 	0.0 	-0.0 	14.0 	0.0 	0.0 	0.0 	8.14949315528	3.01414986809	142.83922045	-27.8038042559	
5.66666666667	0.0	0.0	0.0 	0.0 	139.333333333 	14.0 	0.0 	0.0 	0.0 	-0.0 	14.0 	0.0 	0.0 	0.0 	8.16316474766	3.01414986809	142.856512494	-27.9387536349	
5.68333333333	0.0	0.0	0.0 	0.0 	139.566666667 	14.0 	0.0 	0.0 	0.0 	-0.0 	14.0 	0.0 	0.0 	0.0 	8.17675514858	3.01414986809	142.873833326	-28.0739276835	
5.7	0.0	0.0	0.0 	0.0 	139.8 	14.0 	0.0 	0.0 	0.0 	-0.0 	14.0 	0.0 	0.0 	0.0 	8.19026484023	3.01414986809	142.891182775	-28.2093250677	
5.71666666667	0.0	0.0	0.0 	0.0 	140.033333333 	14.0 	0.0 	0.0 	0.0 	-0.0 	14.0 	0.0 	0.0 	0.0 	8.2036943019	3.01414986809	142.908560673	-28.3449444611	
5.73333333333	0.0	0.0	0.0 	0.0 	140.266666667 	14.0 	0.0 	0.0 	0.0 	-0.0 	14.0 	0.0 	0.0 	0.0 	8.21704401007	3.01414986809	142.925966849	-28.4807845451	
5.75	0.0	0.0	0.0 	0.0 	140.5 	14.0 	0.0 	0.0 	0.0 	-0.0 	14.0 	0.0 	0.0 	0.0 	8.23031443837	3.01414986809	142.943401135	-28.6168440093	
5.76666666667	0.0	0.0	0.0 	0.0 	140.733333333 	14.0 	0.0 	0.0 	0.0 	-0.0 	14.0 	0.0 	0.0 	0.0 	8.2435060576	3.01414986809	142.960863366	-28.7531215508	
5.78333333333	0.0	0.0	0.0 	0.0 	140.966666667 	14.0 	0.0 	0.0 	0.0 	-0.0 	14.0 	0.0 	0.0 	0.0 	8.2566193358	3.01414986809	142.978353374	-28.8896158745	
5.8	0.0	0.0	0.0 	0.0 	141.2 	14.0 	0.0 	0.0 	0.0 	-0.0 	14.0 	0.0 	0.0 	0.0 	8.26965473822	3.01414986809	142.995870996	-29.026325693	
5.81666666667	0.0	0.0	0.0 	0.0 	141.433333333 	14.0 	0.0 	0.0 	0.0 	-0.0 	14.0 	0.0 	0.0 	0.0 	8.28261272732	3.01414986809	143.013416066	-29.1632497265	
5.83333333333	0.0	0.0	0.0 	0.0 	141.666666667 	14.0 	0.0 	0.0 	0.0 	-0.0 	14.0 	0.0 	0.0 	0.0 	8.29549376285	3.01414986809	143.030988422	-29.3003867029	
5.85	0.0	0.0	0.0 	0.0 	141.9 	14.0 	0.0 	0.0 	0.0 	-0.0 	14.0 	0.0 	0.0 	0.0 	8.3082983018	3.01414986809	143.048587902	-29.4377353575	
5.86666666667	0.0	0.0	0.0 	0.0 	142.133333333 	14.0 	0.0 	0.0 	0.0 	-0.0 	14.0 	0.0 	0.0 	0.0 	8.32102679848	3.01414986809	143.066214345	-29.5752944333	
5.88333333333	0.0	0.0	0.0 	0.0 	142.366666667 	14.0 	0.0 	0.0 	0.0 	-0.0 	14.0 	0.0 	0.0 	0.0 	8.33367970446	3.01414986809	143.083867591	-29.7130626807	
5.9	0.0	0.0	0.0 	0.0 	142.6 	14.0 	0.0 	0.0 	0.0 	-0.0 	14.0 	0.0 	0.0 	0.0 	8.34625746867	3.01414986809	143.10154748	-29.8510388574	
5.91666666667	0.0	0.0	0.0 	0.0 	142.833333333 	14.0 	0.0 	0.0 	0.0 	-0.0 	14.0 	0.0 	0.0 	0.0 	8.35876053734	3.01414986809	143.119253854	-29.9892217286	
5.93333333333	0.0	0.0	0.0 	0.0 	143.066666667 	14.0 	0.0 	0.0 	0.0 	-0.0 	14.0 	0.0 	0.0 	0.0 	8.37118935407	3.01414986809	143.136986556	-30.1276100669	
5.95	0.0	0.0	0.0 	0.0 	143.3 	14.0 	0.0 	0.0 	0.0 	-0.0 	14.0 	0.0 	0.0 	0.0 	8.38354435983	3.01414986809	143.15474543	-30.2662026519	
5.96666666667	0.0	0.0	0.0 	0.0 	143.533333333 	14.0 	0.0 	0.0 	0.0 	-0.0 	14.0 	0.0 	0.0 	0.0 	8.39582599294	3.01414986809	143.17253032	-30.4049982708	
5.98333333333	0.0	0.0	0.0 	0.0 	143.766666667 	14.0 	0.0 	0.0 	0.0 	-0.0 	14.0 	0.0 	0.0 	0.0 	8.40803468915	3.01414986809	143.190341072	-30.5439957178	
6.0	0.0	0.0	0.0 	0.0 	144.0 	14.0 	0.0 	0.0 	0.0 	-0.0 	14.0 	0.0 	0.0 	0.0 	8.42017088161	3.01414986809	143.208177532	-30.6831937943	
6.01666666667	0.0	0.0	0.0 	0.0 	144.233333333 	14.0 	0.0 	0.0 	0.0 	-0.0 	14.0 	0.0 	0.0 	0.0 	8.43223500089	3.01414986809	143.226039547	-30.8225913088	
6.03333333333	0.0	0.0	0.0 	0.0 	144.466666667 	14.0 	0.0 	0.0 	0.0 	-0.0 	14.0 	0.0 	0.0 	0.0 	8.44422747503	3.01414986809	143.243926966	-30.9621870769	
6.05	0.0	0.0	0.0 	0.0 	144.7 	14.0 	0.0 	0.0 	0.0 	-0.0 	14.0 	0.0 	0.0 	0.0 	8.45614872948	3.01414986809	143.261839638	-31.1019799212	
6.06666666667	0.0	0.0	0.0 	0.0 	144.933333333 	14.0 	0.0 	0.0 	0.0 	-0.0 	14.0 	0.0 	0.0 	0.0 	8.46799918722	3.01414986809	143.279777413	-31.2419686715	
6.08333333333	0.0	0.0	0.0 	0.0 	145.166666667 	14.0 	0.0 	0.0 	0.0 	-0.0 	14.0 	0.0 	0.0 	0.0 	8.47977926868	3.01414986809	143.297740141	-31.3821521642	
6.1	0.0	0.0	0.0 	0.0 	145.4 	14.0 	0.0 	0.0 	0.0 	-0.0 	14.0 	0.0 	0.0 	0.0 	8.49148939179	3.01414986809	143.315727675	-31.5225292428	
6.11666666667	0.0	0.0	0.0 	0.0 	145.633333333 	14.0 	0.0 	0.0 	0.0 	-0.0 	14.0 	0.0 	0.0 	0.0 	8.50312997203	3.01414986809	143.333739868	-31.6630987577	
6.13333333333	0.0	0.0	0.0 	0.0 	145.866666667 	14.0 	0.0 	0.0 	0.0 	-0.0 	14.0 	0.0 	0.0 	0.0 	8.51470142239	3.01414986809	143.351776572	-31.803859566	
6.15	0.0	0.0	0.0 	0.0 	146.1 	14.0 	0.0 	0.0 	0.0 	-0.0 	14.0 	0.0 	0.0 	0.0 	8.52620415341	3.01414986809	143.369837642	-31.9448105318	
6.16666666667	0.0	0.0	0.0 	0.0 	146.333333333 	14.0 	0.0 	0.0 	0.0 	-0.0 	14.0 	0.0 	0.0 	0.0 	8.53763857319	3.01414986809	143.387922934	-32.0859505258	
6.18333333333	0.0	0.0	0.0 	0.0 	146.566666667 	14.0 	0.0 	0.0 	0.0 	-0.0 	14.0 	0.0 	0.0 	0.0 	8.54900508741	3.01414986809	143.406032304	-32.2272784252	
6.2	0.0	0.0	0.0 	0.0 	146.8 	14.0 	0.0 	0.0 	0.0 	-0.0 	14.0 	0.0 	0.0 	0.0 	8.56030409934	3.01414986809	143.424165608	-32.3687931144	
6.21666666667	0.0	0.0	0.0 	0.0 	147.033333333 	14.0 	0.0 	0.0 	0.0 	-0.0 	14.0 	0.0 	0.0 	0.0 	8.57153600986	3.01414986809	143.442322705	-32.5104934839	
6.23333333333	0.0	0.0	0.0 	0.0 	147.266666667 	14.0 	0.0 	0.0 	0.0 	-0.0 	14.0 	0.0 	0.0 	0.0 	8.58270121747	3.01414986809	143.460503453	-32.652378431	
6.25	0.0	0.0	0.0 	0.0 	147.5 	14.0 	0.0 	0.0 	0.0 	-0.0 	14.0 	0.0 	0.0 	0.0 	8.59380011828	3.01414986809	143.478707712	-32.7944468597	
6.26666666667	0.0	0.0	0.0 	0.0 	147.733333333 	14.0 	0.0 	0.0 	0.0 	-0.0 	14.0 	0.0 	0.0 	0.0 	8.60483310608	3.01414986809	143.496935342	-32.9366976802	
6.28333333333	0.0	0.0	0.0 	0.0 	147.966666667 	14.0 	0.0 	0.0 	0.0 	-0.0 	14.0 	0.0 	0.0 	0.0 	8.61580057231	3.01414986809	143.515186205	-33.0791298094	
6.3	0.0	0.0	0.0 	0.0 	148.2 	14.0 	0.0 	0.0 	0.0 	-0.0 	14.0 	0.0 	0.0 	0.0 	8.62670290608	3.01414986809	143.533460162	-33.2217421706	
6.31666666667	0.0	0.0	0.0 	0.0 	148.433333333 	14.0 	0.0 	0.0 	0.0 	-0.0 	14.0 	0.0 	0.0 	0.0 	8.63754049418	3.01414986809	143.551757076	-33.3645336934	
6.33333333333	0.0	0.0	0.0 	0.0 	148.666666667 	14.0 	0.0 	0.0 	0.0 	-0.0 	14.0 	0.0 	0.0 	0.0 	8.64831372114	3.01414986809	143.570076811	-33.5075033138	
6.35	0.0	0.0	0.0 	0.0 	148.9 	14.0 	0.0 	0.0 	0.0 	-0.0 	14.0 	0.0 	0.0 	0.0 	8.65902296915	3.01414986809	143.588419232	-33.6506499741	
6.36666666667	0.0	0.0	0.0 	0.0 	149.133333333 	14.0 	0.0 	0.0 	0.0 	-0.0 	14.0 	0.0 	0.0 	0.0 	8.66966861819	3.01414986809	143.606784203	-33.7939726231	
6.38333333333	0.0	0.0	0.0 	0.0 	149.366666667 	14.0 	0.0 	0.0 	0.0 	-0.0 	14.0 	0.0 	0.0 	0.0 	8.68025104593	3.01414986809	143.625171591	-33.9374702155	
6.4	0.0	0.0	0.0 	0.0 	149.6 	14.0 	0.0 	0.0 	0.0 	-0.0 	14.0 	0.0 	0.0 	0.0 	8.69077062784	3.01414986809	143.643581263	-34.0811417124	
6.41666666667	0.0	0.0	0.0 	0.0 	149.833333333 	14.0 	0.0 	0.0 	0.0 	-0.0 	14.0 	0.0 	0.0 	0.0 	8.70122773714	3.01414986809	143.662013086	-34.224986081	
6.43333333333	0.0	0.0	0.0 	0.0 	150.066666667 	14.0 	0.0 	0.0 	0.0 	-0.0 	14.0 	0.0 	0.0 	0.0 	8.71162274483	3.01414986809	143.680466929	-34.3690022947	
6.45	0.0	0.0	0.0 	0.0 	150.3 	14.0 	0.0 	0.0 	0.0 	-0.0 	14.0 	0.0 	0.0 	0.0 	8.72195601972	3.01414986809	143.698942661	-34.5131893329	
6.46666666667	0.0	0.0	0.0 	0.0 	150.533333333 	14.0 	0.0 	0.0 	0.0 	-0.0 	14.0 	0.0 	0.0 	0.0 	8.73222792841	3.01414986809	143.717440152	-34.6575461813	
6.48333333333	0.0	0.0	0.0 	0.0 	150.766666667 	14.0 	0.0 	0.0 	0.0 	-0.0 	14.0 	0.0 	0.0 	0.0 	8.74243883535	3.01414986809	143.735959272	-34.8020718313	
6.5	0.0	0.0	0.0 	0.0 	151.0 	14.0 	0.0 	0.0 	0.0 	-0.0 	14.0 	0.0 	0.0 	0.0 	8.75258910281	3.01414986809	143.754499894	-34.9467652804	
6.51666666667	0.0	0.0	0.0 	0.0 	151.233333333 	14.0 	0.0 	0.0 	0.0 	-0.0 	14.0 	0.0 	0.0 	0.0 	8.76267909089	3.01414986809	143.77306189	-35.0916255323	
6.53333333333	0.0	0.0	0.0 	0.0 	151.466666667 	14.0 	0.0 	0.0 	0.0 	-0.0 	14.0 	0.0 	0.0 	0.0 	8.77270915759	3.01414986809	143.791645132	-35.2366515962	
6.55	0.0	0.0	0.0 	0.0 	151.7 	14.0 	0.0 	0.0 	0.0 	-0.0 	14.0 	0.0 	0.0 	0.0 	8.78267965877	3.01414986809	143.810249495	-35.3818424874	
6.56666666667	0.0	0.0	0.0 	0.0 	151.933333333 	14.0 	0.0 	0.0 	0.0 	-0.0 	14.0 	0.0 	0.0 	0.0 	8.79259094815	3.01414986809	143.828874852	-35.5271972272	
6.58333333333	0.0	0.0	0.0 	0.0 	152.166666667 	14.0 	0.0 	0.0 	0.0 	-0.0 	14.0 	0.0 	0.0 	0.0 	8.80244337738	3.01414986809	143.847521081	-35.6727148424	
6.6	0.0	0.0	0.0 	0.0 	152.4 	14.0 	0.0 	0.0 	0.0 	-0.0 	14.0 	0.0 	0.0 	0.0 	8.81223729602	3.01414986809	143.866188056	-35.8183943658	
6.61666666667	0.0	0.0	0.0 	0.0 	152.633333333 	14.0 	0.0 	0.0 	0.0 	-0.0 	14.0 	0.0 	0.0 	0.0 	8.82197305155	3.01414986809	143.884875654	-35.9642348359	
6.63333333333	0.0	0.0	0.0 	0.0 	152.866666667 	14.0 	0.0 	0.0 	0.0 	-0.0 	14.0 	0.0 	0.0 	0.0 	8.83165098936	3.01414986809	143.903583752	-36.1102352968	
6.65	0.0	0.0	0.0 	0.0 	153.1 	14.0 	0.0 	0.0 	0.0 	-0.0 	14.0 	0.0 	0.0 	0.0 	8.84127145283	3.01414986809	143.92231223	-36.2563947985	
6.66666666667	0.0	0.0	0.0 	0.0 	153.333333333 	14.0 	0.0 	0.0 	0.0 	-0.0 	14.0 	0.0 	0.0 	0.0 	8.85083478329	3.01414986809	143.941060966	-36.4027123964	
6.68333333333	0.0	0.0	0.0 	0.0 	153.566666667 	14.0 	0.0 	0.0 	0.0 	-0.0 	14.0 	0.0 	0.0 	0.0 	8.86034132002	3.01414986809	143.95982984	-36.5491871516	
6.7	0.0	0.0	0.0 	0.0 	153.8 	14.0 	0.0 	0.0 	0.0 	-0.0 	14.0 	0.0 	0.0 	0.0 	8.8697914003	3.01414986809	143.978618731	-36.6958181308	
6.71666666667	0.0	0.0	0.0 	0.0 	154.033333333 	14.0 	0.0 	0.0 	0.0 	-0.0 	14.0 	0.0 	0.0 	0.0 	8.87918535942	3.01414986809	143.997427522	-36.8426044063	
6.73333333333	0.0	0.0	0.0 	0.0 	154.266666667 	14.0 	0.0 	0.0 	0.0 	-0.0 	14.0 	0.0 	0.0 	0.0 	8.88852353065	3.01414986809	144.016256094	-36.9895450558	
6.75	0.0	0.0	0.0 	0.0 	154.5 	14.0 	0.0 	0.0 	0.0 	-0.0 	14.0 	0.0 	0.0 	0.0 	8.89780624532	3.01414986809	144.03510433	-37.1366391625	
6.76666666667	0.0	0.0	0.0 	0.0 	154.733333333 	14.0 	0.0 	0.0 	0.0 	-0.0 	14.0 	0.0 	0.0 	0.0 	8.90703383275	3.01414986809	144.053972112	-37.2838858151	
6.78333333333	0.0	0.0	0.0 	0.0 	154.966666667 	14.0 	0.0 	0.0 	0.0 	-0.0 	14.0 	0.0 	0.0 	0.0 	8.91620662033	3.01414986809	144.072859325	-37.4312841077	
6.8	0.0	0.0	0.0 	0.0 	155.2 	14.0 	0.0 	0.0 	0.0 	-0.0 	14.0 	0.0 	0.0 	0.0 	8.92532493351	3.01414986809	144.091765854	-37.5788331397	
6.81666666667	0.0	0.0	0.0 	0.0 	155.433333333 	14.0 	0.0 	0.0 	0.0 	-0.0 	14.0 	0.0 	0.0 	0.0 	8.93438909578	3.01414986809	144.110691583	-37.7265320159	
6.83333333333	0.0	0.0	0.0 	0.0 	155.666666667 	14.0 	0.0 	0.0 	0.0 	-0.0 	14.0 	0.0 	0.0 	0.0 	8.94339942874	3.01414986809	144.129636399	-37.8743798464	
6.85	0.0	0.0	0.0 	0.0 	155.9 	14.0 	0.0 	0.0 	0.0 	-0.0 	14.0 	0.0 	0.0 	0.0 	8.95235625205	3.01414986809	144.148600188	-38.0223757467	
6.86666666667	0.0	0.0	0.0 	0.0 	156.133333333 	14.0 	0.0 	0.0 	0.0 	-0.0 	14.0 	0.0 	0.0 	0.0 	8.9612598835	3.01414986809	144.167582837	-38.1705188374	
6.88333333333	0.0	0.0	0.0 	0.0 	156.366666667 	14.0 	0.0 	0.0 	0.0 	-0.0 	14.0 	0.0 	0.0 	0.0 	8.97011063899	3.01414986809	144.186584235	-38.3188082444	
6.9	0.0	0.0	0.0 	0.0 	156.6 	14.0 	0.0 	0.0 	0.0 	-0.0 	14.0 	0.0 	0.0 	0.0 	8.97890883251	3.01414986809	144.20560427	-38.4672430988	
6.91666666667	0.0	0.0	0.0 	0.0 	156.833333333 	14.0 	0.0 	0.0 	0.0 	-0.0 	14.0 	0.0 	0.0 	0.0 	8.98765477622	3.01414986809	144.224642832	-38.6158225367	
6.93333333333	0.0	0.0	0.0 	0.0 	157.066666667 	14.0 	0.0 	0.0 	0.0 	-0.0 	14.0 	0.0 	0.0 	0.0 	8.99634878043	3.01414986809	144.243699811	-38.7645456996	
6.95	0.0	0.0	0.0 	0.0 	157.3 	14.0 	0.0 	0.0 	0.0 	-0.0 	14.0 	0.0 	0.0 	0.0 	9.00499115357	3.01414986809	144.262775096	-38.9134117339	
6.96666666667	0.0	0.0	0.0 	0.0 	157.533333333 	14.0 	0.0 	0.0 	0.0 	-0.0 	14.0 	0.0 	0.0 	0.0 	9.01358220227	3.01414986809	144.28186858	-39.0624197912	
6.98333333333	0.0	0.0	0.0 	0.0 	157.766666667 	14.0 	0.0 	0.0 	0.0 	-0.0 	14.0 	0.0 	0.0 	0.0 	9.02212223134	3.01414986809	144.300980155	-39.2115690279	
7.0	0.0	0.0	0.0 	0.0 	158.0 	14.0 	0.0 	0.0 	0.0 	-0.0 	14.0 	0.0 	0.0 	0.0 	9.03061154376	3.01414986809	144.320109712	-39.3608586058	
7.01666666667	0.0	0.0	0.0 	0.0 	158.233333333 	14.0 	0.0 	0.0 	0.0 	-0.0 	14.0 	0.0 	0.0 	0.0 	9.03905044072	3.01414986809	144.339257145	-39.5102876913	
7.03333333333	0.0	0.0	0.0 	0.0 	158.466666667 	14.0 	0.0 	0.0 	0.0 	-0.0 	14.0 	0.0 	0.0 	0.0 	9.04743922163	3.01414986809	144.358422348	-39.6598554559	
7.05	0.0	0.0	0.0 	0.0 	158.7 	14.0 	0.0 	0.0 	0.0 	-0.0 	14.0 	0.0 	0.0 	0.0 	9.05577818411	3.01414986809	144.377605216	-39.8095610762	
7.06666666667	0.0	0.0	0.0 	0.0 	158.933333333 	14.0 	0.0 	0.0 	0.0 	-0.0 	14.0 	0.0 	0.0 	0.0 	9.06406762401	3.01414986809	144.396805644	-39.9594037333	
7.08333333333	0.0	0.0	0.0 	0.0 	159.166666667 	14.0 	0.0 	0.0 	0.0 	-0.0 	14.0 	0.0 	0.0 	0.0 	9.07230783544	3.01414986809	144.416023526	-40.1093826135	
7.1	0.0	0.0	0.0 	0.0 	159.4 	14.0 	0.0 	0.0 	0.0 	-0.0 	14.0 	0.0 	0.0 	0.0 	9.08049911075	3.01414986809	144.43525876	-40.2594969078	
7.11666666667	0.0	0.0	0.0 	0.0 	159.633333333 	14.0 	0.0 	0.0 	0.0 	-0.0 	14.0 	0.0 	0.0 	0.0 	9.08864174055	3.01414986809	144.454511243	-40.409745812	
7.13333333333	0.0	0.0	0.0 	0.0 	159.866666667 	14.0 	0.0 	0.0 	0.0 	-0.0 	14.0 	0.0 	0.0 	0.0 	9.09673601374	3.01414986809	144.473780872	-40.5601285267	
7.15	0.0	0.0	0.0 	0.0 	160.1 	14.0 	0.0 	0.0 	0.0 	-0.0 	14.0 	0.0 	0.0 	0.0 	9.10478221749	3.01414986809	144.493067545	-40.7106442572	
7.16666666667	0.0	0.0	0.0 	0.0 	160.333333333 	14.0 	0.0 	0.0 	0.0 	-0.0 	14.0 	0.0 	0.0 	0.0 	9.11278063727	3.01414986809	144.512371161	-40.8612922136	
7.18333333333	0.0	0.0	0.0 	0.0 	160.566666667 	14.0 	0.0 	0.0 	0.0 	-0.0 	14.0 	0.0 	0.0 	0.0 	9.12073155685	3.01414986809	144.53169162	-41.0120716107	
7.2	0.0	0.0	0.0 	0.0 	160.8 	14.0 	0.0 	0.0 	0.0 	-0.0 	14.0 	0.0 	0.0 	0.0 	9.12863525834	3.01414986809	144.551028821	-41.1629816679	
7.21666666667	0.0	0.0	0.0 	0.0 	161.033333333 	14.0 	0.0 	0.0 	0.0 	-0.0 	14.0 	0.0 	0.0 	0.0 	9.13649202213	3.01414986809	144.570382665	-41.3140216091	
7.23333333333	0.0	0.0	0.0 	0.0 	161.266666667 	14.0 	0.0 	0.0 	0.0 	-0.0 	14.0 	0.0 	0.0 	0.0 	9.14430212698	3.01414986809	144.589753053	-41.4651906631	
7.25	0.0	0.0	0.0 	0.0 	161.5 	14.0 	0.0 	0.0 	0.0 	-0.0 	14.0 	0.0 	0.0 	0.0 	9.15206584998	3.01414986809	144.609139887	-41.6164880631	
7.26666666667	0.0	0.0	0.0 	0.0 	161.733333333 	14.0 	0.0 	0.0 	0.0 	-0.0 	14.0 	0.0 	0.0 	0.0 	9.15978346658	3.01414986809	144.628543069	-41.767913047	
7.28333333333	0.0	0.0	0.0 	0.0 	161.966666667 	14.0 	0.0 	0.0 	0.0 	-0.0 	14.0 	0.0 	0.0 	0.0 	9.16745525059	3.01414986809	144.647962503	-41.9194648569	
7.3	0.0	0.0	0.0 	0.0 	162.2 	14.0 	0.0 	0.0 	0.0 	-0.0 	14.0 	0.0 	0.0 	0.0 	9.1750814742	3.01414986809	144.667398091	-42.0711427398	
7.31666666667	0.0	0.0	0.0 	0.0 	162.433333333 	14.0 	0.0 	0.0 	0.0 	-0.0 	14.0 	0.0 	0.0 	0.0 	9.18266240797	3.01414986809	144.686849737	-42.2229459469	
7.33333333333	0.0	0.0	0.0 	0.0 	162.666666667 	14.0 	0.0 	0.0 	0.0 	-0.0 	14.0 	0.0 	0.0 	0.0 	9.19019832087	3.01414986809	144.706317348	-42.374873734	
7.35	0.0	0.0	0.0 	0.0 	162.9 	14.0 	0.0 	0.0 	0.0 	-0.0 	14.0 	0.0 	0.0 	0.0 	9.19768948027	3.01414986809	144.725800826	-42.5269253611	
7.36666666667	0.0	0.0	0.0 	0.0 	163.133333333 	14.0 	0.0 	0.0 	0.0 	-0.0 	14.0 	0.0 	0.0 	0.0 	9.20513615194	3.01414986809	144.745300079	-42.679100093	
7.38333333333	0.0	0.0	0.0 	0.0 	163.366666667 	14.0 	0.0 	0.0 	0.0 	-0.0 	14.0 	0.0 	0.0 	0.0 	9.21253860008	3.01414986809	144.764815013	-42.8313971984	
7.4	0.0	0.0	0.0 	0.0 	163.6 	14.0 	0.0 	0.0 	0.0 	-0.0 	14.0 	0.0 	0.0 	0.0 	9.21989708732	3.01414986809	144.784345534	-42.9838159507	
7.41666666667	0.0	0.0	0.0 	0.0 	163.833333333 	14.0 	0.0 	0.0 	0.0 	-0.0 	14.0 	0.0 	0.0 	0.0 	9.22721187473	3.01414986809	144.80389155	-43.1363556275	
7.43333333333	0.0	0.0	0.0 	0.0 	164.066666667 	14.0 	0.0 	0.0 	0.0 	-0.0 	14.0 	0.0 	0.0 	0.0 	9.23448322184	3.01414986809	144.823452969	-43.2890155105	
7.45	0.0	0.0	0.0 	0.0 	164.3 	14.0 	0.0 	0.0 	0.0 	-0.0 	14.0 	0.0 	0.0 	0.0 	9.24171138661	3.01414986809	144.843029699	-43.4417948859	
7.46666666667	0.0	0.0	0.0 	0.0 	164.533333333 	14.0 	0.0 	0.0 	0.0 	-0.0 	14.0 	0.0 	0.0 	0.0 	9.2488966255	3.01414986809	144.86262165	-43.5946930442	
7.48333333333	0.0	0.0	0.0 	0.0 	164.766666667 	14.0 	0.0 	0.0 	0.0 	-0.0 	14.0 	0.0 	0.0 	0.0 	9.25603919344	3.01414986809	144.882228731	-43.7477092798	
7.5	0.0	0.0	0.0 	0.0 	165.0 	14.0 	0.0 	0.0 	0.0 	-0.0 	14.0 	0.0 	0.0 	0.0 	9.26313934382	3.01414986809	144.901850852	-43.9008428916	
7.51666666667	0.0	0.0	0.0 	0.0 	165.233333333 	14.0 	0.0 	0.0 	0.0 	-0.0 	14.0 	0.0 	0.0 	0.0 	9.27019732856	3.01414986809	144.921487924	-44.0540931824	
7.53333333333	0.0	0.0	0.0 	0.0 	165.466666667 	14.0 	0.0 	0.0 	0.0 	-0.0 	14.0 	0.0 	0.0 	0.0 	9.27721339806	3.01414986809	144.941139859	-44.2074594595	
7.55	0.0	0.0	0.0 	0.0 	165.7 	14.0 	0.0 	0.0 	0.0 	-0.0 	14.0 	0.0 	0.0 	0.0 	9.28418780126	3.01414986809	144.960806567	-44.3609410339	
7.56666666667	0.0	0.0	0.0 	0.0 	165.933333333 	14.0 	0.0 	0.0 	0.0 	-0.0 	14.0 	0.0 	0.0 	0.0 	9.29112078558	3.01414986809	144.980487961	-44.5145372209	
7.58333333333	0.0	0.0	0.0 	0.0 	166.166666667 	14.0 	0.0 	0.0 	0.0 	-0.0 	14.0 	0.0 	0.0 	0.0 	9.298012597	3.01414986809	145.000183954	-44.66824734	
7.6	0.0	0.0	0.0 	0.0 	166.4 	14.0 	0.0 	0.0 	0.0 	-0.0 	14.0 	0.0 	0.0 	0.0 	9.30486348005	3.01414986809	145.01989446	-44.8220707144	
7.61666666667	0.0	0.0	0.0 	0.0 	166.633333333 	14.0 	0.0 	0.0 	0.0 	-0.0 	14.0 	0.0 	0.0 	0.0 	9.31167367777	3.01414986809	145.039619391	-44.9760066716	
7.63333333333	0.0	0.0	0.0 	0.0 	166.866666667 	14.0 	0.0 	0.0 	0.0 	-0.0 	14.0 	0.0 	0.0 	0.0 	9.31844343179	3.01414986809	145.059358663	-45.1300545431	
7.65	0.0	0.0	0.0 	0.0 	167.1 	14.0 	0.0 	0.0 	0.0 	-0.0 	14.0 	0.0 	0.0 	0.0 	9.32517298229	3.01414986809	145.07911219	-45.2842136641	
7.66666666667	0.0	0.0	0.0 	0.0 	167.333333333 	14.0 	0.0 	0.0 	0.0 	-0.0 	14.0 	0.0 	0.0 	0.0 	9.33186256803	3.01414986809	145.098879888	-45.438483374	
7.68333333333	0.0	0.0	0.0 	0.0 	167.566666667 	14.0 	0.0 	0.0 	0.0 	-0.0 	14.0 	0.0 	0.0 	0.0 	9.33851242634	3.01414986809	145.118661672	-45.5928630161	
7.7	0.0	0.0	0.0 	0.0 	167.8 	14.0 	0.0 	0.0 	0.0 	-0.0 	14.0 	0.0 	0.0 	0.0 	9.34512279316	3.01414986809	145.138457459	-45.7473519375	
7.71666666667	0.0	0.0	0.0 	0.0 	168.033333333 	14.0 	0.0 	0.0 	0.0 	-0.0 	14.0 	0.0 	0.0 	0.0 	9.35169390301	3.01414986809	145.158267166	-45.9019494892	
7.73333333333	0.0	0.0	0.0 	0.0 	168.266666667 	14.0 	0.0 	0.0 	0.0 	-0.0 	14.0 	0.0 	0.0 	0.0 	9.35822598903	3.01414986809	145.178090709	-46.0566550261	
7.75	0.0	0.0	0.0 	0.0 	168.5 	14.0 	0.0 	0.0 	0.0 	-0.0 	14.0 	0.0 	0.0 	0.0 	9.36471928296	3.01414986809	145.197928007	-46.2114679069	
7.76666666667	0.0	0.0	0.0 	0.0 	168.733333333 	14.0 	0.0 	0.0 	0.0 	-0.0 	14.0 	0.0 	0.0 	0.0 	9.37117401519	3.01414986809	145.217778978	-46.3663874941	
7.78333333333	0.0	0.0	0.0 	0.0 	168.966666667 	14.0 	0.0 	0.0 	0.0 	-0.0 	14.0 	0.0 	0.0 	0.0 	9.37759041472	3.01414986809	145.237643541	-46.521413154	
7.8	0.0	0.0	0.0 	0.0 	169.2 	14.0 	0.0 	0.0 	0.0 	-0.0 	14.0 	0.0 	0.0 	0.0 	9.38396870919	3.01414986809	145.257521616	-46.6765442568	
7.81666666667	0.0	0.0	0.0 	0.0 	169.433333333 	14.0 	0.0 	0.0 	0.0 	-0.0 	14.0 	0.0 	0.0 	0.0 	9.3903091249	3.01414986809	145.277413121	-46.8317801761	
7.83333333333	0.0	0.0	0.0 	0.0 	169.666666667 	14.0 	0.0 	0.0 	0.0 	-0.0 	14.0 	0.0 	0.0 	0.0 	9.3966118868	3.01414986809	145.297317977	-46.9871202896	
7.85	0.0	0.0	0.0 	0.0 	169.9 	14.0 	0.0 	0.0 	0.0 	-0.0 	14.0 	0.0 	0.0 	0.0 	9.40287721851	3.01414986809	145.317236105	-47.1425639784	
7.86666666667	0.0	0.0	0.0 	0.0 	170.133333333 	14.0 	0.0 	0.0 	0.0 	-0.0 	14.0 	0.0 	0.0 	0.0 	9.40910534231	3.01414986809	145.337167426	-47.2981106274	
7.88333333333	0.0	0.0	0.0 	0.0 	170.366666667 	14.0 	0.0 	0.0 	0.0 	-0.0 	14.0 	0.0 	0.0 	0.0 	9.41529647916	3.01414986809	145.357111862	-47.4537596253	
7.9	0.0	0.0	0.0 	0.0 	170.6 	14.0 	0.0 	0.0 	0.0 	-0.0 	14.0 	0.0 	0.0 	0.0 	9.42145084873	3.01414986809	145.377069335	-47.6095103641	
7.91666666667	0.0	0.0	0.0 	0.0 	170.833333333 	14.0 	0.0 	0.0 	0.0 	-0.0 	14.0 	0.0 	0.0 	0.0 	9.42756866936	3.01414986809	145.397039767	-47.7653622397	
7.93333333333	0.0	0.0	0.0 	0.0 	171.066666667 	14.0 	0.0 	0.0 	0.0 	-0.0 	14.0 	0.0 	0.0 	0.0 	9.43365015811	3.01414986809	145.417023081	-47.9213146514	
7.95	0.0	0.0	0.0 	0.0 	171.3 	14.0 	0.0 	0.0 	0.0 	-0.0 	14.0 	0.0 	0.0 	0.0 	9.43969553073	3.01414986809	145.437019202	-48.0773670023	
7.96666666667	0.0	0.0	0.0 	0.0 	171.533333333 	14.0 	0.0 	0.0 	0.0 	-0.0 	14.0 	0.0 	0.0 	0.0 	9.44570500172	3.01414986809	145.457028052	-48.2335186987	
7.98333333333	0.0	0.0	0.0 	0.0 	171.766666667 	14.0 	0.0 	0.0 	0.0 	-0.0 	14.0 	0.0 	0.0 	0.0 	9.45167878427	3.01414986809	145.477049557	-48.3897691507	
8.0	0.0	0.0	0.0 	0.0 	172.0 	14.0 	0.0 	0.0 	0.0 	-0.0 	14.0 	0.0 	0.0 	0.0 	9.45761709034	3.01414986809	145.49708364	-48.5461177718	
8.01666666667	0.0	0.0	0.0 	0.0 	172.233333333 	14.0 	0.0 	0.0 	0.0 	-0.0 	14.0 	0.0 	0.0 	0.0 	9.46352013061	3.01414986809	145.517130229	-48.7025639791	
8.03333333333	0.0	0.0	0.0 	0.0 	172.466666667 	14.0 	0.0 	0.0 	0.0 	-0.0 	14.0 	0.0 	0.0 	0.0 	9.46938811451	3.01414986809	145.537189247	-48.8591071929	
8.05	0.0	0.0	0.0 	0.0 	172.7 	14.0 	0.0 	0.0 	0.0 	-0.0 	14.0 	0.0 	0.0 	0.0 	9.47522125023	3.01414986809	145.557260621	-49.0157468373	
8.06666666667	0.0	0.0	0.0 	0.0 	172.933333333 	14.0 	0.0 	0.0 	0.0 	-0.0 	14.0 	0.0 	0.0 	0.0 	9.48101974472	3.01414986809	145.577344279	-49.1724823395	
8.08333333333	0.0	0.0	0.0 	0.0 	173.166666667 	14.0 	0.0 	0.0 	0.0 	-0.0 	14.0 	0.0 	0.0 	0.0 	9.48678380371	3.01414986809	145.597440147	-49.3293131302	
8.1	0.0	0.0	0.0 	0.0 	173.4 	14.0 	0.0 	0.0 	0.0 	-0.0 	14.0 	0.0 	0.0 	0.0 	9.49251363169	3.01414986809	145.617548152	-49.4862386436	
8.11666666667	0.0	0.0	0.0 	0.0 	173.633333333 	14.0 	0.0 	0.0 	0.0 	-0.0 	14.0 	0.0 	0.0 	0.0 	9.49820943196	3.01414986809	145.637668222	-49.6432583171	
8.13333333333	0.0	0.0	0.0 	0.0 	173.866666667 	14.0 	0.0 	0.0 	0.0 	-0.0 	14.0 	0.0 	0.0 	0.0 	9.5038714066	3.01414986809	145.657800286	-49.8003715916	
8.15	0.0	0.0	0.0 	0.0 	174.1 	14.0 	0.0 	0.0 	0.0 	-0.0 	14.0 	0.0 	0.0 	0.0 	9.50949975649	3.01414986809	145.677944273	-49.9575779112	
8.16666666667	0.0	0.0	0.0 	0.0 	174.333333333 	14.0 	0.0 	0.0 	0.0 	-0.0 	14.0 	0.0 	0.0 	0.0 	9.5150946813	3.01414986809	145.698100112	-50.1148767233	
8.18333333333	0.0	0.0	0.0 	0.0 	174.566666667 	14.0 	0.0 	0.0 	0.0 	-0.0 	14.0 	0.0 	0.0 	0.0 	9.52065637956	3.01414986809	145.718267732	-50.2722674786	
8.2	0.0	0.0	0.0 	0.0 	174.8 	14.0 	0.0 	0.0 	0.0 	-0.0 	14.0 	0.0 	0.0 	0.0 	9.52618504857	3.01414986809	145.738447063	-50.4297496311	
8.21666666667	0.0	0.0	0.0 	0.0 	175.033333333 	14.0 	0.0 	0.0 	0.0 	-0.0 	14.0 	0.0 	0.0 	0.0 	9.53168088448	3.01414986809	145.758638036	-50.587322638	
8.23333333333	0.0	0.0	0.0 	0.0 	175.266666667 	14.0 	0.0 	0.0 	0.0 	-0.0 	14.0 	0.0 	0.0 	0.0 	9.5371440823	3.01414986809	145.778840582	-50.7449859598	
8.25	0.0	0.0	0.0 	0.0 	175.5 	14.0 	0.0 	0.0 	0.0 	-0.0 	14.0 	0.0 	0.0 	0.0 	9.54257483583	3.01414986809	145.799054632	-50.9027390602	
8.26666666667	0.0	0.0	0.0 	0.0 	175.733333333 	14.0 	0.0 	0.0 	0.0 	-0.0 	14.0 	0.0 	0.0 	0.0 	9.54797333776	3.01414986809	145.819280117	-51.0605814058	
8.28333333333	0.0	0.0	0.0 	0.0 	175.966666667 	14.0 	0.0 	0.0 	0.0 	-0.0 	14.0 	0.0 	0.0 	0.0 	9.55333977963	3.01414986809	145.839516971	-51.2185124669	
8.3	0.0	0.0	0.0 	0.0 	176.2 	14.0 	0.0 	0.0 	0.0 	-0.0 	14.0 	0.0 	0.0 	0.0 	9.55867435182	3.01414986809	145.859765124	-51.3765317164	
8.31666666667	0.0	0.0	0.0 	0.0 	176.433333333 	14.0 	0.0 	0.0 	0.0 	-0.0 	14.0 	0.0 	0.0 	0.0 	9.5639772436	3.01414986809	145.88002451	-51.5346386307	
8.33333333333	0.0	0.0	0.0 	0.0 	176.666666667 	14.0 	0.0 	0.0 	0.0 	-0.0 	14.0 	0.0 	0.0 	0.0 	9.56924864311	3.01414986809	145.900295063	-51.6928326891	
8.35	0.0	0.0	0.0 	0.0 	176.9 	14.0 	0.0 	0.0 	0.0 	-0.0 	14.0 	0.0 	0.0 	0.0 	9.57448873737	3.01414986809	145.920576717	-51.8511133742	
8.36666666667	0.0	0.0	0.0 	0.0 	177.133333333 	14.0 	0.0 	0.0 	0.0 	-0.0 	14.0 	0.0 	0.0 	0.0 	9.57969771231	3.01414986809	145.940869404	-52.0094801714	
8.38333333333	0.0	0.0	0.0 	0.0 	177.366666667 	14.0 	0.0 	0.0 	0.0 	-0.0 	14.0 	0.0 	0.0 	0.0 	9.58487575271	3.01414986809	145.96117306	-52.1679325695	
8.4	0.0	0.0	0.0 	0.0 	177.6 	14.0 	0.0 	0.0 	0.0 	-0.0 	14.0 	0.0 	0.0 	0.0 	9.5900230423	3.01414986809	145.981487619	-52.3264700599	
8.41666666667	0.0	0.0	0.0 	0.0 	177.833333333 	14.0 	0.0 	0.0 	0.0 	-0.0 	14.0 	0.0 	0.0 	0.0 	9.5951397637	3.01414986809	146.001813017	-52.4850921375	
8.43333333333	0.0	0.0	0.0 	0.0 	178.066666667 	14.0 	0.0 	0.0 	0.0 	-0.0 	14.0 	0.0 	0.0 	0.0 	9.60022609844	3.01414986809	146.02214919	-52.6437982998	
8.45	0.0	0.0	0.0 	0.0 	178.3 	14.0 	0.0 	0.0 	0.0 	-0.0 	14.0 	0.0 	0.0 	0.0 	9.60528222697	3.01414986809	146.042496073	-52.8025880475	
8.46666666667	0.0	0.0	0.0 	0.0 	178.533333333 	14.0 	0.0 	0.0 	0.0 	-0.0 	14.0 	0.0 	0.0 	0.0 	9.61030832869	3.01414986809	146.062853603	-52.9614608843	
8.48333333333	0.0	0.0	0.0 	0.0 	178.766666667 	14.0 	0.0 	0.0 	0.0 	-0.0 	14.0 	0.0 	0.0 	0.0 	9.61530458191	3.01414986809	146.083221716	-53.1204163166	
8.5	0.0	0.0	0.0 	0.0 	179.0 	14.0 	0.0 	0.0 	0.0 	-0.0 	14.0 	0.0 	0.0 	0.0 	9.62027116389	3.01414986809	146.10360035	-53.2794538539	
8.51666666667	0.0	0.0	0.0 	0.0 	179.233333333 	14.0 	0.0 	0.0 	0.0 	-0.0 	14.0 	0.0 	0.0 	0.0 	9.62520825085	3.01414986809	146.123989442	-53.4385730088	
8.53333333333	0.0	0.0	0.0 	0.0 	179.466666667 	14.0 	0.0 	0.0 	0.0 	-0.0 	14.0 	0.0 	0.0 	0.0 	9.63011601794	3.01414986809	146.144388931	-53.5977732964	
8.55	0.0	0.0	0.0 	0.0 	179.7 	14.0 	0.0 	0.0 	0.0 	-0.0 	14.0 	0.0 	0.0 	0.0 	9.63499463929	3.01414986809	146.164798753	-53.7570542349	
8.56666666667	0.0	0.0	0.0 	0.0 	179.933333333 	14.0 	0.0 	0.0 	0.0 	-0.0 	14.0 	0.0 	0.0 	0.0 	9.63984428799	3.01414986809	146.185218849	-53.9164153454	
8.58333333333	0.0	0.0	0.0 	0.0 	180.166666667 	14.0 	0.0 	0.0 	0.0 	-0.0 	14.0 	0.0 	0.0 	0.0 	9.64466513608	3.01414986809	146.205649157	-54.0758561518	
8.6	0.0	0.0	0.0 	0.0 	180.4 	14.0 	0.0 	0.0 	0.0 	-0.0 	14.0 	0.0 	0.0 	0.0 	9.64945735463	3.01414986809	146.226089616	-54.2353761808	
8.61666666667	0.0	0.0	0.0 	0.0 	180.633333333 	14.0 	0.0 	0.0 	0.0 	-0.0 	14.0 	0.0 	0.0 	0.0 	9.65422111363	3.01414986809	146.246540167	-54.3949749618	
8.63333333333	0.0	0.0	0.0 	0.0 	180.866666667 	14.0 	0.0 	0.0 	0.0 	-0.0 	14.0 	0.0 	0.0 	0.0 	9.65895658211	3.01414986809	146.267000748	-54.5546520273	
8.65	0.0	0.0	0.0 	0.0 	181.1 	14.0 	0.0 	0.0 	0.0 	-0.0 	14.0 	0.0 	0.0 	0.0 	9.66366392808	3.01414986809	146.287471301	-54.7144069123	
8.66666666667	0.0	0.0	0.0 	0.0 	181.333333333 	14.0 	0.0 	0.0 	0.0 	-0.0 	14.0 	0.0 	0.0 	0.0 	9.66834331855	3.01414986809	146.307951766	-54.8742391546	
8.68333333333	0.0	0.0	0.0 	0.0 	181.566666667 	14.0 	0.0 	0.0 	0.0 	-0.0 	14.0 	0.0 	0.0 	0.0 	9.67299491953	3.01414986809	146.328442085	-55.0341482949	
8.7	0.0	0.0	0.0 	0.0 	181.8 	14.0 	0.0 	0.0 	0.0 	-0.0 	14.0 	0.0 	0.0 	0.0 	9.67761889606	3.01414986809	146.348942199	-55.1941338764	
8.71666666667	0.0	0.0	0.0 	0.0 	182.033333333 	14.0 	0.0 	0.0 	0.0 	-0.0 	14.0 	0.0 	0.0 	0.0 	9.68221541219	3.01414986809	146.36945205	-55.3541954453	
8.73333333333	0.0	0.0	0.0 	0.0 	182.266666667 	14.0 	0.0 	0.0 	0.0 	-0.0 	14.0 	0.0 	0.0 	0.0 	9.68678463101	3.01414986809	146.389971579	-55.5143325502	
8.75	0.0	0.0	0.0 	0.0 	182.5 	14.0 	0.0 	0.0 	0.0 	-0.0 	14.0 	0.0 	0.0 	0.0 	9.69132671462	3.01414986809	146.41050073	-55.6745447426	
8.76666666667	0.0	0.0	0.0 	0.0 	182.733333333 	14.0 	0.0 	0.0 	0.0 	-0.0 	14.0 	0.0 	0.0 	0.0 	9.69584182417	3.01414986809	146.431039446	-55.8348315765	
8.78333333333	0.0	0.0	0.0 	0.0 	182.966666667 	14.0 	0.0 	0.0 	0.0 	-0.0 	14.0 	0.0 	0.0 	0.0 	9.70033011985	3.01414986809	146.451587669	-55.9951926087	
8.8	0.0	0.0	0.0 	0.0 	183.2 	14.0 	0.0 	0.0 	0.0 	-0.0 	14.0 	0.0 	0.0 	0.0 	9.7047917609	3.01414986809	146.472145343	-56.1556273986	
8.81666666667	0.0	0.0	0.0 	0.0 	183.433333333 	14.0 	0.0 	0.0 	0.0 	-0.0 	14.0 	0.0 	0.0 	0.0 	9.70922690561	3.01414986809	146.492712412	-56.316135508	
8.83333333333	0.0	0.0	0.0 	0.0 	183.666666667 	14.0 	0.0 	0.0 	0.0 	-0.0 	14.0 	0.0 	0.0 	0.0 	9.71363571135	3.01414986809	146.51328882	-56.4767165016	
8.85	0.0	0.0	0.0 	0.0 	183.9 	14.0 	0.0 	0.0 	0.0 	-0.0 	14.0 	0.0 	0.0 	0.0 	9.71801833452	3.01414986809	146.533874512	-56.6373699466	
8.86666666667	0.0	0.0	0.0 	0.0 	184.133333333 	14.0 	0.0 	0.0 	0.0 	-0.0 	14.0 	0.0 	0.0 	0.0 	9.72237493062	3.01414986809	146.554469433	-56.7980954127	
8.88333333333	0.0	0.0	0.0 	0.0 	184.366666667 	14.0 	0.0 	0.0 	0.0 	-0.0 	14.0 	0.0 	0.0 	0.0 	9.72670565421	3.01414986809	146.575073527	-56.9588924721	
8.9	0.0	0.0	0.0 	0.0 	184.6 	14.0 	0.0 	0.0 	0.0 	-0.0 	14.0 	0.0 	0.0 	0.0 	9.73101065894	3.01414986809	146.595686741	-57.1197606997	
8.91666666667	0.0	0.0	0.0 	0.0 	184.833333333 	14.0 	0.0 	0.0 	0.0 	-0.0 	14.0 	0.0 	0.0 	0.0 	9.73529009756	3.01414986809	146.61630902	-57.2806996729	
8.93333333333	0.0	0.0	0.0 	0.0 	185.066666667 	14.0 	0.0 	0.0 	0.0 	-0.0 	14.0 	0.0 	0.0 	0.0 	9.73954412188	3.01414986809	146.63694031	-57.4417089714	
8.95	0.0	0.0	0.0 	0.0 	185.3 	14.0 	0.0 	0.0 	0.0 	-0.0 	14.0 	0.0 	0.0 	0.0 	9.74377288285	3.01414986809	146.657580558	-57.6027881778	
8.96666666667	0.0	0.0	0.0 	0.0 	185.533333333 	14.0 	0.0 	0.0 	0.0 	-0.0 	14.0 	0.0 	0.0 	0.0 	9.74797653048	3.01414986809	146.678229711	-57.7639368768	
8.98333333333	0.0	0.0	0.0 	0.0 	185.766666667 	14.0 	0.0 	0.0 	0.0 	-0.0 	14.0 	0.0 	0.0 	0.0 	9.75215521392	3.01414986809	146.698887715	-57.9251546556	
9.0	0.0	0.0	0.0 	0.0 	186.0 	14.0 	0.0 	0.0 	0.0 	-0.0 	14.0 	0.0 	0.0 	0.0 	9.75630908142	3.01414986809	146.719554518	-58.0864411042	
9.01666666667	0.0	0.0	0.0 	0.0 	186.233333333 	14.0 	0.0 	0.0 	0.0 	-0.0 	14.0 	0.0 	0.0 	0.0 	9.76043828036	3.01414986809	146.740230068	-58.2477958146	
9.03333333333	0.0	0.0	0.0 	0.0 	186.466666667 	14.0 	0.0 	0.0 	0.0 	-0.0 	14.0 	0.0 	0.0 	0.0 	9.76454295724	3.01414986809	146.760914314	-58.4092183815	
9.05	0.0	0.0	0.0 	0.0 	186.7 	14.0 	0.0 	0.0 	0.0 	-0.0 	14.0 	0.0 	0.0 	0.0 	9.76862325769	3.01414986809	146.781607202	-58.5707084019	
9.06666666667	0.0	0.0	0.0 	0.0 	186.933333333 	14.0 	0.0 	0.0 	0.0 	-0.0 	14.0 	0.0 	0.0 	0.0 	9.77267932646	3.01414986809	146.802308683	-58.7322654752	
9.08333333333	0.0	0.0	0.0 	0.0 	187.166666667 	14.0 	0.0 	0.0 	0.0 	-0.0 	14.0 	0.0 	0.0 	0.0 	9.77671130747	3.01414986809	146.823018704	-58.8938892032	
9.1	0.0	0.0	0.0 	0.0 	187.4 	14.0 	0.0 	0.0 	0.0 	-0.0 	14.0 	0.0 	0.0 	0.0 	9.78071934377	3.01414986809	146.843737216	-59.0555791901	
9.11666666667	0.0	0.0	0.0 	0.0 	187.633333333 	14.0 	0.0 	0.0 	0.0 	-0.0 	14.0 	0.0 	0.0 	0.0 	9.78470357755	3.01414986809	146.864464167	-59.2173350423	
9.13333333333	0.0	0.0	0.0 	0.0 	187.866666667 	14.0 	0.0 	0.0 	0.0 	-0.0 	14.0 	0.0 	0.0 	0.0 	9.78866415018	3.01414986809	146.885199508	-59.3791563688	
9.15	0.0	0.0	0.0 	0.0 	188.1 	14.0 	0.0 	0.0 	0.0 	-0.0 	14.0 	0.0 	0.0 	0.0 	9.79260120216	3.01414986809	146.905943189	-59.5410427806	
9.16666666667	0.0	0.0	0.0 	0.0 	188.333333333 	14.0 	0.0 	0.0 	0.0 	-0.0 	14.0 	0.0 	0.0 	0.0 	9.79651487318	3.01414986809	146.926695161	-59.7029938913	
9.18333333333	0.0	0.0	0.0 	0.0 	188.566666667 	14.0 	0.0 	0.0 	0.0 	-0.0 	14.0 	0.0 	0.0 	0.0 	9.80040530209	3.01414986809	146.947455373	-59.8650093166	
9.2	0.0	0.0	0.0 	0.0 	188.8 	14.0 	0.0 	0.0 	0.0 	-0.0 	14.0 	0.0 	0.0 	0.0 	9.80427262693	3.01414986809	146.968223778	-60.0270886747	
9.21666666667	0.0	0.0	0.0 	0.0 	189.033333333 	14.0 	0.0 	0.0 	0.0 	-0.0 	14.0 	0.0 	0.0 	0.0 	9.80811698489	3.01414986809	146.989000326	-60.1892315857	
9.23333333333	0.0	0.0	0.0 	0.0 	189.266666667 	14.0 	0.0 	0.0 	0.0 	-0.0 	14.0 	0.0 	0.0 	0.0 	9.81193851237	3.01414986809	147.009784969	-60.3514376723	
9.25	0.0	0.0	0.0 	0.0 	189.5 	14.0 	0.0 	0.0 	0.0 	-0.0 	14.0 	0.0 	0.0 	0.0 	9.81573734496	3.01414986809	147.030577659	-60.5137065594	
9.26666666667	0.0	0.0	0.0 	0.0 	189.733333333 	14.0 	0.0 	0.0 	0.0 	-0.0 	14.0 	0.0 	0.0 	0.0 	9.81951361744	3.01414986809	147.051378349	-60.6760378739	
9.28333333333	0.0	0.0	0.0 	0.0 	189.966666667 	14.0 	0.0 	0.0 	0.0 	-0.0 	14.0 	0.0 	0.0 	0.0 	9.82326746377	3.01414986809	147.07218699	-60.8384312451	
9.3	0.0	0.0	0.0 	0.0 	190.2 	14.0 	0.0 	0.0 	0.0 	-0.0 	14.0 	0.0 	0.0 	0.0 	9.82699901715	3.01414986809	147.093003536	-61.0008863045	
9.31666666667	0.0	0.0	0.0 	0.0 	190.433333333 	14.0 	0.0 	0.0 	0.0 	-0.0 	14.0 	0.0 	0.0 	0.0 	9.83070840996	3.01414986809	147.11382794	-61.1634026857	
9.33333333333	0.0	0.0	0.0 	0.0 	190.666666667 	14.0 	0.0 	0.0 	0.0 	-0.0 	14.0 	0.0 	0.0 	0.0 	9.8343957738	3.01414986809	147.134660154	-61.3259800247	
9.35	0.0	0.0	0.0 	0.0 	190.9 	14.0 	0.0 	0.0 	0.0 	-0.0 	14.0 	0.0 	0.0 	0.0 	9.83806123952	3.01414986809	147.155500133	-61.4886179592	
9.36666666667	0.0	0.0	0.0 	0.0 	191.133333333 	14.0 	0.0 	0.0 	0.0 	-0.0 	14.0 	0.0 	0.0 	0.0 	9.84170493714	3.01414986809	147.176347831	-61.6513161296	
9.38333333333	0.0	0.0	0.0 	0.0 	191.366666667 	14.0 	0.0 	0.0 	0.0 	-0.0 	14.0 	0.0 	0.0 	0.0 	9.84532699594	3.01414986809	147.197203201	-61.814074178	
9.4	0.0	0.0	0.0 	0.0 	191.6 	14.0 	0.0 	0.0 	0.0 	-0.0 	14.0 	0.0 	0.0 	0.0 	9.84892754443	3.01414986809	147.218066198	-61.9768917489	
9.41666666667	0.0	0.0	0.0 	0.0 	191.833333333 	14.0 	0.0 	0.0 	0.0 	-0.0 	14.0 	0.0 	0.0 	0.0 	9.85250671035	3.01414986809	147.238936777	-62.1397684888	
9.43333333333	0.0	0.0	0.0 	0.0 	192.066666667 	14.0 	0.0 	0.0 	0.0 	-0.0 	14.0 	0.0 	0.0 	0.0 	9.85606462069	3.01414986809	147.259814893	-62.3027040463	
9.45	0.0	0.0	0.0 	0.0 	192.3 	14.0 	0.0 	0.0 	0.0 	-0.0 	14.0 	0.0 	0.0 	0.0 	9.85960140168	3.01414986809	147.280700501	-62.4656980721	
9.46666666667	0.0	0.0	0.0 	0.0 	192.533333333 	14.0 	0.0 	0.0 	0.0 	-0.0 	14.0 	0.0 	0.0 	0.0 	9.8631171788	3.01414986809	147.301593556	-62.628750219	
9.48333333333	0.0	0.0	0.0 	0.0 	192.766666667 	14.0 	0.0 	0.0 	0.0 	-0.0 	14.0 	0.0 	0.0 	0.0 	9.86661207678	3.01414986809	147.322494014	-62.7918601418	
9.5	0.0	0.0	0.0 	0.0 	193.0 	14.0 	0.0 	0.0 	0.0 	-0.0 	14.0 	0.0 	0.0 	0.0 	9.87008621962	3.01414986809	147.343401832	-62.9550274974	
9.51666666667	0.0	0.0	0.0 	0.0 	193.233333333 	14.0 	0.0 	0.0 	0.0 	-0.0 	14.0 	0.0 	0.0 	0.0 	9.87353973057	3.01414986809	147.364316965	-63.1182519448	
9.53333333333	0.0	0.0	0.0 	0.0 	193.466666667 	14.0 	0.0 	0.0 	0.0 	-0.0 	14.0 	0.0 	0.0 	0.0 	9.87697273217	3.01414986809	147.38523937	-63.2815331448	
9.55	0.0	0.0	0.0 	0.0 	193.7 	14.0 	0.0 	0.0 	0.0 	-0.0 	14.0 	0.0 	0.0 	0.0 	9.88038534622	3.01414986809	147.406169004	-63.4448707604	
9.56666666667	0.0	0.0	0.0 	0.0 	193.933333333 	14.0 	0.0 	0.0 	0.0 	-0.0 	14.0 	0.0 	0.0 	0.0 	9.88377769378	3.01414986809	147.427105825	-63.6082644567	
9.58333333333	0.0	0.0	0.0 	0.0 	194.166666667 	14.0 	0.0 	0.0 	0.0 	-0.0 	14.0 	0.0 	0.0 	0.0 	9.88714989521	3.01414986809	147.448049788	-63.7717139005	
9.6	0.0	0.0	0.0 	0.0 	194.4 	14.0 	0.0 	0.0 	0.0 	-0.0 	14.0 	0.0 	0.0 	0.0 	9.89050207017	3.01414986809	147.469000853	-63.9352187607	
9.61666666667	0.0	0.0	0.0 	0.0 	194.633333333 	14.0 	0.0 	0.0 	0.0 	-0.0 	14.0 	0.0 	0.0 	0.0 	9.89383433756	3.01414986809	147.489958976	-64.0987787084	
9.63333333333	0.0	0.0	0.0 	0.0 	194.866666667 	14.0 	0.0 	0.0 	0.0 	-0.0 	14.0 	0.0 	0.0 	0.0 	9.89714681564	3.01414986809	147.510924116	-64.2623934163	
9.65	0.0	0.0	0.0 	0.0 	195.1 	14.0 	0.0 	0.0 	0.0 	-0.0 	14.0 	0.0 	0.0 	0.0 	9.9004396219	3.01414986809	147.531896232	-64.4260625593	
9.66666666667	0.0	0.0	0.0 	0.0 	195.333333333 	14.0 	0.0 	0.0 	0.0 	-0.0 	14.0 	0.0 	0.0 	0.0 	9.90371287319	3.01414986809	147.552875281	-64.589785814	
9.68333333333	0.0	0.0	0.0 	0.0 	195.566666667 	14.0 	0.0 	0.0 	0.0 	-0.0 	14.0 	0.0 	0.0 	0.0 	9.90696668563	3.01414986809	147.573861222	-64.7535628591	
9.7	0.0	0.0	0.0 	0.0 	195.8 	14.0 	0.0 	0.0 	0.0 	-0.0 	14.0 	0.0 	0.0 	0.0 	9.91020117466	3.01414986809	147.594854015	-64.9173933752	
9.71666666667	0.0	0.0	0.0 	0.0 	196.033333333 	14.0 	0.0 	0.0 	0.0 	-0.0 	14.0 	0.0 	0.0 	0.0 	9.91341645504	3.01414986809	147.61585362	-65.0812770447	
9.73333333333	0.0	0.0	0.0 	0.0 	196.266666667 	14.0 	0.0 	0.0 	0.0 	-0.0 	14.0 	0.0 	0.0 	0.0 	9.91661264085	3.01414986809	147.636859994	-65.245213552	
9.75	0.0	0.0	0.0 	0.0 	196.5 	14.0 	0.0 	0.0 	0.0 	-0.0 	14.0 	0.0 	0.0 	0.0 	9.91978984547	3.01414986809	147.657873099	-65.4092025832	
9.76666666667	0.0	0.0	0.0 	0.0 	196.733333333 	14.0 	0.0 	0.0 	0.0 	-0.0 	14.0 	0.0 	0.0 	0.0 	9.92294818164	3.01414986809	147.678892894	-65.5732438265	
9.78333333333	0.0	0.0	0.0 	0.0 	196.966666667 	14.0 	0.0 	0.0 	0.0 	-0.0 	14.0 	0.0 	0.0 	0.0 	9.9260877614	3.01414986809	147.69991934	-65.7373369717	
9.8	0.0	0.0	0.0 	0.0 	197.2 	14.0 	0.0 	0.0 	0.0 	-0.0 	14.0 	0.0 	0.0 	0.0 	9.92920869615	3.01414986809	147.720952397	-65.9014817107	
9.81666666667	0.0	0.0	0.0 	0.0 	197.433333333 	14.0 	0.0 	0.0 	0.0 	-0.0 	14.0 	0.0 	0.0 	0.0 	9.93231109661	3.01414986809	147.741992026	-66.065677737	
9.83333333333	0.0	0.0	0.0 	0.0 	197.666666667 	14.0 	0.0 	0.0 	0.0 	-0.0 	14.0 	0.0 	0.0 	0.0 	9.93539507286	3.01414986809	147.763038187	-66.2299247461	
9.85	0.0	0.0	0.0 	0.0 	197.9 	14.0 	0.0 	0.0 	0.0 	-0.0 	14.0 	0.0 	0.0 	0.0 	9.9384607343	3.01414986809	147.784090843	-66.3942224351	
9.86666666667	0.0	0.0	0.0 	0.0 	198.133333333 	14.0 	0.0 	0.0 	0.0 	-0.0 	14.0 	0.0 	0.0 	0.0 	9.94150818971	3.01414986809	147.805149953	-66.5585705032	
9.88333333333	0.0	0.0	0.0 	0.0 	198.366666667 	14.0 	0.0 	0.0 	0.0 	-0.0 	14.0 	0.0 	0.0 	0.0 	9.94453754721	3.01414986809	147.826215481	-66.7229686511	
9.9	0.0	0.0	0.0 	0.0 	198.6 	14.0 	0.0 	0.0 	0.0 	-0.0 	14.0 	0.0 	0.0 	0.0 	9.94754891426	3.01414986809	147.847287388	-66.8874165815	
9.91666666667	0.0	0.0	0.0 	0.0 	198.833333333 	14.0 	0.0 	0.0 	0.0 	-0.0 	14.0 	0.0 	0.0 	0.0 	9.95054239772	3.01414986809	147.868365636	-67.0519139986	
9.93333333333	0.0	0.0	0.0 	0.0 	199.066666667 	14.0 	0.0 	0.0 	0.0 	-0.0 	14.0 	0.0 	0.0 	0.0 	9.95351810379	3.01414986809	147.889450188	-67.2164606086	
9.95	0.0	0.0	0.0 	0.0 	199.3 	14.0 	0.0 	0.0 	0.0 	-0.0 	14.0 	0.0 	0.0 	0.0 	9.95647613804	3.01414986809	147.910541006	-67.3810561194	
9.96666666667	0.0	0.0	0.0 	0.0 	199.533333333 	14.0 	0.0 	0.0 	0.0 	-0.0 	14.0 	0.0 	0.0 	0.0 	9.95941660542	3.01414986809	147.931638052	-67.5457002405	
9.98333333333	0.0	0.0	0.0 	0.0 	199.766666667 	14.0 	0.0 	0.0 	0.0 	-0.0 	14.0 	0.0 	0.0 	0.0 	9.96233961025	3.01414986809	147.95274129	-67.7103926832	
