0.0166666666667	0.0	0.0	0.0 	0.0 	80.3666666667 	22.0 	0.0 	0.0 	0.0 	0.0 	22.0 	0.0 	0.0 	0.0 	0.0	-0.253225806452	160.0	-11.5483870968	
0.0333333333333	0.0	0.0	0.0 	0.0 	80.7333333333 	22.0 	0.0 	0.0 	0.0 	-0.0 	22.0 	0.0 	0.0 	0.0 	0.0	-0.253225806452	160.0	-11.5483870968	
0.05	0.0	0.0	0.0 	0.0 	81.1 	22.0 	0.0 	0.0 	0.0 	-0.0 	22.0 	0.0 	0.0 	0.0 	0.0	-0.253225806452	160.0	-11.5483870968	
0.0666666666667	0.0	0.0	0.0 	0.0 	81.4666666667 	22.0 	0.0 	0.0 	0.0 	-0.0 	22.0 	0.0 	0.0 	0.0 	0.0	-0.253225806452	160.0	-11.5483870968	
0.0833333333333	0.0	0.0	0.0 	0.0 	81.8333333333 	22.0 	0.0 	0.0 	0.0 	-0.0 	22.0 	0.0 	0.0 	0.0 	0.0	-0.253225806452	160.0	-11.5483870968	
0.1	0.0	0.0	0.0 	0.0 	82.2 	22.0 	0.0 	0.0 	0.0 	-0.0 	22.0 	0.0 	0.0 	0.0 	0.0	-0.253225806452	160.0	-11.5483870968	
0.116666666667	0.0	0.0	0.0 	0.0 	82.5666666667 	22.0 	0.0 	0.0 	0.0 	-0.0 	22.0 	0.0 	0.0 	0.0 	0.0	-0.253225806452	160.0	-11.5483870968	
0.133333333333	0.0	0.0	0.0 	0.0 	82.9333333333 	22.0 	0.0 	0.0 	0.0 	-0.0 	22.0 	0.0 	0.0 	0.0 	0.0	-0.253225806452	160.0	-11.5483870968	
0.15	0.0	0.0	0.0 	0.0 	83.3 	22.0 	0.0 	0.0 	0.0 	-0.0 	22.0 	0.0 	0.0 	0.0 	0.0	-0.253225806452	160.0	-11.5483870968	
0.166666666667	0.0	0.0	0.0 	0.0 	83.6666666667 	22.0 	0.0 	0.0 	0.0 	-0.0 	22.0 	0.0 	0.0 	0.0 	0.0	-0.253225806452	160.0	-11.5483870968	
0.183333333333	0.0	0.0	0.0 	0.0 	84.0333333333 	22.0 	0.0 	0.0 	0.0 	-0.0 	22.0 	0.0 	0.0 	0.0 	0.0	-0.253225806452	160.0	-11.5483870968	
0.2	0.0	0.0	0.0 	0.0 	84.4 	22.0 	0.0 	0.0 	0.0 	-0.0 	22.0 	0.0 	0.0 	0.0 	0.0	-0.253225806452	160.0	-11.5483870968	
0.216666666667	0.0	0.0	0.0 	0.0 	84.7666666667 	22.0 	0.0 	0.0 	0.0 	-0.0 	22.0 	0.0 	0.0 	0.0 	0.0	-0.253225806452	160.0	-11.5483870968	
0.233333333333	0.0	0.0	0.0 	0.0 	85.1333333333 	22.0 	0.0 	0.0 	0.0 	-0.0 	22.0 	0.0 	0.0 	0.0 	0.0	-0.253225806452	160.0	-11.5483870968	
0.25	0.0	0.0	0.0 	0.0 	85.5 	22.0 	0.0 	0.0 	0.0 	-0.0 	22.0 	0.0 	0.0 	0.0 	0.0	-0.253225806452	160.0	-11.5483870968	
0.266666666667	0.0	0.0	0.0 	0.0 	85.8666666667 	22.0 	0.0 	0.0 	0.0 	-0.0 	22.0 	0.0 	0.0 	0.0 	0.0	-0.253225806452	160.0	-11.5483870968	
0.283333333333	0.0	0.0	0.0 	0.0 	86.2333333333 	22.0 	0.0 	0.0 	0.0 	-0.0 	22.0 	0.0 	0.0 	0.0 	0.0	-0.253225806452	160.0	-11.5483870968	
0.3	0.0	0.0	0.0 	0.0 	86.6 	22.0 	0.0 	0.0 	0.0 	-0.0 	22.0 	0.0 	0.0 	0.0 	0.0	-0.253225806452	160.0	-11.5483870968	
0.316666666667	0.0	0.0	0.0 	0.0 	86.9666666667 	22.0 	0.0 	0.0 	0.0 	-0.0 	22.0 	0.0 	0.0 	0.0 	0.0	-0.253225806452	160.0	-11.5483870968	
0.333333333333	0.0	0.0	0.0 	0.0 	87.3333333333 	22.0 	0.0 	0.0 	0.0 	-0.0 	22.0 	0.0 	0.0 	0.0 	0.0	-0.253225806452	160.0	-11.5483870968	
0.35	0.0	0.0	0.0 	0.0 	87.7 	22.0 	0.0 	0.0 	0.0 	-0.0 	22.0 	0.0 	0.0 	0.0 	0.0	-0.253225806452	160.0	-11.5483870968	
0.366666666667	0.0	0.0	0.0 	0.0 	88.0666666667 	22.0 	0.0 	0.0 	0.0 	-0.0 	22.0 	0.0 	0.0 	0.0 	0.0	-0.253225806452	160.0	-11.5483870968	
0.383333333333	0.0	0.0	0.0 	0.0 	88.4333333333 	22.0 	0.0 	0.0 	0.0 	-0.0 	22.0 	0.0 	0.0 	0.0 	0.0	-0.253225806452	160.0	-11.5483870968	
0.4	0.0	0.0	0.0 	0.0 	88.8 	22.0 	0.0 	0.0 	0.0 	-0.0 	22.0 	0.0 	0.0 	0.0 	0.0	-0.253225806452	160.0	-11.5483870968	
0.416666666667	0.0	0.0	0.0 	0.0 	89.1666666667 	22.0 	0.0 	0.0 	0.0 	-0.0 	22.0 	0.0 	0.0 	0.0 	0.0	-0.253225806452	160.0	-11.5483870968	
0.433333333333	0.0	0.0	0.0 	0.0 	89.5333333333 	22.0 	0.0 	0.0 	0.0 	-0.0 	22.0 	0.0 	0.0 	0.0 	0.0	-0.253225806452	160.0	-11.5483870968	
0.45	0.0	0.0	0.0 	0.0 	89.9 	22.0 	0.0 	0.0 	0.0 	-0.0 	22.0 	0.0 	0.0 	0.0 	0.0	-0.253225806452	160.0	-11.5483870968	
0.466666666667	0.0	0.0	0.0 	0.0 	90.2666666667 	22.0 	0.0 	0.0 	0.0 	-0.0 	22.0 	0.0 	0.0 	0.0 	0.0	-0.253225806452	160.0	-11.5483870968	
0.483333333333	0.0	0.0	0.0 	0.0 	90.6333333333 	22.0 	0.0 	0.0 	0.0 	-0.0 	22.0 	0.0 	0.0 	0.0 	0.0	-0.253225806452	160.0	-11.5483870968	
0.5	0.0	0.0	0.0 	0.0 	91.0 	22.0 	0.0 	0.0 	0.0 	-0.0 	22.0 	0.0 	0.0 	0.0 	0.0	-0.253225806452	160.0	-11.5483870968	
0.516666666667	0.0	0.0	0.0 	0.0 	91.3666666667 	22.0 	0.0 	0.0 	0.0 	-0.0 	22.0 	0.0 	0.0 	0.0 	0.0	-0.253225806452	160.0	-11.5483870968	
0.533333333333	0.0	0.0	0.0 	0.0 	91.7333333333 	22.0 	0.0 	0.0 	0.0 	-0.0 	22.0 	0.0 	0.0 	0.0 	0.0	-0.253225806452	160.0	-11.5483870968	
0.55	0.0	0.0	0.0 	0.0 	92.1 	22.0 	0.0 	0.0 	0.0 	-0.0 	22.0 	0.0 	0.0 	0.0 	0.0	-0.253225806452	160.0	-11.5483870968	
0.566666666667	0.0	0.0	0.0 	0.0 	92.4666666667 	22.0 	0.0 	0.0 	0.0 	-0.0 	22.0 	0.0 	0.0 	0.0 	0.0	-0.253225806452	160.0	-11.5483870968	
0.583333333333	0.0	0.0	0.0 	0.0 	92.8333333333 	22.0 	0.0 	0.0 	0.0 	-0.0 	22.0 	0.0 	0.0 	0.0 	0.0	-0.253225806452	160.0	-11.5483870968	
0.6	0.0	0.0	0.0 	0.0 	93.2 	22.0 	0.0 	0.0 	0.0 	-0.0 	22.0 	0.0 	0.0 	0.0 	0.0	-0.253225806452	160.0	-11.5483870968	
0.616666666667	0.0	0.0	0.0 	0.0 	93.5666666667 	22.0 	0.0 	0.0 	0.0 	-0.0 	22.0 	0.0 	0.0 	0.0 	0.0	-0.253225806452	160.0	-11.5483870968	
0.633333333333	0.0	0.0	0.0 	0.0 	93.9333333333 	22.0 	0.0 	0.0 	0.0 	-0.0 	22.0 	0.0 	0.0 	0.0 	0.0	-0.253225806452	160.0	-11.5483870968	
0.65	0.0	0.0	0.0 	0.0 	94.3 	22.0 	0.0 	0.0 	0.0 	-0.0 	22.0 	0.0 	0.0 	0.0 	0.0	-0.253225806452	160.0	-11.5483870968	
0.666666666667	0.0	0.0	0.0 	0.0 	94.6666666667 	22.0 	0.0 	0.0 	0.0 	-0.0 	22.0 	0.0 	0.0 	0.0 	0.0	-0.253225806452	160.0	-11.5483870968	
0.683333333333	0.0	0.0	0.0 	0.0 	95.0333333333 	22.0 	0.0 	0.0 	0.0 	-0.0 	22.0 	0.0 	0.0 	0.0 	0.0	-0.253225806452	160.0	-11.5483870968	
0.7	0.0	0.0	0.0 	0.0 	95.4 	22.0 	0.0 	0.0 	0.0 	-0.0 	22.0 	0.0 	0.0 	0.0 	0.0	-0.253225806452	160.0	-11.5483870968	
0.716666666667	0.0	0.0	0.0 	0.0 	95.7666666667 	22.0 	0.0 	0.0 	0.0 	-0.0 	22.0 	0.0 	0.0 	0.0 	0.0	-0.253225806452	160.0	-11.5483870968	
0.733333333333	0.0	0.0	0.0 	0.0 	96.1333333333 	22.0 	0.0 	0.0 	0.0 	-0.0 	22.0 	0.0 	0.0 	0.0 	0.0	-0.253225806452	160.0	-11.5483870968	
0.75	0.0	0.0	0.0 	0.0 	96.5 	22.0 	0.0 	0.0 	0.0 	-0.0 	22.0 	0.0 	0.0 	0.0 	0.0	-0.253225806452	160.0	-11.5483870968	
0.766666666667	0.0	0.0	0.0 	0.0 	96.8666666667 	22.0 	0.0 	0.0 	0.0 	-0.0 	22.0 	0.0 	0.0 	0.0 	0.0	-0.253225806452	160.0	-11.5483870968	
0.783333333333	0.0	0.0	0.0 	0.0 	97.2333333333 	22.0 	0.0 	0.0 	0.0 	-0.0 	22.0 	0.0 	0.0 	0.0 	0.0	-0.253225806452	160.0	-11.5483870968	
0.8	0.0	0.0	0.0 	0.0 	97.6 	22.0 	0.0 	0.0 	0.0 	-0.0 	22.0 	0.0 	0.0 	0.0 	0.0	-0.253225806452	160.0	-11.5483870968	
0.816666666667	0.0	0.0	0.0 	0.0 	97.9666666667 	22.0 	0.0 	0.0 	0.0 	-0.0 	22.0 	0.0 	0.0 	0.0 	0.0	-0.253225806452	160.0	-11.5483870968	
0.833333333333	0.0	0.0	0.0 	0.0 	98.3333333333 	22.0 	0.0 	0.0 	0.0 	-0.0 	22.0 	0.0 	0.0 	0.0 	0.0	-0.253225806452	160.0	-11.5483870968	
0.85	0.0	0.0	0.0 	0.0 	98.7 	22.0 	0.0 	0.0 	0.0 	-0.0 	22.0 	0.0 	0.0 	0.0 	0.0	-0.253225806452	160.0	-11.5483870968	
0.866666666667	0.0	0.0	0.0 	0.0 	99.0666666667 	22.0 	0.0 	0.0 	0.0 	-0.0 	22.0 	0.0 	0.0 	0.0 	0.0	-0.253225806452	160.0	-11.5483870968	
0.883333333333	0.0	0.0	0.0 	0.0 	99.4333333333 	22.0 	0.0 	0.0 	0.0 	-0.0 	22.0 	0.0 	0.0 	0.0 	0.0	-0.253225806452	160.0	-11.5483870968	
0.9	0.0	0.0	0.0 	0.0 	99.8 	22.0 	0.0 	0.0 	0.0 	-0.0 	22.0 	0.0 	0.0 	0.0 	0.0	-0.253225806452	160.0	-11.5483870968	
0.916666666667	0.0	0.0	0.0 	0.0 	100.166666667 	22.0 	0.0 	0.0 	0.0 	-0.0 	22.0 	0.0 	0.0 	0.0 	0.030944254835	0.0914250657789	160.000047086	-11.5478735131	
0.933333333333	0.0	0.0	0.0 	0.0 	100.533333333 	22.0 	0.0 	0.0 	0.0 	-0.0 	22.0 	0.0 	0.0 	0.0 	0.0617793774858	0.378634125971	160.0004277	-11.546916787	
0.95	0.0	0.0	0.0 	0.0 	100.9 	22.0 	0.0 	0.0 	0.0 	-0.0 	22.0 	0.0 	0.0 	0.0 	0.0925057528325	0.617975009464	160.001320975	-11.5456601682	
0.966666666667	0.0	0.0	0.0 	0.0 	101.266666667 	22.0 	0.0 	0.0 	0.0 	-0.0 	22.0 	0.0 	0.0 	0.0 	0.123123764398	0.817425745709	160.002817724	-11.5442563498	
0.983333333333	0.0	0.0	0.0 	0.0 	101.633333333 	22.0 	0.0 	0.0 	0.0 	-0.0 	22.0 	0.0 	0.0 	0.0 	0.153633794353	0.976264042697	160.004938921	-11.5428221237	
1.0	0.0	0.0	0.0 	0.0 	102.0 	22.0 	0.0 	0.0 	0.0 	-0.0 	22.0 	0.0 	0.0 	0.0 	0.18403622352	1.10355875112	160.007677429	-11.5414405586	
1.01666666667	0.0	0.0	0.0 	0.0 	102.366666667 	22.0 	0.0 	0.0 	0.0 	-0.0 	22.0 	0.0 	0.0 	0.0 	0.214331431378	1.20982461923	160.011019407	-11.5401789199	
1.03333333333	0.0	0.0	0.0 	0.0 	102.733333333 	22.0 	0.0 	0.0 	0.0 	-0.0 	22.0 	0.0 	0.0 	0.0 	0.244519796068	1.30107007459	160.014947388	-11.5390929765	
1.05	0.0	0.0	0.0 	0.0 	103.1 	22.0 	0.0 	0.0 	0.0 	-0.0 	22.0 	0.0 	0.0 	0.0 	0.274601694398	1.38105038445	160.019441942	-11.5382297688	
1.06666666667	0.0	0.0	0.0 	0.0 	103.466666667 	22.0 	0.0 	0.0 	0.0 	-0.0 	22.0 	0.0 	0.0 	0.0 	0.304577501847	1.45226906028	160.024482617	-11.5376294977	
1.08333333333	0.0	0.0	0.0 	0.0 	103.833333333 	22.0 	0.0 	0.0 	0.0 	-0.0 	22.0 	0.0 	0.0 	0.0 	0.334447592568	1.51267078806	160.03004733	-11.537305681	
1.1	0.0	0.0	0.0 	0.0 	104.2 	22.0 	0.0 	0.0 	0.0 	-0.0 	22.0 	0.0 	0.0 	0.0 	0.364212339398	1.5630055612	160.036117352	-11.5372583899	
1.11666666667	0.0	0.0	0.0 	0.0 	104.566666667 	22.0 	0.0 	0.0 	0.0 	-0.0 	22.0 	0.0 	0.0 	0.0 	0.393872113855	1.60495120549	160.042678058	-11.5374825572	
1.13333333333	0.0	0.0	0.0 	0.0 	104.933333333 	22.0 	0.0 	0.0 	0.0 	-0.0 	22.0 	0.0 	0.0 	0.0 	0.42342728615	1.63990590906	160.049718334	-11.5379698838	
1.15	0.0	0.0	0.0 	0.0 	105.3 	22.0 	0.0 	0.0 	0.0 	-0.0 	22.0 	0.0 	0.0 	0.0 	0.452878225186	1.66903482871	160.057229911	-11.538710193	
1.16666666667	0.0	0.0	0.0 	0.0 	105.666666667 	22.0 	0.0 	0.0 	0.0 	-0.0 	22.0 	0.0 	0.0 	0.0 	0.482225298567	1.69330892841	160.065206759	-11.5396923763	
1.18333333333	0.0	0.0	0.0 	0.0 	106.033333333 	22.0 	0.0 	0.0 	0.0 	-0.0 	22.0 	0.0 	0.0 	0.0 	0.511468872599	1.71353734483	160.073644545	-11.5409050416	
1.2	0.0	0.0	0.0 	0.0 	106.4 	22.0 	0.0 	0.0 	0.0 	-0.0 	22.0 	0.0 	0.0 	0.0 	0.540609312298	1.73039435852	160.082540192	-11.5423369477	
1.21666666667	0.0	0.0	0.0 	0.0 	106.766666667 	22.0 	0.0 	0.0 	0.0 	-0.0 	22.0 	0.0 	0.0 	0.0 	0.56964698139	1.74444186992	160.091891531	-11.5439772862	
1.23333333333	0.0	0.0	0.0 	0.0 	107.133333333 	22.0 	0.0 	0.0 	0.0 	-0.0 	22.0 	0.0 	0.0 	0.0 	0.59858224232	1.75614812942	160.101697021	-11.5458158547	
1.25	0.0	0.0	0.0 	0.0 	107.5 	22.0 	0.0 	0.0 	0.0 	-0.0 	22.0 	0.0 	0.0 	0.0 	0.627415456255	1.76590334567	160.111955545	-11.5478431545	
1.26666666667	0.0	0.0	0.0 	0.0 	107.866666667 	22.0 	0.0 	0.0 	0.0 	-0.0 	22.0 	0.0 	0.0 	0.0 	0.656146983087	1.77403269255	160.122666253	-11.5500504345	
1.28333333333	0.0	0.0	0.0 	0.0 	108.233333333 	22.0 	0.0 	0.0 	0.0 	-0.0 	22.0 	0.0 	0.0 	0.0 	0.68477718144	1.78080714828	160.133828448	-11.5524296983	
1.3	0.0	0.0	0.0 	0.0 	108.6 	22.0 	0.0 	0.0 	0.0 	-0.0 	22.0 	0.0 	0.0 	0.0 	0.713306408673	1.78645252805	160.145441507	-11.5549736875	
1.31666666667	0.0	0.0	0.0 	0.0 	108.966666667 	22.0 	0.0 	0.0 	0.0 	-0.0 	22.0 	0.0 	0.0 	0.0 	0.741735020884	1.7911570112	160.157504822	-11.557675848	
1.33333333333	0.0	0.0	0.0 	0.0 	109.333333333 	22.0 	0.0 	0.0 	0.0 	-0.0 	22.0 	0.0 	0.0 	0.0 	0.770063372915	1.79507741382	160.170017764	-11.560530287	
1.35	0.0	0.0	0.0 	0.0 	109.7 	22.0 	0.0 	0.0 	0.0 	-0.0 	22.0 	0.0 	0.0 	0.0 	0.798291818357	1.79834441601	160.182979661	-11.5635317245	
1.36666666667	0.0	0.0	0.0 	0.0 	110.066666667 	22.0 	0.0 	0.0 	0.0 	-0.0 	22.0 	0.0 	0.0 	0.0 	0.826420709555	1.80106691783	160.196389779	-11.5666754423	
1.38333333333	0.0	0.0	0.0 	0.0 	110.433333333 	22.0 	0.0 	0.0 	0.0 	-0.0 	22.0 	0.0 	0.0 	0.0 	0.85445039761	1.80333566935	160.210247317	-11.5699572334	
1.4	0.0	0.0	0.0 	0.0 	110.8 	22.0 	0.0 	0.0 	0.0 	-0.0 	22.0 	0.0 	0.0 	0.0 	0.882381232386	1.80522629561	160.224551407	-11.5733733515	
1.41666666667	0.0	0.0	0.0 	0.0 	111.166666667 	22.0 	0.0 	0.0 	0.0 	-0.0 	22.0 	0.0 	0.0 	0.0 	0.91021356251	1.8068018175	160.23930111	-11.5769204647	
1.43333333333	0.0	0.0	0.0 	0.0 	111.533333333 	22.0 	0.0 	0.0 	0.0 	-0.0 	22.0 	0.0 	0.0 	0.0 	0.937947735384	1.8081147524	160.254495424	-11.5805956106	
1.45	0.0	0.0	0.0 	0.0 	111.9 	22.0 	0.0 	0.0 	0.0 	-0.0 	22.0 	0.0 	0.0 	0.0 	0.965584097182	1.80920886482	160.270133285	-11.5843961555	
1.46666666667	0.0	0.0	0.0 	0.0 	112.266666667 	22.0 	0.0 	0.0 	0.0 	-0.0 	22.0 	0.0 	0.0 	0.0 	0.993122992858	1.81012062518	160.286213575	-11.5883197566	
1.48333333333	0.0	0.0	0.0 	0.0 	112.633333333 	22.0 	0.0 	0.0 	0.0 	-0.0 	22.0 	0.0 	0.0 	0.0 	1.02056476615	1.81088042547	160.302735123	-11.5923643282	
1.5	0.0	0.0	0.0 	0.0 	113.0 	22.0 	0.0 	0.0 	0.0 	-0.0 	22.0 	0.0 	0.0 	0.0 	1.04790975958	1.81151359238	160.319696717	-11.5965280102	
1.51666666667	0.0	0.0	0.0 	0.0 	113.366666667 	22.0 	0.0 	0.0 	0.0 	-0.0 	22.0 	0.0 	0.0 	0.0 	1.07515831446	1.81204123147	160.337097103	-11.6008091413	
1.53333333333	0.0	0.0	0.0 	0.0 	113.733333333 	22.0 	0.0 	0.0 	0.0 	-0.0 	22.0 	0.0 	0.0 	0.0 	1.10231077092	1.81248093071	160.354934992	-11.6052062334	
1.55	0.0	0.0	0.0 	0.0 	114.1 	22.0 	0.0 	0.0 	0.0 	-0.0 	22.0 	0.0 	0.0 	0.0 	1.12936746786	1.81284734675	160.373209069	-11.6097179502	
1.56666666667	0.0	0.0	0.0 	0.0 	114.466666667 	22.0 	0.0 	0.0 	0.0 	-0.0 	22.0 	0.0 	0.0 	0.0 	1.156328743	1.81315269345	160.391917989	-11.6143430878	
1.58333333333	0.0	0.0	0.0 	0.0 	114.833333333 	22.0 	0.0 	0.0 	0.0 	-0.0 	22.0 	0.0 	0.0 	0.0 	1.18319493287	1.81340714903	160.411060389	-11.619080557	
1.6	0.0	0.0	0.0 	0.0 	115.2 	22.0 	0.0 	0.0 	0.0 	-0.0 	22.0 	0.0 	0.0 	0.0 	1.20996637281	1.81361919535	160.430634884	-11.6239293689	
1.61666666667	0.0	0.0	0.0 	0.0 	115.566666667 	22.0 	0.0 	0.0 	0.0 	-0.0 	22.0 	0.0 	0.0 	0.0 	1.23664339698	1.81379590061	160.450640077	-11.6288886212	
1.63333333333	0.0	0.0	0.0 	0.0 	115.933333333 	22.0 	0.0 	0.0 	0.0 	-0.0 	22.0 	0.0 	0.0 	0.0 	1.26322633836	1.813943155	160.471074556	-11.6339574869	
1.65	0.0	0.0	0.0 	0.0 	116.3 	22.0 	0.0 	0.0 	0.0 	-0.0 	22.0 	0.0 	0.0 	0.0 	1.28971552875	1.81406586699	160.4919369	-11.6391352042	
1.66666666667	0.0	0.0	0.0 	0.0 	116.666666667 	22.0 	0.0 	0.0 	0.0 	-0.0 	22.0 	0.0 	0.0 	0.0 	1.31611129878	1.81416812698	160.513225679	-11.6444210675	
1.68333333333	0.0	0.0	0.0 	0.0 	117.033333333 	22.0 	0.0 	0.0 	0.0 	-0.0 	22.0 	0.0 	0.0 	0.0 	1.34241397793	1.81425334364	160.534939459	-11.64981442	
1.7	0.0	0.0	0.0 	0.0 	117.4 	22.0 	0.0 	0.0 	0.0 	-0.0 	22.0 	0.0 	0.0 	0.0 	1.36862389451	1.81432435752	160.557076797	-11.6553146468	
1.71666666667	0.0	0.0	0.0 	0.0 	117.766666667 	22.0 	0.0 	0.0 	0.0 	-0.0 	22.0 	0.0 	0.0 	0.0 	1.39474137565	1.81438353575	160.579636252	-11.6609211697	
1.73333333333	0.0	0.0	0.0 	0.0 	118.133333333 	22.0 	0.0 	0.0 	0.0 	-0.0 	22.0 	0.0 	0.0 	0.0 	1.42076674737	1.81443285095	160.602616376	-11.6666334415	
1.75	0.0	0.0	0.0 	0.0 	118.5 	22.0 	0.0 	0.0 	0.0 	-0.0 	22.0 	0.0 	0.0 	0.0 	1.44670033449	1.81447394695	160.626015723	-11.6724509424	
1.76666666667	0.0	0.0	0.0 	0.0 	118.866666667 	22.0 	0.0 	0.0 	0.0 	-0.0 	22.0 	0.0 	0.0 	0.0 	1.47254246073	1.81450819361	160.649832844	-11.6783731758	
1.78333333333	0.0	0.0	0.0 	0.0 	119.233333333 	22.0 	0.0 	0.0 	0.0 	-0.0 	22.0 	0.0 	0.0 	0.0 	1.49829344864	1.8145367325	160.674066295	-11.6843996655	
1.8	0.0	0.0	0.0 	0.0 	119.6 	22.0 	0.0 	0.0 	0.0 	-0.0 	22.0 	0.0 	0.0 	0.0 	1.52395361964	1.8145605149	160.698714627	-11.6905299526	
1.81666666667	0.0	0.0	0.0 	0.0 	119.966666667 	22.0 	0.0 	0.0 	0.0 	-0.0 	22.0 	0.0 	0.0 	0.0 	1.54952329402	1.81458033357	160.723776399	-11.6967635936	
1.83333333333	0.0	0.0	0.0 	0.0 	120.333333333 	22.0 	0.0 	0.0 	0.0 	-0.0 	22.0 	0.0 	0.0 	0.0 	1.57500279093	1.81459684913	160.749250168	-11.7031001577	
1.85	0.0	0.0	0.0 	0.0 	120.7 	22.0 	0.0 	0.0 	0.0 	-0.0 	22.0 	0.0 	0.0 	0.0 	1.60039242842	1.8146106121	160.775134495	-11.7095392259	
1.86666666667	0.0	0.0	0.0 	0.0 	121.066666667 	22.0 	0.0 	0.0 	0.0 	-0.0 	22.0 	0.0 	0.0 	0.0 	1.62569252338	1.81462208124	160.801427944	-11.7160803889	
1.88333333333	0.0	0.0	0.0 	0.0 	121.433333333 	22.0 	0.0 	0.0 	0.0 	-0.0 	22.0 	0.0 	0.0 	0.0 	1.65090339161	1.81463163885	160.828129082	-11.7227232459	
1.9	0.0	0.0	0.0 	0.0 	121.8 	22.0 	0.0 	0.0 	0.0 	-0.0 	22.0 	0.0 	0.0 	0.0 	1.6760253478	1.81463960353	160.85523648	-11.7294674038	
1.91666666667	0.0	0.0	0.0 	0.0 	122.166666667 	22.0 	0.0 	0.0 	0.0 	-0.0 	22.0 	0.0 	0.0 	0.0 	1.7010587055	1.81464624077	160.882748713	-11.736312476	
1.93333333333	0.0	0.0	0.0 	0.0 	122.533333333 	22.0 	0.0 	0.0 	0.0 	-0.0 	22.0 	0.0 	0.0 	0.0 	1.72600377719	1.81465177179	160.910664359	-11.7432580818	
1.95	0.0	0.0	0.0 	0.0 	122.9 	22.0 	0.0 	0.0 	0.0 	-0.0 	22.0 	0.0 	0.0 	0.0 	1.75086087422	1.81465638098	160.938982001	-11.7503038454	
1.96666666667	0.0	0.0	0.0 	0.0 	123.266666667 	22.0 	0.0 	0.0 	0.0 	-0.0 	22.0 	0.0 	0.0 	0.0 	1.77563030686	1.81466022198	160.967700225	-11.7574493958	
1.98333333333	0.0	0.0	0.0 	0.0 	123.633333333 	22.0 	0.0 	0.0 	0.0 	-0.0 	22.0 	0.0 	0.0 	0.0 	1.80031238427	1.8146634228	160.996817622	-11.7646943659	
2.0	0.0	0.0	0.0 	0.0 	124.0 	22.0 	0.0 	0.0 	0.0 	-0.0 	22.0 	0.0 	0.0 	0.0 	1.82490741455	1.81466609016	161.026332788	-11.772038392	
2.01666666667	0.0	0.0	0.0 	0.0 	124.366666667 	22.0 	0.0 	0.0 	0.0 	-0.0 	22.0 	0.0 	0.0 	0.0 	1.84941570466	1.81466831295	161.056244323	-11.7794811141	
2.03333333333	0.0	0.0	0.0 	0.0 	124.733333333 	22.0 	0.0 	0.0 	0.0 	-0.0 	22.0 	0.0 	0.0 	0.0 	1.87383756054	1.81467016528	161.08655083	-11.7870221747	
2.05	0.0	0.0	0.0 	0.0 	125.1 	22.0 	0.0 	0.0 	0.0 	-0.0 	22.0 	0.0 	0.0 	0.0 	1.89817328701	1.81467170889	161.11725092	-11.7946612193	
2.06666666667	0.0	0.0	0.0 	0.0 	125.466666667 	22.0 	0.0 	0.0 	0.0 	-0.0 	22.0 	0.0 	0.0 	0.0 	1.92242318781	1.81467299523	161.148343205	-11.8023978956	
2.08333333333	0.0	0.0	0.0 	0.0 	125.833333333 	22.0 	0.0 	0.0 	0.0 	-0.0 	22.0 	0.0 	0.0 	0.0 	1.94658756565	1.81467406718	161.179826304	-11.8102318538	
2.1	0.0	0.0	0.0 	0.0 	126.2 	22.0 	0.0 	0.0 	0.0 	-0.0 	22.0 	0.0 	0.0 	0.0 	1.97066672213	1.81467496047	161.21169884	-11.8181627459	
2.11666666667	0.0	0.0	0.0 	0.0 	126.566666667 	22.0 	0.0 	0.0 	0.0 	-0.0 	22.0 	0.0 	0.0 	0.0 	1.99466095781	1.81467570488	161.24395944	-11.8261902262	
2.13333333333	0.0	0.0	0.0 	0.0 	126.933333333 	22.0 	0.0 	0.0 	0.0 	-0.0 	22.0 	0.0 	0.0 	0.0 	2.01857057218	1.81467632522	161.276606737	-11.8343139506	
2.15	0.0	0.0	0.0 	0.0 	127.3 	22.0 	0.0 	0.0 	0.0 	-0.0 	22.0 	0.0 	0.0 	0.0 	2.04239586368	1.81467684218	161.309639367	-11.8425335768	
2.16666666667	0.0	0.0	0.0 	0.0 	127.666666667 	22.0 	0.0 	0.0 	0.0 	-0.0 	22.0 	0.0 	0.0 	0.0 	2.06613712969	1.81467727297	161.343055972	-11.8508487642	
2.18333333333	0.0	0.0	0.0 	0.0 	128.033333333 	22.0 	0.0 	0.0 	0.0 	-0.0 	22.0 	0.0 	0.0 	0.0 	2.08979466654	1.81467763196	161.376855199	-11.8592591737	
2.2	0.0	0.0	0.0 	0.0 	128.4 	22.0 	0.0 	0.0 	0.0 	-0.0 	22.0 	0.0 	0.0 	0.0 	2.11336876954	1.81467793112	161.411035698	-11.8677644677	
2.21666666667	0.0	0.0	0.0 	0.0 	128.766666667 	22.0 	0.0 	0.0 	0.0 	-0.0 	22.0 	0.0 	0.0 	0.0 	2.13685973292	1.81467818042	161.445596125	-11.8763643102	
2.23333333333	0.0	0.0	0.0 	0.0 	129.133333333 	22.0 	0.0 	0.0 	0.0 	-0.0 	22.0 	0.0 	0.0 	0.0 	2.16026784991	1.81467838818	161.480535141	-11.8850583665	
2.25	0.0	0.0	0.0 	0.0 	129.5 	22.0 	0.0 	0.0 	0.0 	-0.0 	22.0 	0.0 	0.0 	0.0 	2.18359341267	1.8146785613	161.51585141	-11.8938463032	
2.26666666667	0.0	0.0	0.0 	0.0 	129.866666667 	22.0 	0.0 	0.0 	0.0 	-0.0 	22.0 	0.0 	0.0 	0.0 	2.20683671235	1.81467870557	161.551543603	-11.9027277885	
2.28333333333	0.0	0.0	0.0 	0.0 	130.233333333 	22.0 	0.0 	0.0 	0.0 	-0.0 	22.0 	0.0 	0.0 	0.0 	2.22999803907	1.8146788258	161.587610394	-11.9117024916	
2.3	0.0	0.0	0.0 	0.0 	130.6 	22.0 	0.0 	0.0 	0.0 	-0.0 	22.0 	0.0 	0.0 	0.0 	2.25307768194	1.81467892599	161.624050461	-11.9207700831	
2.31666666667	0.0	0.0	0.0 	0.0 	130.966666667 	22.0 	0.0 	0.0 	0.0 	-0.0 	22.0 	0.0 	0.0 	0.0 	2.27607592902	1.81467900948	161.660862489	-11.929930235	
2.33333333333	0.0	0.0	0.0 	0.0 	131.333333333 	22.0 	0.0 	0.0 	0.0 	-0.0 	22.0 	0.0 	0.0 	0.0 	2.29899306738	1.81467907905	161.698045166	-11.9391826203	
2.35	0.0	0.0	0.0 	0.0 	131.7 	22.0 	0.0 	0.0 	0.0 	-0.0 	22.0 	0.0 	0.0 	0.0 	2.32182938307	1.81467913703	161.735597185	-11.9485269135	
2.36666666667	0.0	0.0	0.0 	0.0 	132.066666667 	22.0 	0.0 	0.0 	0.0 	-0.0 	22.0 	0.0 	0.0 	0.0 	2.34458516113	1.81467918535	161.773517243	-11.95796279	
2.38333333333	0.0	0.0	0.0 	0.0 	132.433333333 	22.0 	0.0 	0.0 	0.0 	-0.0 	22.0 	0.0 	0.0 	0.0 	2.36726068559	1.81467922561	161.811804042	-11.9674899266	
2.4	0.0	0.0	0.0 	0.0 	132.8 	22.0 	0.0 	0.0 	0.0 	-0.0 	22.0 	0.0 	0.0 	0.0 	2.38985623949	1.81467925917	161.850456289	-11.9771080012	
2.41666666667	0.0	0.0	0.0 	0.0 	133.166666667 	22.0 	0.0 	0.0 	0.0 	-0.0 	22.0 	0.0 	0.0 	0.0 	2.41237210485	1.81467928713	161.889472695	-11.9868166929	
2.43333333333	0.0	0.0	0.0 	0.0 	133.533333333 	22.0 	0.0 	0.0 	0.0 	-0.0 	22.0 	0.0 	0.0 	0.0 	2.43480856273	1.81467931043	161.928851977	-11.996615682	
2.45	0.0	0.0	0.0 	0.0 	133.9 	22.0 	0.0 	0.0 	0.0 	-0.0 	22.0 	0.0 	0.0 	0.0 	2.45716589317	1.81467932985	161.968592853	-12.0065046499	
2.46666666667	0.0	0.0	0.0 	0.0 	134.266666667 	22.0 	0.0 	0.0 	0.0 	-0.0 	22.0 	0.0 	0.0 	0.0 	2.47944437523	1.81467934603	162.00869405	-12.0164832791	
2.48333333333	0.0	0.0	0.0 	0.0 	134.633333333 	22.0 	0.0 	0.0 	0.0 	-0.0 	22.0 	0.0 	0.0 	0.0 	2.50164428699	1.81467935951	162.049154295	-12.0265512533	
2.5	0.0	0.0	0.0 	0.0 	135.0 	22.0 	0.0 	0.0 	0.0 	-0.0 	22.0 	0.0 	0.0 	0.0 	2.52376590555	1.81467937075	162.089972324	-12.0367082574	
2.51666666667	0.0	0.0	0.0 	0.0 	135.366666667 	22.0 	0.0 	0.0 	0.0 	-0.0 	22.0 	0.0 	0.0 	0.0 	2.54580950702	1.81467938011	162.131146874	-12.0469539774	
2.53333333333	0.0	0.0	0.0 	0.0 	135.733333333 	22.0 	0.0 	0.0 	0.0 	-0.0 	22.0 	0.0 	0.0 	0.0 	2.56777536655	1.81467938791	162.172676688	-12.0572881002	
2.55	0.0	0.0	0.0 	0.0 	136.1 	22.0 	0.0 	0.0 	0.0 	-0.0 	22.0 	0.0 	0.0 	0.0 	2.58966375832	1.81467939442	162.214560513	-12.067710314	
2.56666666667	0.0	0.0	0.0 	0.0 	136.466666667 	22.0 	0.0 	0.0 	0.0 	-0.0 	22.0 	0.0 	0.0 	0.0 	2.61147495553	1.81467939984	162.2567971	-12.0782203082	
2.58333333333	0.0	0.0	0.0 	0.0 	136.833333333 	22.0 	0.0 	0.0 	0.0 	-0.0 	22.0 	0.0 	0.0 	0.0 	2.63320923043	1.81467940435	162.299385206	-12.0888177731	
2.6	0.0	0.0	0.0 	0.0 	137.2 	22.0 	0.0 	0.0 	0.0 	-0.0 	22.0 	0.0 	0.0 	0.0 	2.6548668543	1.81467940812	162.342323591	-12.0995024002	
2.61666666667	0.0	0.0	0.0 	0.0 	137.566666667 	22.0 	0.0 	0.0 	0.0 	-0.0 	22.0 	0.0 	0.0 	0.0 	2.67644809748	1.81467941125	162.385611018	-12.1102738821	
2.63333333333	0.0	0.0	0.0 	0.0 	137.933333333 	22.0 	0.0 	0.0 	0.0 	-0.0 	22.0 	0.0 	0.0 	0.0 	2.69795322933	1.81467941387	162.429246258	-12.1211319124	
2.65	0.0	0.0	0.0 	0.0 	138.3 	22.0 	0.0 	0.0 	0.0 	-0.0 	22.0 	0.0 	0.0 	0.0 	2.71938251828	1.81467941604	162.473228084	-12.132076186	
2.66666666667	0.0	0.0	0.0 	0.0 	138.666666667 	22.0 	0.0 	0.0 	0.0 	-0.0 	22.0 	0.0 	0.0 	0.0 	2.74073623181	1.81467941786	162.517555274	-12.1431063986	
2.68333333333	0.0	0.0	0.0 	0.0 	139.033333333 	22.0 	0.0 	0.0 	0.0 	-0.0 	22.0 	0.0 	0.0 	0.0 	2.76201463646	1.81467941937	162.562226608	-12.1542222471	
2.7	0.0	0.0	0.0 	0.0 	139.4 	22.0 	0.0 	0.0 	0.0 	-0.0 	22.0 	0.0 	0.0 	0.0 	2.78321799781	1.81467942063	162.607240875	-12.1654234295	
2.71666666667	0.0	0.0	0.0 	0.0 	139.766666667 	22.0 	0.0 	0.0 	0.0 	-0.0 	22.0 	0.0 	0.0 	0.0 	2.80434658052	1.81467942168	162.652596864	-12.1767096449	
2.73333333333	0.0	0.0	0.0 	0.0 	140.133333333 	22.0 	0.0 	0.0 	0.0 	-0.0 	22.0 	0.0 	0.0 	0.0 	2.82540064833	1.81467942256	162.69829337	-12.1880805933	
2.75	0.0	0.0	0.0 	0.0 	140.5 	22.0 	0.0 	0.0 	0.0 	-0.0 	22.0 	0.0 	0.0 	0.0 	2.84638046402	1.81467942329	162.744329192	-12.199535976	
2.76666666667	0.0	0.0	0.0 	0.0 	140.866666667 	22.0 	0.0 	0.0 	0.0 	-0.0 	22.0 	0.0 	0.0 	0.0 	2.86728628946	1.81467942389	162.790703133	-12.2110754951	
2.78333333333	0.0	0.0	0.0 	0.0 	141.233333333 	22.0 	0.0 	0.0 	0.0 	-0.0 	22.0 	0.0 	0.0 	0.0 	2.88811838559	1.8146794244	162.837414002	-12.2226988539	
2.8	0.0	0.0	0.0 	0.0 	141.6 	22.0 	0.0 	0.0 	0.0 	-0.0 	22.0 	0.0 	0.0 	0.0 	2.90887701245	1.81467942482	162.884460609	-12.2344057567	
2.81666666667	0.0	0.0	0.0 	0.0 	141.966666667 	22.0 	0.0 	0.0 	0.0 	-0.0 	22.0 	0.0 	0.0 	0.0 	2.92956242913	1.81467942517	162.931841772	-12.2461959089	
2.83333333333	0.0	0.0	0.0 	0.0 	142.333333333 	22.0 	0.0 	0.0 	0.0 	-0.0 	22.0 	0.0 	0.0 	0.0 	2.95017489382	1.81467942547	162.979556309	-12.2580690169	
2.85	0.0	0.0	0.0 	0.0 	142.7 	22.0 	0.0 	0.0 	0.0 	-0.0 	22.0 	0.0 	0.0 	0.0 	2.97071466382	1.81467942571	163.027603045	-12.2700247881	
2.86666666667	0.0	0.0	0.0 	0.0 	143.066666667 	22.0 	0.0 	0.0 	0.0 	-0.0 	22.0 	0.0 	0.0 	0.0 	2.9911819955	1.81467942591	163.075980809	-12.2820629309	
2.88333333333	0.0	0.0	0.0 	0.0 	143.433333333 	22.0 	0.0 	0.0 	0.0 	-0.0 	22.0 	0.0 	0.0 	0.0 	3.01157714432	1.81467942608	163.124688433	-12.294183155	
2.9	0.0	0.0	0.0 	0.0 	143.8 	22.0 	0.0 	0.0 	0.0 	-0.0 	22.0 	0.0 	0.0 	0.0 	3.03190036486	1.81467942622	163.173724754	-12.3063851708	
2.91666666667	0.0	0.0	0.0 	0.0 	144.166666667 	22.0 	0.0 	0.0 	0.0 	-0.0 	22.0 	0.0 	0.0 	0.0 	3.05215191078	1.81467942634	163.223088613	-12.3186686898	
2.93333333333	0.0	0.0	0.0 	0.0 	144.533333333 	22.0 	0.0 	0.0 	0.0 	-0.0 	22.0 	0.0 	0.0 	0.0 	3.07233203487	1.81467942644	163.272778853	-12.3310334245	
2.95	0.0	0.0	0.0 	0.0 	144.9 	22.0 	0.0 	0.0 	0.0 	-0.0 	22.0 	0.0 	0.0 	0.0 	3.09244098902	1.81467942652	163.322794326	-12.3434790887	
2.96666666667	0.0	0.0	0.0 	0.0 	145.266666667 	22.0 	0.0 	0.0 	0.0 	-0.0 	22.0 	0.0 	0.0 	0.0 	3.11247902421	1.81467942659	163.373133882	-12.3560053968	
2.98333333333	0.0	0.0	0.0 	0.0 	145.633333333 	22.0 	0.0 	0.0 	0.0 	-0.0 	22.0 	0.0 	0.0 	0.0 	3.13244639056	1.81467942665	163.42379638	-12.3686120645	
3.0	0.0	0.0	0.0 	0.0 	146.0 	22.0 	0.0 	0.0 	0.0 	-0.0 	22.0 	0.0 	0.0 	0.0 	3.15234333731	1.81467942669	163.474780681	-12.3812988083	
3.01666666667	0.0	0.0	0.0 	0.0 	146.366666667 	22.0 	0.0 	0.0 	0.0 	-0.0 	22.0 	0.0 	0.0 	0.0 	3.1721701128	1.81467942673	163.526085649	-12.3940653458	
3.03333333333	0.0	0.0	0.0 	0.0 	146.733333333 	22.0 	0.0 	0.0 	0.0 	-0.0 	22.0 	0.0 	0.0 	0.0 	3.1919269645	1.81467942677	163.577710154	-12.4069113956	
3.05	0.0	0.0	0.0 	0.0 	147.1 	22.0 	0.0 	0.0 	0.0 	-0.0 	22.0 	0.0 	0.0 	0.0 	3.21161413903	1.81467942679	163.629653068	-12.4198366774	
3.06666666667	0.0	0.0	0.0 	0.0 	147.466666667 	22.0 	0.0 	0.0 	0.0 	-0.0 	22.0 	0.0 	0.0 	0.0 	3.23123188211	1.81467942682	163.681913269	-12.4328409116	
3.08333333333	0.0	0.0	0.0 	0.0 	147.833333333 	22.0 	0.0 	0.0 	0.0 	-0.0 	22.0 	0.0 	0.0 	0.0 	3.25078043862	1.81467942684	163.734489638	-12.4459238198	
3.1	0.0	0.0	0.0 	0.0 	148.2 	22.0 	0.0 	0.0 	0.0 	-0.0 	22.0 	0.0 	0.0 	0.0 	3.27026005254	1.81467942685	163.78738106	-12.4590851246	
3.11666666667	0.0	0.0	0.0 	0.0 	148.566666667 	22.0 	0.0 	0.0 	0.0 	-0.0 	22.0 	0.0 	0.0 	0.0 	3.28967096703	1.81467942687	163.840586424	-12.4723245494	
3.13333333333	0.0	0.0	0.0 	0.0 	148.933333333 	22.0 	0.0 	0.0 	0.0 	-0.0 	22.0 	0.0 	0.0 	0.0 	3.30901342437	1.81467942688	163.894104622	-12.4856418189	
3.15	0.0	0.0	0.0 	0.0 	149.3 	22.0 	0.0 	0.0 	0.0 	-0.0 	22.0 	0.0 	0.0 	0.0 	3.32828766599	1.81467942689	163.947934551	-12.4990366583	
3.16666666667	0.0	0.0	0.0 	0.0 	149.666666667 	22.0 	0.0 	0.0 	0.0 	-0.0 	22.0 	0.0 	0.0 	0.0 	3.34749393247	1.81467942689	164.002075112	-12.5125087943	
3.18333333333	0.0	0.0	0.0 	0.0 	150.033333333 	22.0 	0.0 	0.0 	0.0 	-0.0 	22.0 	0.0 	0.0 	0.0 	3.36663246354	1.8146794269	164.056525209	-12.526057954	
3.2	0.0	0.0	0.0 	0.0 	150.4 	22.0 	0.0 	0.0 	0.0 	-0.0 	22.0 	0.0 	0.0 	0.0 	3.38570349808	1.81467942691	164.111283751	-12.539683866	
3.21666666667	0.0	0.0	0.0 	0.0 	150.766666667 	22.0 	0.0 	0.0 	0.0 	-0.0 	22.0 	0.0 	0.0 	0.0 	3.40470727414	1.81467942691	164.166349649	-12.5533862595	
3.23333333333	0.0	0.0	0.0 	0.0 	151.133333333 	22.0 	0.0 	0.0 	0.0 	-0.0 	22.0 	0.0 	0.0 	0.0 	3.42364402892	1.81467942691	164.221721821	-12.5671648649	
3.25	0.0	0.0	0.0 	0.0 	151.5 	22.0 	0.0 	0.0 	0.0 	-0.0 	22.0 	0.0 	0.0 	0.0 	3.44251399878	1.81467942692	164.277399185	-12.5810194132	
3.26666666667	0.0	0.0	0.0 	0.0 	151.866666667 	22.0 	0.0 	0.0 	0.0 	-0.0 	22.0 	0.0 	0.0 	0.0 	3.46131741927	1.81467942692	164.333380666	-12.5949496367	
3.28333333333	0.0	0.0	0.0 	0.0 	152.233333333 	22.0 	0.0 	0.0 	0.0 	-0.0 	22.0 	0.0 	0.0 	0.0 	3.48005452507	1.81467942692	164.38966519	-12.6089552686	
3.3	0.0	0.0	0.0 	0.0 	152.6 	22.0 	0.0 	0.0 	0.0 	-0.0 	22.0 	0.0 	0.0 	0.0 	3.49872555007	1.81467942692	164.44625169	-12.6230360428	
3.31666666667	0.0	0.0	0.0 	0.0 	152.966666667 	22.0 	0.0 	0.0 	0.0 	-0.0 	22.0 	0.0 	0.0 	0.0 	3.51733072731	1.81467942692	164.503139099	-12.6371916943	
3.33333333333	0.0	0.0	0.0 	0.0 	153.333333333 	22.0 	0.0 	0.0 	0.0 	-0.0 	22.0 	0.0 	0.0 	0.0 	3.53587028902	1.81467942693	164.560326358	-12.6514219591	
3.35	0.0	0.0	0.0 	0.0 	153.7 	22.0 	0.0 	0.0 	0.0 	-0.0 	22.0 	0.0 	0.0 	0.0 	3.55434446661	1.81467942693	164.617812408	-12.6657265741	
3.36666666667	0.0	0.0	0.0 	0.0 	154.066666667 	22.0 	0.0 	0.0 	0.0 	-0.0 	22.0 	0.0 	0.0 	0.0 	3.57275349068	1.81467942693	164.675596195	-12.6801052769	
3.38333333333	0.0	0.0	0.0 	0.0 	154.433333333 	22.0 	0.0 	0.0 	0.0 	-0.0 	22.0 	0.0 	0.0 	0.0 	3.591097591	1.81467942693	164.73367667	-12.6945578065	
3.4	0.0	0.0	0.0 	0.0 	154.8 	22.0 	0.0 	0.0 	0.0 	-0.0 	22.0 	0.0 	0.0 	0.0 	3.60937699653	1.81467942693	164.792052787	-12.7090839022	
3.41666666667	0.0	0.0	0.0 	0.0 	155.166666667 	22.0 	0.0 	0.0 	0.0 	-0.0 	22.0 	0.0 	0.0 	0.0 	3.62759193545	1.81467942693	164.850723502	-12.7236833048	
3.43333333333	0.0	0.0	0.0 	0.0 	155.533333333 	22.0 	0.0 	0.0 	0.0 	-0.0 	22.0 	0.0 	0.0 	0.0 	3.64574263511	1.81467942693	164.909687776	-12.7383557557	
3.45	0.0	0.0	0.0 	0.0 	155.9 	22.0 	0.0 	0.0 	0.0 	-0.0 	22.0 	0.0 	0.0 	0.0 	3.66382932206	1.81467942693	164.968944575	-12.7531009973	
3.46666666667	0.0	0.0	0.0 	0.0 	156.266666667 	22.0 	0.0 	0.0 	0.0 	-0.0 	22.0 	0.0 	0.0 	0.0 	3.68185222207	1.81467942693	165.028492867	-12.7679187728	
3.48333333333	0.0	0.0	0.0 	0.0 	156.633333333 	22.0 	0.0 	0.0 	0.0 	-0.0 	22.0 	0.0 	0.0 	0.0 	3.69981156008	1.81467942693	165.088331623	-12.7828088264	
3.5	0.0	0.0	0.0 	0.0 	157.0 	22.0 	0.0 	0.0 	0.0 	-0.0 	22.0 	0.0 	0.0 	0.0 	3.71770756026	1.81467942693	165.148459819	-12.7977709033	
3.51666666667	0.0	0.0	0.0 	0.0 	157.366666667 	22.0 	0.0 	0.0 	0.0 	-0.0 	22.0 	0.0 	0.0 	0.0 	3.735540446	1.81467942693	165.208876435	-12.8128047494	
3.53333333333	0.0	0.0	0.0 	0.0 	157.733333333 	22.0 	0.0 	0.0 	0.0 	-0.0 	22.0 	0.0 	0.0 	0.0 	3.75331043988	1.81467942693	165.269580453	-12.8279101116	
3.55	0.0	0.0	0.0 	0.0 	158.1 	22.0 	0.0 	0.0 	0.0 	-0.0 	22.0 	0.0 	0.0 	0.0 	3.7710177637	1.81467942693	165.33057086	-12.8430867378	
3.56666666667	0.0	0.0	0.0 	0.0 	158.466666667 	22.0 	0.0 	0.0 	0.0 	-0.0 	22.0 	0.0 	0.0 	0.0 	3.78866263848	1.81467942693	165.391846646	-12.8583343765	
3.58333333333	0.0	0.0	0.0 	0.0 	158.833333333 	22.0 	0.0 	0.0 	0.0 	-0.0 	22.0 	0.0 	0.0 	0.0 	3.80624528446	1.81467942693	165.453406804	-12.8736527773	
3.6	0.0	0.0	0.0 	0.0 	159.2 	22.0 	0.0 	0.0 	0.0 	-0.0 	22.0 	0.0 	0.0 	0.0 	3.82376592111	1.81467942693	165.515250331	-12.8890416907	
3.61666666667	0.0	0.0	0.0 	0.0 	159.566666667 	22.0 	0.0 	0.0 	0.0 	-0.0 	22.0 	0.0 	0.0 	0.0 	3.84122476713	1.81467942693	165.577376228	-12.904500868	
3.63333333333	0.0	0.0	0.0 	0.0 	159.933333333 	22.0 	0.0 	0.0 	0.0 	-0.0 	22.0 	0.0 	0.0 	0.0 	3.85862204042	1.81467942693	165.639783499	-12.9200300614	
3.65	0.0	0.0	0.0 	0.0 	160.3 	22.0 	0.0 	0.0 	0.0 	-0.0 	22.0 	0.0 	0.0 	0.0 	3.87595795814	1.81467942693	165.702471152	-12.9356290239	
3.66666666667	0.0	0.0	0.0 	0.0 	160.666666667 	22.0 	0.0 	0.0 	0.0 	-0.0 	22.0 	0.0 	0.0 	0.0 	3.89323273667	1.81467942693	165.765438198	-12.9512975095	
3.68333333333	0.0	0.0	0.0 	0.0 	161.033333333 	22.0 	0.0 	0.0 	0.0 	-0.0 	22.0 	0.0 	0.0 	0.0 	3.91044659164	1.81467942693	165.828683652	-12.9670352731	
3.7	0.0	0.0	0.0 	0.0 	161.4 	22.0 	0.0 	0.0 	0.0 	-0.0 	22.0 	0.0 	0.0 	0.0 	3.9275997379	1.81467942693	165.892206531	-12.9828420702	
3.71666666667	0.0	0.0	0.0 	0.0 	161.766666667 	22.0 	0.0 	0.0 	0.0 	-0.0 	22.0 	0.0 	0.0 	0.0 	3.94469238956	1.81467942693	165.956005858	-12.9987176575	
3.73333333333	0.0	0.0	0.0 	0.0 	162.133333333 	22.0 	0.0 	0.0 	0.0 	-0.0 	22.0 	0.0 	0.0 	0.0 	3.96172475997	1.81467942693	166.020080657	-13.0146617923	
3.75	0.0	0.0	0.0 	0.0 	162.5 	22.0 	0.0 	0.0 	0.0 	-0.0 	22.0 	0.0 	0.0 	0.0 	3.97869706173	1.81467942693	166.084429956	-13.0306742328	
3.76666666667	0.0	0.0	0.0 	0.0 	162.866666667 	22.0 	0.0 	0.0 	0.0 	-0.0 	22.0 	0.0 	0.0 	0.0 	3.99560950668	1.81467942693	166.149052789	-13.0467547383	
3.78333333333	0.0	0.0	0.0 	0.0 	163.233333333 	22.0 	0.0 	0.0 	0.0 	-0.0 	22.0 	0.0 	0.0 	0.0 	4.01246230592	1.81467942693	166.21394819	-13.0629030685	
3.8	0.0	0.0	0.0 	0.0 	163.6 	22.0 	0.0 	0.0 	0.0 	-0.0 	22.0 	0.0 	0.0 	0.0 	4.0292556698	1.81467942693	166.279115197	-13.0791189844	
3.81666666667	0.0	0.0	0.0 	0.0 	163.966666667 	22.0 	0.0 	0.0 	0.0 	-0.0 	22.0 	0.0 	0.0 	0.0 	4.04598980794	1.81467942693	166.344552854	-13.0954022476	
3.83333333333	0.0	0.0	0.0 	0.0 	164.333333333 	22.0 	0.0 	0.0 	0.0 	-0.0 	22.0 	0.0 	0.0 	0.0 	4.0626649292	1.81467942693	166.410260204	-13.1117526205	
3.85	0.0	0.0	0.0 	0.0 	164.7 	22.0 	0.0 	0.0 	0.0 	-0.0 	22.0 	0.0 	0.0 	0.0 	4.07928124174	1.81467942693	166.476236298	-13.1281698665	
3.86666666667	0.0	0.0	0.0 	0.0 	165.066666667 	22.0 	0.0 	0.0 	0.0 	-0.0 	22.0 	0.0 	0.0 	0.0 	4.09583895295	1.81467942693	166.542480188	-13.1446537497	
3.88333333333	0.0	0.0	0.0 	0.0 	165.433333333 	22.0 	0.0 	0.0 	0.0 	-0.0 	22.0 	0.0 	0.0 	0.0 	4.1123382695	1.81467942693	166.608990929	-13.1612040352	
3.9	0.0	0.0	0.0 	0.0 	165.8 	22.0 	0.0 	0.0 	0.0 	-0.0 	22.0 	0.0 	0.0 	0.0 	4.12877939733	1.81467942693	166.675767579	-13.1778204887	
3.91666666667	0.0	0.0	0.0 	0.0 	166.166666667 	22.0 	0.0 	0.0 	0.0 	-0.0 	22.0 	0.0 	0.0 	0.0 	4.14516254166	1.81467942693	166.742809202	-13.1945028768	
3.93333333333	0.0	0.0	0.0 	0.0 	166.533333333 	22.0 	0.0 	0.0 	0.0 	-0.0 	22.0 	0.0 	0.0 	0.0 	4.16148790699	1.81467942693	166.810114862	-13.2112509671	
3.95	0.0	0.0	0.0 	0.0 	166.9 	22.0 	0.0 	0.0 	0.0 	-0.0 	22.0 	0.0 	0.0 	0.0 	4.17775569707	1.81467942693	166.877683629	-13.2280645279	
3.96666666667	0.0	0.0	0.0 	0.0 	167.266666667 	22.0 	0.0 	0.0 	0.0 	-0.0 	22.0 	0.0 	0.0 	0.0 	4.19396611498	1.81467942693	166.945514574	-13.2449433282	
3.98333333333	0.0	0.0	0.0 	0.0 	167.633333333 	22.0 	0.0 	0.0 	0.0 	-0.0 	22.0 	0.0 	0.0 	0.0 	4.21011936304	1.81467942693	167.013606774	-13.2618871379	
4.0	0.0	0.0	0.0 	0.0 	168.0 	22.0 	0.0 	0.0 	0.0 	-0.0 	22.0 	0.0 	0.0 	0.0 	4.22621564287	1.81467942693	167.081959306	-13.2788957279	
4.01666666667	0.0	0.0	0.0 	0.0 	168.366666667 	22.0 	0.0 	0.0 	0.0 	-0.0 	22.0 	0.0 	0.0 	0.0 	4.2422551554	1.81467942693	167.150571252	-13.2959688695	
4.03333333333	0.0	0.0	0.0 	0.0 	168.733333333 	22.0 	0.0 	0.0 	0.0 	-0.0 	22.0 	0.0 	0.0 	0.0 	4.25823810081	1.81467942693	167.219441698	-13.3131063352	
4.05	0.0	0.0	0.0 	0.0 	169.1 	22.0 	0.0 	0.0 	0.0 	-0.0 	22.0 	0.0 	0.0 	0.0 	4.27416467861	1.81467942693	167.288569731	-13.3303078981	
4.06666666667	0.0	0.0	0.0 	0.0 	169.466666667 	22.0 	0.0 	0.0 	0.0 	-0.0 	22.0 	0.0 	0.0 	0.0 	4.29003508759	1.81467942693	167.357954444	-13.3475733322	
4.08333333333	0.0	0.0	0.0 	0.0 	169.833333333 	22.0 	0.0 	0.0 	0.0 	-0.0 	22.0 	0.0 	0.0 	0.0 	4.30584952585	1.81467942693	167.427594932	-13.3649024122	
4.1	0.0	0.0	0.0 	0.0 	170.2 	22.0 	0.0 	0.0 	0.0 	-0.0 	22.0 	0.0 	0.0 	0.0 	4.32160819078	1.81467942693	167.497490291	-13.3822949136	
4.11666666667	0.0	0.0	0.0 	0.0 	170.566666667 	22.0 	0.0 	0.0 	0.0 	-0.0 	22.0 	0.0 	0.0 	0.0 	4.33731127907	1.81467942693	167.567639624	-13.3997506128	
4.13333333333	0.0	0.0	0.0 	0.0 	170.933333333 	22.0 	0.0 	0.0 	0.0 	-0.0 	22.0 	0.0 	0.0 	0.0 	4.35295898673	1.81467942693	167.638042034	-13.4172692868	
4.15	0.0	0.0	0.0 	0.0 	171.3 	22.0 	0.0 	0.0 	0.0 	-0.0 	22.0 	0.0 	0.0 	0.0 	4.36855150908	1.81467942693	167.70869663	-13.4348507137	
4.16666666667	0.0	0.0	0.0 	0.0 	171.666666667 	22.0 	0.0 	0.0 	0.0 	-0.0 	22.0 	0.0 	0.0 	0.0 	4.38408904073	1.81467942693	167.779602521	-13.452494672	
4.18333333333	0.0	0.0	0.0 	0.0 	172.033333333 	22.0 	0.0 	0.0 	0.0 	-0.0 	22.0 	0.0 	0.0 	0.0 	4.39957177562	1.81467942693	167.850758821	-13.4702009413	
4.2	0.0	0.0	0.0 	0.0 	172.4 	22.0 	0.0 	0.0 	0.0 	-0.0 	22.0 	0.0 	0.0 	0.0 	4.41499990702	1.81467942693	167.922164648	-13.4879693018	
4.21666666667	0.0	0.0	0.0 	0.0 	172.766666667 	22.0 	0.0 	0.0 	0.0 	-0.0 	22.0 	0.0 	0.0 	0.0 	4.43037362748	1.81467942693	167.993819121	-13.5057995344	
4.23333333333	0.0	0.0	0.0 	0.0 	173.133333333 	22.0 	0.0 	0.0 	0.0 	-0.0 	22.0 	0.0 	0.0 	0.0 	4.44569312891	1.81467942693	168.065721363	-13.5236914211	
4.25	0.0	0.0	0.0 	0.0 	173.5 	22.0 	0.0 	0.0 	0.0 	-0.0 	22.0 	0.0 	0.0 	0.0 	4.46095860252	1.81467942693	168.137870501	-13.5416447444	
4.26666666667	0.0	0.0	0.0 	0.0 	173.866666667 	22.0 	0.0 	0.0 	0.0 	-0.0 	22.0 	0.0 	0.0 	0.0 	4.47617023884	1.81467942693	168.210265663	-13.5596592875	
4.28333333333	0.0	0.0	0.0 	0.0 	174.233333333 	22.0 	0.0 	0.0 	0.0 	-0.0 	22.0 	0.0 	0.0 	0.0 	4.49132822776	1.81467942693	168.282905983	-13.5777348346	
4.3	0.0	0.0	0.0 	0.0 	174.6 	22.0 	0.0 	0.0 	0.0 	-0.0 	22.0 	0.0 	0.0 	0.0 	4.50643275847	1.81467942693	168.355790595	-13.5958711706	
4.31666666667	0.0	0.0	0.0 	0.0 	174.966666667 	22.0 	0.0 	0.0 	0.0 	-0.0 	22.0 	0.0 	0.0 	0.0 	4.52148401951	1.81467942693	168.428918639	-13.6140680811	
4.33333333333	0.0	0.0	0.0 	0.0 	175.333333333 	22.0 	0.0 	0.0 	0.0 	-0.0 	22.0 	0.0 	0.0 	0.0 	4.53648219873	1.81467942693	168.502289254	-13.6323253523	
4.35	0.0	0.0	0.0 	0.0 	175.7 	22.0 	0.0 	0.0 	0.0 	-0.0 	22.0 	0.0 	0.0 	0.0 	4.55142748336	1.81467942693	168.575901587	-13.6506427715	
4.36666666667	0.0	0.0	0.0 	0.0 	176.066666667 	22.0 	0.0 	0.0 	0.0 	-0.0 	22.0 	0.0 	0.0 	0.0 	4.56632005992	1.81467942693	168.649754784	-13.6690201266	
4.38333333333	0.0	0.0	0.0 	0.0 	176.433333333 	22.0 	0.0 	0.0 	0.0 	-0.0 	22.0 	0.0 	0.0 	0.0 	4.58116011432	1.81467942693	168.723847996	-13.6874572061	
4.4	0.0	0.0	0.0 	0.0 	176.8 	22.0 	0.0 	0.0 	0.0 	-0.0 	22.0 	0.0 	0.0 	0.0 	4.59594783178	1.81467942693	168.798180377	-13.7059537994	
4.41666666667	0.0	0.0	0.0 	0.0 	177.166666667 	22.0 	0.0 	0.0 	0.0 	-0.0 	22.0 	0.0 	0.0 	0.0 	4.61068339688	1.81467942693	168.872751083	-13.7245096966	
4.43333333333	0.0	0.0	0.0 	0.0 	177.533333333 	22.0 	0.0 	0.0 	0.0 	-0.0 	22.0 	0.0 	0.0 	0.0 	4.62536699354	1.81467942693	168.947559273	-13.7431246886	
4.45	0.0	0.0	0.0 	0.0 	177.9 	22.0 	0.0 	0.0 	0.0 	-0.0 	22.0 	0.0 	0.0 	0.0 	4.63999880505	1.81467942693	169.022604111	-13.761798567	
4.46666666667	0.0	0.0	0.0 	0.0 	178.266666667 	22.0 	0.0 	0.0 	0.0 	-0.0 	22.0 	0.0 	0.0 	0.0 	4.65457901405	1.81467942693	169.097884761	-13.7805311241	
4.48333333333	0.0	0.0	0.0 	0.0 	178.633333333 	22.0 	0.0 	0.0 	0.0 	-0.0 	22.0 	0.0 	0.0 	0.0 	4.66910780251	1.81467942693	169.173400392	-13.7993221529	
4.5	0.0	0.0	0.0 	0.0 	179.0 	22.0 	0.0 	0.0 	0.0 	-0.0 	22.0 	0.0 	0.0 	0.0 	4.68358535178	1.81467942693	169.249150174	-13.8181714473	
4.51666666667	0.0	0.0	0.0 	0.0 	179.366666667 	22.0 	0.0 	0.0 	0.0 	-0.0 	22.0 	0.0 	0.0 	0.0 	4.69801184258	1.81467942693	169.325133283	-13.8370788017	
4.53333333333	0.0	0.0	0.0 	0.0 	179.733333333 	22.0 	0.0 	0.0 	0.0 	-0.0 	22.0 	0.0 	0.0 	0.0 	4.71238745496	1.81467942693	169.401348896	-13.8560440113	
4.55	0.0	0.0	0.0 	0.0 	180.1 	22.0 	0.0 	0.0 	0.0 	-0.0 	22.0 	0.0 	0.0 	0.0 	4.72671236838	1.81467942693	169.477796192	-13.8750668723	
4.56666666667	0.0	0.0	0.0 	0.0 	180.466666667 	22.0 	0.0 	0.0 	0.0 	-0.0 	22.0 	0.0 	0.0 	0.0 	4.74098676162	1.81467942693	169.554474354	-13.8941471811	
4.58333333333	0.0	0.0	0.0 	0.0 	180.833333333 	22.0 	0.0 	0.0 	0.0 	-0.0 	22.0 	0.0 	0.0 	0.0 	4.75521081286	1.81467942693	169.631382568	-13.9132847352	
4.6	0.0	0.0	0.0 	0.0 	181.2 	22.0 	0.0 	0.0 	0.0 	-0.0 	22.0 	0.0 	0.0 	0.0 	4.76938469964	1.81467942693	169.708520023	-13.9324793328	
4.61666666667	0.0	0.0	0.0 	0.0 	181.566666667 	22.0 	0.0 	0.0 	0.0 	-0.0 	22.0 	0.0 	0.0 	0.0 	4.78350859888	1.81467942693	169.785885911	-13.9517307727	
4.63333333333	0.0	0.0	0.0 	0.0 	181.933333333 	22.0 	0.0 	0.0 	0.0 	-0.0 	22.0 	0.0 	0.0 	0.0 	4.79758268687	1.81467942693	169.863479425	-13.9710388543	
4.65	0.0	0.0	0.0 	0.0 	182.3 	22.0 	0.0 	0.0 	0.0 	-0.0 	22.0 	0.0 	0.0 	0.0 	4.81160713928	1.81467942693	169.941299763	-13.9904033779	
4.66666666667	0.0	0.0	0.0 	0.0 	182.666666667 	22.0 	0.0 	0.0 	0.0 	-0.0 	22.0 	0.0 	0.0 	0.0 	4.82558213116	1.81467942693	170.019346125	-14.0098241445	
4.68333333333	0.0	0.0	0.0 	0.0 	183.033333333 	22.0 	0.0 	0.0 	0.0 	-0.0 	22.0 	0.0 	0.0 	0.0 	4.83950783696	1.81467942693	170.097617714	-14.0293009557	
4.7	0.0	0.0	0.0 	0.0 	183.4 	22.0 	0.0 	0.0 	0.0 	-0.0 	22.0 	0.0 	0.0 	0.0 	4.85338443048	1.81467942693	170.176113735	-14.0488336139	
4.71666666667	0.0	0.0	0.0 	0.0 	183.766666667 	22.0 	0.0 	0.0 	0.0 	-0.0 	22.0 	0.0 	0.0 	0.0 	4.86721208494	1.81467942693	170.254833398	-14.0684219221	
4.73333333333	0.0	0.0	0.0 	0.0 	184.133333333 	22.0 	0.0 	0.0 	0.0 	-0.0 	22.0 	0.0 	0.0 	0.0 	4.88099097292	1.81467942693	170.333775913	-14.088065684	
4.75	0.0	0.0	0.0 	0.0 	184.5 	22.0 	0.0 	0.0 	0.0 	-0.0 	22.0 	0.0 	0.0 	0.0 	4.89472126642	1.81467942693	170.412940494	-14.1077647041	
4.76666666667	0.0	0.0	0.0 	0.0 	184.866666667 	22.0 	0.0 	0.0 	0.0 	-0.0 	22.0 	0.0 	0.0 	0.0 	4.90840313681	1.81467942693	170.492326358	-14.1275187875	
4.78333333333	0.0	0.0	0.0 	0.0 	185.233333333 	22.0 	0.0 	0.0 	0.0 	-0.0 	22.0 	0.0 	0.0 	0.0 	4.92203675487	1.81467942693	170.571932725	-14.1473277399	
4.8	0.0	0.0	0.0 	0.0 	185.6 	22.0 	0.0 	0.0 	0.0 	-0.0 	22.0 	0.0 	0.0 	0.0 	4.93562229077	1.81467942693	170.651758817	-14.167191368	
4.81666666667	0.0	0.0	0.0 	0.0 	185.966666667 	22.0 	0.0 	0.0 	0.0 	-0.0 	22.0 	0.0 	0.0 	0.0 	4.94915991409	1.81467942693	170.73180386	-14.1871094788	
4.83333333333	0.0	0.0	0.0 	0.0 	186.333333333 	22.0 	0.0 	0.0 	0.0 	-0.0 	22.0 	0.0 	0.0 	0.0 	4.9626497938	1.81467942693	170.81206708	-14.2070818802	
4.85	0.0	0.0	0.0 	0.0 	186.7 	22.0 	0.0 	0.0 	0.0 	-0.0 	22.0 	0.0 	0.0 	0.0 	4.97609209829	1.81467942693	170.892547709	-14.2271083807	
4.86666666667	0.0	0.0	0.0 	0.0 	187.066666667 	22.0 	0.0 	0.0 	0.0 	-0.0 	22.0 	0.0 	0.0 	0.0 	4.98948699532	1.81467942693	170.97324498	-14.2471887896	
4.88333333333	0.0	0.0	0.0 	0.0 	187.433333333 	22.0 	0.0 	0.0 	0.0 	-0.0 	22.0 	0.0 	0.0 	0.0 	5.00283465211	1.81467942693	171.054158129	-14.2673229168	
4.9	0.0	0.0	0.0 	0.0 	187.8 	22.0 	0.0 	0.0 	0.0 	-0.0 	22.0 	0.0 	0.0 	0.0 	5.01613523525	1.81467942693	171.135286394	-14.2875105727	
4.91666666667	0.0	0.0	0.0 	0.0 	188.166666667 	22.0 	0.0 	0.0 	0.0 	-0.0 	22.0 	0.0 	0.0 	0.0 	5.02938891075	1.81467942693	171.216629017	-14.3077515686	
4.93333333333	0.0	0.0	0.0 	0.0 	188.533333333 	22.0 	0.0 	0.0 	0.0 	-0.0 	22.0 	0.0 	0.0 	0.0 	5.04259584406	1.81467942693	171.298185242	-14.3280457164	
4.95	0.0	0.0	0.0 	0.0 	188.9 	22.0 	0.0 	0.0 	0.0 	-0.0 	22.0 	0.0 	0.0 	0.0 	5.05575620001	1.81467942693	171.379954315	-14.3483928286	
4.96666666667	0.0	0.0	0.0 	0.0 	189.266666667 	22.0 	0.0 	0.0 	0.0 	-0.0 	22.0 	0.0 	0.0 	0.0 	5.06887014288	1.81467942693	171.461935486	-14.3687927185	
4.98333333333	0.0	0.0	0.0 	0.0 	189.633333333 	22.0 	0.0 	0.0 	0.0 	-0.0 	22.0 	0.0 	0.0 	0.0 	5.08193783635	1.81467942693	171.544128007	-14.3892451999	
5.0	0.0	0.0	0.0 	0.0 	190.0 	22.0 	0.0 	0.0 	0.0 	-0.0 	22.0 	0.0 	0.0 	0.0 	5.09495944352	1.81467942693	171.626531133	-14.4097500873	
5.01666666667	0.0	0.0	0.0 	0.0 	190.366666667 	22.0 	0.0 	0.0 	0.0 	-0.0 	22.0 	0.0 	0.0 	0.0 	5.10793512694	1.81467942693	171.70914412	-14.4303071959	
5.03333333333	0.0	0.0	0.0 	0.0 	190.733333333 	22.0 	0.0 	0.0 	0.0 	-0.0 	22.0 	0.0 	0.0 	0.0 	5.12086504856	1.81467942693	171.791966228	-14.4509163415	
5.05	0.0	0.0	0.0 	0.0 	191.1 	22.0 	0.0 	0.0 	0.0 	-0.0 	22.0 	0.0 	0.0 	0.0 	5.13374936978	1.81467942693	171.874996721	-14.4715773407	
5.06666666667	0.0	0.0	0.0 	0.0 	191.466666667 	22.0 	0.0 	0.0 	0.0 	-0.0 	22.0 	0.0 	0.0 	0.0 	5.14658825141	1.81467942693	171.958234863	-14.4922900105	
5.08333333333	0.0	0.0	0.0 	0.0 	191.833333333 	22.0 	0.0 	0.0 	0.0 	-0.0 	22.0 	0.0 	0.0 	0.0 	5.15938185371	1.81467942693	172.041679922	-14.5130541687	
5.1	0.0	0.0	0.0 	0.0 	192.2 	22.0 	0.0 	0.0 	0.0 	-0.0 	22.0 	0.0 	0.0 	0.0 	5.17213033637	1.81467942693	172.125331168	-14.5338696337	
5.11666666667	0.0	0.0	0.0 	0.0 	192.566666667 	22.0 	0.0 	0.0 	0.0 	-0.0 	22.0 	0.0 	0.0 	0.0 	5.1848338585	1.81467942693	172.209187873	-14.5547362246	
5.13333333333	0.0	0.0	0.0 	0.0 	192.933333333 	22.0 	0.0 	0.0 	0.0 	-0.0 	22.0 	0.0 	0.0 	0.0 	5.19749257868	1.81467942693	172.293249314	-14.5756537611	
5.15	0.0	0.0	0.0 	0.0 	193.3 	22.0 	0.0 	0.0 	0.0 	-0.0 	22.0 	0.0 	0.0 	0.0 	5.21010665491	1.81467942693	172.377514769	-14.5966220635	
5.16666666667	0.0	0.0	0.0 	0.0 	193.666666667 	22.0 	0.0 	0.0 	0.0 	-0.0 	22.0 	0.0 	0.0 	0.0 	5.22267624464	1.81467942693	172.461983517	-14.6176409527	
5.18333333333	0.0	0.0	0.0 	0.0 	194.033333333 	22.0 	0.0 	0.0 	0.0 	-0.0 	22.0 	0.0 	0.0 	0.0 	5.23520150475	1.81467942693	172.546654841	-14.6387102504	
5.2	0.0	0.0	0.0 	0.0 	194.4 	22.0 	0.0 	0.0 	0.0 	-0.0 	22.0 	0.0 	0.0 	0.0 	5.2476825916	1.81467942693	172.631528029	-14.6598297788	
5.21666666667	0.0	0.0	0.0 	0.0 	194.766666667 	22.0 	0.0 	0.0 	0.0 	-0.0 	22.0 	0.0 	0.0 	0.0 	5.26011966096	1.81467942693	172.716602366	-14.6809993608	
5.23333333333	0.0	0.0	0.0 	0.0 	195.133333333 	22.0 	0.0 	0.0 	0.0 	-0.0 	22.0 	0.0 	0.0 	0.0 	5.27251286807	1.81467942693	172.801877145	-14.7022188197	
5.25	0.0	0.0	0.0 	0.0 	195.5 	22.0 	0.0 	0.0 	0.0 	-0.0 	22.0 	0.0 	0.0 	0.0 	5.28486236762	1.81467942693	172.887351658	-14.7234879797	
5.26666666667	0.0	0.0	0.0 	0.0 	195.866666667 	22.0 	0.0 	0.0 	0.0 	-0.0 	22.0 	0.0 	0.0 	0.0 	5.29716831377	1.81467942693	172.9730252	-14.7448066656	
5.28333333333	0.0	0.0	0.0 	0.0 	196.233333333 	22.0 	0.0 	0.0 	0.0 	-0.0 	22.0 	0.0 	0.0 	0.0 	5.3094308601	1.81467942693	173.058897071	-14.7661747026	
5.3	0.0	0.0	0.0 	0.0 	196.6 	22.0 	0.0 	0.0 	0.0 	-0.0 	22.0 	0.0 	0.0 	0.0 	5.32165015968	1.81467942693	173.144966569	-14.7875919167	
5.31666666667	0.0	0.0	0.0 	0.0 	196.966666667 	22.0 	0.0 	0.0 	0.0 	-0.0 	22.0 	0.0 	0.0 	0.0 	5.33382636504	1.81467942693	173.231233	-14.8090581345	
5.33333333333	0.0	0.0	0.0 	0.0 	197.333333333 	22.0 	0.0 	0.0 	0.0 	-0.0 	22.0 	0.0 	0.0 	0.0 	5.34595962814	1.81467942693	173.317695666	-14.8305731831	
5.35	0.0	0.0	0.0 	0.0 	197.7 	22.0 	0.0 	0.0 	0.0 	-0.0 	22.0 	0.0 	0.0 	0.0 	5.35805010044	1.81467942693	173.404353878	-14.8521368904	
5.36666666667	0.0	0.0	0.0 	0.0 	198.066666667 	22.0 	0.0 	0.0 	0.0 	-0.0 	22.0 	0.0 	0.0 	0.0 	5.37009793285	1.81467942693	173.491206945	-14.8737490847	
5.38333333333	0.0	0.0	0.0 	0.0 	198.433333333 	22.0 	0.0 	0.0 	0.0 	-0.0 	22.0 	0.0 	0.0 	0.0 	5.38210327575	1.81467942693	173.57825418	-14.895409595	
5.4	0.0	0.0	0.0 	0.0 	198.8 	22.0 	0.0 	0.0 	0.0 	-0.0 	22.0 	0.0 	0.0 	0.0 	5.39406627899	1.81467942693	173.665494898	-14.9171182509	
5.41666666667	0.0	0.0	0.0 	0.0 	199.166666667 	22.0 	0.0 	0.0 	0.0 	-0.0 	22.0 	0.0 	0.0 	0.0 	5.40598709188	1.81467942693	173.752928417	-14.9388748827	
5.43333333333	0.0	0.0	0.0 	0.0 	199.533333333 	22.0 	0.0 	0.0 	0.0 	-0.0 	22.0 	0.0 	0.0 	0.0 	5.41786586323	1.81467942693	173.840554056	-14.9606793211	
5.45	0.0	0.0	0.0 	0.0 	199.9 	22.0 	0.0 	0.0 	0.0 	-0.0 	22.0 	0.0 	0.0 	0.0 	5.4297027413	1.81467942693	173.928371139	-14.9825313976	
5.46666666667	0.0	0.0	0.0 	0.0 	200.266666667 	22.0 	0.0 	0.0 	0.0 	-0.0 	22.0 	0.0 	0.0 	0.0 	5.44149787384	1.81467942693	174.01637899	-15.0044309441	
5.48333333333	0.0	0.0	0.0 	0.0 	200.633333333 	22.0 	0.0 	0.0 	0.0 	-0.0 	22.0 	0.0 	0.0 	0.0 	5.45325140807	1.81467942693	174.104576937	-15.0263777932	
5.5	0.0	0.0	0.0 	0.0 	201.0 	22.0 	0.0 	0.0 	0.0 	-0.0 	22.0 	0.0 	0.0 	0.0 	5.46496349071	1.81467942693	174.192964308	-15.0483717781	
5.51666666667	0.0	0.0	0.0 	0.0 	201.366666667 	22.0 	0.0 	0.0 	0.0 	-0.0 	22.0 	0.0 	0.0 	0.0 	5.47663426793	1.81467942693	174.281540436	-15.0704127325	
5.53333333333	0.0	0.0	0.0 	0.0 	201.733333333 	22.0 	0.0 	0.0 	0.0 	-0.0 	22.0 	0.0 	0.0 	0.0 	5.48826388542	1.81467942693	174.370304655	-15.0925004908	
5.55	0.0	0.0	0.0 	0.0 	202.1 	22.0 	0.0 	0.0 	0.0 	-0.0 	22.0 	0.0 	0.0 	0.0 	5.49985248832	1.81467942693	174.459256302	-15.114634888	
5.56666666667	0.0	0.0	0.0 	0.0 	202.466666667 	22.0 	0.0 	0.0 	0.0 	-0.0 	22.0 	0.0 	0.0 	0.0 	5.5114002213	1.81467942693	174.548394716	-15.1368157596	
5.58333333333	0.0	0.0	0.0 	0.0 	202.833333333 	22.0 	0.0 	0.0 	0.0 	-0.0 	22.0 	0.0 	0.0 	0.0 	5.52290722848	1.81467942693	174.637719238	-15.1590429416	
5.6	0.0	0.0	0.0 	0.0 	203.2 	22.0 	0.0 	0.0 	0.0 	-0.0 	22.0 	0.0 	0.0 	0.0 	5.5343736535	1.81467942693	174.727229212	-15.1813162707	
5.61666666667	0.0	0.0	0.0 	0.0 	203.566666667 	22.0 	0.0 	0.0 	0.0 	-0.0 	22.0 	0.0 	0.0 	0.0 	5.54579963948	1.81467942693	174.816923983	-15.2036355842	
5.63333333333	0.0	0.0	0.0 	0.0 	203.933333333 	22.0 	0.0 	0.0 	0.0 	-0.0 	22.0 	0.0 	0.0 	0.0 	5.55718532903	1.81467942693	174.906802901	-15.2260007199	
5.65	0.0	0.0	0.0 	0.0 	204.3 	22.0 	0.0 	0.0 	0.0 	-0.0 	22.0 	0.0 	0.0 	0.0 	5.56853086428	1.81467942693	174.996865315	-15.2484115162	
5.66666666667	0.0	0.0	0.0 	0.0 	204.666666667 	22.0 	0.0 	0.0 	0.0 	-0.0 	22.0 	0.0 	0.0 	0.0 	5.57983638683	1.81467942693	175.087110578	-15.2708678121	
5.68333333333	0.0	0.0	0.0 	0.0 	205.033333333 	22.0 	0.0 	0.0 	0.0 	-0.0 	22.0 	0.0 	0.0 	0.0 	5.59110203779	1.81467942693	175.177538046	-15.2933694471	
5.7	0.0	0.0	0.0 	0.0 	205.4 	22.0 	0.0 	0.0 	0.0 	-0.0 	22.0 	0.0 	0.0 	0.0 	5.6023279578	1.81467942693	175.268147076	-15.3159162613	
5.71666666667	0.0	0.0	0.0 	0.0 	205.766666667 	22.0 	0.0 	0.0 	0.0 	-0.0 	22.0 	0.0 	0.0 	0.0 	5.61351428696	1.81467942693	175.358937028	-15.3385080954	
5.73333333333	0.0	0.0	0.0 	0.0 	206.133333333 	22.0 	0.0 	0.0 	0.0 	-0.0 	22.0 	0.0 	0.0 	0.0 	5.6246611649	1.81467942693	175.449907263	-15.3611447906	
5.75	0.0	0.0	0.0 	0.0 	206.5 	22.0 	0.0 	0.0 	0.0 	-0.0 	22.0 	0.0 	0.0 	0.0 	5.63576873075	1.81467942693	175.541057146	-15.3838261886	
5.76666666667	0.0	0.0	0.0 	0.0 	206.866666667 	22.0 	0.0 	0.0 	0.0 	-0.0 	22.0 	0.0 	0.0 	0.0 	5.64683712317	1.81467942693	175.632386044	-15.4065521319	
5.78333333333	0.0	0.0	0.0 	0.0 	207.233333333 	22.0 	0.0 	0.0 	0.0 	-0.0 	22.0 	0.0 	0.0 	0.0 	5.6578664803	1.81467942693	175.723893324	-15.4293224633	
5.8	0.0	0.0	0.0 	0.0 	207.6 	22.0 	0.0 	0.0 	0.0 	-0.0 	22.0 	0.0 	0.0 	0.0 	5.66885693981	1.81467942693	175.815578358	-15.4521370263	
5.81666666667	0.0	0.0	0.0 	0.0 	207.966666667 	22.0 	0.0 	0.0 	0.0 	-0.0 	22.0 	0.0 	0.0 	0.0 	5.67980863889	1.81467942693	175.907440518	-15.4749956649	
5.83333333333	0.0	0.0	0.0 	0.0 	208.333333333 	22.0 	0.0 	0.0 	0.0 	-0.0 	22.0 	0.0 	0.0 	0.0 	5.69072171422	1.81467942693	175.999479181	-15.4978982236	
5.85	0.0	0.0	0.0 	0.0 	208.7 	22.0 	0.0 	0.0 	0.0 	-0.0 	22.0 	0.0 	0.0 	0.0 	5.70159630204	1.81467942693	176.091693724	-15.5208445476	
5.86666666667	0.0	0.0	0.0 	0.0 	209.066666667 	22.0 	0.0 	0.0 	0.0 	-0.0 	22.0 	0.0 	0.0 	0.0 	5.71243253806	1.81467942693	176.184083526	-15.5438344825	
5.88333333333	0.0	0.0	0.0 	0.0 	209.433333333 	22.0 	0.0 	0.0 	0.0 	-0.0 	22.0 	0.0 	0.0 	0.0 	5.72323055755	1.81467942693	176.27664797	-15.5668678746	
5.9	0.0	0.0	0.0 	0.0 	209.8 	22.0 	0.0 	0.0 	0.0 	-0.0 	22.0 	0.0 	0.0 	0.0 	5.73399049529	1.81467942693	176.369386438	-15.5899445704	
5.91666666667	0.0	0.0	0.0 	0.0 	210.166666667 	22.0 	0.0 	0.0 	0.0 	-0.0 	22.0 	0.0 	0.0 	0.0 	5.74471248558	1.81467942693	176.462298319	-15.6130644174	
5.93333333333	0.0	0.0	0.0 	0.0 	210.533333333 	22.0 	0.0 	0.0 	0.0 	-0.0 	22.0 	0.0 	0.0 	0.0 	5.75539666225	1.81467942693	176.555383	-15.6362272633	
5.95	0.0	0.0	0.0 	0.0 	210.9 	22.0 	0.0 	0.0 	0.0 	-0.0 	22.0 	0.0 	0.0 	0.0 	5.76604315866	1.81467942693	176.648639871	-15.6594329565	
5.96666666667	0.0	0.0	0.0 	0.0 	211.266666667 	22.0 	0.0 	0.0 	0.0 	-0.0 	22.0 	0.0 	0.0 	0.0 	5.7766521077	1.81467942693	176.742068326	-15.6826813458	
5.98333333333	0.0	0.0	0.0 	0.0 	211.633333333 	22.0 	0.0 	0.0 	0.0 	-0.0 	22.0 	0.0 	0.0 	0.0 	5.78722364179	1.81467942693	176.835667759	-15.7059722808	
6.0	0.0	0.0	0.0 	0.0 	212.0 	22.0 	0.0 	0.0 	0.0 	-0.0 	22.0 	0.0 	0.0 	0.0 	5.79775789289	1.81467942693	176.929437567	-15.7293056113	
6.01666666667	0.0	0.0	0.0 	0.0 	212.366666667 	22.0 	0.0 	0.0 	0.0 	-0.0 	22.0 	0.0 	0.0 	0.0 	5.80825499247	1.81467942693	177.02337715	-15.7526811879	
6.03333333333	0.0	0.0	0.0 	0.0 	212.733333333 	22.0 	0.0 	0.0 	0.0 	-0.0 	22.0 	0.0 	0.0 	0.0 	5.81871507156	1.81467942693	177.117485908	-15.7760988615	
6.05	0.0	0.0	0.0 	0.0 	213.1 	22.0 	0.0 	0.0 	0.0 	-0.0 	22.0 	0.0 	0.0 	0.0 	5.82913826073	1.81467942693	177.211763246	-15.7995584837	
6.06666666667	0.0	0.0	0.0 	0.0 	213.466666667 	22.0 	0.0 	0.0 	0.0 	-0.0 	22.0 	0.0 	0.0 	0.0 	5.83952469007	1.81467942693	177.306208568	-15.8230599066	
6.08333333333	0.0	0.0	0.0 	0.0 	213.833333333 	22.0 	0.0 	0.0 	0.0 	-0.0 	22.0 	0.0 	0.0 	0.0 	5.84987448923	1.81467942693	177.400821282	-15.8466029826	
6.1	0.0	0.0	0.0 	0.0 	214.2 	22.0 	0.0 	0.0 	0.0 	-0.0 	22.0 	0.0 	0.0 	0.0 	5.86018778739	1.81467942693	177.495600798	-15.870187565	
6.11666666667	0.0	0.0	0.0 	0.0 	214.566666667 	22.0 	0.0 	0.0 	0.0 	-0.0 	22.0 	0.0 	0.0 	0.0 	5.87046471328	1.81467942693	177.590546527	-15.8938135073	
6.13333333333	0.0	0.0	0.0 	0.0 	214.933333333 	22.0 	0.0 	0.0 	0.0 	-0.0 	22.0 	0.0 	0.0 	0.0 	5.88070539518	1.81467942693	177.685657884	-15.9174806637	
6.15	0.0	0.0	0.0 	0.0 	215.3 	22.0 	0.0 	0.0 	0.0 	-0.0 	22.0 	0.0 	0.0 	0.0 	5.89090996091	1.81467942693	177.780934283	-15.9411888888	
6.16666666667	0.0	0.0	0.0 	0.0 	215.666666667 	22.0 	0.0 	0.0 	0.0 	-0.0 	22.0 	0.0 	0.0 	0.0 	5.90107853784	1.81467942693	177.876375144	-15.9649380378	
6.18333333333	0.0	0.0	0.0 	0.0 	216.033333333 	22.0 	0.0 	0.0 	0.0 	-0.0 	22.0 	0.0 	0.0 	0.0 	5.91121125289	1.81467942693	177.971979886	-15.9887279663	
6.2	0.0	0.0	0.0 	0.0 	216.4 	22.0 	0.0 	0.0 	0.0 	-0.0 	22.0 	0.0 	0.0 	0.0 	5.92130823255	1.81467942693	178.067747931	-16.0125585306	
6.21666666667	0.0	0.0	0.0 	0.0 	216.766666667 	22.0 	0.0 	0.0 	0.0 	-0.0 	22.0 	0.0 	0.0 	0.0 	5.93136960283	1.81467942693	178.163678703	-16.0364295873	
6.23333333333	0.0	0.0	0.0 	0.0 	217.133333333 	22.0 	0.0 	0.0 	0.0 	-0.0 	22.0 	0.0 	0.0 	0.0 	5.94139548933	1.81467942693	178.259771628	-16.0603409937	
6.25	0.0	0.0	0.0 	0.0 	217.5 	22.0 	0.0 	0.0 	0.0 	-0.0 	22.0 	0.0 	0.0 	0.0 	5.95138601718	1.81467942693	178.356026135	-16.0842926073	
6.26666666667	0.0	0.0	0.0 	0.0 	217.866666667 	22.0 	0.0 	0.0 	0.0 	-0.0 	22.0 	0.0 	0.0 	0.0 	5.96134131109	1.81467942693	178.452441653	-16.1082842865	
6.28333333333	0.0	0.0	0.0 	0.0 	218.233333333 	22.0 	0.0 	0.0 	0.0 	-0.0 	22.0 	0.0 	0.0 	0.0 	5.97126149532	1.81467942693	178.549017615	-16.1323158898	
6.3	0.0	0.0	0.0 	0.0 	218.6 	22.0 	0.0 	0.0 	0.0 	-0.0 	22.0 	0.0 	0.0 	0.0 	5.98114669369	1.81467942693	178.645753455	-16.1563872766	
6.31666666667	0.0	0.0	0.0 	0.0 	218.966666667 	22.0 	0.0 	0.0 	0.0 	-0.0 	22.0 	0.0 	0.0 	0.0 	5.99099702958	1.81467942693	178.742648609	-16.1804983065	
6.33333333333	0.0	0.0	0.0 	0.0 	219.333333333 	22.0 	0.0 	0.0 	0.0 	-0.0 	22.0 	0.0 	0.0 	0.0 	6.00081262595	1.81467942693	178.839702515	-16.2046488397	
6.35	0.0	0.0	0.0 	0.0 	219.7 	22.0 	0.0 	0.0 	0.0 	-0.0 	22.0 	0.0 	0.0 	0.0 	6.01059360531	1.81467942693	178.936914613	-16.2288387369	
6.36666666667	0.0	0.0	0.0 	0.0 	220.066666667 	22.0 	0.0 	0.0 	0.0 	-0.0 	22.0 	0.0 	0.0 	0.0 	6.02034008975	1.81467942693	179.034284346	-16.2530678592	
6.38333333333	0.0	0.0	0.0 	0.0 	220.433333333 	22.0 	0.0 	0.0 	0.0 	-0.0 	22.0 	0.0 	0.0 	0.0 	6.03005220092	1.81467942693	179.131811157	-16.2773360684	
6.4	0.0	0.0	0.0 	0.0 	220.8 	22.0 	0.0 	0.0 	0.0 	-0.0 	22.0 	0.0 	0.0 	0.0 	6.03973006006	1.81467942693	179.229494493	-16.3016432265	
6.41666666667	0.0	0.0	0.0 	0.0 	221.166666667 	22.0 	0.0 	0.0 	0.0 	-0.0 	22.0 	0.0 	0.0 	0.0 	6.04937378795	1.81467942693	179.327333801	-16.3259891962	
6.43333333333	0.0	0.0	0.0 	0.0 	221.533333333 	22.0 	0.0 	0.0 	0.0 	-0.0 	22.0 	0.0 	0.0 	0.0 	6.05898350496	1.81467942693	179.425328532	-16.3503738407	
6.45	0.0	0.0	0.0 	0.0 	221.9 	22.0 	0.0 	0.0 	0.0 	-0.0 	22.0 	0.0 	0.0 	0.0 	6.06855933105	1.81467942693	179.523478136	-16.3747970234	
6.46666666667	0.0	0.0	0.0 	0.0 	222.266666667 	22.0 	0.0 	0.0 	0.0 	-0.0 	22.0 	0.0 	0.0 	0.0 	6.07810138574	1.81467942693	179.621782069	-16.3992586086	
6.48333333333	0.0	0.0	0.0 	0.0 	222.633333333 	22.0 	0.0 	0.0 	0.0 	-0.0 	22.0 	0.0 	0.0 	0.0 	6.08760978814	1.81467942693	179.720239786	-16.4237584608	
6.5	0.0	0.0	0.0 	0.0 	223.0 	22.0 	0.0 	0.0 	0.0 	-0.0 	22.0 	0.0 	0.0 	0.0 	6.09708465692	1.81467942693	179.818850744	-16.448296445	
6.51666666667	0.0	0.0	0.0 	0.0 	223.366666667 	22.0 	0.0 	0.0 	0.0 	-0.0 	22.0 	0.0 	0.0 	0.0 	6.10652611035	1.81467942693	179.917614403	-16.4728724268	
6.53333333333	0.0	0.0	0.0 	0.0 	223.733333333 	22.0 	0.0 	0.0 	0.0 	-0.0 	22.0 	0.0 	0.0 	0.0 	6.11593426627	1.81467942693	180.016530224	-16.497486272	
6.55	-3.39009318962e-08	-8.68711379841e-09	0.0 	0.0 	224.0991825 	21.9019 	0.0 	0.0 	0.0 	-0.0 	21.95095 	-5.88599999998 	0.0 	0.0 	6.12530924212	1.81467942693	180.115597671	-16.5221378473	
6.56666666667	-3.39009318962e-08	-1.62075588077e-08	0.0 	0.0 	224.463396667 	21.8038 	0.0 	0.0 	0.0 	-0.0 	21.85285 	-5.88599999998 	0.0 	0.0 	6.13465115492	1.81467942693	180.214816209	-16.5468270195	
6.58333333333	-3.39009318962e-08	-2.2588821599e-08	0.0 	0.0 	224.825975833 	21.7057 	0.0 	0.0 	0.0 	-0.0 	21.75475 	-5.88599999998 	0.0 	0.0 	6.14396012127	1.81467942693	180.314185306	-16.5715536561	
6.6	-3.39009318962e-08	-2.7887803709e-08	0.0 	0.0 	225.18692 	21.6076 	0.0 	0.0 	0.0 	-0.0 	21.65665 	-5.88599999998 	0.0 	0.0 	6.15323625736	1.81467942693	180.413704429	-16.5963176249	
6.61666666667	-3.39009318962e-08	-3.21824251001e-08	0.0 	0.0 	225.546229167 	21.5095 	0.0 	0.0 	0.0 	-0.0 	21.55855 	-5.88599999998 	0.0 	0.0 	6.16247967898	1.81467942693	180.513373051	-16.6211187942	
6.63333333333	-3.39009318962e-08	-3.55644600156e-08	0.0 	0.0 	225.903903333 	21.4114 	0.0 	0.0 	0.0 	-0.0 	21.46045 	-5.88599999998 	0.0 	0.0 	6.1716905015	1.81467942693	180.613190644	-16.6459570329	
6.65	-3.39009318962e-08	-3.81335518213e-08	0.0 	0.0 	226.2599425 	21.3133 	0.0 	0.0 	0.0 	-0.0 	21.36235 	-5.88599999998 	0.0 	0.0 	6.18086883989	1.81467942693	180.713156682	-16.6708322102	
6.66666666667	3.35916170306e-07	5.47733038412e-08	0.0 	0.0 	226.614346667 	21.2152 	0.0 	0.0 	0.0 	0.0 	21.26425 	-5.8859999985 	0.0 	0.0 	6.19001480871	1.81467942693	180.813270642	-16.6957441959	
6.68333333333	3.35916170306e-07	1.35561831557e-07	0.0 	0.0 	226.967115833 	21.1171000001 	0.0 	0.0 	0.0 	0.0 	21.16615 	-5.8859999985 	0.0 	0.0 	6.19912852213	1.81467942693	180.913532002	-16.7206928601	
6.7	3.35916170306e-07	2.04434013622e-07	0.0 	0.0 	227.31825 	21.0190000001 	0.0 	0.0 	0.0 	0.0 	21.0680500001 	-5.8859999985 	0.0 	0.0 	6.20821009389	1.81467942693	181.013940243	-16.7456780735	
6.71666666667	3.35916170306e-07	2.61918772119e-07	0.0 	0.0 	227.667749167 	20.9209000001 	0.0 	0.0 	0.0 	0.0 	20.9699500001 	-5.8859999985 	0.0 	0.0 	6.21725963736	1.81467942693	181.114494846	-16.7706997071	
6.73333333333	3.35916170306e-07	3.08781878648e-07	0.0 	0.0 	228.015613333 	20.8228000001 	0.0 	0.0 	0.0 	0.0 	20.8718500001 	-5.8859999985 	0.0 	0.0 	6.22627726549	1.81467942693	181.215195296	-16.7957576326	
6.75	3.35916170306e-07	3.45948732822e-07	0.0 	0.0 	228.3618425 	20.7247000002 	0.0 	0.0 	0.0 	0.0 	20.7737500001 	-5.8859999985 	0.0 	0.0 	6.23526309083	1.81467942693	181.316041077	-16.820851722	
6.76666666667	3.35916170306e-07	3.74439527228e-07	0.0 	0.0 	228.706436667 	20.6266000002 	0.0 	0.0 	0.0 	0.0 	20.6756500002 	-5.8859999985 	0.0 	0.0 	6.24421722555	1.81467942693	181.417031678	-16.8459818477	
6.78333333333	2.03255052808e-06	8.30078592169e-07	0.0 	0.0 	229.049395833 	20.528500001 	0.0 	0.0 	0.0 	0.0 	20.5775500006 	-5.88599995187 	0.0 	0.0 	6.25313978141	1.81467942693	181.518166587	-16.8711478826	
6.8	2.03255052808e-06	1.2207761155e-06	0.0 	0.0 	229.39072 	20.4304000018 	0.0 	0.0 	0.0 	0.0 	20.4794500014 	-5.88599995187 	0.0 	0.0 	6.26203086978	1.81467942693	181.619445297	-16.8963497	
6.81666666667	2.03255052808e-06	1.54893464647e-06	0.0 	0.0 	229.730409167 	20.3323000026 	0.0 	0.0 	0.0 	0.0 	20.3813500022 	-5.88599995187 	0.0 	0.0 	6.27089060164	1.81467942693	181.720867298	-16.9215871739	
6.83333333333	2.03255052808e-06	1.81837050427e-06	0.0 	0.0 	230.068463333 	20.2342000034 	0.0 	0.0 	0.0 	0.0 	20.283250003 	-5.88599995187 	0.0 	0.0 	6.27971908758	1.81467942693	181.822432087	-16.9468601783	
6.85	2.03255052808e-06	2.03387641981e-06	0.0 	0.0 	230.4048825 	20.1361000042 	0.0 	0.0 	0.0 	0.0 	20.1851500038 	-5.88599995187 	0.0 	0.0 	6.28851643778	1.81467942693	181.924139159	-16.9721685881	
6.86666666667	2.03255052808e-06	2.20085207024e-06	0.0 	0.0 	230.739666667 	20.038000005 	0.0 	0.0 	0.0 	0.0 	20.0870500046 	-5.88599995187 	0.0 	0.0 	6.29728276206	1.81467942693	182.025988013	-16.9975122783	
6.88333333333	2.03255052808e-06	2.32499877613e-06	0.0 	0.0 	231.072815834 	19.9399000058 	0.0 	0.0 	0.0 	0.0 	19.9889500054 	-5.88599995187 	0.0 	0.0 	6.30601816984	1.81467942693	182.127978149	-17.0228911246	
6.9	-3.5686220789e-07	1.79978645185e-06	0.0 	0.0 	231.40433 	19.8418000058 	0.0 	0.0 	0.0 	0.0 	19.8908500058 	-5.8859999987 	0.0 	0.0 	6.31472277015	1.81467942693	182.230109068	-17.0483050029	
6.91666666667	-3.5686220789e-07	1.32535162992e-06	0.0 	0.0 	231.734209167 	19.7437000058 	0.0 	0.0 	0.0 	0.0 	19.7927500058 	-5.8859999987 	0.0 	0.0 	6.32339667164	1.81467942693	182.332380275	-17.0737537898	
6.93333333333	-3.5686220789e-07	9.05095460487e-07	0.0 	0.0 	232.062453334 	19.6456000059 	0.0 	0.0 	0.0 	0.0 	19.6946500058 	-5.8859999987 	0.0 	0.0 	6.33203998258	1.81467942693	182.434791273	-17.0992373619	
6.95	-3.5686220789e-07	5.39960752042e-07	0.0 	0.0 	232.389062501 	19.5475000059 	0.0 	0.0 	0.0 	0.0 	19.5965500059 	-5.8859999987 	0.0 	0.0 	6.34065281086	1.81467942693	182.537341571	-17.1247555969	
6.96666666667	-3.5686220789e-07	2.28955635499e-07	0.0 	0.0 	232.714036668 	19.4494000059 	0.0 	0.0 	0.0 	0.0 	19.4984500059 	-5.8859999987 	0.0 	0.0 	6.34923526397	1.81467942693	182.640030677	-17.1503083722	
6.98333333333	-3.5686220789e-07	-3.03801374281e-08	0.0 	0.0 	233.037375834 	19.3513000059 	0.0 	0.0 	0.0 	-0.0 	19.4003500059 	-5.8859999987 	0.0 	0.0 	6.35778744905	1.81467942693	182.742858101	-17.1758955662	
7.0	-4.30103230531e-07	-2.603359382e-07	0.0 	0.0 	233.359080001 	19.2532000059 	0.0 	0.0 	0.0 	-0.0 	19.3022500059 	-5.88599999833 	0.0 	0.0 	6.36630947283	1.81467942693	182.845823356	-17.2015170575	
7.01666666667	-4.30103230531e-07	-4.43856911684e-07	0.0 	0.0 	233.679149168 	19.155100006 	0.0 	0.0 	0.0 	-0.0 	19.204150006 	-5.88599999833 	0.0 	0.0 	6.3748014417	1.81467942693	182.948925956	-17.227172725	
7.03333333333	-4.30103230531e-07	-5.85655863597e-07	0.0 	0.0 	233.997583335 	19.057000006 	0.0 	0.0 	0.0 	-0.0 	19.106050006 	-5.88599999833 	0.0 	0.0 	6.38326346165	1.81467942693	183.052165415	-17.2528624484	
7.05	-4.30103230531e-07	-6.90689031547e-07	0.0 	0.0 	234.314382501 	18.958900006 	0.0 	0.0 	0.0 	-0.0 	19.007950006 	-5.88599999833 	0.0 	0.0 	6.39169563829	1.81467942693	183.155541252	-17.2785861074	
7.06666666667	-4.30103230531e-07	-7.63946430427e-07	0.0 	0.0 	234.629546668 	18.8608000061 	0.0 	0.0 	0.0 	-0.0 	18.909850006 	-5.88599999833 	0.0 	0.0 	6.40009807688	1.81467942693	183.259052986	-17.3043435824	
7.08333333333	-4.30103230531e-07	-8.10288314561e-07	0.0 	0.0 	234.943075835 	18.7627000061 	0.0 	0.0 	0.0 	-0.0 	18.8117500061 	-5.88599999833 	0.0 	0.0 	6.4084708823	1.81467942693	183.362700137	-17.3301347541	
7.1	-4.30103230531e-07	-8.3432249089e-07	0.0 	0.0 	235.254970002 	18.6646000061 	0.0 	0.0 	0.0 	-0.0 	18.7136500061 	-5.88599999833 	0.0 	0.0 	6.41681415905	1.81467942693	183.466482227	-17.3559595036	
7.11666666667	-9.74876548736e-07	-9.79915288448e-07	0.0 	0.0 	235.565229168 	18.5665000062 	0.0 	0.0 	0.0 	-0.0 	18.6155500062 	-5.88599999258 	0.0 	0.0 	6.42512801127	1.81467942693	183.570398781	-17.3818177127	
7.13333333333	-9.74876548736e-07	-1.09259224594e-06	0.0 	0.0 	235.873853335 	18.4684000064 	0.0 	0.0 	0.0 	-0.0 	18.5174500063 	-5.88599999258 	0.0 	0.0 	6.43341254275	1.81467942693	183.674449325	-17.4077092632	
7.15	-9.74876548736e-07	-1.17623827246e-06	0.0 	0.0 	236.180842502 	18.3703000065 	0.0 	0.0 	0.0 	-0.0 	18.4193500064 	-5.88599999258 	0.0 	0.0 	6.44166785687	1.81467942693	183.778633386	-17.4336340376	
7.16666666667	-9.74876548736e-07	-1.23477138914e-06	0.0 	0.0 	236.486196669 	18.2722000066 	0.0 	0.0 	0.0 	-0.0 	18.3212500065 	-5.88599999258 	0.0 	0.0 	6.4498940567	1.81467942693	183.882950493	-17.4595919186	
7.18333333333	-9.74876548736e-07	-1.27201284081e-06	0.0 	0.0 	236.789915836 	18.1741000067 	0.0 	0.0 	0.0 	-0.0 	18.2231500067 	-5.88599999258 	0.0 	0.0 	6.45809124489	1.81467942693	183.987400176	-17.4855827897	
7.2	-9.74876548736e-07	-1.29158945673e-06	0.0 	0.0 	237.092000002 	18.0760000069 	0.0 	0.0 	0.0 	-0.0 	18.1250500068 	-5.88599999258 	0.0 	0.0 	6.46625952378	1.81467942693	184.09198197	-17.5116065343	
7.21666666667	2.81434635903e-07	-9.74934314625e-07	0.0 	0.0 	237.392449169 	17.9779000069 	0.0 	0.0 	0.0 	-0.0 	18.0269500069 	-5.88599999946 	0.0 	0.0 	6.47439899531	1.81467942693	184.196695406	-17.5376630366	
7.23333333333	2.81434635903e-07	-6.9026504979e-07	0.0 	0.0 	237.691263336 	17.8798000069 	0.0 	0.0 	0.0 	-0.0 	17.9288500069 	-5.88599999946 	0.0 	0.0 	6.48250976108	1.81467942693	184.301540022	-17.563752181	
7.25	2.81434635903e-07	-4.39280754366e-07	0.0 	0.0 	237.988442503 	17.7817000069 	0.0 	0.0 	0.0 	-0.0 	17.8307500069 	-5.88599999946 	0.0 	0.0 	6.49059192234	1.81467942693	184.406515354	-17.5898738524	
7.26666666667	2.81434635903e-07	-2.22245569466e-07	0.0 	0.0 	238.283986669 	17.6836000069 	0.0 	0.0 	0.0 	-0.0 	17.7326500069 	-5.88599999946 	0.0 	0.0 	6.49864557995	1.81467942693	184.511620942	-17.6160279361	
7.28333333333	2.81434635903e-07	-3.83032947504e-08	0.0 	0.0 	238.577895836 	17.5855000069 	0.0 	0.0 	0.0 	-0.0 	17.6345500069 	-5.88599999946 	0.0 	0.0 	6.50667083444	1.81467942693	184.616856325	-17.6422143178	
7.3	2.81434635903e-07	1.14243778487e-07	0.0 	0.0 	238.870170003 	17.4874000069 	0.0 	0.0 	0.0 	0.0 	17.5364500069 	-5.88599999946 	0.0 	0.0 	6.51466778599	1.81467942693	184.722221048	-17.6684328836	
7.31666666667	2.81434635903e-07	2.3769247454e-07	0.0 	0.0 	239.16080917 	17.3893000069 	0.0 	0.0 	0.0 	0.0 	17.4383500069 	-5.88599999946 	0.0 	0.0 	6.52263653442	1.81467942693	184.827714652	-17.69468352	
7.33333333333	1.10665703017e-06	5.46195395054e-07	0.0 	0.0 	239.449813337 	17.291200007 	0.0 	0.0 	0.0 	0.0 	17.340250007 	-5.88599999279 	0.0 	0.0 	6.53057717918	1.81467942693	184.933336684	-17.7209661138	
7.35	1.10665703017e-06	8.0279958455e-07	0.0 	0.0 	239.737182503 	17.1931000072 	0.0 	0.0 	0.0 	0.0 	17.2421500071 	-5.88599999279 	0.0 	0.0 	6.53848981939	1.81467942693	185.039086691	-17.7472805524	
7.36666666667	1.10665703017e-06	1.01116337658e-06	0.0 	0.0 	240.02291667 	17.0950000073 	0.0 	0.0 	0.0 	0.0 	17.1440500072 	-5.88599999279 	0.0 	0.0 	6.54637455381	1.81467942693	185.144964221	-17.7736267235	
7.38333333333	1.10665703017e-06	1.17562949209e-06	0.0 	0.0 	240.307015837 	16.9969000074 	0.0 	0.0 	0.0 	0.0 	17.0459500073 	-5.88599999279 	0.0 	0.0 	6.55423148087	1.81467942693	185.250968826	-17.8000045151	
7.4	1.10665703017e-06	1.30093534216e-06	0.0 	0.0 	240.589480004 	16.8988000075 	0.0 	0.0 	0.0 	0.0 	16.9478500075 	-5.88599999279 	0.0 	0.0 	6.56206069863	1.81467942693	185.357100055	-17.8264138158	
7.41666666667	1.10665703017e-06	1.39197617873e-06	0.0 	0.0 	240.87030917 	16.8007000076 	0.0 	0.0 	0.0 	0.0 	16.8497500076 	-5.88599999279 	0.0 	0.0 	6.56986230481	1.81467942693	185.463357464	-17.8528545143	
7.43333333333	2.79837319508e-08	1.177206571e-06	0.0 	0.0 	241.149503337 	16.7026000076 	0.0 	0.0 	0.0 	0.0 	16.7516500076 	-5.886 	0.0 	0.0 	6.57763639679	1.81467942693	185.569740606	-17.8793265	
7.45	2.79837319508e-08	9.74846911292e-07	0.0 	0.0 	241.427062504 	16.6045000076 	0.0 	0.0 	0.0 	0.0 	16.6535500076 	-5.886 	0.0 	0.0 	6.58538307162	1.81467942693	185.676249039	-17.9058296626	
7.46666666667	2.79837319508e-08	7.88428700664e-07	0.0 	0.0 	241.702986671 	16.5064000076 	0.0 	0.0 	0.0 	0.0 	16.5554500076 	-5.886 	0.0 	0.0 	6.59310242597	1.81467942693	185.782882321	-17.932363892	
7.48333333333	2.79837319508e-08	6.20190682156e-07	0.0 	0.0 	241.977275838 	16.4083000076 	0.0 	0.0 	0.0 	0.0 	16.4573500076 	-5.886 	0.0 	0.0 	6.60079455621	1.81467942693	185.889640011	-17.9589290788	
7.5	2.79837319508e-08	4.71299750617e-07	0.0 	0.0 	242.249930004 	16.3102000076 	0.0 	0.0 	0.0 	0.0 	16.3592500076 	-5.886 	0.0 	0.0 	6.60845955835	1.81467942693	185.996521671	-17.9855251137	
7.51666666667	2.79837319508e-08	3.42055653092e-07	0.0 	0.0 	242.520949171 	16.2121000076 	0.0 	0.0 	0.0 	0.0 	16.2611500076 	-5.886 	0.0 	0.0 	6.61609752805	1.81467942693	186.103526863	-18.0121518879	
7.53333333333	2.79837319508e-08	2.32076729974e-07	0.0 	0.0 	242.790333338 	16.1140000076 	0.0 	0.0 	0.0 	0.0 	16.1630500076 	-5.886 	0.0 	0.0 	6.62370856066	1.81467942693	186.210655152	-18.038809293	
7.55	6.54673003493e-07	3.01054284202e-07	0.0 	0.0 	243.058082505 	16.0159000077 	0.0 	0.0 	0.0 	0.0 	16.0649500077 	-5.88599999814 	0.0 	0.0 	6.63129275117	1.81467942693	186.317906104	-18.0654972211	
7.56666666667	6.54673003493e-07	3.65562473706e-07	0.0 	0.0 	243.324196672 	15.9178000077 	0.0 	0.0 	0.0 	0.0 	15.9668500077 	-5.88599999814 	0.0 	0.0 	6.63885019426	1.81467942693	186.425279285	-18.0922155644	
7.58333333333	6.54673003493e-07	4.24591024628e-07	0.0 	0.0 	243.588675838 	15.8197000077 	0.0 	0.0 	0.0 	0.0 	15.8687500077 	-5.88599999814 	0.0 	0.0 	6.64638098424	1.81467942693	186.532774265	-18.1189642158	
7.6	6.54673003493e-07	4.77528213432e-07	0.0 	0.0 	243.851520005 	15.7216000078 	0.0 	0.0 	0.0 	0.0 	15.7706500078 	-5.88599999814 	0.0 	0.0 	6.65388521513	1.81467942693	186.640390615	-18.1457430682	
7.61666666667	6.54673003493e-07	5.24090309444e-07	0.0 	0.0 	244.112729172 	15.6235000078 	0.0 	0.0 	0.0 	0.0 	15.6725500078 	-5.88599999814 	0.0 	0.0 	6.66136298058	1.81467942693	186.748127906	-18.1725520152	
7.63333333333	6.54673003493e-07	5.64256643043e-07	0.0 	0.0 	244.372303339 	15.5254000078 	0.0 	0.0 	0.0 	0.0 	15.5744500078 	-5.88599999814 	0.0 	0.0 	6.66881437394	1.81467942693	186.855985712	-18.1993909507	
7.65	6.54673003493e-07	5.98211062846e-07	0.0 	0.0 	244.630242506 	15.4273000079 	0.0 	0.0 	0.0 	0.0 	15.4763500078 	-5.88599999814 	0.0 	0.0 	6.6762394882	1.81467942693	186.963963608	-18.2262597689	
7.66666666667	1.56156229701e-07	4.98545250554e-07	0.0 	0.0 	244.886546672 	15.3292000079 	0.0 	0.0 	0.0 	0.0 	15.3782500079 	-5.88599999991 	0.0 	0.0 	6.68363841606	1.81467942693	187.07206117	-18.2531583644	
7.68333333333	1.56156229701e-07	4.10604589127e-07	0.0 	0.0 	245.141215839 	15.2311000079 	0.0 	0.0 	0.0 	0.0 	15.2801500079 	-5.88599999991 	0.0 	0.0 	6.69101124986	1.81467942693	187.180277976	-18.2800866322	
7.7	1.56156229701e-07	3.34499065288e-07	0.0 	0.0 	245.394250006 	15.1330000079 	0.0 	0.0 	0.0 	0.0 	15.1820500079 	-5.88599999991 	0.0 	0.0 	6.69835808163	1.81467942693	187.288613606	-18.3070444676	
7.71666666667	1.56156229701e-07	2.69944070701e-07	0.0 	0.0 	245.645649173 	15.0349000079 	0.0 	0.0 	0.0 	0.0 	15.0839500079 	-5.88599999991 	0.0 	0.0 	6.70567900307	1.81467942693	187.397067641	-18.3340317664	
7.73333333333	1.56156229701e-07	2.16358079865e-07	0.0 	0.0 	245.89541334 	14.9368000079 	0.0 	0.0 	0.0 	0.0 	14.9858500079 	-5.88599999991 	0.0 	0.0 	6.71297410556	1.81467942693	187.505639663	-18.3610484247	
7.75	1.56156229701e-07	1.7294762915e-07	0.0 	0.0 	246.143542506 	14.8387000079 	0.0 	0.0 	0.0 	0.0 	14.8877500079 	-5.88599999991 	0.0 	0.0 	6.72024348016	1.81467942693	187.614329255	-18.3880943388	
7.76666666667	1.56156229701e-07	1.38779798612e-07	0.0 	0.0 	246.390036673 	14.7406000079 	0.0 	0.0 	0.0 	0.0 	14.7896500079 	-5.88599999991 	0.0 	0.0 	6.72748721761	1.81467942693	187.723136004	-18.4151694057	
7.78333333333	-1.68053822403e-08	6.85213303573e-08	0.0 	0.0 	246.63489584 	14.6425000079 	0.0 	0.0 	0.0 	0.0 	14.6915500079 	-5.886 	0.0 	0.0 	6.73470540831	1.81467942693	187.832059496	-18.4422735226	
7.8	-1.68053822403e-08	1.14045576911e-08	0.0 	0.0 	246.878120007 	14.5444000079 	0.0 	0.0 	0.0 	0.0 	14.5934500079 	-5.886 	0.0 	0.0 	6.74189814236	1.81467942693	187.941099319	-18.4694065869	
7.81666666667	-1.68053822403e-08	-3.37425017481e-08	0.0 	0.0 	247.119709174 	14.4463000079 	0.0 	0.0 	0.0 	-0.0 	14.4953500079 	-5.886 	0.0 	0.0 	6.74906550955	1.81467942693	188.050255064	-18.4965684966	
7.83333333333	-1.68053822403e-08	-6.82021878288e-08	0.0 	0.0 	247.35966334 	14.3482000079 	0.0 	0.0 	0.0 	-0.0 	14.3972500079 	-5.886 	0.0 	0.0 	6.75620759933	1.81467942693	188.159526321	-18.5237591499	
7.85	-1.68053822403e-08	-9.33022943667e-08	0.0 	0.0 	247.597982507 	14.2501000079 	0.0 	0.0 	0.0 	-0.0 	14.2991500079 	-5.886 	0.0 	0.0 	6.76332450086	1.81467942693	188.268912683	-18.5509784456	
7.86666666667	-1.68053822403e-08	-1.1036434843e-07	0.0 	0.0 	247.834666674 	14.1520000079 	0.0 	0.0 	0.0 	-0.0 	14.2010500079 	-5.886 	0.0 	0.0 	6.77041630296	1.81467942693	188.378413743	-18.5782262825	
7.88333333333	-1.68053822403e-08	-1.20663722635e-07	0.0 	0.0 	248.069715841 	14.0539000079 	0.0 	0.0 	0.0 	-0.0 	14.1029500079 	-5.886 	0.0 	0.0 	6.77748309416	1.81467942693	188.488029099	-18.60550256	
7.9	-3.15516861639e-07	-2.01944981103e-07	0.0 	0.0 	248.303130008 	13.9558000079 	0.0 	0.0 	0.0 	-0.0 	14.0048500079 	-5.88599999975 	0.0 	0.0 	6.78452496265	1.81467942693	188.597758345	-18.6328071778	
7.91666666667	-3.15516861639e-07	-2.68487077682e-07	0.0 	0.0 	248.534909174 	13.8577000079 	0.0 	0.0 	0.0 	-0.0 	13.9067500079 	-5.88599999975 	0.0 	0.0 	6.79154199635	1.81467942693	188.707601081	-18.6601400359	
7.93333333333	-3.15516861639e-07	-3.2152688328e-07	0.0 	0.0 	248.765053341 	13.7596000079 	0.0 	0.0 	0.0 	-0.0 	13.8086500079 	-5.88599999975 	0.0 	0.0 	6.79853428282	1.81467942693	188.817556907	-18.6875010349	
7.95	-3.15516861639e-07	-3.62444919442e-07	0.0 	0.0 	248.993562508 	13.6615000079 	0.0 	0.0 	0.0 	-0.0 	13.7105500079 	-5.88599999975 	0.0 	0.0 	6.80550190935	1.81467942693	188.927625424	-18.7148900753	
7.96666666667	-3.15516861639e-07	-3.92689895661e-07	0.0 	0.0 	249.220436675 	13.5634000079 	0.0 	0.0 	0.0 	-0.0 	13.6124500079 	-5.88599999975 	0.0 	0.0 	6.81244496292	1.81467942693	189.037806233	-18.7423070584	
7.98333333333	-3.15516861639e-07	-4.13718094917e-07	0.0 	0.0 	249.445675842 	13.4653000079 	0.0 	0.0 	0.0 	-0.0 	13.5143500079 	-5.88599999975 	0.0 	0.0 	6.81936353017	1.81467942693	189.14809894	-18.7697518856	
8.0	7.61504728088e-07	-1.50959378434e-07	0.0 	0.0 	249.669280008 	13.3672000079 	0.0 	0.0 	0.0 	-0.0 	13.4162500079 	-5.88599999877 	0.0 	0.0 	6.82625769747	1.81467942693	189.258503149	-18.7972244586	
8.01666666667	7.61504728088e-07	8.11931301702e-08	0.0 	0.0 	249.891249175 	13.2691000079 	0.0 	0.0 	0.0 	0.0 	13.3181500079 	-5.88599999877 	0.0 	0.0 	6.83312755087	1.81467942693	189.369018468	-18.8247246797	
8.03333333333	7.61504728088e-07	2.82371061773e-07	0.0 	0.0 	250.111583342 	13.171000008 	0.0 	0.0 	0.0 	0.0 	13.2200500079 	-5.88599999877 	0.0 	0.0 	6.83997317612	1.81467942693	189.479644504	-18.8522524513	
8.05	7.61504728088e-07	4.53256885838e-07	0.0 	0.0 	250.330282509 	13.072900008 	0.0 	0.0 	0.0 	0.0 	13.121950008 	-5.88599999877 	0.0 	0.0 	6.84679465866	1.81467942693	189.590380867	-18.8798076762	
8.06666666667	7.61504728088e-07	5.95326144558e-07	0.0 	0.0 	250.547346676 	12.974800008 	0.0 	0.0 	0.0 	0.0 	13.023850008 	-5.88599999877 	0.0 	0.0 	6.85359208364	1.81467942693	189.701227168	-18.9073902577	
8.08333333333	7.61504728088e-07	7.10622900801e-07	0.0 	0.0 	250.762775842 	12.876700008 	0.0 	0.0 	0.0 	0.0 	12.925750008 	-5.88599999877 	0.0 	0.0 	6.8603655359	1.81467942693	189.812183019	-18.9350000992	
8.1	7.61504728088e-07	8.01567943993e-07	0.0 	0.0 	250.976570009 	12.778600008 	0.0 	0.0 	0.0 	0.0 	12.827650008 	-5.88599999877 	0.0 	0.0 	6.8671151	1.81467942693	189.923248034	-18.9626371046	
8.11666666667	-6.99083029283e-07	4.96522764143e-07	0.0 	0.0 	251.188729176 	12.6805000081 	0.0 	0.0 	0.0 	0.0 	12.729550008 	-5.88599999916 	0.0 	0.0 	6.87384086017	1.81467942693	190.034421828	-18.9903011782	
8.13333333333	-6.99083029283e-07	2.22750068715e-07	0.0 	0.0 	251.399253343 	12.5824000081 	0.0 	0.0 	0.0 	0.0 	12.6314500081 	-5.88599999916 	0.0 	0.0 	6.88054290036	1.81467942693	190.145704017	-19.0179922244	
8.15	-6.99083029283e-07	-1.82310545544e-08	0.0 	0.0 	251.60814251 	12.4843000081 	0.0 	0.0 	0.0 	-0.0 	12.5333500081 	-5.88599999916 	0.0 	0.0 	6.88722130424	1.81467942693	190.257094219	-19.0457101481	
8.16666666667	-6.99083029283e-07	-2.26268049298e-07	0.0 	0.0 	251.815396676 	12.3862000081 	0.0 	0.0 	0.0 	-0.0 	12.4352500081 	-5.88599999916 	0.0 	0.0 	6.89387615516	1.81467942693	190.368592053	-19.0734548546	
8.18333333333	-6.99083029283e-07	-4.02272188349e-07	0.0 	0.0 	252.021015843 	12.2881000081 	0.0 	0.0 	0.0 	-0.0 	12.3371500081 	-5.88599999916 	0.0 	0.0 	6.90050753618	1.81467942693	190.480197139	-19.1012262494	
8.2	-6.99083029283e-07	-5.47950734893e-07	0.0 	0.0 	252.22500001 	12.1900000081 	0.0 	0.0 	0.0 	-0.0 	12.2390500081 	-5.88599999916 	0.0 	0.0 	6.90711553008	1.81467942693	190.591909099	-19.1290242383	
8.21666666667	-6.99083029283e-07	-6.65574492664e-07	0.0 	0.0 	252.427349177 	12.0919000081 	0.0 	0.0 	0.0 	-0.0 	12.1409500081 	-5.88599999916 	0.0 	0.0 	6.91370021934	1.81467942693	190.703727556	-19.1568487276	
8.23333333333	-9.27827696475e-07	-8.16395867674e-07	0.0 	0.0 	252.628063344 	11.9938000082 	0.0 	0.0 	0.0 	-0.0 	12.0428500081 	-5.88599999882 	0.0 	0.0 	6.92026168614	1.81467942693	190.815652136	-19.1846996238	
8.25	-9.27827696475e-07	-9.36764677957e-07	0.0 	0.0 	252.82714251 	11.8957000082 	0.0 	0.0 	0.0 	-0.0 	11.9447500082 	-5.88599999882 	0.0 	0.0 	6.92680001239	1.81467942693	190.927682462	-19.2125768338	
8.26666666667	-9.27827696475e-07	-1.02977122525e-06	0.0 	0.0 	253.024586677 	11.7976000082 	0.0 	0.0 	0.0 	-0.0 	11.8466500082 	-5.88599999882 	0.0 	0.0 	6.9333152797	1.81467942693	191.039818163	-19.2404802647	
8.28333333333	-9.27827696475e-07	-1.09866556414e-06	0.0 	0.0 	253.220395844 	11.6995000082 	0.0 	0.0 	0.0 	-0.0 	11.7485500082 	-5.88599999882 	0.0 	0.0 	6.93980756938	1.81467942693	191.152058867	-19.2684098242	
8.3	-9.27827696475e-07	-1.1467199934e-06	0.0 	0.0 	253.414570011 	11.6014000082 	0.0 	0.0 	0.0 	-0.0 	11.6504500082 	-5.88599999882 	0.0 	0.0 	6.94627696248	1.81467942693	191.264404203	-19.29636542	
8.31666666667	-9.27827696475e-07	-1.17712179181e-06	0.0 	0.0 	253.607109178 	11.5033000083 	0.0 	0.0 	0.0 	-0.0 	11.5523500082 	-5.88599999882 	0.0 	0.0 	6.95272353975	1.81467942693	191.376853803	-19.3243469604	
8.33333333333	1.00920769249e-06	-6.96527426671e-07	0.0 	0.0 	253.798013344 	11.4052000083 	0.0 	0.0 	0.0 	-0.0 	11.4542500083 	-5.88599999885 	0.0 	0.0 	6.95914738164	1.81467942693	191.489407298	-19.3523543538	
8.35	1.00920769249e-06	-2.70762571216e-07	0.0 	0.0 	253.987282511 	11.3071000083 	0.0 	0.0 	0.0 	-0.0 	11.3561500083 	-5.88599999885 	0.0 	0.0 	6.96554856835	1.81467942693	191.602064323	-19.380387509	
8.36666666667	1.00920769249e-06	9.92042625031e-08	0.0 	0.0 	254.174916678 	11.2090000083 	0.0 	0.0 	0.0 	0.0 	11.2580500083 	-5.88599999885 	0.0 	0.0 	6.97192717977	1.81467942693	191.714824512	-19.4084463352	
8.38333333333	1.00920769249e-06	4.14366165822e-07	0.0 	0.0 	254.360915845 	11.1109000083 	0.0 	0.0 	0.0 	0.0 	11.1599500083 	-5.88599999885 	0.0 	0.0 	6.97828329552	1.81467942693	191.827687501	-19.436530742	
8.4	1.00920769249e-06	6.77205438603e-07	0.0 	0.0 	254.545280012 	11.0128000084 	0.0 	0.0 	0.0 	0.0 	11.0618500083 	-5.88599999885 	0.0 	0.0 	6.98461699493	1.81467942693	191.940652928	-19.4646406389	
8.41666666667	1.00920769249e-06	8.91280945442e-07	0.0 	0.0 	254.728009178 	10.9147000084 	0.0 	0.0 	0.0 	0.0 	10.9637500084 	-5.88599999885 	0.0 	0.0 	6.99092835707	1.81467942693	192.053720432	-19.4927759362	
8.43333333333	1.00920769249e-06	1.06087467409e-06	0.0 	0.0 	254.909103345 	10.8166000084 	0.0 	0.0 	0.0 	0.0 	10.8656500084 	-5.88599999885 	0.0 	0.0 	6.9972174607	1.81467942693	192.166889652	-19.5209365443	
8.45	4.58835427248e-07	1.04966232764e-06	0.0 	0.0 	255.088562512 	10.7185000084 	0.0 	0.0 	0.0 	0.0 	10.7675500084 	-5.88599999981 	0.0 	0.0 	7.00348438433	1.81467942693	192.28016023	-19.5491223739	
8.46666666667	4.58835427248e-07	1.02250941851e-06	0.0 	0.0 	255.266386679 	10.6204000084 	0.0 	0.0 	0.0 	0.0 	10.6694500084 	-5.88599999981 	0.0 	0.0 	7.00972920618	1.81467942693	192.393531809	-19.5773333361	
8.48333333333	4.58835427248e-07	9.83851101711e-07	0.0 	0.0 	255.442575846 	10.5223000084 	0.0 	0.0 	0.0 	0.0 	10.5713500084 	-5.88599999981 	0.0 	0.0 	7.01595200421	1.81467942693	192.507004032	-19.6055693421	
8.5	4.58835427248e-07	9.37484166361e-07	0.0 	0.0 	255.617130012 	10.4242000084 	0.0 	0.0 	0.0 	0.0 	10.4732500084 	-5.88599999981 	0.0 	0.0 	7.02215285607	1.81467942693	192.620576544	-19.6338303038	
8.51666666667	4.58835427248e-07	8.86592018368e-07	0.0 	0.0 	255.790049179 	10.3261000084 	0.0 	0.0 	0.0 	0.0 	10.3751500084 	-5.88599999981 	0.0 	0.0 	7.02833183917	1.81467942693	192.734248991	-19.6621161331	
8.53333333333	4.58835427248e-07	8.33783210201e-07	0.0 	0.0 	255.961333346 	10.2280000084 	0.0 	0.0 	0.0 	0.0 	10.2770500084 	-5.88599999981 	0.0 	0.0 	7.03448903064	1.81467942693	192.848021022	-19.6904267422	
8.55	-3.52260423128e-06	-2.39104646844e-07	0.0 	0.0 	256.130982513 	10.1299000086 	0.0 	0.0 	0.0 	-0.0 	10.1789500085 	-5.88599999126 	0.0 	0.0 	7.04062450732	1.81467942693	192.961892284	-19.7187620439	
8.56666666667	-3.52260423128e-06	-1.17320209807e-06	0.0 	0.0 	256.29899668 	10.0318000087 	0.0 	0.0 	0.0 	-0.0 	10.0808500086 	-5.88599999126 	0.0 	0.0 	7.0467383458	1.81467942693	193.075862429	-19.747121951	
8.58333333333	-3.52260423128e-06	-1.97054643943e-06	0.0 	0.0 	256.465375847 	9.93370000885 	0.0 	0.0 	0.0 	-0.0 	9.98275000877 	-5.88599999126 	0.0 	0.0 	7.0528306224	1.81467942693	193.189931106	-19.7755063766	
8.6	-3.52260423128e-06	-2.63699010998e-06	0.0 	0.0 	256.630120013 	9.83560000899 	0.0 	0.0 	0.0 	-0.0 	9.88465000892 	-5.88599999126 	0.0 	0.0 	7.05890141315	1.81467942693	193.304097969	-19.8039152345	
8.61666666667	-3.52260423128e-06	-3.18115939594e-06	0.0 	0.0 	256.79322918 	9.73750000914 	0.0 	0.0 	0.0 	-0.0 	9.78655000906 	-5.88599999126 	0.0 	0.0 	7.06495079383	1.81467942693	193.418362672	-19.8323484384	
8.63333333333	-3.52260423128e-06	-3.61356074367e-06	0.0 	0.0 	256.954703347 	9.63940000928 	0.0 	0.0 	0.0 	-0.0 	9.68845000921 	-5.88599999126 	0.0 	0.0 	7.07097883995	1.81467942693	193.532724869	-19.8608059023	
8.65	-3.52260423128e-06	-3.94582939715e-06	0.0 	0.0 	257.114542514 	9.54130000943 	0.0 	0.0 	0.0 	-0.0 	9.59035000935 	-5.88599999126 	0.0 	0.0 	7.07698562675	1.81467942693	193.647184217	-19.8892875409	
8.66666666667	1.71893265447e-07	-3.24339683363e-06	0.0 	0.0 	257.272746681 	9.44320000943 	0.0 	0.0 	0.0 	-0.0 	9.49225000943 	-5.88599999998 	0.0 	0.0 	7.08297122921	1.81467942693	193.761740372	-19.9177932688	
8.68333333333	1.71893265447e-07	-2.5922837813e-06	0.0 	0.0 	257.429315847 	9.34510000943 	0.0 	0.0 	0.0 	-0.0 	9.39415000943 	-5.88599999998 	0.0 	0.0 	7.08893572203	1.81467942693	193.876392994	-19.946323001	
8.7	1.71893265447e-07	-2.00129063303e-06	0.0 	0.0 	257.584250014 	9.24700000943 	0.0 	0.0 	0.0 	-0.0 	9.29605000943 	-5.88599999998 	0.0 	0.0 	7.09487917966	1.81467942693	193.991141743	-19.974876653	
8.71666666667	1.71893265447e-07	-1.4753589463e-06	0.0 	0.0 	257.737549181 	9.14890000943 	0.0 	0.0 	0.0 	-0.0 	9.19795000943 	-5.88599999998 	0.0 	0.0 	7.1008016763	1.81467942693	194.105986278	-20.0034541403	
8.73333333333	1.71893265447e-07	-1.01628525747e-06	0.0 	0.0 	257.889213348 	9.05080000943 	0.0 	0.0 	0.0 	-0.0 	9.09985000943 	-5.88599999998 	0.0 	0.0 	7.10670328586	1.81467942693	194.220926263	-20.0320553789	
8.75	1.71893265447e-07	-6.23372569778e-07	0.0 	0.0 	258.039242515 	8.95270000943 	0.0 	0.0 	0.0 	-0.0 	9.00175000943 	-5.88599999998 	0.0 	0.0 	7.11258408201	1.81467942693	194.335961361	-20.060680285	
8.76666666667	1.71893265447e-07	-2.94013179469e-07	0.0 	0.0 	258.187636682 	8.85460000943 	0.0 	0.0 	0.0 	-0.0 	8.90365000943 	-5.88599999998 	0.0 	0.0 	7.11844413814	1.81467942693	194.451091236	-20.0893287751	
8.78333333333	-9.79057499732e-07	-3.19131209153e-07	0.0 	0.0 	258.334395848 	8.75650000944 	0.0 	0.0 	0.0 	-0.0 	8.80555000943 	-5.88599999962 	0.0 	0.0 	7.12428352742	1.81467942693	194.566315555	-20.1180007662	
8.8	-9.79057499732e-07	-3.59220378738e-07	0.0 	0.0 	258.479520015 	8.65840000944 	0.0 	0.0 	0.0 	-0.0 	8.70745000944 	-5.88599999962 	0.0 	0.0 	7.13010232271	1.81467942693	194.681633983	-20.1466961752	
8.81666666667	-9.79057499732e-07	-4.09659395198e-07	0.0 	0.0 	258.623009182 	8.56030000945 	0.0 	0.0 	0.0 	-0.0 	8.60935000945 	-5.88599999962 	0.0 	0.0 	7.13590059666	1.81467942693	194.797046189	-20.1754149197	
8.83333333333	-9.79057499732e-07	-4.66543323722e-07	0.0 	0.0 	258.764863349 	8.46220000945 	0.0 	0.0 	0.0 	-0.0 	8.51125000945 	-5.88599999962 	0.0 	0.0 	7.14167842163	1.81467942693	194.912551843	-20.2041569172	
8.85	-9.79057499732e-07	-5.26644436327e-07	0.0 	0.0 	258.905082516 	8.36410000946 	0.0 	0.0 	0.0 	-0.0 	8.41315000946 	-5.88599999962 	0.0 	0.0 	7.14743586975	1.81467942693	195.028150615	-20.2329220859	
8.86666666667	-9.79057499732e-07	-5.87360706828e-07	0.0 	0.0 	259.043666683 	8.26600000947 	0.0 	0.0 	0.0 	-0.0 	8.31505000946 	-5.88599999962 	0.0 	0.0 	7.15317301287	1.81467942693	195.143842177	-20.2617103439	
8.88333333333	-9.79057499732e-07	-6.46656341245e-07	0.0 	0.0 	259.180615849 	8.16790000947 	0.0 	0.0 	0.0 	-0.0 	8.21695000947 	-5.88599999962 	0.0 	0.0 	7.15888992261	1.81467942693	195.2596262	-20.2905216099	
8.9	-7.23497201608e-07	-6.37510667726e-07	0.0 	0.0 	259.315930016 	8.06980000948 	0.0 	0.0 	0.0 	-0.0 	8.11885000948 	-5.88599999985 	0.0 	0.0 	7.16458667032	1.81467942693	195.37550236	-20.3193558027	
8.91666666667	-7.23497201608e-07	-6.33109849933e-07	0.0 	0.0 	259.449609183 	7.97170000948 	0.0 	0.0 	0.0 	-0.0 	8.02075000948 	-5.88599999985 	0.0 	0.0 	7.17026332711	1.81467942693	195.49147033	-20.3482128414	
8.93333333333	-7.23497201608e-07	-6.32523820883e-07	0.0 	0.0 	259.58165335 	7.87360000948 	0.0 	0.0 	0.0 	-0.0 	7.92265000948 	-5.88599999985 	0.0 	0.0 	7.17591996385	1.81467942693	195.607529789	-20.3770926456	
8.95	-7.23497201608e-07	-6.34912566517e-07	0.0 	0.0 	259.712062517 	7.77550000948 	0.0 	0.0 	0.0 	-0.0 	7.82455000948 	-5.88599999985 	0.0 	0.0 	7.18155665112	1.81467942693	195.723680412	-20.4059951348	
8.96666666667	-7.23497201608e-07	-6.3953211423e-07	0.0 	0.0 	259.840836683 	7.67740000949 	0.0 	0.0 	0.0 	-0.0 	7.72645000949 	-5.88599999985 	0.0 	0.0 	7.18717345929	1.81467942693	195.839921878	-20.4349202291	
8.98333333333	-7.23497201608e-07	-6.45736172688e-07	0.0 	0.0 	259.96797585 	7.57930000949 	0.0 	0.0 	0.0 	-0.0 	7.62835000949 	-5.88599999985 	0.0 	0.0 	7.19277045846	1.81467942693	195.956253867	-20.4638678488	
9.0	-7.23497201608e-07	-6.52974350147e-07	0.0 	0.0 	260.093480017 	7.48120000949 	0.0 	0.0 	0.0 	-0.0 	7.53025000949 	-5.88599999985 	0.0 	0.0 	7.19834771851	1.81467942693	196.072676059	-20.4928379144	
9.01666666667	-2.88004805122e-06	-1.213403932e-06	0.0 	0.0 	260.217349184 	7.38310000952 	0.0 	0.0 	0.0 	-0.0 	7.43215000951 	-5.88599999833 	0.0 	0.0 	7.20390530903	1.81467942693	196.189188137	-20.5218303468	
9.03333333333	-2.88004805122e-06	-1.69981948666e-06	0.0 	0.0 	260.339583351 	7.28500000955 	0.0 	0.0 	0.0 	-0.0 	7.33405000953 	-5.88599999833 	0.0 	0.0 	7.20944329941	1.81467942693	196.305789784	-20.5508450671	
9.05	-2.88004805122e-06	-2.11367368417e-06	0.0 	0.0 	260.460182518 	7.18690000958 	0.0 	0.0 	0.0 	-0.0 	7.23595000956 	-5.88599999833 	0.0 	0.0 	7.21496175877	1.81467942693	196.422480683	-20.5798819967	
9.06666666667	-2.88004805122e-06	-2.4583598862e-06	0.0 	0.0 	260.579146684 	7.0888000096 	0.0 	0.0 	0.0 	-0.0 	7.13785000959 	-5.88599999833 	0.0 	0.0 	7.22046075598	1.81467942693	196.53926052	-20.6089410572	
9.08333333333	-2.88004805122e-06	-2.73866944794e-06	0.0 	0.0 	260.696475851 	6.99070000963 	0.0 	0.0 	0.0 	-0.0 	7.03975000962 	-5.88599999833 	0.0 	0.0 	7.22594035968	1.81467942693	196.656128981	-20.6380221706	
9.1	-2.88004805122e-06	-2.96032743964e-06	0.0 	0.0 	260.812170018 	6.89260000966 	0.0 	0.0 	0.0 	-0.0 	6.94165000964 	-5.88599999833 	0.0 	0.0 	7.23140063828	1.81467942693	196.773085754	-20.6671252591	
9.11666666667	-1.93343751335e-06	-2.88703470198e-06	0.0 	0.0 	260.926229185 	6.79450000967 	0.0 	0.0 	0.0 	-0.0 	6.84355000966 	-5.88599999946 	0.0 	0.0 	7.23684165992	1.81467942693	196.890130527	-20.6962502453	
9.13333333333	-1.93343751335e-06	-2.80043291816e-06	0.0 	0.0 	261.038653352 	6.69640000968 	0.0 	0.0 	0.0 	-0.0 	6.74545000967 	-5.88599999946 	0.0 	0.0 	7.24226349251	1.81467942693	197.007262989	-20.7253970519	
9.15	-1.93343751335e-06	-2.70622292929e-06	0.0 	0.0 	261.149442519 	6.59830000969 	0.0 	0.0 	0.0 	-0.0 	6.64735000968 	-5.88599999946 	0.0 	0.0 	7.24766620375	1.81467942693	197.124482833	-20.7545656019	
9.16666666667	-1.93343751335e-06	-2.60906064367e-06	0.0 	0.0 	261.258596685 	6.50020000969 	0.0 	0.0 	0.0 	-0.0 	6.54925000969 	-5.88599999946 	0.0 	0.0 	7.25304986105	1.81467942693	197.241789748	-20.7837558187	
9.18333333333	-1.93343751335e-06	-2.51264664949e-06	0.0 	0.0 	261.366115852 	6.4021000097 	0.0 	0.0 	0.0 	-0.0 	6.4511500097 	-5.88599999946 	0.0 	0.0 	7.25841453162	1.81467942693	197.359183429	-20.8129676258	
9.2	-1.93343751335e-06	-2.4198255185e-06	0.0 	0.0 	261.472000019 	6.30400000971 	0.0 	0.0 	0.0 	-0.0 	6.35305000971 	-5.88599999946 	0.0 	0.0 	7.26376028242	1.81467942693	197.476663569	-20.8422009471	
9.21666666667	-1.93343751335e-06	-2.33268951682e-06	0.0 	0.0 	261.576249186 	6.20590000972 	0.0 	0.0 	0.0 	-0.0 	6.25495000972 	-5.88599999946 	0.0 	0.0 	7.26908718017	1.81467942693	197.594229864	-20.8714557068	
9.23333333333	-1.05216060256e-06	-2.02685528202e-06	0.0 	0.0 	261.678863353 	6.10780000972 	0.0 	0.0 	0.0 	-0.0 	6.15685000972 	-5.88599999989 	0.0 	0.0 	7.27439529137	1.81467942693	197.711882009	-20.9007318292	
9.25	-1.05216060256e-06	-1.75937454132e-06	0.0 	0.0 	261.77984252 	6.00970000973 	0.0 	0.0 	0.0 	-0.0 	6.05875000972 	-5.88599999989 	0.0 	0.0 	7.27968468226	1.81467942693	197.829619701	-20.930029239	
9.26666666667	-1.05216060256e-06	-1.52997653169e-06	0.0 	0.0 	261.879186686 	5.91160000973 	0.0 	0.0 	0.0 	-0.0 	5.96065000973 	-5.88599999989 	0.0 	0.0 	7.28495541888	1.81467942693	197.94744264	-20.9593478611	
9.28333333333	-1.05216060256e-06	-1.33726132644e-06	0.0 	0.0 	261.976895853 	5.81350000973 	0.0 	0.0 	0.0 	-0.0 	5.86255000973 	-5.88599999989 	0.0 	0.0 	7.290207567	1.81467942693	198.065350524	-20.9886876207	
9.3	-1.05216060256e-06	-1.17899764475e-06	0.0 	0.0 	262.07297002 	5.71540000973 	0.0 	0.0 	0.0 	-0.0 	5.76445000973 	-5.88599999989 	0.0 	0.0 	7.29544119219	1.81467942693	198.183343054	-21.0180484433	
9.31666666667	-1.05216060256e-06	-1.05237963388e-06	0.0 	0.0 	262.167409187 	5.61730000973 	0.0 	0.0 	0.0 	-0.0 	5.66635000973 	-5.88599999989 	0.0 	0.0 	7.30065635977	1.81467942693	198.301419932	-21.0474302545	
9.33333333333	-2.15273147645e-06	-1.23626511715e-06	0.0 	0.0 	262.260213354 	5.51920000974 	0.0 	0.0 	0.0 	-0.0 	5.56825000974 	-5.8859999997 	0.0 	0.0 	7.30585313484	1.81467942693	198.419580859	-21.0768329804	
9.35	-2.15273147645e-06	-1.40741594042e-06	0.0 	0.0 	262.35138252 	5.42110000974 	0.0 	0.0 	0.0 	-0.0 	5.47015000974 	-5.8859999997 	0.0 	0.0 	7.31103158226	1.81467942693	198.53782554	-21.1062565471	
9.36666666667	-2.15273147645e-06	-1.56334893895e-06	0.0 	0.0 	262.440916687 	5.32300000975 	0.0 	0.0 	0.0 	-0.0 	5.37205000974 	-5.8859999997 	0.0 	0.0 	7.31619176667	1.81467942693	198.656153678	-21.1357008813	
9.38333333333	-2.15273147645e-06	-1.70261521711e-06	0.0 	0.0 	262.528815854 	5.22490000975 	0.0 	0.0 	0.0 	-0.0 	5.27395000975 	-5.8859999997 	0.0 	0.0 	7.32133375247	1.81467942693	198.774564981	-21.1651659096	
9.4	-2.15273147645e-06	-1.82461271578e-06	0.0 	0.0 	262.615080021 	5.12680000976 	0.0 	0.0 	0.0 	-0.0 	5.17585000975 	-5.8859999997 	0.0 	0.0 	7.32645760386	1.81467942693	198.893059153	-21.1946515591	
9.41666666667	-2.15273147645e-06	-1.92941448853e-06	0.0 	0.0 	262.699709188 	5.02870000976 	0.0 	0.0 	0.0 	-0.0 	5.07775000976 	-5.8859999997 	0.0 	0.0 	7.33156338478	1.81467942693	199.011635904	-21.224157757	
9.43333333333	-2.15273147645e-06	-2.01761451828e-06	0.0 	0.0 	262.782703355 	4.93060000977 	0.0 	0.0 	0.0 	-0.0 	4.97965000976 	-5.8859999997 	0.0 	0.0 	7.33665115896	1.81467942693	199.130294942	-21.2536844308	
9.45	-1.61107191959e-06	-1.95139168483e-06	0.0 	0.0 	262.864062521 	4.83250000977 	0.0 	0.0 	0.0 	-0.0 	4.88155000977 	-5.8859999999 	0.0 	0.0 	7.34172098991	1.81467942693	199.249035977	-21.2832315085	
9.46666666667	-1.61107191959e-06	-1.88943399625e-06	0.0 	0.0 	262.943786688 	4.73440000977 	0.0 	0.0 	0.0 	-0.0 	4.78345000977 	-5.8859999999 	0.0 	0.0 	7.34677294092	1.81467942693	199.367858719	-21.3127989179	
9.48333333333	-1.61107191959e-06	-1.8327179727e-06	0.0 	0.0 	263.021875855 	4.63630000977 	0.0 	0.0 	0.0 	-0.0 	4.68535000977 	-5.8859999999 	0.0 	0.0 	7.35180707503	1.81467942693	199.48676288	-21.3423865874	
9.5	-1.61107191959e-06	-1.78183661529e-06	0.0 	0.0 	263.098330022 	4.53820000977 	0.0 	0.0 	0.0 	-0.0 	4.58725000977 	-5.8859999999 	0.0 	0.0 	7.35682345508	1.81467942693	199.605748174	-21.3719944456	
9.51666666667	-1.61107191959e-06	-1.73706716656e-06	0.0 	0.0 	263.173149189 	4.44010000978 	0.0 	0.0 	0.0 	-0.0 	4.48915000977 	-5.8859999999 	0.0 	0.0 	7.36182214369	1.81467942693	199.724814314	-21.4016224212	
9.53333333333	-1.61107191959e-06	-1.69843349233e-06	0.0 	0.0 	263.246333356 	4.34200000978 	0.0 	0.0 	0.0 	-0.0 	4.39105000978 	-5.8859999999 	0.0 	0.0 	7.36680320325	1.81467942693	199.843961014	-21.4312704432	
9.55	1.50966205296e-06	-8.66074265178e-07	0.0 	0.0 	263.317882522 	4.24390000978 	0.0 	0.0 	0.0 	-0.0 	4.29295000978 	-5.88599999995 	0.0 	0.0 	7.37176669594	1.81467942693	199.963187992	-21.4609384411	
9.56666666667	1.50966205296e-06	-1.46754104196e-07	0.0 	0.0 	263.387796689 	4.14580000978 	0.0 	0.0 	0.0 	-0.0 	4.19485000978 	-5.88599999995 	0.0 	0.0 	7.3767126837	1.81467942693	200.082494963	-21.4906263444	
9.58333333333	1.50966205296e-06	4.62482025475e-07	0.0 	0.0 	263.456075856 	4.04770000978 	0.0 	0.0 	0.0 	0.0 	4.09675000978 	-5.88599999995 	0.0 	0.0 	7.38164122827	1.81467942693	200.201881646	-21.5203340827	
9.6	1.50966205296e-06	9.6736440183e-07	0.0 	0.0 	263.522720023 	3.94960000978 	0.0 	0.0 	0.0 	0.0 	3.99865000978 	-5.88599999995 	0.0 	0.0 	7.38655239118	1.81467942693	200.32134776	-21.5500615863	
9.61666666667	1.50966205296e-06	1.3755950451e-06	0.0 	0.0 	263.58772919 	3.85150000978 	0.0 	0.0 	0.0 	0.0 	3.90055000978 	-5.88599999995 	0.0 	0.0 	7.39144623371	1.81467942693	200.440893024	-21.5798087854	
9.63333333333	1.50966205296e-06	1.69616338763e-06	0.0 	0.0 	263.651103357 	3.75340000978 	0.0 	0.0 	0.0 	0.0 	3.80245000978 	-5.88599999995 	0.0 	0.0 	7.39632281696	1.81467942693	200.560517159	-21.6095756104	
9.65	1.50966205296e-06	1.93877568639e-06	0.0 	0.0 	263.712842523 	3.65530000978 	0.0 	0.0 	0.0 	0.0 	3.70435000978 	-5.88599999995 	0.0 	0.0 	7.40118220179	1.81467942693	200.680219887	-21.6393619923	
9.66666666667	-3.23115354395e-06	8.98556420169e-07	0.0 	0.0 	263.77294669 	3.55720000979 	0.0 	0.0 	0.0 	0.0 	3.60625000978 	-5.88599999988 	0.0 	0.0 	7.40602444886	1.81467942693	200.800000931	-21.669167862	
9.68333333333	-3.23115354395e-06	-3.66669475303e-08	0.0 	0.0 	263.831415857 	3.45910000979 	0.0 	0.0 	0.0 	-0.0 	3.50815000979 	-5.88599999988 	0.0 	0.0 	7.41084961861	1.81467942693	200.919860014	-21.6989931508	
9.7	-3.23115354395e-06	-8.61292763635e-07	0.0 	0.0 	263.888250024 	3.36100000979 	0.0 	0.0 	0.0 	-0.0 	3.41005000979 	-5.88599999988 	0.0 	0.0 	7.41565777126	1.81467942693	201.039796863	-21.7288377903	
9.71666666667	-3.23115354395e-06	-1.5744359205e-06	0.0 	0.0 	263.943449191 	3.26290000979 	0.0 	0.0 	0.0 	-0.0 	3.31195000979 	-5.88599999988 	0.0 	0.0 	7.42044896684	1.81467942693	201.159811201	-21.7587017121	
9.73333333333	-3.23115354395e-06	-2.17889429281e-06	0.0 	0.0 	263.997013358 	3.16480000979 	0.0 	0.0 	0.0 	-0.0 	3.21385000979 	-5.88599999988 	0.0 	0.0 	7.42522326513	1.81467942693	201.279902756	-21.7885848483	
9.75	-3.23115354395e-06	-2.68023263294e-06	0.0 	0.0 	264.048942524 	3.0667000098 	0.0 	0.0 	0.0 	-0.0 	3.11575000979 	-5.88599999988 	0.0 	0.0 	7.42998072575	1.81467942693	201.400071256	-21.8184871311	
9.76666666667	-3.23115354395e-06	-3.08598612501e-06	0.0 	0.0 	264.099236691 	2.9686000098 	0.0 	0.0 	0.0 	-0.0 	3.0176500098 	-5.88599999988 	0.0 	0.0 	7.43472140806	1.81467942693	201.520316429	-21.848408493	
9.78333333333	-5.02098055701e-06	-3.86362473531e-06	0.0 	0.0 	264.147895858 	2.8705000098 	0.0 	0.0 	0.0 	-0.0 	2.9195500098 	-5.88599999987 	0.0 	0.0 	7.43944537124	1.81467942693	201.640638005	-21.8783488667	
9.8	-5.02098055701e-06	-4.50246202771e-06	0.0 	0.0 	264.194920025 	2.7724000098 	0.0 	0.0 	0.0 	-0.0 	2.8214500098 	-5.88599999987 	0.0 	0.0 	7.44415267425	1.81467942693	201.761035715	-21.9083081851	
9.81666666667	-5.02098055701e-06	-5.01376463337e-06	0.0 	0.0 	264.240309192 	2.6743000098 	0.0 	0.0 	0.0 	-0.0 	2.7233500098 	-5.88599999987 	0.0 	0.0 	7.44884337585	1.81467942693	201.881509289	-21.9382863814	
9.83333333333	-5.02098055701e-06	-5.41024965036e-06	0.0 	0.0 	264.284063359 	2.57620000981 	0.0 	0.0 	0.0 	-0.0 	2.6252500098 	-5.88599999987 	0.0 	0.0 	7.4535175346	1.81467942693	202.00205846	-21.9682833892	
9.85	-5.02098055701e-06	-5.70536087937e-06	0.0 	0.0 	264.326182525 	2.47810000981 	0.0 	0.0 	0.0 	-0.0 	2.52715000981 	-5.88599999987 	0.0 	0.0 	7.45817520882	1.81467942693	202.122682963	-21.9982991419	
9.86666666667	-5.02098055701e-06	-5.91268519677e-06	0.0 	0.0 	264.366666692 	2.38000000981 	0.0 	0.0 	0.0 	-0.0 	2.42905000981 	-5.88599999987 	0.0 	0.0 	7.46281645666	1.81467942693	202.24338253	-22.0283335735	
9.88333333333	-5.02098055701e-06	-6.04549577277e-06	0.0 	0.0 	264.405515859 	2.28190000981 	0.0 	0.0 	0.0 	-0.0 	2.33095000981 	-5.88599999987 	0.0 	0.0 	7.46744133605	1.81467942693	202.364156898	-22.0583866182	
9.9	-4.85825920061e-06	-6.0747105211e-06	0.0 	0.0 	264.442730026 	2.18380000981 	0.0 	0.0 	0.0 	-0.0 	2.23285000981 	-5.88599999996 	0.0 	0.0 	7.47204990472	1.81467942693	202.485005802	-22.0884582102	
9.91666666667	-4.85825920061e-06	-6.05933784729e-06	0.0 	0.0 	264.478309193 	2.08570000981 	0.0 	0.0 	0.0 	-0.0 	2.13475000981 	-5.88599999996 	0.0 	0.0 	7.47664222019	1.81467942693	202.605928979	-22.1185482843	
9.93333333333	-4.85825920061e-06	-6.00989031738e-06	0.0 	0.0 	264.51225336 	1.98760000981 	0.0 	0.0 	0.0 	-0.0 	2.03665000981 	-5.88599999996 	0.0 	0.0 	7.48121833977	1.81467942693	202.726926169	-22.1486567751	
9.95	-4.85825920061e-06	-5.9355800093e-06	0.0 	0.0 	264.544562526 	1.88950000981 	0.0 	0.0 	0.0 	-0.0 	1.93855000981 	-5.88599999996 	0.0 	0.0 	7.4857783206	1.81467942693	202.847997109	-22.1787836178	
9.96666666667	-4.85825920061e-06	-5.84432324526e-06	0.0 	0.0 	264.575236693 	1.79140000982 	0.0 	0.0 	0.0 	-0.0 	1.84045000981 	-5.88599999996 	0.0 	0.0 	7.49032221958	1.81467942693	202.96914154	-22.2089287475	
9.98333333333	-4.85825920061e-06	-5.74278475174e-06	0.0 	0.0 	264.60427586 	1.69330000982 	0.0 	0.0 	0.0 	-0.0 	1.74235000982 	-5.88599999996 	0.0 	0.0 	7.49485009344	1.81467942693	203.090359202	-22.2390920999	
