0.0166666666667	0.0	0.0	0.0 	0.0 	40.4 	24.0 	0.0 	0.0 	0.0 	0.0 	24.0 	0.0 	0.0 	0.0 	0.0	0.455806451613	120.0	-10.7096774194	
0.0333333333333	0.0	0.0	0.0 	0.0 	40.8 	24.0 	0.0 	0.0 	0.0 	-0.0 	24.0 	0.0 	0.0 	0.0 	0.0	0.455806451613	120.0	-10.7096774194	
0.05	0.0	0.0	0.0 	0.0 	41.2 	24.0 	0.0 	0.0 	0.0 	-0.0 	24.0 	0.0 	0.0 	0.0 	0.0	0.455806451613	120.0	-10.7096774194	
0.0666666666667	0.0	0.0	0.0 	0.0 	41.6 	24.0 	0.0 	0.0 	0.0 	-0.0 	24.0 	0.0 	0.0 	0.0 	0.0	0.455806451613	120.0	-10.7096774194	
0.0833333333333	0.0	0.0	0.0 	0.0 	42.0 	24.0 	0.0 	0.0 	0.0 	-0.0 	24.0 	0.0 	0.0 	0.0 	0.0	0.455806451613	120.0	-10.7096774194	
0.1	0.0	0.0	0.0 	0.0 	42.4 	24.0 	0.0 	0.0 	0.0 	-0.0 	24.0 	0.0 	0.0 	0.0 	0.0	0.455806451613	120.0	-10.7096774194	
0.116666666667	0.0	0.0	0.0 	0.0 	42.8 	24.0 	0.0 	0.0 	0.0 	-0.0 	24.0 	0.0 	0.0 	0.0 	0.0	0.455806451613	120.0	-10.7096774194	
0.133333333333	0.0	0.0	0.0 	0.0 	43.2 	24.0 	0.0 	0.0 	0.0 	-0.0 	24.0 	0.0 	0.0 	0.0 	0.0	0.455806451613	120.0	-10.7096774194	
0.15	0.0	0.0	0.0 	0.0 	43.6 	24.0 	0.0 	0.0 	0.0 	-0.0 	24.0 	0.0 	0.0 	0.0 	0.0	0.455806451613	120.0	-10.7096774194	
0.166666666667	0.0	0.0	0.0 	0.0 	44.0 	24.0 	0.0 	0.0 	0.0 	-0.0 	24.0 	0.0 	0.0 	0.0 	0.0	0.455806451613	120.0	-10.7096774194	
0.183333333333	0.0	0.0	0.0 	0.0 	44.4 	24.0 	0.0 	0.0 	0.0 	-0.0 	24.0 	0.0 	0.0 	0.0 	0.0	0.455806451613	120.0	-10.7096774194	
0.2	0.0	0.0	0.0 	0.0 	44.8 	24.0 	0.0 	0.0 	0.0 	-0.0 	24.0 	0.0 	0.0 	0.0 	0.0	0.455806451613	120.0	-10.7096774194	
0.216666666667	0.0	0.0	0.0 	0.0 	45.2 	24.0 	0.0 	0.0 	0.0 	-0.0 	24.0 	0.0 	0.0 	0.0 	0.0	0.455806451613	120.0	-10.7096774194	
0.233333333333	0.0	0.0	0.0 	0.0 	45.6 	24.0 	0.0 	0.0 	0.0 	-0.0 	24.0 	0.0 	0.0 	0.0 	0.0	0.455806451613	120.0	-10.7096774194	
0.25	0.0	0.0	0.0 	0.0 	46.0 	24.0 	0.0 	0.0 	0.0 	-0.0 	24.0 	0.0 	0.0 	0.0 	0.0	0.455806451613	120.0	-10.7096774194	
0.266666666667	0.0	0.0	0.0 	0.0 	46.4 	24.0 	0.0 	0.0 	0.0 	-0.0 	24.0 	0.0 	0.0 	0.0 	0.0	0.455806451613	120.0	-10.7096774194	
0.283333333333	0.0	0.0	0.0 	0.0 	46.8 	24.0 	0.0 	0.0 	0.0 	-0.0 	24.0 	0.0 	0.0 	0.0 	0.0	0.455806451613	120.0	-10.7096774194	
0.3	0.0	0.0	0.0 	0.0 	47.2 	24.0 	0.0 	0.0 	0.0 	-0.0 	24.0 	0.0 	0.0 	0.0 	0.0	0.455806451613	120.0	-10.7096774194	
0.316666666667	0.0	0.0	0.0 	0.0 	47.6 	24.0 	0.0 	0.0 	0.0 	-0.0 	24.0 	0.0 	0.0 	0.0 	0.0	0.455806451613	120.0	-10.7096774194	
0.333333333333	0.0	0.0	0.0 	0.0 	48.0 	24.0 	0.0 	0.0 	0.0 	-0.0 	24.0 	0.0 	0.0 	0.0 	0.0	0.455806451613	120.0	-10.7096774194	
0.35	0.0	0.0	0.0 	0.0 	48.4 	24.0 	0.0 	0.0 	0.0 	-0.0 	24.0 	0.0 	0.0 	0.0 	0.0	0.455806451613	120.0	-10.7096774194	
0.366666666667	0.0	0.0	0.0 	0.0 	48.8 	24.0 	0.0 	0.0 	0.0 	-0.0 	24.0 	0.0 	0.0 	0.0 	0.0	0.455806451613	120.0	-10.7096774194	
0.383333333333	0.0	0.0	0.0 	0.0 	49.2 	24.0 	0.0 	0.0 	0.0 	-0.0 	24.0 	0.0 	0.0 	0.0 	0.0	0.455806451613	120.0	-10.7096774194	
0.4	0.0	0.0	0.0 	0.0 	49.6 	24.0 	0.0 	0.0 	0.0 	-0.0 	24.0 	0.0 	0.0 	0.0 	0.0	0.455806451613	120.0	-10.7096774194	
0.416666666667	0.0	0.0	0.0 	0.0 	50.0 	24.0 	0.0 	0.0 	0.0 	-0.0 	24.0 	0.0 	0.0 	0.0 	0.0	0.455806451613	120.0	-10.7096774194	
0.433333333333	0.0	0.0	0.0 	0.0 	50.4 	24.0 	0.0 	0.0 	0.0 	-0.0 	24.0 	0.0 	0.0 	0.0 	0.0	0.455806451613	120.0	-10.7096774194	
0.45	0.0	0.0	0.0 	0.0 	50.8 	24.0 	0.0 	0.0 	0.0 	-0.0 	24.0 	0.0 	0.0 	0.0 	0.0	0.455806451613	120.0	-10.7096774194	
0.466666666667	0.0	0.0	0.0 	0.0 	51.2 	24.0 	0.0 	0.0 	0.0 	-0.0 	24.0 	0.0 	0.0 	0.0 	0.0	0.455806451613	120.0	-10.7096774194	
0.483333333333	0.0	0.0	0.0 	0.0 	51.6 	24.0 	0.0 	0.0 	0.0 	-0.0 	24.0 	0.0 	0.0 	0.0 	0.0	0.455806451613	120.0	-10.7096774194	
0.5	0.0	0.0	0.0 	0.0 	52.0 	24.0 	0.0 	0.0 	0.0 	-0.0 	24.0 	0.0 	0.0 	0.0 	0.0	0.455806451613	120.0	-10.7096774194	
0.516666666667	0.0	0.0	0.0 	0.0 	52.4 	24.0 	0.0 	0.0 	0.0 	-0.0 	24.0 	0.0 	0.0 	0.0 	0.0	0.455806451613	120.0	-10.7096774194	
0.533333333333	0.0	0.0	0.0 	0.0 	52.8 	24.0 	0.0 	0.0 	0.0 	-0.0 	24.0 	0.0 	0.0 	0.0 	0.0	0.455806451613	120.0	-10.7096774194	
0.55	0.0	0.0	0.0 	0.0 	53.2 	24.0 	0.0 	0.0 	0.0 	-0.0 	24.0 	0.0 	0.0 	0.0 	0.0	0.455806451613	120.0	-10.7096774194	
0.566666666667	0.0	0.0	0.0 	0.0 	53.6 	24.0 	0.0 	0.0 	0.0 	-0.0 	24.0 	0.0 	0.0 	0.0 	0.0	0.455806451613	120.0	-10.7096774194	
0.583333333333	0.0	0.0	0.0 	0.0 	54.0 	24.0 	0.0 	0.0 	0.0 	-0.0 	24.0 	0.0 	0.0 	0.0 	0.0	0.455806451613	120.0	-10.7096774194	
0.6	0.0	0.0	0.0 	0.0 	54.4 	24.0 	0.0 	0.0 	0.0 	-0.0 	24.0 	0.0 	0.0 	0.0 	0.0	0.455806451613	120.0	-10.7096774194	
0.616666666667	0.0	0.0	0.0 	0.0 	54.8 	24.0 	0.0 	0.0 	0.0 	-0.0 	24.0 	0.0 	0.0 	0.0 	0.0	0.455806451613	120.0	-10.7096774194	
0.633333333333	0.0	0.0	0.0 	0.0 	55.2 	24.0 	0.0 	0.0 	0.0 	-0.0 	24.0 	0.0 	0.0 	0.0 	0.0	0.455806451613	120.0	-10.7096774194	
0.65	0.0	0.0	0.0 	0.0 	55.6 	24.0 	0.0 	0.0 	0.0 	-0.0 	24.0 	0.0 	0.0 	0.0 	0.0	0.455806451613	120.0	-10.7096774194	
0.666666666667	0.0	0.0	0.0 	0.0 	56.0 	24.0 	0.0 	0.0 	0.0 	-0.0 	24.0 	0.0 	0.0 	0.0 	0.0	0.455806451613	120.0	-10.7096774194	
0.683333333333	0.0	0.0	0.0 	0.0 	56.4 	24.0 	0.0 	0.0 	0.0 	-0.0 	24.0 	0.0 	0.0 	0.0 	0.0	0.455806451613	120.0	-10.7096774194	
0.7	0.0	0.0	0.0 	0.0 	56.8 	24.0 	0.0 	0.0 	0.0 	-0.0 	24.0 	0.0 	0.0 	0.0 	0.0	0.455806451613	120.0	-10.7096774194	
0.716666666667	0.0	0.0	0.0 	0.0 	57.2 	24.0 	0.0 	0.0 	0.0 	-0.0 	24.0 	0.0 	0.0 	0.0 	0.0	0.455806451613	120.0	-10.7096774194	
0.733333333333	0.0	0.0	0.0 	0.0 	57.6 	24.0 	0.0 	0.0 	0.0 	-0.0 	24.0 	0.0 	0.0 	0.0 	0.0	0.455806451613	120.0	-10.7096774194	
0.75	0.0	0.0	0.0 	0.0 	58.0 	24.0 	0.0 	0.0 	0.0 	-0.0 	24.0 	0.0 	0.0 	0.0 	0.0	0.455806451613	120.0	-10.7096774194	
0.766666666667	0.0	0.0	0.0 	0.0 	58.4 	24.0 	0.0 	0.0 	0.0 	-0.0 	24.0 	0.0 	0.0 	0.0 	0.0	0.455806451613	120.0	-10.7096774194	
0.783333333333	0.0	0.0	0.0 	0.0 	58.8 	24.0 	0.0 	0.0 	0.0 	-0.0 	24.0 	0.0 	0.0 	0.0 	0.0	0.455806451613	120.0	-10.7096774194	
0.8	0.0	0.0	0.0 	0.0 	59.2 	24.0 	0.0 	0.0 	0.0 	-0.0 	24.0 	0.0 	0.0 	0.0 	0.0	0.455806451613	120.0	-10.7096774194	
0.816666666667	0.0	0.0	0.0 	0.0 	59.6 	24.0 	0.0 	0.0 	0.0 	-0.0 	24.0 	0.0 	0.0 	0.0 	0.0	0.455806451613	120.0	-10.7096774194	
0.833333333333	0.0	0.0	0.0 	0.0 	60.0 	24.0 	0.0 	0.0 	0.0 	-0.0 	24.0 	0.0 	0.0 	0.0 	0.0	0.455806451613	120.0	-10.7096774194	
0.85	0.0	0.0	0.0 	0.0 	60.4 	24.0 	0.0 	0.0 	0.0 	-0.0 	24.0 	0.0 	0.0 	0.0 	0.0496803652968	0.455806451613	120.000364477	-10.7089339474	
0.866666666667	0.0	0.0	0.0 	0.0 	60.8 	24.0 	0.0 	0.0 	0.0 	-0.0 	24.0 	0.0 	0.0 	0.0 	0.0990794353746	0.455806451613	120.001091368	-10.7074512132	
0.883333333333	0.0	0.0	0.0 	0.0 	61.2 	24.0 	0.0 	0.0 	0.0 	-0.0 	24.0 	0.0 	0.0 	0.0 	0.148198802955	0.455806451613	120.00217862	-10.7052334025	
0.9	0.0	0.0	0.0 	0.0 	61.6 	24.0 	0.0 	0.0 	0.0 	-0.0 	24.0 	0.0 	0.0 	0.0 	0.197040051742	0.455806451613	120.003624193	-10.7022846774	
0.916666666667	0.0	0.0	0.0 	0.0 	62.0 	24.0 	0.0 	0.0 	0.0 	-0.0 	24.0 	0.0 	0.0 	0.0 	0.245604756472	0.455806451613	120.005426058	-10.6986091763	
0.933333333333	0.0	0.0	0.0 	0.0 	62.4 	24.0 	0.0 	0.0 	0.0 	-0.0 	24.0 	0.0 	0.0 	0.0 	0.214206765604	0.583645958138	120.00739344	-10.6956300635	
0.95	0.0	0.0	0.0 	0.0 	62.8 	24.0 	0.0 	0.0 	0.0 	-0.0 	24.0 	0.0 	0.0 	0.0 	0.182808774737	0.730223918825	120.009425776	-10.6933601115	
0.966666666667	0.0	0.0	0.0 	0.0 	63.2 	24.0 	0.0 	0.0 	0.0 	-0.0 	24.0 	0.0 	0.0 	0.0 	0.151410783869	0.901977112362	120.011405609	-10.6917953819	
0.983333333333	0.0	0.0	0.0 	0.0 	63.6 	24.0 	0.0 	0.0 	0.0 	-0.0 	24.0 	0.0 	0.0 	0.0 	0.120012793002	1.10934669374	120.013196616	-10.6909047938	
1.0	0.0	0.0	0.0 	0.0 	64.0 	24.0 	0.0 	0.0 	0.0 	-0.0 	24.0 	0.0 	0.0 	0.0 	0.088614802134	1.33582542235	120.014632945	-10.6905609467	
1.01666666667	0.0	0.0	0.0 	0.0 	64.4 	24.0 	0.0 	0.0 	0.0 	-0.0 	24.0 	0.0 	0.0 	0.0 	0.0572168112664	1.52477660603	120.015585549	-10.6905170771	
1.03333333333	0.0	0.0	0.0 	0.0 	64.8 	24.0 	0.0 	0.0 	0.0 	-0.0 	24.0 	0.0 	0.0 	0.0 	0.0258188203988	1.68245902823	120.016013183	-10.6905650273	
1.05	0.0	0.0	0.0 	0.0 	65.2 	24.0 	0.0 	0.0 	0.0 	-0.0 	24.0 	0.0 	0.0 	0.0 	0.0753529969409	1.81408784814	120.017232081	-10.6908675677	
1.06666666667	0.0	0.0	0.0 	0.0 	65.6 	24.0 	0.0 	0.0 	0.0 	-0.0 	24.0 	0.0 	0.0 	0.0 	0.124606705999	1.9237785314	120.019180817	-10.6915855052	
1.08333333333	0.0	0.0	0.0 	0.0 	66.0 	24.0 	0.0 	0.0 	0.0 	-0.0 	24.0 	0.0 	0.0 	0.0 	0.173581535609	2.01518743411	120.021792851	-10.6928292407	
1.1	0.0	0.0	0.0 	0.0 	66.4 	24.0 	0.0 	0.0 	0.0 	-0.0 	24.0 	0.0 	0.0 	0.0 	0.222279064814	2.0913615197	120.025006777	-10.694671825	
1.11666666667	0.0	0.0	0.0 	0.0 	66.8 	24.0 	0.0 	0.0 	0.0 	-0.0 	24.0 	0.0 	0.0 	0.0 	0.270700863716	2.15483992437	120.028770601	-10.6971595739	
1.13333333333	0.0	0.0	0.0 	0.0 	67.2 	24.0 	0.0 	0.0 	0.0 	-0.0 	24.0 	0.0 	0.0 	0.0 	0.318848493529	2.20773859492	120.033042736	-10.7003201068	
1.15	0.0	0.0	0.0 	0.0 	67.6 	24.0 	0.0 	0.0 	0.0 	-0.0 	24.0 	0.0 	0.0 	0.0 	0.366723506625	2.25182082038	120.037791366	-10.7041681934	
1.16666666667	0.0	0.0	0.0 	0.0 	68.0 	24.0 	0.0 	0.0 	0.0 	-0.0 	24.0 	0.0 	0.0 	0.0 	0.414327446588	2.28855600826	120.042993116	-10.7087099041	
1.18333333333	0.0	0.0	0.0 	0.0 	68.4 	24.0 	0.0 	0.0 	0.0 	-0.0 	24.0 	0.0 	0.0 	0.0 	0.46166184826	2.31916866483	120.048631526	-10.7139455104	
1.2	0.0	0.0	0.0 	0.0 	68.8 	24.0 	0.0 	0.0 	0.0 	-0.0 	24.0 	0.0 	0.0 	0.0 	0.508728237795	2.34467921197	120.054695586	-10.7198714953	
1.21666666667	0.0	0.0	0.0 	0.0 	69.2 	24.0 	0.0 	0.0 	0.0 	-0.0 	24.0 	0.0 	0.0 	0.0 	0.555528132704	2.36593800126	120.061178447	-10.7264819357	
1.23333333333	0.0	0.0	0.0 	0.0 	69.6 	24.0 	0.0 	0.0 	0.0 	-0.0 	24.0 	0.0 	0.0 	0.0 	0.602063041907	2.38365365899	120.068076345	-10.7337694507	
1.25	0.0	0.0	0.0 	0.0 	70.0 	24.0 	0.0 	0.0 	0.0 	-0.0 	24.0 	0.0 	0.0 	0.0 	0.648334465779	2.39841670711	120.075387719	-10.7417258473	
1.26666666667	0.0	0.0	0.0 	0.0 	70.4 	24.0 	0.0 	0.0 	0.0 	-0.0 	24.0 	0.0 	0.0 	0.0 	0.694343896201	2.4107192472	120.083112529	-10.7503425586	
1.28333333333	0.0	0.0	0.0 	0.0 	70.8 	24.0 	0.0 	0.0 	0.0 	-0.0 	24.0 	0.0 	0.0 	0.0 	0.740092816607	2.42097136395	120.09125172	-10.7596109373	
1.3	0.0	0.0	0.0 	0.0 	71.2 	24.0 	0.0 	0.0 	0.0 	-0.0 	24.0 	0.0 	0.0 	0.0 	0.785582702028	2.42951479457	120.099806822	-10.7695224486	
1.31666666667	0.0	0.0	0.0 	0.0 	71.6 	24.0 	0.0 	0.0 	0.0 	-0.0 	24.0 	0.0 	0.0 	0.0 	0.830815019149	2.43663432009	120.108779653	-10.7800687944	
1.33333333333	0.0	0.0	0.0 	0.0 	72.0 	24.0 	0.0 	0.0 	0.0 	-0.0 	24.0 	0.0 	0.0 	0.0 	0.875791226347	2.44256725802	120.118172105	-10.7912419883	
1.35	0.0	0.0	0.0 	0.0 	72.4 	24.0 	0.0 	0.0 	0.0 	-0.0 	24.0 	0.0 	0.0 	0.0 	0.920512773741	2.44751137296	120.127985991	-10.8030343968	
1.36666666667	0.0	0.0	0.0 	0.0 	72.8 	24.0 	0.0 	0.0 	0.0 	-0.0 	24.0 	0.0 	0.0 	0.0 	0.964981103241	2.45163146875	120.138222949	-10.815438758	
1.38333333333	0.0	0.0	0.0 	0.0 	73.2 	24.0 	0.0 	0.0 	0.0 	-0.0 	24.0 	0.0 	0.0 	0.0 	1.00919764859	2.4550648819	120.148884372	-10.828448183	
1.4	0.0	0.0	0.0 	0.0 	73.6 	24.0 	0.0 	0.0 	0.0 	-0.0 	24.0 	0.0 	0.0 	0.0 	1.05316383542	2.45792605953	120.159971376	-10.8420561475	
1.41666666667	0.0	0.0	0.0 	0.0 	74.0 	24.0 	0.0 	0.0 	0.0 	-0.0 	24.0 	0.0 	0.0 	0.0 	1.09688108129	2.46031037422	120.17148478	-10.8562564759	
1.43333333333	0.0	0.0	0.0 	0.0 	74.4 	24.0 	0.0 	0.0 	0.0 	-0.0 	24.0 	0.0 	0.0 	0.0 	1.14035079571	2.46229730313	120.183425107	-10.8710433211	
1.45	0.0	0.0	0.0 	0.0 	74.8 	24.0 	0.0 	0.0 	0.0 	-0.0 	24.0 	0.0 	0.0 	0.0 	1.18357438025	2.46395307722	120.195792589	-10.8864111422	
1.46666666667	0.0	0.0	0.0 	0.0 	75.2 	24.0 	0.0 	0.0 	0.0 	-0.0 	24.0 	0.0 	0.0 	0.0 	1.22655322851	2.46533288897	120.208587182	-10.9023546805	
1.48333333333	0.0	0.0	0.0 	0.0 	75.6 	24.0 	0.0 	0.0 	0.0 	-0.0 	24.0 	0.0 	0.0 	0.0 	1.26928872621	2.46648273209	120.221808582	-10.9188689362	
1.5	0.0	0.0	0.0 	0.0 	76.0 	24.0 	0.0 	0.0 	0.0 	-0.0 	24.0 	0.0 	0.0 	0.0 	1.31178225123	2.46744093468	120.235456252	-10.9359491447	
1.51666666667	0.0	0.0	0.0 	0.0 	76.4 	24.0 	0.0 	0.0 	0.0 	-0.0 	24.0 	0.0 	0.0 	0.0 	1.35403517364	2.46823943685	120.249529435	-10.9535907553	
1.53333333333	0.0	0.0	0.0 	0.0 	76.8 	24.0 	0.0 	0.0 	0.0 	-0.0 	24.0 	0.0 	0.0 	0.0 	1.39604885576	2.46890485532	120.264027181	-10.9717894097	
1.55	0.0	0.0	0.0 	0.0 	77.2 	24.0 	0.0 	0.0 	0.0 	-0.0 	24.0 	0.0 	0.0 	0.0 	1.4378246522	2.46945937071	120.278948367	-10.9905409232	
1.56666666667	0.0	0.0	0.0 	0.0 	77.6 	24.0 	0.0 	0.0 	0.0 	-0.0 	24.0 	0.0 	0.0 	0.0 	1.47936390987	2.46992146687	120.294291713	-11.0098412667	
1.58333333333	0.0	0.0	0.0 	0.0 	78.0 	24.0 	0.0 	0.0 	0.0 	-0.0 	24.0 	0.0 	0.0 	0.0 	1.5206679681	2.47030654701	120.310055808	-11.0296865504	
1.6	0.0	0.0	0.0 	0.0 	78.4 	24.0 	0.0 	0.0 	0.0 	-0.0 	24.0 	0.0 	0.0 	0.0 	1.5617381586	2.47062744712	120.326239118	-11.0500730098	
1.61666666667	0.0	0.0	0.0 	0.0 	78.8 	24.0 	0.0 	0.0 	0.0 	-0.0 	24.0 	0.0 	0.0 	0.0 	1.60257580556	2.47089486388	120.342840008	-11.0709969916	
1.63333333333	0.0	0.0	0.0 	0.0 	79.2 	24.0 	0.0 	0.0 	0.0 	-0.0 	24.0 	0.0 	0.0 	0.0 	1.64318222565	2.47111771118	120.359856753	-11.0924549425	
1.65	0.0	0.0	0.0 	0.0 	79.6 	24.0 	0.0 	0.0 	0.0 	-0.0 	24.0 	0.0 	0.0 	0.0 	1.68355872812	2.47130341726	120.377287553	-11.1144433986	
1.66666666667	0.0	0.0	0.0 	0.0 	80.0 	24.0 	0.0 	0.0 	0.0 	-0.0 	24.0 	0.0 	0.0 	0.0 	1.72370661477	2.47145817233	120.395130542	-11.1369589758	
1.68333333333	0.0	0.0	0.0 	0.0 	80.4 	24.0 	0.0 	0.0 	0.0 	-0.0 	24.0 	0.0 	0.0 	0.0 	1.76362718006	2.47158713489	120.413383799	-11.1599983616	
1.7	0.0	0.0	0.0 	0.0 	80.8 	24.0 	0.0 	0.0 	0.0 	-0.0 	24.0 	0.0 	0.0 	0.0 	1.80332171109	2.47169460369	120.432045356	-11.1835583081	
1.71666666667	0.0	0.0	0.0 	0.0 	81.2 	24.0 	0.0 	0.0 	0.0 	-0.0 	24.0 	0.0 	0.0 	0.0 	1.84279148771	2.47178416102	120.451113207	-11.207635625	
1.73333333333	0.0	0.0	0.0 	0.0 	81.6 	24.0 	0.0 	0.0 	0.0 	-0.0 	24.0 	0.0 	0.0 	0.0 	1.88203778248	2.47185879213	120.470585314	-11.2322271747	
1.75	0.0	0.0	0.0 	0.0 	82.0 	24.0 	0.0 	0.0 	0.0 	-0.0 	24.0 	0.0 	0.0 	0.0 	1.92106186079	2.47192098472	120.490459615	-11.2573298665	
1.76666666667	0.0	0.0	0.0 	0.0 	82.4 	24.0 	0.0 	0.0 	0.0 	-0.0 	24.0 	0.0 	0.0 	0.0 	1.95986498085	2.47197281188	120.510734025	-11.2829406531	
1.78333333333	0.0	0.0	0.0 	0.0 	82.8 	24.0 	0.0 	0.0 	0.0 	-0.0 	24.0 	0.0 	0.0 	0.0 	1.99844839374	2.47201600118	120.531406445	-11.3090565262	
1.8	0.0	0.0	0.0 	0.0 	83.2 	24.0 	0.0 	0.0 	0.0 	-0.0 	24.0 	0.0 	0.0 	0.0 	2.03681334347	2.47205199226	120.552474763	-11.3356745136	
1.81666666667	0.0	0.0	0.0 	0.0 	83.6 	24.0 	0.0 	0.0 	0.0 	-0.0 	24.0 	0.0 	0.0 	0.0 	2.07496106701	2.47208198483	120.573936858	-11.3627916763	
1.83333333333	0.0	0.0	0.0 	0.0 	84.0 	24.0 	0.0 	0.0 	0.0 	-0.0 	24.0 	0.0 	0.0 	0.0 	2.1128927943	2.47210697864	120.595790606	-11.3904051057	
1.85	0.0	0.0	0.0 	0.0 	84.4 	24.0 	0.0 	0.0 	0.0 	-0.0 	24.0 	0.0 	0.0 	0.0 	2.15060974834	2.47212780681	120.618033876	-11.4185119219	
1.86666666667	0.0	0.0	0.0 	0.0 	84.8 	24.0 	0.0 	0.0 	0.0 	-0.0 	24.0 	0.0 	0.0 	0.0 	2.1881131452	2.47214516362	120.640664539	-11.4471092714	
1.88333333333	0.0	0.0	0.0 	0.0 	85.2 	24.0 	0.0 	0.0 	0.0 	-0.0 	24.0 	0.0 	0.0 	0.0 	2.22540419406	2.47215962763	120.663680466	-11.4761943259	
1.9	0.0	0.0	0.0 	0.0 	85.6 	24.0 	0.0 	0.0 	0.0 	-0.0 	24.0 	0.0 	0.0 	0.0 	2.26248409725	2.47217168097	120.68707953	-11.5057642805	
1.91666666667	0.0	0.0	0.0 	0.0 	86.0 	24.0 	0.0 	0.0 	0.0 	-0.0 	24.0 	0.0 	0.0 	0.0 	2.29935405031	2.47218172542	120.710859609	-11.5358163526	
1.93333333333	0.0	0.0	0.0 	0.0 	86.4 	24.0 	0.0 	0.0 	0.0 	-0.0 	24.0 	0.0 	0.0 	0.0 	2.33601524199	2.4721900958	120.735018585	-11.5663477809	
1.95	0.0	0.0	0.0 	0.0 	86.8 	24.0 	0.0 	0.0 	0.0 	-0.0 	24.0 	0.0 	0.0 	0.0 	2.37246885432	2.47219707111	120.759554346	-11.5973558246	
1.96666666667	0.0	0.0	0.0 	0.0 	87.2 	24.0 	0.0 	0.0 	0.0 	-0.0 	24.0 	0.0 	0.0 	0.0 	2.40871606263	2.47220288387	120.784464788	-11.6288377622	
1.98333333333	0.0	0.0	0.0 	0.0 	87.6 	24.0 	0.0 	0.0 	0.0 	-0.0 	24.0 	0.0 	0.0 	0.0 	2.44475803561	2.47220772784	120.809747814	-11.6607908911	
2.0	0.0	0.0	0.0 	0.0 	88.0 	24.0 	0.0 	0.0 	0.0 	-0.0 	24.0 	0.0 	0.0 	0.0 	2.48059593532	2.47221176448	120.835401335	-11.693212527	
2.01666666667	0.0	0.0	0.0 	0.0 	88.4 	24.0 	0.0 	0.0 	0.0 	-0.0 	24.0 	0.0 	0.0 	0.0 	2.51623091723	2.47221512835	120.861423271	-11.7261000032	
2.03333333333	0.0	0.0	0.0 	0.0 	88.8 	24.0 	0.0 	0.0 	0.0 	-0.0 	24.0 	0.0 	0.0 	0.0 	2.55166413031	2.47221793157	120.88781155	-11.7594506702	
2.05	0.0	0.0	0.0 	0.0 	89.2 	24.0 	0.0 	0.0 	0.0 	-0.0 	24.0 	0.0 	0.0 	0.0 	2.58689671697	2.47222026759	120.914564112	-11.7932618954	
2.06666666667	0.0	0.0	0.0 	0.0 	89.6 	24.0 	0.0 	0.0 	0.0 	-0.0 	24.0 	0.0 	0.0 	0.0 	2.62192981318	2.47222221427	120.941678904	-11.8275310625	
2.08333333333	0.0	0.0	0.0 	0.0 	90.0 	24.0 	0.0 	0.0 	0.0 	-0.0 	24.0 	0.0 	0.0 	0.0 	2.65676454848	2.4722238365	120.969153885	-11.8622555713	
2.1	0.0	0.0	0.0 	0.0 	90.4 	24.0 	0.0 	0.0 	0.0 	-0.0 	24.0 	0.0 	0.0 	0.0 	2.69140204602	2.47222518837	120.996987022	-11.8974328377	
2.11666666667	0.0	0.0	0.0 	0.0 	90.8 	24.0 	0.0 	0.0 	0.0 	-0.0 	24.0 	0.0 	0.0 	0.0 	2.72584342256	2.47222631492	121.025176295	-11.9330602929	
2.13333333333	0.0	0.0	0.0 	0.0 	91.2 	24.0 	0.0 	0.0 	0.0 	-0.0 	24.0 	0.0 	0.0 	0.0 	2.76008978857	2.47222725371	121.053719692	-11.9691353834	
2.15	0.0	0.0	0.0 	0.0 	91.6 	24.0 	0.0 	0.0 	0.0 	-0.0 	24.0 	0.0 	0.0 	0.0 	2.79414224822	2.47222803604	121.082615213	-12.005655571	
2.16666666667	0.0	0.0	0.0 	0.0 	92.0 	24.0 	0.0 	0.0 	0.0 	-0.0 	24.0 	0.0 	0.0 	0.0 	2.82800189941	2.47222868798	121.111860869	-12.0426183324	
2.18333333333	0.0	0.0	0.0 	0.0 	92.4 	24.0 	0.0 	0.0 	0.0 	-0.0 	24.0 	0.0 	0.0 	0.0 	2.86166983386	2.47222923126	121.141454679	-12.080021159	
2.2	0.0	0.0	0.0 	0.0 	92.8 	24.0 	0.0 	0.0 	0.0 	-0.0 	24.0 	0.0 	0.0 	0.0 	2.89514713709	2.472229684	121.171394677	-12.1178615569	
2.21666666667	0.0	0.0	0.0 	0.0 	93.2 	24.0 	0.0 	0.0 	0.0 	-0.0 	24.0 	0.0 	0.0 	0.0 	2.92843488846	2.47223006128	121.201678903	-12.1561370466	
2.23333333333	0.0	0.0	0.0 	0.0 	93.6 	24.0 	0.0 	0.0 	0.0 	-0.0 	24.0 	0.0 	0.0 	0.0 	2.96153416123	2.47223037568	121.232305411	-12.194845163	
2.25	0.0	0.0	0.0 	0.0 	94.0 	24.0 	0.0 	0.0 	0.0 	-0.0 	24.0 	0.0 	0.0 	0.0 	2.9944460226	2.47223063768	121.263272265	-12.2339834551	
2.26666666667	0.0	0.0	0.0 	0.0 	94.4 	24.0 	0.0 	0.0 	0.0 	-0.0 	24.0 	0.0 	0.0 	0.0 	3.02717153371	2.47223085601	121.294577538	-12.2735494862	
2.28333333333	0.0	0.0	0.0 	0.0 	94.8 	24.0 	0.0 	0.0 	0.0 	-0.0 	24.0 	0.0 	0.0 	0.0 	3.05971174968	2.47223103796	121.326219317	-12.3135408333	
2.3	0.0	0.0	0.0 	0.0 	95.2 	24.0 	0.0 	0.0 	0.0 	-0.0 	24.0 	0.0 	0.0 	0.0 	3.09206771968	2.47223118958	121.358195696	-12.3539550875	
2.31666666667	0.0	0.0	0.0 	0.0 	95.6 	24.0 	0.0 	0.0 	0.0 	-0.0 	24.0 	0.0 	0.0 	0.0 	3.12424048693	2.47223131593	121.390504782	-12.3947898535	
2.33333333333	0.0	0.0	0.0 	0.0 	96.0 	24.0 	0.0 	0.0 	0.0 	-0.0 	24.0 	0.0 	0.0 	0.0 	3.15623108874	2.47223142122	121.423144693	-12.4360427497	
2.35	0.0	0.0	0.0 	0.0 	96.4 	24.0 	0.0 	0.0 	0.0 	-0.0 	24.0 	0.0 	0.0 	0.0 	3.18804055655	2.47223150896	121.456113554	-12.4777114082	
2.36666666667	0.0	0.0	0.0 	0.0 	96.8 	24.0 	0.0 	0.0 	0.0 	-0.0 	24.0 	0.0 	0.0 	0.0 	3.21966991596	2.47223158208	121.489409505	-12.5197934745	
2.38333333333	0.0	0.0	0.0 	0.0 	97.2 	24.0 	0.0 	0.0 	0.0 	-0.0 	24.0 	0.0 	0.0 	0.0 	3.25112018675	2.47223164301	121.523030694	-12.5622866074	
2.4	0.0	0.0	0.0 	0.0 	97.6 	24.0 	0.0 	0.0 	0.0 	-0.0 	24.0 	0.0 	0.0 	0.0 	3.28239238296	2.47223169379	121.55697528	-12.6051884792	
2.41666666667	0.0	0.0	0.0 	0.0 	98.0 	24.0 	0.0 	0.0 	0.0 	-0.0 	24.0 	0.0 	0.0 	0.0 	3.31348751284	2.47223173611	121.591241431	-12.6484967753	
2.43333333333	0.0	0.0	0.0 	0.0 	98.4 	24.0 	0.0 	0.0 	0.0 	-0.0 	24.0 	0.0 	0.0 	0.0 	3.34440657898	2.47223177137	121.625827328	-12.6922091943	
2.45	0.0	0.0	0.0 	0.0 	98.8 	24.0 	0.0 	0.0 	0.0 	-0.0 	24.0 	0.0 	0.0 	0.0 	3.37515057826	2.47223180075	121.66073116	-12.7363234478	
2.46666666667	0.0	0.0	0.0 	0.0 	99.2 	24.0 	0.0 	0.0 	0.0 	-0.0 	24.0 	0.0 	0.0 	0.0 	3.40572050192	2.47223182524	121.695951127	-12.7808372605	
2.48333333333	0.0	0.0	0.0 	0.0 	99.6 	24.0 	0.0 	0.0 	0.0 	-0.0 	24.0 	0.0 	0.0 	0.0 	3.43611733561	2.47223184565	121.731485439	-12.8257483698	
2.5	0.0	0.0	0.0 	0.0 	100.0 	24.0 	0.0 	0.0 	0.0 	-0.0 	24.0 	0.0 	0.0 	0.0 	3.46634205937	2.47223186265	121.767332317	-12.8710545262	
2.51666666667	0.0	0.0	0.0 	0.0 	100.4 	24.0 	0.0 	0.0 	0.0 	-0.0 	24.0 	0.0 	0.0 	0.0 	3.49639564771	2.47223187682	121.803489991	-12.9167534927	
2.53333333333	0.0	0.0	0.0 	0.0 	100.8 	24.0 	0.0 	0.0 	0.0 	-0.0 	24.0 	0.0 	0.0 	0.0 	3.52627906962	2.47223188863	121.839956701	-12.9628430451	
2.55	0.0	0.0	0.0 	0.0 	101.2 	24.0 	0.0 	0.0 	0.0 	-0.0 	24.0 	0.0 	0.0 	0.0 	3.55599328858	2.47223189847	121.876730698	-13.0093209719	
2.56666666667	0.0	0.0	0.0 	0.0 	101.6 	24.0 	0.0 	0.0 	0.0 	-0.0 	24.0 	0.0 	0.0 	0.0 	3.58553926266	2.47223190667	121.913810241	-13.056185074	
2.58333333333	0.0	0.0	0.0 	0.0 	102.0 	24.0 	0.0 	0.0 	0.0 	-0.0 	24.0 	0.0 	0.0 	0.0 	3.61491794446	2.47223191351	121.951193602	-13.1034331648	
2.6	0.0	0.0	0.0 	0.0 	102.4 	24.0 	0.0 	0.0 	0.0 	-0.0 	24.0 	0.0 	0.0 	0.0 	3.64413028121	2.4722319192	121.988879059	-13.15106307	
2.61666666667	0.0	0.0	0.0 	0.0 	102.8 	24.0 	0.0 	0.0 	0.0 	-0.0 	24.0 	0.0 	0.0 	0.0 	3.67317721478	2.47223192395	122.026864902	-13.1990726277	
2.63333333333	0.0	0.0	0.0 	0.0 	103.2 	24.0 	0.0 	0.0 	0.0 	-0.0 	24.0 	0.0 	0.0 	0.0 	3.70205968169	2.4722319279	122.06514943	-13.2474596884	
2.65	0.0	0.0	0.0 	0.0 	103.6 	24.0 	0.0 	0.0 	0.0 	-0.0 	24.0 	0.0 	0.0 	0.0 	3.73077861317	2.4722319312	122.103730952	-13.2962221144	
2.66666666667	0.0	0.0	0.0 	0.0 	104.0 	24.0 	0.0 	0.0 	0.0 	-0.0 	24.0 	0.0 	0.0 	0.0 	3.75933493518	2.47223193395	122.142607787	-13.3453577805	
2.68333333333	0.0	0.0	0.0 	0.0 	104.4 	24.0 	0.0 	0.0 	0.0 	-0.0 	24.0 	0.0 	0.0 	0.0 	3.78772956842	2.47223193623	122.181778263	-13.3948645733	
2.7	0.0	0.0	0.0 	0.0 	104.8 	24.0 	0.0 	0.0 	0.0 	-0.0 	24.0 	0.0 	0.0 	0.0 	3.8159634284	2.47223193814	122.221240717	-13.4447403914	
2.71666666667	0.0	0.0	0.0 	0.0 	105.2 	24.0 	0.0 	0.0 	0.0 	-0.0 	24.0 	0.0 	0.0 	0.0 	3.84403742543	2.47223193973	122.260993495	-13.4949831454	
2.73333333333	0.0	0.0	0.0 	0.0 	105.6 	24.0 	0.0 	0.0 	0.0 	-0.0 	24.0 	0.0 	0.0 	0.0 	3.87195246466	2.47223194106	122.301034954	-13.5455907576	
2.75	0.0	0.0	0.0 	0.0 	106.0 	24.0 	0.0 	0.0 	0.0 	-0.0 	24.0 	0.0 	0.0 	0.0 	3.89970944614	2.47223194216	122.341363459	-13.5965611622	
2.76666666667	0.0	0.0	0.0 	0.0 	106.4 	24.0 	0.0 	0.0 	0.0 	-0.0 	24.0 	0.0 	0.0 	0.0 	3.9273092648	2.47223194308	122.381977386	-13.6478923049	
2.78333333333	0.0	0.0	0.0 	0.0 	106.8 	24.0 	0.0 	0.0 	0.0 	-0.0 	24.0 	0.0 	0.0 	0.0 	3.95475281052	2.47223194385	122.422875117	-13.6995821432	
2.8	0.0	0.0	0.0 	0.0 	107.2 	24.0 	0.0 	0.0 	0.0 	-0.0 	24.0 	0.0 	0.0 	0.0 	3.98204096812	2.47223194448	122.464055047	-13.7516286462	
2.81666666667	0.0	0.0	0.0 	0.0 	107.6 	24.0 	0.0 	0.0 	0.0 	-0.0 	24.0 	0.0 	0.0 	0.0 	4.00917461743	2.47223194502	122.505515577	-13.8040297944	
2.83333333333	0.0	0.0	0.0 	0.0 	108.0 	24.0 	0.0 	0.0 	0.0 	-0.0 	24.0 	0.0 	0.0 	0.0 	4.0361546333	2.47223194546	122.547255118	-13.8567835798	
2.85	0.0	0.0	0.0 	0.0 	108.4 	24.0 	0.0 	0.0 	0.0 	-0.0 	24.0 	0.0 	0.0 	0.0 	4.0629818856	2.47223194583	122.589272091	-13.9098880056	
2.86666666667	0.0	0.0	0.0 	0.0 	108.8 	24.0 	0.0 	0.0 	0.0 	-0.0 	24.0 	0.0 	0.0 	0.0 	4.08965723931	2.47223194614	122.631564925	-13.9633410865	
2.88333333333	0.0	0.0	0.0 	0.0 	109.2 	24.0 	0.0 	0.0 	0.0 	-0.0 	24.0 	0.0 	0.0 	0.0 	4.11618155449	2.47223194639	122.674132057	-14.0171408484	
2.9	0.0	0.0	0.0 	0.0 	109.6 	24.0 	0.0 	0.0 	0.0 	-0.0 	24.0 	0.0 	0.0 	0.0 	4.14255568632	2.47223194661	122.716971936	-14.0712853283	
2.91666666667	0.0	0.0	0.0 	0.0 	110.0 	24.0 	0.0 	0.0 	0.0 	-0.0 	24.0 	0.0 	0.0 	0.0 	4.16878048518	2.47223194679	122.760083016	-14.1257725745	
2.93333333333	0.0	0.0	0.0 	0.0 	110.4 	24.0 	0.0 	0.0 	0.0 	-0.0 	24.0 	0.0 	0.0 	0.0 	4.19485679658	2.47223194694	122.803463761	-14.1806006461	
2.95	0.0	0.0	0.0 	0.0 	110.8 	24.0 	0.0 	0.0 	0.0 	-0.0 	24.0 	0.0 	0.0 	0.0 	4.2207854613	2.47223194706	122.847112646	-14.2357676133	
2.96666666667	0.0	0.0	0.0 	0.0 	111.2 	24.0 	0.0 	0.0 	0.0 	-0.0 	24.0 	0.0 	0.0 	0.0 	4.24656731531	2.47223194716	122.891028152	-14.2912715574	
2.98333333333	0.0	0.0	0.0 	0.0 	111.6 	24.0 	0.0 	0.0 	0.0 	-0.0 	24.0 	0.0 	0.0 	0.0 	4.27220318987	2.47223194725	122.935208769	-14.3471105702	
3.0	0.0	0.0	0.0 	0.0 	112.0 	24.0 	0.0 	0.0 	0.0 	-0.0 	24.0 	0.0 	0.0 	0.0 	4.29769391153	2.47223194732	122.979652995	-14.4032827546	
3.01666666667	0.0	0.0	0.0 	0.0 	112.4 	24.0 	0.0 	0.0 	0.0 	-0.0 	24.0 	0.0 	0.0 	0.0 	4.32304030217	2.47223194738	123.02435934	-14.4597862242	
3.03333333333	0.0	0.0	0.0 	0.0 	112.8 	24.0 	0.0 	0.0 	0.0 	-0.0 	24.0 	0.0 	0.0 	0.0 	4.348243179	2.47223194743	123.069326317	-14.5166191031	
3.05	0.0	0.0	0.0 	0.0 	113.2 	24.0 	0.0 	0.0 	0.0 	-0.0 	24.0 	0.0 	0.0 	0.0 	4.37330335461	2.47223194747	123.114552453	-14.5737795262	
3.06666666667	0.0	0.0	0.0 	0.0 	113.6 	24.0 	0.0 	0.0 	0.0 	-0.0 	24.0 	0.0 	0.0 	0.0 	4.39822163698	2.47223194751	123.160036278	-14.631265639	
3.08333333333	0.0	0.0	0.0 	0.0 	114.0 	24.0 	0.0 	0.0 	0.0 	-0.0 	24.0 	0.0 	0.0 	0.0 	4.42299882954	2.47223194753	123.205776335	-14.6890755974	
3.1	0.0	0.0	0.0 	0.0 	114.4 	24.0 	0.0 	0.0 	0.0 	-0.0 	24.0 	0.0 	0.0 	0.0 	4.44763573114	2.47223194756	123.251771172	-14.7472075676	
3.11666666667	0.0	0.0	0.0 	0.0 	114.8 	24.0 	0.0 	0.0 	0.0 	-0.0 	24.0 	0.0 	0.0 	0.0 	4.47213313614	2.47223194758	123.298019347	-14.8056597265	
3.13333333333	0.0	0.0	0.0 	0.0 	115.2 	24.0 	0.0 	0.0 	0.0 	-0.0 	24.0 	0.0 	0.0 	0.0 	4.49649183436	2.4722319476	123.344519425	-14.864430261	
3.15	0.0	0.0	0.0 	0.0 	115.6 	24.0 	0.0 	0.0 	0.0 	-0.0 	24.0 	0.0 	0.0 	0.0 	4.52071261119	2.47223194761	123.39126998	-14.9235173686	
3.16666666667	0.0	0.0	0.0 	0.0 	116.0 	24.0 	0.0 	0.0 	0.0 	-0.0 	24.0 	0.0 	0.0 	0.0 	4.54479624755	2.47223194762	123.438269594	-14.9829192568	
3.18333333333	0.0	0.0	0.0 	0.0 	116.4 	24.0 	0.0 	0.0 	0.0 	-0.0 	24.0 	0.0 	0.0 	0.0 	4.56874351994	2.47223194763	123.485516857	-15.0426341431	
3.2	0.0	0.0	0.0 	0.0 	116.8 	24.0 	0.0 	0.0 	0.0 	-0.0 	24.0 	0.0 	0.0 	0.0 	4.59255520046	2.47223194764	123.533010366	-15.1026602555	
3.21666666667	0.0	0.0	0.0 	0.0 	117.2 	24.0 	0.0 	0.0 	0.0 	-0.0 	24.0 	0.0 	0.0 	0.0 	4.61623205686	2.47223194764	123.580748727	-15.1629958317	
3.23333333333	0.0	0.0	0.0 	0.0 	117.6 	24.0 	0.0 	0.0 	0.0 	-0.0 	24.0 	0.0 	0.0 	0.0 	4.63977485252	2.47223194765	123.628730554	-15.2236391195	
3.25	0.0	0.0	0.0 	0.0 	118.0 	24.0 	0.0 	0.0 	0.0 	-0.0 	24.0 	0.0 	0.0 	0.0 	4.66318434651	2.47223194766	123.676954469	-15.2845883766	
3.26666666667	0.0	0.0	0.0 	0.0 	118.4 	24.0 	0.0 	0.0 	0.0 	-0.0 	24.0 	0.0 	0.0 	0.0 	4.68646129359	2.47223194766	123.725419099	-15.3458418706	
3.28333333333	0.0	0.0	0.0 	0.0 	118.8 	24.0 	0.0 	0.0 	0.0 	-0.0 	24.0 	0.0 	0.0 	0.0 	4.70960644425	2.47223194766	123.774123084	-15.4073978788	
3.3	0.0	0.0	0.0 	0.0 	119.2 	24.0 	0.0 	0.0 	0.0 	-0.0 	24.0 	0.0 	0.0 	0.0 	4.73262054475	2.47223194766	123.823065066	-15.4692546884	
3.31666666667	0.0	0.0	0.0 	0.0 	119.6 	24.0 	0.0 	0.0 	0.0 	-0.0 	24.0 	0.0 	0.0 	0.0 	4.7555043371	2.47223194767	123.8722437	-15.5314105962	
3.33333333333	0.0	0.0	0.0 	0.0 	120.0 	24.0 	0.0 	0.0 	0.0 	-0.0 	24.0 	0.0 	0.0 	0.0 	4.77825855912	2.47223194767	123.921657644	-15.5938639088	
3.35	0.0	0.0	0.0 	0.0 	120.4 	24.0 	0.0 	0.0 	0.0 	-0.0 	24.0 	0.0 	0.0 	0.0 	4.80088394445	2.47223194767	123.971305567	-15.6566129421	
3.36666666667	0.0	0.0	0.0 	0.0 	120.8 	24.0 	0.0 	0.0 	0.0 	-0.0 	24.0 	0.0 	0.0 	0.0 	4.82338122257	2.47223194767	124.021186143	-15.7196560217	
3.38333333333	0.0	0.0	0.0 	0.0 	121.2 	24.0 	0.0 	0.0 	0.0 	-0.0 	24.0 	0.0 	0.0 	0.0 	4.84575111884	2.47223194767	124.071298055	-15.7829914828	
3.4	0.0	0.0	0.0 	0.0 	121.6 	24.0 	0.0 	0.0 	0.0 	-0.0 	24.0 	0.0 	0.0 	0.0 	4.86799435452	2.47223194767	124.121639995	-15.8466176698	
3.41666666667	0.0	0.0	0.0 	0.0 	122.0 	24.0 	0.0 	0.0 	0.0 	-0.0 	24.0 	0.0 	0.0 	0.0 	4.89011164676	2.47223194767	124.172210658	-15.9105329367	
3.43333333333	0.0	0.0	0.0 	0.0 	122.4 	24.0 	0.0 	0.0 	0.0 	-0.0 	24.0 	0.0 	0.0 	0.0 	4.91210370866	2.47223194768	124.22300875	-15.9747356466	
3.45	0.0	0.0	0.0 	0.0 	122.8 	24.0 	0.0 	0.0 	0.0 	-0.0 	24.0 	0.0 	0.0 	0.0 	4.93397124931	2.47223194768	124.274032983	-16.039224172	
3.46666666667	0.0	0.0	0.0 	0.0 	123.2 	24.0 	0.0 	0.0 	0.0 	-0.0 	24.0 	0.0 	0.0 	0.0 	4.95571497374	2.47223194768	124.325282077	-16.1039968946	
3.48333333333	0.0	0.0	0.0 	0.0 	123.6 	24.0 	0.0 	0.0 	0.0 	-0.0 	24.0 	0.0 	0.0 	0.0 	4.97733558302	2.47223194768	124.376754759	-16.1690522052	
3.5	0.0	0.0	0.0 	0.0 	124.0 	24.0 	0.0 	0.0 	0.0 	-0.0 	24.0 	0.0 	0.0 	0.0 	4.99883377424	2.47223194768	124.428449763	-16.2343885038	
3.51666666667	0.0	0.0	0.0 	0.0 	124.4 	24.0 	0.0 	0.0 	0.0 	-0.0 	24.0 	0.0 	0.0 	0.0 	5.02021024054	2.47223194768	124.480365829	-16.3000041994	
3.53333333333	0.0	0.0	0.0 	0.0 	124.8 	24.0 	0.0 	0.0 	0.0 	-0.0 	24.0 	0.0 	0.0 	0.0 	5.04146567115	2.47223194768	124.532501707	-16.3658977101	
3.55	0.0	0.0	0.0 	0.0 	125.2 	24.0 	0.0 	0.0 	0.0 	-0.0 	24.0 	0.0 	0.0 	0.0 	5.06260075136	2.47223194768	124.584856151	-16.4320674627	
3.56666666667	0.0	0.0	0.0 	0.0 	125.6 	24.0 	0.0 	0.0 	0.0 	-0.0 	24.0 	0.0 	0.0 	0.0 	5.08361616263	2.47223194768	124.637427924	-16.4985118933	
3.58333333333	0.0	0.0	0.0 	0.0 	126.0 	24.0 	0.0 	0.0 	0.0 	-0.0 	24.0 	0.0 	0.0 	0.0 	5.10451258254	2.47223194768	124.690215796	-16.5652294465	
3.6	0.0	0.0	0.0 	0.0 	126.4 	24.0 	0.0 	0.0 	0.0 	-0.0 	24.0 	0.0 	0.0 	0.0 	5.12529068481	2.47223194768	124.743218543	-16.6322185759	
3.61666666667	0.0	0.0	0.0 	0.0 	126.8 	24.0 	0.0 	0.0 	0.0 	-0.0 	24.0 	0.0 	0.0 	0.0 	5.14595113938	2.47223194768	124.796434948	-16.6994777438	
3.63333333333	0.0	0.0	0.0 	0.0 	127.2 	24.0 	0.0 	0.0 	0.0 	-0.0 	24.0 	0.0 	0.0 	0.0 	5.16649461238	2.47223194768	124.849863801	-16.7670054212	
3.65	0.0	0.0	0.0 	0.0 	127.6 	24.0 	0.0 	0.0 	0.0 	-0.0 	24.0 	0.0 	0.0 	0.0 	5.18692176617	2.47223194768	124.9035039	-16.8348000879	
3.66666666667	0.0	0.0	0.0 	0.0 	128.0 	24.0 	0.0 	0.0 	0.0 	-0.0 	24.0 	0.0 	0.0 	0.0 	5.20723325937	2.47223194768	124.957354049	-16.902860232	
3.68333333333	0.0	0.0	0.0 	0.0 	128.4 	24.0 	0.0 	0.0 	0.0 	-0.0 	24.0 	0.0 	0.0 	0.0 	5.22742974685	2.47223194768	125.011413058	-16.9711843504	
3.7	0.0	0.0	0.0 	0.0 	128.8 	24.0 	0.0 	0.0 	0.0 	-0.0 	24.0 	0.0 	0.0 	0.0 	5.24751187979	2.47223194768	125.065679744	-17.0397709485	
3.71666666667	0.0	0.0	0.0 	0.0 	129.2 	24.0 	0.0 	0.0 	0.0 	-0.0 	24.0 	0.0 	0.0 	0.0 	5.26748030568	2.47223194768	125.120152932	-17.1086185401	
3.73333333333	0.0	0.0	0.0 	0.0 	129.6 	24.0 	0.0 	0.0 	0.0 	-0.0 	24.0 	0.0 	0.0 	0.0 	5.28733566833	2.47223194768	125.174831453	-17.1777256474	
3.75	0.0	0.0	0.0 	0.0 	130.0 	24.0 	0.0 	0.0 	0.0 	-0.0 	24.0 	0.0 	0.0 	0.0 	5.30707860792	2.47223194768	125.229714144	-17.247090801	
3.76666666667	0.0	0.0	0.0 	0.0 	130.4 	24.0 	0.0 	0.0 	0.0 	-0.0 	24.0 	0.0 	0.0 	0.0 	5.32670976101	2.47223194768	125.284799848	-17.3167125399	
3.78333333333	0.0	0.0	0.0 	0.0 	130.8 	24.0 	0.0 	0.0 	0.0 	-0.0 	24.0 	0.0 	0.0 	0.0 	5.34622976054	2.47223194768	125.340087417	-17.3865894111	
3.8	0.0	0.0	0.0 	0.0 	131.2 	24.0 	0.0 	0.0 	0.0 	-0.0 	24.0 	0.0 	0.0 	0.0 	5.36563923587	2.47223194768	125.395575707	-17.4567199702	
3.81666666667	0.0	0.0	0.0 	0.0 	131.6 	24.0 	0.0 	0.0 	0.0 	-0.0 	24.0 	0.0 	0.0 	0.0 	5.38493881279	2.47223194768	125.451263582	-17.5271027807	
3.83333333333	0.0	0.0	0.0 	0.0 	132.0 	24.0 	0.0 	0.0 	0.0 	-0.0 	24.0 	0.0 	0.0 	0.0 	5.40412911358	2.47223194768	125.507149912	-17.5977364143	
3.85	0.0	0.0	0.0 	0.0 	132.4 	24.0 	0.0 	0.0 	0.0 	-0.0 	24.0 	0.0 	0.0 	0.0 	5.42321075696	2.47223194768	125.563233574	-17.6686194509	
3.86666666667	0.0	0.0	0.0 	0.0 	132.8 	24.0 	0.0 	0.0 	0.0 	-0.0 	24.0 	0.0 	0.0 	0.0 	5.44218435815	2.47223194768	125.619513448	-17.7397504783	
3.88333333333	0.0	0.0	0.0 	0.0 	133.2 	24.0 	0.0 	0.0 	0.0 	-0.0 	24.0 	0.0 	0.0 	0.0 	5.46105052891	2.47223194768	125.675988426	-17.8111280924	
3.9	0.0	0.0	0.0 	0.0 	133.6 	24.0 	0.0 	0.0 	0.0 	-0.0 	24.0 	0.0 	0.0 	0.0 	5.47980987751	2.47223194768	125.732657402	-17.882750897	
3.91666666667	0.0	0.0	0.0 	0.0 	134.0 	24.0 	0.0 	0.0 	0.0 	-0.0 	24.0 	0.0 	0.0 	0.0 	5.4984630088	2.47223194768	125.789519278	-17.9546175037	
3.93333333333	0.0	0.0	0.0 	0.0 	134.4 	24.0 	0.0 	0.0 	0.0 	-0.0 	24.0 	0.0 	0.0 	0.0 	5.51701052418	2.47223194768	125.846572961	-18.0267265322	
3.95	0.0	0.0	0.0 	0.0 	134.8 	24.0 	0.0 	0.0 	0.0 	-0.0 	24.0 	0.0 	0.0 	0.0 	5.53545302167	2.47223194768	125.903817366	-18.0990766098	
3.96666666667	0.0	0.0	0.0 	0.0 	135.2 	24.0 	0.0 	0.0 	0.0 	-0.0 	24.0 	0.0 	0.0 	0.0 	5.55379109589	2.47223194768	125.961251412	-18.1716663717	
3.98333333333	0.0	0.0	0.0 	0.0 	135.6 	24.0 	0.0 	0.0 	0.0 	-0.0 	24.0 	0.0 	0.0 	0.0 	5.57202533808	2.47223194768	126.018874026	-18.2444944608	
4.0	0.0	0.0	0.0 	0.0 	136.0 	24.0 	0.0 	0.0 	0.0 	-0.0 	24.0 	0.0 	0.0 	0.0 	5.59015633617	2.47223194768	126.076684141	-18.3175595275	
4.01666666667	0.0	0.0	0.0 	0.0 	136.4 	24.0 	0.0 	0.0 	0.0 	-0.0 	24.0 	0.0 	0.0 	0.0 	5.60818467472	2.47223194768	126.134680693	-18.3908602303	
4.03333333333	0.0	0.0	0.0 	0.0 	136.8 	24.0 	0.0 	0.0 	0.0 	-0.0 	24.0 	0.0 	0.0 	0.0 	5.62611093501	2.47223194768	126.192862629	-18.4643952348	
4.05	0.0	0.0	0.0 	0.0 	137.2 	24.0 	0.0 	0.0 	0.0 	-0.0 	24.0 	0.0 	0.0 	0.0 	5.64393569501	2.47223194768	126.251228898	-18.5381632144	
4.06666666667	0.0	0.0	0.0 	0.0 	137.6 	24.0 	0.0 	0.0 	0.0 	-0.0 	24.0 	0.0 	0.0 	0.0 	5.66165952943	2.47223194768	126.309778456	-18.6121628499	
4.08333333333	0.0	0.0	0.0 	0.0 	138.0 	24.0 	0.0 	0.0 	0.0 	-0.0 	24.0 	0.0 	0.0 	0.0 	5.67928300972	2.47223194768	126.368510266	-18.6863928298	
4.1	0.0	0.0	0.0 	0.0 	138.4 	24.0 	0.0 	0.0 	0.0 	-0.0 	24.0 	0.0 	0.0 	0.0 	5.6968067041	2.47223194768	126.427423296	-18.7608518498	
4.11666666667	0.0	0.0	0.0 	0.0 	138.8 	24.0 	0.0 	0.0 	0.0 	-0.0 	24.0 	0.0 	0.0 	0.0 	5.71423117755	2.47223194768	126.486516519	-18.835538613	
4.13333333333	0.0	0.0	0.0 	0.0 	139.2 	24.0 	0.0 	0.0 	0.0 	-0.0 	24.0 	0.0 	0.0 	0.0 	5.73155699189	2.47223194768	126.545788916	-18.91045183	
4.15	0.0	0.0	0.0 	0.0 	139.6 	24.0 	0.0 	0.0 	0.0 	-0.0 	24.0 	0.0 	0.0 	0.0 	5.74878470573	2.47223194768	126.605239472	-18.9855902185	
4.16666666667	0.0	0.0	0.0 	0.0 	140.0 	24.0 	0.0 	0.0 	0.0 	-0.0 	24.0 	0.0 	0.0 	0.0 	5.76591487452	2.47223194768	126.664867177	-19.0609525035	
4.18333333333	0.0	0.0	0.0 	0.0 	140.4 	24.0 	0.0 	0.0 	0.0 	-0.0 	24.0 	0.0 	0.0 	0.0 	5.78294805057	2.47223194768	126.72467103	-19.1365374175	
4.2	0.0	0.0	0.0 	0.0 	140.8 	24.0 	0.0 	0.0 	0.0 	-0.0 	24.0 	0.0 	0.0 	0.0 	5.79988478307	2.47223194768	126.784650033	-19.2123436997	
4.21666666667	0.0	0.0	0.0 	0.0 	141.2 	24.0 	0.0 	0.0 	0.0 	-0.0 	24.0 	0.0 	0.0 	0.0 	5.81672561809	2.47223194768	126.844803194	-19.2883700969	
4.23333333333	0.0	0.0	0.0 	0.0 	141.6 	24.0 	0.0 	0.0 	0.0 	-0.0 	24.0 	0.0 	0.0 	0.0 	5.83347109861	2.47223194768	126.905129526	-19.3646153626	
4.25	0.0	0.0	0.0 	0.0 	142.0 	24.0 	0.0 	0.0 	0.0 	-0.0 	24.0 	0.0 	0.0 	0.0 	5.85012176453	2.47223194768	126.965628051	-19.4410782577	
4.26666666667	0.0	0.0	0.0 	0.0 	142.4 	24.0 	0.0 	0.0 	0.0 	-0.0 	24.0 	0.0 	0.0 	0.0 	5.86667815271	2.47223194768	127.026297791	-19.5177575499	
4.28333333333	0.0	0.0	0.0 	0.0 	142.8 	24.0 	0.0 	0.0 	0.0 	-0.0 	24.0 	0.0 	0.0 	0.0 	5.88314079696	2.47223194768	127.087137779	-19.5946520139	
4.3	0.0	0.0	0.0 	0.0 	143.2 	24.0 	0.0 	0.0 	0.0 	-0.0 	24.0 	0.0 	0.0 	0.0 	5.89951022807	2.47223194768	127.148147049	-19.6717604315	
4.31666666667	0.0	0.0	0.0 	0.0 	143.6 	24.0 	0.0 	0.0 	0.0 	-0.0 	24.0 	0.0 	0.0 	0.0 	5.91578697381	2.47223194768	127.209324644	-19.7490815911	
4.33333333333	0.0	0.0	0.0 	0.0 	144.0 	24.0 	0.0 	0.0 	0.0 	-0.0 	24.0 	0.0 	0.0 	0.0 	5.93197155898	2.47223194768	127.270669611	-19.8266142882	
4.35	0.0	0.0	0.0 	0.0 	144.4 	24.0 	0.0 	0.0 	0.0 	-0.0 	24.0 	0.0 	0.0 	0.0 	5.9480645054	2.47223194768	127.332181001	-19.9043573251	
4.36666666667	0.0	0.0	0.0 	0.0 	144.8 	24.0 	0.0 	0.0 	0.0 	-0.0 	24.0 	0.0 	0.0 	0.0 	5.96406633195	2.47223194768	127.393857873	-19.9823095109	
4.38333333333	0.0	0.0	0.0 	0.0 	145.2 	24.0 	0.0 	0.0 	0.0 	-0.0 	24.0 	0.0 	0.0 	0.0 	5.97997755454	2.47223194768	127.455699289	-20.0604696612	
4.4	0.0	0.0	0.0 	0.0 	145.6 	24.0 	0.0 	0.0 	0.0 	-0.0 	24.0 	0.0 	0.0 	0.0 	5.9957986862	2.47223194768	127.517704319	-20.1388365985	
4.41666666667	0.0	0.0	0.0 	0.0 	146.0 	24.0 	0.0 	0.0 	0.0 	-0.0 	24.0 	0.0 	0.0 	0.0 	6.01153023702	2.47223194768	127.579872034	-20.2174091521	
4.43333333333	0.0	0.0	0.0 	0.0 	146.4 	24.0 	0.0 	0.0 	0.0 	-0.0 	24.0 	0.0 	0.0 	0.0 	6.02717271421	2.47223194768	127.642201515	-20.2961861577	
4.45	0.0	0.0	0.0 	0.0 	146.8 	24.0 	0.0 	0.0 	0.0 	-0.0 	24.0 	0.0 	0.0 	0.0 	6.04272662213	2.47223194768	127.704691846	-20.3751664577	
4.46666666667	0.0	0.0	0.0 	0.0 	147.2 	24.0 	0.0 	0.0 	0.0 	-0.0 	24.0 	0.0 	0.0 	0.0 	6.05819246226	2.47223194768	127.767342115	-20.4543489009	
4.48333333333	0.0	0.0	0.0 	0.0 	147.6 	24.0 	0.0 	0.0 	0.0 	-0.0 	24.0 	0.0 	0.0 	0.0 	6.07357073325	2.47223194768	127.830151417	-20.5337323429	
4.5	0.0	0.0	0.0 	0.0 	148.0 	24.0 	0.0 	0.0 	0.0 	-0.0 	24.0 	0.0 	0.0 	0.0 	6.08886193093	2.47223194768	127.893118852	-20.6133156456	
4.51666666667	0.0	0.0	0.0 	0.0 	148.4 	24.0 	0.0 	0.0 	0.0 	-0.0 	24.0 	0.0 	0.0 	0.0 	6.1040665483	2.47223194768	127.956243523	-20.6930976773	
4.53333333333	0.0	0.0	0.0 	0.0 	148.8 	24.0 	0.0 	0.0 	0.0 	-0.0 	24.0 	0.0 	0.0 	0.0 	6.11918507561	2.47223194768	128.019524542	-20.7730773128	
4.55	0.0	0.0	0.0 	0.0 	149.2 	24.0 	0.0 	0.0 	0.0 	-0.0 	24.0 	0.0 	0.0 	0.0 	6.1342180003	2.47223194768	128.082961023	-20.8532534333	
4.56666666667	0.0	0.0	0.0 	0.0 	149.6 	24.0 	0.0 	0.0 	0.0 	-0.0 	24.0 	0.0 	0.0 	0.0 	6.14916580705	2.47223194768	128.146552085	-20.9336249262	
4.58333333333	0.0	0.0	0.0 	0.0 	150.0 	24.0 	0.0 	0.0 	0.0 	-0.0 	24.0 	0.0 	0.0 	0.0 	6.16402897783	2.47223194768	128.210296853	-21.0141906854	
4.6	0.0	0.0	0.0 	0.0 	150.4 	24.0 	0.0 	0.0 	0.0 	-0.0 	24.0 	0.0 	0.0 	0.0 	6.17880799183	2.47223194768	128.274194457	-21.0949496108	
4.61666666667	0.0	0.0	0.0 	0.0 	150.8 	24.0 	0.0 	0.0 	0.0 	-0.0 	24.0 	0.0 	0.0 	0.0 	6.19350332558	2.47223194768	128.338244031	-21.1759006087	
4.63333333333	0.0	0.0	0.0 	0.0 	151.2 	24.0 	0.0 	0.0 	0.0 	-0.0 	24.0 	0.0 	0.0 	0.0 	6.20811545287	2.47223194768	128.402444716	-21.2570425917	
4.65	0.0	0.0	0.0 	0.0 	151.6 	24.0 	0.0 	0.0 	0.0 	-0.0 	24.0 	0.0 	0.0 	0.0 	6.22264484482	2.47223194768	128.466795655	-21.3383744783	
4.66666666667	0.0	0.0	0.0 	0.0 	152.0 	24.0 	0.0 	0.0 	0.0 	-0.0 	24.0 	0.0 	0.0 	0.0 	6.2370919699	2.47223194768	128.531295998	-21.4198951933	
4.68333333333	0.0	0.0	0.0 	0.0 	152.4 	24.0 	0.0 	0.0 	0.0 	-0.0 	24.0 	0.0 	0.0 	0.0 	6.25145729391	2.47223194768	128.595944898	-21.5016036675	
4.7	0.0	0.0	0.0 	0.0 	152.8 	24.0 	0.0 	0.0 	0.0 	-0.0 	24.0 	0.0 	0.0 	0.0 	6.26574128001	2.47223194768	128.660741515	-21.5834988378	
4.71666666667	0.0	0.0	0.0 	0.0 	153.2 	24.0 	0.0 	0.0 	0.0 	-0.0 	24.0 	0.0 	0.0 	0.0 	6.27994438874	2.47223194768	128.725685012	-21.6655796471	
4.73333333333	0.0	0.0	0.0 	0.0 	153.6 	24.0 	0.0 	0.0 	0.0 	-0.0 	24.0 	0.0 	0.0 	0.0 	6.29406707805	2.47223194768	128.790774558	-21.7478450443	
4.75	0.0	0.0	0.0 	0.0 	154.0 	24.0 	0.0 	0.0 	0.0 	-0.0 	24.0 	0.0 	0.0 	0.0 	6.30810980327	2.47223194768	128.856009326	-21.8302939842	
4.76666666667	0.0	0.0	0.0 	0.0 	154.4 	24.0 	0.0 	0.0 	0.0 	-0.0 	24.0 	0.0 	0.0 	0.0 	6.32207301717	2.47223194768	128.921388492	-21.9129254277	
4.78333333333	0.0	0.0	0.0 	0.0 	154.8 	24.0 	0.0 	0.0 	0.0 	-0.0 	24.0 	0.0 	0.0 	0.0 	6.33595716995	2.47223194768	128.986911241	-21.9957383413	
4.8	0.0	0.0	0.0 	0.0 	155.2 	24.0 	0.0 	0.0 	0.0 	-0.0 	24.0 	0.0 	0.0 	0.0 	6.34976270926	2.47223194768	129.052576758	-22.0787316976	
4.81666666667	0.0	0.0	0.0 	0.0 	155.6 	24.0 	0.0 	0.0 	0.0 	-0.0 	24.0 	0.0 	0.0 	0.0 	6.36349008022	2.47223194768	129.118384236	-22.1619044749	
4.83333333333	0.0	0.0	0.0 	0.0 	156.0 	24.0 	0.0 	0.0 	0.0 	-0.0 	24.0 	0.0 	0.0 	0.0 	6.37713972543	2.47223194768	129.18433287	-22.2452556572	
4.85	0.0	0.0	0.0 	0.0 	156.4 	24.0 	0.0 	0.0 	0.0 	-0.0 	24.0 	0.0 	0.0 	0.0 	6.39071208497	2.47223194768	129.250421862	-22.3287842344	
4.86666666667	0.0	0.0	0.0 	0.0 	156.8 	24.0 	0.0 	0.0 	0.0 	-0.0 	24.0 	0.0 	0.0 	0.0 	6.40420759646	2.47223194768	129.316650416	-22.4124892022	
4.88333333333	0.0	0.0	0.0 	0.0 	157.2 	24.0 	0.0 	0.0 	0.0 	-0.0 	24.0 	0.0 	0.0 	0.0 	6.417626695	2.47223194768	129.383017743	-22.4963695617	
4.9	0.0	0.0	0.0 	0.0 	157.6 	24.0 	0.0 	0.0 	0.0 	-0.0 	24.0 	0.0 	0.0 	0.0 	6.43096981325	2.47223194768	129.449523057	-22.5804243198	
4.91666666667	0.0	0.0	0.0 	0.0 	158.0 	24.0 	0.0 	0.0 	0.0 	-0.0 	24.0 	0.0 	0.0 	0.0 	6.44423738143	2.47223194768	129.516165576	-22.6646524892	
4.93333333333	0.0	0.0	0.0 	0.0 	158.4 	24.0 	0.0 	0.0 	0.0 	-0.0 	24.0 	0.0 	0.0 	0.0 	6.45742982731	2.47223194768	129.582944523	-22.7490530879	
4.95	0.0	0.0	0.0 	0.0 	158.8 	24.0 	0.0 	0.0 	0.0 	-0.0 	24.0 	0.0 	0.0 	0.0 	6.47054757623	2.47223194768	129.649859127	-22.8336251396	
4.96666666667	0.0	0.0	0.0 	0.0 	159.2 	24.0 	0.0 	0.0 	0.0 	-0.0 	24.0 	0.0 	0.0 	0.0 	6.48359105114	2.47223194768	129.716908618	-22.9183676736	
4.98333333333	0.0	0.0	0.0 	0.0 	159.6 	24.0 	0.0 	0.0 	0.0 	-0.0 	24.0 	0.0 	0.0 	0.0 	6.49656067259	2.47223194768	129.784092234	-23.0032797245	
5.0	0.0	0.0	0.0 	0.0 	160.0 	24.0 	0.0 	0.0 	0.0 	-0.0 	24.0 	0.0 	0.0 	0.0 	6.50945685874	2.47223194768	129.851409214	-23.0883603326	
5.01666666667	0.0	0.0	0.0 	0.0 	160.4 	24.0 	0.0 	0.0 	0.0 	-0.0 	24.0 	0.0 	0.0 	0.0 	6.52228002538	2.47223194768	129.918858804	-23.1736085434	
5.03333333333	0.0	0.0	0.0 	0.0 	160.8 	24.0 	0.0 	0.0 	0.0 	-0.0 	24.0 	0.0 	0.0 	0.0 	6.53503058597	2.47223194768	129.986440253	-23.2590234079	
5.05	0.0	0.0	0.0 	0.0 	161.2 	24.0 	0.0 	0.0 	0.0 	-0.0 	24.0 	0.0 	0.0 	0.0 	6.5477089516	2.47223194768	130.054152814	-23.3446039826	
5.06666666667	0.0	0.0	0.0 	0.0 	161.6 	24.0 	0.0 	0.0 	0.0 	-0.0 	24.0 	0.0 	0.0 	0.0 	6.56031553105	2.47223194768	130.121995745	-23.4303493292	
5.08333333333	0.0	0.0	0.0 	0.0 	162.0 	24.0 	0.0 	0.0 	0.0 	-0.0 	24.0 	0.0 	0.0 	0.0 	6.57285073078	2.47223194768	130.189968308	-23.5162585147	
5.1	0.0	0.0	0.0 	0.0 	162.4 	24.0 	0.0 	0.0 	0.0 	-0.0 	24.0 	0.0 	0.0 	0.0 	6.58531495496	2.47223194768	130.258069768	-23.6023306114	
5.11666666667	0.0	0.0	0.0 	0.0 	162.8 	24.0 	0.0 	0.0 	0.0 	-0.0 	24.0 	0.0 	0.0 	0.0 	6.59770860544	2.47223194768	130.326299396	-23.688564697	
5.13333333333	0.0	0.0	0.0 	0.0 	163.2 	24.0 	0.0 	0.0 	0.0 	-0.0 	24.0 	0.0 	0.0 	0.0 	6.61003208183	2.47223194768	130.394656467	-23.7749598542	
5.15	0.0	0.0	0.0 	0.0 	163.6 	24.0 	0.0 	0.0 	0.0 	-0.0 	24.0 	0.0 	0.0 	0.0 	6.62228578146	2.47223194768	130.463140258	-23.8615151711	
5.16666666667	0.0	0.0	0.0 	0.0 	164.0 	24.0 	0.0 	0.0 	0.0 	-0.0 	24.0 	0.0 	0.0 	0.0 	6.63447009941	2.47223194768	130.531750051	-23.9482297407	
5.18333333333	0.0	0.0	0.0 	0.0 	164.4 	24.0 	0.0 	0.0 	0.0 	-0.0 	24.0 	0.0 	0.0 	0.0 	6.64658542852	2.47223194768	130.600485135	-24.0351026615	
5.2	0.0	0.0	0.0 	0.0 	164.8 	24.0 	0.0 	0.0 	0.0 	-0.0 	24.0 	0.0 	0.0 	0.0 	6.65863215943	2.47223194768	130.669344799	-24.1221330367	
5.21666666667	0.0	0.0	0.0 	0.0 	165.2 	24.0 	0.0 	0.0 	0.0 	-0.0 	24.0 	0.0 	0.0 	0.0 	6.67061068054	2.47223194768	130.738328338	-24.2093199749	
5.23333333333	0.0	0.0	0.0 	0.0 	165.6 	24.0 	0.0 	0.0 	0.0 	-0.0 	24.0 	0.0 	0.0 	0.0 	6.68252137805	2.47223194768	130.80743505	-24.2966625895	
5.25	0.0	0.0	0.0 	0.0 	166.0 	24.0 	0.0 	0.0 	0.0 	-0.0 	24.0 	0.0 	0.0 	0.0 	6.69436463601	2.47223194768	130.876664238	-24.3841599992	
5.26666666667	0.0	0.0	0.0 	0.0 	166.4 	24.0 	0.0 	0.0 	0.0 	-0.0 	24.0 	0.0 	0.0 	0.0 	6.70614083624	2.47223194768	130.946015208	-24.4718113275	
5.28333333333	0.0	0.0	0.0 	0.0 	166.8 	24.0 	0.0 	0.0 	0.0 	-0.0 	24.0 	0.0 	0.0 	0.0 	6.71785035845	2.47223194768	131.015487272	-24.5596157028	
5.3	0.0	0.0	0.0 	0.0 	167.2 	24.0 	0.0 	0.0 	0.0 	-0.0 	24.0 	0.0 	0.0 	0.0 	6.72949358016	2.47223194768	131.085079743	-24.6475722587	
5.31666666667	0.0	0.0	0.0 	0.0 	167.6 	24.0 	0.0 	0.0 	0.0 	-0.0 	24.0 	0.0 	0.0 	0.0 	6.74107087678	2.47223194768	131.15479194	-24.7356801334	
5.33333333333	0.0	0.0	0.0 	0.0 	168.0 	24.0 	0.0 	0.0 	0.0 	-0.0 	24.0 	0.0 	0.0 	0.0 	6.75258262159	2.47223194768	131.224623184	-24.8239384701	
5.35	0.0	0.0	0.0 	0.0 	168.4 	24.0 	0.0 	0.0 	0.0 	-0.0 	24.0 	0.0 	0.0 	0.0 	6.76402918574	2.47223194768	131.294572802	-24.9123464169	
5.36666666667	0.0	0.0	0.0 	0.0 	168.8 	24.0 	0.0 	0.0 	0.0 	-0.0 	24.0 	0.0 	0.0 	0.0 	6.7754109383	2.47223194768	131.364640123	-25.0009031268	
5.38333333333	0.0	0.0	0.0 	0.0 	169.2 	24.0 	0.0 	0.0 	0.0 	-0.0 	24.0 	0.0 	0.0 	0.0 	6.78672824623	2.47223194768	131.434824482	-25.0896077574	
5.4	0.0	0.0	0.0 	0.0 	169.6 	24.0 	0.0 	0.0 	0.0 	-0.0 	24.0 	0.0 	0.0 	0.0 	6.79798147442	2.47223194768	131.505125214	-25.1784594711	
5.41666666667	0.0	0.0	0.0 	0.0 	170.0 	24.0 	0.0 	0.0 	0.0 	-0.0 	24.0 	0.0 	0.0 	0.0 	6.80917098571	2.47223194768	131.575541662	-25.2674574352	
5.43333333333	0.0	0.0	0.0 	0.0 	170.4 	24.0 	0.0 	0.0 	0.0 	-0.0 	24.0 	0.0 	0.0 	0.0 	6.82029714086	2.47223194768	131.64607317	-25.3566008215	
5.45	0.0	0.0	0.0 	0.0 	170.8 	24.0 	0.0 	0.0 	0.0 	-0.0 	24.0 	0.0 	0.0 	0.0 	6.8313602986	2.47223194768	131.716719087	-25.4458888068	
5.46666666667	0.0	0.0	0.0 	0.0 	171.2 	24.0 	0.0 	0.0 	0.0 	-0.0 	24.0 	0.0 	0.0 	0.0 	6.84236081563	2.47223194768	131.787478765	-25.5353205722	
5.48333333333	0.0	0.0	0.0 	0.0 	171.6 	24.0 	0.0 	0.0 	0.0 	-0.0 	24.0 	0.0 	0.0 	0.0 	6.85329904663	2.47223194768	131.858351559	-25.6248953036	
5.5	0.0	0.0	0.0 	0.0 	172.0 	24.0 	0.0 	0.0 	0.0 	-0.0 	24.0 	0.0 	0.0 	0.0 	6.86417534426	2.47223194768	131.92933683	-25.7146121917	
5.51666666667	0.0	0.0	0.0 	0.0 	172.4 	24.0 	0.0 	0.0 	0.0 	-0.0 	24.0 	0.0 	0.0 	0.0 	6.87499005921	2.47223194768	132.00043394	-25.8044704313	
5.53333333333	0.0	0.0	0.0 	0.0 	172.8 	24.0 	0.0 	0.0 	0.0 	-0.0 	24.0 	0.0 	0.0 	0.0 	6.88574354015	2.47223194768	132.071642256	-25.8944692223	
5.55	0.0	0.0	0.0 	0.0 	173.2 	24.0 	0.0 	0.0 	0.0 	-0.0 	24.0 	0.0 	0.0 	0.0 	6.89643613381	2.47223194768	132.142961149	-25.9846077688	
5.56666666667	0.0	0.0	0.0 	0.0 	173.6 	24.0 	0.0 	0.0 	0.0 	-0.0 	24.0 	0.0 	0.0 	0.0 	6.90706818492	2.47223194768	132.214389992	-26.0748852795	
5.58333333333	0.0	0.0	0.0 	0.0 	174.0 	24.0 	0.0 	0.0 	0.0 	-0.0 	24.0 	0.0 	0.0 	0.0 	6.91764003629	2.47223194768	132.285928164	-26.1653009675	
5.6	0.0	0.0	0.0 	0.0 	174.4 	24.0 	0.0 	0.0 	0.0 	-0.0 	24.0 	0.0 	0.0 	0.0 	6.92815202878	2.47223194768	132.357575044	-26.2558540505	
5.61666666667	0.0	0.0	0.0 	0.0 	174.8 	24.0 	0.0 	0.0 	0.0 	-0.0 	24.0 	0.0 	0.0 	0.0 	6.93860450131	2.47223194768	132.429330017	-26.3465437505	
5.63333333333	0.0	0.0	0.0 	0.0 	175.2 	24.0 	0.0 	0.0 	0.0 	-0.0 	24.0 	0.0 	0.0 	0.0 	6.9489977909	2.47223194768	132.501192472	-26.4373692941	
5.65	0.0	0.0	0.0 	0.0 	175.6 	24.0 	0.0 	0.0 	0.0 	-0.0 	24.0 	0.0 	0.0 	0.0 	6.95933223263	2.47223194768	132.573161799	-26.528329912	
5.66666666667	0.0	0.0	0.0 	0.0 	176.0 	24.0 	0.0 	0.0 	0.0 	-0.0 	24.0 	0.0 	0.0 	0.0 	6.96960815971	2.47223194768	132.645237394	-26.6194248394	
5.68333333333	0.0	0.0	0.0 	0.0 	176.4 	24.0 	0.0 	0.0 	0.0 	-0.0 	24.0 	0.0 	0.0 	0.0 	6.97982590347	2.47223194768	132.717418655	-26.7106533159	
5.7	0.0	0.0	0.0 	0.0 	176.8 	24.0 	0.0 	0.0 	0.0 	-0.0 	24.0 	0.0 	0.0 	0.0 	6.98998579333	2.47223194768	132.789704983	-26.8020145852	
5.71666666667	0.0	0.0	0.0 	0.0 	177.2 	24.0 	0.0 	0.0 	0.0 	-0.0 	24.0 	0.0 	0.0 	0.0 	7.00008815687	2.47223194768	132.862095785	-26.8935078956	
5.73333333333	0.0	0.0	0.0 	0.0 	177.6 	24.0 	0.0 	0.0 	0.0 	-0.0 	24.0 	0.0 	0.0 	0.0 	7.01013331982	2.47223194768	132.934590467	-26.9851324994	
5.75	0.0	0.0	0.0 	0.0 	178.0 	24.0 	0.0 	0.0 	0.0 	-0.0 	24.0 	0.0 	0.0 	0.0 	7.02012160605	2.47223194768	133.007188442	-27.0768876531	
5.76666666667	0.0	0.0	0.0 	0.0 	178.4 	24.0 	0.0 	0.0 	0.0 	-0.0 	24.0 	0.0 	0.0 	0.0 	7.03005333759	2.47223194768	133.079889126	-27.1687726176	
5.78333333333	0.0	0.0	0.0 	0.0 	178.8 	24.0 	0.0 	0.0 	0.0 	-0.0 	24.0 	0.0 	0.0 	0.0 	7.03992883467	2.47223194768	133.152691936	-27.260786658	
5.8	0.0	0.0	0.0 	0.0 	179.2 	24.0 	0.0 	0.0 	0.0 	-0.0 	24.0 	0.0 	0.0 	0.0 	7.0497484157	2.47223194768	133.225596295	-27.3529290432	
5.81666666667	0.0	0.0	0.0 	0.0 	179.6 	24.0 	0.0 	0.0 	0.0 	-0.0 	24.0 	0.0 	0.0 	0.0 	7.05951239728	2.47223194768	133.298601626	-27.4451990467	
5.83333333333	0.0	0.0	0.0 	0.0 	180.0 	24.0 	0.0 	0.0 	0.0 	-0.0 	24.0 	0.0 	0.0 	0.0 	7.0692210942	2.47223194768	133.37170736	-27.5375959459	
5.85	0.0	0.0	0.0 	0.0 	180.4 	24.0 	0.0 	0.0 	0.0 	-0.0 	24.0 	0.0 	0.0 	0.0 	7.07887481952	2.47223194768	133.444912926	-27.6301190223	
5.86666666667	0.0	0.0	0.0 	0.0 	180.8 	24.0 	0.0 	0.0 	0.0 	-0.0 	24.0 	0.0 	0.0 	0.0 	7.08847388446	2.47223194768	133.518217761	-27.7227675614	
5.88333333333	0.0	0.0	0.0 	0.0 	181.2 	24.0 	0.0 	0.0 	0.0 	-0.0 	24.0 	0.0 	0.0 	0.0 	7.09801859854	2.47223194768	133.591621301	-27.8155408528	
5.9	0.0	0.0	0.0 	0.0 	181.6 	24.0 	0.0 	0.0 	0.0 	-0.0 	24.0 	0.0 	0.0 	0.0 	7.10750926949	2.47223194768	133.665122989	-27.9084381903	
5.91666666667	0.0	0.0	0.0 	0.0 	182.0 	24.0 	0.0 	0.0 	0.0 	-0.0 	24.0 	0.0 	0.0 	0.0 	7.11694620331	2.47223194768	133.738722267	-28.0014588713	
5.93333333333	0.0	0.0	0.0 	0.0 	182.4 	24.0 	0.0 	0.0 	0.0 	-0.0 	24.0 	0.0 	0.0 	0.0 	7.12632970426	2.47223194768	133.812418584	-28.0946021976	
5.95	0.0	0.0	0.0 	0.0 	182.8 	24.0 	0.0 	0.0 	0.0 	-0.0 	24.0 	0.0 	0.0 	0.0 	7.13566007488	2.47223194768	133.886211391	-28.1878674748	
5.96666666667	0.0	0.0	0.0 	0.0 	183.2 	24.0 	0.0 	0.0 	0.0 	-0.0 	24.0 	0.0 	0.0 	0.0 	7.14493761601	2.47223194768	133.96010014	-28.2812540123	
5.98333333333	0.0	0.0	0.0 	0.0 	183.6 	24.0 	0.0 	0.0 	0.0 	-0.0 	24.0 	0.0 	0.0 	0.0 	7.15416262677	2.47223194768	134.034084289	-28.3747611235	
6.0	0.0	0.0	0.0 	0.0 	184.0 	24.0 	0.0 	0.0 	0.0 	-0.0 	24.0 	0.0 	0.0 	0.0 	7.16333540459	2.47223194768	134.108163297	-28.4683881257	
6.01666666667	0.0	0.0	0.0 	0.0 	184.4 	24.0 	0.0 	0.0 	0.0 	-0.0 	24.0 	0.0 	0.0 	0.0 	7.17245624522	2.47223194768	134.182336628	-28.5621343401	
6.03333333333	0.0	0.0	0.0 	0.0 	184.8 	24.0 	0.0 	0.0 	0.0 	-0.0 	24.0 	0.0 	0.0 	0.0 	7.18152544274	2.47223194768	134.256603747	-28.6559990918	
6.05	0.0	0.0	0.0 	0.0 	185.2 	24.0 	0.0 	0.0 	0.0 	-0.0 	24.0 	0.0 	0.0 	0.0 	7.19054328955	2.47223194768	134.330964124	-28.7499817095	
6.06666666667	0.0	0.0	0.0 	0.0 	185.6 	24.0 	0.0 	0.0 	0.0 	-0.0 	24.0 	0.0 	0.0 	0.0 	7.1995100764	2.47223194768	134.405417229	-28.8440815258	
6.08333333333	0.0	0.0	0.0 	0.0 	186.0 	24.0 	0.0 	0.0 	0.0 	-0.0 	24.0 	0.0 	0.0 	0.0 	7.20842609241	2.47223194768	134.479962539	-28.9382978772	
6.1	0.0	0.0	0.0 	0.0 	186.4 	24.0 	0.0 	0.0 	0.0 	-0.0 	24.0 	0.0 	0.0 	0.0 	7.21729162503	2.47223194768	134.554599531	-29.0326301039	
6.11666666667	0.0	0.0	0.0 	0.0 	186.8 	24.0 	0.0 	0.0 	0.0 	-0.0 	24.0 	0.0 	0.0 	0.0 	7.22610696012	2.47223194768	134.629327686	-29.1270775497	
6.13333333333	0.0	0.0	0.0 	0.0 	187.2 	24.0 	0.0 	0.0 	0.0 	-0.0 	24.0 	0.0 	0.0 	0.0 	7.2348723819	2.47223194768	134.704146488	-29.2216395623	
6.15	0.0	0.0	0.0 	0.0 	187.6 	24.0 	0.0 	0.0 	0.0 	-0.0 	24.0 	0.0 	0.0 	0.0 	7.24358817298	2.47223194768	134.779055423	-29.316315493	
6.16666666667	0.0	0.0	0.0 	0.0 	188.0 	24.0 	0.0 	0.0 	0.0 	-0.0 	24.0 	0.0 	0.0 	0.0 	7.25225461438	2.47223194768	134.854053982	-29.4111046967	
6.18333333333	0.0	0.0	0.0 	0.0 	188.4 	24.0 	0.0 	0.0 	0.0 	-0.0 	24.0 	0.0 	0.0 	0.0 	7.26087198551	2.47223194768	134.929141656	-29.5060065321	
6.2	0.0	0.0	0.0 	0.0 	188.8 	24.0 	0.0 	0.0 	0.0 	-0.0 	24.0 	0.0 	0.0 	0.0 	7.26944056422	2.47223194768	135.004317942	-29.6010203615	
6.21666666667	0.0	0.0	0.0 	0.0 	189.2 	24.0 	0.0 	0.0 	0.0 	-0.0 	24.0 	0.0 	0.0 	0.0 	7.27796062678	2.47223194768	135.079582337	-29.6961455507	
6.23333333333	0.0	0.0	0.0 	0.0 	189.6 	24.0 	0.0 	0.0 	0.0 	-0.0 	24.0 	0.0 	0.0 	0.0 	7.28643244789	2.47223194768	135.154934343	-29.7913814693	
6.25	0.0	0.0	0.0 	0.0 	190.0 	24.0 	0.0 	0.0 	0.0 	-0.0 	24.0 	0.0 	0.0 	0.0 	7.2948563007	2.47223194768	135.230373463	-29.8867274902	
6.26666666667	0.0	0.0	0.0 	0.0 	190.4 	24.0 	0.0 	0.0 	0.0 	-0.0 	24.0 	0.0 	0.0 	0.0 	7.3032324568	2.47223194768	135.305899205	-29.98218299	
6.28333333333	0.0	0.0	0.0 	0.0 	190.8 	24.0 	0.0 	0.0 	0.0 	-0.0 	24.0 	0.0 	0.0 	0.0 	7.31156118627	2.47223194768	135.381511077	-30.0777473489	
6.3	0.0	0.0	0.0 	0.0 	191.2 	24.0 	0.0 	0.0 	0.0 	-0.0 	24.0 	0.0 	0.0 	0.0 	7.31984275764	2.47223194768	135.457208592	-30.1734199505	
6.31666666667	0.0	0.0	0.0 	0.0 	191.6 	24.0 	0.0 	0.0 	0.0 	-0.0 	24.0 	0.0 	0.0 	0.0 	7.32807743791	2.47223194768	135.532991266	-30.2692001819	
6.33333333333	0.0	0.0	0.0 	0.0 	192.0 	24.0 	0.0 	0.0 	0.0 	-0.0 	24.0 	0.0 	0.0 	0.0 	7.3362654926	2.47223194768	135.608858616	-30.3650874337	
6.35	0.0	0.0	0.0 	0.0 	192.4 	24.0 	0.0 	0.0 	0.0 	-0.0 	24.0 	0.0 	0.0 	0.0 	7.3444071857	2.47223194768	135.684810162	-30.4610811	
6.36666666667	0.0	0.0	0.0 	0.0 	192.8 	24.0 	0.0 	0.0 	0.0 	-0.0 	24.0 	0.0 	0.0 	0.0 	7.35250277972	2.47223194768	135.760845429	-30.5571805781	
6.38333333333	0.0	0.0	0.0 	0.0 	193.2 	24.0 	0.0 	0.0 	0.0 	-0.0 	24.0 	0.0 	0.0 	0.0 	7.36055253567	2.47223194768	135.836963941	-30.653385269	
6.4	0.0	0.0	0.0 	0.0 	193.6 	24.0 	0.0 	0.0 	0.0 	-0.0 	24.0 	0.0 	0.0 	0.0 	7.36855671309	2.47223194768	135.913165228	-30.7496945771	
6.41666666667	0.0	0.0	0.0 	0.0 	194.0 	24.0 	0.0 	0.0 	0.0 	-0.0 	24.0 	0.0 	0.0 	0.0 	7.37651557006	2.47223194768	135.98944882	-30.8461079098	
6.43333333333	0.0	0.0	0.0 	0.0 	194.4 	24.0 	0.0 	0.0 	0.0 	-0.0 	24.0 	0.0 	0.0 	0.0 	7.38442936318	2.47223194768	136.065814252	-30.9426246782	
6.45	0.0	0.0	0.0 	0.0 	194.8 	24.0 	0.0 	0.0 	0.0 	-0.0 	24.0 	0.0 	0.0 	0.0 	7.39229834761	2.47223194768	136.142261061	-31.0392442967	
6.46666666667	0.0	0.0	0.0 	0.0 	195.2 	24.0 	0.0 	0.0 	0.0 	-0.0 	24.0 	0.0 	0.0 	0.0 	7.40012277705	2.47223194768	136.218788785	-31.1359661829	
6.48333333333	0.0	0.0	0.0 	0.0 	195.6 	24.0 	0.0 	0.0 	0.0 	-0.0 	24.0 	0.0 	0.0 	0.0 	7.4079029038	2.47223194768	136.295396967	-31.2327897578	
6.5	0.0	0.0	0.0 	0.0 	196.0 	24.0 	0.0 	0.0 	0.0 	-0.0 	24.0 	0.0 	0.0 	0.0 	7.41563897868	2.47223194768	136.372085151	-31.3297144455	
6.51666666667	0.0	0.0	0.0 	0.0 	196.4 	24.0 	0.0 	0.0 	0.0 	-0.0 	24.0 	0.0 	0.0 	0.0 	7.42333125113	2.47223194768	136.448852884	-31.4267396736	
6.53333333333	0.0	0.0	0.0 	0.0 	196.8 	24.0 	0.0 	0.0 	0.0 	-0.0 	24.0 	0.0 	0.0 	0.0 	7.43097996916	2.47223194768	136.525699715	-31.5238648728	
6.55	0.0	0.0	0.0 	0.0 	197.2 	24.0 	0.0 	0.0 	0.0 	-0.0 	24.0 	0.0 	0.0 	0.0 	7.43858537938	2.47223194768	136.602625197	-31.6210894771	
6.56666666667	0.0	0.0	0.0 	0.0 	197.6 	24.0 	0.0 	0.0 	0.0 	-0.0 	24.0 	0.0 	0.0 	0.0 	7.446147727	2.47223194768	136.679628885	-31.7184129236	
6.58333333333	0.0	0.0	0.0 	0.0 	198.0 	24.0 	0.0 	0.0 	0.0 	-0.0 	24.0 	0.0 	0.0 	0.0 	7.45366725585	2.47223194768	136.756710335	-31.8158346526	
6.6	0.0	0.0	0.0 	0.0 	198.4 	24.0 	0.0 	0.0 	0.0 	-0.0 	24.0 	0.0 	0.0 	0.0 	7.46114420838	2.47223194768	136.833869107	-31.9133541077	
6.61666666667	0.0	0.0	0.0 	0.0 	198.8 	24.0 	0.0 	0.0 	0.0 	-0.0 	24.0 	0.0 	0.0 	0.0 	7.46857882565	2.47223194768	136.911104763	-32.0109707356	
6.63333333333	0.0	0.0	0.0 	0.0 	199.2 	24.0 	0.0 	0.0 	0.0 	-0.0 	24.0 	0.0 	0.0 	0.0 	7.47597134736	2.47223194768	136.988416869	-32.108683986	
6.65	0.0	0.0	0.0 	0.0 	199.6 	24.0 	0.0 	0.0 	0.0 	-0.0 	24.0 	0.0 	0.0 	0.0 	7.48332201188	2.47223194768	137.065804991	-32.2064933118	
6.66666666667	0.0	0.0	0.0 	0.0 	200.0 	24.0 	0.0 	0.0 	0.0 	-0.0 	24.0 	0.0 	0.0 	0.0 	7.4906310562	2.47223194768	137.143268699	-32.3043981691	
6.68333333333	0.0	0.0	0.0 	0.0 	200.4 	24.0 	0.0 	0.0 	0.0 	-0.0 	24.0 	0.0 	0.0 	0.0 	7.49789871597	2.47223194768	137.220807565	-32.402398017	
6.7	0.0	0.0	0.0 	0.0 	200.8 	24.0 	0.0 	0.0 	0.0 	-0.0 	24.0 	0.0 	0.0 	0.0 	7.50512522552	2.47223194768	137.298421163	-32.5004923176	
6.71666666667	0.0	0.0	0.0 	0.0 	201.2 	24.0 	0.0 	0.0 	0.0 	-0.0 	24.0 	0.0 	0.0 	0.0 	7.51231081785	2.47223194768	137.37610907	-32.5986805361	
6.73333333333	0.0	0.0	0.0 	0.0 	201.6 	24.0 	0.0 	0.0 	0.0 	-0.0 	24.0 	0.0 	0.0 	0.0 	7.51945572464	2.47223194768	137.453870865	-32.6969621407	
6.75	0.0	0.0	0.0 	0.0 	202.0 	24.0 	0.0 	0.0 	0.0 	-0.0 	24.0 	0.0 	0.0 	0.0 	7.52656017624	2.47223194768	137.531706131	-32.7953366027	
6.76666666667	0.0	0.0	0.0 	0.0 	202.4 	24.0 	0.0 	0.0 	0.0 	-0.0 	24.0 	0.0 	0.0 	0.0 	7.53362440173	2.47223194768	137.609614451	-32.8938033962	
6.78333333333	0.0	0.0	0.0 	0.0 	202.8 	24.0 	0.0 	0.0 	0.0 	-0.0 	24.0 	0.0 	0.0 	0.0 	7.54064862886	2.47223194768	137.687595411	-32.9923619987	
6.8	0.0	0.0	0.0 	0.0 	203.2 	24.0 	0.0 	0.0 	0.0 	-0.0 	24.0 	0.0 	0.0 	0.0 	7.54763308411	2.47223194768	137.7656486	-33.09101189	
6.81666666667	0.0	0.0	0.0 	0.0 	203.6 	24.0 	0.0 	0.0 	0.0 	-0.0 	24.0 	0.0 	0.0 	0.0 	7.55457799268	2.47223194768	137.84377361	-33.1897525535	
6.83333333333	0.0	0.0	0.0 	0.0 	204.0 	24.0 	0.0 	0.0 	0.0 	-0.0 	24.0 	0.0 	0.0 	0.0 	7.56148357847	2.47223194768	137.921970033	-33.2885834751	
6.85	0.0	0.0	0.0 	0.0 	204.4 	24.0 	0.0 	0.0 	0.0 	-0.0 	24.0 	0.0 	0.0 	0.0 	7.56835006415	2.47223194768	138.000237465	-33.3875041439	
6.86666666667	0.0	0.0	0.0 	0.0 	204.8 	24.0 	0.0 	0.0 	0.0 	-0.0 	24.0 	0.0 	0.0 	0.0 	7.57517767109	2.47223194768	138.078575504	-33.4865140515	
6.88333333333	0.0	0.0	0.0 	0.0 	205.2 	24.0 	0.0 	0.0 	0.0 	-0.0 	24.0 	0.0 	0.0 	0.0 	7.58196661944	2.47223194768	138.156983751	-33.5856126928	
6.9	0.0	0.0	0.0 	0.0 	205.6 	24.0 	0.0 	0.0 	0.0 	-0.0 	24.0 	0.0 	0.0 	0.0 	7.58871712808	2.47223194768	138.235461807	-33.6847995653	
6.91666666667	0.0	0.0	0.0 	0.0 	206.0 	24.0 	0.0 	0.0 	0.0 	-0.0 	24.0 	0.0 	0.0 	0.0 	7.59542941466	2.47223194768	138.314009278	-33.7840741694	
6.93333333333	0.0	0.0	0.0 	0.0 	206.4 	24.0 	0.0 	0.0 	0.0 	-0.0 	24.0 	0.0 	0.0 	0.0 	7.6021036956	2.47223194768	138.392625771	-33.8834360085	
6.95	0.0	0.0	0.0 	0.0 	206.8 	24.0 	0.0 	0.0 	0.0 	-0.0 	24.0 	0.0 	0.0 	0.0 	7.60874018609	2.47223194768	138.471310894	-33.9828845886	
6.96666666667	0.0	0.0	0.0 	0.0 	207.2 	24.0 	0.0 	0.0 	0.0 	-0.0 	24.0 	0.0 	0.0 	0.0 	7.6153391001	2.47223194768	138.550064259	-34.0824194185	
6.98333333333	0.0	0.0	0.0 	0.0 	207.6 	24.0 	0.0 	0.0 	0.0 	-0.0 	24.0 	0.0 	0.0 	0.0 	7.6219006504	2.47223194768	138.62888548	-34.1820400098	
7.0	0.0	0.0	0.0 	0.0 	208.0 	24.0 	0.0 	0.0 	0.0 	-0.0 	24.0 	0.0 	0.0 	0.0 	7.62842504855	2.47223194768	138.707774172	-34.2817458771	
7.01666666667	0.0	0.0	0.0 	0.0 	208.4 	24.0 	0.0 	0.0 	0.0 	-0.0 	24.0 	0.0 	0.0 	0.0 	7.63491250489	2.47223194768	138.786729954	-34.3815365374	
7.03333333333	0.0	0.0	0.0 	0.0 	208.8 	24.0 	0.0 	0.0 	0.0 	-0.0 	24.0 	0.0 	0.0 	0.0 	7.64136322861	2.47223194768	138.865752446	-34.4814115107	
7.05	0.0	0.0	0.0 	0.0 	209.2 	24.0 	0.0 	0.0 	0.0 	-0.0 	24.0 	0.0 	0.0 	0.0 	7.64777742768	2.47223194768	138.944841269	-34.5813703195	
7.06666666667	0.0	0.0	0.0 	0.0 	209.6 	24.0 	0.0 	0.0 	0.0 	-0.0 	24.0 	0.0 	0.0 	0.0 	7.65415530891	2.47223194768	139.023996049	-34.6814124893	
7.08333333333	0.0	0.0	0.0 	0.0 	210.0 	24.0 	0.0 	0.0 	0.0 	-0.0 	24.0 	0.0 	0.0 	0.0 	7.66049707794	2.47223194768	139.103216411	-34.7815375478	
7.1	0.0	0.0	0.0 	0.0 	210.4 	24.0 	0.0 	0.0 	0.0 	-0.0 	24.0 	0.0 	0.0 	0.0 	7.66680293923	2.47223194768	139.182501985	-34.881745026	
7.11666666667	0.0	0.0	0.0 	0.0 	210.8 	24.0 	0.0 	0.0 	0.0 	-0.0 	24.0 	0.0 	0.0 	0.0 	7.67307309611	2.47223194768	139.261852401	-34.982034457	
7.13333333333	0.0	0.0	0.0 	0.0 	211.2 	24.0 	0.0 	0.0 	0.0 	-0.0 	24.0 	0.0 	0.0 	0.0 	7.67930775072	2.47223194768	139.341267293	-35.0824053769	
7.15	0.0	0.0	0.0 	0.0 	211.6 	24.0 	0.0 	0.0 	0.0 	-0.0 	24.0 	0.0 	0.0 	0.0 	7.6855071041	2.47223194768	139.420746294	-35.1828573242	
7.16666666667	0.0	0.0	0.0 	0.0 	212.0 	24.0 	0.0 	0.0 	0.0 	-0.0 	24.0 	0.0 	0.0 	0.0 	7.69167135611	2.47223194768	139.500289043	-35.2833898402	
7.18333333333	0.0	0.0	0.0 	0.0 	212.4 	24.0 	0.0 	0.0 	0.0 	-0.0 	24.0 	0.0 	0.0 	0.0 	7.69780070551	2.47223194768	139.579895178	-35.3840024687	
7.2	0.0	0.0	0.0 	0.0 	212.8 	24.0 	0.0 	0.0 	0.0 	-0.0 	24.0 	0.0 	0.0 	0.0 	7.70389534992	2.47223194768	139.659564339	-35.4846947561	
7.21666666667	0.0	0.0	0.0 	0.0 	213.2 	24.0 	0.0 	0.0 	0.0 	-0.0 	24.0 	0.0 	0.0 	0.0 	7.70995548583	2.47223194768	139.739296172	-35.5854662513	
7.23333333333	0.0	0.0	0.0 	0.0 	213.6 	24.0 	0.0 	0.0 	0.0 	-0.0 	24.0 	0.0 	0.0 	0.0 	7.71598130865	2.47223194768	139.81909032	-35.6863165059	
7.25	0.0	0.0	0.0 	0.0 	214.0 	24.0 	0.0 	0.0 	0.0 	-0.0 	24.0 	0.0 	0.0 	0.0 	7.72197301266	2.47223194768	139.89894643	-35.7872450739	
7.26666666667	0.0	0.0	0.0 	0.0 	214.4 	24.0 	0.0 	0.0 	0.0 	-0.0 	24.0 	0.0 	0.0 	0.0 	7.72793079104	2.47223194768	139.978864152	-35.8882515119	
7.28333333333	0.0	0.0	0.0 	0.0 	214.8 	24.0 	0.0 	0.0 	0.0 	-0.0 	24.0 	0.0 	0.0 	0.0 	7.73385483587	2.47223194768	140.058843138	-35.989335379	
7.3	0.0	0.0	0.0 	0.0 	215.2 	24.0 	0.0 	0.0 	0.0 	-0.0 	24.0 	0.0 	0.0 	0.0 	7.73974533817	2.47223194768	140.138883039	-36.0904962368	
7.31666666667	0.0	0.0	0.0 	0.0 	215.6 	24.0 	0.0 	0.0 	0.0 	-0.0 	24.0 	0.0 	0.0 	0.0 	7.74560248786	2.47223194768	140.218983512	-36.1917336493	
7.33333333333	0.0	0.0	0.0 	0.0 	216.0 	24.0 	0.0 	0.0 	0.0 	-0.0 	24.0 	0.0 	0.0 	0.0 	7.75142647377	2.47223194768	140.299144213	-36.2930471831	
7.35	0.0	0.0	0.0 	0.0 	216.4 	24.0 	0.0 	0.0 	0.0 	-0.0 	24.0 	0.0 	0.0 	0.0 	7.75721748369	2.47223194768	140.379364801	-36.3944364073	
7.36666666667	0.0	0.0	0.0 	0.0 	216.8 	24.0 	0.0 	0.0 	0.0 	-0.0 	24.0 	0.0 	0.0 	0.0 	7.76297570433	2.47223194768	140.459644937	-36.4959008931	
7.38333333333	0.0	0.0	0.0 	0.0 	217.2 	24.0 	0.0 	0.0 	0.0 	-0.0 	24.0 	0.0 	0.0 	0.0 	7.76870132135	2.47223194768	140.539984284	-36.5974402145	
7.4	0.0	0.0	0.0 	0.0 	217.6 	24.0 	0.0 	0.0 	0.0 	-0.0 	24.0 	0.0 	0.0 	0.0 	7.77439451934	2.47223194768	140.620382507	-36.6990539477	
7.41666666667	0.0	0.0	0.0 	0.0 	218.0 	24.0 	0.0 	0.0 	0.0 	-0.0 	24.0 	0.0 	0.0 	0.0 	7.78005548188	2.47223194768	140.700839273	-36.8007416715	
7.43333333333	0.0	0.0	0.0 	0.0 	218.4 	24.0 	0.0 	0.0 	0.0 	-0.0 	24.0 	0.0 	0.0 	0.0 	7.78568439148	2.47223194768	140.781354249	-36.9025029669	
7.45	0.0	0.0	0.0 	0.0 	218.8 	24.0 	0.0 	0.0 	0.0 	-0.0 	24.0 	0.0 	0.0 	0.0 	7.79128142963	2.47223194768	140.861927106	-37.0043374173	
7.46666666667	0.0	0.0	0.0 	0.0 	219.2 	24.0 	0.0 	0.0 	0.0 	-0.0 	24.0 	0.0 	0.0 	0.0 	7.79684677679	2.47223194768	140.942557517	-37.1062446085	
7.48333333333	0.0	0.0	0.0 	0.0 	219.6 	24.0 	0.0 	0.0 	0.0 	-0.0 	24.0 	0.0 	0.0 	0.0 	7.80238061239	2.47223194768	141.023245156	-37.2082241286	
7.5	0.0	0.0	0.0 	0.0 	220.0 	24.0 	0.0 	0.0 	0.0 	-0.0 	24.0 	0.0 	0.0 	0.0 	7.80788311486	2.47223194768	141.103989698	-37.3102755681	
7.51666666667	0.0	0.0	0.0 	0.0 	220.4 	24.0 	0.0 	0.0 	0.0 	-0.0 	24.0 	0.0 	0.0 	0.0 	7.81335446161	2.47223194768	141.184790822	-37.4123985198	
7.53333333333	0.0	0.0	0.0 	0.0 	220.8 	24.0 	0.0 	0.0 	0.0 	-0.0 	24.0 	0.0 	0.0 	0.0 	7.81879482904	2.47223194768	141.265648207	-37.5145925788	
7.55	0.0	0.0	0.0 	0.0 	221.2 	24.0 	0.0 	0.0 	0.0 	-0.0 	24.0 	0.0 	0.0 	0.0 	7.82420439256	2.47223194768	141.346561534	-37.6168573425	
7.56666666667	0.0	0.0	0.0 	0.0 	221.6 	24.0 	0.0 	0.0 	0.0 	-0.0 	24.0 	0.0 	0.0 	0.0 	7.8295833266	2.47223194768	141.427530488	-37.7191924105	
7.58333333333	0.0	0.0	0.0 	0.0 	222.0 	24.0 	0.0 	0.0 	0.0 	-0.0 	24.0 	0.0 	0.0 	0.0 	7.83493180456	2.47223194768	141.508554752	-37.8215973847	
7.6	0.0	0.0	0.0 	0.0 	222.4 	24.0 	0.0 	0.0 	0.0 	-0.0 	24.0 	0.0 	0.0 	0.0 	7.84024999891	2.47223194768	141.589634013	-37.9240718694	
7.61666666667	0.0	0.0	0.0 	0.0 	222.8 	24.0 	0.0 	0.0 	0.0 	-0.0 	24.0 	0.0 	0.0 	0.0 	7.84553808111	2.47223194768	141.670767961	-38.0266154709	
7.63333333333	0.0	0.0	0.0 	0.0 	223.2 	24.0 	0.0 	0.0 	0.0 	-0.0 	24.0 	0.0 	0.0 	0.0 	7.85079622166	2.47223194768	141.751956286	-38.129227798	
7.65	0.0	0.0	0.0 	0.0 	223.6 	24.0 	0.0 	0.0 	0.0 	-0.0 	24.0 	0.0 	0.0 	0.0 	7.85602459008	2.47223194768	141.833198679	-38.2319084615	
7.66666666667	0.0	0.0	0.0 	0.0 	224.0 	24.0 	0.0 	0.0 	0.0 	-0.0 	24.0 	0.0 	0.0 	0.0 	7.86122335496	2.47223194768	141.914494835	-38.3346570744	
7.68333333333	0.0	0.0	0.0 	0.0 	224.4 	24.0 	0.0 	0.0 	0.0 	-0.0 	24.0 	0.0 	0.0 	0.0 	7.86639268391	2.47223194768	141.995844449	-38.437473252	
7.7	0.0	0.0	0.0 	0.0 	224.8 	24.0 	0.0 	0.0 	0.0 	-0.0 	24.0 	0.0 	0.0 	0.0 	7.8715327436	2.47223194768	142.077247218	-38.5403566118	
7.71666666667	0.0	0.0	0.0 	0.0 	225.2 	24.0 	0.0 	0.0 	0.0 	-0.0 	24.0 	0.0 	0.0 	0.0 	7.87664369975	2.47223194768	142.158702842	-38.6433067734	
7.73333333333	0.0	0.0	0.0 	0.0 	225.6 	24.0 	0.0 	0.0 	0.0 	-0.0 	24.0 	0.0 	0.0 	0.0 	7.88172571716	2.47223194768	142.240211021	-38.7463233585	
7.75	0.0	0.0	0.0 	0.0 	226.0 	24.0 	0.0 	0.0 	0.0 	-0.0 	24.0 	0.0 	0.0 	0.0 	7.88677895967	2.47223194768	142.321771458	-38.849405991	
7.76666666667	0.0	0.0	0.0 	0.0 	226.4 	24.0 	0.0 	0.0 	0.0 	-0.0 	24.0 	0.0 	0.0 	0.0 	7.89180359022	2.47223194768	142.403383857	-38.952554297	
7.78333333333	0.0	0.0	0.0 	0.0 	226.8 	24.0 	0.0 	0.0 	0.0 	-0.0 	24.0 	0.0 	0.0 	0.0 	7.89679977081	2.47223194768	142.485047923	-39.0557679047	
7.8	0.0	0.0	0.0 	0.0 	227.2 	24.0 	0.0 	0.0 	0.0 	-0.0 	24.0 	0.0 	0.0 	0.0 	7.90176766252	2.47223194768	142.566763364	-39.1590464442	
7.81666666667	0.0	0.0	0.0 	0.0 	227.6 	24.0 	0.0 	0.0 	0.0 	-0.0 	24.0 	0.0 	0.0 	0.0 	7.90670742552	2.47223194768	142.648529889	-39.2623895479	
7.83333333333	0.0	0.0	0.0 	0.0 	228.0 	24.0 	0.0 	0.0 	0.0 	-0.0 	24.0 	0.0 	0.0 	0.0 	7.9116192191	2.47223194768	142.730347209	-39.3657968503	
7.85	0.0	0.0	0.0 	0.0 	228.4 	24.0 	0.0 	0.0 	0.0 	-0.0 	24.0 	0.0 	0.0 	0.0 	7.9165032016	2.47223194768	142.812215037	-39.4692679879	
7.86666666667	0.0	0.0	0.0 	0.0 	228.8 	24.0 	0.0 	0.0 	0.0 	-0.0 	24.0 	0.0 	0.0 	0.0 	7.9213595305	2.47223194768	142.894133086	-39.5728025991	
7.88333333333	0.0	0.0	0.0 	0.0 	229.2 	24.0 	0.0 	0.0 	0.0 	-0.0 	24.0 	0.0 	0.0 	0.0 	7.92618836239	2.47223194768	142.976101071	-39.6764003247	
7.9	0.0	0.0	0.0 	0.0 	229.6 	24.0 	0.0 	0.0 	0.0 	-0.0 	24.0 	0.0 	0.0 	0.0 	7.93098985294	2.47223194768	143.058118711	-39.7800608073	
7.91666666667	0.0	0.0	0.0 	0.0 	230.0 	24.0 	0.0 	0.0 	0.0 	-0.0 	24.0 	0.0 	0.0 	0.0 	7.93576415697	2.47223194768	143.140185724	-39.8837836914	
7.93333333333	0.0	0.0	0.0 	0.0 	230.4 	24.0 	0.0 	0.0 	0.0 	-0.0 	24.0 	0.0 	0.0 	0.0 	7.94051142841	2.47223194768	143.222301831	-39.9875686239	
7.95	0.0	0.0	0.0 	0.0 	230.8 	24.0 	0.0 	0.0 	0.0 	-0.0 	24.0 	0.0 	0.0 	0.0 	7.94523182032	2.47223194768	143.304466753	-40.0914152534	
7.96666666667	0.0	0.0	0.0 	0.0 	231.2 	24.0 	0.0 	0.0 	0.0 	-0.0 	24.0 	0.0 	0.0 	0.0 	7.9499254849	2.47223194768	143.386680214	-40.1953232305	
7.98333333333	0.0	0.0	0.0 	0.0 	231.6 	24.0 	0.0 	0.0 	0.0 	-0.0 	24.0 	0.0 	0.0 	0.0 	7.95459257348	2.47223194768	143.468941939	-40.2992922078	
8.0	0.0	0.0	0.0 	0.0 	232.0 	24.0 	0.0 	0.0 	0.0 	-0.0 	24.0 	0.0 	0.0 	0.0 	7.95923323653	2.47223194768	143.551251656	-40.4033218401	
8.01666666667	0.0	0.0	0.0 	0.0 	232.4 	24.0 	0.0 	0.0 	0.0 	-0.0 	24.0 	0.0 	0.0 	0.0 	7.96384762368	2.47223194768	143.633609091	-40.5074117839	
8.03333333333	0.0	0.0	0.0 	0.0 	232.8 	24.0 	0.0 	0.0 	0.0 	-0.0 	24.0 	0.0 	0.0 	0.0 	7.96843588371	2.47223194768	143.716013976	-40.6115616976	
8.05	0.0	0.0	0.0 	0.0 	233.2 	24.0 	0.0 	0.0 	0.0 	-0.0 	24.0 	0.0 	0.0 	0.0 	7.97299816455	2.47223194768	143.798466041	-40.7157712417	
8.06666666667	0.0	0.0	0.0 	0.0 	233.6 	24.0 	0.0 	0.0 	0.0 	-0.0 	24.0 	0.0 	0.0 	0.0 	7.9775346133	2.47223194768	143.88096502	-40.8200400786	
8.08333333333	0.0	0.0	0.0 	0.0 	234.0 	24.0 	0.0 	0.0 	0.0 	-0.0 	24.0 	0.0 	0.0 	0.0 	7.98204537622	2.47223194768	143.963510646	-40.9243678726	
8.1	0.0	0.0	0.0 	0.0 	234.4 	24.0 	0.0 	0.0 	0.0 	-0.0 	24.0 	0.0 	0.0 	0.0 	7.98653059875	2.47223194768	144.046102656	-41.0287542898	
8.11666666667	0.0	0.0	0.0 	0.0 	234.8 	24.0 	0.0 	0.0 	0.0 	-0.0 	24.0 	0.0 	0.0 	0.0 	7.9909904255	2.47223194768	144.128740786	-41.1331989984	
8.13333333333	0.0	0.0	0.0 	0.0 	235.2 	24.0 	0.0 	0.0 	0.0 	-0.0 	24.0 	0.0 	0.0 	0.0 	7.99542500026	2.47223194768	144.211424777	-41.2377016681	
8.15	0.0	0.0	0.0 	0.0 	235.6 	24.0 	0.0 	0.0 	0.0 	-0.0 	24.0 	0.0 	0.0 	0.0 	7.99983446601	2.47223194768	144.294154367	-41.342261971	
8.16666666667	0.0	0.0	0.0 	0.0 	236.0 	24.0 	0.0 	0.0 	0.0 	-0.0 	24.0 	0.0 	0.0 	0.0 	8.00421896492	2.47223194768	144.3769293	-41.4468795806	
8.18333333333	0.0	0.0	0.0 	0.0 	236.4 	24.0 	0.0 	0.0 	0.0 	-0.0 	24.0 	0.0 	0.0 	0.0 	8.00857863836	2.47223194768	144.459749317	-41.5515541725	
8.2	0.0	0.0	0.0 	0.0 	236.8 	24.0 	0.0 	0.0 	0.0 	-0.0 	24.0 	0.0 	0.0 	0.0 	8.0129136269	2.47223194768	144.542614165	-41.6562854241	
8.21666666667	0.0	0.0	0.0 	0.0 	237.2 	24.0 	0.0 	0.0 	0.0 	-0.0 	24.0 	0.0 	0.0 	0.0 	8.01722407029	2.47223194768	144.625523588	-41.7610730144	
8.23333333333	0.0	0.0	0.0 	0.0 	237.6 	24.0 	0.0 	0.0 	0.0 	-0.0 	24.0 	0.0 	0.0 	0.0 	8.02151010751	2.47223194768	144.708477336	-41.8659166246	
8.25	0.0	0.0	0.0 	0.0 	238.0 	24.0 	0.0 	0.0 	0.0 	-0.0 	24.0 	0.0 	0.0 	0.0 	8.02577187677	2.47223194768	144.791475156	-41.9708159374	
8.26666666667	0.0	0.0	0.0 	0.0 	238.4 	24.0 	0.0 	0.0 	0.0 	-0.0 	24.0 	0.0 	0.0 	0.0 	8.03000951546	2.47223194768	144.874516799	-42.0757706375	
8.28333333333	0.0	0.0	0.0 	0.0 	238.8 	24.0 	0.0 	0.0 	0.0 	-0.0 	24.0 	0.0 	0.0 	0.0 	8.03422316021	2.47223194768	144.957602017	-42.1807804112	
8.3	0.0	0.0	0.0 	0.0 	239.2 	24.0 	0.0 	0.0 	0.0 	-0.0 	24.0 	0.0 	0.0 	0.0 	8.03841294688	2.47223194768	145.040730563	-42.2858449467	
8.31666666667	0.0	0.0	0.0 	0.0 	239.6 	24.0 	0.0 	0.0 	0.0 	-0.0 	24.0 	0.0 	0.0 	0.0 	8.04257901056	2.47223194768	145.123902193	-42.3909639339	
8.33333333333	0.0	0.0	0.0 	0.0 	240.0 	24.0 	0.0 	0.0 	0.0 	-0.0 	24.0 	0.0 	0.0 	0.0 	8.04672148557	2.47223194768	145.207116661	-42.4961370646	
8.35	0.0	0.0	0.0 	0.0 	240.4 	24.0 	0.0 	0.0 	0.0 	-0.0 	24.0 	0.0 	0.0 	0.0 	8.05084050547	2.47223194768	145.290373726	-42.6013640321	
8.36666666667	0.0	0.0	0.0 	0.0 	240.8 	24.0 	0.0 	0.0 	0.0 	-0.0 	24.0 	0.0 	0.0 	0.0 	8.05493620306	2.47223194768	145.373673147	-42.7066445317	
8.38333333333	0.0	0.0	0.0 	0.0 	241.2 	24.0 	0.0 	0.0 	0.0 	-0.0 	24.0 	0.0 	0.0 	0.0 	8.05900871041	2.47223194768	145.457014683	-42.8119782602	
8.4	0.0	0.0	0.0 	0.0 	241.6 	24.0 	0.0 	0.0 	0.0 	-0.0 	24.0 	0.0 	0.0 	0.0 	8.06305815881	2.47223194768	145.540398095	-42.9173649162	
8.41666666667	0.0	0.0	0.0 	0.0 	242.0 	24.0 	0.0 	0.0 	0.0 	-0.0 	24.0 	0.0 	0.0 	0.0 	8.06708467882	2.47223194768	145.623823148	-43.0228042001	
8.43333333333	0.0	0.0	0.0 	0.0 	242.4 	24.0 	0.0 	0.0 	0.0 	-0.0 	24.0 	0.0 	0.0 	0.0 	8.07108840027	2.47223194768	145.707289605	-43.1282958138	
8.45	0.0	0.0	0.0 	0.0 	242.8 	24.0 	0.0 	0.0 	0.0 	-0.0 	24.0 	0.0 	0.0 	0.0 	8.07506945225	2.47223194768	145.790797231	-43.2338394612	
8.46666666667	0.0	0.0	0.0 	0.0 	243.2 	24.0 	0.0 	0.0 	0.0 	-0.0 	24.0 	0.0 	0.0 	0.0 	8.07902796312	2.47223194768	145.874345795	-43.3394348475	
8.48333333333	0.0	0.0	0.0 	0.0 	243.6 	24.0 	0.0 	0.0 	0.0 	-0.0 	24.0 	0.0 	0.0 	0.0 	8.08296406049	2.47223194768	145.957935062	-43.4450816798	
8.5	0.0	0.0	0.0 	0.0 	244.0 	24.0 	0.0 	0.0 	0.0 	-0.0 	24.0 	0.0 	0.0 	0.0 	8.08687787129	2.47223194768	146.041564805	-43.5507796668	
8.51666666667	0.0	0.0	0.0 	0.0 	244.4 	24.0 	0.0 	0.0 	0.0 	-0.0 	24.0 	0.0 	0.0 	0.0 	8.0907695217	2.47223194768	146.125234792	-43.6565285188	
8.53333333333	0.0	0.0	0.0 	0.0 	244.8 	24.0 	0.0 	0.0 	0.0 	-0.0 	24.0 	0.0 	0.0 	0.0 	8.0946391372	2.47223194768	146.208944797	-43.762327948	
8.55	0.0	0.0	0.0 	0.0 	245.2 	24.0 	0.0 	0.0 	0.0 	-0.0 	24.0 	0.0 	0.0 	0.0 	8.09848684254	2.47223194768	146.292694592	-43.8681776678	
8.56666666667	0.0	0.0	0.0 	0.0 	245.6 	24.0 	0.0 	0.0 	0.0 	-0.0 	24.0 	0.0 	0.0 	0.0 	8.10231276179	2.47223194768	146.376483953	-43.9740773936	
8.58333333333	0.0	0.0	0.0 	0.0 	246.0 	24.0 	0.0 	0.0 	0.0 	-0.0 	24.0 	0.0 	0.0 	0.0 	8.10611701829	2.47223194768	146.460312655	-44.0800268422	
8.6	0.0	0.0	0.0 	0.0 	246.4 	24.0 	0.0 	0.0 	0.0 	-0.0 	24.0 	0.0 	0.0 	0.0 	8.10989973472	2.47223194768	146.544180476	-44.1860257321	
8.61666666667	0.0	0.0	0.0 	0.0 	246.8 	24.0 	0.0 	0.0 	0.0 	-0.0 	24.0 	0.0 	0.0 	0.0 	8.11366103303	2.47223194768	146.628087194	-44.2920737833	
8.63333333333	0.0	0.0	0.0 	0.0 	247.2 	24.0 	0.0 	0.0 	0.0 	-0.0 	24.0 	0.0 	0.0 	0.0 	8.11740103448	2.47223194768	146.712032589	-44.3981707174	
8.65	0.0	0.0	0.0 	0.0 	247.6 	24.0 	0.0 	0.0 	0.0 	-0.0 	24.0 	0.0 	0.0 	0.0 	8.12111985968	2.47223194768	146.796016442	-44.5043162578	
8.66666666667	0.0	0.0	0.0 	0.0 	248.0 	24.0 	0.0 	0.0 	0.0 	-0.0 	24.0 	0.0 	0.0 	0.0 	8.12481762851	2.47223194768	146.880038535	-44.6105101291	
8.68333333333	0.0	0.0	0.0 	0.0 	248.4 	24.0 	0.0 	0.0 	0.0 	-0.0 	24.0 	0.0 	0.0 	0.0 	8.1284944602	2.47223194768	146.964098652	-44.7167520578	
8.7	0.0	0.0	0.0 	0.0 	248.8 	24.0 	0.0 	0.0 	0.0 	-0.0 	24.0 	0.0 	0.0 	0.0 	8.1321504733	2.47223194768	147.048196577	-44.8230417716	
8.71666666667	0.0	0.0	0.0 	0.0 	249.2 	24.0 	0.0 	0.0 	0.0 	-0.0 	24.0 	0.0 	0.0 	0.0 	8.13578578569	2.47223194768	147.132332096	-44.9293790002	
8.73333333333	0.0	0.0	0.0 	0.0 	249.6 	24.0 	0.0 	0.0 	0.0 	-0.0 	24.0 	0.0 	0.0 	0.0 	8.13940051458	2.47223194768	147.216504996	-45.0357634743	
8.75	0.0	0.0	0.0 	0.0 	250.0 	24.0 	0.0 	0.0 	0.0 	-0.0 	24.0 	0.0 	0.0 	0.0 	8.1429947765	2.47223194768	147.300715067	-45.1421949266	
8.76666666667	0.0	0.0	0.0 	0.0 	250.4 	24.0 	0.0 	0.0 	0.0 	-0.0 	24.0 	0.0 	0.0 	0.0 	8.14656868736	2.47223194768	147.384962096	-45.248673091	
8.78333333333	0.0	0.0	0.0 	0.0 	250.8 	24.0 	0.0 	0.0 	0.0 	-0.0 	24.0 	0.0 	0.0 	0.0 	8.15012236237	2.47223194768	147.469245876	-45.355197703	
8.8	0.0	0.0	0.0 	0.0 	251.2 	24.0 	0.0 	0.0 	0.0 	-0.0 	24.0 	0.0 	0.0 	0.0 	8.15365591612	2.47223194768	147.553566198	-45.4617684996	
8.81666666667	0.0	0.0	0.0 	0.0 	251.6 	24.0 	0.0 	0.0 	0.0 	-0.0 	24.0 	0.0 	0.0 	0.0 	8.15716946253	2.47223194768	147.637922854	-45.5683852194	
8.83333333333	0.0	0.0	0.0 	0.0 	252.0 	24.0 	0.0 	0.0 	0.0 	-0.0 	24.0 	0.0 	0.0 	0.0 	8.16066311489	2.47223194768	147.72231564	-45.6750476023	
8.85	0.0	0.0	0.0 	0.0 	252.4 	24.0 	0.0 	0.0 	0.0 	-0.0 	24.0 	0.0 	0.0 	0.0 	8.16413698583	2.47223194768	147.806744351	-45.7817553897	
8.86666666667	0.0	0.0	0.0 	0.0 	252.8 	24.0 	0.0 	0.0 	0.0 	-0.0 	24.0 	0.0 	0.0 	0.0 	8.16759118737	2.47223194768	147.891208783	-45.8885083247	
8.88333333333	0.0	0.0	0.0 	0.0 	253.2 	24.0 	0.0 	0.0 	0.0 	-0.0 	24.0 	0.0 	0.0 	0.0 	8.17102583088	2.47223194768	147.975708734	-45.9953061515	
8.9	0.0	0.0	0.0 	0.0 	253.6 	24.0 	0.0 	0.0 	0.0 	-0.0 	24.0 	0.0 	0.0 	0.0 	8.17444102709	2.47223194768	148.060244003	-46.1021486159	
8.91666666667	0.0	0.0	0.0 	0.0 	254.0 	24.0 	0.0 	0.0 	0.0 	-0.0 	24.0 	0.0 	0.0 	0.0 	8.17783688611	2.47223194768	148.14481439	-46.2090354653	
8.93333333333	0.0	0.0	0.0 	0.0 	254.4 	24.0 	0.0 	0.0 	0.0 	-0.0 	24.0 	0.0 	0.0 	0.0 	8.18121351744	2.47223194768	148.229419696	-46.3159664483	
8.95	0.0	0.0	0.0 	0.0 	254.8 	24.0 	0.0 	0.0 	0.0 	-0.0 	24.0 	0.0 	0.0 	0.0 	8.18457102995	2.47223194768	148.314059724	-46.422941315	
8.96666666667	0.0	0.0	0.0 	0.0 	255.2 	24.0 	0.0 	0.0 	0.0 	-0.0 	24.0 	0.0 	0.0 	0.0 	8.18790953188	2.47223194768	148.398734276	-46.529959817	
8.98333333333	0.0	0.0	0.0 	0.0 	255.6 	24.0 	0.0 	0.0 	0.0 	-0.0 	24.0 	0.0 	0.0 	0.0 	8.19122913088	2.47223194768	148.483443158	-46.6370217071	
9.0	0.0	0.0	0.0 	0.0 	256.0 	24.0 	0.0 	0.0 	0.0 	-0.0 	24.0 	0.0 	0.0 	0.0 	8.19452993397	2.47223194768	148.568186175	-46.7441267398	
9.01666666667	0.0	0.0	0.0 	0.0 	256.4 	24.0 	0.0 	0.0 	0.0 	-0.0 	24.0 	0.0 	0.0 	0.0 	8.19781204759	2.47223194768	148.652963133	-46.8512746707	
9.03333333333	0.0	0.0	0.0 	0.0 	256.8 	24.0 	0.0 	0.0 	0.0 	-0.0 	24.0 	0.0 	0.0 	0.0 	8.20107557754	2.47223194768	148.737773841	-46.9584652569	
9.05	0.0	0.0	0.0 	0.0 	257.2 	24.0 	0.0 	0.0 	0.0 	-0.0 	24.0 	0.0 	0.0 	0.0 	8.20432062907	2.47223194768	148.822618107	-47.065698257	
9.06666666667	0.0	0.0	0.0 	0.0 	257.6 	24.0 	0.0 	0.0 	0.0 	-0.0 	24.0 	0.0 	0.0 	0.0 	8.20754730679	2.47223194768	148.907495742	-47.1729734307	
9.08333333333	0.0	0.0	0.0 	0.0 	258.0 	24.0 	0.0 	0.0 	0.0 	-0.0 	24.0 	0.0 	0.0 	0.0 	8.21075571473	2.47223194768	148.992406556	-47.2802905393	
9.1	0.0	0.0	0.0 	0.0 	258.4 	24.0 	0.0 	0.0 	0.0 	-0.0 	24.0 	0.0 	0.0 	0.0 	8.21394595634	2.47223194768	149.077350362	-47.3876493454	
9.11666666667	0.0	0.0	0.0 	0.0 	258.8 	24.0 	0.0 	0.0 	0.0 	-0.0 	24.0 	0.0 	0.0 	0.0 	8.21711813449	2.47223194768	149.162326972	-47.4950496128	
9.13333333333	0.0	0.0	0.0 	0.0 	259.2 	24.0 	0.0 	0.0 	0.0 	-0.0 	24.0 	0.0 	0.0 	0.0 	8.22027235145	2.47223194768	149.247336202	-47.6024911068	
9.15	0.0	0.0	0.0 	0.0 	259.6 	24.0 	0.0 	0.0 	0.0 	-0.0 	24.0 	0.0 	0.0 	0.0 	8.22340870891	2.47223194768	149.332377866	-47.7099735939	
9.16666666667	0.0	0.0	0.0 	0.0 	260.0 	24.0 	0.0 	0.0 	0.0 	-0.0 	24.0 	0.0 	0.0 	0.0 	8.226527308	2.47223194768	149.417451781	-47.8174968421	
9.18333333333	0.0	0.0	0.0 	0.0 	260.4 	24.0 	0.0 	0.0 	0.0 	-0.0 	24.0 	0.0 	0.0 	0.0 	8.22962824927	2.47223194768	149.502557764	-47.9250606206	
9.2	0.0	0.0	0.0 	0.0 	260.8 	24.0 	0.0 	0.0 	0.0 	-0.0 	24.0 	0.0 	0.0 	0.0 	8.2327116327	2.47223194768	149.587695633	-48.0326646998	
9.21666666667	0.0	0.0	0.0 	0.0 	261.2 	24.0 	0.0 	0.0 	0.0 	-0.0 	24.0 	0.0 	0.0 	0.0 	8.2357775577	2.47223194768	149.672865209	-48.1403088516	
9.23333333333	0.0	0.0	0.0 	0.0 	261.6 	24.0 	0.0 	0.0 	0.0 	-0.0 	24.0 	0.0 	0.0 	0.0 	8.23882612313	2.47223194768	149.75806631	-48.2479928491	
9.25	0.0	0.0	0.0 	0.0 	262.0 	24.0 	0.0 	0.0 	0.0 	-0.0 	24.0 	0.0 	0.0 	0.0 	8.24185742727	2.47223194768	149.84329876	-48.3557164667	
9.26666666667	0.0	0.0	0.0 	0.0 	262.4 	24.0 	0.0 	0.0 	0.0 	-0.0 	24.0 	0.0 	0.0 	0.0 	8.24487156786	2.47223194768	149.928562381	-48.4634794801	
9.28333333333	0.0	0.0	0.0 	0.0 	262.8 	24.0 	0.0 	0.0 	0.0 	-0.0 	24.0 	0.0 	0.0 	0.0 	8.24786864209	2.47223194768	150.013856995	-48.5712816661	
9.3	0.0	0.0	0.0 	0.0 	263.2 	24.0 	0.0 	0.0 	0.0 	-0.0 	24.0 	0.0 	0.0 	0.0 	8.25084874658	2.47223194768	150.099182428	-48.679122803	
9.31666666667	0.0	0.0	0.0 	0.0 	263.6 	24.0 	0.0 	0.0 	0.0 	-0.0 	24.0 	0.0 	0.0 	0.0 	8.25381197743	2.47223194768	150.184538504	-48.7870026702	
9.33333333333	0.0	0.0	0.0 	0.0 	264.0 	24.0 	0.0 	0.0 	0.0 	-0.0 	24.0 	0.0 	0.0 	0.0 	8.25675843016	2.47223194768	150.269925052	-48.8949210485	
9.35	0.0	0.0	0.0 	0.0 	264.4 	24.0 	0.0 	0.0 	0.0 	-0.0 	24.0 	0.0 	0.0 	0.0 	8.25968819978	2.47223194768	150.355341897	-49.0028777198	
9.36666666667	0.0	0.0	0.0 	0.0 	264.8 	24.0 	0.0 	0.0 	0.0 	-0.0 	24.0 	0.0 	0.0 	0.0 	8.26260138074	2.47223194768	150.440788869	-49.1108724672	
9.38333333333	0.0	0.0	0.0 	0.0 	265.2 	24.0 	0.0 	0.0 	0.0 	-0.0 	24.0 	0.0 	0.0 	0.0 	8.26549806699	2.47223194768	150.526265796	-49.2189050753	
9.4	0.0	0.0	0.0 	0.0 	265.6 	24.0 	0.0 	0.0 	0.0 	-0.0 	24.0 	0.0 	0.0 	0.0 	8.26837835191	2.47223194768	150.61177251	-49.3269753295	
9.41666666667	0.0	0.0	0.0 	0.0 	266.0 	24.0 	0.0 	0.0 	0.0 	-0.0 	24.0 	0.0 	0.0 	0.0 	8.27124232836	2.47223194768	150.697308841	-49.4350830168	
9.43333333333	0.0	0.0	0.0 	0.0 	266.4 	24.0 	0.0 	0.0 	0.0 	-0.0 	24.0 	0.0 	0.0 	0.0 	8.2740900887	2.47223194768	150.782874622	-49.5432279252	
9.45	0.0	0.0	0.0 	0.0 	266.8 	24.0 	0.0 	0.0 	0.0 	-0.0 	24.0 	0.0 	0.0 	0.0 	8.27692172472	2.47223194768	150.868469686	-49.651409844	
9.46666666667	0.0	0.0	0.0 	0.0 	267.2 	24.0 	0.0 	0.0 	0.0 	-0.0 	24.0 	0.0 	0.0 	0.0 	8.27973732774	2.47223194768	150.954093868	-49.7596285636	
9.48333333333	0.0	0.0	0.0 	0.0 	267.6 	24.0 	0.0 	0.0 	0.0 	-0.0 	24.0 	0.0 	0.0 	0.0 	8.28253698854	2.47223194768	151.039747002	-49.8678838756	
9.5	0.0	0.0	0.0 	0.0 	268.0 	24.0 	0.0 	0.0 	0.0 	-0.0 	24.0 	0.0 	0.0 	0.0 	8.28532079737	2.47223194768	151.125428924	-49.9761755728	
9.51666666667	0.0	0.0	0.0 	0.0 	268.4 	24.0 	0.0 	0.0 	0.0 	-0.0 	24.0 	0.0 	0.0 	0.0 	8.28808884399	2.47223194768	151.211139472	-50.0845034493	
9.53333333333	0.0	0.0	0.0 	0.0 	268.8 	24.0 	0.0 	0.0 	0.0 	-0.0 	24.0 	0.0 	0.0 	0.0 	8.29084121766	2.47223194768	151.296878484	-50.1928673001	
9.55	0.0	0.0	0.0 	0.0 	269.2 	24.0 	0.0 	0.0 	0.0 	-0.0 	24.0 	0.0 	0.0 	0.0 	8.29357800712	2.47223194768	151.382645797	-50.3012669216	
9.56666666667	0.0	0.0	0.0 	0.0 	269.6 	24.0 	0.0 	0.0 	0.0 	-0.0 	24.0 	0.0 	0.0 	0.0 	8.29629930059	2.47223194768	151.468441253	-50.4097021113	
9.58333333333	0.0	0.0	0.0 	0.0 	270.0 	24.0 	0.0 	0.0 	0.0 	-0.0 	24.0 	0.0 	0.0 	0.0 	8.29900518583	2.47223194768	151.554264692	-50.5181726677	
9.6	0.0	0.0	0.0 	0.0 	270.4 	24.0 	0.0 	0.0 	0.0 	-0.0 	24.0 	0.0 	0.0 	0.0 	8.30169575007	2.47223194768	151.640115954	-50.6266783906	
9.61666666667	0.0	0.0	0.0 	0.0 	270.8 	24.0 	0.0 	0.0 	0.0 	-0.0 	24.0 	0.0 	0.0 	0.0 	8.30437108007	2.47223194768	151.725994884	-50.7352190809	
9.63333333333	0.0	0.0	0.0 	0.0 	271.2 	24.0 	0.0 	0.0 	0.0 	-0.0 	24.0 	0.0 	0.0 	0.0 	8.30703126209	2.47223194768	151.811901323	-50.8437945406	
9.65	0.0	0.0	0.0 	0.0 	271.6 	24.0 	0.0 	0.0 	0.0 	-0.0 	24.0 	0.0 	0.0 	0.0 	8.30967638188	2.47223194768	151.897835117	-50.9524045728	
9.66666666667	0.0	0.0	0.0 	0.0 	272.0 	24.0 	0.0 	0.0 	0.0 	-0.0 	24.0 	0.0 	0.0 	0.0 	8.31230652474	2.47223194768	151.98379611	-51.0610489818	
9.68333333333	0.0	0.0	0.0 	0.0 	272.4 	24.0 	0.0 	0.0 	0.0 	-0.0 	24.0 	0.0 	0.0 	0.0 	8.31492177547	2.47223194768	152.069784148	-51.169727573	
9.7	0.0	0.0	0.0 	0.0 	272.8 	24.0 	0.0 	0.0 	0.0 	-0.0 	24.0 	0.0 	0.0 	0.0 	8.31752221838	2.47223194768	152.155799079	-51.2784401527	
9.71666666667	0.0	0.0	0.0 	0.0 	273.2 	24.0 	0.0 	0.0 	0.0 	-0.0 	24.0 	0.0 	0.0 	0.0 	8.32010793733	2.47223194768	152.241840749	-51.3871865286	
9.73333333333	0.0	0.0	0.0 	0.0 	273.6 	24.0 	0.0 	0.0 	0.0 	-0.0 	24.0 	0.0 	0.0 	0.0 	8.32267901568	2.47223194768	152.327909009	-51.4959665093	
9.75	0.0	0.0	0.0 	0.0 	274.0 	24.0 	0.0 	0.0 	0.0 	-0.0 	24.0 	0.0 	0.0 	0.0 	8.32523553632	2.47223194768	152.414003706	-51.6047799044	
9.76666666667	0.0	0.0	0.0 	0.0 	274.4 	24.0 	0.0 	0.0 	0.0 	-0.0 	24.0 	0.0 	0.0 	0.0 	8.32777758168	2.47223194768	152.500124691	-51.7136265249	
9.78333333333	0.0	0.0	0.0 	0.0 	274.8 	24.0 	0.0 	0.0 	0.0 	-0.0 	24.0 	0.0 	0.0 	0.0 	8.33030523373	2.47223194768	152.586271817	-51.8225061826	
9.8	0.0	0.0	0.0 	0.0 	275.2 	24.0 	0.0 	0.0 	0.0 	-0.0 	24.0 	0.0 	0.0 	0.0 	8.33281857396	2.47223194768	152.672444933	-51.9314186904	
9.81666666667	0.0	0.0	0.0 	0.0 	275.6 	24.0 	0.0 	0.0 	0.0 	-0.0 	24.0 	0.0 	0.0 	0.0 	8.33531768341	2.47223194768	152.758643894	-52.0403638624	
9.83333333333	0.0	0.0	0.0 	0.0 	276.0 	24.0 	0.0 	0.0 	0.0 	-0.0 	24.0 	0.0 	0.0 	0.0 	8.33780264264	2.47223194768	152.844868553	-52.1493415135	
9.85	0.0	0.0	0.0 	0.0 	276.4 	24.0 	0.0 	0.0 	0.0 	-0.0 	24.0 	0.0 	0.0 	0.0 	8.34027353179	2.47223194768	152.931118764	-52.2583514599	
9.86666666667	0.0	0.0	0.0 	0.0 	276.8 	24.0 	0.0 	0.0 	0.0 	-0.0 	24.0 	0.0 	0.0 	0.0 	8.34273043051	2.47223194768	153.017394384	-52.3673935188	
9.88333333333	0.0	0.0	0.0 	0.0 	277.2 	24.0 	0.0 	0.0 	0.0 	-0.0 	24.0 	0.0 	0.0 	0.0 	8.34517341803	2.47223194768	153.103695267	-52.4764675082	
9.9	0.0	0.0	0.0 	0.0 	277.6 	24.0 	0.0 	0.0 	0.0 	-0.0 	24.0 	0.0 	0.0 	0.0 	8.3476025731	2.47223194768	153.190021271	-52.5855732475	
9.91666666667	0.0	0.0	0.0 	0.0 	278.0 	24.0 	0.0 	0.0 	0.0 	-0.0 	24.0 	0.0 	0.0 	0.0 	8.35001797406	2.47223194768	153.276372254	-52.6947105567	
9.93333333333	0.0	0.0	0.0 	0.0 	278.4 	24.0 	0.0 	0.0 	0.0 	-0.0 	24.0 	0.0 	0.0 	0.0 	8.35241969877	2.47223194768	153.362748074	-52.8038792573	
9.95	0.0	0.0	0.0 	0.0 	278.8 	24.0 	0.0 	0.0 	0.0 	-0.0 	24.0 	0.0 	0.0 	0.0 	8.35480782468	2.47223194768	153.44914859	-52.9130791714	
9.96666666667	0.0	0.0	0.0 	0.0 	279.2 	24.0 	0.0 	0.0 	0.0 	-0.0 	24.0 	0.0 	0.0 	0.0 	8.35718242878	2.47223194768	153.535573663	-53.0223101223	
9.98333333333	0.0	0.0	0.0 	0.0 	279.6 	24.0 	0.0 	0.0 	0.0 	-0.0 	24.0 	0.0 	0.0 	0.0 	8.35954358763	2.47223194768	153.622023154	-53.1315719343	
