0.0166666666667	0.0	0.0	0.0 	0.0 	40.35 	21.0 	0.0 	0.0 	0.0 	0.0 	21.0 	0.0 	0.0 	0.0 	0.0	0.151935483871	120.0	-13.2258064516	
0.0333333333333	0.0	0.0	0.0 	0.0 	40.7 	21.0 	0.0 	0.0 	0.0 	-0.0 	21.0 	0.0 	0.0 	0.0 	0.0	0.151935483871	120.0	-13.2258064516	
0.05	0.0	0.0	0.0 	0.0 	41.05 	21.0 	0.0 	0.0 	0.0 	-0.0 	21.0 	0.0 	0.0 	0.0 	0.0	0.151935483871	120.0	-13.2258064516	
0.0666666666667	0.0	0.0	0.0 	0.0 	41.4 	21.0 	0.0 	0.0 	0.0 	-0.0 	21.0 	0.0 	0.0 	0.0 	0.0	0.151935483871	120.0	-13.2258064516	
0.0833333333333	0.0	0.0	0.0 	0.0 	41.75 	21.0 	0.0 	0.0 	0.0 	-0.0 	21.0 	0.0 	0.0 	0.0 	0.0	0.151935483871	120.0	-13.2258064516	
0.1	0.0	0.0	0.0 	0.0 	42.1 	21.0 	0.0 	0.0 	0.0 	-0.0 	21.0 	0.0 	0.0 	0.0 	0.0	0.151935483871	120.0	-13.2258064516	
0.116666666667	0.0	0.0	0.0 	0.0 	42.45 	21.0 	0.0 	0.0 	0.0 	-0.0 	21.0 	0.0 	0.0 	0.0 	0.0	0.151935483871	120.0	-13.2258064516	
0.133333333333	0.0	0.0	0.0 	0.0 	42.8 	21.0 	0.0 	0.0 	0.0 	-0.0 	21.0 	0.0 	0.0 	0.0 	0.0	0.151935483871	120.0	-13.2258064516	
0.15	0.0	0.0	0.0 	0.0 	43.15 	21.0 	0.0 	0.0 	0.0 	-0.0 	21.0 	0.0 	0.0 	0.0 	0.0	0.151935483871	120.0	-13.2258064516	
0.166666666667	0.0	0.0	0.0 	0.0 	43.5 	21.0 	0.0 	0.0 	0.0 	-0.0 	21.0 	0.0 	0.0 	0.0 	0.0	0.151935483871	120.0	-13.2258064516	
0.183333333333	0.0	0.0	0.0 	0.0 	43.85 	21.0 	0.0 	0.0 	0.0 	-0.0 	21.0 	0.0 	0.0 	0.0 	0.0	0.151935483871	120.0	-13.2258064516	
0.2	0.0	0.0	0.0 	0.0 	44.2 	21.0 	0.0 	0.0 	0.0 	-0.0 	21.0 	0.0 	0.0 	0.0 	0.0	0.151935483871	120.0	-13.2258064516	
0.216666666667	0.0	0.0	0.0 	0.0 	44.55 	21.0 	0.0 	0.0 	0.0 	-0.0 	21.0 	0.0 	0.0 	0.0 	0.0	0.151935483871	120.0	-13.2258064516	
0.233333333333	0.0	0.0	0.0 	0.0 	44.9 	21.0 	0.0 	0.0 	0.0 	-0.0 	21.0 	0.0 	0.0 	0.0 	0.0	0.151935483871	120.0	-13.2258064516	
0.25	0.0	0.0	0.0 	0.0 	45.25 	21.0 	0.0 	0.0 	0.0 	-0.0 	21.0 	0.0 	0.0 	0.0 	0.0	0.151935483871	120.0	-13.2258064516	
0.266666666667	0.0	0.0	0.0 	0.0 	45.6 	21.0 	0.0 	0.0 	0.0 	-0.0 	21.0 	0.0 	0.0 	0.0 	0.0	0.151935483871	120.0	-13.2258064516	
0.283333333333	0.0	0.0	0.0 	0.0 	45.95 	21.0 	0.0 	0.0 	0.0 	-0.0 	21.0 	0.0 	0.0 	0.0 	0.0	0.151935483871	120.0	-13.2258064516	
0.3	0.0	0.0	0.0 	0.0 	46.3 	21.0 	0.0 	0.0 	0.0 	-0.0 	21.0 	0.0 	0.0 	0.0 	0.0	0.151935483871	120.0	-13.2258064516	
0.316666666667	0.0	0.0	0.0 	0.0 	46.65 	21.0 	0.0 	0.0 	0.0 	-0.0 	21.0 	0.0 	0.0 	0.0 	0.0	0.151935483871	120.0	-13.2258064516	
0.333333333333	0.0	0.0	0.0 	0.0 	47.0 	21.0 	0.0 	0.0 	0.0 	-0.0 	21.0 	0.0 	0.0 	0.0 	0.0	0.151935483871	120.0	-13.2258064516	
0.35	0.0	0.0	0.0 	0.0 	47.35 	21.0 	0.0 	0.0 	0.0 	-0.0 	21.0 	0.0 	0.0 	0.0 	0.0	0.151935483871	120.0	-13.2258064516	
0.366666666667	0.0	0.0	0.0 	0.0 	47.7 	21.0 	0.0 	0.0 	0.0 	-0.0 	21.0 	0.0 	0.0 	0.0 	0.0	0.151935483871	120.0	-13.2258064516	
0.383333333333	0.0	0.0	0.0 	0.0 	48.05 	21.0 	0.0 	0.0 	0.0 	-0.0 	21.0 	0.0 	0.0 	0.0 	0.0	0.151935483871	120.0	-13.2258064516	
0.4	0.0	0.0	0.0 	0.0 	48.4 	21.0 	0.0 	0.0 	0.0 	-0.0 	21.0 	0.0 	0.0 	0.0 	0.0	0.151935483871	120.0	-13.2258064516	
0.416666666667	0.0	0.0	0.0 	0.0 	48.75 	21.0 	0.0 	0.0 	0.0 	-0.0 	21.0 	0.0 	0.0 	0.0 	0.0	0.151935483871	120.0	-13.2258064516	
0.433333333333	0.0	0.0	0.0 	0.0 	49.1 	21.0 	0.0 	0.0 	0.0 	-0.0 	21.0 	0.0 	0.0 	0.0 	0.0	0.151935483871	120.0	-13.2258064516	
0.45	0.0	0.0	0.0 	0.0 	49.45 	21.0 	0.0 	0.0 	0.0 	-0.0 	21.0 	0.0 	0.0 	0.0 	0.0	0.151935483871	120.0	-13.2258064516	
0.466666666667	0.0	0.0	0.0 	0.0 	49.8 	21.0 	0.0 	0.0 	0.0 	-0.0 	21.0 	0.0 	0.0 	0.0 	0.0	0.151935483871	120.0	-13.2258064516	
0.483333333333	0.0	0.0	0.0 	0.0 	50.15 	21.0 	0.0 	0.0 	0.0 	-0.0 	21.0 	0.0 	0.0 	0.0 	0.0	0.151935483871	120.0	-13.2258064516	
0.5	0.0	0.0	0.0 	0.0 	50.5 	21.0 	0.0 	0.0 	0.0 	-0.0 	21.0 	0.0 	0.0 	0.0 	0.0	0.151935483871	120.0	-13.2258064516	
0.516666666667	0.0	0.0	0.0 	0.0 	50.85 	21.0 	0.0 	0.0 	0.0 	-0.0 	21.0 	0.0 	0.0 	0.0 	0.0	0.151935483871	120.0	-13.2258064516	
0.533333333333	0.0	0.0	0.0 	0.0 	51.2 	21.0 	0.0 	0.0 	0.0 	-0.0 	21.0 	0.0 	0.0 	0.0 	0.0	0.151935483871	120.0	-13.2258064516	
0.55	0.0	0.0	0.0 	0.0 	51.55 	21.0 	0.0 	0.0 	0.0 	-0.0 	21.0 	0.0 	0.0 	0.0 	0.0	0.151935483871	120.0	-13.2258064516	
0.566666666667	0.0	0.0	0.0 	0.0 	51.9 	21.0 	0.0 	0.0 	0.0 	-0.0 	21.0 	0.0 	0.0 	0.0 	0.0	0.151935483871	120.0	-13.2258064516	
0.583333333333	0.0	0.0	0.0 	0.0 	52.25 	21.0 	0.0 	0.0 	0.0 	-0.0 	21.0 	0.0 	0.0 	0.0 	0.0	0.151935483871	120.0	-13.2258064516	
0.6	0.0	0.0	0.0 	0.0 	52.6 	21.0 	0.0 	0.0 	0.0 	-0.0 	21.0 	0.0 	0.0 	0.0 	0.0	0.151935483871	120.0	-13.2258064516	
0.616666666667	0.0	0.0	0.0 	0.0 	52.95 	21.0 	0.0 	0.0 	0.0 	-0.0 	21.0 	0.0 	0.0 	0.0 	0.0	0.151935483871	120.0	-13.2258064516	
0.633333333333	0.0	0.0	0.0 	0.0 	53.3 	21.0 	0.0 	0.0 	0.0 	-0.0 	21.0 	0.0 	0.0 	0.0 	0.0	0.151935483871	120.0	-13.2258064516	
0.65	0.0	0.0	0.0 	0.0 	53.65 	21.0 	0.0 	0.0 	0.0 	-0.0 	21.0 	0.0 	0.0 	0.0 	0.0	0.151935483871	120.0	-13.2258064516	
0.666666666667	0.0	0.0	0.0 	0.0 	54.0 	21.0 	0.0 	0.0 	0.0 	-0.0 	21.0 	0.0 	0.0 	0.0 	0.0	0.151935483871	120.0	-13.2258064516	
0.683333333333	0.0	0.0	0.0 	0.0 	54.35 	21.0 	0.0 	0.0 	0.0 	-0.0 	21.0 	0.0 	0.0 	0.0 	0.0	0.151935483871	120.0	-13.2258064516	
0.7	0.0	0.0	0.0 	0.0 	54.7 	21.0 	0.0 	0.0 	0.0 	-0.0 	21.0 	0.0 	0.0 	0.0 	0.0	0.151935483871	120.0	-13.2258064516	
0.716666666667	0.0	0.0	0.0 	0.0 	55.05 	21.0 	0.0 	0.0 	0.0 	-0.0 	21.0 	0.0 	0.0 	0.0 	0.0	0.151935483871	120.0	-13.2258064516	
0.733333333333	0.0	0.0	0.0 	0.0 	55.4 	21.0 	0.0 	0.0 	0.0 	-0.0 	21.0 	0.0 	0.0 	0.0 	0.0	0.151935483871	120.0	-13.2258064516	
0.75	0.0	0.0	0.0 	0.0 	55.75 	21.0 	0.0 	0.0 	0.0 	-0.0 	21.0 	0.0 	0.0 	0.0 	0.0	0.151935483871	120.0	-13.2258064516	
0.766666666667	0.0	0.0	0.0 	0.0 	56.1 	21.0 	0.0 	0.0 	0.0 	-0.0 	21.0 	0.0 	0.0 	0.0 	0.0	0.151935483871	120.0	-13.2258064516	
0.783333333333	0.0	0.0	0.0 	0.0 	56.45 	21.0 	0.0 	0.0 	0.0 	-0.0 	21.0 	0.0 	0.0 	0.0 	0.0	0.151935483871	120.0	-13.2258064516	
0.8	0.0	0.0	0.0 	0.0 	56.8 	21.0 	0.0 	0.0 	0.0 	-0.0 	21.0 	0.0 	0.0 	0.0 	0.0	0.151935483871	120.0	-13.2258064516	
0.816666666667	0.0	0.0	0.0 	0.0 	57.15 	21.0 	0.0 	0.0 	0.0 	-0.0 	21.0 	0.0 	0.0 	0.0 	0.0	0.151935483871	120.0	-13.2258064516	
0.833333333333	0.0	0.0	0.0 	0.0 	57.5 	21.0 	0.0 	0.0 	0.0 	-0.0 	21.0 	0.0 	0.0 	0.0 	0.0	0.151935483871	120.0	-13.2258064516	
0.85	0.0	0.0	0.0 	0.0 	57.85 	21.0 	0.0 	0.0 	0.0 	-0.0 	21.0 	0.0 	0.0 	0.0 	0.0	0.151935483871	120.0	-13.2258064516	
0.866666666667	0.0	0.0	0.0 	0.0 	58.2 	21.0 	0.0 	0.0 	0.0 	-0.0 	21.0 	0.0 	0.0 	0.0 	0.0	0.151935483871	120.0	-13.2258064516	
0.883333333333	0.0	0.0	0.0 	0.0 	58.55 	21.0 	0.0 	0.0 	0.0 	-0.0 	21.0 	0.0 	0.0 	0.0 	0.0	0.151935483871	120.0	-13.2258064516	
0.9	0.0	0.0	0.0 	0.0 	58.9 	21.0 	0.0 	0.0 	0.0 	-0.0 	21.0 	0.0 	0.0 	0.0 	0.0	0.151935483871	120.0	-13.2258064516	
0.916666666667	0.0	0.0	0.0 	0.0 	59.25 	21.0 	0.0 	0.0 	0.0 	-0.0 	21.0 	0.0 	0.0 	0.0 	0.0	0.151935483871	120.0	-13.2258064516	
0.933333333333	0.0	0.0	0.0 	0.0 	59.6 	21.0 	0.0 	0.0 	0.0 	-0.0 	21.0 	0.0 	0.0 	0.0 	0.0	0.151935483871	120.0	-13.2258064516	
0.95	0.0	0.0	0.0 	0.0 	59.95 	21.0 	0.0 	0.0 	0.0 	-0.0 	21.0 	0.0 	0.0 	0.0 	0.0	0.151935483871	120.0	-13.2258064516	
0.966666666667	0.0	0.0	0.0 	0.0 	60.3 	21.0 	0.0 	0.0 	0.0 	-0.0 	21.0 	0.0 	0.0 	0.0 	0.0191126279863	0.499147437251	120.00015248	-13.225526773	
0.983333333333	0.0	0.0	0.0 	0.0 	60.65 	21.0 	0.0 	0.0 	0.0 	-0.0 	21.0 	0.0 	0.0 	0.0 	0.0381578508	0.788490731734	120.000603563	-13.2250784713	
1.0	0.0	0.0	0.0 	0.0 	61.0 	21.0 	0.0 	0.0 	0.0 	-0.0 	21.0 	0.0 	0.0 	0.0 	0.0571359061613	1.0296101438	120.001419748	-13.2245879091	
1.01666666667	0.0	0.0	0.0 	0.0 	61.35 	21.0 	0.0 	0.0 	0.0 	-0.0 	21.0 	0.0 	0.0 	0.0 	0.0760470309518	1.23054298719	120.002614535	-13.224164928	
1.03333333333	0.0	0.0	0.0 	0.0 	61.7 	21.0 	0.0 	0.0 	0.0 	-0.0 	21.0 	0.0 	0.0 	0.0 	0.0948914612181	1.38938128418	120.004170106	-13.2238795869	
1.05	0.0	0.0	0.0 	0.0 	62.05 	21.0 	0.0 	0.0 	0.0 	-0.0 	21.0 	0.0 	0.0 	0.0 	0.113669432174	1.5166759926	120.006061823	-13.2237771064	
1.06666666667	0.0	0.0	0.0 	0.0 	62.4 	21.0 	0.0 	0.0 	0.0 	-0.0 	21.0 	0.0 	0.0 	0.0 	0.132381178204	1.62294186071	120.008265176	-13.2238921058	
1.08333333333	0.0	0.0	0.0 	0.0 	62.75 	21.0 	0.0 	0.0 	0.0 	-0.0 	21.0 	0.0 	0.0 	0.0 	0.151026932865	1.71418731608	120.010756459	-13.2242518019	
1.1	0.0	0.0	0.0 	0.0 	63.1 	21.0 	0.0 	0.0 	0.0 	-0.0 	21.0 	0.0 	0.0 	0.0 	0.169606928893	1.79416762594	120.013513013	-13.2248779862	
1.11666666667	0.0	0.0	0.0 	0.0 	63.45 	21.0 	0.0 	0.0 	0.0 	-0.0 	21.0 	0.0 	0.0 	0.0 	0.188121398199	1.86538630177	120.016513303	-13.2257883292	
1.13333333333	0.0	0.0	0.0 	0.0 	63.8 	21.0 	0.0 	0.0 	0.0 	-0.0 	21.0 	0.0 	0.0 	0.0 	0.20657057188	1.92702311883	120.019740002	-13.2269889876	
1.15	0.0	0.0	0.0 	0.0 	64.15 	21.0 	0.0 	0.0 	0.0 	-0.0 	21.0 	0.0 	0.0 	0.0 	0.224954680216	1.97838713305	120.023182103	-13.2284751831	
1.16666666667	0.0	0.0	0.0 	0.0 	64.5 	21.0 	0.0 	0.0 	0.0 	-0.0 	21.0 	0.0 	0.0 	0.0 	0.243273952675	2.02119047823	120.026832329	-13.2302402184	
1.18333333333	0.0	0.0	0.0 	0.0 	64.85 	21.0 	0.0 	0.0 	0.0 	-0.0 	21.0 	0.0 	0.0 	0.0 	0.261528617916	2.05685993255	120.030686296	-13.2322764325	
1.2	0.0	0.0	0.0 	0.0 	65.2 	21.0 	0.0 	0.0 	0.0 	-0.0 	21.0 	0.0 	0.0 	0.0 	0.279718903791	2.08658447782	120.034741774	-13.234575818	
1.21666666667	0.0	0.0	0.0 	0.0 	65.55 	21.0 	0.0 	0.0 	0.0 	-0.0 	21.0 	0.0 	0.0 	0.0 	0.29784503735	2.11135493221	120.038998085	-13.2371304102	
1.23333333333	0.0	0.0	0.0 	0.0 	65.9 	21.0 	0.0 	0.0 	0.0 	-0.0 	21.0 	0.0 	0.0 	0.0 	0.315907244841	2.13199697753	120.043455625	-13.2399325236	
1.25	0.0	0.0	0.0 	0.0 	66.25 	21.0 	0.0 	0.0 	0.0 	-0.0 	21.0 	0.0 	0.0 	0.0 	0.333905751713	2.14919868197	120.048115486	-13.2429748884	
1.26666666667	0.0	0.0	0.0 	0.0 	66.6 	21.0 	0.0 	0.0 	0.0 	-0.0 	21.0 	0.0 	0.0 	0.0 	0.351840782623	2.16353343567	120.052979185	-13.2462507215	
1.28333333333	0.0	0.0	0.0 	0.0 	66.95 	21.0 	0.0 	0.0 	0.0 	-0.0 	21.0 	0.0 	0.0 	0.0 	0.369712561433	2.17547906375	120.058048453	-13.2497537548	
1.3	0.0	0.0	0.0 	0.0 	67.3 	21.0 	0.0 	0.0 	0.0 	-0.0 	21.0 	0.0 	0.0 	0.0 	0.387521311216	2.18543375381	120.063325089	-13.2534782372	
1.31666666667	0.0	0.0	0.0 	0.0 	67.65 	21.0 	0.0 	0.0 	0.0 	-0.0 	21.0 	0.0 	0.0 	0.0 	0.40526725426	2.19372932887	120.068810859	-13.2574189193	
1.33333333333	0.0	0.0	0.0 	0.0 	68.0 	21.0 	0.0 	0.0 	0.0 	-0.0 	21.0 	0.0 	0.0 	0.0 	0.422950612066	2.20064230808	120.074507427	-13.2615710276	
1.35	0.0	0.0	0.0 	0.0 	68.35 	21.0 	0.0 	0.0 	0.0 	-0.0 	21.0 	0.0 	0.0 	0.0 	0.440571605357	2.20640312409	120.080416312	-13.2659302334	
1.36666666667	0.0	0.0	0.0 	0.0 	68.7 	21.0 	0.0 	0.0 	0.0 	-0.0 	21.0 	0.0 	0.0 	0.0 	0.458130454075	2.2112038041	120.086538862	-13.2704926189	
1.38333333333	0.0	0.0	0.0 	0.0 	69.05 	21.0 	0.0 	0.0 	0.0 	-0.0 	21.0 	0.0 	0.0 	0.0 	0.475627377389	2.21520437078	120.092876244	-13.2752546422	
1.4	0.0	0.0	0.0 	0.0 	69.4 	21.0 	0.0 	0.0 	0.0 	-0.0 	21.0 	0.0 	0.0 	0.0 	0.493062593691	2.21853817634	120.099429443	-13.2802131031	
1.41666666667	0.0	0.0	0.0 	0.0 	69.75 	21.0 	0.0 	0.0 	0.0 	-0.0 	21.0 	0.0 	0.0 	0.0 	0.510436320608	2.22131634764	120.106199266	-13.2853651096	
1.43333333333	0.0	0.0	0.0 	0.0 	70.1 	21.0 	0.0 	0.0 	0.0 	-0.0 	21.0 	0.0 	0.0 	0.0 	0.527748774995	2.22363149039	120.113186351	-13.290708047	
1.45	0.0	0.0	0.0 	0.0 	70.45 	21.0 	0.0 	0.0 	0.0 	-0.0 	21.0 	0.0 	0.0 	0.0 	0.545000172944	2.22556077602	120.120391175	-13.2962395482	
1.46666666667	0.0	0.0	0.0 	0.0 	70.8 	21.0 	0.0 	0.0 	0.0 	-0.0 	21.0 	0.0 	0.0 	0.0 	0.562190729786	2.22716851404	120.127814072	-13.3019574672	
1.48333333333	0.0	0.0	0.0 	0.0 	71.15 	21.0 	0.0 	0.0 	0.0 	-0.0 	21.0 	0.0 	0.0 	0.0 	0.57932066009	2.22850829573	120.135455244	-13.3078598538	
1.5	0.0	0.0	0.0 	0.0 	71.5 	21.0 	0.0 	0.0 	0.0 	-0.0 	21.0 	0.0 	0.0 	0.0 	0.596390177671	2.22962478046	120.143314772	-13.3139449313	
1.51666666667	0.0	0.0	0.0 	0.0 	71.85 	21.0 	0.0 	0.0 	0.0 	-0.0 	21.0 	0.0 	0.0 	0.0 	0.613399495588	2.23055518441	120.15139263	-13.3202110763	
1.53333333333	0.0	0.0	0.0 	0.0 	72.2 	21.0 	0.0 	0.0 	0.0 	-0.0 	21.0 	0.0 	0.0 	0.0 	0.63034882615	2.23133052103	120.1596887	-13.3266568004	
1.55	0.0	0.0	0.0 	0.0 	72.55 	21.0 	0.0 	0.0 	0.0 	-0.0 	21.0 	0.0 	0.0 	0.0 	0.647238380916	2.23197663489	120.168202775	-13.3332807336	
1.56666666667	0.0	0.0	0.0 	0.0 	72.9 	21.0 	0.0 	0.0 	0.0 	-0.0 	21.0 	0.0 	0.0 	0.0 	0.664068370699	2.2325150631	120.17693458	-13.3400816098	
1.58333333333	0.0	0.0	0.0 	0.0 	73.25 	21.0 	0.0 	0.0 	0.0 	-0.0 	21.0 	0.0 	0.0 	0.0 	0.680839005569	2.23296375327	120.185883772	-13.347058254	
1.6	0.0	0.0	0.0 	0.0 	73.6 	21.0 	0.0 	0.0 	0.0 	-0.0 	21.0 	0.0 	0.0 	0.0 	0.697550494855	2.23333766175	120.195049952	-13.3542095708	
1.61666666667	0.0	0.0	0.0 	0.0 	73.95 	21.0 	0.0 	0.0 	0.0 	-0.0 	21.0 	0.0 	0.0 	0.0 	0.714203047149	2.23364925215	120.204432674	-13.3615345342	
1.63333333333	0.0	0.0	0.0 	0.0 	74.3 	21.0 	0.0 	0.0 	0.0 	-0.0 	21.0 	0.0 	0.0 	0.0 	0.730796870304	2.23390891082	120.214031448	-13.3690321787	
1.65	0.0	0.0	0.0 	0.0 	74.65 	21.0 	0.0 	0.0 	0.0 	-0.0 	21.0 	0.0 	0.0 	0.0 	0.747332171444	2.23412529304	120.223845748	-13.3767015917	
1.66666666667	0.0	0.0	0.0 	0.0 	75.0 	21.0 	0.0 	0.0 	0.0 	-0.0 	21.0 	0.0 	0.0 	0.0 	0.76380915696	2.23430561156	120.233875017	-13.3845419066	
1.68333333333	0.0	0.0	0.0 	0.0 	75.35 	21.0 	0.0 	0.0 	0.0 	-0.0 	21.0 	0.0 	0.0 	0.0 	0.780228032516	2.23445587699	120.244118673	-13.3925522966	
1.7	0.0	0.0	0.0 	0.0 	75.7 	21.0 	0.0 	0.0 	0.0 	-0.0 	21.0 	0.0 	0.0 	0.0 	0.79658900305	2.23458109818	120.254576108	-13.4007319698	
1.71666666667	0.0	0.0	0.0 	0.0 	76.05 	21.0 	0.0 	0.0 	0.0 	-0.0 	21.0 	0.0 	0.0 	0.0 	0.812892272777	2.23468544918	120.265246698	-13.4090801646	
1.73333333333	0.0	0.0	0.0 	0.0 	76.4 	21.0 	0.0 	0.0 	0.0 	-0.0 	21.0 	0.0 	0.0 	0.0 	0.829138045194	2.23477240834	120.276129801	-13.4175961457	
1.75	0.0	0.0	0.0 	0.0 	76.75 	21.0 	0.0 	0.0 	0.0 	-0.0 	21.0 	0.0 	0.0 	0.0 	0.845326523078	2.23484487431	120.287224762	-13.4262792008	
1.76666666667	0.0	0.0	0.0 	0.0 	77.1 	21.0 	0.0 	0.0 	0.0 	-0.0 	21.0 	0.0 	0.0 	0.0 	0.861457908491	2.23490526262	120.298530913	-13.4351286376	
1.78333333333	0.0	0.0	0.0 	0.0 	77.45 	21.0 	0.0 	0.0 	0.0 	-0.0 	21.0 	0.0 	0.0 	0.0 	0.877532402785	2.2349555862	120.310047579	-13.4441437814	
1.8	0.0	0.0	0.0 	0.0 	77.8 	21.0 	0.0 	0.0 	0.0 	-0.0 	21.0 	0.0 	0.0 	0.0 	0.893550206597	2.23499752253	120.321774077	-13.4533239724	
1.81666666667	0.0	0.0	0.0 	0.0 	78.15 	21.0 	0.0 	0.0 	0.0 	-0.0 	21.0 	0.0 	0.0 	0.0 	0.909511519862	2.23503246947	120.333709717	-13.4626685645	
1.83333333333	0.0	0.0	0.0 	0.0 	78.5 	21.0 	0.0 	0.0 	0.0 	-0.0 	21.0 	0.0 	0.0 	0.0 	0.925416541805	2.23506159191	120.345853803	-13.4721769232	
1.85	0.0	0.0	0.0 	0.0 	78.85 	21.0 	0.0 	0.0 	0.0 	-0.0 	21.0 	0.0 	0.0 	0.0 	0.941265470953	2.23508586062	120.358205637	-13.4818484243	
1.86666666667	0.0	0.0	0.0 	0.0 	79.2 	21.0 	0.0 	0.0 	0.0 	-0.0 	21.0 	0.0 	0.0 	0.0 	0.957058505128	2.23510608454	120.370764518	-13.4916824528	
1.88333333333	0.0	0.0	0.0 	0.0 	79.55 	21.0 	0.0 	0.0 	0.0 	-0.0 	21.0 	0.0 	0.0 	0.0 	0.972795841458	2.23512293781	120.383529742	-13.5016784018	
1.9	0.0	0.0	0.0 	0.0 	79.9 	21.0 	0.0 	0.0 	0.0 	-0.0 	21.0 	0.0 	0.0 	0.0 	0.988477676374	2.2351369822	120.396500603	-13.5118356713	
1.91666666667	0.0	0.0	0.0 	0.0 	80.25 	21.0 	0.0 	0.0 	0.0 	-0.0 	21.0 	0.0 	0.0 	0.0 	1.00410420562	2.23514868586	120.409676396	-13.5221536681	
1.93333333333	0.0	0.0	0.0 	0.0 	80.6 	21.0 	0.0 	0.0 	0.0 	-0.0 	21.0 	0.0 	0.0 	0.0 	1.01967562423	2.23515843891	120.423056413	-13.5326318046	
1.95	0.0	0.0	0.0 	0.0 	80.95 	21.0 	0.0 	0.0 	0.0 	-0.0 	21.0 	0.0 	0.0 	0.0 	1.03519212658	2.23516656645	120.43663995	-13.5432694983	
1.96666666667	0.0	0.0	0.0 	0.0 	81.3 	21.0 	0.0 	0.0 	0.0 	-0.0 	21.0 	0.0 	0.0 	0.0 	1.05065390634	2.2351733394	120.450426298	-13.5540661714	
1.98333333333	0.0	0.0	0.0 	0.0 	81.65 	21.0 	0.0 	0.0 	0.0 	-0.0 	21.0 	0.0 	0.0 	0.0 	1.0660611565	2.23517898352	120.464414754	-13.5650212507	
2.0	0.0	0.0	0.0 	0.0 	82.0 	21.0 	0.0 	0.0 	0.0 	-0.0 	21.0 	0.0 	0.0 	0.0 	1.08141406937	2.23518368696	120.478604613	-13.5761341667	
2.01666666667	0.0	0.0	0.0 	0.0 	82.35 	21.0 	0.0 	0.0 	0.0 	-0.0 	21.0 	0.0 	0.0 	0.0 	1.09671283659	2.23518760649	120.492995172	-13.5874043535	
2.03333333333	0.0	0.0	0.0 	0.0 	82.7 	21.0 	0.0 	0.0 	0.0 	-0.0 	21.0 	0.0 	0.0 	0.0 	1.11195764911	2.23519087277	120.507585729	-13.5988312487	
2.05	0.0	0.0	0.0 	0.0 	83.05 	21.0 	0.0 	0.0 	0.0 	-0.0 	21.0 	0.0 	0.0 	0.0 	1.12714869722	2.23519359467	120.522375583	-13.6104142931	
2.06666666667	0.0	0.0	0.0 	0.0 	83.4 	21.0 	0.0 	0.0 	0.0 	-0.0 	21.0 	0.0 	0.0 	0.0 	1.14228617053	2.23519586291	120.537364037	-13.6221529304	
2.08333333333	0.0	0.0	0.0 	0.0 	83.75 	21.0 	0.0 	0.0 	0.0 	-0.0 	21.0 	0.0 	0.0 	0.0 	1.15737025798	2.23519775312	120.552550394	-13.6340466072	
2.1	0.0	0.0	0.0 	0.0 	84.1 	21.0 	0.0 	0.0 	0.0 	-0.0 	21.0 	0.0 	0.0 	0.0 	1.17240114786	2.23519932829	120.567933959	-13.6460947726	
2.11666666667	0.0	0.0	0.0 	0.0 	84.45 	21.0 	0.0 	0.0 	0.0 	-0.0 	21.0 	0.0 	0.0 	0.0 	1.18737902777	2.23520064093	120.583514038	-13.6582968785	
2.13333333333	0.0	0.0	0.0 	0.0 	84.8 	21.0 	0.0 	0.0 	0.0 	-0.0 	21.0 	0.0 	0.0 	0.0 	1.20230408467	2.2352017348	120.599289942	-13.6706523791	
2.15	0.0	0.0	0.0 	0.0 	85.15 	21.0 	0.0 	0.0 	0.0 	-0.0 	21.0 	0.0 	0.0 	0.0 	1.21717650485	2.23520264636	120.615260981	-13.6831607309	
2.16666666667	0.0	0.0	0.0 	0.0 	85.5 	21.0 	0.0 	0.0 	0.0 	-0.0 	21.0 	0.0 	0.0 	0.0 	1.23199647394	2.23520340599	120.631426469	-13.6958213929	
2.18333333333	0.0	0.0	0.0 	0.0 	85.85 	21.0 	0.0 	0.0 	0.0 	-0.0 	21.0 	0.0 	0.0 	0.0 	1.24676417693	2.23520403902	120.647785721	-13.7086338261	
2.2	0.0	0.0	0.0 	0.0 	86.2 	21.0 	0.0 	0.0 	0.0 	-0.0 	21.0 	0.0 	0.0 	0.0 	1.26147979815	2.23520456654	120.664338056	-13.7215974938	
2.21666666667	0.0	0.0	0.0 	0.0 	86.55 	21.0 	0.0 	0.0 	0.0 	-0.0 	21.0 	0.0 	0.0 	0.0 	1.27614352128	2.23520500614	120.681082793	-13.7347118615	
2.23333333333	0.0	0.0	0.0 	0.0 	86.9 	21.0 	0.0 	0.0 	0.0 	-0.0 	21.0 	0.0 	0.0 	0.0 	1.29075552934	2.23520537248	120.698019255	-13.7479763966	
2.25	0.0	0.0	0.0 	0.0 	87.25 	21.0 	0.0 	0.0 	0.0 	-0.0 	21.0 	0.0 	0.0 	0.0 	1.30531600472	2.23520567776	120.715146765	-13.7613905687	
2.26666666667	0.0	0.0	0.0 	0.0 	87.6 	21.0 	0.0 	0.0 	0.0 	-0.0 	21.0 	0.0 	0.0 	0.0 	1.31982512916	2.23520593215	120.732464652	-13.7749538491	
2.28333333333	0.0	0.0	0.0 	0.0 	87.95 	21.0 	0.0 	0.0 	0.0 	-0.0 	21.0 	0.0 	0.0 	0.0 	1.33428308377	2.23520614415	120.749972243	-13.7886657116	
2.3	0.0	0.0	0.0 	0.0 	88.3 	21.0 	0.0 	0.0 	0.0 	-0.0 	21.0 	0.0 	0.0 	0.0 	1.348690049	2.23520632082	120.767668871	-13.8025256314	
2.31666666667	0.0	0.0	0.0 	0.0 	88.65 	21.0 	0.0 	0.0 	0.0 	-0.0 	21.0 	0.0 	0.0 	0.0 	1.36304620469	2.23520646804	120.785553869	-13.816533086	
2.33333333333	0.0	0.0	0.0 	0.0 	89.0 	21.0 	0.0 	0.0 	0.0 	-0.0 	21.0 	0.0 	0.0 	0.0 	1.37735173002	2.23520659073	120.803626573	-13.8306875548	
2.35	0.0	0.0	0.0 	0.0 	89.35 	21.0 	0.0 	0.0 	0.0 	-0.0 	21.0 	0.0 	0.0 	0.0 	1.39160680355	2.23520669296	120.821886321	-13.8449885188	
2.36666666667	0.0	0.0	0.0 	0.0 	89.7 	21.0 	0.0 	0.0 	0.0 	-0.0 	21.0 	0.0 	0.0 	0.0 	1.40581160322	2.23520677816	120.840332454	-13.8594354612	
2.38333333333	0.0	0.0	0.0 	0.0 	90.05 	21.0 	0.0 	0.0 	0.0 	-0.0 	21.0 	0.0 	0.0 	0.0 	1.41996630633	2.23520684916	120.858964314	-13.874027867	
2.4	0.0	0.0	0.0 	0.0 	90.4 	21.0 	0.0 	0.0 	0.0 	-0.0 	21.0 	0.0 	0.0 	0.0 	1.43407108955	2.23520690832	120.877781247	-13.8887652229	
2.41666666667	0.0	0.0	0.0 	0.0 	90.75 	21.0 	0.0 	0.0 	0.0 	-0.0 	21.0 	0.0 	0.0 	0.0 	1.44812612893	2.23520695763	120.896782601	-13.9036470175	
2.43333333333	0.0	0.0	0.0 	0.0 	91.1 	21.0 	0.0 	0.0 	0.0 	-0.0 	21.0 	0.0 	0.0 	0.0 	1.46213159992	2.23520699872	120.915967724	-13.9186727414	
2.45	0.0	0.0	0.0 	0.0 	91.45 	21.0 	0.0 	0.0 	0.0 	-0.0 	21.0 	0.0 	0.0 	0.0 	1.47608767733	2.23520703295	120.935335969	-13.9338418868	
2.46666666667	0.0	0.0	0.0 	0.0 	91.8 	21.0 	0.0 	0.0 	0.0 	-0.0 	21.0 	0.0 	0.0 	0.0 	1.48999453535	2.23520706149	120.954886691	-13.9491539479	
2.48333333333	0.0	0.0	0.0 	0.0 	92.15 	21.0 	0.0 	0.0 	0.0 	-0.0 	21.0 	0.0 	0.0 	0.0 	1.50385234757	2.23520708526	120.974619245	-13.9646084204	
2.5	0.0	0.0	0.0 	0.0 	92.5 	21.0 	0.0 	0.0 	0.0 	-0.0 	21.0 	0.0 	0.0 	0.0 	1.51766128696	2.23520710508	120.994532991	-13.9802048021	
2.51666666667	0.0	0.0	0.0 	0.0 	92.85 	21.0 	0.0 	0.0 	0.0 	-0.0 	21.0 	0.0 	0.0 	0.0 	1.53142152588	2.23520712159	121.014627289	-13.9959425925	
2.53333333333	0.0	0.0	0.0 	0.0 	93.2 	21.0 	0.0 	0.0 	0.0 	-0.0 	21.0 	0.0 	0.0 	0.0 	1.54513323608	2.23520713535	121.034901502	-14.0118212928	
2.55	0.0	0.0	0.0 	0.0 	93.55 	21.0 	0.0 	0.0 	0.0 	-0.0 	21.0 	0.0 	0.0 	0.0 	1.55879658872	2.23520714682	121.055354997	-14.027840406	
2.56666666667	0.0	0.0	0.0 	0.0 	93.9 	21.0 	0.0 	0.0 	0.0 	-0.0 	21.0 	0.0 	0.0 	0.0 	1.57241175433	2.23520715637	121.075987141	-14.0439994368	
2.58333333333	0.0	0.0	0.0 	0.0 	94.25 	21.0 	0.0 	0.0 	0.0 	-0.0 	21.0 	0.0 	0.0 	0.0 	1.58597890287	2.23520716434	121.096797304	-14.0602978918	
2.6	0.0	0.0	0.0 	0.0 	94.6 	21.0 	0.0 	0.0 	0.0 	-0.0 	21.0 	0.0 	0.0 	0.0 	1.59949820367	2.23520717097	121.117784859	-14.0767352793	
2.61666666667	0.0	0.0	0.0 	0.0 	94.95 	21.0 	0.0 	0.0 	0.0 	-0.0 	21.0 	0.0 	0.0 	0.0 	1.61296982547	2.2352071765	121.138949178	-14.0933111093	
2.63333333333	0.0	0.0	0.0 	0.0 	95.3 	21.0 	0.0 	0.0 	0.0 	-0.0 	21.0 	0.0 	0.0 	0.0 	1.62639393644	2.23520718111	121.16028964	-14.1100248934	
2.65	0.0	0.0	0.0 	0.0 	95.65 	21.0 	0.0 	0.0 	0.0 	-0.0 	21.0 	0.0 	0.0 	0.0 	1.63977070413	2.23520718495	121.181805623	-14.1268761452	
2.66666666667	0.0	0.0	0.0 	0.0 	96.0 	21.0 	0.0 	0.0 	0.0 	-0.0 	21.0 	0.0 	0.0 	0.0 	1.6531002955	2.23520718815	121.203496509	-14.1438643797	
2.68333333333	0.0	0.0	0.0 	0.0 	96.35 	21.0 	0.0 	0.0 	0.0 	-0.0 	21.0 	0.0 	0.0 	0.0 	1.66638287694	2.23520719082	121.225361679	-14.160989114	
2.7	0.0	0.0	0.0 	0.0 	96.7 	21.0 	0.0 	0.0 	0.0 	-0.0 	21.0 	0.0 	0.0 	0.0 	1.67961861423	2.23520719304	121.247400519	-14.1782498666	
2.71666666667	0.0	0.0	0.0 	0.0 	97.05 	21.0 	0.0 	0.0 	0.0 	-0.0 	21.0 	0.0 	0.0 	0.0 	1.69280767259	2.23520719489	121.269612418	-14.1956461578	
2.73333333333	0.0	0.0	0.0 	0.0 	97.4 	21.0 	0.0 	0.0 	0.0 	-0.0 	21.0 	0.0 	0.0 	0.0 	1.70595021664	2.23520719643	121.291996765	-14.2131775096	
2.75	0.0	0.0	0.0 	0.0 	97.75 	21.0 	0.0 	0.0 	0.0 	-0.0 	21.0 	0.0 	0.0 	0.0 	1.71904641041	2.23520719772	121.314552951	-14.2308434456	
2.76666666667	0.0	0.0	0.0 	0.0 	98.1 	21.0 	0.0 	0.0 	0.0 	-0.0 	21.0 	0.0 	0.0 	0.0 	1.73209641738	2.23520719879	121.33728037	-14.2486434912	
2.78333333333	0.0	0.0	0.0 	0.0 	98.45 	21.0 	0.0 	0.0 	0.0 	-0.0 	21.0 	0.0 	0.0 	0.0 	1.74510040044	2.23520719968	121.360178419	-14.2665771735	
2.8	0.0	0.0	0.0 	0.0 	98.8 	21.0 	0.0 	0.0 	0.0 	-0.0 	21.0 	0.0 	0.0 	0.0 	1.75805852189	2.23520720043	121.383246496	-14.284644021	
2.81666666667	0.0	0.0	0.0 	0.0 	99.15 	21.0 	0.0 	0.0 	0.0 	-0.0 	21.0 	0.0 	0.0 	0.0 	1.77097094349	2.23520720105	121.406484002	-14.3028435643	
2.83333333333	0.0	0.0	0.0 	0.0 	99.5 	21.0 	0.0 	0.0 	0.0 	-0.0 	21.0 	0.0 	0.0 	0.0 	1.78383782639	2.23520720157	121.429890337	-14.3211753352	
2.85	0.0	0.0	0.0 	0.0 	99.85 	21.0 	0.0 	0.0 	0.0 	-0.0 	21.0 	0.0 	0.0 	0.0 	1.79665933122	2.235207202	121.453464909	-14.3396388676	
2.86666666667	0.0	0.0	0.0 	0.0 	100.2 	21.0 	0.0 	0.0 	0.0 	-0.0 	21.0 	0.0 	0.0 	0.0 	1.80943561799	2.23520720236	121.477207122	-14.3582336966	
2.88333333333	0.0	0.0	0.0 	0.0 	100.55 	21.0 	0.0 	0.0 	0.0 	-0.0 	21.0 	0.0 	0.0 	0.0 	1.82216684619	2.23520720265	121.501116386	-14.3769593592	
2.9	0.0	0.0	0.0 	0.0 	100.9 	21.0 	0.0 	0.0 	0.0 	-0.0 	21.0 	0.0 	0.0 	0.0 	1.83485317471	2.2352072029	121.525192111	-14.395815394	
2.91666666667	0.0	0.0	0.0 	0.0 	101.25 	21.0 	0.0 	0.0 	0.0 	-0.0 	21.0 	0.0 	0.0 	0.0 	1.84749476192	2.23520720311	121.549433711	-14.4148013413	
2.93333333333	0.0	0.0	0.0 	0.0 	101.6 	21.0 	0.0 	0.0 	0.0 	-0.0 	21.0 	0.0 	0.0 	0.0 	1.86009176561	2.23520720328	121.5738406	-14.4339167428	
2.95	0.0	0.0	0.0 	0.0 	101.95 	21.0 	0.0 	0.0 	0.0 	-0.0 	21.0 	0.0 	0.0 	0.0 	1.872644343	2.23520720343	121.598412196	-14.453161142	
2.96666666667	0.0	0.0	0.0 	0.0 	102.3 	21.0 	0.0 	0.0 	0.0 	-0.0 	21.0 	0.0 	0.0 	0.0 	1.88515265078	2.23520720355	121.623147918	-14.4725340839	
2.98333333333	0.0	0.0	0.0 	0.0 	102.65 	21.0 	0.0 	0.0 	0.0 	-0.0 	21.0 	0.0 	0.0 	0.0 	1.89761684507	2.23520720365	121.648047187	-14.4920351153	
3.0	0.0	0.0	0.0 	0.0 	103.0 	21.0 	0.0 	0.0 	0.0 	-0.0 	21.0 	0.0 	0.0 	0.0 	1.91003708145	2.23520720373	121.673109425	-14.5116637844	
3.01666666667	0.0	0.0	0.0 	0.0 	103.35 	21.0 	0.0 	0.0 	0.0 	-0.0 	21.0 	0.0 	0.0 	0.0 	1.92241351495	2.2352072038	121.698334059	-14.531419641	
3.03333333333	0.0	0.0	0.0 	0.0 	103.7 	21.0 	0.0 	0.0 	0.0 	-0.0 	21.0 	0.0 	0.0 	0.0 	1.93474630005	2.23520720386	121.723720516	-14.5513022366	
3.05	0.0	0.0	0.0 	0.0 	104.05 	21.0 	0.0 	0.0 	0.0 	-0.0 	21.0 	0.0 	0.0 	0.0 	1.94703559069	2.23520720391	121.749268225	-14.5713111243	
3.06666666667	0.0	0.0	0.0 	0.0 	104.4 	21.0 	0.0 	0.0 	0.0 	-0.0 	21.0 	0.0 	0.0 	0.0 	1.95928154026	2.23520720395	121.774976616	-14.5914458585	
3.08333333333	0.0	0.0	0.0 	0.0 	104.75 	21.0 	0.0 	0.0 	0.0 	-0.0 	21.0 	0.0 	0.0 	0.0 	1.97148430161	2.23520720398	121.800845125	-14.6117059955	
3.1	0.0	0.0	0.0 	0.0 	105.1 	21.0 	0.0 	0.0 	0.0 	-0.0 	21.0 	0.0 	0.0 	0.0 	1.98364402705	2.23520720401	121.826873185	-14.632091093	
3.11666666667	0.0	0.0	0.0 	0.0 	105.45 	21.0 	0.0 	0.0 	0.0 	-0.0 	21.0 	0.0 	0.0 	0.0 	1.99576086836	2.23520720403	121.853060234	-14.6526007104	
3.13333333333	0.0	0.0	0.0 	0.0 	105.8 	21.0 	0.0 	0.0 	0.0 	-0.0 	21.0 	0.0 	0.0 	0.0 	2.00783497679	2.23520720405	121.879405712	-14.6732344084	
3.15	0.0	0.0	0.0 	0.0 	106.15 	21.0 	0.0 	0.0 	0.0 	-0.0 	21.0 	0.0 	0.0 	0.0 	2.01986650304	2.23520720407	121.90590906	-14.6939917495	
3.16666666667	0.0	0.0	0.0 	0.0 	106.5 	21.0 	0.0 	0.0 	0.0 	-0.0 	21.0 	0.0 	0.0 	0.0 	2.03185559728	2.23520720408	121.93256972	-14.7148722976	
3.18333333333	0.0	0.0	0.0 	0.0 	106.85 	21.0 	0.0 	0.0 	0.0 	-0.0 	21.0 	0.0 	0.0 	0.0 	2.04380240917	2.23520720409	121.959387139	-14.7358756182	
3.2	0.0	0.0	0.0 	0.0 	107.2 	21.0 	0.0 	0.0 	0.0 	-0.0 	21.0 	0.0 	0.0 	0.0 	2.05570708782	2.2352072041	121.986360762	-14.7570012783	
3.21666666667	0.0	0.0	0.0 	0.0 	107.55 	21.0 	0.0 	0.0 	0.0 	-0.0 	21.0 	0.0 	0.0 	0.0 	2.06756978182	2.23520720411	122.013490041	-14.7782488464	
3.23333333333	0.0	0.0	0.0 	0.0 	107.9 	21.0 	0.0 	0.0 	0.0 	-0.0 	21.0 	0.0 	0.0 	0.0 	2.07939063925	2.23520720412	122.040774424	-14.7996178927	
3.25	0.0	0.0	0.0 	0.0 	108.25 	21.0 	0.0 	0.0 	0.0 	-0.0 	21.0 	0.0 	0.0 	0.0 	2.09116980764	2.23520720412	122.068213366	-14.8211079887	
3.26666666667	0.0	0.0	0.0 	0.0 	108.6 	21.0 	0.0 	0.0 	0.0 	-0.0 	21.0 	0.0 	0.0 	0.0 	2.10290743403	2.23520720413	122.095806322	-14.8427187074	
3.28333333333	0.0	0.0	0.0 	0.0 	108.95 	21.0 	0.0 	0.0 	0.0 	-0.0 	21.0 	0.0 	0.0 	0.0 	2.11460366492	2.23520720413	122.123552747	-14.8644496235	
3.3	0.0	0.0	0.0 	0.0 	109.3 	21.0 	0.0 	0.0 	0.0 	-0.0 	21.0 	0.0 	0.0 	0.0 	2.12625864631	2.23520720413	122.151452102	-14.8863003131	
3.31666666667	0.0	0.0	0.0 	0.0 	109.65 	21.0 	0.0 	0.0 	0.0 	-0.0 	21.0 	0.0 	0.0 	0.0 	2.13787252366	2.23520720414	122.179503846	-14.9082703538	
3.33333333333	0.0	0.0	0.0 	0.0 	110.0 	21.0 	0.0 	0.0 	0.0 	-0.0 	21.0 	0.0 	0.0 	0.0 	2.14944544195	2.23520720414	122.207707442	-14.9303593246	
3.35	0.0	0.0	0.0 	0.0 	110.35 	21.0 	0.0 	0.0 	0.0 	-0.0 	21.0 	0.0 	0.0 	0.0 	2.16097754563	2.23520720414	122.236062355	-14.9525668061	
3.36666666667	0.0	0.0	0.0 	0.0 	110.7 	21.0 	0.0 	0.0 	0.0 	-0.0 	21.0 	0.0 	0.0 	0.0 	2.17246897863	2.23520720414	122.264568051	-14.9748923803	
3.38333333333	0.0	0.0	0.0 	0.0 	111.05 	21.0 	0.0 	0.0 	0.0 	-0.0 	21.0 	0.0 	0.0 	0.0 	2.18391988439	2.23520720414	122.293223998	-14.9973356308	
3.4	0.0	0.0	0.0 	0.0 	111.4 	21.0 	0.0 	0.0 	0.0 	-0.0 	21.0 	0.0 	0.0 	0.0 	2.19533040585	2.23520720414	122.322029667	-15.0198961426	
3.41666666667	0.0	0.0	0.0 	0.0 	111.75 	21.0 	0.0 	0.0 	0.0 	-0.0 	21.0 	0.0 	0.0 	0.0 	2.20670068542	2.23520720415	122.350984528	-15.0425735021	
3.43333333333	0.0	0.0	0.0 	0.0 	112.1 	21.0 	0.0 	0.0 	0.0 	-0.0 	21.0 	0.0 	0.0 	0.0 	2.21803086503	2.23520720415	122.380088057	-15.0653672972	
3.45	0.0	0.0	0.0 	0.0 	112.45 	21.0 	0.0 	0.0 	0.0 	-0.0 	21.0 	0.0 	0.0 	0.0 	2.22932108609	2.23520720415	122.409339728	-15.0882771173	
3.46666666667	0.0	0.0	0.0 	0.0 	112.8 	21.0 	0.0 	0.0 	0.0 	-0.0 	21.0 	0.0 	0.0 	0.0 	2.24057148954	2.23520720415	122.43873902	-15.1113025532	
3.48333333333	0.0	0.0	0.0 	0.0 	113.15 	21.0 	0.0 	0.0 	0.0 	-0.0 	21.0 	0.0 	0.0 	0.0 	2.2517822158	2.23520720415	122.468285412	-15.1344431971	
3.5	0.0	0.0	0.0 	0.0 	113.5 	21.0 	0.0 	0.0 	0.0 	-0.0 	21.0 	0.0 	0.0 	0.0 	2.2629534048	2.23520720415	122.497978384	-15.1576986428	
3.51666666667	0.0	0.0	0.0 	0.0 	113.85 	21.0 	0.0 	0.0 	0.0 	-0.0 	21.0 	0.0 	0.0 	0.0 	2.27408519598	2.23520720415	122.52781742	-15.1810684853	
3.53333333333	0.0	0.0	0.0 	0.0 	114.2 	21.0 	0.0 	0.0 	0.0 	-0.0 	21.0 	0.0 	0.0 	0.0 	2.28517772828	2.23520720415	122.557802006	-15.2045523212	
3.55	0.0	0.0	0.0 	0.0 	114.55 	21.0 	0.0 	0.0 	0.0 	-0.0 	21.0 	0.0 	0.0 	0.0 	2.29623114016	2.23520720415	122.587931626	-15.2281497485	
3.56666666667	0.0	0.0	0.0 	0.0 	114.9 	21.0 	0.0 	0.0 	0.0 	-0.0 	21.0 	0.0 	0.0 	0.0 	2.30724556959	2.23520720415	122.618205771	-15.2518603666	
3.58333333333	0.0	0.0	0.0 	0.0 	115.25 	21.0 	0.0 	0.0 	0.0 	-0.0 	21.0 	0.0 	0.0 	0.0 	2.31822115404	2.23520720415	122.64862393	-15.2756837763	
3.6	0.0	0.0	0.0 	0.0 	115.6 	21.0 	0.0 	0.0 	0.0 	-0.0 	21.0 	0.0 	0.0 	0.0 	2.32915803052	2.23520720415	122.679185596	-15.2996195798	
3.61666666667	0.0	0.0	0.0 	0.0 	115.95 	21.0 	0.0 	0.0 	0.0 	-0.0 	21.0 	0.0 	0.0 	0.0 	2.34005633553	2.23520720415	122.709890262	-15.3236673807	
3.63333333333	0.0	0.0	0.0 	0.0 	116.3 	21.0 	0.0 	0.0 	0.0 	-0.0 	21.0 	0.0 	0.0 	0.0 	2.35091620511	2.23520720415	122.740737424	-15.3478267841	
3.65	0.0	0.0	0.0 	0.0 	116.65 	21.0 	0.0 	0.0 	0.0 	-0.0 	21.0 	0.0 	0.0 	0.0 	2.36173777481	2.23520720415	122.771726579	-15.3720973963	
3.66666666667	0.0	0.0	0.0 	0.0 	117.0 	21.0 	0.0 	0.0 	0.0 	-0.0 	21.0 	0.0 	0.0 	0.0 	2.3725211797	2.23520720415	122.802857227	-15.3964788251	
3.68333333333	0.0	0.0	0.0 	0.0 	117.35 	21.0 	0.0 	0.0 	0.0 	-0.0 	21.0 	0.0 	0.0 	0.0 	2.38326655438	2.23520720415	122.834128869	-15.4209706797	
3.7	0.0	0.0	0.0 	0.0 	117.7 	21.0 	0.0 	0.0 	0.0 	-0.0 	21.0 	0.0 	0.0 	0.0 	2.39397403297	2.23520720415	122.865541007	-15.4455725707	
3.71666666667	0.0	0.0	0.0 	0.0 	118.05 	21.0 	0.0 	0.0 	0.0 	-0.0 	21.0 	0.0 	0.0 	0.0 	2.40464374912	2.23520720415	122.897093146	-15.47028411	
3.73333333333	0.0	0.0	0.0 	0.0 	118.4 	21.0 	0.0 	0.0 	0.0 	-0.0 	21.0 	0.0 	0.0 	0.0 	2.41527583601	2.23520720415	122.928784792	-15.495104911	
3.75	0.0	0.0	0.0 	0.0 	118.75 	21.0 	0.0 	0.0 	0.0 	-0.0 	21.0 	0.0 	0.0 	0.0 	2.42587042635	2.23520720415	122.960615454	-15.5200345881	
3.76666666667	0.0	0.0	0.0 	0.0 	119.1 	21.0 	0.0 	0.0 	0.0 	-0.0 	21.0 	0.0 	0.0 	0.0 	2.43642765238	2.23520720415	122.99258464	-15.5450727576	
3.78333333333	0.0	0.0	0.0 	0.0 	119.45 	21.0 	0.0 	0.0 	0.0 	-0.0 	21.0 	0.0 	0.0 	0.0 	2.44694764587	2.23520720415	123.024691863	-15.5702190368	
3.8	0.0	0.0	0.0 	0.0 	119.8 	21.0 	0.0 	0.0 	0.0 	-0.0 	21.0 	0.0 	0.0 	0.0 	2.45743053813	2.23520720415	123.056936635	-15.5954730443	
3.81666666667	0.0	0.0	0.0 	0.0 	120.15 	21.0 	0.0 	0.0 	0.0 	-0.0 	21.0 	0.0 	0.0 	0.0 	2.46787646001	2.23520720415	123.089318472	-15.6208344003	
3.83333333333	0.0	0.0	0.0 	0.0 	120.5 	21.0 	0.0 	0.0 	0.0 	-0.0 	21.0 	0.0 	0.0 	0.0 	2.47828554189	2.23520720415	123.12183689	-15.6463027262	
3.85	0.0	0.0	0.0 	0.0 	120.85 	21.0 	0.0 	0.0 	0.0 	-0.0 	21.0 	0.0 	0.0 	0.0 	2.4886579137	2.23520720415	123.154491407	-15.6718776447	
3.86666666667	0.0	0.0	0.0 	0.0 	121.2 	21.0 	0.0 	0.0 	0.0 	-0.0 	21.0 	0.0 	0.0 	0.0 	2.4989937049	2.23520720415	123.187281543	-15.6975587798	
3.88333333333	0.0	0.0	0.0 	0.0 	121.55 	21.0 	0.0 	0.0 	0.0 	-0.0 	21.0 	0.0 	0.0 	0.0 	2.50929304451	2.23520720415	123.220206821	-15.7233457571	
3.9	0.0	0.0	0.0 	0.0 	121.9 	21.0 	0.0 	0.0 	0.0 	-0.0 	21.0 	0.0 	0.0 	0.0 	2.51955606108	2.23520720415	123.253266763	-15.7492382032	
3.91666666667	0.0	0.0	0.0 	0.0 	122.25 	21.0 	0.0 	0.0 	0.0 	-0.0 	21.0 	0.0 	0.0 	0.0 	2.5297828827	2.23520720415	123.286460895	-15.7752357462	
3.93333333333	0.0	0.0	0.0 	0.0 	122.6 	21.0 	0.0 	0.0 	0.0 	-0.0 	21.0 	0.0 	0.0 	0.0 	2.53997363704	2.23520720415	123.319788743	-15.8013380153	
3.95	0.0	0.0	0.0 	0.0 	122.95 	21.0 	0.0 	0.0 	0.0 	-0.0 	21.0 	0.0 	0.0 	0.0 	2.55012845129	2.23520720415	123.353249836	-15.8275446414	
3.96666666667	0.0	0.0	0.0 	0.0 	123.3 	21.0 	0.0 	0.0 	0.0 	-0.0 	21.0 	0.0 	0.0 	0.0 	2.5602474522	2.23520720415	123.386843703	-15.8538552562	
3.98333333333	0.0	0.0	0.0 	0.0 	123.65 	21.0 	0.0 	0.0 	0.0 	-0.0 	21.0 	0.0 	0.0 	0.0 	2.57033076608	2.23520720415	123.420569878	-15.8802694932	
4.0	0.0	0.0	0.0 	0.0 	124.0 	21.0 	0.0 	0.0 	0.0 	-0.0 	21.0 	0.0 	0.0 	0.0 	2.58037851878	2.23520720415	123.454427892	-15.9067869868	
4.01666666667	0.0	0.0	0.0 	0.0 	124.35 	21.0 	0.0 	0.0 	0.0 	-0.0 	21.0 	0.0 	0.0 	0.0 	2.59039083572	2.23520720415	123.488417281	-15.9334073729	
4.03333333333	0.0	0.0	0.0 	0.0 	124.7 	21.0 	0.0 	0.0 	0.0 	-0.0 	21.0 	0.0 	0.0 	0.0 	2.60036784188	2.23520720415	123.522537581	-15.9601302886	
4.05	0.0	0.0	0.0 	0.0 	125.05 	21.0 	0.0 	0.0 	0.0 	-0.0 	21.0 	0.0 	0.0 	0.0 	2.61030966177	2.23520720415	123.556788332	-15.9869553723	
4.06666666667	0.0	0.0	0.0 	0.0 	125.4 	21.0 	0.0 	0.0 	0.0 	-0.0 	21.0 	0.0 	0.0 	0.0 	2.62021641951	2.23520720415	123.591169073	-16.0138822636	
4.08333333333	0.0	0.0	0.0 	0.0 	125.75 	21.0 	0.0 	0.0 	0.0 	-0.0 	21.0 	0.0 	0.0 	0.0 	2.63008823874	2.23520720415	123.625679345	-16.0409106037	
4.1	0.0	0.0	0.0 	0.0 	126.1 	21.0 	0.0 	0.0 	0.0 	-0.0 	21.0 	0.0 	0.0 	0.0 	2.63992524267	2.23520720415	123.660318691	-16.0680400346	
4.11666666667	0.0	0.0	0.0 	0.0 	126.45 	21.0 	0.0 	0.0 	0.0 	-0.0 	21.0 	0.0 	0.0 	0.0 	2.6497275541	2.23520720415	123.695086657	-16.0952701998	
4.13333333333	0.0	0.0	0.0 	0.0 	126.8 	21.0 	0.0 	0.0 	0.0 	-0.0 	21.0 	0.0 	0.0 	0.0 	2.65949529538	2.23520720415	123.729982789	-16.1226007441	
4.15	0.0	0.0	0.0 	0.0 	127.15 	21.0 	0.0 	0.0 	0.0 	-0.0 	21.0 	0.0 	0.0 	0.0 	2.66922858842	2.23520720415	123.765006635	-16.1500313135	
4.16666666667	0.0	0.0	0.0 	0.0 	127.5 	21.0 	0.0 	0.0 	0.0 	-0.0 	21.0 	0.0 	0.0 	0.0 	2.67892755472	2.23520720415	123.800157744	-16.1775615552	
4.18333333333	0.0	0.0	0.0 	0.0 	127.85 	21.0 	0.0 	0.0 	0.0 	-0.0 	21.0 	0.0 	0.0 	0.0 	2.68859231533	2.23520720415	123.835435668	-16.2051911177	
4.2	0.0	0.0	0.0 	0.0 	128.2 	21.0 	0.0 	0.0 	0.0 	-0.0 	21.0 	0.0 	0.0 	0.0 	2.6982229909	2.23520720415	123.870839959	-16.2329196507	
4.21666666667	0.0	0.0	0.0 	0.0 	128.55 	21.0 	0.0 	0.0 	0.0 	-0.0 	21.0 	0.0 	0.0 	0.0 	2.70781970163	2.23520720415	123.906370171	-16.2607468051	
4.23333333333	0.0	0.0	0.0 	0.0 	128.9 	21.0 	0.0 	0.0 	0.0 	-0.0 	21.0 	0.0 	0.0 	0.0 	2.7173825673	2.23520720415	123.942025862	-16.2886722332	
4.25	0.0	0.0	0.0 	0.0 	129.25 	21.0 	0.0 	0.0 	0.0 	-0.0 	21.0 	0.0 	0.0 	0.0 	2.72691170728	2.23520720415	123.977806587	-16.3166955884	
4.26666666667	0.0	0.0	0.0 	0.0 	129.6 	21.0 	0.0 	0.0 	0.0 	-0.0 	21.0 	0.0 	0.0 	0.0 	2.7364072405	2.23520720415	124.013711906	-16.3448165253	
4.28333333333	0.0	0.0	0.0 	0.0 	129.95 	21.0 	0.0 	0.0 	0.0 	-0.0 	21.0 	0.0 	0.0 	0.0 	2.7458692855	2.23520720415	124.04974138	-16.3730346998	
4.3	0.0	0.0	0.0 	0.0 	130.3 	21.0 	0.0 	0.0 	0.0 	-0.0 	21.0 	0.0 	0.0 	0.0 	2.75529796038	2.23520720415	124.085894571	-16.4013497688	
4.31666666667	0.0	0.0	0.0 	0.0 	130.65 	21.0 	0.0 	0.0 	0.0 	-0.0 	21.0 	0.0 	0.0 	0.0 	2.76469338282	2.23520720415	124.122171043	-16.4297613908	
4.33333333333	0.0	0.0	0.0 	0.0 	131.0 	21.0 	0.0 	0.0 	0.0 	-0.0 	21.0 	0.0 	0.0 	0.0 	2.77405567009	2.23520720415	124.15857036	-16.4582692252	
4.35	0.0	0.0	0.0 	0.0 	131.35 	21.0 	0.0 	0.0 	0.0 	-0.0 	21.0 	0.0 	0.0 	0.0 	2.78338493906	2.23520720415	124.195092089	-16.4868729327	
4.36666666667	0.0	0.0	0.0 	0.0 	131.7 	21.0 	0.0 	0.0 	0.0 	-0.0 	21.0 	0.0 	0.0 	0.0 	2.79268130617	2.23520720415	124.2317358	-16.5155721751	
4.38333333333	0.0	0.0	0.0 	0.0 	132.05 	21.0 	0.0 	0.0 	0.0 	-0.0 	21.0 	0.0 	0.0 	0.0 	2.80194488745	2.23520720415	124.26850106	-16.5443666156	
4.4	0.0	0.0	0.0 	0.0 	132.4 	21.0 	0.0 	0.0 	0.0 	-0.0 	21.0 	0.0 	0.0 	0.0 	2.81117579854	2.23520720415	124.305387443	-16.5732559183	
4.41666666667	0.0	0.0	0.0 	0.0 	132.75 	21.0 	0.0 	0.0 	0.0 	-0.0 	21.0 	0.0 	0.0 	0.0 	2.82037415466	2.23520720415	124.342394521	-16.6022397488	
4.43333333333	0.0	0.0	0.0 	0.0 	133.1 	21.0 	0.0 	0.0 	0.0 	-0.0 	21.0 	0.0 	0.0 	0.0 	2.82954007061	2.23520720415	124.379521867	-16.6313177736	
4.45	0.0	0.0	0.0 	0.0 	133.45 	21.0 	0.0 	0.0 	0.0 	-0.0 	21.0 	0.0 	0.0 	0.0 	2.8386736608	2.23520720415	124.416769059	-16.6604896607	
4.46666666667	0.0	0.0	0.0 	0.0 	133.8 	21.0 	0.0 	0.0 	0.0 	-0.0 	21.0 	0.0 	0.0 	0.0 	2.84777503925	2.23520720415	124.454135672	-16.6897550788	
4.48333333333	0.0	0.0	0.0 	0.0 	134.15 	21.0 	0.0 	0.0 	0.0 	-0.0 	21.0 	0.0 	0.0 	0.0 	2.85684431954	2.23520720415	124.491621287	-16.7191136983	
4.5	0.0	0.0	0.0 	0.0 	134.5 	21.0 	0.0 	0.0 	0.0 	-0.0 	21.0 	0.0 	0.0 	0.0 	2.86588161489	2.23520720415	124.529225483	-16.7485651903	
4.51666666667	0.0	0.0	0.0 	0.0 	134.85 	21.0 	0.0 	0.0 	0.0 	-0.0 	21.0 	0.0 	0.0 	0.0 	2.87488703809	2.23520720415	124.566947843	-16.7781092274	
4.53333333333	0.0	0.0	0.0 	0.0 	135.2 	21.0 	0.0 	0.0 	0.0 	-0.0 	21.0 	0.0 	0.0 	0.0 	2.88386070155	2.23520720415	124.604787949	-16.8077454831	
4.55	0.0	0.0	0.0 	0.0 	135.55 	21.0 	0.0 	0.0 	0.0 	-0.0 	21.0 	0.0 	0.0 	0.0 	2.89280271728	2.23520720415	124.642745386	-16.8374736323	
4.56666666667	0.0	0.0	0.0 	0.0 	135.9 	21.0 	0.0 	0.0 	0.0 	-0.0 	21.0 	0.0 	0.0 	0.0 	2.90171319689	2.23520720415	124.68081974	-16.8672933508	
4.58333333333	0.0	0.0	0.0 	0.0 	136.25 	21.0 	0.0 	0.0 	0.0 	-0.0 	21.0 	0.0 	0.0 	0.0 	2.9105922516	2.23520720415	124.7190106	-16.8972043157	
4.6	0.0	0.0	0.0 	0.0 	136.6 	21.0 	0.0 	0.0 	0.0 	-0.0 	21.0 	0.0 	0.0 	0.0 	2.91943999223	2.23520720415	124.757317553	-16.9272062053	
4.61666666667	0.0	0.0	0.0 	0.0 	136.95 	21.0 	0.0 	0.0 	0.0 	-0.0 	21.0 	0.0 	0.0 	0.0 	2.92825652923	2.23520720415	124.795740192	-16.9572986987	
4.63333333333	0.0	0.0	0.0 	0.0 	137.3 	21.0 	0.0 	0.0 	0.0 	-0.0 	21.0 	0.0 	0.0 	0.0 	2.93704197265	2.23520720415	124.834278107	-16.9874814766	
4.65	0.0	0.0	0.0 	0.0 	137.65 	21.0 	0.0 	0.0 	0.0 	-0.0 	21.0 	0.0 	0.0 	0.0 	2.94579643213	2.23520720415	124.872930892	-17.0177542205	
4.66666666667	0.0	0.0	0.0 	0.0 	138.0 	21.0 	0.0 	0.0 	0.0 	-0.0 	21.0 	0.0 	0.0 	0.0 	2.95452001695	2.23520720415	124.911698143	-17.0481166131	
4.68333333333	0.0	0.0	0.0 	0.0 	138.35 	21.0 	0.0 	0.0 	0.0 	-0.0 	21.0 	0.0 	0.0 	0.0 	2.96321283601	2.23520720415	124.950579454	-17.0785683382	
4.7	0.0	0.0	0.0 	0.0 	138.7 	21.0 	0.0 	0.0 	0.0 	-0.0 	21.0 	0.0 	0.0 	0.0 	2.97187499779	2.23520720415	124.989574425	-17.1091090809	
4.71666666667	0.0	0.0	0.0 	0.0 	139.05 	21.0 	0.0 	0.0 	0.0 	-0.0 	21.0 	0.0 	0.0 	0.0 	2.98050661043	2.23520720415	125.028682655	-17.1397385271	
4.73333333333	0.0	0.0	0.0 	0.0 	139.4 	21.0 	0.0 	0.0 	0.0 	-0.0 	21.0 	0.0 	0.0 	0.0 	2.98910778165	2.23520720415	125.067903743	-17.1704563639	
4.75	0.0	0.0	0.0 	0.0 	139.75 	21.0 	0.0 	0.0 	0.0 	-0.0 	21.0 	0.0 	0.0 	0.0 	2.99767861883	2.23520720415	125.107237292	-17.2012622798	
4.76666666667	0.0	0.0	0.0 	0.0 	140.1 	21.0 	0.0 	0.0 	0.0 	-0.0 	21.0 	0.0 	0.0 	0.0 	3.00621922893	2.23520720415	125.146682905	-17.232155964	
4.78333333333	0.0	0.0	0.0 	0.0 	140.45 	21.0 	0.0 	0.0 	0.0 	-0.0 	21.0 	0.0 	0.0 	0.0 	3.01472971857	2.23520720415	125.186240187	-17.2631371071	
4.8	0.0	0.0	0.0 	0.0 	140.8 	21.0 	0.0 	0.0 	0.0 	-0.0 	21.0 	0.0 	0.0 	0.0 	3.02321019396	2.23520720415	125.225908745	-17.2942054005	
4.81666666667	0.0	0.0	0.0 	0.0 	141.15 	21.0 	0.0 	0.0 	0.0 	-0.0 	21.0 	0.0 	0.0 	0.0 	3.03166076097	2.23520720415	125.265688185	-17.3253605369	
4.83333333333	0.0	0.0	0.0 	0.0 	141.5 	21.0 	0.0 	0.0 	0.0 	-0.0 	21.0 	0.0 	0.0 	0.0 	3.04008152507	2.23520720415	125.305578116	-17.3566022101	
4.85	0.0	0.0	0.0 	0.0 	141.85 	21.0 	0.0 	0.0 	0.0 	-0.0 	21.0 	0.0 	0.0 	0.0 	3.04847259136	2.23520720415	125.34557815	-17.3879301149	
4.86666666667	0.0	0.0	0.0 	0.0 	142.2 	21.0 	0.0 	0.0 	0.0 	-0.0 	21.0 	0.0 	0.0 	0.0 	3.05683406459	2.23520720415	125.385687898	-17.419343947	
4.88333333333	0.0	0.0	0.0 	0.0 	142.55 	21.0 	0.0 	0.0 	0.0 	-0.0 	21.0 	0.0 	0.0 	0.0 	3.06516604911	2.23520720415	125.425906972	-17.4508434036	
4.9	0.0	0.0	0.0 	0.0 	142.9 	21.0 	0.0 	0.0 	0.0 	-0.0 	21.0 	0.0 	0.0 	0.0 	3.07346864894	2.23520720415	125.466234987	-17.4824281826	
4.91666666667	0.0	0.0	0.0 	0.0 	143.25 	21.0 	0.0 	0.0 	0.0 	-0.0 	21.0 	0.0 	0.0 	0.0 	3.0817419677	2.23520720415	125.50667156	-17.5140979831	
4.93333333333	0.0	0.0	0.0 	0.0 	143.6 	21.0 	0.0 	0.0 	0.0 	-0.0 	21.0 	0.0 	0.0 	0.0 	3.08998610865	2.23520720415	125.547216306	-17.5458525052	
4.95	0.0	0.0	0.0 	0.0 	143.95 	21.0 	0.0 	0.0 	0.0 	-0.0 	21.0 	0.0 	0.0 	0.0 	3.09820117471	2.23520720415	125.587868846	-17.5776914503	
4.96666666667	0.0	0.0	0.0 	0.0 	144.3 	21.0 	0.0 	0.0 	0.0 	-0.0 	21.0 	0.0 	0.0 	0.0 	3.10638726841	2.23520720415	125.628628797	-17.6096145204	
4.98333333333	0.0	0.0	0.0 	0.0 	144.65 	21.0 	0.0 	0.0 	0.0 	-0.0 	21.0 	0.0 	0.0 	0.0 	3.11454449192	2.23520720415	125.669495783	-17.641621419	
5.0	0.0	0.0	0.0 	0.0 	145.0 	21.0 	0.0 	0.0 	0.0 	-0.0 	21.0 	0.0 	0.0 	0.0 	3.12267294707	2.23520720415	125.710469424	-17.6737118504	
5.01666666667	0.0	0.0	0.0 	0.0 	145.35 	21.0 	0.0 	0.0 	0.0 	-0.0 	21.0 	0.0 	0.0 	0.0 	3.13077273531	2.23520720415	125.751549346	-17.7058855201	
5.03333333333	0.0	0.0	0.0 	0.0 	145.7 	21.0 	0.0 	0.0 	0.0 	-0.0 	21.0 	0.0 	0.0 	0.0 	3.13884395774	2.23520720415	125.792735173	-17.7381421343	
5.05	0.0	0.0	0.0 	0.0 	146.05 	21.0 	0.0 	0.0 	0.0 	-0.0 	21.0 	0.0 	0.0 	0.0 	3.14688671512	2.23520720415	125.834026531	-17.7704814007	
5.06666666667	0.0	0.0	0.0 	0.0 	146.4 	21.0 	0.0 	0.0 	0.0 	-0.0 	21.0 	0.0 	0.0 	0.0 	3.15490110782	2.23520720415	125.87542305	-17.8029030277	
5.08333333333	0.0	0.0	0.0 	0.0 	146.75 	21.0 	0.0 	0.0 	0.0 	-0.0 	21.0 	0.0 	0.0 	0.0 	3.16288723588	2.23520720415	125.916924356	-17.8354067249	
5.1	0.0	0.0	0.0 	0.0 	147.1 	21.0 	0.0 	0.0 	0.0 	-0.0 	21.0 	0.0 	0.0 	0.0 	3.17084519898	2.23520720415	125.958530082	-17.8679922029	
5.11666666667	0.0	0.0	0.0 	0.0 	147.45 	21.0 	0.0 	0.0 	0.0 	-0.0 	21.0 	0.0 	0.0 	0.0 	3.17877509646	2.23520720415	126.000239859	-17.9006591731	
5.13333333333	0.0	0.0	0.0 	0.0 	147.8 	21.0 	0.0 	0.0 	0.0 	-0.0 	21.0 	0.0 	0.0 	0.0 	3.18667702729	2.23520720415	126.04205332	-17.9334073482	
5.15	0.0	0.0	0.0 	0.0 	148.15 	21.0 	0.0 	0.0 	0.0 	-0.0 	21.0 	0.0 	0.0 	0.0 	3.19455109011	2.23520720415	126.083970098	-17.9662364419	
5.16666666667	0.0	0.0	0.0 	0.0 	148.5 	21.0 	0.0 	0.0 	0.0 	-0.0 	21.0 	0.0 	0.0 	0.0 	3.20239738319	2.23520720415	126.125989831	-17.9991461687	
5.18333333333	0.0	0.0	0.0 	0.0 	148.85 	21.0 	0.0 	0.0 	0.0 	-0.0 	21.0 	0.0 	0.0 	0.0 	3.21021600448	2.23520720415	126.168112155	-18.0321362443	
5.2	0.0	0.0	0.0 	0.0 	149.2 	21.0 	0.0 	0.0 	0.0 	-0.0 	21.0 	0.0 	0.0 	0.0 	3.21800705156	2.23520720415	126.210336707	-18.0652063852	
5.21666666667	0.0	0.0	0.0 	0.0 	149.55 	21.0 	0.0 	0.0 	0.0 	-0.0 	21.0 	0.0 	0.0 	0.0 	3.22577062169	2.23520720415	126.252663128	-18.0983563092	
5.23333333333	0.0	0.0	0.0 	0.0 	149.9 	21.0 	0.0 	0.0 	0.0 	-0.0 	21.0 	0.0 	0.0 	0.0 	3.23350681176	2.23520720415	126.295091058	-18.1315857349	
5.25	0.0	0.0	0.0 	0.0 	150.25 	21.0 	0.0 	0.0 	0.0 	-0.0 	21.0 	0.0 	0.0 	0.0 	3.24121571834	2.23520720415	126.337620139	-18.1648943818	
5.26666666667	0.0	0.0	0.0 	0.0 	150.6 	21.0 	0.0 	0.0 	0.0 	-0.0 	21.0 	0.0 	0.0 	0.0 	3.24889743765	2.23520720415	126.380250015	-18.1982819707	
5.28333333333	0.0	0.0	0.0 	0.0 	150.95 	21.0 	0.0 	0.0 	0.0 	-0.0 	21.0 	0.0 	0.0 	0.0 	3.25655206557	2.23520720415	126.422980329	-18.231748223	
5.3	0.0	0.0	0.0 	0.0 	151.3 	21.0 	0.0 	0.0 	0.0 	-0.0 	21.0 	0.0 	0.0 	0.0 	3.26417969765	2.23520720415	126.465810728	-18.2652928613	
5.31666666667	0.0	0.0	0.0 	0.0 	151.65 	21.0 	0.0 	0.0 	0.0 	-0.0 	21.0 	0.0 	0.0 	0.0 	3.27178042909	2.23520720415	126.508740859	-18.2989156093	
5.33333333333	0.0	0.0	0.0 	0.0 	152.0 	21.0 	0.0 	0.0 	0.0 	-0.0 	21.0 	0.0 	0.0 	0.0 	3.27935435477	2.23520720415	126.55177037	-18.3326161914	
5.35	0.0	0.0	0.0 	0.0 	152.35 	21.0 	0.0 	0.0 	0.0 	-0.0 	21.0 	0.0 	0.0 	0.0 	3.28690156922	2.23520720415	126.594898911	-18.3663943331	
5.36666666667	0.0	0.0	0.0 	0.0 	152.7 	21.0 	0.0 	0.0 	0.0 	-0.0 	21.0 	0.0 	0.0 	0.0 	3.29442216664	2.23520720415	126.638126132	-18.4002497609	
5.38333333333	0.0	0.0	0.0 	0.0 	153.05 	21.0 	0.0 	0.0 	0.0 	-0.0 	21.0 	0.0 	0.0 	0.0 	3.30191624091	2.23520720415	126.681451685	-18.4341822023	
5.4	0.0	0.0	0.0 	0.0 	153.4 	21.0 	0.0 	0.0 	0.0 	-0.0 	21.0 	0.0 	0.0 	0.0 	3.30938388557	2.23520720415	126.724875223	-18.4681913856	
5.41666666667	0.0	0.0	0.0 	0.0 	153.75 	21.0 	0.0 	0.0 	0.0 	-0.0 	21.0 	0.0 	0.0 	0.0 	3.31682519382	2.23520720415	126.768396402	-18.5022770401	
5.43333333333	0.0	0.0	0.0 	0.0 	154.1 	21.0 	0.0 	0.0 	0.0 	-0.0 	21.0 	0.0 	0.0 	0.0 	3.32424025855	2.23520720415	126.812014876	-18.5364388963	
5.45	0.0	0.0	0.0 	0.0 	154.45 	21.0 	0.0 	0.0 	0.0 	-0.0 	21.0 	0.0 	0.0 	0.0 	3.33162917232	2.23520720415	126.855730302	-18.5706766853	
5.46666666667	0.0	0.0	0.0 	0.0 	154.8 	21.0 	0.0 	0.0 	0.0 	-0.0 	21.0 	0.0 	0.0 	0.0 	3.33899202734	2.23520720415	126.899542339	-18.6049901393	
5.48333333333	0.0	0.0	0.0 	0.0 	155.15 	21.0 	0.0 	0.0 	0.0 	-0.0 	21.0 	0.0 	0.0 	0.0 	3.34632891552	2.23520720415	126.943450646	-18.6393789915	
5.5	0.0	0.0	0.0 	0.0 	155.5 	21.0 	0.0 	0.0 	0.0 	-0.0 	21.0 	0.0 	0.0 	0.0 	3.35363992845	2.23520720415	126.987454883	-18.6738429761	
5.51666666667	0.0	0.0	0.0 	0.0 	155.85 	21.0 	0.0 	0.0 	0.0 	-0.0 	21.0 	0.0 	0.0 	0.0 	3.36092515737	2.23520720415	127.031554712	-18.7083818279	
5.53333333333	0.0	0.0	0.0 	0.0 	156.2 	21.0 	0.0 	0.0 	0.0 	-0.0 	21.0 	0.0 	0.0 	0.0 	3.36818469322	2.23520720415	127.075749796	-18.742995283	
5.55	0.0	0.0	0.0 	0.0 	156.55 	21.0 	0.0 	0.0 	0.0 	-0.0 	21.0 	0.0 	0.0 	0.0 	3.37541862661	2.23520720415	127.120039798	-18.7776830783	
5.56666666667	0.0	0.0	0.0 	0.0 	156.9 	21.0 	0.0 	0.0 	0.0 	-0.0 	21.0 	0.0 	0.0 	0.0 	3.38262704784	2.23520720415	127.164424385	-18.8124449516	
5.58333333333	0.0	0.0	0.0 	0.0 	157.25 	21.0 	0.0 	0.0 	0.0 	-0.0 	21.0 	0.0 	0.0 	0.0 	3.38981004687	2.23520720415	127.208903222	-18.8472806416	
5.6	0.0	0.0	0.0 	0.0 	157.6 	21.0 	0.0 	0.0 	0.0 	-0.0 	21.0 	0.0 	0.0 	0.0 	3.39696771338	2.23520720415	127.253475978	-18.882189888	
5.61666666667	0.0	0.0	0.0 	0.0 	157.95 	21.0 	0.0 	0.0 	0.0 	-0.0 	21.0 	0.0 	0.0 	0.0 	3.40410013668	2.23520720415	127.29814232	-18.9171724314	
5.63333333333	0.0	0.0	0.0 	0.0 	158.3 	21.0 	0.0 	0.0 	0.0 	-0.0 	21.0 	0.0 	0.0 	0.0 	3.41120740583	2.23520720415	127.342901919	-18.9522280133	
5.65	0.0	0.0	0.0 	0.0 	158.65 	21.0 	0.0 	0.0 	0.0 	-0.0 	21.0 	0.0 	0.0 	0.0 	3.41828960952	2.23520720415	127.387754447	-18.9873563762	
5.66666666667	0.0	0.0	0.0 	0.0 	159.0 	21.0 	0.0 	0.0 	0.0 	-0.0 	21.0 	0.0 	0.0 	0.0 	3.42534683615	2.23520720415	127.432699574	-19.0225572632	
5.68333333333	0.0	0.0	0.0 	0.0 	159.35 	21.0 	0.0 	0.0 	0.0 	-0.0 	21.0 	0.0 	0.0 	0.0 	3.43237917381	2.23520720415	127.477736975	-19.0578304187	
5.7	0.0	0.0	0.0 	0.0 	159.7 	21.0 	0.0 	0.0 	0.0 	-0.0 	21.0 	0.0 	0.0 	0.0 	3.43938671029	2.23520720415	127.522866325	-19.0931755878	
5.71666666667	0.0	0.0	0.0 	0.0 	160.05 	21.0 	0.0 	0.0 	0.0 	-0.0 	21.0 	0.0 	0.0 	0.0 	3.44636953304	2.23520720415	127.568087298	-19.1285925165	
5.73333333333	0.0	0.0	0.0 	0.0 	160.4 	21.0 	0.0 	0.0 	0.0 	-0.0 	21.0 	0.0 	0.0 	0.0 	3.45332772923	2.23520720415	127.613399572	-19.1640809517	
5.75	0.0	0.0	0.0 	0.0 	160.75 	21.0 	0.0 	0.0 	0.0 	-0.0 	21.0 	0.0 	0.0 	0.0 	3.4602613857	2.23520720415	127.658802825	-19.1996406413	
5.76666666667	0.0	0.0	0.0 	0.0 	161.1 	21.0 	0.0 	0.0 	0.0 	-0.0 	21.0 	0.0 	0.0 	0.0 	3.467170589	2.23520720415	127.704296736	-19.235271334	
5.78333333333	0.0	0.0	0.0 	0.0 	161.45 	21.0 	0.0 	0.0 	0.0 	-0.0 	21.0 	0.0 	0.0 	0.0 	3.47405542538	2.23520720415	127.749880985	-19.2709727792	
5.8	0.0	0.0	0.0 	0.0 	161.8 	21.0 	0.0 	0.0 	0.0 	-0.0 	21.0 	0.0 	0.0 	0.0 	3.48091598076	2.23520720415	127.795555254	-19.3067447276	
5.81666666667	0.0	0.0	0.0 	0.0 	162.15 	21.0 	0.0 	0.0 	0.0 	-0.0 	21.0 	0.0 	0.0 	0.0 	3.48775234078	2.23520720415	127.841319225	-19.3425869305	
5.83333333333	0.0	0.0	0.0 	0.0 	162.5 	21.0 	0.0 	0.0 	0.0 	-0.0 	21.0 	0.0 	0.0 	0.0 	3.49456459078	2.23520720415	127.887172582	-19.3784991401	
5.85	0.0	0.0	0.0 	0.0 	162.85 	21.0 	0.0 	0.0 	0.0 	-0.0 	21.0 	0.0 	0.0 	0.0 	3.50135281577	2.23520720415	127.933115009	-19.4144811095	
5.86666666667	0.0	0.0	0.0 	0.0 	163.2 	21.0 	0.0 	0.0 	0.0 	-0.0 	21.0 	0.0 	0.0 	0.0 	3.50811710049	2.23520720415	127.979146193	-19.4505325926	
5.88333333333	0.0	0.0	0.0 	0.0 	163.55 	21.0 	0.0 	0.0 	0.0 	-0.0 	21.0 	0.0 	0.0 	0.0 	3.51485752937	2.23520720415	128.025265821	-19.4866533444	
5.9	0.0	0.0	0.0 	0.0 	163.9 	21.0 	0.0 	0.0 	0.0 	-0.0 	21.0 	0.0 	0.0 	0.0 	3.52157418655	2.23520720415	128.07147358	-19.5228431206	
5.91666666667	0.0	0.0	0.0 	0.0 	164.25 	21.0 	0.0 	0.0 	0.0 	-0.0 	21.0 	0.0 	0.0 	0.0 	3.52826715586	2.23520720415	128.117769159	-19.5591016776	
5.93333333333	0.0	0.0	0.0 	0.0 	164.6 	21.0 	0.0 	0.0 	0.0 	-0.0 	21.0 	0.0 	0.0 	0.0 	3.53493652084	2.23520720415	128.16415225	-19.595428773	
5.95	0.0	0.0	0.0 	0.0 	164.95 	21.0 	0.0 	0.0 	0.0 	-0.0 	21.0 	0.0 	0.0 	0.0 	3.54158236474	2.23520720415	128.210622543	-19.631824165	
5.96666666667	0.0	0.0	0.0 	0.0 	165.3 	21.0 	0.0 	0.0 	0.0 	-0.0 	21.0 	0.0 	0.0 	0.0 	3.5482047705	2.23520720415	128.25717973	-19.6682876127	
5.98333333333	0.0	0.0	0.0 	0.0 	165.65 	21.0 	0.0 	0.0 	0.0 	-0.0 	21.0 	0.0 	0.0 	0.0 	3.5548038208	2.23520720415	128.303823506	-19.7048188762	
6.0	0.0	0.0	0.0 	0.0 	166.0 	21.0 	0.0 	0.0 	0.0 	-0.0 	21.0 	0.0 	0.0 	0.0 	3.561379598	2.23520720415	128.350553565	-19.7414177163	
6.01666666667	0.0	0.0	0.0 	0.0 	166.35 	21.0 	0.0 	0.0 	0.0 	-0.0 	21.0 	0.0 	0.0 	0.0 	3.56793218417	2.23520720415	128.397369603	-19.7780838945	
6.03333333333	0.0	0.0	0.0 	0.0 	166.7 	21.0 	0.0 	0.0 	0.0 	-0.0 	21.0 	0.0 	0.0 	0.0 	3.57446166111	2.23520720415	128.444271316	-19.8148171736	
6.05	0.0	0.0	0.0 	0.0 	167.05 	21.0 	0.0 	0.0 	0.0 	-0.0 	21.0 	0.0 	0.0 	0.0 	3.58096811031	2.23520720415	128.491258403	-19.8516173168	
6.06666666667	0.0	0.0	0.0 	0.0 	167.4 	21.0 	0.0 	0.0 	0.0 	-0.0 	21.0 	0.0 	0.0 	0.0 	3.587451613	2.23520720415	128.538330561	-19.8884840883	
6.08333333333	0.0	0.0	0.0 	0.0 	167.75 	21.0 	0.0 	0.0 	0.0 	-0.0 	21.0 	0.0 	0.0 	0.0 	3.59391225008	2.23520720415	128.585487492	-19.925417253	
6.1	0.0	0.0	0.0 	0.0 	168.1 	21.0 	0.0 	0.0 	0.0 	-0.0 	21.0 	0.0 	0.0 	0.0 	3.60035010222	2.23520720415	128.632728897	-19.962416577	
6.11666666667	0.0	0.0	0.0 	0.0 	168.45 	21.0 	0.0 	0.0 	0.0 	-0.0 	21.0 	0.0 	0.0 	0.0 	3.60676524975	2.23520720415	128.680054476	-19.9994818268	
6.13333333333	0.0	0.0	0.0 	0.0 	168.8 	21.0 	0.0 	0.0 	0.0 	-0.0 	21.0 	0.0 	0.0 	0.0 	3.61315777276	2.23520720415	128.727463934	-20.03661277	
6.15	0.0	0.0	0.0 	0.0 	169.15 	21.0 	0.0 	0.0 	0.0 	-0.0 	21.0 	0.0 	0.0 	0.0 	3.61952775104	2.23520720415	128.774956974	-20.0738091748	
6.16666666667	0.0	0.0	0.0 	0.0 	169.5 	21.0 	0.0 	0.0 	0.0 	-0.0 	21.0 	0.0 	0.0 	0.0 	3.62587526409	2.23520720415	128.822533303	-20.1110708104	
6.18333333333	0.0	0.0	0.0 	0.0 	169.85 	21.0 	0.0 	0.0 	0.0 	-0.0 	21.0 	0.0 	0.0 	0.0 	3.63220039114	2.23520720415	128.870192625	-20.1483974467	
6.2	0.0	0.0	0.0 	0.0 	170.2 	21.0 	0.0 	0.0 	0.0 	-0.0 	21.0 	0.0 	0.0 	0.0 	3.63850321115	2.23520720415	128.917934649	-20.1857888546	
6.21666666667	0.0	0.0	0.0 	0.0 	170.55 	21.0 	0.0 	0.0 	0.0 	-0.0 	21.0 	0.0 	0.0 	0.0 	3.64478380278	2.23520720415	128.965759083	-20.2232448055	
6.23333333333	0.0	0.0	0.0 	0.0 	170.9 	21.0 	0.0 	0.0 	0.0 	-0.0 	21.0 	0.0 	0.0 	0.0 	3.65104224443	2.23520720415	129.013665636	-20.2607650719	
6.25	0.0	0.0	0.0 	0.0 	171.25 	21.0 	0.0 	0.0 	0.0 	-0.0 	21.0 	0.0 	0.0 	0.0 	3.65727861422	2.23520720415	129.061654018	-20.2983494269	
6.26666666667	0.0	0.0	0.0 	0.0 	171.6 	21.0 	0.0 	0.0 	0.0 	-0.0 	21.0 	0.0 	0.0 	0.0 	3.66349298998	2.23520720415	129.109723941	-20.3359976444	
6.28333333333	0.0	0.0	0.0 	0.0 	171.95 	21.0 	0.0 	0.0 	0.0 	-0.0 	21.0 	0.0 	0.0 	0.0 	3.66968544929	2.23520720415	129.157875118	-20.3737094994	
6.3	0.0	0.0	0.0 	0.0 	172.3 	21.0 	0.0 	0.0 	0.0 	-0.0 	21.0 	0.0 	0.0 	0.0 	3.67585606944	2.23520720415	129.206107261	-20.4114847672	
6.31666666667	0.0	0.0	0.0 	0.0 	172.65 	21.0 	0.0 	0.0 	0.0 	-0.0 	21.0 	0.0 	0.0 	0.0 	3.68200492744	2.23520720415	129.254420085	-20.4493232244	
6.33333333333	0.0	0.0	0.0 	0.0 	173.0 	21.0 	0.0 	0.0 	0.0 	-0.0 	21.0 	0.0 	0.0 	0.0 	3.68813210005	2.23520720415	129.302813307	-20.487224648	
6.35	0.0	0.0	0.0 	0.0 	173.35 	21.0 	0.0 	0.0 	0.0 	-0.0 	21.0 	0.0 	0.0 	0.0 	3.69423766375	2.23520720415	129.351286641	-20.525188816	
6.36666666667	0.0	0.0	0.0 	0.0 	173.7 	21.0 	0.0 	0.0 	0.0 	-0.0 	21.0 	0.0 	0.0 	0.0 	3.70032169474	2.23520720415	129.399839806	-20.5632155071	
6.38333333333	0.0	0.0	0.0 	0.0 	174.05 	21.0 	0.0 	0.0 	0.0 	-0.0 	21.0 	0.0 	0.0 	0.0 	3.70638426897	2.23520720415	129.44847252	-20.6013045008	
6.4	0.0	0.0	0.0 	0.0 	174.4 	21.0 	0.0 	0.0 	0.0 	-0.0 	21.0 	0.0 	0.0 	0.0 	3.7124254621	2.23520720415	129.497184503	-20.6394555774	
6.41666666667	0.0	0.0	0.0 	0.0 	174.75 	21.0 	0.0 	0.0 	0.0 	-0.0 	21.0 	0.0 	0.0 	0.0 	3.71844534955	2.23520720415	129.545975474	-20.6776685179	
6.43333333333	0.0	0.0	0.0 	0.0 	175.1 	21.0 	0.0 	0.0 	0.0 	-0.0 	21.0 	0.0 	0.0 	0.0 	3.72444400645	2.23520720415	129.594845156	-20.7159431041	
6.45	0.0	0.0	0.0 	0.0 	175.45 	21.0 	0.0 	0.0 	0.0 	-0.0 	21.0 	0.0 	0.0 	0.0 	3.73042150768	2.23520720415	129.643793271	-20.7542791186	
6.46666666667	0.0	0.0	0.0 	0.0 	175.8 	21.0 	0.0 	0.0 	0.0 	-0.0 	21.0 	0.0 	0.0 	0.0 	3.73637792785	2.23520720415	129.692819542	-20.7926763449	
6.48333333333	0.0	0.0	0.0 	0.0 	176.15 	21.0 	0.0 	0.0 	0.0 	-0.0 	21.0 	0.0 	0.0 	0.0 	3.7423133413	2.23520720415	129.741923694	-20.8311345669	
6.5	0.0	0.0	0.0 	0.0 	176.5 	21.0 	0.0 	0.0 	0.0 	-0.0 	21.0 	0.0 	0.0 	0.0 	3.74822782212	2.23520720415	129.791105451	-20.8696535697	
6.51666666667	0.0	0.0	0.0 	0.0 	176.85 	21.0 	0.0 	0.0 	0.0 	-0.0 	21.0 	0.0 	0.0 	0.0 	3.75412144414	2.23520720415	129.840364541	-20.9082331388	
6.53333333333	0.0	0.0	0.0 	0.0 	177.2 	21.0 	0.0 	0.0 	0.0 	-0.0 	21.0 	0.0 	0.0 	0.0 	3.75999428091	2.23520720415	129.88970069	-20.9468730606	
6.55	0.0	0.0	0.0 	0.0 	177.55 	21.0 	0.0 	0.0 	0.0 	-0.0 	21.0 	0.0 	0.0 	0.0 	3.76584640574	2.23520720415	129.939113626	-20.9855731223	
6.56666666667	0.0	0.0	0.0 	0.0 	177.9 	21.0 	0.0 	0.0 	0.0 	-0.0 	21.0 	0.0 	0.0 	0.0 	3.77167789168	2.23520720415	129.98860308	-21.0243331118	
6.58333333333	0.0	0.0	0.0 	0.0 	178.25 	21.0 	0.0 	0.0 	0.0 	-0.0 	21.0 	0.0 	0.0 	0.0 	3.77748881152	2.23520720415	130.038168781	-21.0631528178	
6.6	0.0	0.0	0.0 	0.0 	178.6 	21.0 	0.0 	0.0 	0.0 	-0.0 	21.0 	0.0 	0.0 	0.0 	3.78327923778	2.23520720415	130.08781046	-21.1020320296	
6.61666666667	0.0	0.0	0.0 	0.0 	178.95 	21.0 	0.0 	0.0 	0.0 	-0.0 	21.0 	0.0 	0.0 	0.0 	3.78904924275	2.23520720415	130.137527849	-21.1409705374	
6.63333333333	0.0	0.0	0.0 	0.0 	179.3 	21.0 	0.0 	0.0 	0.0 	-0.0 	21.0 	0.0 	0.0 	0.0 	3.79479889843	2.23520720415	130.187320681	-21.179968132	
6.65	0.0	0.0	0.0 	0.0 	179.65 	21.0 	0.0 	0.0 	0.0 	-0.0 	21.0 	0.0 	0.0 	0.0 	3.8005282766	2.23520720415	130.23718869	-21.2190246051	
6.66666666667	0.0	0.0	0.0 	0.0 	180.0 	21.0 	0.0 	0.0 	0.0 	-0.0 	21.0 	0.0 	0.0 	0.0 	3.80623744878	2.23520720415	130.287131611	-21.2581397491	
6.68333333333	0.0	0.0	0.0 	0.0 	180.35 	21.0 	0.0 	0.0 	0.0 	-0.0 	21.0 	0.0 	0.0 	0.0 	3.81192648622	2.23520720415	130.33714918	-21.2973133569	
6.7	0.0	0.0	0.0 	0.0 	180.7 	21.0 	0.0 	0.0 	0.0 	-0.0 	21.0 	0.0 	0.0 	0.0 	3.81759545993	2.23520720415	130.387241134	-21.3365452225	
6.71666666667	0.0	0.0	0.0 	0.0 	181.05 	21.0 	0.0 	0.0 	0.0 	-0.0 	21.0 	0.0 	0.0 	0.0 	3.82324444068	2.23520720415	130.437407209	-21.3758351403	
6.73333333333	0.0	0.0	0.0 	0.0 	181.4 	21.0 	0.0 	0.0 	0.0 	-0.0 	21.0 	0.0 	0.0 	0.0 	3.82887349896	2.23520720415	130.487647146	-21.4151829056	
6.75	0.0	0.0	0.0 	0.0 	181.75 	21.0 	0.0 	0.0 	0.0 	-0.0 	21.0 	0.0 	0.0 	0.0 	3.83448270505	2.23520720415	130.537960683	-21.4545883145	
6.76666666667	0.0	0.0	0.0 	0.0 	182.1 	21.0 	0.0 	0.0 	0.0 	-0.0 	21.0 	0.0 	0.0 	0.0 	3.84007212896	2.23520720415	130.58834756	-21.4940511636	
6.78333333333	0.0	0.0	0.0 	0.0 	182.45 	21.0 	0.0 	0.0 	0.0 	-0.0 	21.0 	0.0 	0.0 	0.0 	3.84564184045	2.23520720415	130.63880752	-21.5335712503	
6.8	0.0	0.0	0.0 	0.0 	182.8 	21.0 	0.0 	0.0 	0.0 	-0.0 	21.0 	0.0 	0.0 	0.0 	3.85119190904	2.23520720415	130.689340303	-21.5731483729	
6.81666666667	0.0	0.0	0.0 	0.0 	183.15 	21.0 	0.0 	0.0 	0.0 	-0.0 	21.0 	0.0 	0.0 	0.0 	3.85672240402	2.23520720415	130.739945655	-21.61278233	
6.83333333333	0.0	0.0	0.0 	0.0 	183.5 	21.0 	0.0 	0.0 	0.0 	-0.0 	21.0 	0.0 	0.0 	0.0 	3.8622333944	2.23520720415	130.790623317	-21.6524729214	
6.85	0.0	0.0	0.0 	0.0 	183.85 	21.0 	0.0 	0.0 	0.0 	-0.0 	21.0 	0.0 	0.0 	0.0 	3.86772494898	2.23520720415	130.841373037	-21.6922199472	
6.86666666667	0.0	0.0	0.0 	0.0 	184.2 	21.0 	0.0 	0.0 	0.0 	-0.0 	21.0 	0.0 	0.0 	0.0 	3.87319713631	2.23520720415	130.892194559	-21.7320232084	
6.88333333333	0.0	0.0	0.0 	0.0 	184.55 	21.0 	0.0 	0.0 	0.0 	-0.0 	21.0 	0.0 	0.0 	0.0 	3.87865002468	2.23520720415	130.94308763	-21.7718825067	
6.9	0.0	0.0	0.0 	0.0 	184.9 	21.0 	0.0 	0.0 	0.0 	-0.0 	21.0 	0.0 	0.0 	0.0 	3.88408368216	2.23520720415	130.994051997	-21.8117976445	
6.91666666667	0.0	0.0	0.0 	0.0 	185.25 	21.0 	0.0 	0.0 	0.0 	-0.0 	21.0 	0.0 	0.0 	0.0 	3.88949817657	2.23520720415	131.045087411	-21.8517684249	
6.93333333333	0.0	0.0	0.0 	0.0 	185.6 	21.0 	0.0 	0.0 	0.0 	-0.0 	21.0 	0.0 	0.0 	0.0 	3.89489357549	2.23520720415	131.096193619	-21.8917946515	
6.95	0.0	0.0	0.0 	0.0 	185.95 	21.0 	0.0 	0.0 	0.0 	-0.0 	21.0 	0.0 	0.0 	0.0 	3.90026994627	2.23520720415	131.147370372	-21.9318761289	
6.96666666667	0.0	0.0	0.0 	0.0 	186.3 	21.0 	0.0 	0.0 	0.0 	-0.0 	21.0 	0.0 	0.0 	0.0 	3.90562735601	2.23520720415	131.198617422	-21.9720126623	
6.98333333333	0.0	0.0	0.0 	0.0 	186.65 	21.0 	0.0 	0.0 	0.0 	-0.0 	21.0 	0.0 	0.0 	0.0 	3.9109658716	2.23520720415	131.24993452	-22.0122040573	
7.0	0.0	0.0	0.0 	0.0 	187.0 	21.0 	0.0 	0.0 	0.0 	-0.0 	21.0 	0.0 	0.0 	0.0 	3.91628555965	2.23520720415	131.301321419	-22.0524501206	
7.01666666667	0.0	0.0	0.0 	0.0 	187.35 	21.0 	0.0 	0.0 	0.0 	-0.0 	21.0 	0.0 	0.0 	0.0 	3.92158648657	2.23520720415	131.352777874	-22.0927506594	
7.03333333333	0.0	0.0	0.0 	0.0 	187.7 	21.0 	0.0 	0.0 	0.0 	-0.0 	21.0 	0.0 	0.0 	0.0 	3.92686871853	2.23520720415	131.404303639	-22.1331054815	
7.05	0.0	0.0	0.0 	0.0 	188.05 	21.0 	0.0 	0.0 	0.0 	-0.0 	21.0 	0.0 	0.0 	0.0 	3.93213232146	2.23520720415	131.455898469	-22.1735143955	
7.06666666667	0.0	0.0	0.0 	0.0 	188.4 	21.0 	0.0 	0.0 	0.0 	-0.0 	21.0 	0.0 	0.0 	0.0 	3.93737736105	2.23520720415	131.507562121	-22.2139772106	
7.08333333333	0.0	0.0	0.0 	0.0 	188.75 	21.0 	0.0 	0.0 	0.0 	-0.0 	21.0 	0.0 	0.0 	0.0 	3.94260390278	2.23520720415	131.559294352	-22.2544937368	
7.1	0.0	0.0	0.0 	0.0 	189.1 	21.0 	0.0 	0.0 	0.0 	-0.0 	21.0 	0.0 	0.0 	0.0 	3.94781201188	2.23520720415	131.611094921	-22.2950637845	
7.11666666667	0.0	0.0	0.0 	0.0 	189.45 	21.0 	0.0 	0.0 	0.0 	-0.0 	21.0 	0.0 	0.0 	0.0 	3.95300175337	2.23520720415	131.662963586	-22.3356871651	
7.13333333333	0.0	0.0	0.0 	0.0 	189.8 	21.0 	0.0 	0.0 	0.0 	-0.0 	21.0 	0.0 	0.0 	0.0 	3.95817319201	2.23520720415	131.714900107	-22.3763636905	
7.15	0.0	0.0	0.0 	0.0 	190.15 	21.0 	0.0 	0.0 	0.0 	-0.0 	21.0 	0.0 	0.0 	0.0 	3.96332639235	2.23520720415	131.766904245	-22.4170931732	
7.16666666667	0.0	0.0	0.0 	0.0 	190.5 	21.0 	0.0 	0.0 	0.0 	-0.0 	21.0 	0.0 	0.0 	0.0 	3.96846141873	2.23520720415	131.818975762	-22.4578754265	
7.18333333333	0.0	0.0	0.0 	0.0 	190.85 	21.0 	0.0 	0.0 	0.0 	-0.0 	21.0 	0.0 	0.0 	0.0 	3.97357833523	2.23520720415	131.871114419	-22.4987102642	
7.2	0.0	0.0	0.0 	0.0 	191.2 	21.0 	0.0 	0.0 	0.0 	-0.0 	21.0 	0.0 	0.0 	0.0 	3.97867720572	2.23520720415	131.92331998	-22.5395975009	
7.21666666667	0.0	0.0	0.0 	0.0 	191.55 	21.0 	0.0 	0.0 	0.0 	-0.0 	21.0 	0.0 	0.0 	0.0 	3.98375809384	2.23520720415	131.975592209	-22.5805369518	
7.23333333333	0.0	0.0	0.0 	0.0 	191.9 	21.0 	0.0 	0.0 	0.0 	-0.0 	21.0 	0.0 	0.0 	0.0 	3.98882106302	2.23520720415	132.027930872	-22.6215284328	
7.25	0.0	0.0	0.0 	0.0 	192.25 	21.0 	0.0 	0.0 	0.0 	-0.0 	21.0 	0.0 	0.0 	0.0 	3.99386617645	2.23520720415	132.080335732	-22.6625717604	
7.26666666667	0.0	0.0	0.0 	0.0 	192.6 	21.0 	0.0 	0.0 	0.0 	-0.0 	21.0 	0.0 	0.0 	0.0 	3.9988934971	2.23520720415	132.132806558	-22.7036667516	
7.28333333333	0.0	0.0	0.0 	0.0 	192.95 	21.0 	0.0 	0.0 	0.0 	-0.0 	21.0 	0.0 	0.0 	0.0 	4.00390308773	2.23520720415	132.185343117	-22.7448132244	
7.3	0.0	0.0	0.0 	0.0 	193.3 	21.0 	0.0 	0.0 	0.0 	-0.0 	21.0 	0.0 	0.0 	0.0 	4.00889501085	2.23520720415	132.237945176	-22.7860109971	
7.31666666667	0.0	0.0	0.0 	0.0 	193.65 	21.0 	0.0 	0.0 	0.0 	-0.0 	21.0 	0.0 	0.0 	0.0 	4.01386932879	2.23520720415	132.290612505	-22.8272598889	
7.33333333333	0.0	0.0	0.0 	0.0 	194.0 	21.0 	0.0 	0.0 	0.0 	-0.0 	21.0 	0.0 	0.0 	0.0 	4.01882610363	2.23520720415	132.343344874	-22.8685597194	
7.35	0.0	0.0	0.0 	0.0 	194.35 	21.0 	0.0 	0.0 	0.0 	-0.0 	21.0 	0.0 	0.0 	0.0 	4.02376539723	2.23520720415	132.396142052	-22.909910309	
7.36666666667	0.0	0.0	0.0 	0.0 	194.7 	21.0 	0.0 	0.0 	0.0 	-0.0 	21.0 	0.0 	0.0 	0.0 	4.02868727126	2.23520720415	132.449003812	-22.9513114787	
7.38333333333	0.0	0.0	0.0 	0.0 	195.05 	21.0 	0.0 	0.0 	0.0 	-0.0 	21.0 	0.0 	0.0 	0.0 	4.03359178714	2.23520720415	132.501929926	-22.9927630501	
7.4	0.0	0.0	0.0 	0.0 	195.4 	21.0 	0.0 	0.0 	0.0 	-0.0 	21.0 	0.0 	0.0 	0.0 	4.03847900609	2.23520720415	132.554920167	-23.0342648454	
7.41666666667	0.0	0.0	0.0 	0.0 	195.75 	21.0 	0.0 	0.0 	0.0 	-0.0 	21.0 	0.0 	0.0 	0.0 	4.04334898912	2.23520720415	132.607974308	-23.0758166876	
7.43333333333	0.0	0.0	0.0 	0.0 	196.1 	21.0 	0.0 	0.0 	0.0 	-0.0 	21.0 	0.0 	0.0 	0.0 	4.04820179701	2.23520720415	132.661092125	-23.1174184	
7.45	0.0	0.0	0.0 	0.0 	196.45 	21.0 	0.0 	0.0 	0.0 	-0.0 	21.0 	0.0 	0.0 	0.0 	4.05303749033	2.23520720415	132.714273393	-23.159069807	
7.46666666667	0.0	0.0	0.0 	0.0 	196.8 	21.0 	0.0 	0.0 	0.0 	-0.0 	21.0 	0.0 	0.0 	0.0 	4.05785612944	2.23520720415	132.767517887	-23.2007707331	
7.48333333333	0.0	0.0	0.0 	0.0 	197.15 	21.0 	0.0 	0.0 	0.0 	-0.0 	21.0 	0.0 	0.0 	0.0 	4.06265777449	2.23520720415	132.820825386	-23.2425210037	
7.5	0.0	0.0	0.0 	0.0 	197.5 	21.0 	0.0 	0.0 	0.0 	-0.0 	21.0 	0.0 	0.0 	0.0 	4.06744248541	2.23520720415	132.874195666	-23.2843204449	
7.51666666667	0.0	0.0	0.0 	0.0 	197.85 	21.0 	0.0 	0.0 	0.0 	-0.0 	21.0 	0.0 	0.0 	0.0 	4.07221032192	2.23520720415	132.927628507	-23.3261688831	
7.53333333333	0.0	0.0	0.0 	0.0 	198.2 	21.0 	0.0 	0.0 	0.0 	-0.0 	21.0 	0.0 	0.0 	0.0 	4.07696134354	2.23520720415	132.981123687	-23.3680661457	
7.55	0.0	0.0	0.0 	0.0 	198.55 	21.0 	0.0 	0.0 	0.0 	-0.0 	21.0 	0.0 	0.0 	0.0 	4.08169560957	2.23520720415	133.034680988	-23.4100120604	
7.56666666667	0.0	0.0	0.0 	0.0 	198.9 	21.0 	0.0 	0.0 	0.0 	-0.0 	21.0 	0.0 	0.0 	0.0 	4.08641317909	2.23520720415	133.088300189	-23.4520064556	
7.58333333333	0.0	0.0	0.0 	0.0 	199.25 	21.0 	0.0 	0.0 	0.0 	-0.0 	21.0 	0.0 	0.0 	0.0 	4.09111411099	2.23520720415	133.141981073	-23.4940491603	
7.6	0.0	0.0	0.0 	0.0 	199.6 	21.0 	0.0 	0.0 	0.0 	-0.0 	21.0 	0.0 	0.0 	0.0 	4.09579846396	2.23520720415	133.195723421	-23.5361400043	
7.61666666667	0.0	0.0	0.0 	0.0 	199.95 	21.0 	0.0 	0.0 	0.0 	-0.0 	21.0 	0.0 	0.0 	0.0 	4.10046629645	2.23520720415	133.249527018	-23.5782788176	
7.63333333333	0.0	0.0	0.0 	0.0 	200.3 	21.0 	0.0 	0.0 	0.0 	-0.0 	21.0 	0.0 	0.0 	0.0 	4.10511766674	2.23520720415	133.303391647	-23.6204654312	
7.65	0.0	0.0	0.0 	0.0 	200.65 	21.0 	0.0 	0.0 	0.0 	-0.0 	21.0 	0.0 	0.0 	0.0 	4.10975263287	2.23520720415	133.357317093	-23.6626996764	
7.66666666667	0.0	0.0	0.0 	0.0 	201.0 	21.0 	0.0 	0.0 	0.0 	-0.0 	21.0 	0.0 	0.0 	0.0 	4.11437125271	2.23520720415	133.411303142	-23.7049813853	
7.68333333333	0.0	0.0	0.0 	0.0 	201.35 	21.0 	0.0 	0.0 	0.0 	-0.0 	21.0 	0.0 	0.0 	0.0 	4.1189735839	2.23520720415	133.465349579	-23.7473103904	
7.7	0.0	0.0	0.0 	0.0 	201.7 	21.0 	0.0 	0.0 	0.0 	-0.0 	21.0 	0.0 	0.0 	0.0 	4.12355968389	2.23520720415	133.519456192	-23.7896865251	
7.71666666667	0.0	0.0	0.0 	0.0 	202.05 	21.0 	0.0 	0.0 	0.0 	-0.0 	21.0 	0.0 	0.0 	0.0 	4.12812960992	2.23520720415	133.573622768	-23.832109623	
7.73333333333	0.0	0.0	0.0 	0.0 	202.4 	21.0 	0.0 	0.0 	0.0 	-0.0 	21.0 	0.0 	0.0 	0.0 	4.13268341903	2.23520720415	133.627849097	-23.8745795185	
7.75	0.0	0.0	0.0 	0.0 	202.75 	21.0 	0.0 	0.0 	0.0 	-0.0 	21.0 	0.0 	0.0 	0.0 	4.13722116807	2.23520720415	133.682134967	-23.9170960466	
7.76666666667	0.0	0.0	0.0 	0.0 	203.1 	21.0 	0.0 	0.0 	0.0 	-0.0 	21.0 	0.0 	0.0 	0.0 	4.14174291366	2.23520720415	133.736480168	-23.9596590428	
7.78333333333	0.0	0.0	0.0 	0.0 	203.45 	21.0 	0.0 	0.0 	0.0 	-0.0 	21.0 	0.0 	0.0 	0.0 	4.14624871226	2.23520720415	133.790884491	-24.0022683433	
7.8	0.0	0.0	0.0 	0.0 	203.8 	21.0 	0.0 	0.0 	0.0 	-0.0 	21.0 	0.0 	0.0 	0.0 	4.1507386201	2.23520720415	133.845347728	-24.0449237847	
7.81666666667	0.0	0.0	0.0 	0.0 	204.15 	21.0 	0.0 	0.0 	0.0 	-0.0 	21.0 	0.0 	0.0 	0.0 	4.15521269323	2.23520720415	133.899869671	-24.0876252044	
7.83333333333	0.0	0.0	0.0 	0.0 	204.5 	21.0 	0.0 	0.0 	0.0 	-0.0 	21.0 	0.0 	0.0 	0.0 	4.15967098748	2.23520720415	133.954450112	-24.1303724401	
7.85	0.0	0.0	0.0 	0.0 	204.85 	21.0 	0.0 	0.0 	0.0 	-0.0 	21.0 	0.0 	0.0 	0.0 	4.16411355852	2.23520720415	134.009088846	-24.1731653303	
7.86666666667	0.0	0.0	0.0 	0.0 	205.2 	21.0 	0.0 	0.0 	0.0 	-0.0 	21.0 	0.0 	0.0 	0.0 	4.16854046178	2.23520720415	134.063785667	-24.216003714	
7.88333333333	0.0	0.0	0.0 	0.0 	205.55 	21.0 	0.0 	0.0 	0.0 	-0.0 	21.0 	0.0 	0.0 	0.0 	4.17295175253	2.23520720415	134.11854037	-24.2588874307	
7.9	0.0	0.0	0.0 	0.0 	205.9 	21.0 	0.0 	0.0 	0.0 	-0.0 	21.0 	0.0 	0.0 	0.0 	4.17734748583	2.23520720415	134.173352751	-24.3018163205	
7.91666666667	0.0	0.0	0.0 	0.0 	206.25 	21.0 	0.0 	0.0 	0.0 	-0.0 	21.0 	0.0 	0.0 	0.0 	4.18172771654	2.23520720415	134.228222606	-24.3447902242	
7.93333333333	0.0	0.0	0.0 	0.0 	206.6 	21.0 	0.0 	0.0 	0.0 	-0.0 	21.0 	0.0 	0.0 	0.0 	4.18609249933	2.23520720415	134.283149733	-24.387808983	
7.95	0.0	0.0	0.0 	0.0 	206.95 	21.0 	0.0 	0.0 	0.0 	-0.0 	21.0 	0.0 	0.0 	0.0 	4.1904418887	2.23520720415	134.33813393	-24.4308724386	
7.96666666667	0.0	0.0	0.0 	0.0 	207.3 	21.0 	0.0 	0.0 	0.0 	-0.0 	21.0 	0.0 	0.0 	0.0 	4.19477593892	2.23520720415	134.393174996	-24.4739804336	
7.98333333333	0.0	0.0	0.0 	0.0 	207.65 	21.0 	0.0 	0.0 	0.0 	-0.0 	21.0 	0.0 	0.0 	0.0 	4.1990947041	2.23520720415	134.448272729	-24.5171328107	
8.0	0.0	0.0	0.0 	0.0 	208.0 	21.0 	0.0 	0.0 	0.0 	-0.0 	21.0 	0.0 	0.0 	0.0 	4.20339823813	2.23520720415	134.50342693	-24.5603294134	
8.01666666667	0.0	0.0	0.0 	0.0 	208.35 	21.0 	0.0 	0.0 	0.0 	-0.0 	21.0 	0.0 	0.0 	0.0 	4.20768659474	2.23520720415	134.558637401	-24.6035700859	
8.03333333333	0.0	0.0	0.0 	0.0 	208.7 	21.0 	0.0 	0.0 	0.0 	-0.0 	21.0 	0.0 	0.0 	0.0 	4.21195982746	2.23520720415	134.613903942	-24.6468546726	
8.05	0.0	0.0	0.0 	0.0 	209.05 	21.0 	0.0 	0.0 	0.0 	-0.0 	21.0 	0.0 	0.0 	0.0 	4.21621798961	2.23520720415	134.669226355	-24.6901830187	
8.06666666667	0.0	0.0	0.0 	0.0 	209.4 	21.0 	0.0 	0.0 	0.0 	-0.0 	21.0 	0.0 	0.0 	0.0 	4.22046113436	2.23520720415	134.724604445	-24.7335549699	
8.08333333333	0.0	0.0	0.0 	0.0 	209.75 	21.0 	0.0 	0.0 	0.0 	-0.0 	21.0 	0.0 	0.0 	0.0 	4.22468931466	2.23520720415	134.780038014	-24.7769703723	
8.1	0.0	0.0	0.0 	0.0 	210.1 	21.0 	0.0 	0.0 	0.0 	-0.0 	21.0 	0.0 	0.0 	0.0 	4.22890258329	2.23520720415	134.835526866	-24.8204290728	
8.11666666667	0.0	0.0	0.0 	0.0 	210.45 	21.0 	0.0 	0.0 	0.0 	-0.0 	21.0 	0.0 	0.0 	0.0 	4.23310099284	2.23520720415	134.891070808	-24.8639309186	
8.13333333333	0.0	0.0	0.0 	0.0 	210.8 	21.0 	0.0 	0.0 	0.0 	-0.0 	21.0 	0.0 	0.0 	0.0 	4.2372845957	2.23520720415	134.946669643	-24.9074757576	
8.15	0.0	0.0	0.0 	0.0 	211.15 	21.0 	0.0 	0.0 	0.0 	-0.0 	21.0 	0.0 	0.0 	0.0 	4.24145344412	2.23520720415	135.00232318	-24.9510634381	
8.16666666667	0.0	0.0	0.0 	0.0 	211.5 	21.0 	0.0 	0.0 	0.0 	-0.0 	21.0 	0.0 	0.0 	0.0 	4.2456075901	2.23520720415	135.058031225	-24.9946938091	
8.18333333333	0.0	0.0	0.0 	0.0 	211.85 	21.0 	0.0 	0.0 	0.0 	-0.0 	21.0 	0.0 	0.0 	0.0 	4.24974708552	2.23520720415	135.113793585	-25.03836672	
8.2	0.0	0.0	0.0 	0.0 	212.2 	21.0 	0.0 	0.0 	0.0 	-0.0 	21.0 	0.0 	0.0 	0.0 	4.25387198203	2.23520720415	135.169610069	-25.0820820208	
8.21666666667	0.0	0.0	0.0 	0.0 	212.55 	21.0 	0.0 	0.0 	0.0 	-0.0 	21.0 	0.0 	0.0 	0.0 	4.25798233113	2.23520720415	135.225480487	-25.1258395619	
8.23333333333	0.0	0.0	0.0 	0.0 	212.9 	21.0 	0.0 	0.0 	0.0 	-0.0 	21.0 	0.0 	0.0 	0.0 	4.26207818411	2.23520720415	135.281404648	-25.1696391945	
8.25	0.0	0.0	0.0 	0.0 	213.25 	21.0 	0.0 	0.0 	0.0 	-0.0 	21.0 	0.0 	0.0 	0.0 	4.26615959211	2.23520720415	135.337382362	-25.21348077	
8.26666666667	0.0	0.0	0.0 	0.0 	213.6 	21.0 	0.0 	0.0 	0.0 	-0.0 	21.0 	0.0 	0.0 	0.0 	4.27022660606	2.23520720415	135.393413441	-25.2573641405	
8.28333333333	0.0	0.0	0.0 	0.0 	213.95 	21.0 	0.0 	0.0 	0.0 	-0.0 	21.0 	0.0 	0.0 	0.0 	4.27427927674	2.23520720415	135.449497696	-25.3012891587	
8.3	0.0	0.0	0.0 	0.0 	214.3 	21.0 	0.0 	0.0 	0.0 	-0.0 	21.0 	0.0 	0.0 	0.0 	4.27831765471	2.23520720415	135.505634941	-25.3452556776	
8.31666666667	0.0	0.0	0.0 	0.0 	214.65 	21.0 	0.0 	0.0 	0.0 	-0.0 	21.0 	0.0 	0.0 	0.0 	4.2823417904	2.23520720415	135.561824987	-25.3892635509	
8.33333333333	0.0	0.0	0.0 	0.0 	215.0 	21.0 	0.0 	0.0 	0.0 	-0.0 	21.0 	0.0 	0.0 	0.0 	4.28635173403	2.23520720415	135.618067649	-25.4333126328	
8.35	0.0	0.0	0.0 	0.0 	215.35 	21.0 	0.0 	0.0 	0.0 	-0.0 	21.0 	0.0 	0.0 	0.0 	4.29034753565	2.23520720415	135.674362742	-25.4774027779	
8.36666666667	0.0	0.0	0.0 	0.0 	215.7 	21.0 	0.0 	0.0 	0.0 	-0.0 	21.0 	0.0 	0.0 	0.0 	4.29432924514	2.23520720415	135.73071008	-25.5215338414	
8.38333333333	0.0	0.0	0.0 	0.0 	216.05 	21.0 	0.0 	0.0 	0.0 	-0.0 	21.0 	0.0 	0.0 	0.0 	4.29829691219	2.23520720415	135.787109478	-25.565705679	
8.4	0.0	0.0	0.0 	0.0 	216.4 	21.0 	0.0 	0.0 	0.0 	-0.0 	21.0 	0.0 	0.0 	0.0 	4.30225058634	2.23520720415	135.843560755	-25.6099181469	
8.41666666667	0.0	0.0	0.0 	0.0 	216.75 	21.0 	0.0 	0.0 	0.0 	-0.0 	21.0 	0.0 	0.0 	0.0 	4.30619031692	2.23520720415	135.900063726	-25.6541711017	
8.43333333333	0.0	0.0	0.0 	0.0 	217.1 	21.0 	0.0 	0.0 	0.0 	-0.0 	21.0 	0.0 	0.0 	0.0 	4.31011615312	2.23520720415	135.956618209	-25.6984644008	
8.45	0.0	0.0	0.0 	0.0 	217.45 	21.0 	0.0 	0.0 	0.0 	-0.0 	21.0 	0.0 	0.0 	0.0 	4.31402814393	2.23520720415	136.013224022	-25.7427979018	
8.46666666667	0.0	0.0	0.0 	0.0 	217.8 	21.0 	0.0 	0.0 	0.0 	-0.0 	21.0 	0.0 	0.0 	0.0 	4.31792633819	2.23520720415	136.069880986	-25.787171463	
8.48333333333	0.0	0.0	0.0 	0.0 	218.15 	21.0 	0.0 	0.0 	0.0 	-0.0 	21.0 	0.0 	0.0 	0.0 	4.32181078455	2.23520720415	136.126588918	-25.831584943	
8.5	0.0	0.0	0.0 	0.0 	218.5 	21.0 	0.0 	0.0 	0.0 	-0.0 	21.0 	0.0 	0.0 	0.0 	4.3256815315	2.23520720415	136.18334764	-25.8760382011	
8.51666666667	0.0	0.0	0.0 	0.0 	218.85 	21.0 	0.0 	0.0 	0.0 	-0.0 	21.0 	0.0 	0.0 	0.0 	4.32953862735	2.23520720415	136.240156971	-25.920531097	
8.53333333333	0.0	0.0	0.0 	0.0 	219.2 	21.0 	0.0 	0.0 	0.0 	-0.0 	21.0 	0.0 	0.0 	0.0 	4.33338212024	2.23520720415	136.297016735	-25.9650634909	
8.55	0.0	0.0	0.0 	0.0 	219.55 	21.0 	0.0 	0.0 	0.0 	-0.0 	21.0 	0.0 	0.0 	0.0 	4.33721205816	2.23520720415	136.353926753	-26.0096352435	
8.56666666667	0.0	0.0	0.0 	0.0 	219.9 	21.0 	0.0 	0.0 	0.0 	-0.0 	21.0 	0.0 	0.0 	0.0 	4.3410284889	2.23520720415	136.410886847	-26.0542462161	
8.58333333333	0.0	0.0	0.0 	0.0 	220.25 	21.0 	0.0 	0.0 	0.0 	-0.0 	21.0 	0.0 	0.0 	0.0 	4.3448314601	2.23520720415	136.467896841	-26.0988962701	
8.6	0.0	0.0	0.0 	0.0 	220.6 	21.0 	0.0 	0.0 	0.0 	-0.0 	21.0 	0.0 	0.0 	0.0 	4.34862101923	2.23520720415	136.52495656	-26.143585268	
8.61666666667	0.0	0.0	0.0 	0.0 	220.95 	21.0 	0.0 	0.0 	0.0 	-0.0 	21.0 	0.0 	0.0 	0.0 	4.35239721358	2.23520720415	136.582065827	-26.1883130722	
8.63333333333	0.0	0.0	0.0 	0.0 	221.3 	21.0 	0.0 	0.0 	0.0 	-0.0 	21.0 	0.0 	0.0 	0.0 	4.35616009031	2.23520720415	136.639224468	-26.233079546	
8.65	0.0	0.0	0.0 	0.0 	221.65 	21.0 	0.0 	0.0 	0.0 	-0.0 	21.0 	0.0 	0.0 	0.0 	4.35990969636	2.23520720415	136.696432309	-26.2778845529	
8.66666666667	0.0	0.0	0.0 	0.0 	222.0 	21.0 	0.0 	0.0 	0.0 	-0.0 	21.0 	0.0 	0.0 	0.0 	4.36364607854	2.23520720415	136.753689176	-26.3227279571	
8.68333333333	0.0	0.0	0.0 	0.0 	222.35 	21.0 	0.0 	0.0 	0.0 	-0.0 	21.0 	0.0 	0.0 	0.0 	4.3673692835	2.23520720415	136.810994897	-26.3676096232	
8.7	0.0	0.0	0.0 	0.0 	222.7 	21.0 	0.0 	0.0 	0.0 	-0.0 	21.0 	0.0 	0.0 	0.0 	4.3710793577	2.23520720415	136.868349299	-26.4125294162	
8.71666666667	0.0	0.0	0.0 	0.0 	223.05 	21.0 	0.0 	0.0 	0.0 	-0.0 	21.0 	0.0 	0.0 	0.0 	4.37477634745	2.23520720415	136.92575221	-26.4574872016	
8.73333333333	0.0	0.0	0.0 	0.0 	223.4 	21.0 	0.0 	0.0 	0.0 	-0.0 	21.0 	0.0 	0.0 	0.0 	4.3784602989	2.23520720415	136.98320346	-26.5024828455	
8.75	0.0	0.0	0.0 	0.0 	223.75 	21.0 	0.0 	0.0 	0.0 	-0.0 	21.0 	0.0 	0.0 	0.0 	4.38213125803	2.23520720415	137.040702877	-26.5475162143	
8.76666666667	0.0	0.0	0.0 	0.0 	224.1 	21.0 	0.0 	0.0 	0.0 	-0.0 	21.0 	0.0 	0.0 	0.0 	4.38578927065	2.23520720415	137.098250293	-26.5925871751	
8.78333333333	0.0	0.0	0.0 	0.0 	224.45 	21.0 	0.0 	0.0 	0.0 	-0.0 	21.0 	0.0 	0.0 	0.0 	4.38943438244	2.23520720415	137.155845537	-26.6376955951	
8.8	0.0	0.0	0.0 	0.0 	224.8 	21.0 	0.0 	0.0 	0.0 	-0.0 	21.0 	0.0 	0.0 	0.0 	4.39306663889	2.23520720415	137.213488441	-26.6828413424	
8.81666666667	0.0	0.0	0.0 	0.0 	225.15 	21.0 	0.0 	0.0 	0.0 	-0.0 	21.0 	0.0 	0.0 	0.0 	4.39668608532	2.23520720415	137.271178837	-26.7280242852	
8.83333333333	0.0	0.0	0.0 	0.0 	225.5 	21.0 	0.0 	0.0 	0.0 	-0.0 	21.0 	0.0 	0.0 	0.0 	4.40029276693	2.23520720415	137.328916558	-26.7732442924	
8.85	0.0	0.0	0.0 	0.0 	225.85 	21.0 	0.0 	0.0 	0.0 	-0.0 	21.0 	0.0 	0.0 	0.0 	4.40388672873	2.23520720415	137.386701437	-26.8185012333	
8.86666666667	0.0	0.0	0.0 	0.0 	226.2 	21.0 	0.0 	0.0 	0.0 	-0.0 	21.0 	0.0 	0.0 	0.0 	4.40746801558	2.23520720415	137.444533306	-26.8637949777	
8.88333333333	0.0	0.0	0.0 	0.0 	226.55 	21.0 	0.0 	0.0 	0.0 	-0.0 	21.0 	0.0 	0.0 	0.0 	4.41103667218	2.23520720415	137.502412001	-26.9091253956	
8.9	0.0	0.0	0.0 	0.0 	226.9 	21.0 	0.0 	0.0 	0.0 	-0.0 	21.0 	0.0 	0.0 	0.0 	4.41459274308	2.23520720415	137.560337357	-26.9544923578	
8.91666666667	0.0	0.0	0.0 	0.0 	227.25 	21.0 	0.0 	0.0 	0.0 	-0.0 	21.0 	0.0 	0.0 	0.0 	4.41813627265	2.23520720415	137.618309208	-26.9998957355	
8.93333333333	0.0	0.0	0.0 	0.0 	227.6 	21.0 	0.0 	0.0 	0.0 	-0.0 	21.0 	0.0 	0.0 	0.0 	4.42166730514	2.23520720415	137.676327392	-27.0453354001	
8.95	0.0	0.0	0.0 	0.0 	227.95 	21.0 	0.0 	0.0 	0.0 	-0.0 	21.0 	0.0 	0.0 	0.0 	4.42518588461	2.23520720415	137.734391743	-27.0908112237	
8.96666666667	0.0	0.0	0.0 	0.0 	228.3 	21.0 	0.0 	0.0 	0.0 	-0.0 	21.0 	0.0 	0.0 	0.0 	4.42869205498	2.23520720415	137.792502101	-27.1363230787	
8.98333333333	0.0	0.0	0.0 	0.0 	228.65 	21.0 	0.0 	0.0 	0.0 	-0.0 	21.0 	0.0 	0.0 	0.0 	4.43218586002	2.23520720415	137.850658302	-27.1818708382	
9.0	0.0	0.0	0.0 	0.0 	229.0 	21.0 	0.0 	0.0 	0.0 	-0.0 	21.0 	0.0 	0.0 	0.0 	4.43566734334	2.23520720415	137.908860184	-27.2274543755	
9.01666666667	0.0	0.0	0.0 	0.0 	229.35 	21.0 	0.0 	0.0 	0.0 	-0.0 	21.0 	0.0 	0.0 	0.0 	4.43913654838	2.23520720415	137.967107587	-27.2730735644	
9.03333333333	0.0	0.0	0.0 	0.0 	229.7 	21.0 	0.0 	0.0 	0.0 	-0.0 	21.0 	0.0 	0.0 	0.0 	4.44259351846	2.23520720415	138.02540035	-27.3187282791	
9.05	0.0	0.0	0.0 	0.0 	230.05 	21.0 	0.0 	0.0 	0.0 	-0.0 	21.0 	0.0 	0.0 	0.0 	4.44603829673	2.23520720415	138.083738314	-27.3644183944	
9.06666666667	0.0	0.0	0.0 	0.0 	230.4 	21.0 	0.0 	0.0 	0.0 	-0.0 	21.0 	0.0 	0.0 	0.0 	4.44947092617	2.23520720415	138.142121318	-27.4101437854	
9.08333333333	0.0	0.0	0.0 	0.0 	230.75 	21.0 	0.0 	0.0 	0.0 	-0.0 	21.0 	0.0 	0.0 	0.0 	4.45289144964	2.23520720415	138.200549203	-27.4559043278	
9.1	0.0	0.0	0.0 	0.0 	231.1 	21.0 	0.0 	0.0 	0.0 	-0.0 	21.0 	0.0 	0.0 	0.0 	4.45629990983	2.23520720415	138.259021813	-27.5016998975	
9.11666666667	0.0	0.0	0.0 	0.0 	231.45 	21.0 	0.0 	0.0 	0.0 	-0.0 	21.0 	0.0 	0.0 	0.0 	4.45969634928	2.23520720415	138.317538988	-27.547530371	
9.13333333333	0.0	0.0	0.0 	0.0 	231.8 	21.0 	0.0 	0.0 	0.0 	-0.0 	21.0 	0.0 	0.0 	0.0 	4.46308081039	2.23520720415	138.376100572	-27.5933956252	
9.15	0.0	0.0	0.0 	0.0 	232.15 	21.0 	0.0 	0.0 	0.0 	-0.0 	21.0 	0.0 	0.0 	0.0 	4.46645333541	2.23520720415	138.434706407	-27.6392955375	
9.16666666667	0.0	0.0	0.0 	0.0 	232.5 	21.0 	0.0 	0.0 	0.0 	-0.0 	21.0 	0.0 	0.0 	0.0 	4.46981396642	2.23520720415	138.493356339	-27.6852299857	
9.18333333333	0.0	0.0	0.0 	0.0 	232.85 	21.0 	0.0 	0.0 	0.0 	-0.0 	21.0 	0.0 	0.0 	0.0 	4.47316274538	2.23520720415	138.552050211	-27.7311988478	
9.2	0.0	0.0	0.0 	0.0 	233.2 	21.0 	0.0 	0.0 	0.0 	-0.0 	21.0 	0.0 	0.0 	0.0 	4.47649971408	2.23520720415	138.610787869	-27.7772020027	
9.21666666667	0.0	0.0	0.0 	0.0 	233.55 	21.0 	0.0 	0.0 	0.0 	-0.0 	21.0 	0.0 	0.0 	0.0 	4.47982491418	2.23520720415	138.669569158	-27.8232393292	
9.23333333333	0.0	0.0	0.0 	0.0 	233.9 	21.0 	0.0 	0.0 	0.0 	-0.0 	21.0 	0.0 	0.0 	0.0 	4.48313838718	2.23520720415	138.728393924	-27.8693107069	
9.25	0.0	0.0	0.0 	0.0 	234.25 	21.0 	0.0 	0.0 	0.0 	-0.0 	21.0 	0.0 	0.0 	0.0 	4.48644017443	2.23520720415	138.787262014	-27.9154160158	
9.26666666667	0.0	0.0	0.0 	0.0 	234.6 	21.0 	0.0 	0.0 	0.0 	-0.0 	21.0 	0.0 	0.0 	0.0 	4.48973031716	2.23520720415	138.846173275	-27.9615551361	
9.28333333333	0.0	0.0	0.0 	0.0 	234.95 	21.0 	0.0 	0.0 	0.0 	-0.0 	21.0 	0.0 	0.0 	0.0 	4.49300885643	2.23520720415	138.905127555	-28.0077279486	
9.3	0.0	0.0	0.0 	0.0 	235.3 	21.0 	0.0 	0.0 	0.0 	-0.0 	21.0 	0.0 	0.0 	0.0 	4.49627583316	2.23520720415	138.964124702	-28.0539343345	
9.31666666667	0.0	0.0	0.0 	0.0 	235.65 	21.0 	0.0 	0.0 	0.0 	-0.0 	21.0 	0.0 	0.0 	0.0 	4.49953128813	2.23520720415	139.023164564	-28.1001741754	
9.33333333333	0.0	0.0	0.0 	0.0 	236.0 	21.0 	0.0 	0.0 	0.0 	-0.0 	21.0 	0.0 	0.0 	0.0 	4.50277526197	2.23520720415	139.082246992	-28.1464473533	
9.35	0.0	0.0	0.0 	0.0 	236.35 	21.0 	0.0 	0.0 	0.0 	-0.0 	21.0 	0.0 	0.0 	0.0 	4.50600779518	2.23520720415	139.141371836	-28.1927537506	
9.36666666667	0.0	0.0	0.0 	0.0 	236.7 	21.0 	0.0 	0.0 	0.0 	-0.0 	21.0 	0.0 	0.0 	0.0 	4.50922892809	2.23520720415	139.200538944	-28.2390932501	
9.38333333333	0.0	0.0	0.0 	0.0 	237.05 	21.0 	0.0 	0.0 	0.0 	-0.0 	21.0 	0.0 	0.0 	0.0 	4.51243870093	2.23520720415	139.25974817	-28.2854657352	
9.4	0.0	0.0	0.0 	0.0 	237.4 	21.0 	0.0 	0.0 	0.0 	-0.0 	21.0 	0.0 	0.0 	0.0 	4.51563715375	2.23520720415	139.318999363	-28.3318710895	
9.41666666667	0.0	0.0	0.0 	0.0 	237.75 	21.0 	0.0 	0.0 	0.0 	-0.0 	21.0 	0.0 	0.0 	0.0 	4.51882432647	2.23520720415	139.378292376	-28.378309197	
9.43333333333	0.0	0.0	0.0 	0.0 	238.1 	21.0 	0.0 	0.0 	0.0 	-0.0 	21.0 	0.0 	0.0 	0.0 	4.52200025888	2.23520720415	139.437627062	-28.4247799423	
9.45	0.0	0.0	0.0 	0.0 	238.45 	21.0 	0.0 	0.0 	0.0 	-0.0 	21.0 	0.0 	0.0 	0.0 	4.52516499062	2.23520720415	139.497003273	-28.4712832102	
9.46666666667	0.0	0.0	0.0 	0.0 	238.8 	21.0 	0.0 	0.0 	0.0 	-0.0 	21.0 	0.0 	0.0 	0.0 	4.52831856119	2.23520720415	139.556420863	-28.5178188861	
9.48333333333	0.0	0.0	0.0 	0.0 	239.15 	21.0 	0.0 	0.0 	0.0 	-0.0 	21.0 	0.0 	0.0 	0.0 	4.53146100995	2.23520720415	139.615879687	-28.5643868557	
9.5	0.0	0.0	0.0 	0.0 	239.5 	21.0 	0.0 	0.0 	0.0 	-0.0 	21.0 	0.0 	0.0 	0.0 	4.53459237612	2.23520720415	139.675379598	-28.610987005	
9.51666666667	0.0	0.0	0.0 	0.0 	239.85 	21.0 	0.0 	0.0 	0.0 	-0.0 	21.0 	0.0 	0.0 	0.0 	4.5377126988	2.23520720415	139.734920452	-28.6576192206	
9.53333333333	0.0	0.0	0.0 	0.0 	240.2 	21.0 	0.0 	0.0 	0.0 	-0.0 	21.0 	0.0 	0.0 	0.0 	4.54082201693	2.23520720415	139.794502104	-28.7042833894	
9.55	0.0	0.0	0.0 	0.0 	240.55 	21.0 	0.0 	0.0 	0.0 	-0.0 	21.0 	0.0 	0.0 	0.0 	4.54392036931	2.23520720415	139.854124411	-28.7509793987	
9.56666666667	0.0	0.0	0.0 	0.0 	240.9 	21.0 	0.0 	0.0 	0.0 	-0.0 	21.0 	0.0 	0.0 	0.0 	4.54700779463	2.23520720415	139.913787229	-28.7977071362	
9.58333333333	0.0	0.0	0.0 	0.0 	241.25 	21.0 	0.0 	0.0 	0.0 	-0.0 	21.0 	0.0 	0.0 	0.0 	4.55008433142	2.23520720415	139.973490415	-28.84446649	
9.6	0.0	0.0	0.0 	0.0 	241.6 	21.0 	0.0 	0.0 	0.0 	-0.0 	21.0 	0.0 	0.0 	0.0 	4.55315001808	2.23520720415	140.033233827	-28.8912573486	
9.61666666667	0.0	0.0	0.0 	0.0 	241.95 	21.0 	0.0 	0.0 	0.0 	-0.0 	21.0 	0.0 	0.0 	0.0 	4.55620489287	2.23520720415	140.093017323	-28.9380796009	
9.63333333333	0.0	0.0	0.0 	0.0 	242.3 	21.0 	0.0 	0.0 	0.0 	-0.0 	21.0 	0.0 	0.0 	0.0 	4.55924899393	2.23520720415	140.152840762	-28.9849331362	
9.65	0.0	0.0	0.0 	0.0 	242.65 	21.0 	0.0 	0.0 	0.0 	-0.0 	21.0 	0.0 	0.0 	0.0 	4.56228235926	2.23520720415	140.212704003	-29.0318178442	
9.66666666667	0.0	0.0	0.0 	0.0 	243.0 	21.0 	0.0 	0.0 	0.0 	-0.0 	21.0 	0.0 	0.0 	0.0 	4.5653050267	2.23520720415	140.272606905	-29.0787336148	
9.68333333333	0.0	0.0	0.0 	0.0 	243.35 	21.0 	0.0 	0.0 	0.0 	-0.0 	21.0 	0.0 	0.0 	0.0 	4.56831703401	2.23520720415	140.332549329	-29.1256803387	
9.7	0.0	0.0	0.0 	0.0 	243.7 	21.0 	0.0 	0.0 	0.0 	-0.0 	21.0 	0.0 	0.0 	0.0 	4.57131841875	2.23520720415	140.392531135	-29.1726579065	
9.71666666667	0.0	0.0	0.0 	0.0 	244.05 	21.0 	0.0 	0.0 	0.0 	-0.0 	21.0 	0.0 	0.0 	0.0 	4.57430921842	2.23520720415	140.452552184	-29.2196662095	
9.73333333333	0.0	0.0	0.0 	0.0 	244.4 	21.0 	0.0 	0.0 	0.0 	-0.0 	21.0 	0.0 	0.0 	0.0 	4.57728947032	2.23520720415	140.512612338	-29.2667051394	
9.75	0.0	0.0	0.0 	0.0 	244.75 	21.0 	0.0 	0.0 	0.0 	-0.0 	21.0 	0.0 	0.0 	0.0 	4.58025921166	2.23520720415	140.572711459	-29.3137745881	
9.76666666667	0.0	0.0	0.0 	0.0 	245.1 	21.0 	0.0 	0.0 	0.0 	-0.0 	21.0 	0.0 	0.0 	0.0 	4.58321847952	2.23520720415	140.632849409	-29.360874448	
9.78333333333	0.0	0.0	0.0 	0.0 	245.45 	21.0 	0.0 	0.0 	0.0 	-0.0 	21.0 	0.0 	0.0 	0.0 	4.58616731082	2.23520720415	140.693026052	-29.4080046118	
9.8	0.0	0.0	0.0 	0.0 	245.8 	21.0 	0.0 	0.0 	0.0 	-0.0 	21.0 	0.0 	0.0 	0.0 	4.58910574237	2.23520720415	140.753241252	-29.4551649727	
9.81666666667	0.0	0.0	0.0 	0.0 	246.15 	21.0 	0.0 	0.0 	0.0 	-0.0 	21.0 	0.0 	0.0 	0.0 	4.59203381086	2.23520720415	140.813494871	-29.5023554241	
9.83333333333	0.0	0.0	0.0 	0.0 	246.5 	21.0 	0.0 	0.0 	0.0 	-0.0 	21.0 	0.0 	0.0 	0.0 	4.59495155282	2.23520720415	140.873786775	-29.54957586	
9.85	0.0	0.0	0.0 	0.0 	246.85 	21.0 	0.0 	0.0 	0.0 	-0.0 	21.0 	0.0 	0.0 	0.0 	4.59785900468	2.23520720415	140.934116829	-29.5968261746	
9.86666666667	0.0	0.0	0.0 	0.0 	247.2 	21.0 	0.0 	0.0 	0.0 	-0.0 	21.0 	0.0 	0.0 	0.0 	4.60075620273	2.23520720415	140.994484898	-29.6441062624	
9.88333333333	0.0	0.0	0.0 	0.0 	247.55 	21.0 	0.0 	0.0 	0.0 	-0.0 	21.0 	0.0 	0.0 	0.0 	4.60364318313	2.23520720415	141.054890848	-29.6914160186	
9.9	0.0	0.0	0.0 	0.0 	247.9 	21.0 	0.0 	0.0 	0.0 	-0.0 	21.0 	0.0 	0.0 	0.0 	4.60651998192	2.23520720415	141.115334545	-29.7387553385	
9.91666666667	0.0	0.0	0.0 	0.0 	248.25 	21.0 	0.0 	0.0 	0.0 	-0.0 	21.0 	0.0 	0.0 	0.0 	4.609386635	2.23520720415	141.175815857	-29.7861241178	
9.93333333333	0.0	0.0	0.0 	0.0 	248.6 	21.0 	0.0 	0.0 	0.0 	-0.0 	21.0 	0.0 	0.0 	0.0 	4.61224317815	2.23520720415	141.236334651	-29.8335222527	
9.95	0.0	0.0	0.0 	0.0 	248.95 	21.0 	0.0 	0.0 	0.0 	-0.0 	21.0 	0.0 	0.0 	0.0 	4.61508964703	2.23520720415	141.296890793	-29.8809496395	
9.96666666667	0.0	0.0	0.0 	0.0 	249.3 	21.0 	0.0 	0.0 	0.0 	-0.0 	21.0 	0.0 	0.0 	0.0 	4.61792607717	2.23520720415	141.357484154	-29.9284061751	
9.98333333333	0.0	0.0	0.0 	0.0 	249.65 	21.0 	0.0 	0.0 	0.0 	-0.0 	21.0 	0.0 	0.0 	0.0 	4.62075250398	2.23520720415	141.418114601	-29.9758917568	
