0.0166666666667	0.0	0.0	0.0 	0.0 	80.2166666667 	13.0 	0.0 	0.0 	0.0 	0.0 	13.0 	0.0 	0.0 	0.0 	0.0	-0.354516129032	160.0	-24.9677419355	
0.0333333333333	0.0	0.0	0.0 	0.0 	80.4333333333 	13.0 	0.0 	0.0 	0.0 	-0.0 	13.0 	0.0 	0.0 	0.0 	0.0	-0.354516129032	160.0	-24.9677419355	
0.05	0.0	0.0	0.0 	0.0 	80.65 	13.0 	0.0 	0.0 	0.0 	-0.0 	13.0 	0.0 	0.0 	0.0 	0.0	-0.354516129032	160.0	-24.9677419355	
0.0666666666667	0.0	0.0	0.0 	0.0 	80.8666666667 	13.0 	0.0 	0.0 	0.0 	-0.0 	13.0 	0.0 	0.0 	0.0 	0.0	-0.354516129032	160.0	-24.9677419355	
0.0833333333333	0.0	0.0	0.0 	0.0 	81.0833333333 	13.0 	0.0 	0.0 	0.0 	-0.0 	13.0 	0.0 	0.0 	0.0 	0.0	-0.354516129032	160.0	-24.9677419355	
0.1	0.0	0.0	0.0 	0.0 	81.3 	13.0 	0.0 	0.0 	0.0 	-0.0 	13.0 	0.0 	0.0 	0.0 	0.0	-0.354516129032	160.0	-24.9677419355	
0.116666666667	0.0	0.0	0.0 	0.0 	81.5166666667 	13.0 	0.0 	0.0 	0.0 	-0.0 	13.0 	0.0 	0.0 	0.0 	0.0	-0.354516129032	160.0	-24.9677419355	
0.133333333333	0.0	0.0	0.0 	0.0 	81.7333333333 	13.0 	0.0 	0.0 	0.0 	-0.0 	13.0 	0.0 	0.0 	0.0 	0.0	-0.354516129032	160.0	-24.9677419355	
0.15	0.0	0.0	0.0 	0.0 	81.95 	13.0 	0.0 	0.0 	0.0 	-0.0 	13.0 	0.0 	0.0 	0.0 	0.0	-0.354516129032	160.0	-24.9677419355	
0.166666666667	0.0	0.0	0.0 	0.0 	82.1666666667 	13.0 	0.0 	0.0 	0.0 	-0.0 	13.0 	0.0 	0.0 	0.0 	0.0	-0.354516129032	160.0	-24.9677419355	
0.183333333333	0.0	0.0	0.0 	0.0 	82.3833333333 	13.0 	0.0 	0.0 	0.0 	-0.0 	13.0 	0.0 	0.0 	0.0 	0.0	-0.354516129032	160.0	-24.9677419355	
0.2	0.0	0.0	0.0 	0.0 	82.6 	13.0 	0.0 	0.0 	0.0 	-0.0 	13.0 	0.0 	0.0 	0.0 	0.0	-0.354516129032	160.0	-24.9677419355	
0.216666666667	0.0	0.0	0.0 	0.0 	82.8166666667 	13.0 	0.0 	0.0 	0.0 	-0.0 	13.0 	0.0 	0.0 	0.0 	0.0	-0.354516129032	160.0	-24.9677419355	
0.233333333333	0.0	0.0	0.0 	0.0 	83.0333333333 	13.0 	0.0 	0.0 	0.0 	-0.0 	13.0 	0.0 	0.0 	0.0 	0.0	-0.354516129032	160.0	-24.9677419355	
0.25	0.0	0.0	0.0 	0.0 	83.25 	13.0 	0.0 	0.0 	0.0 	-0.0 	13.0 	0.0 	0.0 	0.0 	0.0	-0.354516129032	160.0	-24.9677419355	
0.266666666667	0.0	0.0	0.0 	0.0 	83.4666666667 	13.0 	0.0 	0.0 	0.0 	-0.0 	13.0 	0.0 	0.0 	0.0 	0.0	-0.354516129032	160.0	-24.9677419355	
0.283333333333	0.0	0.0	0.0 	0.0 	83.6833333333 	13.0 	0.0 	0.0 	0.0 	-0.0 	13.0 	0.0 	0.0 	0.0 	0.0	-0.354516129032	160.0	-24.9677419355	
0.3	0.0	0.0	0.0 	0.0 	83.9 	13.0 	0.0 	0.0 	0.0 	-0.0 	13.0 	0.0 	0.0 	0.0 	0.0	-0.354516129032	160.0	-24.9677419355	
0.316666666667	0.0	0.0	0.0 	0.0 	84.1166666667 	13.0 	0.0 	0.0 	0.0 	-0.0 	13.0 	0.0 	0.0 	0.0 	0.0	-0.354516129032	160.0	-24.9677419355	
0.333333333333	0.0	0.0	0.0 	0.0 	84.3333333333 	13.0 	0.0 	0.0 	0.0 	-0.0 	13.0 	0.0 	0.0 	0.0 	0.0	-0.354516129032	160.0	-24.9677419355	
0.35	0.0	0.0	0.0 	0.0 	84.55 	13.0 	0.0 	0.0 	0.0 	-0.0 	13.0 	0.0 	0.0 	0.0 	0.0	-0.354516129032	160.0	-24.9677419355	
0.366666666667	0.0	0.0	0.0 	0.0 	84.7666666667 	13.0 	0.0 	0.0 	0.0 	-0.0 	13.0 	0.0 	0.0 	0.0 	0.0	-0.354516129032	160.0	-24.9677419355	
0.383333333333	0.0	0.0	0.0 	0.0 	84.9833333333 	13.0 	0.0 	0.0 	0.0 	-0.0 	13.0 	0.0 	0.0 	0.0 	0.0	-0.354516129032	160.0	-24.9677419355	
0.4	0.0	0.0	0.0 	0.0 	85.2 	13.0 	0.0 	0.0 	0.0 	-0.0 	13.0 	0.0 	0.0 	0.0 	0.0	-0.354516129032	160.0	-24.9677419355	
0.416666666667	0.0	0.0	0.0 	0.0 	85.4166666667 	13.0 	0.0 	0.0 	0.0 	-0.0 	13.0 	0.0 	0.0 	0.0 	0.0	-0.354516129032	160.0	-24.9677419355	
0.433333333333	0.0	0.0	0.0 	0.0 	85.6333333333 	13.0 	0.0 	0.0 	0.0 	-0.0 	13.0 	0.0 	0.0 	0.0 	0.0	-0.354516129032	160.0	-24.9677419355	
0.45	0.0	0.0	0.0 	0.0 	85.85 	13.0 	0.0 	0.0 	0.0 	-0.0 	13.0 	0.0 	0.0 	0.0 	0.0	-0.354516129032	160.0	-24.9677419355	
0.466666666667	0.0	0.0	0.0 	0.0 	86.0666666667 	13.0 	0.0 	0.0 	0.0 	-0.0 	13.0 	0.0 	0.0 	0.0 	0.0	-0.354516129032	160.0	-24.9677419355	
0.483333333333	0.0	0.0	0.0 	0.0 	86.2833333333 	13.0 	0.0 	0.0 	0.0 	-0.0 	13.0 	0.0 	0.0 	0.0 	0.0	-0.354516129032	160.0	-24.9677419355	
0.5	0.0	0.0	0.0 	0.0 	86.5 	13.0 	0.0 	0.0 	0.0 	-0.0 	13.0 	0.0 	0.0 	0.0 	0.0	-0.354516129032	160.0	-24.9677419355	
0.516666666667	0.0	0.0	0.0 	0.0 	86.7166666667 	13.0 	0.0 	0.0 	0.0 	-0.0 	13.0 	0.0 	0.0 	0.0 	0.0	-0.354516129032	160.0	-24.9677419355	
0.533333333333	0.0	0.0	0.0 	0.0 	86.9333333333 	13.0 	0.0 	0.0 	0.0 	-0.0 	13.0 	0.0 	0.0 	0.0 	0.0	-0.354516129032	160.0	-24.9677419355	
0.55	0.0	0.0	0.0 	0.0 	87.15 	13.0 	0.0 	0.0 	0.0 	-0.0 	13.0 	0.0 	0.0 	0.0 	0.0	-0.354516129032	160.0	-24.9677419355	
0.566666666667	0.0	0.0	0.0 	0.0 	87.3666666667 	13.0 	0.0 	0.0 	0.0 	-0.0 	13.0 	0.0 	0.0 	0.0 	0.0	-0.354516129032	160.0	-24.9677419355	
0.583333333333	0.0	0.0	0.0 	0.0 	87.5833333333 	13.0 	0.0 	0.0 	0.0 	-0.0 	13.0 	0.0 	0.0 	0.0 	0.0	-0.354516129032	160.0	-24.9677419355	
0.6	0.0	0.0	0.0 	0.0 	87.8 	13.0 	0.0 	0.0 	0.0 	-0.0 	13.0 	0.0 	0.0 	0.0 	0.0	-0.354516129032	160.0	-24.9677419355	
0.616666666667	0.0	0.0	0.0 	0.0 	88.0166666667 	13.0 	0.0 	0.0 	0.0 	-0.0 	13.0 	0.0 	0.0 	0.0 	0.0	-0.354516129032	160.0	-24.9677419355	
0.633333333333	0.0	0.0	0.0 	0.0 	88.2333333333 	13.0 	0.0 	0.0 	0.0 	-0.0 	13.0 	0.0 	0.0 	0.0 	0.0	-0.354516129032	160.0	-24.9677419355	
0.65	0.0	0.0	0.0 	0.0 	88.45 	13.0 	0.0 	0.0 	0.0 	-0.0 	13.0 	0.0 	0.0 	0.0 	0.0	-0.354516129032	160.0	-24.9677419355	
0.666666666667	0.0	0.0	0.0 	0.0 	88.6666666667 	13.0 	0.0 	0.0 	0.0 	-0.0 	13.0 	0.0 	0.0 	0.0 	0.0	-0.354516129032	160.0	-24.9677419355	
0.683333333333	0.0	0.0	0.0 	0.0 	88.8833333333 	13.0 	0.0 	0.0 	0.0 	-0.0 	13.0 	0.0 	0.0 	0.0 	0.0	-0.354516129032	160.0	-24.9677419355	
0.7	0.0	0.0	0.0 	0.0 	89.1 	13.0 	0.0 	0.0 	0.0 	-0.0 	13.0 	0.0 	0.0 	0.0 	0.0	-0.354516129032	160.0	-24.9677419355	
0.716666666667	0.0	0.0	0.0 	0.0 	89.3166666667 	13.0 	0.0 	0.0 	0.0 	-0.0 	13.0 	0.0 	0.0 	0.0 	0.0	-0.354516129032	160.0	-24.9677419355	
0.733333333333	0.0	0.0	0.0 	0.0 	89.5333333333 	13.0 	0.0 	0.0 	0.0 	-0.0 	13.0 	0.0 	0.0 	0.0 	0.0	-0.354516129032	160.0	-24.9677419355	
0.75	0.0	0.0	0.0 	0.0 	89.75 	13.0 	0.0 	0.0 	0.0 	-0.0 	13.0 	0.0 	0.0 	0.0 	0.0	-0.354516129032	160.0	-24.9677419355	
0.766666666667	0.0	0.0	0.0 	0.0 	89.9666666667 	13.0 	0.0 	0.0 	0.0 	-0.0 	13.0 	0.0 	0.0 	0.0 	0.0	-0.354516129032	160.0	-24.9677419355	
0.783333333333	0.0	0.0	0.0 	0.0 	90.1833333333 	13.0 	0.0 	0.0 	0.0 	-0.0 	13.0 	0.0 	0.0 	0.0 	0.0	-0.354516129032	160.0	-24.9677419355	
0.8	0.0	0.0	0.0 	0.0 	90.4 	13.0 	0.0 	0.0 	0.0 	-0.0 	13.0 	0.0 	0.0 	0.0 	0.0	-0.354516129032	160.0	-24.9677419355	
0.816666666667	0.0	0.0	0.0 	0.0 	90.6166666667 	13.0 	0.0 	0.0 	0.0 	-0.0 	13.0 	0.0 	0.0 	0.0 	0.0	-0.354516129032	160.0	-24.9677419355	
0.833333333333	0.0	0.0	0.0 	0.0 	90.8333333333 	13.0 	0.0 	0.0 	0.0 	-0.0 	13.0 	0.0 	0.0 	0.0 	0.0	-0.354516129032	160.0	-24.9677419355	
0.85	0.0	0.0	0.0 	0.0 	91.05 	13.0 	0.0 	0.0 	0.0 	-0.0 	13.0 	0.0 	0.0 	0.0 	0.0	-0.354516129032	160.0	-24.9677419355	
0.866666666667	0.0	0.0	0.0 	0.0 	91.2666666667 	13.0 	0.0 	0.0 	0.0 	-0.0 	13.0 	0.0 	0.0 	0.0 	0.0	-0.354516129032	160.0	-24.9677419355	
0.883333333333	0.0	0.0	0.0 	0.0 	91.4833333333 	13.0 	0.0 	0.0 	0.0 	-0.0 	13.0 	0.0 	0.0 	0.0 	0.0	-0.354516129032	160.0	-24.9677419355	
0.9	0.0	0.0	0.0 	0.0 	91.7 	13.0 	0.0 	0.0 	0.0 	-0.0 	13.0 	0.0 	0.0 	0.0 	0.0	-0.354516129032	160.0	-24.9677419355	
0.916666666667	0.0	0.0	0.0 	0.0 	91.9166666667 	13.0 	0.0 	0.0 	0.0 	-0.0 	13.0 	0.0 	0.0 	0.0 	0.0	-0.354516129032	160.0	-24.9677419355	
0.933333333333	0.0	0.0	0.0 	0.0 	92.1333333333 	13.0 	0.0 	0.0 	0.0 	-0.0 	13.0 	0.0 	0.0 	0.0 	0.0	-0.354516129032	160.0	-24.9677419355	
0.95	0.0	0.0	0.0 	0.0 	92.35 	13.0 	0.0 	0.0 	0.0 	-0.0 	13.0 	0.0 	0.0 	0.0 	0.0	-0.354516129032	160.0	-24.9677419355	
0.966666666667	0.0	0.0	0.0 	0.0 	92.5666666667 	13.0 	0.0 	0.0 	0.0 	-0.0 	13.0 	0.0 	0.0 	0.0 	0.0	-0.354516129032	160.0	-24.9677419355	
0.983333333333	0.0	0.0	0.0 	0.0 	92.7833333333 	13.0 	0.0 	0.0 	0.0 	-0.0 	13.0 	0.0 	0.0 	0.0 	0.0	-0.354516129032	160.0	-24.9677419355	
1.0	0.0	0.0	0.0 	0.0 	93.0 	13.0 	0.0 	0.0 	0.0 	-0.0 	13.0 	0.0 	0.0 	0.0 	0.0	-0.354516129032	160.0	-24.9677419355	
1.01666666667	0.0	0.0	0.0 	0.0 	93.2166666667 	13.0 	0.0 	0.0 	0.0 	-0.0 	13.0 	0.0 	0.0 	0.0 	0.0	-0.354516129032	160.0	-24.9677419355	
1.03333333333	0.0	0.0	0.0 	0.0 	93.4333333333 	13.0 	0.0 	0.0 	0.0 	-0.0 	13.0 	0.0 	0.0 	0.0 	0.0	-0.354516129032	160.0	-24.9677419355	
1.05	0.0	0.0	0.0 	0.0 	93.65 	13.0 	0.0 	0.0 	0.0 	-0.0 	13.0 	0.0 	0.0 	0.0 	0.0	-0.354516129032	160.0	-24.9677419355	
1.06666666667	0.0	0.0	0.0 	0.0 	93.8666666667 	13.0 	0.0 	0.0 	0.0 	-0.0 	13.0 	0.0 	0.0 	0.0 	0.0	-0.354516129032	160.0	-24.9677419355	
1.08333333333	0.0	0.0	0.0 	0.0 	94.0833333333 	13.0 	0.0 	0.0 	0.0 	-0.0 	13.0 	0.0 	0.0 	0.0 	0.0	-0.354516129032	160.0	-24.9677419355	
1.1	0.0	0.0	0.0 	0.0 	94.3 	13.0 	0.0 	0.0 	0.0 	-0.0 	13.0 	0.0 	0.0 	0.0 	0.0	-0.354516129032	160.0	-24.9677419355	
1.11666666667	0.0	0.0	0.0 	0.0 	94.5166666667 	13.0 	0.0 	0.0 	0.0 	-0.0 	13.0 	0.0 	0.0 	0.0 	0.0	-0.354516129032	160.0	-24.9677419355	
1.13333333333	0.0	0.0	0.0 	0.0 	94.7333333333 	13.0 	0.0 	0.0 	0.0 	-0.0 	13.0 	0.0 	0.0 	0.0 	0.0	-0.354516129032	160.0	-24.9677419355	
1.15	0.0	0.0	0.0 	0.0 	94.95 	13.0 	0.0 	0.0 	0.0 	-0.0 	13.0 	0.0 	0.0 	0.0 	0.0	-0.354516129032	160.0	-24.9677419355	
1.16666666667	0.0	0.0	0.0 	0.0 	95.1666666667 	13.0 	0.0 	0.0 	0.0 	-0.0 	13.0 	0.0 	0.0 	0.0 	0.0	-0.354516129032	160.0	-24.9677419355	
1.18333333333	0.0	0.0	0.0 	0.0 	95.3833333333 	13.0 	0.0 	0.0 	0.0 	-0.0 	13.0 	0.0 	0.0 	0.0 	0.0	-0.354516129032	160.0	-24.9677419355	
1.2	0.0	0.0	0.0 	0.0 	95.6 	13.0 	0.0 	0.0 	0.0 	-0.0 	13.0 	0.0 	0.0 	0.0 	0.0	-0.354516129032	160.0	-24.9677419355	
1.21666666667	0.0	0.0	0.0 	0.0 	95.8166666667 	13.0 	0.0 	0.0 	0.0 	-0.0 	13.0 	0.0 	0.0 	0.0 	0.0	-0.354516129032	160.0	-24.9677419355	
1.23333333333	0.0	0.0	0.0 	0.0 	96.0333333333 	13.0 	0.0 	0.0 	0.0 	-0.0 	13.0 	0.0 	0.0 	0.0 	0.0	-0.354516129032	160.0	-24.9677419355	
1.25	0.0	0.0	0.0 	0.0 	96.25 	13.0 	0.0 	0.0 	0.0 	-0.0 	13.0 	0.0 	0.0 	0.0 	0.0	-0.354516129032	160.0	-24.9677419355	
1.26666666667	0.0	0.0	0.0 	0.0 	96.4666666667 	13.0 	0.0 	0.0 	0.0 	-0.0 	13.0 	0.0 	0.0 	0.0 	0.0	-0.354516129032	160.0	-24.9677419355	
1.28333333333	0.0	0.0	0.0 	0.0 	96.6833333333 	13.0 	0.0 	0.0 	0.0 	-0.0 	13.0 	0.0 	0.0 	0.0 	0.0	-0.354516129032	160.0	-24.9677419355	
1.3	0.0	0.0	0.0 	0.0 	96.9 	13.0 	0.0 	0.0 	0.0 	-0.0 	13.0 	0.0 	0.0 	0.0 	0.0	-0.354516129032	160.0	-24.9677419355	
1.31666666667	0.0	0.0	0.0 	0.0 	97.1166666667 	13.0 	0.0 	0.0 	0.0 	-0.0 	13.0 	0.0 	0.0 	0.0 	0.0	-0.354516129032	160.0	-24.9677419355	
1.33333333333	0.0	0.0	0.0 	0.0 	97.3333333333 	13.0 	0.0 	0.0 	0.0 	-0.0 	13.0 	0.0 	0.0 	0.0 	0.0	-0.354516129032	160.0	-24.9677419355	
1.35	0.0	0.0	0.0 	0.0 	97.55 	13.0 	0.0 	0.0 	0.0 	-0.0 	13.0 	0.0 	0.0 	0.0 	0.0	-0.354516129032	160.0	-24.9677419355	
1.36666666667	0.0	0.0	0.0 	0.0 	97.7666666667 	13.0 	0.0 	0.0 	0.0 	-0.0 	13.0 	0.0 	0.0 	0.0 	0.0	-0.354516129032	160.0	-24.9677419355	
1.38333333333	0.0	0.0	0.0 	0.0 	97.9833333333 	13.0 	0.0 	0.0 	0.0 	-0.0 	13.0 	0.0 	0.0 	0.0 	0.0	-0.354516129032	160.0	-24.9677419355	
1.4	0.0	0.0	0.0 	0.0 	98.2 	13.0 	0.0 	0.0 	0.0 	-0.0 	13.0 	0.0 	0.0 	0.0 	0.0	-0.354516129032	160.0	-24.9677419355	
1.41666666667	0.0	0.0	0.0 	0.0 	98.4166666667 	13.0 	0.0 	0.0 	0.0 	-0.0 	13.0 	0.0 	0.0 	0.0 	0.0	-0.354516129032	160.0	-24.9677419355	
1.43333333333	0.0	0.0	0.0 	0.0 	98.6333333333 	13.0 	0.0 	0.0 	0.0 	-0.0 	13.0 	0.0 	0.0 	0.0 	0.0	-0.354516129032	160.0	-24.9677419355	
1.45	0.0	0.0	0.0 	0.0 	98.85 	13.0 	0.0 	0.0 	0.0 	-0.0 	13.0 	0.0 	0.0 	0.0 	0.0	-0.354516129032	160.0	-24.9677419355	
1.46666666667	0.0	0.0	0.0 	0.0 	99.0666666667 	13.0 	0.0 	0.0 	0.0 	-0.0 	13.0 	0.0 	0.0 	0.0 	0.0	-0.354516129032	160.0	-24.9677419355	
1.48333333333	0.0	0.0	0.0 	0.0 	99.2833333333 	13.0 	0.0 	0.0 	0.0 	-0.0 	13.0 	0.0 	0.0 	0.0 	0.0	-0.354516129032	160.0	-24.9677419355	
1.5	0.0	0.0	0.0 	0.0 	99.5 	13.0 	0.0 	0.0 	0.0 	-0.0 	13.0 	0.0 	0.0 	0.0 	0.0	-0.354516129032	160.0	-24.9677419355	
1.51666666667	0.0	0.0	0.0 	0.0 	99.7166666667 	13.0 	0.0 	0.0 	0.0 	-0.0 	13.0 	0.0 	0.0 	0.0 	0.0	-0.354516129032	160.0	-24.9677419355	
1.53333333333	0.0	0.0	0.0 	0.0 	99.9333333333 	13.0 	0.0 	0.0 	0.0 	-0.0 	13.0 	0.0 	0.0 	0.0 	0.0	-0.354516129032	160.0	-24.9677419355	
1.55	0.0	0.0	0.0 	0.0 	100.15 	13.0 	0.0 	0.0 	0.0 	-0.0 	13.0 	0.0 	0.0 	0.0 	0.0953105196451	0.0917600704193	160.000145557	-24.9661601097	
1.56666666667	0.0	0.0	0.0 	0.0 	100.366666667 	13.0 	0.0 	0.0 	0.0 	-0.0 	13.0 	0.0 	0.0 	0.0 	0.189872084637	0.463656903296	160.001560806	-24.9633296769	
1.58333333333	0.0	0.0	0.0 	0.0 	100.583333333 	13.0 	0.0 	0.0 	0.0 	-0.0 	13.0 	0.0 	0.0 	0.0 	0.283690580296	0.773570930693	160.004864357	-24.9599470438	
1.6	0.0	0.0	0.0 	0.0 	100.8 	13.0 	0.0 	0.0 	0.0 	-0.0 	13.0 	0.0 	0.0 	0.0 	0.376771845698	0.985901732628	160.010100043	-24.9564800427	
1.61666666667	0.0	0.0	0.0 	0.0 	101.016666667 	13.0 	0.0 	0.0 	0.0 	-0.0 	13.0 	0.0 	0.0 	0.0 	0.469121674033	1.14577633341	160.017223112	-24.95325609	
1.63333333333	0.0	0.0	0.0 	0.0 	101.233333333 	13.0 	0.0 	0.0 	0.0 	-0.0 	13.0 	0.0 	0.0 	0.0 	0.56074581297	1.27417851934	160.026160751	-24.9505244412	
1.65	0.0	0.0	0.0 	0.0 	101.45 	13.0 	0.0 	0.0 	0.0 	-0.0 	13.0 	0.0 	0.0 	0.0 	0.65164996501	1.38160018353	160.03682778	-24.9484818504	
1.66666666667	0.0	0.0	0.0 	0.0 	101.666666667 	13.0 	0.0 	0.0 	0.0 	-0.0 	13.0 	0.0 	0.0 	0.0 	0.741839787845	1.47403669339	160.049133943	-24.9472873805	
1.68333333333	0.0	0.0	0.0 	0.0 	101.883333333 	13.0 	0.0 	0.0 	0.0 	-0.0 	13.0 	0.0 	0.0 	0.0 	0.831320894709	1.55523515349	160.062987614	-24.9470717837	
1.7	0.0	0.0	0.0 	0.0 	102.1 	13.0 	0.0 	0.0 	0.0 	-0.0 	13.0 	0.0 	0.0 	0.0 	0.920098854725	1.62769363348	160.07829778	-24.9479438322	
1.71666666667	0.0	0.0	0.0 	0.0 	102.316666667 	13.0 	0.0 	0.0 	0.0 	-0.0 	13.0 	0.0 	0.0 	0.0 	1.00817919326	1.69316078205	160.094975127	-24.9499947933	
1.73333333333	0.0	0.0	0.0 	0.0 	102.533333333 	13.0 	0.0 	0.0 	0.0 	-0.0 	13.0 	0.0 	0.0 	0.0 	1.09556739224	1.75290834361	160.112932634	-24.9533017099	
1.75	0.0	0.0	0.0 	0.0 	102.75 	13.0 	0.0 	0.0 	0.0 	-0.0 	13.0 	0.0 	0.0 	0.0 	1.18226889056	1.80789012642	160.132085876	-24.9579298734	
1.76666666667	0.0	0.0	0.0 	0.0 	102.966666667 	13.0 	0.0 	0.0 	0.0 	-0.0 	13.0 	0.0 	0.0 	0.0 	1.26828908432	1.85883982906	160.152353168	-24.9639347334	
1.78333333333	0.0	0.0	0.0 	0.0 	103.183333333 	13.0 	0.0 	0.0 	0.0 	-0.0 	13.0 	0.0 	0.0 	0.0 	1.35363332726	1.90633392892	160.173655598	-24.9713634018	
1.8	0.0	0.0	0.0 	0.0 	103.4 	13.0 	0.0 	0.0 	0.0 	-0.0 	13.0 	0.0 	0.0 	0.0 	1.43830693102	1.95083360782	160.195917013	-24.9802558565	
1.81666666667	0.0	0.0	0.0 	0.0 	103.616666667 	13.0 	0.0 	0.0 	0.0 	-0.0 	13.0 	0.0 	0.0 	0.0 	1.52231516553	1.99271357594	160.219063955	-24.9906459194	
1.83333333333	0.0	0.0	0.0 	0.0 	103.833333333 	13.0 	0.0 	0.0 	0.0 	-0.0 	13.0 	0.0 	0.0 	0.0 	1.60566325929	2.03228241804	160.243025582	-25.0025620611	
1.85	0.0	0.0	0.0 	0.0 	104.05 	13.0 	0.0 	0.0 	0.0 	-0.0 	13.0 	0.0 	0.0 	0.0 	1.68835639971	2.06979728803	160.267733583	-25.0160280698	
1.86666666667	0.0	0.0	0.0 	0.0 	104.266666667 	13.0 	0.0 	0.0 	0.0 	-0.0 	13.0 	0.0 	0.0 	0.0 	1.77039973345	2.10547473648	160.293122076	-25.0310636132	
1.88333333333	0.0	0.0	0.0 	0.0 	104.483333333 	13.0 	0.0 	0.0 	0.0 	-0.0 	13.0 	0.0 	0.0 	0.0 	1.85179836672	2.13949883131	160.319127511	-25.0476847144	
1.9	0.0	0.0	0.0 	0.0 	104.7 	13.0 	0.0 	0.0 	0.0 	-0.0 	13.0 	0.0 	0.0 	0.0 	1.93255736561	2.1701058707	160.345723535	-25.0658530882	
1.91666666667	0.0	0.0	0.0 	0.0 	104.916666667 	13.0 	0.0 	0.0 	0.0 	-0.0 	13.0 	0.0 	0.0 	0.0 	2.0126817564	2.19561173687	160.372930669	-25.0854749765	
1.93333333333	0.0	0.0	0.0 	0.0 	105.133333333 	13.0 	0.0 	0.0 	0.0 	-0.0 	13.0 	0.0 	0.0 	0.0 	2.09217652587	2.21686662533	160.400772512	-25.1064683419	
1.95	0.0	0.0	0.0 	0.0 	105.35 	13.0 	0.0 	0.0 	0.0 	-0.0 	13.0 	0.0 	0.0 	0.0 	2.17104662161	2.23457903239	160.429273554	-25.1287614001	
1.96666666667	0.0	0.0	0.0 	0.0 	105.566666667 	13.0 	0.0 	0.0 	0.0 	-0.0 	13.0 	0.0 	0.0 	0.0 	2.24929695234	2.24933937161	160.458457733	-25.1522912755	
1.98333333333	0.0	0.0	0.0 	0.0 	105.783333333 	13.0 	0.0 	0.0 	0.0 	-0.0 	13.0 	0.0 	0.0 	0.0 	2.32693238821	2.26163965428	160.488347526	-25.1770028076	
2.0	0.0	0.0	0.0 	0.0 	106.0 	13.0 	0.0 	0.0 	0.0 	-0.0 	13.0 	0.0 	0.0 	0.0 	2.40395776107	2.27188988985	160.51896342	-25.2028475053	
2.01666666667	0.0	0.0	0.0 	0.0 	106.216666667 	13.0 	0.0 	0.0 	0.0 	-0.0 	13.0 	0.0 	0.0 	0.0 	2.48037786485	2.28043175282	160.550323642	-25.2297826416	
2.03333333333	0.0	0.0	0.0 	0.0 	106.433333333 	13.0 	0.0 	0.0 	0.0 	-0.0 	13.0 	0.0 	0.0 	0.0 	2.55619745578	2.28754997196	160.582444068	-25.257770472	
2.05	0.0	0.0	0.0 	0.0 	106.65 	13.0 	0.0 	0.0 	0.0 	-0.0 	13.0 	0.0 	0.0 	0.0 	2.6314212527	2.29348182125	160.615338247	-25.2867775609	
2.06666666667	0.0	0.0	0.0 	0.0 	106.866666667 	13.0 	0.0 	0.0 	0.0 	-0.0 	13.0 	0.0 	0.0 	0.0 	2.70605393741	2.29842502899	160.649017508	-25.3167742018	
2.08333333333	0.0	0.0	0.0 	0.0 	107.083333333 	13.0 	0.0 	0.0 	0.0 	-0.0 	13.0 	0.0 	0.0 	0.0 	2.78010015488	2.30254436877	160.6834911	-25.3477339166	
2.1	0.0	0.0	0.0 	0.0 	107.3 	13.0 	0.0 	0.0 	0.0 	-0.0 	13.0 	0.0 	0.0 	0.0 	2.85356451361	2.30597715192	160.718766364	-25.3796330243	
2.11666666667	0.0	0.0	0.0 	0.0 	107.516666667 	13.0 	0.0 	0.0 	0.0 	-0.0 	13.0 	0.0 	0.0 	0.0 	2.92645158588	2.30883780455	160.754848915	-25.4124502676	
2.13333333333	0.0	0.0	0.0 	0.0 	107.733333333 	13.0 	0.0 	0.0 	0.0 	-0.0 	13.0 	0.0 	0.0 	0.0 	2.99876590802	2.31122168173	160.791742816	-25.4461664904	
2.15	0.0	0.0	0.0 	0.0 	107.95 	13.0 	0.0 	0.0 	0.0 	-0.0 	13.0 	0.0 	0.0 	0.0 	3.07051198073	2.31320824606	160.829450754	-25.4807643579	
2.16666666667	0.0	0.0	0.0 	0.0 	108.166666667 	13.0 	0.0 	0.0 	0.0 	-0.0 	13.0 	0.0 	0.0 	0.0 	3.14169426935	2.31486371633	160.867974203	-25.5162281152	
2.18333333333	0.0	0.0	0.0 	0.0 	108.383333333 	13.0 	0.0 	0.0 	0.0 	-0.0 	13.0 	0.0 	0.0 	0.0 	3.21231720411	2.31624327489	160.907313567	-25.5525433767	
2.2	0.0	0.0	0.0 	0.0 	108.6 	13.0 	0.0 	0.0 	0.0 	-0.0 	13.0 	0.0 	0.0 	0.0 	3.28238518046	2.31739290702	160.947468327	-25.5896969447	
2.21666666667	0.0	0.0	0.0 	0.0 	108.816666667 	13.0 	0.0 	0.0 	0.0 	-0.0 	13.0 	0.0 	0.0 	0.0 	3.35190255927	2.31835093379	160.988437155	-25.6276766518	
2.23333333333	0.0	0.0	0.0 	0.0 	109.033333333 	13.0 	0.0 	0.0 	0.0 	-0.0 	13.0 	0.0 	0.0 	0.0 	3.42087366717	2.31914928944	161.030218027	-25.6664712246	
2.25	0.0	0.0	0.0 	0.0 	109.25 	13.0 	0.0 	0.0 	0.0 	-0.0 	13.0 	0.0 	0.0 	0.0 	3.48930279678	2.31981458581	161.072808324	-25.7060701649	
2.26666666667	0.0	0.0	0.0 	0.0 	109.466666667 	13.0 	0.0 	0.0 	0.0 	-0.0 	13.0 	0.0 	0.0 	0.0 	3.55719420699	2.32036899946	161.116204913	-25.7464636482	
2.28333333333	0.0	0.0	0.0 	0.0 	109.683333333 	13.0 	0.0 	0.0 	0.0 	-0.0 	13.0 	0.0 	0.0 	0.0 	3.62455212324	2.32083101083	161.160404225	-25.7876424348	
2.3	0.0	0.0	0.0 	0.0 	109.9 	13.0 	0.0 	0.0 	0.0 	-0.0 	13.0 	0.0 	0.0 	0.0 	3.69138073773	2.3212160203	161.205402324	-25.8295977937	
2.31666666667	0.0	0.0	0.0 	0.0 	110.116666667 	13.0 	0.0 	0.0 	0.0 	-0.0 	13.0 	0.0 	0.0 	0.0 	3.75768420975	2.32153686153	161.25119496	-25.8723214366	
2.33333333333	0.0	0.0	0.0 	0.0 	110.333333333 	13.0 	0.0 	0.0 	0.0 	-0.0 	13.0 	0.0 	0.0 	0.0 	3.8234666659	2.32180422922	161.297777623	-25.9158054607	
2.35	0.0	0.0	0.0 	0.0 	110.55 	13.0 	0.0 	0.0 	0.0 	-0.0 	13.0 	0.0 	0.0 	0.0 	3.88873220034	2.32202703563	161.345145584	-25.9600423003	
2.36666666667	0.0	0.0	0.0 	0.0 	110.766666667 	13.0 	0.0 	0.0 	0.0 	-0.0 	13.0 	0.0 	0.0 	0.0 	3.95348487506	2.32221270764	161.393293934	-26.0050246839	
2.38333333333	0.0	0.0	0.0 	0.0 	110.983333333 	13.0 	0.0 	0.0 	0.0 	-0.0 	13.0 	0.0 	0.0 	0.0 	4.01772872015	2.32236743431	161.442217619	-26.0507455984	
2.4	0.0	0.0	0.0 	0.0 	111.2 	13.0 	0.0 	0.0 	0.0 	-0.0 	13.0 	0.0 	0.0 	0.0 	4.08146773401	2.32249637321	161.491911461	-26.0971982574	
2.41666666667	0.0	0.0	0.0 	0.0 	111.416666667 	13.0 	0.0 	0.0 	0.0 	-0.0 	13.0 	0.0 	0.0 	0.0 	4.14470588363	2.32260382228	161.542370189	-26.1443760747	
2.43333333333	0.0	0.0	0.0 	0.0 	111.633333333 	13.0 	0.0 	0.0 	0.0 	-0.0 	13.0 	0.0 	0.0 	0.0 	4.20744710482	2.32269336318	161.593588456	-26.1922726408	
2.45	0.0	0.0	0.0 	0.0 	111.85 	13.0 	0.0 	0.0 	0.0 	-0.0 	13.0 	0.0 	0.0 	0.0 	4.26969530248	2.3227679806	161.645560859	-26.2408817037	
2.46666666667	0.0	0.0	0.0 	0.0 	112.066666667 	13.0 	0.0 	0.0 	0.0 	-0.0 	13.0 	0.0 	0.0 	0.0 	4.3314543508	2.32283016178	161.698281951	-26.2901971512	
2.48333333333	0.0	0.0	0.0 	0.0 	112.283333333 	13.0 	0.0 	0.0 	0.0 	-0.0 	13.0 	0.0 	0.0 	0.0 	4.39272809354	2.32288197943	161.751746256	-26.3402129967	
2.5	0.0	0.0	0.0 	0.0 	112.5 	13.0 	0.0 	0.0 	0.0 	-0.0 	13.0 	0.0 	0.0 	0.0 	4.45352034426	2.3229251608	161.805948279	-26.3909233667	
2.51666666667	0.0	0.0	0.0 	0.0 	112.716666667 	13.0 	0.0 	0.0 	0.0 	-0.0 	13.0 	0.0 	0.0 	0.0 	4.51383488655	2.32296114528	161.860882517	-26.4423224899	
2.53333333333	0.0	0.0	0.0 	0.0 	112.933333333 	13.0 	0.0 	0.0 	0.0 	-0.0 	13.0 	0.0 	0.0 	0.0 	4.57367547426	2.32299113235	161.916543465	-26.4944046882	
2.55	0.0	0.0	0.0 	0.0 	113.15 	13.0 	0.0 	0.0 	0.0 	-0.0 	13.0 	0.0 	0.0 	0.0 	4.63304583175	2.32301612157	161.972925623	-26.5471643685	
2.56666666667	0.0	0.0	0.0 	0.0 	113.366666667 	13.0 	0.0 	0.0 	0.0 	-0.0 	13.0 	0.0 	0.0 	0.0 	4.69194965411	2.32303694592	162.030023502	-26.6005960162	
2.58333333333	0.0	0.0	0.0 	0.0 	113.583333333 	13.0 	0.0 	0.0 	0.0 	-0.0 	13.0 	0.0 	0.0 	0.0 	4.7503906074	2.32305429955	162.087831629	-26.6546941892	
2.6	0.0	0.0	0.0 	0.0 	113.8 	13.0 	0.0 	0.0 	0.0 	-0.0 	13.0 	0.0 	0.0 	0.0 	4.80837232887	2.3230687609	162.146344552	-26.7094535131	
2.61666666667	0.0	0.0	0.0 	0.0 	114.016666667 	13.0 	0.0 	0.0 	0.0 	-0.0 	13.0 	0.0 	0.0 	0.0 	4.86589842717	2.32308081203	162.20555684	-26.7648686767	
2.63333333333	0.0	0.0	0.0 	0.0 	114.233333333 	13.0 	0.0 	0.0 	0.0 	-0.0 	13.0 	0.0 	0.0 	0.0 	4.92297248262	2.32309085464	162.26546309	-26.8209344284	
2.65	0.0	0.0	0.0 	0.0 	114.45 	13.0 	0.0 	0.0 	0.0 	-0.0 	13.0 	0.0 	0.0 	0.0 	4.9795980474	2.32309922348	162.326057925	-26.8776455729	
2.66666666667	0.0	0.0	0.0 	0.0 	114.666666667 	13.0 	0.0 	0.0 	0.0 	-0.0 	13.0 	0.0 	0.0 	0.0 	5.03577864576	2.32310619751	162.387336001	-26.9349969688	
2.68333333333	0.0	0.0	0.0 	0.0 	114.883333333 	13.0 	0.0 	0.0 	0.0 	-0.0 	13.0 	0.0 	0.0 	0.0 	5.09151777427	2.32311200921	162.449292003	-26.9929835256	
2.7	0.0	0.0	0.0 	0.0 	115.1 	13.0 	0.0 	0.0 	0.0 	-0.0 	13.0 	0.0 	0.0 	0.0 	5.14681890202	2.32311685228	162.511920652	-27.0516002022	
2.71666666667	0.0	0.0	0.0 	0.0 	115.316666667 	13.0 	0.0 	0.0 	0.0 	-0.0 	13.0 	0.0 	0.0 	0.0 	5.20168547085	2.32312088818	162.575216701	-27.1108420049	
2.73333333333	0.0	0.0	0.0 	0.0 	115.533333333 	13.0 	0.0 	0.0 	0.0 	-0.0 	13.0 	0.0 	0.0 	0.0 	5.25612089555	2.32312425143	162.63917494	-27.1707039858	
2.75	0.0	0.0	0.0 	0.0 	115.75 	13.0 	0.0 	0.0 	0.0 	-0.0 	13.0 	0.0 	0.0 	0.0 	5.31012856405	2.32312705414	162.703790192	-27.2311812413	
2.76666666667	0.0	0.0	0.0 	0.0 	115.966666667 	13.0 	0.0 	0.0 	0.0 	-0.0 	13.0 	0.0 	0.0 	0.0 	5.36371183769	2.32312938973	162.769057319	-27.2922689112	
2.78333333333	0.0	0.0	0.0 	0.0 	116.183333333 	13.0 	0.0 	0.0 	0.0 	-0.0 	13.0 	0.0 	0.0 	0.0 	5.41687405138	2.32313133605	162.834971219	-27.3539621773	
2.8	0.0	0.0	0.0 	0.0 	116.4 	13.0 	0.0 	0.0 	0.0 	-0.0 	13.0 	0.0 	0.0 	0.0 	5.46961851384	2.32313295799	162.901526825	-27.4162562628	
2.81666666667	0.0	0.0	0.0 	0.0 	116.616666667 	13.0 	0.0 	0.0 	0.0 	-0.0 	13.0 	0.0 	0.0 	0.0 	5.52194850778	2.32313430961	162.968719111	-27.4791464312	
2.83333333333	0.0	0.0	0.0 	0.0 	116.833333333 	13.0 	0.0 	0.0 	0.0 	-0.0 	13.0 	0.0 	0.0 	0.0 	5.5738672901	2.32313543595	163.036543084	-27.5426279855	
2.85	0.0	0.0	0.0 	0.0 	117.05 	13.0 	0.0 	0.0 	0.0 	-0.0 	13.0 	0.0 	0.0 	0.0 	5.62537809213	2.32313637457	163.104993791	-27.6066962678	
2.86666666667	0.0	0.0	0.0 	0.0 	117.266666667 	13.0 	0.0 	0.0 	0.0 	-0.0 	13.0 	0.0 	0.0 	0.0 	5.6764841198	2.32313715676	163.174066315	-27.6713466585	
2.88333333333	0.0	0.0	0.0 	0.0 	117.483333333 	13.0 	0.0 	0.0 	0.0 	-0.0 	13.0 	0.0 	0.0 	0.0 	5.72718855384	2.32313780858	163.243755778	-27.7365745755	
2.9	0.0	0.0	0.0 	0.0 	117.7 	13.0 	0.0 	0.0 	0.0 	-0.0 	13.0 	0.0 	0.0 	0.0 	5.77749454999	2.32313835176	163.314057338	-27.8023754741	
2.91666666667	0.0	0.0	0.0 	0.0 	117.916666667 	13.0 	0.0 	0.0 	0.0 	-0.0 	13.0 	0.0 	0.0 	0.0 	5.82740523921	2.32313880441	163.38496619	-27.8687448465	
2.93333333333	0.0	0.0	0.0 	0.0 	118.133333333 	13.0 	0.0 	0.0 	0.0 	-0.0 	13.0 	0.0 	0.0 	0.0 	5.87692372782	2.32313918162	163.456477566	-27.9356782209	
2.95	0.0	0.0	0.0 	0.0 	118.35 	13.0 	0.0 	0.0 	0.0 	-0.0 	13.0 	0.0 	0.0 	0.0 	5.92605309777	2.32313949597	163.528586734	-28.0031711614	
2.96666666667	0.0	0.0	0.0 	0.0 	118.566666667 	13.0 	0.0 	0.0 	0.0 	-0.0 	13.0 	0.0 	0.0 	0.0 	5.97479640676	2.32313975792	163.601289002	-28.0712192678	
2.98333333333	0.0	0.0	0.0 	0.0 	118.783333333 	13.0 	0.0 	0.0 	0.0 	-0.0 	13.0 	0.0 	0.0 	0.0 	6.02315668848	2.32313997621	163.67457971	-28.1398181747	
3.0	0.0	0.0	0.0 	0.0 	119.0 	13.0 	0.0 	0.0 	0.0 	-0.0 	13.0 	0.0 	0.0 	0.0 	6.07113695278	2.32314015812	163.748454237	-28.2089635516	
3.01666666667	0.0	0.0	0.0 	0.0 	119.216666667 	13.0 	0.0 	0.0 	0.0 	-0.0 	13.0 	0.0 	0.0 	0.0 	6.11874018585	2.32314030971	163.822907996	-28.2786511024	
3.03333333333	0.0	0.0	0.0 	0.0 	119.433333333 	13.0 	0.0 	0.0 	0.0 	-0.0 	13.0 	0.0 	0.0 	0.0 	6.16596935042	2.32314043604	163.897936439	-28.3488765651	
3.05	0.0	0.0	0.0 	0.0 	119.65 	13.0 	0.0 	0.0 	0.0 	-0.0 	13.0 	0.0 	0.0 	0.0 	6.21282738594	2.32314054131	163.973535049	-28.4196357113	
3.06666666667	0.0	0.0	0.0 	0.0 	119.866666667 	13.0 	0.0 	0.0 	0.0 	-0.0 	13.0 	0.0 	0.0 	0.0 	6.25931720877	2.32314062904	164.049699349	-28.4909243462	
3.08333333333	0.0	0.0	0.0 	0.0 	120.083333333 	13.0 	0.0 	0.0 	0.0 	-0.0 	13.0 	0.0 	0.0 	0.0 	6.30544171232	2.32314070215	164.126424893	-28.562738308	
3.1	0.0	0.0	0.0 	0.0 	120.3 	13.0 	0.0 	0.0 	0.0 	-0.0 	13.0 	0.0 	0.0 	0.0 	6.35120376731	2.32314076307	164.203707272	-28.635073468	
3.11666666667	0.0	0.0	0.0 	0.0 	120.516666667 	13.0 	0.0 	0.0 	0.0 	-0.0 	13.0 	0.0 	0.0 	0.0 	6.39660622186	2.32314081384	164.281542111	-28.7079257297	
3.13333333333	0.0	0.0	0.0 	0.0 	120.733333333 	13.0 	0.0 	0.0 	0.0 	-0.0 	13.0 	0.0 	0.0 	0.0 	6.44165190174	2.32314085614	164.359925069	-28.7812910292	
3.15	0.0	0.0	0.0 	0.0 	120.95 	13.0 	0.0 	0.0 	0.0 	-0.0 	13.0 	0.0 	0.0 	0.0 	6.4863436105	2.3231408914	164.43885184	-28.8551653346	
3.16666666667	0.0	0.0	0.0 	0.0 	121.166666667 	13.0 	0.0 	0.0 	0.0 	-0.0 	13.0 	0.0 	0.0 	0.0 	6.53068412965	2.32314092078	164.518318151	-28.9295446456	
3.18333333333	0.0	0.0	0.0 	0.0 	121.383333333 	13.0 	0.0 	0.0 	0.0 	-0.0 	13.0 	0.0 	0.0 	0.0 	6.57467621888	2.32314094526	164.598319762	-29.0044249936	
3.2	0.0	0.0	0.0 	0.0 	121.6 	13.0 	0.0 	0.0 	0.0 	-0.0 	13.0 	0.0 	0.0 	0.0 	6.61832261614	2.32314096566	164.678852467	-29.0798024411	
3.21666666667	0.0	0.0	0.0 	0.0 	121.816666667 	13.0 	0.0 	0.0 	0.0 	-0.0 	13.0 	0.0 	0.0 	0.0 	6.66162603792	2.32314098267	164.759912093	-29.1556730816	
3.23333333333	0.0	0.0	0.0 	0.0 	122.033333333 	13.0 	0.0 	0.0 	0.0 	-0.0 	13.0 	0.0 	0.0 	0.0 	6.70458917932	2.32314099684	164.8414945	-29.2320330394	
3.25	0.0	0.0	0.0 	0.0 	122.25 	13.0 	0.0 	0.0 	0.0 	-0.0 	13.0 	0.0 	0.0 	0.0 	6.74721471428	2.32314100864	164.92359558	-29.3088784692	
3.26666666667	0.0	0.0	0.0 	0.0 	122.466666667 	13.0 	0.0 	0.0 	0.0 	-0.0 	13.0 	0.0 	0.0 	0.0 	6.78950529574	2.32314101848	165.006211256	-29.3862055561	
3.28333333333	0.0	0.0	0.0 	0.0 	122.683333333 	13.0 	0.0 	0.0 	0.0 	-0.0 	13.0 	0.0 	0.0 	0.0 	6.83146355578	2.32314102668	165.089337486	-29.4640105149	
3.3	0.0	0.0	0.0 	0.0 	122.9 	13.0 	0.0 	0.0 	0.0 	-0.0 	13.0 	0.0 	0.0 	0.0 	6.87309210578	2.32314103351	165.172970258	-29.5422895906	
3.31666666667	0.0	0.0	0.0 	0.0 	123.116666667 	13.0 	0.0 	0.0 	0.0 	-0.0 	13.0 	0.0 	0.0 	0.0 	6.91439353664	2.32314103921	165.257105591	-29.6210390573	
3.33333333333	0.0	0.0	0.0 	0.0 	123.333333333 	13.0 	0.0 	0.0 	0.0 	-0.0 	13.0 	0.0 	0.0 	0.0 	6.95537041886	2.32314104395	165.341739536	-29.7002552187	
3.35	0.0	0.0	0.0 	0.0 	123.55 	13.0 	0.0 	0.0 	0.0 	-0.0 	13.0 	0.0 	0.0 	0.0 	6.99602530276	2.32314104791	165.426868176	-29.7799344073	
3.36666666667	0.0	0.0	0.0 	0.0 	123.766666667 	13.0 	0.0 	0.0 	0.0 	-0.0 	13.0 	0.0 	0.0 	0.0 	7.03636071864	2.3231410512	165.512487622	-29.8600729847	
3.38333333333	0.0	0.0	0.0 	0.0 	123.983333333 	13.0 	0.0 	0.0 	0.0 	-0.0 	13.0 	0.0 	0.0 	0.0 	7.07637917687	2.32314105395	165.598594018	-29.9406673408	
3.4	0.0	0.0	0.0 	0.0 	124.2 	13.0 	0.0 	0.0 	0.0 	-0.0 	13.0 	0.0 	0.0 	0.0 	7.11608316813	2.32314105624	165.685183538	-30.0217138942	
3.41666666667	0.0	0.0	0.0 	0.0 	124.416666667 	13.0 	0.0 	0.0 	0.0 	-0.0 	13.0 	0.0 	0.0 	0.0 	7.15547516351	2.32314105814	165.772252385	-30.1032090914	
3.43333333333	0.0	0.0	0.0 	0.0 	124.633333333 	13.0 	0.0 	0.0 	0.0 	-0.0 	13.0 	0.0 	0.0 	0.0 	7.1945576147	2.32314105973	165.859796794	-30.1851494069	
3.45	0.0	0.0	0.0 	0.0 	124.85 	13.0 	0.0 	0.0 	0.0 	-0.0 	13.0 	0.0 	0.0 	0.0 	7.2333329541	2.32314106106	165.947813025	-30.267531343	
3.46666666667	0.0	0.0	0.0 	0.0 	125.066666667 	13.0 	0.0 	0.0 	0.0 	-0.0 	13.0 	0.0 	0.0 	0.0 	7.27180359502	2.32314106216	166.036297373	-30.3503514292	
3.48333333333	0.0	0.0	0.0 	0.0 	125.283333333 	13.0 	0.0 	0.0 	0.0 	-0.0 	13.0 	0.0 	0.0 	0.0 	7.30997193179	2.32314106308	166.125246159	-30.4336062227	
3.5	0.0	0.0	0.0 	0.0 	125.5 	13.0 	0.0 	0.0 	0.0 	-0.0 	13.0 	0.0 	0.0 	0.0 	7.34784033993	2.32314106385	166.214655733	-30.5172923075	
3.51666666667	0.0	0.0	0.0 	0.0 	125.716666667 	13.0 	0.0 	0.0 	0.0 	-0.0 	13.0 	0.0 	0.0 	0.0 	7.38541117629	2.32314106448	166.304522474	-30.6014062944	
3.53333333333	0.0	0.0	0.0 	0.0 	125.933333333 	13.0 	0.0 	0.0 	0.0 	-0.0 	13.0 	0.0 	0.0 	0.0 	7.42268677922	2.32314106502	166.39484279	-30.685944821	
3.55	0.0	0.0	0.0 	0.0 	126.15 	13.0 	0.0 	0.0 	0.0 	-0.0 	13.0 	0.0 	0.0 	0.0 	7.45966946866	2.32314106546	166.485613117	-30.7709045511	
3.56666666667	0.0	0.0	0.0 	0.0 	126.366666667 	13.0 	0.0 	0.0 	0.0 	-0.0 	13.0 	0.0 	0.0 	0.0 	7.49636154634	2.32314106583	166.576829918	-30.856282175	
3.58333333333	0.0	0.0	0.0 	0.0 	126.583333333 	13.0 	0.0 	0.0 	0.0 	-0.0 	13.0 	0.0 	0.0 	0.0 	7.53276529592	2.32314106614	166.668489685	-30.9420744089	
3.6	0.0	0.0	0.0 	0.0 	126.8 	13.0 	0.0 	0.0 	0.0 	-0.0 	13.0 	0.0 	0.0 	0.0 	7.56888298307	2.32314106639	166.760588937	-31.0282779946	
3.61666666667	0.0	0.0	0.0 	0.0 	127.016666667 	13.0 	0.0 	0.0 	0.0 	-0.0 	13.0 	0.0 	0.0 	0.0 	7.6047168557	2.32314106661	166.853124221	-31.1148896998	
3.63333333333	0.0	0.0	0.0 	0.0 	127.233333333 	13.0 	0.0 	0.0 	0.0 	-0.0 	13.0 	0.0 	0.0 	0.0 	7.64026914403	2.32314106679	166.94609211	-31.2019063174	
3.65	0.0	0.0	0.0 	0.0 	127.45 	13.0 	0.0 	0.0 	0.0 	-0.0 	13.0 	0.0 	0.0 	0.0 	7.67554206077	2.32314106693	167.039489205	-31.2893246656	
3.66666666667	0.0	0.0	0.0 	0.0 	127.666666667 	13.0 	0.0 	0.0 	0.0 	-0.0 	13.0 	0.0 	0.0 	0.0 	7.71053780123	2.32314106706	167.133312133	-31.3771415876	
3.68333333333	0.0	0.0	0.0 	0.0 	127.883333333 	13.0 	0.0 	0.0 	0.0 	-0.0 	13.0 	0.0 	0.0 	0.0 	7.74525854348	2.32314106716	167.227557549	-31.4653539515	
3.7	0.0	0.0	0.0 	0.0 	128.1 	13.0 	0.0 	0.0 	0.0 	-0.0 	13.0 	0.0 	0.0 	0.0 	7.77970644846	2.32314106725	167.322222131	-31.5539586496	
3.71666666667	0.0	0.0	0.0 	0.0 	128.316666667 	13.0 	0.0 	0.0 	0.0 	-0.0 	13.0 	0.0 	0.0 	0.0 	7.81388366015	2.32314106732	167.417302586	-31.6429525992	
3.73333333333	0.0	0.0	0.0 	0.0 	128.533333333 	13.0 	0.0 	0.0 	0.0 	-0.0 	13.0 	0.0 	0.0 	0.0 	7.84779230566	2.32314106738	167.512795647	-31.7323327414	
3.75	0.0	0.0	0.0 	0.0 	128.75 	13.0 	0.0 	0.0 	0.0 	-0.0 	13.0 	0.0 	0.0 	0.0 	7.8814344954	2.32314106743	167.608698071	-31.8220960416	
3.76666666667	0.0	0.0	0.0 	0.0 	128.966666667 	13.0 	0.0 	0.0 	0.0 	-0.0 	13.0 	0.0 	0.0 	0.0 	7.91481232319	2.32314106747	167.705006641	-31.9122394887	
3.78333333333	0.0	0.0	0.0 	0.0 	129.183333333 	13.0 	0.0 	0.0 	0.0 	-0.0 	13.0 	0.0 	0.0 	0.0 	7.9479278664	2.3231410675	167.801718165	-32.0027600957	
3.8	0.0	0.0	0.0 	0.0 	129.4 	13.0 	0.0 	0.0 	0.0 	-0.0 	13.0 	0.0 	0.0 	0.0 	7.98078318608	2.32314106753	167.898829478	-32.0936548988	
3.81666666667	0.0	0.0	0.0 	0.0 	129.616666667 	13.0 	0.0 	0.0 	0.0 	-0.0 	13.0 	0.0 	0.0 	0.0 	8.01338032708	2.32314106756	167.996337437	-32.1849209576	
3.83333333333	0.0	0.0	0.0 	0.0 	129.833333333 	13.0 	0.0 	0.0 	0.0 	-0.0 	13.0 	0.0 	0.0 	0.0 	8.04572131817	2.32314106758	168.094238927	-32.2765553546	
3.85	0.0	0.0	0.0 	0.0 	130.05 	13.0 	0.0 	0.0 	0.0 	-0.0 	13.0 	0.0 	0.0 	0.0 	8.0778081722	2.32314106759	168.192530853	-32.3685551954	
3.86666666667	0.0	0.0	0.0 	0.0 	130.266666667 	13.0 	0.0 	0.0 	0.0 	-0.0 	13.0 	0.0 	0.0 	0.0 	8.10964288618	2.32314106761	168.291210149	-32.4609176085	
3.88333333333	0.0	0.0	0.0 	0.0 	130.483333333 	13.0 	0.0 	0.0 	0.0 	-0.0 	13.0 	0.0 	0.0 	0.0 	8.14122744145	2.32314106762	168.390273771	-32.5536397447	
3.9	0.0	0.0	0.0 	0.0 	130.7 	13.0 	0.0 	0.0 	0.0 	-0.0 	13.0 	0.0 	0.0 	0.0 	8.17256380376	2.32314106763	168.489718698	-32.6467187772	
3.91666666667	0.0	0.0	0.0 	0.0 	130.916666667 	13.0 	0.0 	0.0 	0.0 	-0.0 	13.0 	0.0 	0.0 	0.0 	8.20365392343	2.32314106764	168.589541933	-32.7401519016	
3.93333333333	0.0	0.0	0.0 	0.0 	131.133333333 	13.0 	0.0 	0.0 	0.0 	-0.0 	13.0 	0.0 	0.0 	0.0 	8.23449973544	2.32314106764	168.689740505	-32.8339363353	
3.95	0.0	0.0	0.0 	0.0 	131.35 	13.0 	0.0 	0.0 	0.0 	-0.0 	13.0 	0.0 	0.0 	0.0 	8.26510315957	2.32314106765	168.790311464	-32.9280693179	
3.96666666667	0.0	0.0	0.0 	0.0 	131.566666667 	13.0 	0.0 	0.0 	0.0 	-0.0 	13.0 	0.0 	0.0 	0.0 	8.29546610052	2.32314106765	168.891251884	-33.0225481103	
3.98333333333	0.0	0.0	0.0 	0.0 	131.783333333 	13.0 	0.0 	0.0 	0.0 	-0.0 	13.0 	0.0 	0.0 	0.0 	8.32559044802	2.32314106766	168.992558861	-33.1173699951	
4.0	0.0	0.0	0.0 	0.0 	132.0 	13.0 	0.0 	0.0 	0.0 	-0.0 	13.0 	0.0 	0.0 	0.0 	8.35547807694	2.32314106766	169.094229515	-33.2125322764	
4.01666666667	0.0	0.0	0.0 	0.0 	132.216666667 	13.0 	0.0 	0.0 	0.0 	-0.0 	13.0 	0.0 	0.0 	0.0 	8.38513084744	2.32314106766	169.196260988	-33.3080322793	
4.03333333333	0.0	0.0	0.0 	0.0 	132.433333333 	13.0 	0.0 	0.0 	0.0 	-0.0 	13.0 	0.0 	0.0 	0.0 	8.41455060504	2.32314106767	169.298650444	-33.40386735	
4.05	0.0	0.0	0.0 	0.0 	132.65 	13.0 	0.0 	0.0 	0.0 	-0.0 	13.0 	0.0 	0.0 	0.0 	8.44373918077	2.32314106767	169.401395072	-33.5000348554	
4.06666666667	0.0	0.0	0.0 	0.0 	132.866666667 	13.0 	0.0 	0.0 	0.0 	-0.0 	13.0 	0.0 	0.0 	0.0 	8.47269839126	2.32314106767	169.504492079	-33.5965321833	
4.08333333333	0.0	0.0	0.0 	0.0 	133.083333333 	13.0 	0.0 	0.0 	0.0 	-0.0 	13.0 	0.0 	0.0 	0.0 	8.50143003888	2.32314106767	169.607938698	-33.6933567419	
4.1	0.0	0.0	0.0 	0.0 	133.3 	13.0 	0.0 	0.0 	0.0 	-0.0 	13.0 	0.0 	0.0 	0.0 	8.52993591184	2.32314106767	169.711732179	-33.7905059599	
4.11666666667	0.0	0.0	0.0 	0.0 	133.516666667 	13.0 	0.0 	0.0 	0.0 	-0.0 	13.0 	0.0 	0.0 	0.0 	8.55821778427	2.32314106767	169.815869799	-33.887977286	
4.13333333333	0.0	0.0	0.0 	0.0 	133.733333333 	13.0 	0.0 	0.0 	0.0 	-0.0 	13.0 	0.0 	0.0 	0.0 	8.58627741638	2.32314106767	169.920348852	-33.985768189	
4.15	0.0	0.0	0.0 	0.0 	133.95 	13.0 	0.0 	0.0 	0.0 	-0.0 	13.0 	0.0 	0.0 	0.0 	8.61411655455	2.32314106767	170.025166656	-34.0838761579	
4.16666666667	0.0	0.0	0.0 	0.0 	134.166666667 	13.0 	0.0 	0.0 	0.0 	-0.0 	13.0 	0.0 	0.0 	0.0 	8.64173693144	2.32314106767	170.130320549	-34.1822987009	
4.18333333333	0.0	0.0	0.0 	0.0 	134.383333333 	13.0 	0.0 	0.0 	0.0 	-0.0 	13.0 	0.0 	0.0 	0.0 	8.66914026607	2.32314106768	170.235807889	-34.2810333463	
4.2	0.0	0.0	0.0 	0.0 	134.6 	13.0 	0.0 	0.0 	0.0 	-0.0 	13.0 	0.0 	0.0 	0.0 	8.69632826398	2.32314106768	170.341626057	-34.3800776414	
4.21666666667	0.0	0.0	0.0 	0.0 	134.816666667 	13.0 	0.0 	0.0 	0.0 	-0.0 	13.0 	0.0 	0.0 	0.0 	8.72330261729	2.32314106768	170.447772452	-34.4794291531	
4.23333333333	0.0	0.0	0.0 	0.0 	135.033333333 	13.0 	0.0 	0.0 	0.0 	-0.0 	13.0 	0.0 	0.0 	0.0 	8.75006500483	2.32314106768	170.554244496	-34.5790854672	
4.25	0.0	0.0	0.0 	0.0 	135.25 	13.0 	0.0 	0.0 	0.0 	-0.0 	13.0 	0.0 	0.0 	0.0 	8.77661709225	2.32314106768	170.66103963	-34.6790441885	
4.26666666667	0.0	0.0	0.0 	0.0 	135.466666667 	13.0 	0.0 	0.0 	0.0 	-0.0 	13.0 	0.0 	0.0 	0.0 	8.80296053208	2.32314106768	170.768155315	-34.7793029408	
4.28333333333	0.0	0.0	0.0 	0.0 	135.683333333 	13.0 	0.0 	0.0 	0.0 	-0.0 	13.0 	0.0 	0.0 	0.0 	8.8290969639	2.32314106768	170.875589031	-34.8798593663	
4.3	0.0	0.0	0.0 	0.0 	135.9 	13.0 	0.0 	0.0 	0.0 	-0.0 	13.0 	0.0 	0.0 	0.0 	8.85502801437	2.32314106768	170.98333828	-34.9807111259	
4.31666666667	0.0	0.0	0.0 	0.0 	136.116666667 	13.0 	0.0 	0.0 	0.0 	-0.0 	13.0 	0.0 	0.0 	0.0 	8.8807552974	2.32314106768	171.091400582	-35.081855899	
4.33333333333	0.0	0.0	0.0 	0.0 	136.333333333 	13.0 	0.0 	0.0 	0.0 	-0.0 	13.0 	0.0 	0.0 	0.0 	8.9062804142	2.32314106768	171.199773478	-35.1832913829	
4.35	0.0	0.0	0.0 	0.0 	136.55 	13.0 	0.0 	0.0 	0.0 	-0.0 	13.0 	0.0 	0.0 	0.0 	8.93160495341	2.32314106768	171.308454526	-35.2850152933	
4.36666666667	0.0	0.0	0.0 	0.0 	136.766666667 	13.0 	0.0 	0.0 	0.0 	-0.0 	13.0 	0.0 	0.0 	0.0 	8.95673049116	2.32314106768	171.417441305	-35.3870253637	
4.38333333333	0.0	0.0	0.0 	0.0 	136.983333333 	13.0 	0.0 	0.0 	0.0 	-0.0 	13.0 	0.0 	0.0 	0.0 	8.98165859123	2.32314106768	171.526731413	-35.4893193454	
4.4	0.0	0.0	0.0 	0.0 	137.2 	13.0 	0.0 	0.0 	0.0 	-0.0 	13.0 	0.0 	0.0 	0.0 	9.00639080509	2.32314106768	171.636322466	-35.5918950074	
4.41666666667	0.0	0.0	0.0 	0.0 	137.416666667 	13.0 	0.0 	0.0 	0.0 	-0.0 	13.0 	0.0 	0.0 	0.0 	9.03092867202	2.32314106768	171.7462121	-35.6947501363	
4.43333333333	0.0	0.0	0.0 	0.0 	137.633333333 	13.0 	0.0 	0.0 	0.0 	-0.0 	13.0 	0.0 	0.0 	0.0 	9.05527371921	2.32314106768	171.856397967	-35.7978825361	
4.45	0.0	0.0	0.0 	0.0 	137.85 	13.0 	0.0 	0.0 	0.0 	-0.0 	13.0 	0.0 	0.0 	0.0 	9.07942746185	2.32314106768	171.966877741	-35.9012900278	
4.46666666667	0.0	0.0	0.0 	0.0 	138.066666667 	13.0 	0.0 	0.0 	0.0 	-0.0 	13.0 	0.0 	0.0 	0.0 	9.10339140321	2.32314106768	172.077649111	-36.0049704499	
4.48333333333	0.0	0.0	0.0 	0.0 	138.283333333 	13.0 	0.0 	0.0 	0.0 	-0.0 	13.0 	0.0 	0.0 	0.0 	9.12716703477	2.32314106768	172.188709787	-36.1089216576	
4.5	0.0	0.0	0.0 	0.0 	138.5 	13.0 	0.0 	0.0 	0.0 	-0.0 	13.0 	0.0 	0.0 	0.0 	9.15075583627	2.32314106768	172.300057494	-36.213141523	
4.51666666667	0.0	0.0	0.0 	0.0 	138.716666667 	13.0 	0.0 	0.0 	0.0 	-0.0 	13.0 	0.0 	0.0 	0.0 	9.17415927583	2.32314106768	172.411689978	-36.3176279351	
4.53333333333	0.0	0.0	0.0 	0.0 	138.933333333 	13.0 	0.0 	0.0 	0.0 	-0.0 	13.0 	0.0 	0.0 	0.0 	9.19737881004	2.32314106768	172.523605001	-36.4223787994	
4.55	0.0	0.0	0.0 	0.0 	139.15 	13.0 	0.0 	0.0 	0.0 	-0.0 	13.0 	0.0 	0.0 	0.0 	9.22041588403	2.32314106768	172.635800342	-36.5273920376	
4.56666666667	0.0	0.0	0.0 	0.0 	139.366666667 	13.0 	0.0 	0.0 	0.0 	-0.0 	13.0 	0.0 	0.0 	0.0 	9.24327193158	2.32314106768	172.748273798	-36.6326655882	
4.58333333333	0.0	0.0	0.0 	0.0 	139.583333333 	13.0 	0.0 	0.0 	0.0 	-0.0 	13.0 	0.0 	0.0 	0.0 	9.26594837521	2.32314106768	172.861023185	-36.7381974055	
4.6	0.0	0.0	0.0 	0.0 	139.8 	13.0 	0.0 	0.0 	0.0 	-0.0 	13.0 	0.0 	0.0 	0.0 	9.28844662626	2.32314106768	172.974046334	-36.8439854601	
4.61666666667	0.0	0.0	0.0 	0.0 	140.016666667 	13.0 	0.0 	0.0 	0.0 	-0.0 	13.0 	0.0 	0.0 	0.0 	9.31076808496	2.32314106768	173.087341093	-36.9500277384	
4.63333333333	0.0	0.0	0.0 	0.0 	140.233333333 	13.0 	0.0 	0.0 	0.0 	-0.0 	13.0 	0.0 	0.0 	0.0 	9.33291414057	2.32314106768	173.200905329	-37.0563222427	
4.65	0.0	0.0	0.0 	0.0 	140.45 	13.0 	0.0 	0.0 	0.0 	-0.0 	13.0 	0.0 	0.0 	0.0 	9.3548861714	2.32314106768	173.314736924	-37.1628669911	
4.66666666667	0.0	0.0	0.0 	0.0 	140.666666667 	13.0 	0.0 	0.0 	0.0 	-0.0 	13.0 	0.0 	0.0 	0.0 	9.37668554496	2.32314106768	173.428833777	-37.2696600171	
4.68333333333	0.0	0.0	0.0 	0.0 	140.883333333 	13.0 	0.0 	0.0 	0.0 	-0.0 	13.0 	0.0 	0.0 	0.0 	9.39831361799	2.32314106768	173.543193803	-37.3766993698	
4.7	0.0	0.0	0.0 	0.0 	141.1 	13.0 	0.0 	0.0 	0.0 	-0.0 	13.0 	0.0 	0.0 	0.0 	9.41977173658	2.32314106768	173.657814934	-37.4839831134	
4.71666666667	0.0	0.0	0.0 	0.0 	141.316666667 	13.0 	0.0 	0.0 	0.0 	-0.0 	13.0 	0.0 	0.0 	0.0 	9.44106123624	2.32314106768	173.772695119	-37.5915093276	
4.73333333333	0.0	0.0	0.0 	0.0 	141.533333333 	13.0 	0.0 	0.0 	0.0 	-0.0 	13.0 	0.0 	0.0 	0.0 	9.46218344199	2.32314106768	173.887832323	-37.6992761069	
4.75	0.0	0.0	0.0 	0.0 	141.75 	13.0 	0.0 	0.0 	0.0 	-0.0 	13.0 	0.0 	0.0 	0.0 	9.48313966843	2.32314106768	174.003224524	-37.8072815612	
4.76666666667	0.0	0.0	0.0 	0.0 	141.966666667 	13.0 	0.0 	0.0 	0.0 	-0.0 	13.0 	0.0 	0.0 	0.0 	9.50393121983	2.32314106768	174.11886972	-37.9155238147	
4.78333333333	0.0	0.0	0.0 	0.0 	142.183333333 	13.0 	0.0 	0.0 	0.0 	-0.0 	13.0 	0.0 	0.0 	0.0 	9.52455939022	2.32314106768	174.234765923	-38.0240010067	
4.8	0.0	0.0	0.0 	0.0 	142.4 	13.0 	0.0 	0.0 	0.0 	-0.0 	13.0 	0.0 	0.0 	0.0 	9.54502546345	2.32314106768	174.35091116	-38.1327112912	
4.81666666667	0.0	0.0	0.0 	0.0 	142.616666667 	13.0 	0.0 	0.0 	0.0 	-0.0 	13.0 	0.0 	0.0 	0.0 	9.5653307133	2.32314106768	174.467303474	-38.2416528363	
4.83333333333	0.0	0.0	0.0 	0.0 	142.833333333 	13.0 	0.0 	0.0 	0.0 	-0.0 	13.0 	0.0 	0.0 	0.0 	9.58547640351	2.32314106768	174.583940923	-38.3508238249	
4.85	0.0	0.0	0.0 	0.0 	143.05 	13.0 	0.0 	0.0 	0.0 	-0.0 	13.0 	0.0 	0.0 	0.0 	9.60546378792	2.32314106768	174.700821582	-38.460222454	
4.86666666667	0.0	0.0	0.0 	0.0 	143.266666667 	13.0 	0.0 	0.0 	0.0 	-0.0 	13.0 	0.0 	0.0 	0.0 	9.6252941105	2.32314106768	174.81794354	-38.5698469348	
4.88333333333	0.0	0.0	0.0 	0.0 	143.483333333 	13.0 	0.0 	0.0 	0.0 	-0.0 	13.0 	0.0 	0.0 	0.0 	9.64496860545	2.32314106768	174.935304899	-38.6796954925	
4.9	0.0	0.0	0.0 	0.0 	143.7 	13.0 	0.0 	0.0 	0.0 	-0.0 	13.0 	0.0 	0.0 	0.0 	9.66448849727	2.32314106768	175.052903779	-38.7897663663	
4.91666666667	0.0	0.0	0.0 	0.0 	143.916666667 	13.0 	0.0 	0.0 	0.0 	-0.0 	13.0 	0.0 	0.0 	0.0 	9.68385500084	2.32314106768	175.170738313	-38.9000578093	
4.93333333333	0.0	0.0	0.0 	0.0 	144.133333333 	13.0 	0.0 	0.0 	0.0 	-0.0 	13.0 	0.0 	0.0 	0.0 	9.70306932149	2.32314106768	175.288806651	-39.0105680881	
4.95	0.0	0.0	0.0 	0.0 	144.35 	13.0 	0.0 	0.0 	0.0 	-0.0 	13.0 	0.0 	0.0 	0.0 	9.72213265509	2.32314106768	175.407106953	-39.1212954833	
4.96666666667	0.0	0.0	0.0 	0.0 	144.566666667 	13.0 	0.0 	0.0 	0.0 	-0.0 	13.0 	0.0 	0.0 	0.0 	9.74104618809	2.32314106768	175.525637398	-39.2322382886	
4.98333333333	0.0	0.0	0.0 	0.0 	144.783333333 	13.0 	0.0 	0.0 	0.0 	-0.0 	13.0 	0.0 	0.0 	0.0 	9.75981109764	2.32314106768	175.644396177	-39.3433948114	
5.0	0.0	0.0	0.0 	0.0 	145.0 	13.0 	0.0 	0.0 	0.0 	-0.0 	13.0 	0.0 	0.0 	0.0 	9.77842855162	2.32314106768	175.763381496	-39.4547633722	
5.01666666667	0.0	0.0	0.0 	0.0 	145.216666667 	13.0 	0.0 	0.0 	0.0 	-0.0 	13.0 	0.0 	0.0 	0.0 	9.79689970876	2.32314106768	175.882591575	-39.5663423049	
5.03333333333	0.0	0.0	0.0 	0.0 	145.433333333 	13.0 	0.0 	0.0 	0.0 	-0.0 	13.0 	0.0 	0.0 	0.0 	9.81522571865	2.32314106768	176.002024647	-39.6781299564	
5.05	0.0	0.0	0.0 	0.0 	145.65 	13.0 	0.0 	0.0 	0.0 	-0.0 	13.0 	0.0 	0.0 	0.0 	9.83340772188	2.32314106768	176.121678961	-39.7901246864	
5.06666666667	0.0	0.0	0.0 	0.0 	145.866666667 	13.0 	0.0 	0.0 	0.0 	-0.0 	13.0 	0.0 	0.0 	0.0 	9.85144685004	2.32314106768	176.241552777	-39.9023248679	
5.08333333333	0.0	0.0	0.0 	0.0 	146.083333333 	13.0 	0.0 	0.0 	0.0 	-0.0 	13.0 	0.0 	0.0 	0.0 	9.86934422587	2.32314106768	176.361644371	-40.0147288863	
5.1	0.0	0.0	0.0 	0.0 	146.3 	13.0 	0.0 	0.0 	0.0 	-0.0 	13.0 	0.0 	0.0 	0.0 	9.88710096326	2.32314106768	176.481952031	-40.1273351399	
5.11666666667	0.0	0.0	0.0 	0.0 	146.516666667 	13.0 	0.0 	0.0 	0.0 	-0.0 	13.0 	0.0 	0.0 	0.0 	9.90471816735	2.32314106768	176.60247406	-40.2401420395	
5.13333333333	0.0	0.0	0.0 	0.0 	146.733333333 	13.0 	0.0 	0.0 	0.0 	-0.0 	13.0 	0.0 	0.0 	0.0 	9.92219693461	2.32314106768	176.723208774	-40.3531480084	
5.15	0.0	0.0	0.0 	0.0 	146.95 	13.0 	0.0 	0.0 	0.0 	-0.0 	13.0 	0.0 	0.0 	0.0 	9.93953835286	2.32314106768	176.8441545	-40.4663514823	
5.16666666667	0.0	0.0	0.0 	0.0 	147.166666667 	13.0 	0.0 	0.0 	0.0 	-0.0 	13.0 	0.0 	0.0 	0.0 	9.95674350142	2.32314106768	176.96530958	-40.5797509093	
5.18333333333	0.0	0.0	0.0 	0.0 	147.383333333 	13.0 	0.0 	0.0 	0.0 	-0.0 	13.0 	0.0 	0.0 	0.0 	9.97381345109	2.32314106768	177.086672371	-40.6933447495	
5.2	0.0	0.0	0.0 	0.0 	147.6 	13.0 	0.0 	0.0 	0.0 	-0.0 	13.0 	0.0 	0.0 	0.0 	9.99074926428	2.32314106768	177.208241239	-40.8071314752	
5.21666666667	0.0	0.0	0.0 	0.0 	147.816666667 	13.0 	0.0 	0.0 	0.0 	-0.0 	13.0 	0.0 	0.0 	0.0 	10.007551995	2.32314106768	177.330014565	-40.9211095707	
5.23333333333	0.0	0.0	0.0 	0.0 	148.033333333 	13.0 	0.0 	0.0 	0.0 	-0.0 	13.0 	0.0 	0.0 	0.0 	10.0242226891	2.32314106768	177.451990742	-41.0352775322	
5.25	0.0	0.0	0.0 	0.0 	148.25 	13.0 	0.0 	0.0 	0.0 	-0.0 	13.0 	0.0 	0.0 	0.0 	10.0407623841	2.32314106768	177.574168177	-41.1496338677	
5.26666666667	0.0	0.0	0.0 	0.0 	148.466666667 	13.0 	0.0 	0.0 	0.0 	-0.0 	13.0 	0.0 	0.0 	0.0 	10.0571721093	2.32314106768	177.696545287	-41.2641770971	
5.28333333333	0.0	0.0	0.0 	0.0 	148.683333333 	13.0 	0.0 	0.0 	0.0 	-0.0 	13.0 	0.0 	0.0 	0.0 	10.0734528862	2.32314106768	177.819120504	-41.3789057515	
5.3	0.0	0.0	0.0 	0.0 	148.9 	13.0 	0.0 	0.0 	0.0 	-0.0 	13.0 	0.0 	0.0 	0.0 	10.0896057279	2.32314106768	177.941892272	-41.4938183741	
5.31666666667	0.0	0.0	0.0 	0.0 	149.116666667 	13.0 	0.0 	0.0 	0.0 	-0.0 	13.0 	0.0 	0.0 	0.0 	10.1056316398	2.32314106768	178.064859045	-41.6089135191	
5.33333333333	0.0	0.0	0.0 	0.0 	149.333333333 	13.0 	0.0 	0.0 	0.0 	-0.0 	13.0 	0.0 	0.0 	0.0 	10.1215316193	2.32314106768	178.188019291	-41.7241897523	
5.35	0.0	0.0	0.0 	0.0 	149.55 	13.0 	0.0 	0.0 	0.0 	-0.0 	13.0 	0.0 	0.0 	0.0 	10.137306656	2.32314106768	178.31137149	-41.8396456507	
5.36666666667	0.0	0.0	0.0 	0.0 	149.766666667 	13.0 	0.0 	0.0 	0.0 	-0.0 	13.0 	0.0 	0.0 	0.0 	10.1529577317	2.32314106768	178.434914134	-41.9552798024	
5.38333333333	0.0	0.0	0.0 	0.0 	149.983333333 	13.0 	0.0 	0.0 	0.0 	-0.0 	13.0 	0.0 	0.0 	0.0 	10.1684858205	2.32314106768	178.558645726	-42.0710908068	
5.4	0.0	0.0	0.0 	0.0 	150.2 	13.0 	0.0 	0.0 	0.0 	-0.0 	13.0 	0.0 	0.0 	0.0 	10.1838918888	2.32314106768	178.682564781	-42.1870772741	
5.41666666667	0.0	0.0	0.0 	0.0 	150.416666667 	13.0 	0.0 	0.0 	0.0 	-0.0 	13.0 	0.0 	0.0 	0.0 	10.1991768955	2.32314106768	178.806669826	-42.3032378255	
5.43333333333	0.0	0.0	0.0 	0.0 	150.633333333 	13.0 	0.0 	0.0 	0.0 	-0.0 	13.0 	0.0 	0.0 	0.0 	10.2143417919	2.32314106768	178.9309594	-42.4195710931	
5.45	0.0	0.0	0.0 	0.0 	150.85 	13.0 	0.0 	0.0 	0.0 	-0.0 	13.0 	0.0 	0.0 	0.0 	10.2293875218	2.32314106768	179.055432052	-42.5360757196	
5.46666666667	0.0	0.0	0.0 	0.0 	151.066666667 	13.0 	0.0 	0.0 	0.0 	-0.0 	13.0 	0.0 	0.0 	0.0 	10.2443150216	2.32314106768	179.180086344	-42.6527503586	
5.48333333333	0.0	0.0	0.0 	0.0 	151.283333333 	13.0 	0.0 	0.0 	0.0 	-0.0 	13.0 	0.0 	0.0 	0.0 	10.2591252204	2.32314106768	179.304920849	-42.769593674	
5.5	0.0	0.0	0.0 	0.0 	151.5 	13.0 	0.0 	0.0 	0.0 	-0.0 	13.0 	0.0 	0.0 	0.0 	10.27381904	2.32314106768	179.429934151	-42.8866043404	
5.51666666667	0.0	0.0	0.0 	0.0 	151.716666667 	13.0 	0.0 	0.0 	0.0 	-0.0 	13.0 	0.0 	0.0 	0.0 	10.2883973948	2.32314106768	179.555124844	-43.0037810426	
5.53333333333	0.0	0.0	0.0 	0.0 	151.933333333 	13.0 	0.0 	0.0 	0.0 	-0.0 	13.0 	0.0 	0.0 	0.0 	10.3028611922	2.32314106768	179.680491534	-43.1211224761	
5.55	0.0	0.0	0.0 	0.0 	152.15 	13.0 	0.0 	0.0 	0.0 	-0.0 	13.0 	0.0 	0.0 	0.0 	10.3172113324	2.32314106768	179.806032839	-43.2386273464	
5.56666666667	0.0	0.0	0.0 	0.0 	152.366666667 	13.0 	0.0 	0.0 	0.0 	-0.0 	13.0 	0.0 	0.0 	0.0 	10.3314487085	2.32314106768	179.931747387	-43.356294369	
5.58333333333	0.0	0.0	0.0 	0.0 	152.583333333 	13.0 	0.0 	0.0 	0.0 	-0.0 	13.0 	0.0 	0.0 	0.0 	10.3455742066	2.32314106768	180.057633815	-43.4741222699	
5.6	0.0	0.0	0.0 	0.0 	152.8 	13.0 	0.0 	0.0 	0.0 	-0.0 	13.0 	0.0 	0.0 	0.0 	10.3595887059	2.32314106768	180.183690774	-43.5921097849	
5.61666666667	0.0	0.0	0.0 	0.0 	153.016666667 	13.0 	0.0 	0.0 	0.0 	-0.0 	13.0 	0.0 	0.0 	0.0 	10.3734930785	2.32314106768	180.309916923	-43.7102556597	
5.63333333333	0.0	0.0	0.0 	0.0 	153.233333333 	13.0 	0.0 	0.0 	0.0 	-0.0 	13.0 	0.0 	0.0 	0.0 	10.38728819	2.32314106768	180.436310934	-43.8285586498	
5.65	0.0	0.0	0.0 	0.0 	153.45 	13.0 	0.0 	0.0 	0.0 	-0.0 	13.0 	0.0 	0.0 	0.0 	10.4009748987	2.32314106768	180.562871486	-43.9470175208	
5.66666666667	0.0	0.0	0.0 	0.0 	153.666666667 	13.0 	0.0 	0.0 	0.0 	-0.0 	13.0 	0.0 	0.0 	0.0 	10.4145540567	2.32314106768	180.689597271	-44.0656310476	
5.68333333333	0.0	0.0	0.0 	0.0 	153.883333333 	13.0 	0.0 	0.0 	0.0 	-0.0 	13.0 	0.0 	0.0 	0.0 	10.428026509	2.32314106768	180.816486991	-44.184398015	
5.7	0.0	0.0	0.0 	0.0 	154.1 	13.0 	0.0 	0.0 	0.0 	-0.0 	13.0 	0.0 	0.0 	0.0 	10.4413930941	2.32314106768	180.943539358	-44.3033172172	
5.71666666667	0.0	0.0	0.0 	0.0 	154.316666667 	13.0 	0.0 	0.0 	0.0 	-0.0 	13.0 	0.0 	0.0 	0.0 	10.4546546439	2.32314106768	181.070753093	-44.4223874579	
5.73333333333	0.0	0.0	0.0 	0.0 	154.533333333 	13.0 	0.0 	0.0 	0.0 	-0.0 	13.0 	0.0 	0.0 	0.0 	10.4678119838	2.32314106768	181.198126928	-44.5416075503	
5.75	0.0	0.0	0.0 	0.0 	154.75 	13.0 	0.0 	0.0 	0.0 	-0.0 	13.0 	0.0 	0.0 	0.0 	10.4808659328	2.32314106768	181.325659606	-44.6609763169	
5.76666666667	0.0	0.0	0.0 	0.0 	154.966666667 	13.0 	0.0 	0.0 	0.0 	-0.0 	13.0 	0.0 	0.0 	0.0 	10.4938173031	2.32314106768	181.453349877	-44.7804925894	
5.78333333333	0.0	0.0	0.0 	0.0 	155.183333333 	13.0 	0.0 	0.0 	0.0 	-0.0 	13.0 	0.0 	0.0 	0.0 	10.506666901	2.32314106768	181.581196505	-44.9001552086	
5.8	0.0	0.0	0.0 	0.0 	155.4 	13.0 	0.0 	0.0 	0.0 	-0.0 	13.0 	0.0 	0.0 	0.0 	10.5194155261	2.32314106768	181.709198259	-45.0199630245	
5.81666666667	0.0	0.0	0.0 	0.0 	155.616666667 	13.0 	0.0 	0.0 	0.0 	-0.0 	13.0 	0.0 	0.0 	0.0 	10.5320639719	2.32314106768	181.837353922	-45.1399148962	
5.83333333333	0.0	0.0	0.0 	0.0 	155.833333333 	13.0 	0.0 	0.0 	0.0 	-0.0 	13.0 	0.0 	0.0 	0.0 	10.5446130256	2.32314106768	181.965662284	-45.2600096917	
5.85	0.0	0.0	0.0 	0.0 	156.05 	13.0 	0.0 	0.0 	0.0 	-0.0 	13.0 	0.0 	0.0 	0.0 	10.5570634683	2.32314106768	182.094122144	-45.3802462879	
5.86666666667	0.0	0.0	0.0 	0.0 	156.266666667 	13.0 	0.0 	0.0 	0.0 	-0.0 	13.0 	0.0 	0.0 	0.0 	10.5694160747	2.32314106768	182.222732312	-45.5006235705	
5.88333333333	0.0	0.0	0.0 	0.0 	156.483333333 	13.0 	0.0 	0.0 	0.0 	-0.0 	13.0 	0.0 	0.0 	0.0 	10.5816716138	2.32314106768	182.351491608	-45.621140434	
5.9	0.0	0.0	0.0 	0.0 	156.7 	13.0 	0.0 	0.0 	0.0 	-0.0 	13.0 	0.0 	0.0 	0.0 	10.5938308483	2.32314106768	182.480398859	-45.7417957816	
5.91666666667	0.0	0.0	0.0 	0.0 	156.916666667 	13.0 	0.0 	0.0 	0.0 	-0.0 	13.0 	0.0 	0.0 	0.0 	10.6058945349	2.32314106768	182.609452902	-45.862588525	
5.93333333333	0.0	0.0	0.0 	0.0 	157.133333333 	13.0 	0.0 	0.0 	0.0 	-0.0 	13.0 	0.0 	0.0 	0.0 	10.6178634245	2.32314106768	182.738652585	-45.9835175845	
5.95	0.0	0.0	0.0 	0.0 	157.35 	13.0 	0.0 	0.0 	0.0 	-0.0 	13.0 	0.0 	0.0 	0.0 	10.6297382619	2.32314106768	182.867996763	-46.1045818891	
5.96666666667	0.0	0.0	0.0 	0.0 	157.566666667 	13.0 	0.0 	0.0 	0.0 	-0.0 	13.0 	0.0 	0.0 	0.0 	10.6415197864	2.32314106768	182.997484299	-46.2257803759	
5.98333333333	0.0	0.0	0.0 	0.0 	157.783333333 	13.0 	0.0 	0.0 	0.0 	-0.0 	13.0 	0.0 	0.0 	0.0 	10.653208731	2.32314106768	183.127114069	-46.3471119905	
6.0	0.0	0.0	0.0 	0.0 	158.0 	13.0 	0.0 	0.0 	0.0 	-0.0 	13.0 	0.0 	0.0 	0.0 	10.6648058234	2.32314106768	183.256884954	-46.4685756869	
6.01666666667	0.0	0.0	0.0 	0.0 	158.216666667 	13.0 	0.0 	0.0 	0.0 	-0.0 	13.0 	0.0 	0.0 	0.0 	10.6763117852	2.32314106768	183.386795844	-46.590170427	
6.03333333333	0.0	0.0	0.0 	0.0 	158.433333333 	13.0 	0.0 	0.0 	0.0 	-0.0 	13.0 	0.0 	0.0 	0.0 	10.6877273327	2.32314106768	183.516845641	-46.7118951812	
6.05	0.0	0.0	0.0 	0.0 	158.65 	13.0 	0.0 	0.0 	0.0 	-0.0 	13.0 	0.0 	0.0 	0.0 	10.6990531762	2.32314106768	183.647033252	-46.8337489277	
6.06666666667	0.0	0.0	0.0 	0.0 	158.866666667 	13.0 	0.0 	0.0 	0.0 	-0.0 	13.0 	0.0 	0.0 	0.0 	10.7102900207	2.32314106768	183.777357595	-46.9557306531	
6.08333333333	0.0	0.0	0.0 	0.0 	159.083333333 	13.0 	0.0 	0.0 	0.0 	-0.0 	13.0 	0.0 	0.0 	0.0 	10.7214385655	2.32314106768	183.907817595	-47.0778393515	
6.1	0.0	0.0	0.0 	0.0 	159.3 	13.0 	0.0 	0.0 	0.0 	-0.0 	13.0 	0.0 	0.0 	0.0 	10.7324995045	2.32314106768	184.038412186	-47.2000740253	
6.11666666667	0.0	0.0	0.0 	0.0 	159.516666667 	13.0 	0.0 	0.0 	0.0 	-0.0 	13.0 	0.0 	0.0 	0.0 	10.7434735262	2.32314106768	184.169140311	-47.3224336845	
6.13333333333	0.0	0.0	0.0 	0.0 	159.733333333 	13.0 	0.0 	0.0 	0.0 	-0.0 	13.0 	0.0 	0.0 	0.0 	10.7543613134	2.32314106768	184.300000919	-47.444917347	
6.15	0.0	0.0	0.0 	0.0 	159.95 	13.0 	0.0 	0.0 	0.0 	-0.0 	13.0 	0.0 	0.0 	0.0 	10.7651635439	2.32314106768	184.430992971	-47.5675240383	
6.16666666667	0.0	0.0	0.0 	0.0 	160.166666667 	13.0 	0.0 	0.0 	0.0 	-0.0 	13.0 	0.0 	0.0 	0.0 	10.77588089	2.32314106768	184.562115433	-47.6902527917	
6.18333333333	0.0	0.0	0.0 	0.0 	160.383333333 	13.0 	0.0 	0.0 	0.0 	-0.0 	13.0 	0.0 	0.0 	0.0 	10.7865140186	2.32314106768	184.69336728	-47.8131026481	
6.2	0.0	0.0	0.0 	0.0 	160.6 	13.0 	0.0 	0.0 	0.0 	-0.0 	13.0 	0.0 	0.0 	0.0 	10.7970635916	2.32314106768	184.824747496	-47.9360726557	
6.21666666667	0.0	0.0	0.0 	0.0 	160.816666667 	13.0 	0.0 	0.0 	0.0 	-0.0 	13.0 	0.0 	0.0 	0.0 	10.8075302655	2.32314106768	184.956255072	-48.0591618704	
6.23333333333	0.0	0.0	0.0 	0.0 	161.033333333 	13.0 	0.0 	0.0 	0.0 	-0.0 	13.0 	0.0 	0.0 	0.0 	10.8179146918	2.32314106768	185.087889007	-48.1823693556	
6.25	0.0	0.0	0.0 	0.0 	161.25 	13.0 	0.0 	0.0 	0.0 	-0.0 	13.0 	0.0 	0.0 	0.0 	10.8282175168	2.32314106768	185.219648309	-48.3056941817	
6.26666666667	0.0	0.0	0.0 	0.0 	161.466666667 	13.0 	0.0 	0.0 	0.0 	-0.0 	13.0 	0.0 	0.0 	0.0 	10.8384393817	2.32314106768	185.351531991	-48.4291354269	
6.28333333333	0.0	0.0	0.0 	0.0 	161.683333333 	13.0 	0.0 	0.0 	0.0 	-0.0 	13.0 	0.0 	0.0 	0.0 	10.8485809226	2.32314106768	185.483539078	-48.5526921761	
6.3	0.0	0.0	0.0 	0.0 	161.9 	13.0 	0.0 	0.0 	0.0 	-0.0 	13.0 	0.0 	0.0 	0.0 	10.8586427709	2.32314106768	185.615668598	-48.6763635218	
6.31666666667	0.0	0.0	0.0 	0.0 	162.116666667 	13.0 	0.0 	0.0 	0.0 	-0.0 	13.0 	0.0 	0.0 	0.0 	10.8686255527	2.32314106768	185.74791959	-48.8001485635	
6.33333333333	0.0	0.0	0.0 	0.0 	162.333333333 	13.0 	0.0 	0.0 	0.0 	-0.0 	13.0 	0.0 	0.0 	0.0 	10.8785298893	2.32314106768	185.8802911	-48.9240464078	
6.35	0.0	0.0	0.0 	0.0 	162.55 	13.0 	0.0 	0.0 	0.0 	-0.0 	13.0 	0.0 	0.0 	0.0 	10.8883563971	2.32314106768	186.01278218	-49.0480561682	
6.36666666667	0.0	0.0	0.0 	0.0 	162.766666667 	13.0 	0.0 	0.0 	0.0 	-0.0 	13.0 	0.0 	0.0 	0.0 	10.8981056878	2.32314106768	186.145391891	-49.1721769653	
6.38333333333	0.0	0.0	0.0 	0.0 	162.983333333 	13.0 	0.0 	0.0 	0.0 	-0.0 	13.0 	0.0 	0.0 	0.0 	10.9077783681	2.32314106768	186.2781193	-49.2964079266	
6.4	0.0	0.0	0.0 	0.0 	163.2 	13.0 	0.0 	0.0 	0.0 	-0.0 	13.0 	0.0 	0.0 	0.0 	10.9173750399	2.32314106768	186.410963483	-49.4207481864	
6.41666666667	0.0	0.0	0.0 	0.0 	163.416666667 	13.0 	0.0 	0.0 	0.0 	-0.0 	13.0 	0.0 	0.0 	0.0 	10.9268963007	2.32314106768	186.543923522	-49.5451968858	
6.43333333333	0.0	0.0	0.0 	0.0 	163.633333333 	13.0 	0.0 	0.0 	0.0 	-0.0 	13.0 	0.0 	0.0 	0.0 	10.936342743	2.32314106768	186.676998507	-49.6697531727	
6.45	0.0	0.0	0.0 	0.0 	163.85 	13.0 	0.0 	0.0 	0.0 	-0.0 	13.0 	0.0 	0.0 	0.0 	10.9457149546	2.32314106768	186.810187534	-49.7944162017	
6.46666666667	0.0	0.0	0.0 	0.0 	164.066666667 	13.0 	0.0 	0.0 	0.0 	-0.0 	13.0 	0.0 	0.0 	0.0 	10.955013519	2.32314106768	186.943489707	-49.919185134	
6.48333333333	0.0	0.0	0.0 	0.0 	164.283333333 	13.0 	0.0 	0.0 	0.0 	-0.0 	13.0 	0.0 	0.0 	0.0 	10.9642390148	2.32314106768	187.076904138	-50.0440591373	
6.5	0.0	0.0	0.0 	0.0 	164.5 	13.0 	0.0 	0.0 	0.0 	-0.0 	13.0 	0.0 	0.0 	0.0 	10.9733920162	2.32314106768	187.210429943	-50.1690373861	
6.51666666667	0.0	0.0	0.0 	0.0 	164.716666667 	13.0 	0.0 	0.0 	0.0 	-0.0 	13.0 	0.0 	0.0 	0.0 	10.9824730929	2.32314106768	187.344066249	-50.2941190612	
6.53333333333	0.0	0.0	0.0 	0.0 	164.933333333 	13.0 	0.0 	0.0 	0.0 	-0.0 	13.0 	0.0 	0.0 	0.0 	10.99148281	2.32314106768	187.477812186	-50.4193033498	
6.55	0.0	0.0	0.0 	0.0 	165.15 	13.0 	0.0 	0.0 	0.0 	-0.0 	13.0 	0.0 	0.0 	0.0 	11.0004217284	2.32314106768	187.611666893	-50.5445894457	
6.56666666667	0.0	0.0	0.0 	0.0 	165.366666667 	13.0 	0.0 	0.0 	0.0 	-0.0 	13.0 	0.0 	0.0 	0.0 	11.0092904043	2.32314106768	187.745629515	-50.6699765487	
6.58333333333	0.0	0.0	0.0 	0.0 	165.583333333 	13.0 	0.0 	0.0 	0.0 	-0.0 	13.0 	0.0 	0.0 	0.0 	11.0180893897	2.32314106768	187.879699205	-50.7954638652	
6.6	0.0	0.0	0.0 	0.0 	165.8 	13.0 	0.0 	0.0 	0.0 	-0.0 	13.0 	0.0 	0.0 	0.0 	11.0268192322	2.32314106768	188.01387512	-50.9210506077	
6.61666666667	0.0	0.0	0.0 	0.0 	166.016666667 	13.0 	0.0 	0.0 	0.0 	-0.0 	13.0 	0.0 	0.0 	0.0 	11.0354804753	2.32314106768	188.148156427	-51.0467359949	
6.63333333333	0.0	0.0	0.0 	0.0 	166.233333333 	13.0 	0.0 	0.0 	0.0 	-0.0 	13.0 	0.0 	0.0 	0.0 	11.0440736579	2.32314106768	188.282542297	-51.1725192516	
6.65	0.0	0.0	0.0 	0.0 	166.45 	13.0 	0.0 	0.0 	0.0 	-0.0 	13.0 	0.0 	0.0 	0.0 	11.0525993148	2.32314106768	188.417031908	-51.2983996089	
6.66666666667	0.0	0.0	0.0 	0.0 	166.666666667 	13.0 	0.0 	0.0 	0.0 	-0.0 	13.0 	0.0 	0.0 	0.0 	11.0610579767	2.32314106768	188.551624446	-51.4243763036	
6.68333333333	0.0	0.0	0.0 	0.0 	166.883333333 	13.0 	0.0 	0.0 	0.0 	-0.0 	13.0 	0.0 	0.0 	0.0 	11.06945017	2.32314106768	188.686319101	-51.5504485787	
6.7	0.0	0.0	0.0 	0.0 	167.1 	13.0 	0.0 	0.0 	0.0 	-0.0 	13.0 	0.0 	0.0 	0.0 	11.0777764171	2.32314106768	188.821115071	-51.6766156832	
6.71666666667	0.0	0.0	0.0 	0.0 	167.316666667 	13.0 	0.0 	0.0 	0.0 	-0.0 	13.0 	0.0 	0.0 	0.0 	11.0860372361	2.32314106768	188.95601156	-51.8028768719	
6.73333333333	0.0	0.0	0.0 	0.0 	167.533333333 	13.0 	0.0 	0.0 	0.0 	-0.0 	13.0 	0.0 	0.0 	0.0 	11.0942331413	2.32314106768	189.091007777	-51.9292314054	
6.75	0.0	0.0	0.0 	0.0 	167.75 	13.0 	0.0 	0.0 	0.0 	-0.0 	13.0 	0.0 	0.0 	0.0 	11.1023646426	2.32314106768	189.22610294	-52.0556785504	
6.76666666667	0.0	0.0	0.0 	0.0 	167.966666667 	13.0 	0.0 	0.0 	0.0 	-0.0 	13.0 	0.0 	0.0 	0.0 	11.1104322461	2.32314106768	189.361296271	-52.1822175789	
6.78333333333	0.0	0.0	0.0 	0.0 	168.183333333 	13.0 	0.0 	0.0 	0.0 	-0.0 	13.0 	0.0 	0.0 	0.0 	11.1184364541	2.32314106768	189.496586998	-52.3088477691	
6.8	0.0	0.0	0.0 	0.0 	168.4 	13.0 	0.0 	0.0 	0.0 	-0.0 	13.0 	0.0 	0.0 	0.0 	11.1263777646	2.32314106768	189.631974356	-52.4355684044	
6.81666666667	0.0	0.0	0.0 	0.0 	168.616666667 	13.0 	0.0 	0.0 	0.0 	-0.0 	13.0 	0.0 	0.0 	0.0 	11.1342566719	2.32314106768	189.767457586	-52.5623787743	
6.83333333333	0.0	0.0	0.0 	0.0 	168.833333333 	13.0 	0.0 	0.0 	0.0 	-0.0 	13.0 	0.0 	0.0 	0.0 	11.1420736664	2.32314106768	189.903035934	-52.6892781736	
6.85	0.0	0.0	0.0 	0.0 	169.05 	13.0 	0.0 	0.0 	0.0 	-0.0 	13.0 	0.0 	0.0 	0.0 	11.1498292345	2.32314106768	190.038708653	-52.8162659026	
6.86666666667	0.0	0.0	0.0 	0.0 	169.266666667 	13.0 	0.0 	0.0 	0.0 	-0.0 	13.0 	0.0 	0.0 	0.0 	11.157523859	2.32314106768	190.174475001	-52.9433412674	
6.88333333333	0.0	0.0	0.0 	0.0 	169.483333333 	13.0 	0.0 	0.0 	0.0 	-0.0 	13.0 	0.0 	0.0 	0.0 	11.1651580188	2.32314106768	190.310334243	-53.0705035792	
6.9	0.0	0.0	0.0 	0.0 	169.7 	13.0 	0.0 	0.0 	0.0 	-0.0 	13.0 	0.0 	0.0 	0.0 	11.172732189	2.32314106768	190.446285648	-53.1977521547	
6.91666666667	0.0	0.0	0.0 	0.0 	169.916666667 	13.0 	0.0 	0.0 	0.0 	-0.0 	13.0 	0.0 	0.0 	0.0 	11.180246841	2.32314106768	190.582328493	-53.3250863162	
6.93333333333	0.0	0.0	0.0 	0.0 	170.133333333 	13.0 	0.0 	0.0 	0.0 	-0.0 	13.0 	0.0 	0.0 	0.0 	11.1877024425	2.32314106768	190.718462058	-53.4525053912	
6.95	0.0	0.0	0.0 	0.0 	170.35 	13.0 	0.0 	0.0 	0.0 	-0.0 	13.0 	0.0 	0.0 	0.0 	11.1950994575	2.32314106768	190.854685632	-53.5800087122	
6.96666666667	0.0	0.0	0.0 	0.0 	170.566666667 	13.0 	0.0 	0.0 	0.0 	-0.0 	13.0 	0.0 	0.0 	0.0 	11.2024383465	2.32314106768	190.990998506	-53.7075956174	
6.98333333333	0.0	0.0	0.0 	0.0 	170.783333333 	13.0 	0.0 	0.0 	0.0 	-0.0 	13.0 	0.0 	0.0 	0.0 	11.209719566	2.32314106768	191.127399979	-53.8352654499	
7.0	0.0	0.0	0.0 	0.0 	171.0 	13.0 	0.0 	0.0 	0.0 	-0.0 	13.0 	0.0 	0.0 	0.0 	11.2169435695	2.32314106768	191.263889355	-53.9630175581	
7.01666666667	0.0	0.0	0.0 	0.0 	171.216666667 	13.0 	0.0 	0.0 	0.0 	-0.0 	13.0 	0.0 	0.0 	0.0 	11.2241108063	2.32314106768	191.400465942	-54.0908512955	
7.03333333333	0.0	0.0	0.0 	0.0 	171.433333333 	13.0 	0.0 	0.0 	0.0 	-0.0 	13.0 	0.0 	0.0 	0.0 	11.2312217226	2.32314106768	191.537129057	-54.2187660206	
7.05	0.0	0.0	0.0 	0.0 	171.65 	13.0 	0.0 	0.0 	0.0 	-0.0 	13.0 	0.0 	0.0 	0.0 	11.2382767611	2.32314106768	191.673878018	-54.3467610969	
7.06666666667	0.0	0.0	0.0 	0.0 	171.866666667 	13.0 	0.0 	0.0 	0.0 	-0.0 	13.0 	0.0 	0.0 	0.0 	11.2452763607	2.32314106768	191.810712151	-54.4748358932	
7.08333333333	0.0	0.0	0.0 	0.0 	172.083333333 	13.0 	0.0 	0.0 	0.0 	-0.0 	13.0 	0.0 	0.0 	0.0 	11.2522209571	2.32314106768	191.947630787	-54.6029897829	
7.1	0.0	0.0	0.0 	0.0 	172.3 	13.0 	0.0 	0.0 	0.0 	-0.0 	13.0 	0.0 	0.0 	0.0 	11.2591109825	2.32314106768	192.084633262	-54.7312221446	
7.11666666667	0.0	0.0	0.0 	0.0 	172.516666667 	13.0 	0.0 	0.0 	0.0 	-0.0 	13.0 	0.0 	0.0 	0.0 	11.2659468658	2.32314106768	192.221718917	-54.8595323615	
7.13333333333	0.0	0.0	0.0 	0.0 	172.733333333 	13.0 	0.0 	0.0 	0.0 	-0.0 	13.0 	0.0 	0.0 	0.0 	11.2727290324	2.32314106768	192.358887098	-54.987919822	
7.15	0.0	0.0	0.0 	0.0 	172.95 	13.0 	0.0 	0.0 	0.0 	-0.0 	13.0 	0.0 	0.0 	0.0 	11.2794579044	2.32314106768	192.496137157	-55.116383919	
7.16666666667	0.0	0.0	0.0 	0.0 	173.166666667 	13.0 	0.0 	0.0 	0.0 	-0.0 	13.0 	0.0 	0.0 	0.0 	11.2861339005	2.32314106768	192.633468451	-55.2449240503	
7.18333333333	0.0	0.0	0.0 	0.0 	173.383333333 	13.0 	0.0 	0.0 	0.0 	-0.0 	13.0 	0.0 	0.0 	0.0 	11.2927574364	2.32314106768	192.770880341	-55.3735396184	
7.2	0.0	0.0	0.0 	0.0 	173.6 	13.0 	0.0 	0.0 	0.0 	-0.0 	13.0 	0.0 	0.0 	0.0 	11.2993289243	2.32314106768	192.908372193	-55.5022300306	
7.21666666667	0.0	0.0	0.0 	0.0 	173.816666667 	13.0 	0.0 	0.0 	0.0 	-0.0 	13.0 	0.0 	0.0 	0.0 	11.305848773	2.32314106768	193.04594338	-55.6309946987	
7.23333333333	0.0	0.0	0.0 	0.0 	174.033333333 	13.0 	0.0 	0.0 	0.0 	-0.0 	13.0 	0.0 	0.0 	0.0 	11.3123173885	2.32314106768	193.183593278	-55.7598330392	
7.25	0.0	0.0	0.0 	0.0 	174.25 	13.0 	0.0 	0.0 	0.0 	-0.0 	13.0 	0.0 	0.0 	0.0 	11.3187351733	2.32314106768	193.321321269	-55.8887444732	
7.26666666667	0.0	0.0	0.0 	0.0 	174.466666667 	13.0 	0.0 	0.0 	0.0 	-0.0 	13.0 	0.0 	0.0 	0.0 	11.3251025268	2.32314106768	193.459126738	-56.0177284263	
7.28333333333	0.0	0.0	0.0 	0.0 	174.683333333 	13.0 	0.0 	0.0 	0.0 	-0.0 	13.0 	0.0 	0.0 	0.0 	11.3314198453	2.32314106768	193.597009078	-56.1467843287	
7.3	0.0	0.0	0.0 	0.0 	174.9 	13.0 	0.0 	0.0 	0.0 	-0.0 	13.0 	0.0 	0.0 	0.0 	11.3376875221	2.32314106768	193.734967683	-56.2759116149	
7.31666666667	0.0	0.0	0.0 	0.0 	175.116666667 	13.0 	0.0 	0.0 	0.0 	-0.0 	13.0 	0.0 	0.0 	0.0 	11.3439059471	2.32314106768	193.873001955	-56.4051097241	
7.33333333333	0.0	0.0	0.0 	0.0 	175.333333333 	13.0 	0.0 	0.0 	0.0 	-0.0 	13.0 	0.0 	0.0 	0.0 	11.3500755075	2.32314106768	194.0111113	-56.5343780997	
7.35	0.0	0.0	0.0 	0.0 	175.55 	13.0 	0.0 	0.0 	0.0 	-0.0 	13.0 	0.0 	0.0 	0.0 	11.3561965872	2.32314106768	194.149295126	-56.6637161896	
7.36666666667	0.0	0.0	0.0 	0.0 	175.766666667 	13.0 	0.0 	0.0 	0.0 	-0.0 	13.0 	0.0 	0.0 	0.0 	11.3622695671	2.32314106768	194.287552849	-56.7931234459	
7.38333333333	0.0	0.0	0.0 	0.0 	175.983333333 	13.0 	0.0 	0.0 	0.0 	-0.0 	13.0 	0.0 	0.0 	0.0 	11.3682948252	2.32314106768	194.425883889	-56.9225993251	
7.4	0.0	0.0	0.0 	0.0 	176.2 	13.0 	0.0 	0.0 	0.0 	-0.0 	13.0 	0.0 	0.0 	0.0 	11.3742727366	2.32314106768	194.564287668	-57.0521432879	
7.41666666667	0.0	0.0	0.0 	0.0 	176.416666667 	13.0 	0.0 	0.0 	0.0 	-0.0 	13.0 	0.0 	0.0 	0.0 	11.3802036733	2.32314106768	194.702763617	-57.1817547995	
7.43333333333	0.0	0.0	0.0 	0.0 	176.633333333 	13.0 	0.0 	0.0 	0.0 	-0.0 	13.0 	0.0 	0.0 	0.0 	11.3860880044	2.32314106768	194.841311166	-57.3114333289	
7.45	0.0	0.0	0.0 	0.0 	176.85 	13.0 	0.0 	0.0 	0.0 	-0.0 	13.0 	0.0 	0.0 	0.0 	11.3919260961	2.32314106768	194.979929754	-57.4411783496	
7.46666666667	0.0	0.0	0.0 	0.0 	177.066666667 	13.0 	0.0 	0.0 	0.0 	-0.0 	13.0 	0.0 	0.0 	0.0 	11.3977183118	2.32314106768	195.118618823	-57.570989339	
7.48333333333	0.0	0.0	0.0 	0.0 	177.283333333 	13.0 	0.0 	0.0 	0.0 	-0.0 	13.0 	0.0 	0.0 	0.0 	11.403465012	2.32314106768	195.257377818	-57.7008657788	
7.5	0.0	0.0	0.0 	0.0 	177.5 	13.0 	0.0 	0.0 	0.0 	-0.0 	13.0 	0.0 	0.0 	0.0 	11.4091665544	2.32314106768	195.396206191	-57.8308071546	
7.51666666667	0.0	0.0	0.0 	0.0 	177.716666667 	13.0 	0.0 	0.0 	0.0 	-0.0 	13.0 	0.0 	0.0 	0.0 	11.4148232938	2.32314106768	195.535103395	-57.9608129563	
7.53333333333	0.0	0.0	0.0 	0.0 	177.933333333 	13.0 	0.0 	0.0 	0.0 	-0.0 	13.0 	0.0 	0.0 	0.0 	11.4204355822	2.32314106768	195.674068891	-58.0908826774	
7.55	0.0	0.0	0.0 	0.0 	178.15 	13.0 	0.0 	0.0 	0.0 	-0.0 	13.0 	0.0 	0.0 	0.0 	11.426003769	2.32314106768	195.813102141	-58.2210158158	
7.56666666667	0.0	0.0	0.0 	0.0 	178.366666667 	13.0 	0.0 	0.0 	0.0 	-0.0 	13.0 	0.0 	0.0 	0.0 	11.4315282008	2.32314106768	195.952202614	-58.3512118731	
7.58333333333	0.0	0.0	0.0 	0.0 	178.583333333 	13.0 	0.0 	0.0 	0.0 	-0.0 	13.0 	0.0 	0.0 	0.0 	11.4370092212	2.32314106768	196.09136978	-58.4814703549	
7.6	0.0	0.0	0.0 	0.0 	178.8 	13.0 	0.0 	0.0 	0.0 	-0.0 	13.0 	0.0 	0.0 	0.0 	11.4424471716	2.32314106768	196.230603116	-58.6117907706	
7.61666666667	0.0	0.0	0.0 	0.0 	179.016666667 	13.0 	0.0 	0.0 	0.0 	-0.0 	13.0 	0.0 	0.0 	0.0 	11.4478423903	2.32314106768	196.369902101	-58.7421726336	
7.63333333333	0.0	0.0	0.0 	0.0 	179.233333333 	13.0 	0.0 	0.0 	0.0 	-0.0 	13.0 	0.0 	0.0 	0.0 	11.453195213	2.32314106768	196.509266221	-58.872615461	
7.65	0.0	0.0	0.0 	0.0 	179.45 	13.0 	0.0 	0.0 	0.0 	-0.0 	13.0 	0.0 	0.0 	0.0 	11.4585059731	2.32314106768	196.648694963	-59.0031187738	
7.66666666667	0.0	0.0	0.0 	0.0 	179.666666667 	13.0 	0.0 	0.0 	0.0 	-0.0 	13.0 	0.0 	0.0 	0.0 	11.4637750009	2.32314106768	196.788187819	-59.1336820966	
7.68333333333	0.0	0.0	0.0 	0.0 	179.883333333 	13.0 	0.0 	0.0 	0.0 	-0.0 	13.0 	0.0 	0.0 	0.0 	11.4690026245	2.32314106768	196.927744285	-59.2643049579	
7.7	0.0	0.0	0.0 	0.0 	180.1 	13.0 	0.0 	0.0 	0.0 	-0.0 	13.0 	0.0 	0.0 	0.0 	11.4741891692	2.32314106768	197.067363862	-59.3949868899	
7.71666666667	0.0	0.0	0.0 	0.0 	180.316666667 	13.0 	0.0 	0.0 	0.0 	-0.0 	13.0 	0.0 	0.0 	0.0 	11.4793349577	2.32314106768	197.207046054	-59.5257274283	
7.73333333333	0.0	0.0	0.0 	0.0 	180.533333333 	13.0 	0.0 	0.0 	0.0 	-0.0 	13.0 	0.0 	0.0 	0.0 	11.4844403104	2.32314106768	197.346790368	-59.6565261126	
7.75	0.0	0.0	0.0 	0.0 	180.75 	13.0 	0.0 	0.0 	0.0 	-0.0 	13.0 	0.0 	0.0 	0.0 	11.4895055449	2.32314106768	197.486596317	-59.787382486	
7.76666666667	0.0	0.0	0.0 	0.0 	180.966666667 	13.0 	0.0 	0.0 	0.0 	-0.0 	13.0 	0.0 	0.0 	0.0 	11.4945309766	2.32314106768	197.626463416	-59.918296095	
7.78333333333	0.0	0.0	0.0 	0.0 	181.183333333 	13.0 	0.0 	0.0 	0.0 	-0.0 	13.0 	0.0 	0.0 	0.0 	11.4995169183	2.32314106768	197.766391185	-60.04926649	
7.8	0.0	0.0	0.0 	0.0 	181.4 	13.0 	0.0 	0.0 	0.0 	-0.0 	13.0 	0.0 	0.0 	0.0 	11.5044636801	2.32314106768	197.906379147	-60.1802932247	
7.81666666667	0.0	0.0	0.0 	0.0 	181.616666667 	13.0 	0.0 	0.0 	0.0 	-0.0 	13.0 	0.0 	0.0 	0.0 	11.5093715701	2.32314106768	198.046426828	-60.3113758563	
7.83333333333	0.0	0.0	0.0 	0.0 	181.833333333 	13.0 	0.0 	0.0 	0.0 	-0.0 	13.0 	0.0 	0.0 	0.0 	11.5142408936	2.32314106768	198.18653376	-60.4425139457	
7.85	0.0	0.0	0.0 	0.0 	182.05 	13.0 	0.0 	0.0 	0.0 	-0.0 	13.0 	0.0 	0.0 	0.0 	11.5190719538	2.32314106768	198.326699477	-60.573707057	
7.86666666667	0.0	0.0	0.0 	0.0 	182.266666667 	13.0 	0.0 	0.0 	0.0 	-0.0 	13.0 	0.0 	0.0 	0.0 	11.5238650512	2.32314106768	198.466923518	-60.704954758	
7.88333333333	0.0	0.0	0.0 	0.0 	182.483333333 	13.0 	0.0 	0.0 	0.0 	-0.0 	13.0 	0.0 	0.0 	0.0 	11.5286204843	2.32314106768	198.607205423	-60.8362566195	
7.9	0.0	0.0	0.0 	0.0 	182.7 	13.0 	0.0 	0.0 	0.0 	-0.0 	13.0 	0.0 	0.0 	0.0 	11.5333385489	2.32314106768	198.747544738	-60.9676122161	
7.91666666667	0.0	0.0	0.0 	0.0 	182.916666667 	13.0 	0.0 	0.0 	0.0 	-0.0 	13.0 	0.0 	0.0 	0.0 	11.5380195388	2.32314106768	198.887941012	-61.0990211254	
7.93333333333	0.0	0.0	0.0 	0.0 	183.133333333 	13.0 	0.0 	0.0 	0.0 	-0.0 	13.0 	0.0 	0.0 	0.0 	11.5426637452	2.32314106768	199.028393798	-61.2304829286	
7.95	0.0	0.0	0.0 	0.0 	183.35 	13.0 	0.0 	0.0 	0.0 	-0.0 	13.0 	0.0 	0.0 	0.0 	11.5472714572	2.32314106768	199.16890265	-61.36199721	
7.96666666667	0.0	0.0	0.0 	0.0 	183.566666667 	13.0 	0.0 	0.0 	0.0 	-0.0 	13.0 	0.0 	0.0 	0.0 	11.5518429616	2.32314106768	199.30946713	-61.4935635571	
7.98333333333	0.0	0.0	0.0 	0.0 	183.783333333 	13.0 	0.0 	0.0 	0.0 	-0.0 	13.0 	0.0 	0.0 	0.0 	11.5563785429	2.32314106768	199.450086799	-61.625181561	
8.0	0.0	0.0	0.0 	0.0 	184.0 	13.0 	0.0 	0.0 	0.0 	-0.0 	13.0 	0.0 	0.0 	0.0 	11.5608784834	2.32314106768	199.590761224	-61.7568508156	
8.01666666667	0.0	0.0	0.0 	0.0 	184.216666667 	13.0 	0.0 	0.0 	0.0 	-0.0 	13.0 	0.0 	0.0 	0.0 	11.5653430631	2.32314106768	199.731489975	-61.8885709183	
8.03333333333	0.0	0.0	0.0 	0.0 	184.433333333 	13.0 	0.0 	0.0 	0.0 	-0.0 	13.0 	0.0 	0.0 	0.0 	11.5697725599	2.32314106768	199.872272624	-62.0203414694	
8.05	0.0	0.0	0.0 	0.0 	184.65 	13.0 	0.0 	0.0 	0.0 	-0.0 	13.0 	0.0 	0.0 	0.0 	11.5741672496	2.32314106768	200.013108749	-62.1521620725	
8.06666666667	0.0	0.0	0.0 	0.0 	184.866666667 	13.0 	0.0 	0.0 	0.0 	-0.0 	13.0 	0.0 	0.0 	0.0 	11.5785274055	2.32314106768	200.153997929	-62.2840323344	
8.08333333333	0.0	0.0	0.0 	0.0 	185.083333333 	13.0 	0.0 	0.0 	0.0 	-0.0 	13.0 	0.0 	0.0 	0.0 	11.5828532992	2.32314106768	200.294939746	-62.4159518648	
8.1	0.0	0.0	0.0 	0.0 	185.3 	13.0 	0.0 	0.0 	0.0 	-0.0 	13.0 	0.0 	0.0 	0.0 	11.5871451997	2.32314106768	200.435933789	-62.5479202765	
8.11666666667	0.0	0.0	0.0 	0.0 	185.516666667 	13.0 	0.0 	0.0 	0.0 	-0.0 	13.0 	0.0 	0.0 	0.0 	11.5914033743	2.32314106768	200.576979645	-62.6799371855	
8.13333333333	0.0	0.0	0.0 	0.0 	185.733333333 	13.0 	0.0 	0.0 	0.0 	-0.0 	13.0 	0.0 	0.0 	0.0 	11.595628088	2.32314106768	200.718076908	-62.8120022106	
8.15	0.0	0.0	0.0 	0.0 	185.95 	13.0 	0.0 	0.0 	0.0 	-0.0 	13.0 	0.0 	0.0 	0.0 	11.5998196037	2.32314106768	200.859225174	-62.9441149738	
8.16666666667	0.0	0.0	0.0 	0.0 	186.166666667 	13.0 	0.0 	0.0 	0.0 	-0.0 	13.0 	0.0 	0.0 	0.0 	11.6039781822	2.32314106768	201.000424043	-63.0762750998	
8.18333333333	0.0	0.0	0.0 	0.0 	186.383333333 	13.0 	0.0 	0.0 	0.0 	-0.0 	13.0 	0.0 	0.0 	0.0 	11.6081040824	2.32314106768	201.141673115	-63.2084822167	
8.2	0.0	0.0	0.0 	0.0 	186.6 	13.0 	0.0 	0.0 	0.0 	-0.0 	13.0 	0.0 	0.0 	0.0 	11.6121975611	2.32314106768	201.282971998	-63.340735955	
8.21666666667	0.0	0.0	0.0 	0.0 	186.816666667 	13.0 	0.0 	0.0 	0.0 	-0.0 	13.0 	0.0 	0.0 	0.0 	11.616258873	2.32314106768	201.4243203	-63.4730359484	
8.23333333333	0.0	0.0	0.0 	0.0 	187.033333333 	13.0 	0.0 	0.0 	0.0 	-0.0 	13.0 	0.0 	0.0 	0.0 	11.620288271	2.32314106768	201.565717632	-63.6053818335	
8.25	0.0	0.0	0.0 	0.0 	187.25 	13.0 	0.0 	0.0 	0.0 	-0.0 	13.0 	0.0 	0.0 	0.0 	11.6242860057	2.32314106768	201.707163609	-63.7377732496	
8.26666666667	0.0	0.0	0.0 	0.0 	187.466666667 	13.0 	0.0 	0.0 	0.0 	-0.0 	13.0 	0.0 	0.0 	0.0 	11.6282523261	2.32314106768	201.848657848	-63.8702098389	
8.28333333333	0.0	0.0	0.0 	0.0 	187.683333333 	13.0 	0.0 	0.0 	0.0 	-0.0 	13.0 	0.0 	0.0 	0.0 	11.6321874789	2.32314106768	201.990199971	-64.0026912466	
8.3	0.0	0.0	0.0 	0.0 	187.9 	13.0 	0.0 	0.0 	0.0 	-0.0 	13.0 	0.0 	0.0 	0.0 	11.6360917091	2.32314106768	202.131789602	-64.1352171203	
8.31666666667	0.0	0.0	0.0 	0.0 	188.116666667 	13.0 	0.0 	0.0 	0.0 	-0.0 	13.0 	0.0 	0.0 	0.0 	11.6399652597	2.32314106768	202.273426366	-64.2677871107	
8.33333333333	0.0	0.0	0.0 	0.0 	188.333333333 	13.0 	0.0 	0.0 	0.0 	-0.0 	13.0 	0.0 	0.0 	0.0 	11.6438083717	2.32314106768	202.415109894	-64.4004008711	
8.35	0.0	0.0	0.0 	0.0 	188.55 	13.0 	0.0 	0.0 	0.0 	-0.0 	13.0 	0.0 	0.0 	0.0 	11.6476212844	2.32314106768	202.556839818	-64.5330580576	
8.36666666667	0.0	0.0	0.0 	0.0 	188.766666667 	13.0 	0.0 	0.0 	0.0 	-0.0 	13.0 	0.0 	0.0 	0.0 	11.651404235	2.32314106768	202.698615773	-64.6657583288	
8.38333333333	0.0	0.0	0.0 	0.0 	188.983333333 	13.0 	0.0 	0.0 	0.0 	-0.0 	13.0 	0.0 	0.0 	0.0 	11.655157459	2.32314106768	202.840437398	-64.7985013464	
8.4	0.0	0.0	0.0 	0.0 	189.2 	13.0 	0.0 	0.0 	0.0 	-0.0 	13.0 	0.0 	0.0 	0.0 	11.65888119	2.32314106768	202.982304334	-64.9312867742	
8.41666666667	0.0	0.0	0.0 	0.0 	189.416666667 	13.0 	0.0 	0.0 	0.0 	-0.0 	13.0 	0.0 	0.0 	0.0 	11.6625756598	2.32314106768	203.124216225	-65.0641142792	
8.43333333333	0.0	0.0	0.0 	0.0 	189.633333333 	13.0 	0.0 	0.0 	0.0 	-0.0 	13.0 	0.0 	0.0 	0.0 	11.6662410982	2.32314106768	203.266172717	-65.1969835306	
8.45	0.0	0.0	0.0 	0.0 	189.85 	13.0 	0.0 	0.0 	0.0 	-0.0 	13.0 	0.0 	0.0 	0.0 	11.6698777334	2.32314106768	203.408173461	-65.3298942004	
8.46666666667	0.0	0.0	0.0 	0.0 	190.066666667 	13.0 	0.0 	0.0 	0.0 	-0.0 	13.0 	0.0 	0.0 	0.0 	11.6734857918	2.32314106768	203.550218108	-65.4628459631	
8.48333333333	0.0	0.0	0.0 	0.0 	190.283333333 	13.0 	0.0 	0.0 	0.0 	-0.0 	13.0 	0.0 	0.0 	0.0 	11.6770654978	2.32314106768	203.692306313	-65.5958384959	
8.5	0.0	0.0	0.0 	0.0 	190.5 	13.0 	0.0 	0.0 	0.0 	-0.0 	13.0 	0.0 	0.0 	0.0 	11.6806170744	2.32314106768	203.834437735	-65.7288714783	
8.51666666667	0.0	0.0	0.0 	0.0 	190.716666667 	13.0 	0.0 	0.0 	0.0 	-0.0 	13.0 	0.0 	0.0 	0.0 	11.6841407425	2.32314106768	203.976612032	-65.8619445924	
8.53333333333	0.0	0.0	0.0 	0.0 	190.933333333 	13.0 	0.0 	0.0 	0.0 	-0.0 	13.0 	0.0 	0.0 	0.0 	11.6876367215	2.32314106768	204.11882887	-65.9950575231	
8.55	0.0	0.0	0.0 	0.0 	191.15 	13.0 	0.0 	0.0 	0.0 	-0.0 	13.0 	0.0 	0.0 	0.0 	11.6911052289	2.32314106768	204.261087913	-66.1282099572	
8.56666666667	0.0	0.0	0.0 	0.0 	191.366666667 	13.0 	0.0 	0.0 	0.0 	-0.0 	13.0 	0.0 	0.0 	0.0 	11.6945464805	2.32314106768	204.403388829	-66.2614015845	
8.58333333333	0.0	0.0	0.0 	0.0 	191.583333333 	13.0 	0.0 	0.0 	0.0 	-0.0 	13.0 	0.0 	0.0 	0.0 	11.6979606907	2.32314106768	204.54573129	-66.394632097	
8.6	0.0	0.0	0.0 	0.0 	191.8 	13.0 	0.0 	0.0 	0.0 	-0.0 	13.0 	0.0 	0.0 	0.0 	11.7013480719	2.32314106768	204.688114969	-66.527901189	
8.61666666667	0.0	0.0	0.0 	0.0 	192.016666667 	13.0 	0.0 	0.0 	0.0 	-0.0 	13.0 	0.0 	0.0 	0.0 	11.7047088348	2.32314106768	204.830539542	-66.6612085575	
8.63333333333	0.0	0.0	0.0 	0.0 	192.233333333 	13.0 	0.0 	0.0 	0.0 	-0.0 	13.0 	0.0 	0.0 	0.0 	11.7080431887	2.32314106768	204.973004689	-66.7945539016	
8.65	0.0	0.0	0.0 	0.0 	192.45 	13.0 	0.0 	0.0 	0.0 	-0.0 	13.0 	0.0 	0.0 	0.0 	11.7113513411	2.32314106768	205.115510089	-66.927936923	
8.66666666667	0.0	0.0	0.0 	0.0 	192.666666667 	13.0 	0.0 	0.0 	0.0 	-0.0 	13.0 	0.0 	0.0 	0.0 	11.7146334978	2.32314106768	205.258055427	-67.0613573255	
8.68333333333	0.0	0.0	0.0 	0.0 	192.883333333 	13.0 	0.0 	0.0 	0.0 	-0.0 	13.0 	0.0 	0.0 	0.0 	11.7178898632	2.32314106768	205.400640389	-67.1948148155	
8.7	0.0	0.0	0.0 	0.0 	193.1 	13.0 	0.0 	0.0 	0.0 	-0.0 	13.0 	0.0 	0.0 	0.0 	11.72112064	2.32314106768	205.543264664	-67.3283091014	
8.71666666667	0.0	0.0	0.0 	0.0 	193.316666667 	13.0 	0.0 	0.0 	0.0 	-0.0 	13.0 	0.0 	0.0 	0.0 	11.7243260291	2.32314106768	205.685927942	-67.4618398942	
8.73333333333	0.0	0.0	0.0 	0.0 	193.533333333 	13.0 	0.0 	0.0 	0.0 	-0.0 	13.0 	0.0 	0.0 	0.0 	11.7275062302	2.32314106768	205.828629917	-67.595406907	
8.75	0.0	0.0	0.0 	0.0 	193.75 	13.0 	0.0 	0.0 	0.0 	-0.0 	13.0 	0.0 	0.0 	0.0 	11.730661441	2.32314106768	205.971370285	-67.7290098551	
8.76666666667	0.0	0.0	0.0 	0.0 	193.966666667 	13.0 	0.0 	0.0 	0.0 	-0.0 	13.0 	0.0 	0.0 	0.0 	11.7337918581	2.32314106768	206.114148745	-67.8626484562	
8.78333333333	0.0	0.0	0.0 	0.0 	194.183333333 	13.0 	0.0 	0.0 	0.0 	-0.0 	13.0 	0.0 	0.0 	0.0 	11.7368976762	2.32314106768	206.256964997	-67.9963224301	
8.8	0.0	0.0	0.0 	0.0 	194.4 	13.0 	0.0 	0.0 	0.0 	-0.0 	13.0 	0.0 	0.0 	0.0 	11.7399790886	2.32314106768	206.399818744	-68.1300314988	
8.81666666667	0.0	0.0	0.0 	0.0 	194.616666667 	13.0 	0.0 	0.0 	0.0 	-0.0 	13.0 	0.0 	0.0 	0.0 	11.7430362872	2.32314106768	206.542709691	-68.2637753866	
8.83333333333	0.0	0.0	0.0 	0.0 	194.833333333 	13.0 	0.0 	0.0 	0.0 	-0.0 	13.0 	0.0 	0.0 	0.0 	11.7460694621	2.32314106768	206.685637547	-68.3975538199	
8.85	0.0	0.0	0.0 	0.0 	195.05 	13.0 	0.0 	0.0 	0.0 	-0.0 	13.0 	0.0 	0.0 	0.0 	11.7490788022	2.32314106768	206.82860202	-68.5313665272	
8.86666666667	0.0	0.0	0.0 	0.0 	195.266666667 	13.0 	0.0 	0.0 	0.0 	-0.0 	13.0 	0.0 	0.0 	0.0 	11.7520644947	2.32314106768	206.971602824	-68.6652132391	
8.88333333333	0.0	0.0	0.0 	0.0 	195.483333333 	13.0 	0.0 	0.0 	0.0 	-0.0 	13.0 	0.0 	0.0 	0.0 	11.7550267256	2.32314106768	207.114639673	-68.7990936885	
8.9	0.0	0.0	0.0 	0.0 	195.7 	13.0 	0.0 	0.0 	0.0 	-0.0 	13.0 	0.0 	0.0 	0.0 	11.7579656791	2.32314106768	207.257712283	-68.9330076103	
8.91666666667	0.0	0.0	0.0 	0.0 	195.916666667 	13.0 	0.0 	0.0 	0.0 	-0.0 	13.0 	0.0 	0.0 	0.0 	11.7608815381	2.32314106768	207.400820374	-69.0669547414	
8.93333333333	0.0	0.0	0.0 	0.0 	196.133333333 	13.0 	0.0 	0.0 	0.0 	-0.0 	13.0 	0.0 	0.0 	0.0 	11.7637744842	2.32314106768	207.543963666	-69.2009348209	
8.95	0.0	0.0	0.0 	0.0 	196.35 	13.0 	0.0 	0.0 	0.0 	-0.0 	13.0 	0.0 	0.0 	0.0 	11.7666446974	2.32314106768	207.687141884	-69.3349475898	
8.96666666667	0.0	0.0	0.0 	0.0 	196.566666667 	13.0 	0.0 	0.0 	0.0 	-0.0 	13.0 	0.0 	0.0 	0.0 	11.7694923563	2.32314106768	207.830354753	-69.4689927913	
8.98333333333	0.0	0.0	0.0 	0.0 	196.783333333 	13.0 	0.0 	0.0 	0.0 	-0.0 	13.0 	0.0 	0.0 	0.0 	11.7723176382	2.32314106768	207.973602	-69.6030701705	
9.0	0.0	0.0	0.0 	0.0 	197.0 	13.0 	0.0 	0.0 	0.0 	-0.0 	13.0 	0.0 	0.0 	0.0 	11.7751207188	2.32314106768	208.116883355	-69.7371794746	
9.01666666667	0.0	0.0	0.0 	0.0 	197.216666667 	13.0 	0.0 	0.0 	0.0 	-0.0 	13.0 	0.0 	0.0 	0.0 	11.7779017727	2.32314106768	208.26019855	-69.8713204527	
9.03333333333	0.0	0.0	0.0 	0.0 	197.433333333 	13.0 	0.0 	0.0 	0.0 	-0.0 	13.0 	0.0 	0.0 	0.0 	11.780660973	2.32314106768	208.40354732	-70.0054928559	
9.05	0.0	0.0	0.0 	0.0 	197.65 	13.0 	0.0 	0.0 	0.0 	-0.0 	13.0 	0.0 	0.0 	0.0 	11.7833984913	2.32314106768	208.546929401	-70.1396964373	
9.06666666667	0.0	0.0	0.0 	0.0 	197.866666667 	13.0 	0.0 	0.0 	0.0 	-0.0 	13.0 	0.0 	0.0 	0.0 	11.7861144981	2.32314106768	208.69034453	-70.2739309518	
9.08333333333	0.0	0.0	0.0 	0.0 	198.083333333 	13.0 	0.0 	0.0 	0.0 	-0.0 	13.0 	0.0 	0.0 	0.0 	11.7888091624	2.32314106768	208.833792448	-70.4081961565	
9.1	0.0	0.0	0.0 	0.0 	198.3 	13.0 	0.0 	0.0 	0.0 	-0.0 	13.0 	0.0 	0.0 	0.0 	11.7914826519	2.32314106768	208.977272897	-70.54249181	
9.11666666667	0.0	0.0	0.0 	0.0 	198.516666667 	13.0 	0.0 	0.0 	0.0 	-0.0 	13.0 	0.0 	0.0 	0.0 	11.7941351329	2.32314106768	209.120785623	-70.6768176732	
9.13333333333	0.0	0.0	0.0 	0.0 	198.733333333 	13.0 	0.0 	0.0 	0.0 	-0.0 	13.0 	0.0 	0.0 	0.0 	11.7967667707	2.32314106768	209.26433037	-70.8111735087	
9.15	0.0	0.0	0.0 	0.0 	198.95 	13.0 	0.0 	0.0 	0.0 	-0.0 	13.0 	0.0 	0.0 	0.0 	11.7993777289	2.32314106768	209.407906888	-70.945559081	
9.16666666667	0.0	0.0	0.0 	0.0 	199.166666667 	13.0 	0.0 	0.0 	0.0 	-0.0 	13.0 	0.0 	0.0 	0.0 	11.80196817	2.32314106768	209.551514927	-71.0799741563	
9.18333333333	0.0	0.0	0.0 	0.0 	199.383333333 	13.0 	0.0 	0.0 	0.0 	-0.0 	13.0 	0.0 	0.0 	0.0 	11.8045382554	2.32314106768	209.695154239	-71.2144185028	
9.2	0.0	0.0	0.0 	0.0 	199.6 	13.0 	0.0 	0.0 	0.0 	-0.0 	13.0 	0.0 	0.0 	0.0 	11.8070881449	2.32314106768	209.838824579	-71.3488918906	
9.21666666667	0.0	0.0	0.0 	0.0 	199.816666667 	13.0 	0.0 	0.0 	0.0 	-0.0 	13.0 	0.0 	0.0 	0.0 	11.8096179973	2.32314106768	209.982525702	-71.4833940914	
9.23333333333	0.0	0.0	0.0 	0.0 	200.033333333 	13.0 	0.0 	0.0 	0.0 	-0.0 	13.0 	0.0 	0.0 	0.0 	11.8121279699	2.32314106768	210.126257367	-71.6179248788	
9.25	0.0	0.0	0.0 	0.0 	200.25 	13.0 	0.0 	0.0 	0.0 	-0.0 	13.0 	0.0 	0.0 	0.0 	11.8146182191	2.32314106768	210.270019333	-71.7524840282	
9.26666666667	0.0	0.0	0.0 	0.0 	200.466666667 	13.0 	0.0 	0.0 	0.0 	-0.0 	13.0 	0.0 	0.0 	0.0 	11.8170888997	2.32314106768	210.413811363	-71.8870713166	
9.28333333333	0.0	0.0	0.0 	0.0 	200.683333333 	13.0 	0.0 	0.0 	0.0 	-0.0 	13.0 	0.0 	0.0 	0.0 	11.8195401657	2.32314106768	210.557633221	-72.021686523	
9.3	0.0	0.0	0.0 	0.0 	200.9 	13.0 	0.0 	0.0 	0.0 	-0.0 	13.0 	0.0 	0.0 	0.0 	11.8219721694	2.32314106768	210.701484671	-72.1563294281	
9.31666666667	0.0	0.0	0.0 	0.0 	201.116666667 	13.0 	0.0 	0.0 	0.0 	-0.0 	13.0 	0.0 	0.0 	0.0 	11.8243850624	2.32314106768	210.845365482	-72.290999814	
9.33333333333	0.0	0.0	0.0 	0.0 	201.333333333 	13.0 	0.0 	0.0 	0.0 	-0.0 	13.0 	0.0 	0.0 	0.0 	11.8267789947	2.32314106768	210.989275422	-72.425697465	
9.35	0.0	0.0	0.0 	0.0 	201.55 	13.0 	0.0 	0.0 	0.0 	-0.0 	13.0 	0.0 	0.0 	0.0 	11.8291541154	2.32314106768	211.133214264	-72.5604221667	
9.36666666667	0.0	0.0	0.0 	0.0 	201.766666667 	13.0 	0.0 	0.0 	0.0 	-0.0 	13.0 	0.0 	0.0 	0.0 	11.8315105723	2.32314106768	211.277181779	-72.6951737066	
9.38333333333	0.0	0.0	0.0 	0.0 	201.983333333 	13.0 	0.0 	0.0 	0.0 	-0.0 	13.0 	0.0 	0.0 	0.0 	11.833848512	2.32314106768	211.421177742	-72.8299518738	
9.4	0.0	0.0	0.0 	0.0 	202.2 	13.0 	0.0 	0.0 	0.0 	-0.0 	13.0 	0.0 	0.0 	0.0 	11.8361680801	2.32314106768	211.565201931	-72.964756459	
9.41666666667	0.0	0.0	0.0 	0.0 	202.416666667 	13.0 	0.0 	0.0 	0.0 	-0.0 	13.0 	0.0 	0.0 	0.0 	11.838469421	2.32314106768	211.709254122	-73.0995872547	
9.43333333333	0.0	0.0	0.0 	0.0 	202.633333333 	13.0 	0.0 	0.0 	0.0 	-0.0 	13.0 	0.0 	0.0 	0.0 	11.8407526777	2.32314106768	211.853334096	-73.2344440548	
9.45	0.0	0.0	0.0 	0.0 	202.85 	13.0 	0.0 	0.0 	0.0 	-0.0 	13.0 	0.0 	0.0 	0.0 	11.8430179925	2.32314106768	211.997441635	-73.3693266551	
9.46666666667	0.0	0.0	0.0 	0.0 	203.066666667 	13.0 	0.0 	0.0 	0.0 	-0.0 	13.0 	0.0 	0.0 	0.0 	11.8452655064	2.32314106768	212.141576522	-73.5042348528	
9.48333333333	0.0	0.0	0.0 	0.0 	203.283333333 	13.0 	0.0 	0.0 	0.0 	-0.0 	13.0 	0.0 	0.0 	0.0 	11.8474953592	2.32314106768	212.285738542	-73.6391684468	
9.5	0.0	0.0	0.0 	0.0 	203.5 	13.0 	0.0 	0.0 	0.0 	-0.0 	13.0 	0.0 	0.0 	0.0 	11.8497076897	2.32314106768	212.429927483	-73.7741272374	
9.51666666667	0.0	0.0	0.0 	0.0 	203.716666667 	13.0 	0.0 	0.0 	0.0 	-0.0 	13.0 	0.0 	0.0 	0.0 	11.8519026356	2.32314106768	212.574143131	-73.9091110268	
9.53333333333	0.0	0.0	0.0 	0.0 	203.933333333 	13.0 	0.0 	0.0 	0.0 	-0.0 	13.0 	0.0 	0.0 	0.0 	11.8540803336	2.32314106768	212.718385278	-74.0441196184	
9.55	0.0	0.0	0.0 	0.0 	204.15 	13.0 	0.0 	0.0 	0.0 	-0.0 	13.0 	0.0 	0.0 	0.0 	11.856240919	2.32314106768	212.862653716	-74.1791528174	
9.56666666667	0.0	0.0	0.0 	0.0 	204.366666667 	13.0 	0.0 	0.0 	0.0 	-0.0 	13.0 	0.0 	0.0 	0.0 	11.8583845265	2.32314106768	213.006948237	-74.3142104303	
9.58333333333	0.0	0.0	0.0 	0.0 	204.583333333 	13.0 	0.0 	0.0 	0.0 	-0.0 	13.0 	0.0 	0.0 	0.0 	11.8605112894	2.32314106768	213.151268637	-74.4492922654	
9.6	0.0	0.0	0.0 	0.0 	204.8 	13.0 	0.0 	0.0 	0.0 	-0.0 	13.0 	0.0 	0.0 	0.0 	11.8626213401	2.32314106768	213.295614712	-74.5843981323	
9.61666666667	0.0	0.0	0.0 	0.0 	205.016666667 	13.0 	0.0 	0.0 	0.0 	-0.0 	13.0 	0.0 	0.0 	0.0 	11.8647148099	2.32314106768	213.439986261	-74.7195278422	
9.63333333333	0.0	0.0	0.0 	0.0 	205.233333333 	13.0 	0.0 	0.0 	0.0 	-0.0 	13.0 	0.0 	0.0 	0.0 	11.8667918292	2.32314106768	213.584383084	-74.8546812077	
9.65	0.0	0.0	0.0 	0.0 	205.45 	13.0 	0.0 	0.0 	0.0 	-0.0 	13.0 	0.0 	0.0 	0.0 	11.8688525271	2.32314106768	213.728804981	-74.9898580429	
9.66666666667	0.0	0.0	0.0 	0.0 	205.666666667 	13.0 	0.0 	0.0 	0.0 	-0.0 	13.0 	0.0 	0.0 	0.0 	11.870897032	2.32314106768	213.873251756	-75.1250581634	
9.68333333333	0.0	0.0	0.0 	0.0 	205.883333333 	13.0 	0.0 	0.0 	0.0 	-0.0 	13.0 	0.0 	0.0 	0.0 	11.872925471	2.32314106768	214.017723214	-75.2602813862	
9.7	0.0	0.0	0.0 	0.0 	206.1 	13.0 	0.0 	0.0 	0.0 	-0.0 	13.0 	0.0 	0.0 	0.0 	11.8749379705	2.32314106768	214.16221916	-75.3955275297	
9.71666666667	0.0	0.0	0.0 	0.0 	206.316666667 	13.0 	0.0 	0.0 	0.0 	-0.0 	13.0 	0.0 	0.0 	0.0 	11.8769346556	2.32314106768	214.306739401	-75.530796414	
9.73333333333	0.0	0.0	0.0 	0.0 	206.533333333 	13.0 	0.0 	0.0 	0.0 	-0.0 	13.0 	0.0 	0.0 	0.0 	11.8789156507	2.32314106768	214.451283748	-75.6660878602	
9.75	0.0	0.0	0.0 	0.0 	206.75 	13.0 	0.0 	0.0 	0.0 	-0.0 	13.0 	0.0 	0.0 	0.0 	11.8808810791	2.32314106768	214.595852011	-75.8014016911	
9.76666666667	0.0	0.0	0.0 	0.0 	206.966666667 	13.0 	0.0 	0.0 	0.0 	-0.0 	13.0 	0.0 	0.0 	0.0 	11.882831063	2.32314106768	214.740444001	-75.9367377307	
9.78333333333	0.0	0.0	0.0 	0.0 	207.183333333 	13.0 	0.0 	0.0 	0.0 	-0.0 	13.0 	0.0 	0.0 	0.0 	11.8847657238	2.32314106768	214.885059532	-76.0720958046	
9.8	0.0	0.0	0.0 	0.0 	207.4 	13.0 	0.0 	0.0 	0.0 	-0.0 	13.0 	0.0 	0.0 	0.0 	11.886685182	2.32314106768	215.02969842	-76.2074757397	
9.81666666667	0.0	0.0	0.0 	0.0 	207.616666667 	13.0 	0.0 	0.0 	0.0 	-0.0 	13.0 	0.0 	0.0 	0.0 	11.888589557	2.32314106768	215.17436048	-76.342877364	
9.83333333333	0.0	0.0	0.0 	0.0 	207.833333333 	13.0 	0.0 	0.0 	0.0 	-0.0 	13.0 	0.0 	0.0 	0.0 	11.8904789673	2.32314106768	215.319045531	-76.4783005072	
9.85	0.0	0.0	0.0 	0.0 	208.05 	13.0 	0.0 	0.0 	0.0 	-0.0 	13.0 	0.0 	0.0 	0.0 	11.8923535306	2.32314106768	215.463753392	-76.6137450003	
9.86666666667	0.0	0.0	0.0 	0.0 	208.266666667 	13.0 	0.0 	0.0 	0.0 	-0.0 	13.0 	0.0 	0.0 	0.0 	11.8942133634	2.32314106768	215.608483884	-76.7492106753	
9.88333333333	0.0	0.0	0.0 	0.0 	208.483333333 	13.0 	0.0 	0.0 	0.0 	-0.0 	13.0 	0.0 	0.0 	0.0 	11.8960585816	2.32314106768	215.753236828	-76.8846973659	
9.9	0.0	0.0	0.0 	0.0 	208.7 	13.0 	0.0 	0.0 	0.0 	-0.0 	13.0 	0.0 	0.0 	0.0 	11.8978893	2.32314106768	215.898012049	-77.020204907	
9.91666666667	0.0	0.0	0.0 	0.0 	208.916666667 	13.0 	0.0 	0.0 	0.0 	-0.0 	13.0 	0.0 	0.0 	0.0 	11.8997056325	2.32314106768	216.042809371	-77.1557331346	
9.93333333333	0.0	0.0	0.0 	0.0 	209.133333333 	13.0 	0.0 	0.0 	0.0 	-0.0 	13.0 	0.0 	0.0 	0.0 	11.9015076921	2.32314106768	216.187628621	-77.2912818863	
9.95	0.0	0.0	0.0 	0.0 	209.35 	13.0 	0.0 	0.0 	0.0 	-0.0 	13.0 	0.0 	0.0 	0.0 	11.9032955911	2.32314106768	216.332469627	-77.4268510007	
9.96666666667	0.0	0.0	0.0 	0.0 	209.566666667 	13.0 	0.0 	0.0 	0.0 	-0.0 	13.0 	0.0 	0.0 	0.0 	11.9050694407	2.32314106768	216.477332217	-77.5624403179	
9.98333333333	0.0	0.0	0.0 	0.0 	209.783333333 	13.0 	0.0 	0.0 	0.0 	-0.0 	13.0 	0.0 	0.0 	0.0 	11.9068293514	2.32314106768	216.622216221	-77.6980496791	
