0.0166666666667	0.0	0.0	0.0 	0.0 	60.2666666667 	16.0 	0.0 	0.0 	0.0 	0.0 	16.0 	0.0 	0.0 	0.0 	0.0	1.26612903226	140.0	-23.2903225806	
0.0333333333333	0.0	0.0	0.0 	0.0 	60.5333333333 	16.0 	0.0 	0.0 	0.0 	-0.0 	16.0 	0.0 	0.0 	0.0 	0.0	1.26612903226	140.0	-23.2903225806	
0.05	0.0	0.0	0.0 	0.0 	60.8 	16.0 	0.0 	0.0 	0.0 	-0.0 	16.0 	0.0 	0.0 	0.0 	0.0	1.26612903226	140.0	-23.2903225806	
0.0666666666667	0.0	0.0	0.0 	0.0 	61.0666666667 	16.0 	0.0 	0.0 	0.0 	-0.0 	16.0 	0.0 	0.0 	0.0 	0.0	1.26612903226	140.0	-23.2903225806	
0.0833333333333	0.0	0.0	0.0 	0.0 	61.3333333333 	16.0 	0.0 	0.0 	0.0 	-0.0 	16.0 	0.0 	0.0 	0.0 	0.0	1.26612903226	140.0	-23.2903225806	
0.1	0.0	0.0	0.0 	0.0 	61.6 	16.0 	0.0 	0.0 	0.0 	-0.0 	16.0 	0.0 	0.0 	0.0 	0.0	1.26612903226	140.0	-23.2903225806	
0.116666666667	0.0	0.0	0.0 	0.0 	61.8666666667 	16.0 	0.0 	0.0 	0.0 	-0.0 	16.0 	0.0 	0.0 	0.0 	0.0	1.26612903226	140.0	-23.2903225806	
0.133333333333	0.0	0.0	0.0 	0.0 	62.1333333333 	16.0 	0.0 	0.0 	0.0 	-0.0 	16.0 	0.0 	0.0 	0.0 	0.0	1.26612903226	140.0	-23.2903225806	
0.15	0.0	0.0	0.0 	0.0 	62.4 	16.0 	0.0 	0.0 	0.0 	-0.0 	16.0 	0.0 	0.0 	0.0 	0.0	1.26612903226	140.0	-23.2903225806	
0.166666666667	0.0	0.0	0.0 	0.0 	62.6666666667 	16.0 	0.0 	0.0 	0.0 	-0.0 	16.0 	0.0 	0.0 	0.0 	0.0	1.26612903226	140.0	-23.2903225806	
0.183333333333	0.0	0.0	0.0 	0.0 	62.9333333333 	16.0 	0.0 	0.0 	0.0 	-0.0 	16.0 	0.0 	0.0 	0.0 	0.0	1.26612903226	140.0	-23.2903225806	
0.2	0.0	0.0	0.0 	0.0 	63.2 	16.0 	0.0 	0.0 	0.0 	-0.0 	16.0 	0.0 	0.0 	0.0 	0.0	1.26612903226	140.0	-23.2903225806	
0.216666666667	0.0	0.0	0.0 	0.0 	63.4666666667 	16.0 	0.0 	0.0 	0.0 	-0.0 	16.0 	0.0 	0.0 	0.0 	0.0	1.26612903226	140.0	-23.2903225806	
0.233333333333	0.0	0.0	0.0 	0.0 	63.7333333333 	16.0 	0.0 	0.0 	0.0 	-0.0 	16.0 	0.0 	0.0 	0.0 	0.0	1.26612903226	140.0	-23.2903225806	
0.25	0.0	0.0	0.0 	0.0 	64.0 	16.0 	0.0 	0.0 	0.0 	-0.0 	16.0 	0.0 	0.0 	0.0 	0.0	1.26612903226	140.0	-23.2903225806	
0.266666666667	0.0	0.0	0.0 	0.0 	64.2666666667 	16.0 	0.0 	0.0 	0.0 	-0.0 	16.0 	0.0 	0.0 	0.0 	0.0	1.26612903226	140.0	-23.2903225806	
0.283333333333	0.0	0.0	0.0 	0.0 	64.5333333333 	16.0 	0.0 	0.0 	0.0 	-0.0 	16.0 	0.0 	0.0 	0.0 	0.0	1.26612903226	140.0	-23.2903225806	
0.3	0.0	0.0	0.0 	0.0 	64.8 	16.0 	0.0 	0.0 	0.0 	-0.0 	16.0 	0.0 	0.0 	0.0 	0.0	1.26612903226	140.0	-23.2903225806	
0.316666666667	0.0	0.0	0.0 	0.0 	65.0666666667 	16.0 	0.0 	0.0 	0.0 	-0.0 	16.0 	0.0 	0.0 	0.0 	0.0	1.26612903226	140.0	-23.2903225806	
0.333333333333	0.0	0.0	0.0 	0.0 	65.3333333333 	16.0 	0.0 	0.0 	0.0 	-0.0 	16.0 	0.0 	0.0 	0.0 	0.0	1.26612903226	140.0	-23.2903225806	
0.35	0.0	0.0	0.0 	0.0 	65.6 	16.0 	0.0 	0.0 	0.0 	-0.0 	16.0 	0.0 	0.0 	0.0 	0.0	1.26612903226	140.0	-23.2903225806	
0.366666666667	0.0	0.0	0.0 	0.0 	65.8666666667 	16.0 	0.0 	0.0 	0.0 	-0.0 	16.0 	0.0 	0.0 	0.0 	0.0	1.26612903226	140.0	-23.2903225806	
0.383333333333	0.0	0.0	0.0 	0.0 	66.1333333333 	16.0 	0.0 	0.0 	0.0 	-0.0 	16.0 	0.0 	0.0 	0.0 	0.0	1.26612903226	140.0	-23.2903225806	
0.4	0.0	0.0	0.0 	0.0 	66.4 	16.0 	0.0 	0.0 	0.0 	-0.0 	16.0 	0.0 	0.0 	0.0 	0.0	1.26612903226	140.0	-23.2903225806	
0.416666666667	0.0	0.0	0.0 	0.0 	66.6666666667 	16.0 	0.0 	0.0 	0.0 	-0.0 	16.0 	0.0 	0.0 	0.0 	0.0	1.26612903226	140.0	-23.2903225806	
0.433333333333	0.0	0.0	0.0 	0.0 	66.9333333333 	16.0 	0.0 	0.0 	0.0 	-0.0 	16.0 	0.0 	0.0 	0.0 	0.0	1.26612903226	140.0	-23.2903225806	
0.45	0.0	0.0	0.0 	0.0 	67.2 	16.0 	0.0 	0.0 	0.0 	-0.0 	16.0 	0.0 	0.0 	0.0 	0.0	1.26612903226	140.0	-23.2903225806	
0.466666666667	0.0	0.0	0.0 	0.0 	67.4666666667 	16.0 	0.0 	0.0 	0.0 	-0.0 	16.0 	0.0 	0.0 	0.0 	0.0	1.26612903226	140.0	-23.2903225806	
0.483333333333	0.0	0.0	0.0 	0.0 	67.7333333333 	16.0 	0.0 	0.0 	0.0 	-0.0 	16.0 	0.0 	0.0 	0.0 	0.0	1.26612903226	140.0	-23.2903225806	
0.5	0.0	0.0	0.0 	0.0 	68.0 	16.0 	0.0 	0.0 	0.0 	-0.0 	16.0 	0.0 	0.0 	0.0 	0.0	1.26612903226	140.0	-23.2903225806	
0.516666666667	0.0	0.0	0.0 	0.0 	68.2666666667 	16.0 	0.0 	0.0 	0.0 	-0.0 	16.0 	0.0 	0.0 	0.0 	0.0	1.26612903226	140.0	-23.2903225806	
0.533333333333	0.0	0.0	0.0 	0.0 	68.5333333333 	16.0 	0.0 	0.0 	0.0 	-0.0 	16.0 	0.0 	0.0 	0.0 	0.0	1.26612903226	140.0	-23.2903225806	
0.55	0.0	0.0	0.0 	0.0 	68.8 	16.0 	0.0 	0.0 	0.0 	-0.0 	16.0 	0.0 	0.0 	0.0 	0.0	1.26612903226	140.0	-23.2903225806	
0.566666666667	0.0	0.0	0.0 	0.0 	69.0666666667 	16.0 	0.0 	0.0 	0.0 	-0.0 	16.0 	0.0 	0.0 	0.0 	0.0	1.26612903226	140.0	-23.2903225806	
0.583333333333	0.0	0.0	0.0 	0.0 	69.3333333333 	16.0 	0.0 	0.0 	0.0 	-0.0 	16.0 	0.0 	0.0 	0.0 	0.0	1.26612903226	140.0	-23.2903225806	
0.6	0.0	0.0	0.0 	0.0 	69.6 	16.0 	0.0 	0.0 	0.0 	-0.0 	16.0 	0.0 	0.0 	0.0 	0.0	1.26612903226	140.0	-23.2903225806	
0.616666666667	0.0	0.0	0.0 	0.0 	69.8666666667 	16.0 	0.0 	0.0 	0.0 	-0.0 	16.0 	0.0 	0.0 	0.0 	0.0	1.26612903226	140.0	-23.2903225806	
0.633333333333	0.0	0.0	0.0 	0.0 	70.1333333333 	16.0 	0.0 	0.0 	0.0 	-0.0 	16.0 	0.0 	0.0 	0.0 	0.0	1.26612903226	140.0	-23.2903225806	
0.65	0.0	0.0	0.0 	0.0 	70.4 	16.0 	0.0 	0.0 	0.0 	-0.0 	16.0 	0.0 	0.0 	0.0 	0.0	1.26612903226	140.0	-23.2903225806	
0.666666666667	0.0	0.0	0.0 	0.0 	70.6666666667 	16.0 	0.0 	0.0 	0.0 	-0.0 	16.0 	0.0 	0.0 	0.0 	0.0	1.26612903226	140.0	-23.2903225806	
0.683333333333	0.0	0.0	0.0 	0.0 	70.9333333333 	16.0 	0.0 	0.0 	0.0 	-0.0 	16.0 	0.0 	0.0 	0.0 	0.0	1.26612903226	140.0	-23.2903225806	
0.7	0.0	0.0	0.0 	0.0 	71.2 	16.0 	0.0 	0.0 	0.0 	-0.0 	16.0 	0.0 	0.0 	0.0 	0.0	1.26612903226	140.0	-23.2903225806	
0.716666666667	0.0	0.0	0.0 	0.0 	71.4666666667 	16.0 	0.0 	0.0 	0.0 	-0.0 	16.0 	0.0 	0.0 	0.0 	0.0	1.26612903226	140.0	-23.2903225806	
0.733333333333	0.0	0.0	0.0 	0.0 	71.7333333333 	16.0 	0.0 	0.0 	0.0 	-0.0 	16.0 	0.0 	0.0 	0.0 	0.0	1.26612903226	140.0	-23.2903225806	
0.75	0.0	0.0	0.0 	0.0 	72.0 	16.0 	0.0 	0.0 	0.0 	-0.0 	16.0 	0.0 	0.0 	0.0 	0.0	1.26612903226	140.0	-23.2903225806	
0.766666666667	0.0	0.0	0.0 	0.0 	72.2666666667 	16.0 	0.0 	0.0 	0.0 	-0.0 	16.0 	0.0 	0.0 	0.0 	0.0	1.26612903226	140.0	-23.2903225806	
0.783333333333	0.0	0.0	0.0 	0.0 	72.5333333333 	16.0 	0.0 	0.0 	0.0 	-0.0 	16.0 	0.0 	0.0 	0.0 	0.0	1.26612903226	140.0	-23.2903225806	
0.8	0.0	0.0	0.0 	0.0 	72.8 	16.0 	0.0 	0.0 	0.0 	-0.0 	16.0 	0.0 	0.0 	0.0 	0.0	1.26612903226	140.0	-23.2903225806	
0.816666666667	0.0	0.0	0.0 	0.0 	73.0666666667 	16.0 	0.0 	0.0 	0.0 	-0.0 	16.0 	0.0 	0.0 	0.0 	0.0	1.26612903226	140.0	-23.2903225806	
0.833333333333	0.0	0.0	0.0 	0.0 	73.3333333333 	16.0 	0.0 	0.0 	0.0 	-0.0 	16.0 	0.0 	0.0 	0.0 	0.0	1.26612903226	140.0	-23.2903225806	
0.85	0.0	0.0	0.0 	0.0 	73.6 	16.0 	0.0 	0.0 	0.0 	-0.0 	16.0 	0.0 	0.0 	0.0 	0.0	1.26612903226	140.0	-23.2903225806	
0.866666666667	0.0	0.0	0.0 	0.0 	73.8666666667 	16.0 	0.0 	0.0 	0.0 	-0.0 	16.0 	0.0 	0.0 	0.0 	0.0	1.26612903226	140.0	-23.2903225806	
0.883333333333	0.0	0.0	0.0 	0.0 	74.1333333333 	16.0 	0.0 	0.0 	0.0 	-0.0 	16.0 	0.0 	0.0 	0.0 	0.0	1.26612903226	140.0	-23.2903225806	
0.9	0.0	0.0	0.0 	0.0 	74.4 	16.0 	0.0 	0.0 	0.0 	-0.0 	16.0 	0.0 	0.0 	0.0 	0.0	1.26612903226	140.0	-23.2903225806	
0.916666666667	0.0	0.0	0.0 	0.0 	74.6666666667 	16.0 	0.0 	0.0 	0.0 	-0.0 	16.0 	0.0 	0.0 	0.0 	0.0	1.26612903226	140.0	-23.2903225806	
0.933333333333	0.0	0.0	0.0 	0.0 	74.9333333333 	16.0 	0.0 	0.0 	0.0 	-0.0 	16.0 	0.0 	0.0 	0.0 	0.0	1.26612903226	140.0	-23.2903225806	
0.95	0.0	0.0	0.0 	0.0 	75.2 	16.0 	0.0 	0.0 	0.0 	-0.0 	16.0 	0.0 	0.0 	0.0 	0.0	1.26612903226	140.0	-23.2903225806	
0.966666666667	0.0	0.0	0.0 	0.0 	75.4666666667 	16.0 	0.0 	0.0 	0.0 	-0.0 	16.0 	0.0 	0.0 	0.0 	0.0	1.26612903226	140.0	-23.2903225806	
0.983333333333	0.0	0.0	0.0 	0.0 	75.7333333333 	16.0 	0.0 	0.0 	0.0 	-0.0 	16.0 	0.0 	0.0 	0.0 	0.0	1.26612903226	140.0	-23.2903225806	
1.0	0.0	0.0	0.0 	0.0 	76.0 	16.0 	0.0 	0.0 	0.0 	-0.0 	16.0 	0.0 	0.0 	0.0 	0.0	1.26612903226	140.0	-23.2903225806	
1.01666666667	0.0	0.0	0.0 	0.0 	76.2666666667 	16.0 	0.0 	0.0 	0.0 	-0.0 	16.0 	0.0 	0.0 	0.0 	0.0	1.26612903226	140.0	-23.2903225806	
1.03333333333	0.0	0.0	0.0 	0.0 	76.5333333333 	16.0 	0.0 	0.0 	0.0 	-0.0 	16.0 	0.0 	0.0 	0.0 	0.0	1.26612903226	140.0	-23.2903225806	
1.05	0.0	0.0	0.0 	0.0 	76.8 	16.0 	0.0 	0.0 	0.0 	-0.0 	16.0 	0.0 	0.0 	0.0 	0.0	1.26612903226	140.0	-23.2903225806	
1.06666666667	0.0	0.0	0.0 	0.0 	77.0666666667 	16.0 	0.0 	0.0 	0.0 	-0.0 	16.0 	0.0 	0.0 	0.0 	0.0	1.26612903226	140.0	-23.2903225806	
1.08333333333	0.0	0.0	0.0 	0.0 	77.3333333333 	16.0 	0.0 	0.0 	0.0 	-0.0 	16.0 	0.0 	0.0 	0.0 	0.0	1.26612903226	140.0	-23.2903225806	
1.1	0.0	0.0	0.0 	0.0 	77.6 	16.0 	0.0 	0.0 	0.0 	-0.0 	16.0 	0.0 	0.0 	0.0 	0.0	1.26612903226	140.0	-23.2903225806	
1.11666666667	0.0	0.0	0.0 	0.0 	77.8666666667 	16.0 	0.0 	0.0 	0.0 	-0.0 	16.0 	0.0 	0.0 	0.0 	0.0	1.26612903226	140.0	-23.2903225806	
1.13333333333	0.0	0.0	0.0 	0.0 	78.1333333333 	16.0 	0.0 	0.0 	0.0 	-0.0 	16.0 	0.0 	0.0 	0.0 	0.0	1.26612903226	140.0	-23.2903225806	
1.15	0.0	0.0	0.0 	0.0 	78.4 	16.0 	0.0 	0.0 	0.0 	-0.0 	16.0 	0.0 	0.0 	0.0 	0.0	1.26612903226	140.0	-23.2903225806	
1.16666666667	0.0	0.0	0.0 	0.0 	78.6666666667 	16.0 	0.0 	0.0 	0.0 	-0.0 	16.0 	0.0 	0.0 	0.0 	0.0	1.26612903226	140.0	-23.2903225806	
1.18333333333	0.0	0.0	0.0 	0.0 	78.9333333333 	16.0 	0.0 	0.0 	0.0 	-0.0 	16.0 	0.0 	0.0 	0.0 	0.0	1.26612903226	140.0	-23.2903225806	
1.2	0.0	0.0	0.0 	0.0 	79.2 	16.0 	0.0 	0.0 	0.0 	-0.0 	16.0 	0.0 	0.0 	0.0 	0.0	1.26612903226	140.0	-23.2903225806	
1.21666666667	0.0	0.0	0.0 	0.0 	79.4666666667 	16.0 	0.0 	0.0 	0.0 	-0.0 	16.0 	0.0 	0.0 	0.0 	0.0	1.26612903226	140.0	-23.2903225806	
1.23333333333	0.0	0.0	0.0 	0.0 	79.7333333333 	16.0 	0.0 	0.0 	0.0 	-0.0 	16.0 	0.0 	0.0 	0.0 	0.0	1.26612903226	140.0	-23.2903225806	
1.25	0.0	0.0	0.0 	0.0 	80.0 	16.0 	0.0 	0.0 	0.0 	-0.0 	16.0 	0.0 	0.0 	0.0 	0.0	1.26612903226	140.0	-23.2903225806	
1.26666666667	0.0	0.0	0.0 	0.0 	80.2666666667 	16.0 	0.0 	0.0 	0.0 	-0.0 	16.0 	0.0 	0.0 	0.0 	0.0634812286689	1.54079708607	140.001057544	-23.2902908456	
1.28333333333	0.0	0.0	0.0 	0.0 	80.5333333333 	16.0 	0.0 	0.0 	0.0 	-0.0 	16.0 	0.0 	0.0 	0.0 	0.126738575872	1.76968713092	140.003128213	-23.2907082002	
1.3	0.0	0.0	0.0 	0.0 	80.8 	16.0 	0.0 	0.0 	0.0 	-0.0 	16.0 	0.0 	0.0 	0.0 	0.189772831179	1.96042883496	140.006054031	-23.2919096156	
1.31666666667	0.0	0.0	0.0 	0.0 	81.0666666667 	16.0 	0.0 	0.0 	0.0 	-0.0 	16.0 	0.0 	0.0 	0.0 	0.252584781376	2.11938025499	140.009646056	-23.2941049119	
1.33333333333	0.0	0.0	0.0 	0.0 	81.3333333333 	16.0 	0.0 	0.0 	0.0 	-0.0 	16.0 	0.0 	0.0 	0.0 	0.315175210474	2.25183977168	140.013727134	-23.2974121716	
1.35	0.0	0.0	0.0 	0.0 	81.6 	16.0 	0.0 	0.0 	0.0 	-0.0 	16.0 	0.0 	0.0 	0.0 	0.377544899721	2.36222270226	140.018149641	-23.3018883219	
1.36666666667	0.0	0.0	0.0 	0.0 	81.8666666667 	16.0 	0.0 	0.0 	0.0 	-0.0 	16.0 	0.0 	0.0 	0.0 	0.439694627606	2.45420847774	140.02279954	-23.3075523834	
1.38333333333	0.0	0.0	0.0 	0.0 	82.1333333333 	16.0 	0.0 	0.0 	0.0 	-0.0 	16.0 	0.0 	0.0 	0.0 	0.501625169875	2.53086329064	140.027593949	-23.3144014897	
1.4	0.0	0.0	0.0 	0.0 	82.4 	16.0 	0.0 	0.0 	0.0 	-0.0 	16.0 	0.0 	0.0 	0.0 	0.563337299537	2.59474230139	140.032476201	-23.3224212212	
1.41666666667	0.0	0.0	0.0 	0.0 	82.6666666667 	16.0 	0.0 	0.0 	0.0 	-0.0 	16.0 	0.0 	0.0 	0.0 	0.624831786877	2.64797481035	140.037410445	-23.3315919235	
1.43333333333	0.0	0.0	0.0 	0.0 	82.9333333333 	16.0 	0.0 	0.0 	0.0 	-0.0 	16.0 	0.0 	0.0 	0.0 	0.68610939946	2.69233523449	140.042376697	-23.3418923679	
1.45	0.0	0.0	0.0 	0.0 	83.2 	16.0 	0.0 	0.0 	0.0 	-0.0 	16.0 	0.0 	0.0 	0.0 	0.747170902147	2.7293022546	140.047366663	-23.3533017353	
1.46666666667	0.0	0.0	0.0 	0.0 	83.4666666667 	16.0 	0.0 	0.0 	0.0 	-0.0 	16.0 	0.0 	0.0 	0.0 	0.808017057099	2.76010810469	140.052380392	-23.3658005871	
1.48333333333	0.0	0.0	0.0 	0.0 	83.7333333333 	16.0 	0.0 	0.0 	0.0 	-0.0 	16.0 	0.0 	0.0 	0.0 	0.868648623792	2.78577964643	140.057423658	-23.3793712469	
1.5	0.0	0.0	0.0 	0.0 	84.0 	16.0 	0.0 	0.0 	0.0 	-0.0 	16.0 	0.0 	0.0 	0.0 	0.929066359021	2.80717259788	140.062505982	-23.3939978609	
1.51666666667	0.0	0.0	0.0 	0.0 	84.2666666667 	16.0 	0.0 	0.0 	0.0 	-0.0 	16.0 	0.0 	0.0 	0.0 	0.989271016913	2.82500005743	140.06763915	-23.4096662941	
1.53333333333	0.0	0.0	0.0 	0.0 	84.5333333333 	16.0 	0.0 	0.0 	0.0 	-0.0 	16.0 	0.0 	0.0 	0.0 	1.04926334894	2.83985627372	140.072836127	-23.4263639548	
1.55	0.0	0.0	0.0 	0.0 	84.8 	16.0 	0.0 	0.0 	0.0 	-0.0 	16.0 	0.0 	0.0 	0.0 	1.1090441039	2.85223645395	140.078110283	-23.4440795993	
1.56666666667	0.0	0.0	0.0 	0.0 	85.0666666667 	16.0 	0.0 	0.0 	0.0 	-0.0 	16.0 	0.0 	0.0 	0.0 	1.168614028	2.86255327082	140.083474851	-23.4628031423	
1.58333333333	0.0	0.0	0.0 	0.0 	85.3333333333 	16.0 	0.0 	0.0 	0.0 	-0.0 	16.0 	0.0 	0.0 	0.0 	1.22797386476	2.87115061821	140.088942556	-23.4825254852	
1.6	0.0	0.0	0.0 	0.0 	85.6 	16.0 	0.0 	0.0 	0.0 	-0.0 	16.0 	0.0 	0.0 	0.0 	1.28712435511	2.87831507436	140.094525385	-23.5032383663	
1.61666666667	0.0	0.0	0.0 	0.0 	85.8666666667 	16.0 	0.0 	0.0 	0.0 	-0.0 	16.0 	0.0 	0.0 	0.0 	1.34606623736	2.8842854545	140.100234441	-23.5249342336	
1.63333333333	0.0	0.0	0.0 	0.0 	86.1333333333 	16.0 	0.0 	0.0 	0.0 	-0.0 	16.0 	0.0 	0.0 	0.0 	1.40480024722	2.88926077127	140.106079877	-23.5476061379	
1.65	0.0	0.0	0.0 	0.0 	86.4 	16.0 	0.0 	0.0 	0.0 	-0.0 	16.0 	0.0 	0.0 	0.0 	1.46332711779	2.89340686858	140.112070878	-23.5712476428	
1.66666666667	0.0	0.0	0.0 	0.0 	86.6666666667 	16.0 	0.0 	0.0 	0.0 	-0.0 	16.0 	0.0 	0.0 	0.0 	1.52164757961	2.89686194968	140.118215673	-23.5958527503	
1.68333333333	0.0	0.0	0.0 	0.0 	86.9333333333 	16.0 	0.0 	0.0 	0.0 	-0.0 	16.0 	0.0 	0.0 	0.0 	1.57976236061	2.89974118392	140.124521574	-23.6214158385	
1.7	0.0	0.0	0.0 	0.0 	87.2 	16.0 	0.0 	0.0 	0.0 	-0.0 	16.0 	0.0 	0.0 	0.0 	1.63767218619	2.90214054579	140.13099503	-23.647931609	
1.71666666667	0.0	0.0	0.0 	0.0 	87.4666666667 	16.0 	0.0 	0.0 	0.0 	-0.0 	16.0 	0.0 	0.0 	0.0 	1.69537777916	2.90414001402	140.137641689	-23.6753950431	
1.73333333333	0.0	0.0	0.0 	0.0 	87.7333333333 	16.0 	0.0 	0.0 	0.0 	-0.0 	16.0 	0.0 	0.0 	0.0 	1.7528798598	2.90580623754	140.14446646	-23.7038013649	
1.75	0.0	0.0	0.0 	0.0 	88.0 	16.0 	0.0 	0.0 	0.0 	-0.0 	16.0 	0.0 	0.0 	0.0 	1.81017914585	2.90719475714	140.151473584	-23.7331460089	
1.76666666667	0.0	0.0	0.0 	0.0 	88.2666666667 	16.0 	0.0 	0.0 	0.0 	-0.0 	16.0 	0.0 	0.0 	0.0 	1.8672763525	2.90835185681	140.158666699	-23.7634245937	
1.78333333333	0.0	0.0	0.0 	0.0 	88.5333333333 	16.0 	0.0 	0.0 	0.0 	-0.0 	16.0 	0.0 	0.0 	0.0 	1.92417219244	2.90931610653	140.166048899	-23.7946328987	
1.8	0.0	0.0	0.0 	0.0 	88.8 	16.0 	0.0 	0.0 	0.0 	-0.0 	16.0 	0.0 	0.0 	0.0 	1.98086737584	2.91011964797	140.173622795	-23.8267668438	
1.81666666667	0.0	0.0	0.0 	0.0 	89.0666666667 	16.0 	0.0 	0.0 	0.0 	-0.0 	16.0 	0.0 	0.0 	0.0 	2.03736261035	2.91078926583	140.181390568	-23.8598224724	
1.83333333333	0.0	0.0	0.0 	0.0 	89.3333333333 	16.0 	0.0 	0.0 	0.0 	-0.0 	16.0 	0.0 	0.0 	0.0 	2.09365860114	2.91134728072	140.189354023	-23.8937959365	
1.85	0.0	0.0	0.0 	0.0 	89.6 	16.0 	0.0 	0.0 	0.0 	-0.0 	16.0 	0.0 	0.0 	0.0 	2.1497560509	2.91181229312	140.197514628	-23.9286834834	
1.86666666667	0.0	0.0	0.0 	0.0 	89.8666666667 	16.0 	0.0 	0.0 	0.0 	-0.0 	16.0 	0.0 	0.0 	0.0 	2.20565565982	2.91219980346	140.20587356	-23.9644814451	
1.88333333333	0.0	0.0	0.0 	0.0 	90.1333333333 	16.0 	0.0 	0.0 	0.0 	-0.0 	16.0 	0.0 	0.0 	0.0 	2.26135812564	2.91252272874	140.21443174	-24.0011862276	
1.9	0.0	0.0	0.0 	0.0 	90.4 	16.0 	0.0 	0.0 	0.0 	-0.0 	16.0 	0.0 	0.0 	0.0 	2.31686414363	2.91279183314	140.223189863	-24.0387943032	
1.91666666667	0.0	0.0	0.0 	0.0 	90.6666666667 	16.0 	0.0 	0.0 	0.0 	-0.0 	16.0 	0.0 	0.0 	0.0 	2.3721744066	2.91301608681	140.232148433	-24.0773022025	
1.93333333333	0.0	0.0	0.0 	0.0 	90.9333333333 	16.0 	0.0 	0.0 	0.0 	-0.0 	16.0 	0.0 	0.0 	0.0 	2.42728960494	2.91320296487	140.241307783	-24.1167065083	
1.95	0.0	0.0	0.0 	0.0 	91.2 	16.0 	0.0 	0.0 	0.0 	-0.0 	16.0 	0.0 	0.0 	0.0 	2.48221042658	2.91335869658	140.2506681	-24.1570038498	
1.96666666667	0.0	0.0	0.0 	0.0 	91.4666666667 	16.0 	0.0 	0.0 	0.0 	-0.0 	16.0 	0.0 	0.0 	0.0 	2.53693755705	2.91348847301	140.260229447	-24.1981908978	
1.98333333333	0.0	0.0	0.0 	0.0 	91.7333333333 	16.0 	0.0 	0.0 	0.0 	-0.0 	16.0 	0.0 	0.0 	0.0 	2.59147167943	2.91359662003	140.269991774	-24.2402643605	
2.0	0.0	0.0	0.0 	0.0 	92.0 	16.0 	0.0 	0.0 	0.0 	-0.0 	16.0 	0.0 	0.0 	0.0 	2.64581347441	2.91368674255	140.279954941	-24.2832209795	
2.01666666667	0.0	0.0	0.0 	0.0 	92.2666666667 	16.0 	0.0 	0.0 	0.0 	-0.0 	16.0 	0.0 	0.0 	0.0 	2.6999636203	2.91376184465	140.290118726	-24.3270575272	
2.03333333333	0.0	0.0	0.0 	0.0 	92.5333333333 	16.0 	0.0 	0.0 	0.0 	-0.0 	16.0 	0.0 	0.0 	0.0 	2.75392279297	2.91382442973	140.300482836	-24.3717708036	
2.05	0.0	0.0	0.0 	0.0 	92.8 	16.0 	0.0 	0.0 	0.0 	-0.0 	16.0 	0.0 	0.0 	0.0 	2.80769166594	2.91387658397	140.311046923	-24.4173576338	
2.06666666667	0.0	0.0	0.0 	0.0 	93.0666666667 	16.0 	0.0 	0.0 	0.0 	-0.0 	16.0 	0.0 	0.0 	0.0 	2.86127091035	2.91392004583	140.321810586	-24.4638148664	
2.08333333333	0.0	0.0	0.0 	0.0 	93.3333333333 	16.0 	0.0 	0.0 	0.0 	-0.0 	16.0 	0.0 	0.0 	0.0 	2.91466119496	2.91395626405	140.332773381	-24.5111393713	
2.1	0.0	0.0	0.0 	0.0 	93.6 	16.0 	0.0 	0.0 	0.0 	-0.0 	16.0 	0.0 	0.0 	0.0 	2.9678631862	2.9139864459	140.343934828	-24.5593280384	
2.11666666667	0.0	0.0	0.0 	0.0 	93.8666666667 	16.0 	0.0 	0.0 	0.0 	-0.0 	16.0 	0.0 	0.0 	0.0 	3.02087754811	2.91401159744	140.355294415	-24.6083777759	
2.13333333333	0.0	0.0	0.0 	0.0 	94.1333333333 	16.0 	0.0 	0.0 	0.0 	-0.0 	16.0 	0.0 	0.0 	0.0 	3.07370494243	2.91403255706	140.366851607	-24.6582855097	
2.15	0.0	0.0	0.0 	0.0 	94.4 	16.0 	0.0 	0.0 	0.0 	-0.0 	16.0 	0.0 	0.0 	0.0 	3.12634602852	2.91405002341	140.378605844	-24.7090481819	
2.16666666667	0.0	0.0	0.0 	0.0 	94.6666666667 	16.0 	0.0 	0.0 	0.0 	-0.0 	16.0 	0.0 	0.0 	0.0 	3.17880146346	2.9140645787	140.390556548	-24.7606627502	
2.18333333333	0.0	0.0	0.0 	0.0 	94.9333333333 	16.0 	0.0 	0.0 	0.0 	-0.0 	16.0 	0.0 	0.0 	0.0 	3.23107190199	2.91407670811	140.402703126	-24.813126187	
2.2	0.0	0.0	0.0 	0.0 	95.2 	16.0 	0.0 	0.0 	0.0 	-0.0 	16.0 	0.0 	0.0 	0.0 	3.28315799653	2.91408681595	140.415044973	-24.8664354788	
2.21666666667	0.0	0.0	0.0 	0.0 	95.4666666667 	16.0 	0.0 	0.0 	0.0 	-0.0 	16.0 	0.0 	0.0 	0.0 	3.33506039722	2.91409523915	140.427581473	-24.9205876259	
2.23333333333	0.0	0.0	0.0 	0.0 	95.7333333333 	16.0 	0.0 	0.0 	0.0 	-0.0 	16.0 	0.0 	0.0 	0.0 	3.38677975191	2.91410225848	140.440311999	-24.9755796415	
2.25	0.0	0.0	0.0 	0.0 	96.0 	16.0 	0.0 	0.0 	0.0 	-0.0 	16.0 	0.0 	0.0 	0.0 	3.43831670614	2.91410810793	140.45323592	-25.0314085515	
2.26666666667	0.0	0.0	0.0 	0.0 	96.2666666667 	16.0 	0.0 	0.0 	0.0 	-0.0 	16.0 	0.0 	0.0 	0.0 	3.48967190319	2.91411298246	140.466352599	-25.0880713942	
2.28333333333	0.0	0.0	0.0 	0.0 	96.5333333333 	16.0 	0.0 	0.0 	0.0 	-0.0 	16.0 	0.0 	0.0 	0.0 	3.54084598408	2.91411704458	140.479661393	-25.1455652197	
2.3	0.0	0.0	0.0 	0.0 	96.8 	16.0 	0.0 	0.0 	0.0 	-0.0 	16.0 	0.0 	0.0 	0.0 	3.59183958755	2.91412042967	140.493161657	-25.20388709	
2.31666666667	0.0	0.0	0.0 	0.0 	97.0666666667 	16.0 	0.0 	0.0 	0.0 	-0.0 	16.0 	0.0 	0.0 	0.0 	3.6426533501	2.91412325058	140.506852742	-25.2630340785	
2.33333333333	0.0	0.0	0.0 	0.0 	97.3333333333 	16.0 	0.0 	0.0 	0.0 	-0.0 	16.0 	0.0 	0.0 	0.0 	3.69328790597	2.91412560135	140.520733998	-25.3230032701	
2.35	0.0	0.0	0.0 	0.0 	97.6 	16.0 	0.0 	0.0 	0.0 	-0.0 	16.0 	0.0 	0.0 	0.0 	3.74374388719	2.91412756031	140.534804775	-25.3837917603	
2.36666666667	0.0	0.0	0.0 	0.0 	97.8666666667 	16.0 	0.0 	0.0 	0.0 	-0.0 	16.0 	0.0 	0.0 	0.0 	3.79402192354	2.91412919279	140.549064419	-25.4453966561	
2.38333333333	0.0	0.0	0.0 	0.0 	98.1333333333 	16.0 	0.0 	0.0 	0.0 	-0.0 	16.0 	0.0 	0.0 	0.0 	3.84412264258	2.91413055318	140.56351228	-25.5078150749	
2.4	0.0	0.0	0.0 	0.0 	98.4 	16.0 	0.0 	0.0 	0.0 	-0.0 	16.0 	0.0 	0.0 	0.0 	3.89404666967	2.91413168684	140.578147706	-25.5710441449	
2.41666666667	0.0	0.0	0.0 	0.0 	98.6666666667 	16.0 	0.0 	0.0 	0.0 	-0.0 	16.0 	0.0 	0.0 	0.0 	3.94379462794	2.91413263156	140.592970044	-25.6350810048	
2.43333333333	0.0	0.0	0.0 	0.0 	98.9333333333 	16.0 	0.0 	0.0 	0.0 	-0.0 	16.0 	0.0 	0.0 	0.0 	3.99336713836	2.91413341882	140.607978644	-25.6999228038	
2.45	0.0	0.0	0.0 	0.0 	99.2 	16.0 	0.0 	0.0 	0.0 	-0.0 	16.0 	0.0 	0.0 	0.0 	4.04276481967	2.91413407488	140.623172856	-25.7655667014	
2.46666666667	0.0	0.0	0.0 	0.0 	99.4666666667 	16.0 	0.0 	0.0 	0.0 	-0.0 	16.0 	0.0 	0.0 	0.0 	4.09198828845	2.91413462159	140.638552032	-25.8320098675	
2.48333333333	0.0	0.0	0.0 	0.0 	99.7333333333 	16.0 	0.0 	0.0 	0.0 	-0.0 	16.0 	0.0 	0.0 	0.0 	4.1410381591	2.91413507718	140.654115525	-25.899249482	
2.5	0.0	0.0	0.0 	0.0 	100.0 	16.0 	0.0 	0.0 	0.0 	-0.0 	16.0 	0.0 	0.0 	0.0 	4.18991504386	2.91413545684	140.669862688	-25.9672827352	
2.51666666667	0.0	0.0	0.0 	0.0 	100.266666667 	16.0 	0.0 	0.0 	0.0 	-0.0 	16.0 	0.0 	0.0 	0.0 	4.23861955281	2.91413577323	140.685792878	-26.036106827	
2.53333333333	0.0	0.0	0.0 	0.0 	100.533333333 	16.0 	0.0 	0.0 	0.0 	-0.0 	16.0 	0.0 	0.0 	0.0 	4.28715229387	2.91413603688	140.701905453	-26.1057189679	
2.55	0.0	0.0	0.0 	0.0 	100.8 	16.0 	0.0 	0.0 	0.0 	-0.0 	16.0 	0.0 	0.0 	0.0 	4.33551387281	2.91413625659	140.718199772	-26.1761163779	
2.56666666667	0.0	0.0	0.0 	0.0 	101.066666667 	16.0 	0.0 	0.0 	0.0 	-0.0 	16.0 	0.0 	0.0 	0.0 	4.38370489328	2.91413643969	140.734675195	-26.2472962871	
2.58333333333	0.0	0.0	0.0 	0.0 	101.333333333 	16.0 	0.0 	0.0 	0.0 	-0.0 	16.0 	0.0 	0.0 	0.0 	4.43172595679	2.91413659226	140.751331087	-26.3192559354	
2.6	0.0	0.0	0.0 	0.0 	101.6 	16.0 	0.0 	0.0 	0.0 	-0.0 	16.0 	0.0 	0.0 	0.0 	4.47957766275	2.91413671941	140.768166812	-26.3919925725	
2.61666666667	0.0	0.0	0.0 	0.0 	101.866666667 	16.0 	0.0 	0.0 	0.0 	-0.0 	16.0 	0.0 	0.0 	0.0 	4.52726060842	2.91413682537	140.785181737	-26.4655034579	
2.63333333333	0.0	0.0	0.0 	0.0 	102.133333333 	16.0 	0.0 	0.0 	0.0 	-0.0 	16.0 	0.0 	0.0 	0.0 	4.57477538898	2.91413691366	140.802375232	-26.5397858607	
2.65	0.0	0.0	0.0 	0.0 	102.4 	16.0 	0.0 	0.0 	0.0 	-0.0 	16.0 	0.0 	0.0 	0.0 	4.62212259751	2.91413698724	140.819746667	-26.6148370597	
2.66666666667	0.0	0.0	0.0 	0.0 	102.666666667 	16.0 	0.0 	0.0 	0.0 	-0.0 	16.0 	0.0 	0.0 	0.0 	4.66930282498	2.91413704856	140.837295417	-26.6906543435	
2.68333333333	0.0	0.0	0.0 	0.0 	102.933333333 	16.0 	0.0 	0.0 	0.0 	-0.0 	16.0 	0.0 	0.0 	0.0 	4.7163166603	2.91413709966	140.855020855	-26.7672350101	
2.7	0.0	0.0	0.0 	0.0 	103.2 	16.0 	0.0 	0.0 	0.0 	-0.0 	16.0 	0.0 	0.0 	0.0 	4.76316469028	2.91413714224	140.872922361	-26.8445763672	
2.71666666667	0.0	0.0	0.0 	0.0 	103.466666667 	16.0 	0.0 	0.0 	0.0 	-0.0 	16.0 	0.0 	0.0 	0.0 	4.80984749967	2.91413717773	140.890999313	-26.9226757318	
2.73333333333	0.0	0.0	0.0 	0.0 	103.733333333 	16.0 	0.0 	0.0 	0.0 	-0.0 	16.0 	0.0 	0.0 	0.0 	4.85636567118	2.9141372073	140.909251092	-27.0015304306	
2.75	0.0	0.0	0.0 	0.0 	104.0 	16.0 	0.0 	0.0 	0.0 	-0.0 	16.0 	0.0 	0.0 	0.0 	4.90271978542	2.91413723194	140.927677084	-27.0811377996	
2.76666666667	0.0	0.0	0.0 	0.0 	104.266666667 	16.0 	0.0 	0.0 	0.0 	-0.0 	16.0 	0.0 	0.0 	0.0 	4.94891042099	2.91413725247	140.946276672	-27.1614951844	
2.78333333333	0.0	0.0	0.0 	0.0 	104.533333333 	16.0 	0.0 	0.0 	0.0 	-0.0 	16.0 	0.0 	0.0 	0.0 	4.99493815443	2.91413726959	140.965049247	-27.2425999397	
2.8	0.0	0.0	0.0 	0.0 	104.8 	16.0 	0.0 	0.0 	0.0 	-0.0 	16.0 	0.0 	0.0 	0.0 	5.04080356026	2.91413728385	140.983994197	-27.3244494297	
2.81666666667	0.0	0.0	0.0 	0.0 	105.066666667 	16.0 	0.0 	0.0 	0.0 	-0.0 	16.0 	0.0 	0.0 	0.0 	5.08650721095	2.91413729573	141.003110915	-27.4070410279	
2.83333333333	0.0	0.0	0.0 	0.0 	105.333333333 	16.0 	0.0 	0.0 	0.0 	-0.0 	16.0 	0.0 	0.0 	0.0 	5.13204967699	2.91413730563	141.022398795	-27.490372117	
2.85	0.0	0.0	0.0 	0.0 	105.6 	16.0 	0.0 	0.0 	0.0 	-0.0 	16.0 	0.0 	0.0 	0.0 	5.17743152682	2.91413731389	141.041857234	-27.5744400891	
2.86666666667	0.0	0.0	0.0 	0.0 	105.866666667 	16.0 	0.0 	0.0 	0.0 	-0.0 	16.0 	0.0 	0.0 	0.0 	5.2226533269	2.91413732076	141.061485631	-27.6592423453	
2.88333333333	0.0	0.0	0.0 	0.0 	106.133333333 	16.0 	0.0 	0.0 	0.0 	-0.0 	16.0 	0.0 	0.0 	0.0 	5.26771564167	2.91413732649	141.081283385	-27.744776296	
2.9	0.0	0.0	0.0 	0.0 	106.4 	16.0 	0.0 	0.0 	0.0 	-0.0 	16.0 	0.0 	0.0 	0.0 	5.31261903361	2.91413733127	141.101249901	-27.8310393606	
2.91666666667	0.0	0.0	0.0 	0.0 	106.666666667 	16.0 	0.0 	0.0 	0.0 	-0.0 	16.0 	0.0 	0.0 	0.0 	5.35736406318	2.91413733525	141.121384582	-27.9180289678	
2.93333333333	0.0	0.0	0.0 	0.0 	106.933333333 	16.0 	0.0 	0.0 	0.0 	-0.0 	16.0 	0.0 	0.0 	0.0 	5.4019512889	2.91413733857	141.141686836	-28.0057425552	
2.95	0.0	0.0	0.0 	0.0 	107.2 	16.0 	0.0 	0.0 	0.0 	-0.0 	16.0 	0.0 	0.0 	0.0 	5.44638126729	2.91413734133	141.162156071	-28.0941775695	
2.96666666667	0.0	0.0	0.0 	0.0 	107.466666667 	16.0 	0.0 	0.0 	0.0 	-0.0 	16.0 	0.0 	0.0 	0.0 	5.49065455292	2.91413734363	141.1827917	-28.1833314665	
2.98333333333	0.0	0.0	0.0 	0.0 	107.733333333 	16.0 	0.0 	0.0 	0.0 	-0.0 	16.0 	0.0 	0.0 	0.0 	5.53477169841	2.91413734555	141.203593134	-28.2732017107	
3.0	0.0	0.0	0.0 	0.0 	108.0 	16.0 	0.0 	0.0 	0.0 	-0.0 	16.0 	0.0 	0.0 	0.0 	5.57873325442	2.91413734715	141.22455979	-28.363785776	
3.01666666667	0.0	0.0	0.0 	0.0 	108.266666667 	16.0 	0.0 	0.0 	0.0 	-0.0 	16.0 	0.0 	0.0 	0.0 	5.62253976968	2.91413734848	141.245691085	-28.4550811447	
3.03333333333	0.0	0.0	0.0 	0.0 	108.533333333 	16.0 	0.0 	0.0 	0.0 	-0.0 	16.0 	0.0 	0.0 	0.0 	5.66619179097	2.9141373496	141.266986438	-28.5470853083	
3.05	0.0	0.0	0.0 	0.0 	108.8 	16.0 	0.0 	0.0 	0.0 	-0.0 	16.0 	0.0 	0.0 	0.0 	5.70968986315	2.91413735052	141.28844527	-28.639795767	
3.06666666667	0.0	0.0	0.0 	0.0 	109.066666667 	16.0 	0.0 	0.0 	0.0 	-0.0 	16.0 	0.0 	0.0 	0.0 	5.75303452916	2.91413735129	141.310067005	-28.73321003	
3.08333333333	0.0	0.0	0.0 	0.0 	109.333333333 	16.0 	0.0 	0.0 	0.0 	-0.0 	16.0 	0.0 	0.0 	0.0 	5.79622633003	2.91413735193	141.331851069	-28.8273256152	
3.1	0.0	0.0	0.0 	0.0 	109.6 	16.0 	0.0 	0.0 	0.0 	-0.0 	16.0 	0.0 	0.0 	0.0 	5.83926580486	2.91413735247	141.353796889	-28.922140049	
3.11666666667	0.0	0.0	0.0 	0.0 	109.866666667 	16.0 	0.0 	0.0 	0.0 	-0.0 	16.0 	0.0 	0.0 	0.0 	5.88215349087	2.91413735292	141.375903894	-29.017650867	
3.13333333333	0.0	0.0	0.0 	0.0 	110.133333333 	16.0 	0.0 	0.0 	0.0 	-0.0 	16.0 	0.0 	0.0 	0.0 	5.92488992338	2.91413735329	141.398171516	-29.113855613	
3.15	0.0	0.0	0.0 	0.0 	110.4 	16.0 	0.0 	0.0 	0.0 	-0.0 	16.0 	0.0 	0.0 	0.0 	5.96747563583	2.9141373536	141.420599189	-29.2107518399	
3.16666666667	0.0	0.0	0.0 	0.0 	110.666666667 	16.0 	0.0 	0.0 	0.0 	-0.0 	16.0 	0.0 	0.0 	0.0 	6.00991115975	2.91413735386	141.443186349	-29.3083371089	
3.18333333333	0.0	0.0	0.0 	0.0 	110.933333333 	16.0 	0.0 	0.0 	0.0 	-0.0 	16.0 	0.0 	0.0 	0.0 	6.05219702483	2.91413735407	141.465932431	-29.4066089899	
3.2	0.0	0.0	0.0 	0.0 	111.2 	16.0 	0.0 	0.0 	0.0 	-0.0 	16.0 	0.0 	0.0 	0.0 	6.09433375887	2.91413735425	141.488836878	-29.5055650616	
3.21666666667	0.0	0.0	0.0 	0.0 	111.466666667 	16.0 	0.0 	0.0 	0.0 	-0.0 	16.0 	0.0 	0.0 	0.0 	6.13632188782	2.9141373544	141.511899129	-29.6052029108	
3.23333333333	0.0	0.0	0.0 	0.0 	111.733333333 	16.0 	0.0 	0.0 	0.0 	-0.0 	16.0 	0.0 	0.0 	0.0 	6.17816193577	2.91413735453	141.535118628	-29.7055201332	
3.25	0.0	0.0	0.0 	0.0 	112.0 	16.0 	0.0 	0.0 	0.0 	-0.0 	16.0 	0.0 	0.0 	0.0 	6.21985442496	2.91413735463	141.55849482	-29.8065143328	
3.26666666667	0.0	0.0	0.0 	0.0 	112.266666667 	16.0 	0.0 	0.0 	0.0 	-0.0 	16.0 	0.0 	0.0 	0.0 	6.2613998758	2.91413735472	141.582027154	-29.9081831221	
3.28333333333	0.0	0.0	0.0 	0.0 	112.533333333 	16.0 	0.0 	0.0 	0.0 	-0.0 	16.0 	0.0 	0.0 	0.0 	6.30279880684	2.91413735479	141.605715078	-30.010524122	
3.3	0.0	0.0	0.0 	0.0 	112.8 	16.0 	0.0 	0.0 	0.0 	-0.0 	16.0 	0.0 	0.0 	0.0 	6.34405173482	2.91413735485	141.629558044	-30.1135349617	
3.31666666667	0.0	0.0	0.0 	0.0 	113.066666667 	16.0 	0.0 	0.0 	0.0 	-0.0 	16.0 	0.0 	0.0 	0.0 	6.38515917466	2.9141373549	141.653555504	-30.2172132789	
3.33333333333	0.0	0.0	0.0 	0.0 	113.333333333 	16.0 	0.0 	0.0 	0.0 	-0.0 	16.0 	0.0 	0.0 	0.0 	6.42612163946	2.91413735494	141.677706915	-30.3215567197	
3.35	0.0	0.0	0.0 	0.0 	113.6 	16.0 	0.0 	0.0 	0.0 	-0.0 	16.0 	0.0 	0.0 	0.0 	6.46693964051	2.91413735497	141.702011733	-30.4265629382	
3.36666666667	0.0	0.0	0.0 	0.0 	113.866666667 	16.0 	0.0 	0.0 	0.0 	-0.0 	16.0 	0.0 	0.0 	0.0 	6.50761368728	2.914137355	141.726469416	-30.5322295971	
3.38333333333	0.0	0.0	0.0 	0.0 	114.133333333 	16.0 	0.0 	0.0 	0.0 	-0.0 	16.0 	0.0 	0.0 	0.0 	6.54814428748	2.91413735503	141.751079427	-30.6385543671	
3.4	0.0	0.0	0.0 	0.0 	114.4 	16.0 	0.0 	0.0 	0.0 	-0.0 	16.0 	0.0 	0.0 	0.0 	6.58853194698	2.91413735505	141.775841227	-30.7455349273	
3.41666666667	0.0	0.0	0.0 	0.0 	114.666666667 	16.0 	0.0 	0.0 	0.0 	-0.0 	16.0 	0.0 	0.0 	0.0 	6.62877716992	2.91413735506	141.800754281	-30.8531689648	
3.43333333333	0.0	0.0	0.0 	0.0 	114.933333333 	16.0 	0.0 	0.0 	0.0 	-0.0 	16.0 	0.0 	0.0 	0.0 	6.66888045863	2.91413735508	141.825818057	-30.9614541751	
3.45	0.0	0.0	0.0 	0.0 	115.2 	16.0 	0.0 	0.0 	0.0 	-0.0 	16.0 	0.0 	0.0 	0.0 	6.70884231367	2.91413735509	141.851032022	-31.0703882616	
3.46666666667	0.0	0.0	0.0 	0.0 	115.466666667 	16.0 	0.0 	0.0 	0.0 	-0.0 	16.0 	0.0 	0.0 	0.0 	6.74866323384	2.9141373551	141.876395646	-31.1799689359	
3.48333333333	0.0	0.0	0.0 	0.0 	115.733333333 	16.0 	0.0 	0.0 	0.0 	-0.0 	16.0 	0.0 	0.0 	0.0 	6.78834371618	2.91413735511	141.901908402	-31.2901939176	
3.5	0.0	0.0	0.0 	0.0 	116.0 	16.0 	0.0 	0.0 	0.0 	-0.0 	16.0 	0.0 	0.0 	0.0 	6.82788425597	2.91413735511	141.927569765	-31.4010609345	
3.51666666667	0.0	0.0	0.0 	0.0 	116.266666667 	16.0 	0.0 	0.0 	0.0 	-0.0 	16.0 	0.0 	0.0 	0.0 	6.86728534676	2.91413735512	141.953379209	-31.5125677222	
3.53333333333	0.0	0.0	0.0 	0.0 	116.533333333 	16.0 	0.0 	0.0 	0.0 	-0.0 	16.0 	0.0 	0.0 	0.0 	6.90654748035	2.91413735513	141.979336213	-31.6247120245	
3.55	0.0	0.0	0.0 	0.0 	116.8 	16.0 	0.0 	0.0 	0.0 	-0.0 	16.0 	0.0 	0.0 	0.0 	6.9456711468	2.91413735513	142.005440256	-31.7374915931	
3.56666666667	0.0	0.0	0.0 	0.0 	117.066666667 	16.0 	0.0 	0.0 	0.0 	-0.0 	16.0 	0.0 	0.0 	0.0 	6.98465683445	2.91413735513	142.031690819	-31.8509041874	
3.58333333333	0.0	0.0	0.0 	0.0 	117.333333333 	16.0 	0.0 	0.0 	0.0 	-0.0 	16.0 	0.0 	0.0 	0.0 	7.02350502992	2.91413735513	142.058087387	-31.964947575	
3.6	0.0	0.0	0.0 	0.0 	117.6 	16.0 	0.0 	0.0 	0.0 	-0.0 	16.0 	0.0 	0.0 	0.0 	7.0622162181	2.91413735514	142.084629443	-32.0796195312	
3.61666666667	0.0	0.0	0.0 	0.0 	117.866666667 	16.0 	0.0 	0.0 	0.0 	-0.0 	16.0 	0.0 	0.0 	0.0 	7.10079088217	2.91413735514	142.111316475	-32.1949178393	
3.63333333333	0.0	0.0	0.0 	0.0 	118.133333333 	16.0 	0.0 	0.0 	0.0 	-0.0 	16.0 	0.0 	0.0 	0.0 	7.13922950363	2.91413735514	142.138147972	-32.3108402903	
3.65	0.0	0.0	0.0 	0.0 	118.4 	16.0 	0.0 	0.0 	0.0 	-0.0 	16.0 	0.0 	0.0 	0.0 	7.17753256227	2.91413735514	142.165123424	-32.427384683	
3.66666666667	0.0	0.0	0.0 	0.0 	118.666666667 	16.0 	0.0 	0.0 	0.0 	-0.0 	16.0 	0.0 	0.0 	0.0 	7.21570053617	2.91413735514	142.192242323	-32.5445488239	
3.68333333333	0.0	0.0	0.0 	0.0 	118.933333333 	16.0 	0.0 	0.0 	0.0 	-0.0 	16.0 	0.0 	0.0 	0.0 	7.25373390174	2.91413735514	142.219504164	-32.6623305274	
3.7	0.0	0.0	0.0 	0.0 	119.2 	16.0 	0.0 	0.0 	0.0 	-0.0 	16.0 	0.0 	0.0 	0.0 	7.29163313371	2.91413735514	142.246908443	-32.7807276155	
3.71666666667	0.0	0.0	0.0 	0.0 	119.466666667 	16.0 	0.0 	0.0 	0.0 	-0.0 	16.0 	0.0 	0.0 	0.0 	7.32939870514	2.91413735515	142.274454656	-32.8997379179	
3.73333333333	0.0	0.0	0.0 	0.0 	119.733333333 	16.0 	0.0 	0.0 	0.0 	-0.0 	16.0 	0.0 	0.0 	0.0 	7.36703108741	2.91413735515	142.302142303	-33.0193592719	
3.75	0.0	0.0	0.0 	0.0 	120.0 	16.0 	0.0 	0.0 	0.0 	-0.0 	16.0 	0.0 	0.0 	0.0 	7.40453075024	2.91413735515	142.329970887	-33.1395895226	
3.76666666667	0.0	0.0	0.0 	0.0 	120.266666667 	16.0 	0.0 	0.0 	0.0 	-0.0 	16.0 	0.0 	0.0 	0.0 	7.4418981617	2.91413735515	142.357939909	-33.2604265225	
3.78333333333	0.0	0.0	0.0 	0.0 	120.533333333 	16.0 	0.0 	0.0 	0.0 	-0.0 	16.0 	0.0 	0.0 	0.0 	7.47913378821	2.91413735515	142.386048874	-33.3818681317	
3.8	0.0	0.0	0.0 	0.0 	120.8 	16.0 	0.0 	0.0 	0.0 	-0.0 	16.0 	0.0 	0.0 	0.0 	7.51623809453	2.91413735515	142.414297289	-33.5039122181	
3.81666666667	0.0	0.0	0.0 	0.0 	121.066666667 	16.0 	0.0 	0.0 	0.0 	-0.0 	16.0 	0.0 	0.0 	0.0 	7.5532115438	2.91413735515	142.442684662	-33.6265566567	
3.83333333333	0.0	0.0	0.0 	0.0 	121.333333333 	16.0 	0.0 	0.0 	0.0 	-0.0 	16.0 	0.0 	0.0 	0.0 	7.59005459751	2.91413735515	142.471210504	-33.7497993304	
3.85	0.0	0.0	0.0 	0.0 	121.6 	16.0 	0.0 	0.0 	0.0 	-0.0 	16.0 	0.0 	0.0 	0.0 	7.62676771554	2.91413735515	142.499874324	-33.8736381293	
3.86666666667	0.0	0.0	0.0 	0.0 	121.866666667 	16.0 	0.0 	0.0 	0.0 	-0.0 	16.0 	0.0 	0.0 	0.0 	7.66335135613	2.91413735515	142.528675638	-33.998070951	
3.88333333333	0.0	0.0	0.0 	0.0 	122.133333333 	16.0 	0.0 	0.0 	0.0 	-0.0 	16.0 	0.0 	0.0 	0.0 	7.69980597592	2.91413735515	142.557613959	-34.1230957005	
3.9	0.0	0.0	0.0 	0.0 	122.4 	16.0 	0.0 	0.0 	0.0 	-0.0 	16.0 	0.0 	0.0 	0.0 	7.73613202993	2.91413735515	142.586688806	-34.2487102904	
3.91666666667	0.0	0.0	0.0 	0.0 	122.666666667 	16.0 	0.0 	0.0 	0.0 	-0.0 	16.0 	0.0 	0.0 	0.0 	7.77232997158	2.91413735515	142.615899696	-34.3749126403	
3.93333333333	0.0	0.0	0.0 	0.0 	122.933333333 	16.0 	0.0 	0.0 	0.0 	-0.0 	16.0 	0.0 	0.0 	0.0 	7.80840025268	2.91413735515	142.645246149	-34.5017006774	
3.95	0.0	0.0	0.0 	0.0 	123.2 	16.0 	0.0 	0.0 	0.0 	-0.0 	16.0 	0.0 	0.0 	0.0 	7.84434332346	2.91413735515	142.674727688	-34.6290723362	
3.96666666667	0.0	0.0	0.0 	0.0 	123.466666667 	16.0 	0.0 	0.0 	0.0 	-0.0 	16.0 	0.0 	0.0 	0.0 	7.88015963256	2.91413735515	142.704343837	-34.7570255584	
3.98333333333	0.0	0.0	0.0 	0.0 	123.733333333 	16.0 	0.0 	0.0 	0.0 	-0.0 	16.0 	0.0 	0.0 	0.0 	7.91584962703	2.91413735515	142.734094119	-34.8855582929	
4.0	0.0	0.0	0.0 	0.0 	124.0 	16.0 	0.0 	0.0 	0.0 	-0.0 	16.0 	0.0 	0.0 	0.0 	7.95141375235	2.91413735515	142.763978063	-35.0146684959	
4.01666666667	0.0	0.0	0.0 	0.0 	124.266666667 	16.0 	0.0 	0.0 	0.0 	-0.0 	16.0 	0.0 	0.0 	0.0 	7.98685245243	2.91413735515	142.793995196	-35.144354131	
4.03333333333	0.0	0.0	0.0 	0.0 	124.533333333 	16.0 	0.0 	0.0 	0.0 	-0.0 	16.0 	0.0 	0.0 	0.0 	8.0221661696	2.91413735515	142.82414505	-35.2746131686	
4.05	0.0	0.0	0.0 	0.0 	124.8 	16.0 	0.0 	0.0 	0.0 	-0.0 	16.0 	0.0 	0.0 	0.0 	8.05735534466	2.91413735515	142.854427156	-35.4054435865	
4.06666666667	0.0	0.0	0.0 	0.0 	125.066666667 	16.0 	0.0 	0.0 	0.0 	-0.0 	16.0 	0.0 	0.0 	0.0 	8.09242041682	2.91413735515	142.884841048	-35.5368433697	
4.08333333333	0.0	0.0	0.0 	0.0 	125.333333333 	16.0 	0.0 	0.0 	0.0 	-0.0 	16.0 	0.0 	0.0 	0.0 	8.12736182377	2.91413735515	142.915386261	-35.6688105102	
4.1	0.0	0.0	0.0 	0.0 	125.6 	16.0 	0.0 	0.0 	0.0 	-0.0 	16.0 	0.0 	0.0 	0.0 	8.16218000164	2.91413735515	142.946062331	-35.8013430069	
4.11666666667	0.0	0.0	0.0 	0.0 	125.866666667 	16.0 	0.0 	0.0 	0.0 	-0.0 	16.0 	0.0 	0.0 	0.0 	8.19687538502	2.91413735515	142.976868798	-35.9344388662	
4.13333333333	0.0	0.0	0.0 	0.0 	126.133333333 	16.0 	0.0 	0.0 	0.0 	-0.0 	16.0 	0.0 	0.0 	0.0 	8.23144840699	2.91413735515	143.007805201	-36.068096101	
4.15	0.0	0.0	0.0 	0.0 	126.4 	16.0 	0.0 	0.0 	0.0 	-0.0 	16.0 	0.0 	0.0 	0.0 	8.26589949907	2.91413735515	143.038871082	-36.2023127317	
4.16666666667	0.0	0.0	0.0 	0.0 	126.666666667 	16.0 	0.0 	0.0 	0.0 	-0.0 	16.0 	0.0 	0.0 	0.0 	8.30022909128	2.91413735515	143.070065985	-36.3370867853	
4.18333333333	0.0	0.0	0.0 	0.0 	126.933333333 	16.0 	0.0 	0.0 	0.0 	-0.0 	16.0 	0.0 	0.0 	0.0 	8.33443761212	2.91413735515	143.101389454	-36.472416296	
4.2	0.0	0.0	0.0 	0.0 	127.2 	16.0 	0.0 	0.0 	0.0 	-0.0 	16.0 	0.0 	0.0 	0.0 	8.36852548857	2.91413735515	143.132841037	-36.6082993048	
4.21666666667	0.0	0.0	0.0 	0.0 	127.466666667 	16.0 	0.0 	0.0 	0.0 	-0.0 	16.0 	0.0 	0.0 	0.0 	8.40249314612	2.91413735515	143.164420281	-36.7447338597	
4.23333333333	0.0	0.0	0.0 	0.0 	127.733333333 	16.0 	0.0 	0.0 	0.0 	-0.0 	16.0 	0.0 	0.0 	0.0 	8.43634100874	2.91413735515	143.196126735	-36.8817180156	
4.25	0.0	0.0	0.0 	0.0 	128.0 	16.0 	0.0 	0.0 	0.0 	-0.0 	16.0 	0.0 	0.0 	0.0 	8.47006949893	2.91413735515	143.227959953	-37.019249834	
4.26666666667	0.0	0.0	0.0 	0.0 	128.266666667 	16.0 	0.0 	0.0 	0.0 	-0.0 	16.0 	0.0 	0.0 	0.0 	8.50367903767	2.91413735515	143.259919485	-37.1573273837	
4.28333333333	0.0	0.0	0.0 	0.0 	128.533333333 	16.0 	0.0 	0.0 	0.0 	-0.0 	16.0 	0.0 	0.0 	0.0 	8.53717004448	2.91413735515	143.292004887	-37.2959487399	
4.3	0.0	0.0	0.0 	0.0 	128.8 	16.0 	0.0 	0.0 	0.0 	-0.0 	16.0 	0.0 	0.0 	0.0 	8.57054293738	2.91413735515	143.324215716	-37.4351119847	
4.31666666667	0.0	0.0	0.0 	0.0 	129.066666667 	16.0 	0.0 	0.0 	0.0 	-0.0 	16.0 	0.0 	0.0 	0.0 	8.60379813294	2.91413735515	143.356551528	-37.5748152072	
4.33333333333	0.0	0.0	0.0 	0.0 	129.333333333 	16.0 	0.0 	0.0 	0.0 	-0.0 	16.0 	0.0 	0.0 	0.0 	8.63693604623	2.91413735515	143.389011882	-37.7150565028	
4.35	0.0	0.0	0.0 	0.0 	129.6 	16.0 	0.0 	0.0 	0.0 	-0.0 	16.0 	0.0 	0.0 	0.0 	8.6699570909	2.91413735515	143.421596341	-37.855833974	
4.36666666667	0.0	0.0	0.0 	0.0 	129.866666667 	16.0 	0.0 	0.0 	0.0 	-0.0 	16.0 	0.0 	0.0 	0.0 	8.70286167908	2.91413735515	143.454304465	-37.9971457298	
4.38333333333	0.0	0.0	0.0 	0.0 	130.133333333 	16.0 	0.0 	0.0 	0.0 	-0.0 	16.0 	0.0 	0.0 	0.0 	8.73565022151	2.91413735515	143.487135819	-38.1389898859	
4.4	0.0	0.0	0.0 	0.0 	130.4 	16.0 	0.0 	0.0 	0.0 	-0.0 	16.0 	0.0 	0.0 	0.0 	8.76832312744	2.91413735515	143.520089968	-38.2813645648	
4.41666666667	0.0	0.0	0.0 	0.0 	130.666666667 	16.0 	0.0 	0.0 	0.0 	-0.0 	16.0 	0.0 	0.0 	0.0 	8.8008808047	2.91413735515	143.55316648	-38.4242678953	
4.43333333333	0.0	0.0	0.0 	0.0 	130.933333333 	16.0 	0.0 	0.0 	0.0 	-0.0 	16.0 	0.0 	0.0 	0.0 	8.83332365965	2.91413735515	143.586364922	-38.5676980132	
4.45	0.0	0.0	0.0 	0.0 	131.2 	16.0 	0.0 	0.0 	0.0 	-0.0 	16.0 	0.0 	0.0 	0.0 	8.86565209726	2.91413735515	143.619684864	-38.7116530604	
4.46666666667	0.0	0.0	0.0 	0.0 	131.466666667 	16.0 	0.0 	0.0 	0.0 	-0.0 	16.0 	0.0 	0.0 	0.0 	8.89786652103	2.91413735515	143.653125879	-38.8561311858	
4.48333333333	0.0	0.0	0.0 	0.0 	131.733333333 	16.0 	0.0 	0.0 	0.0 	-0.0 	16.0 	0.0 	0.0 	0.0 	8.92996733307	2.91413735515	143.686687538	-39.0011305446	
4.5	0.0	0.0	0.0 	0.0 	132.0 	16.0 	0.0 	0.0 	0.0 	-0.0 	16.0 	0.0 	0.0 	0.0 	8.96195493406	2.91413735515	143.720369417	-39.1466492986	
4.51666666667	0.0	0.0	0.0 	0.0 	132.266666667 	16.0 	0.0 	0.0 	0.0 	-0.0 	16.0 	0.0 	0.0 	0.0 	8.99382972326	2.91413735515	143.754171092	-39.2926856159	
4.53333333333	0.0	0.0	0.0 	0.0 	132.533333333 	16.0 	0.0 	0.0 	0.0 	-0.0 	16.0 	0.0 	0.0 	0.0 	9.02559209852	2.91413735515	143.78809214	-39.4392376712	
4.55	0.0	0.0	0.0 	0.0 	132.8 	16.0 	0.0 	0.0 	0.0 	-0.0 	16.0 	0.0 	0.0 	0.0 	9.05724245631	2.91413735515	143.82213214	-39.5863036458	
4.56666666667	0.0	0.0	0.0 	0.0 	133.066666667 	16.0 	0.0 	0.0 	0.0 	-0.0 	16.0 	0.0 	0.0 	0.0 	9.08878119167	2.91413735515	143.856290673	-39.7338817271	
4.58333333333	0.0	0.0	0.0 	0.0 	133.333333333 	16.0 	0.0 	0.0 	0.0 	-0.0 	16.0 	0.0 	0.0 	0.0 	9.12020869828	2.91413735515	143.89056732	-39.8819701091	
4.6	0.0	0.0	0.0 	0.0 	133.6 	16.0 	0.0 	0.0 	0.0 	-0.0 	16.0 	0.0 	0.0 	0.0 	9.1515253684	2.91413735515	143.924961665	-40.030566992	
4.61666666667	0.0	0.0	0.0 	0.0 	133.866666667 	16.0 	0.0 	0.0 	0.0 	-0.0 	16.0 	0.0 	0.0 	0.0 	9.18273159292	2.91413735515	143.959473293	-40.1796705826	
4.63333333333	0.0	0.0	0.0 	0.0 	134.133333333 	16.0 	0.0 	0.0 	0.0 	-0.0 	16.0 	0.0 	0.0 	0.0 	9.21382776137	2.91413735515	143.994101791	-40.3292790937	
4.65	0.0	0.0	0.0 	0.0 	134.4 	16.0 	0.0 	0.0 	0.0 	-0.0 	16.0 	0.0 	0.0 	0.0 	9.24481426187	2.91413735515	144.028846745	-40.4793907448	
4.66666666667	0.0	0.0	0.0 	0.0 	134.666666667 	16.0 	0.0 	0.0 	0.0 	-0.0 	16.0 	0.0 	0.0 	0.0 	9.2756914812	2.91413735515	144.063707746	-40.6300037613	
4.68333333333	0.0	0.0	0.0 	0.0 	134.933333333 	16.0 	0.0 	0.0 	0.0 	-0.0 	16.0 	0.0 	0.0 	0.0 	9.30645980475	2.91413735515	144.098684384	-40.781116375	
4.7	0.0	0.0	0.0 	0.0 	135.2 	16.0 	0.0 	0.0 	0.0 	-0.0 	16.0 	0.0 	0.0 	0.0 	9.33711961659	2.91413735515	144.133776252	-40.9327268241	
4.71666666667	0.0	0.0	0.0 	0.0 	135.466666667 	16.0 	0.0 	0.0 	0.0 	-0.0 	16.0 	0.0 	0.0 	0.0 	9.3676712994	2.91413735515	144.168982942	-41.0848333527	
4.73333333333	0.0	0.0	0.0 	0.0 	135.733333333 	16.0 	0.0 	0.0 	0.0 	-0.0 	16.0 	0.0 	0.0 	0.0 	9.39811523452	2.91413735515	144.204304051	-41.2374342114	
4.75	0.0	0.0	0.0 	0.0 	136.0 	16.0 	0.0 	0.0 	0.0 	-0.0 	16.0 	0.0 	0.0 	0.0 	9.42845180195	2.91413735515	144.239739174	-41.3905276567	
4.76666666667	0.0	0.0	0.0 	0.0 	136.266666667 	16.0 	0.0 	0.0 	0.0 	-0.0 	16.0 	0.0 	0.0 	0.0 	9.45868138035	2.91413735515	144.275287909	-41.5441119515	
4.78333333333	0.0	0.0	0.0 	0.0 	136.533333333 	16.0 	0.0 	0.0 	0.0 	-0.0 	16.0 	0.0 	0.0 	0.0 	9.48880434704	2.91413735515	144.310949856	-41.6981853646	
4.8	0.0	0.0	0.0 	0.0 	136.8 	16.0 	0.0 	0.0 	0.0 	-0.0 	16.0 	0.0 	0.0 	0.0 	9.51882107802	2.91413735515	144.346724615	-41.8527461711	
4.81666666667	0.0	0.0	0.0 	0.0 	137.066666667 	16.0 	0.0 	0.0 	0.0 	-0.0 	16.0 	0.0 	0.0 	0.0 	9.54873194793	2.91413735515	144.382611789	-42.007792652	
4.83333333333	0.0	0.0	0.0 	0.0 	137.333333333 	16.0 	0.0 	0.0 	0.0 	-0.0 	16.0 	0.0 	0.0 	0.0 	9.57853733014	2.91413735515	144.418610981	-42.1633230946	
4.85	0.0	0.0	0.0 	0.0 	137.6 	16.0 	0.0 	0.0 	0.0 	-0.0 	16.0 	0.0 	0.0 	0.0 	9.60823759667	2.91413735515	144.454721796	-42.3193357919	
4.86666666667	0.0	0.0	0.0 	0.0 	137.866666667 	16.0 	0.0 	0.0 	0.0 	-0.0 	16.0 	0.0 	0.0 	0.0 	9.63783311823	2.91413735515	144.490943841	-42.4758290432	
4.88333333333	0.0	0.0	0.0 	0.0 	138.133333333 	16.0 	0.0 	0.0 	0.0 	-0.0 	16.0 	0.0 	0.0 	0.0 	9.66732426423	2.91413735515	144.527276723	-42.6328011538	
4.9	0.0	0.0	0.0 	0.0 	138.4 	16.0 	0.0 	0.0 	0.0 	-0.0 	16.0 	0.0 	0.0 	0.0 	9.69671140277	2.91413735515	144.56372005	-42.7902504348	
4.91666666667	0.0	0.0	0.0 	0.0 	138.666666667 	16.0 	0.0 	0.0 	0.0 	-0.0 	16.0 	0.0 	0.0 	0.0 	9.72599490067	2.91413735515	144.600273435	-42.9481752034	
4.93333333333	0.0	0.0	0.0 	0.0 	138.933333333 	16.0 	0.0 	0.0 	0.0 	-0.0 	16.0 	0.0 	0.0 	0.0 	9.75517512343	2.91413735515	144.636936488	-43.1065737826	
4.95	0.0	0.0	0.0 	0.0 	139.2 	16.0 	0.0 	0.0 	0.0 	-0.0 	16.0 	0.0 	0.0 	0.0 	9.78425243528	2.91413735515	144.673708823	-43.2654445014	
4.96666666667	0.0	0.0	0.0 	0.0 	139.466666667 	16.0 	0.0 	0.0 	0.0 	-0.0 	16.0 	0.0 	0.0 	0.0 	9.81322719916	2.91413735515	144.710590054	-43.4247856948	
4.98333333333	0.0	0.0	0.0 	0.0 	139.733333333 	16.0 	0.0 	0.0 	0.0 	-0.0 	16.0 	0.0 	0.0 	0.0 	9.84209977673	2.91413735515	144.747579798	-43.5845957034	
5.0	0.0	0.0	0.0 	0.0 	140.0 	16.0 	0.0 	0.0 	0.0 	-0.0 	16.0 	0.0 	0.0 	0.0 	9.87087052837	2.91413735515	144.784677671	-43.744872874	
5.01666666667	0.0	0.0	0.0 	0.0 	140.266666667 	16.0 	0.0 	0.0 	0.0 	-0.0 	16.0 	0.0 	0.0 	0.0 	9.8995398132	2.91413735515	144.821883293	-43.9056155589	
5.03333333333	0.0	0.0	0.0 	0.0 	140.533333333 	16.0 	0.0 	0.0 	0.0 	-0.0 	16.0 	0.0 	0.0 	0.0 	9.92810798906	2.91413735515	144.859196283	-44.0668221164	
5.05	0.0	0.0	0.0 	0.0 	140.8 	16.0 	0.0 	0.0 	0.0 	-0.0 	16.0 	0.0 	0.0 	0.0 	9.95657541253	2.91413735515	144.896616262	-44.2284909106	
5.06666666667	0.0	0.0	0.0 	0.0 	141.066666667 	16.0 	0.0 	0.0 	0.0 	-0.0 	16.0 	0.0 	0.0 	0.0 	9.98494243895	2.91413735515	144.934142854	-44.3906203112	
5.08333333333	0.0	0.0	0.0 	0.0 	141.333333333 	16.0 	0.0 	0.0 	0.0 	-0.0 	16.0 	0.0 	0.0 	0.0 	10.0132094224	2.91413735515	144.971775682	-44.5532086939	
5.1	0.0	0.0	0.0 	0.0 	141.6 	16.0 	0.0 	0.0 	0.0 	-0.0 	16.0 	0.0 	0.0 	0.0 	10.0413767157	2.91413735515	145.009514372	-44.7162544398	
5.11666666667	0.0	0.0	0.0 	0.0 	141.866666667 	16.0 	0.0 	0.0 	0.0 	-0.0 	16.0 	0.0 	0.0 	0.0 	10.0694446704	2.91413735515	145.04735855	-44.8797559361	
5.13333333333	0.0	0.0	0.0 	0.0 	142.133333333 	16.0 	0.0 	0.0 	0.0 	-0.0 	16.0 	0.0 	0.0 	0.0 	10.0974136368	2.91413735515	145.085307845	-45.0437115754	
5.15	0.0	0.0	0.0 	0.0 	142.4 	16.0 	0.0 	0.0 	0.0 	-0.0 	16.0 	0.0 	0.0 	0.0 	10.1252839642	2.91413735515	145.123361885	-45.208119756	
5.16666666667	0.0	0.0	0.0 	0.0 	142.666666667 	16.0 	0.0 	0.0 	0.0 	-0.0 	16.0 	0.0 	0.0 	0.0 	10.1530560002	2.91413735515	145.161520301	-45.3729788821	
5.18333333333	0.0	0.0	0.0 	0.0 	142.933333333 	16.0 	0.0 	0.0 	0.0 	-0.0 	16.0 	0.0 	0.0 	0.0 	10.1807300917	2.91413735515	145.199782725	-45.5382873631	
5.2	0.0	0.0	0.0 	0.0 	143.2 	16.0 	0.0 	0.0 	0.0 	-0.0 	16.0 	0.0 	0.0 	0.0 	10.208306584	2.91413735515	145.23814879	-45.7040436143	
5.21666666667	0.0	0.0	0.0 	0.0 	143.466666667 	16.0 	0.0 	0.0 	0.0 	-0.0 	16.0 	0.0 	0.0 	0.0 	10.2357858213	2.91413735515	145.276618131	-45.8702460567	
5.23333333333	0.0	0.0	0.0 	0.0 	143.733333333 	16.0 	0.0 	0.0 	0.0 	-0.0 	16.0 	0.0 	0.0 	0.0 	10.2631681466	2.91413735515	145.315190384	-46.0368931165	
5.25	0.0	0.0	0.0 	0.0 	144.0 	16.0 	0.0 	0.0 	0.0 	-0.0 	16.0 	0.0 	0.0 	0.0 	10.2904539017	2.91413735515	145.353865185	-46.2039832258	
5.26666666667	0.0	0.0	0.0 	0.0 	144.266666667 	16.0 	0.0 	0.0 	0.0 	-0.0 	16.0 	0.0 	0.0 	0.0 	10.3176434272	2.91413735515	145.392642173	-46.371514822	
5.28333333333	0.0	0.0	0.0 	0.0 	144.533333333 	16.0 	0.0 	0.0 	0.0 	-0.0 	16.0 	0.0 	0.0 	0.0 	10.3447370624	2.91413735515	145.431520988	-46.5394863481	
5.3	0.0	0.0	0.0 	0.0 	144.8 	16.0 	0.0 	0.0 	0.0 	-0.0 	16.0 	0.0 	0.0 	0.0 	10.3717351456	2.91413735515	145.47050127	-46.7078962526	
5.31666666667	0.0	0.0	0.0 	0.0 	145.066666667 	16.0 	0.0 	0.0 	0.0 	-0.0 	16.0 	0.0 	0.0 	0.0 	10.3986380137	2.91413735515	145.509582661	-46.8767429895	
5.33333333333	0.0	0.0	0.0 	0.0 	145.333333333 	16.0 	0.0 	0.0 	0.0 	-0.0 	16.0 	0.0 	0.0 	0.0 	10.4254460025	2.91413735515	145.548764806	-47.0460250181	
5.35	0.0	0.0	0.0 	0.0 	145.6 	16.0 	0.0 	0.0 	0.0 	-0.0 	16.0 	0.0 	0.0 	0.0 	10.4521594466	2.91413735515	145.588047348	-47.2157408033	
5.36666666667	0.0	0.0	0.0 	0.0 	145.866666667 	16.0 	0.0 	0.0 	0.0 	-0.0 	16.0 	0.0 	0.0 	0.0 	10.4787786795	2.91413735515	145.627429933	-47.3858888153	
5.38333333333	0.0	0.0	0.0 	0.0 	146.133333333 	16.0 	0.0 	0.0 	0.0 	-0.0 	16.0 	0.0 	0.0 	0.0 	10.5053040335	2.91413735515	145.66691221	-47.5564675299	
5.4	0.0	0.0	0.0 	0.0 	146.4 	16.0 	0.0 	0.0 	0.0 	-0.0 	16.0 	0.0 	0.0 	0.0 	10.5317358395	2.91413735515	145.706493825	-47.727475428	
5.41666666667	0.0	0.0	0.0 	0.0 	146.666666667 	16.0 	0.0 	0.0 	0.0 	-0.0 	16.0 	0.0 	0.0 	0.0 	10.5580744275	2.91413735515	145.746174429	-47.898910996	
5.43333333333	0.0	0.0	0.0 	0.0 	146.933333333 	16.0 	0.0 	0.0 	0.0 	-0.0 	16.0 	0.0 	0.0 	0.0 	10.5843201264	2.91413735515	145.785953673	-48.0707727257	
5.45	0.0	0.0	0.0 	0.0 	147.2 	16.0 	0.0 	0.0 	0.0 	-0.0 	16.0 	0.0 	0.0 	0.0 	10.6104732636	2.91413735515	145.825831209	-48.243059114	
5.46666666667	0.0	0.0	0.0 	0.0 	147.466666667 	16.0 	0.0 	0.0 	0.0 	-0.0 	16.0 	0.0 	0.0 	0.0 	10.6365341656	2.91413735515	145.86580669	-48.4157686634	
5.48333333333	0.0	0.0	0.0 	0.0 	147.733333333 	16.0 	0.0 	0.0 	0.0 	-0.0 	16.0 	0.0 	0.0 	0.0 	10.6625031577	2.91413735515	145.905879771	-48.5888998814	
5.5	0.0	0.0	0.0 	0.0 	148.0 	16.0 	0.0 	0.0 	0.0 	-0.0 	16.0 	0.0 	0.0 	0.0 	10.6883805641	2.91413735515	145.946050107	-48.7624512809	
5.51666666667	0.0	0.0	0.0 	0.0 	148.266666667 	16.0 	0.0 	0.0 	0.0 	-0.0 	16.0 	0.0 	0.0 	0.0 	10.7141667078	2.91413735515	145.986317356	-48.9364213801	
5.53333333333	0.0	0.0	0.0 	0.0 	148.533333333 	16.0 	0.0 	0.0 	0.0 	-0.0 	16.0 	0.0 	0.0 	0.0 	10.7398619105	2.91413735515	146.026681175	-49.1108087023	
5.55	0.0	0.0	0.0 	0.0 	148.8 	16.0 	0.0 	0.0 	0.0 	-0.0 	16.0 	0.0 	0.0 	0.0 	10.7654664931	2.91413735515	146.067141225	-49.2856117761	
5.56666666667	0.0	0.0	0.0 	0.0 	149.066666667 	16.0 	0.0 	0.0 	0.0 	-0.0 	16.0 	0.0 	0.0 	0.0 	10.790980775	2.91413735515	146.107697165	-49.4608291352	
5.58333333333	0.0	0.0	0.0 	0.0 	149.333333333 	16.0 	0.0 	0.0 	0.0 	-0.0 	16.0 	0.0 	0.0 	0.0 	10.8164050749	2.91413735515	146.148348659	-49.6364593186	
5.6	0.0	0.0	0.0 	0.0 	149.6 	16.0 	0.0 	0.0 	0.0 	-0.0 	16.0 	0.0 	0.0 	0.0 	10.84173971	2.91413735515	146.189095367	-49.8125008703	
5.61666666667	0.0	0.0	0.0 	0.0 	149.866666667 	16.0 	0.0 	0.0 	0.0 	-0.0 	16.0 	0.0 	0.0 	0.0 	10.8669849966	2.91413735515	146.229936956	-49.9889523396	
5.63333333333	0.0	0.0	0.0 	0.0 	150.133333333 	16.0 	0.0 	0.0 	0.0 	-0.0 	16.0 	0.0 	0.0 	0.0 	10.8921412498	2.91413735515	146.270873089	-50.1658122808	
5.65	0.0	0.0	0.0 	0.0 	150.4 	16.0 	0.0 	0.0 	0.0 	-0.0 	16.0 	0.0 	0.0 	0.0 	10.9172087835	2.91413735515	146.311903435	-50.3430792533	
5.66666666667	0.0	0.0	0.0 	0.0 	150.666666667 	16.0 	0.0 	0.0 	0.0 	-0.0 	16.0 	0.0 	0.0 	0.0 	10.9421879106	2.91413735515	146.35302766	-50.5207518216	
5.68333333333	0.0	0.0	0.0 	0.0 	150.933333333 	16.0 	0.0 	0.0 	0.0 	-0.0 	16.0 	0.0 	0.0 	0.0 	10.967078943	2.91413735515	146.394245433	-50.6988285553	
5.7	0.0	0.0	0.0 	0.0 	151.2 	16.0 	0.0 	0.0 	0.0 	-0.0 	16.0 	0.0 	0.0 	0.0 	10.9918821913	2.91413735515	146.435556425	-50.877308029	
5.71666666667	0.0	0.0	0.0 	0.0 	151.466666667 	16.0 	0.0 	0.0 	0.0 	-0.0 	16.0 	0.0 	0.0 	0.0 	11.0165979652	2.91413735515	146.476960307	-51.0561888223	
5.73333333333	0.0	0.0	0.0 	0.0 	151.733333333 	16.0 	0.0 	0.0 	0.0 	-0.0 	16.0 	0.0 	0.0 	0.0 	11.041226573	2.91413735515	146.518456751	-51.23546952	
5.75	0.0	0.0	0.0 	0.0 	152.0 	16.0 	0.0 	0.0 	0.0 	-0.0 	16.0 	0.0 	0.0 	0.0 	11.0657683223	2.91413735515	146.56004543	-51.4151487116	
5.76666666667	0.0	0.0	0.0 	0.0 	152.266666667 	16.0 	0.0 	0.0 	0.0 	-0.0 	16.0 	0.0 	0.0 	0.0 	11.0902235194	2.91413735515	146.60172602	-51.5952249917	
5.78333333333	0.0	0.0	0.0 	0.0 	152.533333333 	16.0 	0.0 	0.0 	0.0 	-0.0 	16.0 	0.0 	0.0 	0.0 	11.1145924694	2.91413735515	146.643498197	-51.77569696	
5.8	0.0	0.0	0.0 	0.0 	152.8 	16.0 	0.0 	0.0 	0.0 	-0.0 	16.0 	0.0 	0.0 	0.0 	11.1388754766	2.91413735515	146.685361636	-51.9565632209	
5.81666666667	0.0	0.0	0.0 	0.0 	153.066666667 	16.0 	0.0 	0.0 	0.0 	-0.0 	16.0 	0.0 	0.0 	0.0 	11.1630728441	2.91413735515	146.727316017	-52.137822384	
5.83333333333	0.0	0.0	0.0 	0.0 	153.333333333 	16.0 	0.0 	0.0 	0.0 	-0.0 	16.0 	0.0 	0.0 	0.0 	11.1871848739	2.91413735515	146.769361018	-52.3194730634	
5.85	0.0	0.0	0.0 	0.0 	153.6 	16.0 	0.0 	0.0 	0.0 	-0.0 	16.0 	0.0 	0.0 	0.0 	11.211211867	2.91413735515	146.811496321	-52.5015138785	
5.86666666667	0.0	0.0	0.0 	0.0 	153.866666667 	16.0 	0.0 	0.0 	0.0 	-0.0 	16.0 	0.0 	0.0 	0.0 	11.2351541232	2.91413735515	146.853721606	-52.6839434533	
5.88333333333	0.0	0.0	0.0 	0.0 	154.133333333 	16.0 	0.0 	0.0 	0.0 	-0.0 	16.0 	0.0 	0.0 	0.0 	11.2590119414	2.91413735515	146.896036557	-52.8667604169	
5.9	0.0	0.0	0.0 	0.0 	154.4 	16.0 	0.0 	0.0 	0.0 	-0.0 	16.0 	0.0 	0.0 	0.0 	11.2827856194	2.91413735515	146.938440857	-53.0499634029	
5.91666666667	0.0	0.0	0.0 	0.0 	154.666666667 	16.0 	0.0 	0.0 	0.0 	-0.0 	16.0 	0.0 	0.0 	0.0 	11.306475454	2.91413735515	146.98093419	-53.2335510499	
5.93333333333	0.0	0.0	0.0 	0.0 	154.933333333 	16.0 	0.0 	0.0 	0.0 	-0.0 	16.0 	0.0 	0.0 	0.0 	11.3300817408	2.91413735515	147.023516244	-53.4175220015	
5.95	0.0	0.0	0.0 	0.0 	155.2 	16.0 	0.0 	0.0 	0.0 	-0.0 	16.0 	0.0 	0.0 	0.0 	11.3536047745	2.91413735515	147.066186704	-53.6018749057	
5.96666666667	0.0	0.0	0.0 	0.0 	155.466666667 	16.0 	0.0 	0.0 	0.0 	-0.0 	16.0 	0.0 	0.0 	0.0 	11.3770448486	2.91413735515	147.10894526	-53.7866084155	
5.98333333333	0.0	0.0	0.0 	0.0 	155.733333333 	16.0 	0.0 	0.0 	0.0 	-0.0 	16.0 	0.0 	0.0 	0.0 	11.4004022559	2.91413735515	147.1517916	-53.9717211887	
6.0	0.0	0.0	0.0 	0.0 	156.0 	16.0 	0.0 	0.0 	0.0 	-0.0 	16.0 	0.0 	0.0 	0.0 	11.4236772877	2.91413735515	147.194725416	-54.1572118876	
6.01666666667	0.0	0.0	0.0 	0.0 	156.266666667 	16.0 	0.0 	0.0 	0.0 	-0.0 	16.0 	0.0 	0.0 	0.0 	11.4468702347	2.91413735515	147.237746398	-54.3430791794	
6.03333333333	0.0	0.0	0.0 	0.0 	156.533333333 	16.0 	0.0 	0.0 	0.0 	-0.0 	16.0 	0.0 	0.0 	0.0 	11.4699813864	2.91413735515	147.280854238	-54.529321736	
6.05	0.0	0.0	0.0 	0.0 	156.8 	16.0 	0.0 	0.0 	0.0 	-0.0 	16.0 	0.0 	0.0 	0.0 	11.4930110311	2.91413735515	147.324048632	-54.7159382339	
6.06666666667	0.0	0.0	0.0 	0.0 	157.066666667 	16.0 	0.0 	0.0 	0.0 	-0.0 	16.0 	0.0 	0.0 	0.0 	11.5159594563	2.91413735515	147.367329273	-54.9029273544	
6.08333333333	0.0	0.0	0.0 	0.0 	157.333333333 	16.0 	0.0 	0.0 	0.0 	-0.0 	16.0 	0.0 	0.0 	0.0 	11.5388269486	2.91413735515	147.410695858	-55.0902877832	
6.1	0.0	0.0	0.0 	0.0 	157.6 	16.0 	0.0 	0.0 	0.0 	-0.0 	16.0 	0.0 	0.0 	0.0 	11.5616137932	2.91413735515	147.454148082	-55.2780182109	
6.11666666667	0.0	0.0	0.0 	0.0 	157.866666667 	16.0 	0.0 	0.0 	0.0 	-0.0 	16.0 	0.0 	0.0 	0.0 	11.5843202747	2.91413735515	147.497685645	-55.4661173325	
6.13333333333	0.0	0.0	0.0 	0.0 	158.133333333 	16.0 	0.0 	0.0 	0.0 	-0.0 	16.0 	0.0 	0.0 	0.0 	11.6069466765	2.91413735515	147.541308245	-55.6545838479	
6.15	0.0	0.0	0.0 	0.0 	158.4 	16.0 	0.0 	0.0 	0.0 	-0.0 	16.0 	0.0 	0.0 	0.0 	11.6294932809	2.91413735515	147.585015582	-55.8434164613	
6.16666666667	0.0	0.0	0.0 	0.0 	158.666666667 	16.0 	0.0 	0.0 	0.0 	-0.0 	16.0 	0.0 	0.0 	0.0 	11.6519603695	2.91413735515	147.628807358	-56.0326138815	
6.18333333333	0.0	0.0	0.0 	0.0 	158.933333333 	16.0 	0.0 	0.0 	0.0 	-0.0 	16.0 	0.0 	0.0 	0.0 	11.6743482226	2.91413735515	147.672683275	-56.2221748221	
6.2	0.0	0.0	0.0 	0.0 	159.2 	16.0 	0.0 	0.0 	0.0 	-0.0 	16.0 	0.0 	0.0 	0.0 	11.6966571196	2.91413735515	147.716643035	-56.4120980009	
6.21666666667	0.0	0.0	0.0 	0.0 	159.466666667 	16.0 	0.0 	0.0 	0.0 	-0.0 	16.0 	0.0 	0.0 	0.0 	11.7188873391	2.91413735515	147.760686344	-56.6023821404	
6.23333333333	0.0	0.0	0.0 	0.0 	159.733333333 	16.0 	0.0 	0.0 	0.0 	-0.0 	16.0 	0.0 	0.0 	0.0 	11.7410391585	2.91413735515	147.804812906	-56.7930259677	
6.25	0.0	0.0	0.0 	0.0 	160.0 	16.0 	0.0 	0.0 	0.0 	-0.0 	16.0 	0.0 	0.0 	0.0 	11.7631128543	2.91413735515	147.849022428	-56.9840282141	
6.26666666667	0.0	0.0	0.0 	0.0 	160.266666667 	16.0 	0.0 	0.0 	0.0 	-0.0 	16.0 	0.0 	0.0 	0.0 	11.785108702	2.91413735515	147.893314618	-57.1753876157	
6.28333333333	0.0	0.0	0.0 	0.0 	160.533333333 	16.0 	0.0 	0.0 	0.0 	-0.0 	16.0 	0.0 	0.0 	0.0 	11.8070269762	2.91413735515	147.937689183	-57.3671029129	
6.3	0.0	0.0	0.0 	0.0 	160.8 	16.0 	0.0 	0.0 	0.0 	-0.0 	16.0 	0.0 	0.0 	0.0 	11.8288679505	2.91413735515	147.982145834	-57.5591728504	
6.31666666667	0.0	0.0	0.0 	0.0 	161.066666667 	16.0 	0.0 	0.0 	0.0 	-0.0 	16.0 	0.0 	0.0 	0.0 	11.8506318974	2.91413735515	148.026684281	-57.7515961777	
6.33333333333	0.0	0.0	0.0 	0.0 	161.333333333 	16.0 	0.0 	0.0 	0.0 	-0.0 	16.0 	0.0 	0.0 	0.0 	11.8723190887	2.91413735515	148.071304235	-57.9443716483	
6.35	0.0	0.0	0.0 	0.0 	161.6 	16.0 	0.0 	0.0 	0.0 	-0.0 	16.0 	0.0 	0.0 	0.0 	11.893929795	2.91413735515	148.116005409	-58.1374980204	
6.36666666667	0.0	0.0	0.0 	0.0 	161.866666667 	16.0 	0.0 	0.0 	0.0 	-0.0 	16.0 	0.0 	0.0 	0.0 	11.915464286	2.91413735515	148.160787516	-58.3309740564	
6.38333333333	0.0	0.0	0.0 	0.0 	162.133333333 	16.0 	0.0 	0.0 	0.0 	-0.0 	16.0 	0.0 	0.0 	0.0 	11.9369228306	2.91413735515	148.205650272	-58.5247985232	
6.4	0.0	0.0	0.0 	0.0 	162.4 	16.0 	0.0 	0.0 	0.0 	-0.0 	16.0 	0.0 	0.0 	0.0 	11.9583056966	2.91413735515	148.250593391	-58.7189701918	
6.41666666667	0.0	0.0	0.0 	0.0 	162.666666667 	16.0 	0.0 	0.0 	0.0 	-0.0 	16.0 	0.0 	0.0 	0.0 	11.979613151	2.91413735515	148.29561659	-58.913487838	
6.43333333333	0.0	0.0	0.0 	0.0 	162.933333333 	16.0 	0.0 	0.0 	0.0 	-0.0 	16.0 	0.0 	0.0 	0.0 	12.0008454595	2.91413735515	148.340719587	-59.1083502414	
6.45	0.0	0.0	0.0 	0.0 	163.2 	16.0 	0.0 	0.0 	0.0 	-0.0 	16.0 	0.0 	0.0 	0.0 	12.0220028874	2.91413735515	148.385902101	-59.3035561861	
6.46666666667	0.0	0.0	0.0 	0.0 	163.466666667 	16.0 	0.0 	0.0 	0.0 	-0.0 	16.0 	0.0 	0.0 	0.0 	12.0430856986	2.91413735515	148.43116385	-59.4991044607	
6.48333333333	0.0	0.0	0.0 	0.0 	163.733333333 	16.0 	0.0 	0.0 	0.0 	-0.0 	16.0 	0.0 	0.0 	0.0 	12.0640941563	2.91413735515	148.476504556	-59.6949938579	
6.5	0.0	0.0	0.0 	0.0 	164.0 	16.0 	0.0 	0.0 	0.0 	-0.0 	16.0 	0.0 	0.0 	0.0 	12.0850285227	2.91413735515	148.521923939	-59.8912231744	
6.51666666667	0.0	0.0	0.0 	0.0 	164.266666667 	16.0 	0.0 	0.0 	0.0 	-0.0 	16.0 	0.0 	0.0 	0.0 	12.1058890592	2.91413735515	148.567421724	-60.0877912117	
6.53333333333	0.0	0.0	0.0 	0.0 	164.533333333 	16.0 	0.0 	0.0 	0.0 	-0.0 	16.0 	0.0 	0.0 	0.0 	12.1266760262	2.91413735515	148.612997632	-60.284696775	
6.55	0.0	0.0	0.0 	0.0 	164.8 	16.0 	0.0 	0.0 	0.0 	-0.0 	16.0 	0.0 	0.0 	0.0 	12.1473896829	2.91413735515	148.658651389	-60.481938674	
6.56666666667	0.0	0.0	0.0 	0.0 	165.066666667 	16.0 	0.0 	0.0 	0.0 	-0.0 	16.0 	0.0 	0.0 	0.0 	12.1680302882	2.91413735515	148.70438272	-60.6795157226	
6.58333333333	0.0	0.0	0.0 	0.0 	165.333333333 	16.0 	0.0 	0.0 	0.0 	-0.0 	16.0 	0.0 	0.0 	0.0 	12.1885980994	2.91413735515	148.750191351	-60.8774267388	
6.6	0.0	0.0	0.0 	0.0 	165.6 	16.0 	0.0 	0.0 	0.0 	-0.0 	16.0 	0.0 	0.0 	0.0 	12.2090933735	2.91413735515	148.79607701	-61.0756705447	
6.61666666667	0.0	0.0	0.0 	0.0 	165.866666667 	16.0 	0.0 	0.0 	0.0 	-0.0 	16.0 	0.0 	0.0 	0.0 	12.2295163661	2.91413735515	148.842039425	-61.2742459667	
6.63333333333	0.0	0.0	0.0 	0.0 	166.133333333 	16.0 	0.0 	0.0 	0.0 	-0.0 	16.0 	0.0 	0.0 	0.0 	12.2498673323	2.91413735515	148.888078326	-61.4731518352	
6.65	0.0	0.0	0.0 	0.0 	166.4 	16.0 	0.0 	0.0 	0.0 	-0.0 	16.0 	0.0 	0.0 	0.0 	12.270146526	2.91413735515	148.934193442	-61.6723869849	
6.66666666667	0.0	0.0	0.0 	0.0 	166.666666667 	16.0 	0.0 	0.0 	0.0 	-0.0 	16.0 	0.0 	0.0 	0.0 	12.2903542004	2.91413735515	148.980384505	-61.8719502545	
6.68333333333	0.0	0.0	0.0 	0.0 	166.933333333 	16.0 	0.0 	0.0 	0.0 	-0.0 	16.0 	0.0 	0.0 	0.0 	12.3104906076	2.91413735515	149.026651247	-62.0718404868	
6.7	0.0	0.0	0.0 	0.0 	167.2 	16.0 	0.0 	0.0 	0.0 	-0.0 	16.0 	0.0 	0.0 	0.0 	12.3305559991	2.91413735515	149.072993401	-62.2720565287	
6.71666666667	0.0	0.0	0.0 	0.0 	167.466666667 	16.0 	0.0 	0.0 	0.0 	-0.0 	16.0 	0.0 	0.0 	0.0 	12.3505506253	2.91413735515	149.119410702	-62.4725972311	
6.73333333333	0.0	0.0	0.0 	0.0 	167.733333333 	16.0 	0.0 	0.0 	0.0 	-0.0 	16.0 	0.0 	0.0 	0.0 	12.3704747357	2.91413735515	149.165902883	-62.6734614491	
6.75	0.0	0.0	0.0 	0.0 	168.0 	16.0 	0.0 	0.0 	0.0 	-0.0 	16.0 	0.0 	0.0 	0.0 	12.3903285791	2.91413735515	149.212469682	-62.8746480416	
6.76666666667	0.0	0.0	0.0 	0.0 	168.266666667 	16.0 	0.0 	0.0 	0.0 	-0.0 	16.0 	0.0 	0.0 	0.0 	12.4101124032	2.91413735515	149.259110834	-63.0761558718	
6.78333333333	0.0	0.0	0.0 	0.0 	168.533333333 	16.0 	0.0 	0.0 	0.0 	-0.0 	16.0 	0.0 	0.0 	0.0 	12.429826455	2.91413735515	149.305826078	-63.2779838068	
6.8	0.0	0.0	0.0 	0.0 	168.8 	16.0 	0.0 	0.0 	0.0 	-0.0 	16.0 	0.0 	0.0 	0.0 	12.4494709806	2.91413735515	149.352615153	-63.4801307175	
6.81666666667	0.0	0.0	0.0 	0.0 	169.066666667 	16.0 	0.0 	0.0 	0.0 	-0.0 	16.0 	0.0 	0.0 	0.0 	12.4690462252	2.91413735515	149.399477797	-63.6825954792	
6.83333333333	0.0	0.0	0.0 	0.0 	169.333333333 	16.0 	0.0 	0.0 	0.0 	-0.0 	16.0 	0.0 	0.0 	0.0 	12.488552433	2.91413735515	149.446413752	-63.8853769707	
6.85	0.0	0.0	0.0 	0.0 	169.6 	16.0 	0.0 	0.0 	0.0 	-0.0 	16.0 	0.0 	0.0 	0.0 	12.5079898476	2.91413735515	149.493422759	-64.0884740751	
6.86666666667	0.0	0.0	0.0 	0.0 	169.866666667 	16.0 	0.0 	0.0 	0.0 	-0.0 	16.0 	0.0 	0.0 	0.0 	12.5273587117	2.91413735515	149.540504561	-64.2918856793	
6.88333333333	0.0	0.0	0.0 	0.0 	170.133333333 	16.0 	0.0 	0.0 	0.0 	-0.0 	16.0 	0.0 	0.0 	0.0 	12.5466592668	2.91413735515	149.5876589	-64.4956106741	
6.9	0.0	0.0	0.0 	0.0 	170.4 	16.0 	0.0 	0.0 	0.0 	-0.0 	16.0 	0.0 	0.0 	0.0 	12.5658917541	2.91413735515	149.634885521	-64.6996479544	
6.91666666667	0.0	0.0	0.0 	0.0 	170.666666667 	16.0 	0.0 	0.0 	0.0 	-0.0 	16.0 	0.0 	0.0 	0.0 	12.5850564134	2.91413735515	149.682184169	-64.9039964186	
6.93333333333	0.0	0.0	0.0 	0.0 	170.933333333 	16.0 	0.0 	0.0 	0.0 	-0.0 	16.0 	0.0 	0.0 	0.0 	12.6041534841	2.91413735515	149.729554589	-65.1086549694	
6.95	0.0	0.0	0.0 	0.0 	171.2 	16.0 	0.0 	0.0 	0.0 	-0.0 	16.0 	0.0 	0.0 	0.0 	12.6231832044	2.91413735515	149.77699653	-65.3136225133	
6.96666666667	0.0	0.0	0.0 	0.0 	171.466666667 	16.0 	0.0 	0.0 	0.0 	-0.0 	16.0 	0.0 	0.0 	0.0 	12.642145812	2.91413735515	149.824509737	-65.5188979603	
6.98333333333	0.0	0.0	0.0 	0.0 	171.733333333 	16.0 	0.0 	0.0 	0.0 	-0.0 	16.0 	0.0 	0.0 	0.0 	12.6610415435	2.91413735515	149.872093962	-65.7244802248	
7.0	0.0	0.0	0.0 	0.0 	172.0 	16.0 	0.0 	0.0 	0.0 	-0.0 	16.0 	0.0 	0.0 	0.0 	12.6798706348	2.91413735515	149.919748951	-65.9303682245	
7.01666666667	0.0	0.0	0.0 	0.0 	172.266666667 	16.0 	0.0 	0.0 	0.0 	-0.0 	16.0 	0.0 	0.0 	0.0 	12.6986333208	2.91413735515	149.967474457	-66.1365608812	
7.03333333333	0.0	0.0	0.0 	0.0 	172.533333333 	16.0 	0.0 	0.0 	0.0 	-0.0 	16.0 	0.0 	0.0 	0.0 	12.7173298358	2.91413735515	150.015270231	-66.3430571206	
7.05	0.0	0.0	0.0 	0.0 	172.8 	16.0 	0.0 	0.0 	0.0 	-0.0 	16.0 	0.0 	0.0 	0.0 	12.7359604132	2.91413735515	150.063136024	-66.5498558719	
7.06666666667	0.0	0.0	0.0 	0.0 	173.066666667 	16.0 	0.0 	0.0 	0.0 	-0.0 	16.0 	0.0 	0.0 	0.0 	12.7545252855	2.91413735515	150.111071589	-66.7569560682	
7.08333333333	0.0	0.0	0.0 	0.0 	173.333333333 	16.0 	0.0 	0.0 	0.0 	-0.0 	16.0 	0.0 	0.0 	0.0 	12.7730246844	2.91413735515	150.159076682	-66.9643566465	
7.1	0.0	0.0	0.0 	0.0 	173.6 	16.0 	0.0 	0.0 	0.0 	-0.0 	16.0 	0.0 	0.0 	0.0 	12.7914588408	2.91413735515	150.207151056	-67.1720565474	
7.11666666667	0.0	0.0	0.0 	0.0 	173.866666667 	16.0 	0.0 	0.0 	0.0 	-0.0 	16.0 	0.0 	0.0 	0.0 	12.8098279848	2.91413735515	150.255294466	-67.3800547153	
7.13333333333	0.0	0.0	0.0 	0.0 	174.133333333 	16.0 	0.0 	0.0 	0.0 	-0.0 	16.0 	0.0 	0.0 	0.0 	12.8281323457	2.91413735515	150.303506671	-67.5883500981	
7.15	0.0	0.0	0.0 	0.0 	174.4 	16.0 	0.0 	0.0 	0.0 	-0.0 	16.0 	0.0 	0.0 	0.0 	12.846372152	2.91413735515	150.351787426	-67.7969416479	
7.16666666667	0.0	0.0	0.0 	0.0 	174.666666667 	16.0 	0.0 	0.0 	0.0 	-0.0 	16.0 	0.0 	0.0 	0.0 	12.8645476313	2.91413735515	150.400136491	-68.0058283199	
7.18333333333	0.0	0.0	0.0 	0.0 	174.933333333 	16.0 	0.0 	0.0 	0.0 	-0.0 	16.0 	0.0 	0.0 	0.0 	12.8826590105	2.91413735515	150.448553624	-68.2150090735	
7.2	0.0	0.0	0.0 	0.0 	175.2 	16.0 	0.0 	0.0 	0.0 	-0.0 	16.0 	0.0 	0.0 	0.0 	12.9007065157	2.91413735515	150.497038585	-68.4244828714	
7.21666666667	0.0	0.0	0.0 	0.0 	175.466666667 	16.0 	0.0 	0.0 	0.0 	-0.0 	16.0 	0.0 	0.0 	0.0 	12.9186903722	2.91413735515	150.545591136	-68.6342486803	
7.23333333333	0.0	0.0	0.0 	0.0 	175.733333333 	16.0 	0.0 	0.0 	0.0 	-0.0 	16.0 	0.0 	0.0 	0.0 	12.9366108043	2.91413735515	150.594211037	-68.8443054702	
7.25	0.0	0.0	0.0 	0.0 	176.0 	16.0 	0.0 	0.0 	0.0 	-0.0 	16.0 	0.0 	0.0 	0.0 	12.9544680358	2.91413735515	150.642898051	-69.0546522149	
7.26666666667	0.0	0.0	0.0 	0.0 	176.266666667 	16.0 	0.0 	0.0 	0.0 	-0.0 	16.0 	0.0 	0.0 	0.0 	12.9722622896	2.91413735515	150.691651942	-69.2652878918	
7.28333333333	0.0	0.0	0.0 	0.0 	176.533333333 	16.0 	0.0 	0.0 	0.0 	-0.0 	16.0 	0.0 	0.0 	0.0 	12.9899937878	2.91413735515	150.740472473	-69.476211482	
7.3	0.0	0.0	0.0 	0.0 	176.8 	16.0 	0.0 	0.0 	0.0 	-0.0 	16.0 	0.0 	0.0 	0.0 	13.0076627517	2.91413735515	150.78935941	-69.68742197	
7.31666666667	0.0	0.0	0.0 	0.0 	177.066666667 	16.0 	0.0 	0.0 	0.0 	-0.0 	16.0 	0.0 	0.0 	0.0 	13.0252694018	2.91413735515	150.838312518	-69.898918344	
7.33333333333	0.0	0.0	0.0 	0.0 	177.333333333 	16.0 	0.0 	0.0 	0.0 	-0.0 	16.0 	0.0 	0.0 	0.0 	13.042813958	2.91413735515	150.887331565	-70.1106995959	
7.35	0.0	0.0	0.0 	0.0 	177.6 	16.0 	0.0 	0.0 	0.0 	-0.0 	16.0 	0.0 	0.0 	0.0 	13.0602966391	2.91413735515	150.936416316	-70.3227647209	
7.36666666667	0.0	0.0	0.0 	0.0 	177.866666667 	16.0 	0.0 	0.0 	0.0 	-0.0 	16.0 	0.0 	0.0 	0.0 	13.0777176635	2.91413735515	150.985566542	-70.5351127178	
7.38333333333	0.0	0.0	0.0 	0.0 	178.133333333 	16.0 	0.0 	0.0 	0.0 	-0.0 	16.0 	0.0 	0.0 	0.0 	13.0950772485	2.91413735515	151.03478201	-70.7477425891	
7.4	0.0	0.0	0.0 	0.0 	178.4 	16.0 	0.0 	0.0 	0.0 	-0.0 	16.0 	0.0 	0.0 	0.0 	13.1123756109	2.91413735515	151.084062491	-70.9606533406	
7.41666666667	0.0	0.0	0.0 	0.0 	178.666666667 	16.0 	0.0 	0.0 	0.0 	-0.0 	16.0 	0.0 	0.0 	0.0 	13.1296129665	2.91413735515	151.133407756	-71.1738439817	
7.43333333333	0.0	0.0	0.0 	0.0 	178.933333333 	16.0 	0.0 	0.0 	0.0 	-0.0 	16.0 	0.0 	0.0 	0.0 	13.1467895306	2.91413735515	151.182817576	-71.3873135255	
7.45	0.0	0.0	0.0 	0.0 	179.2 	16.0 	0.0 	0.0 	0.0 	-0.0 	16.0 	0.0 	0.0 	0.0 	13.1639055175	2.91413735515	151.232291723	-71.6010609882	
7.46666666667	0.0	0.0	0.0 	0.0 	179.466666667 	16.0 	0.0 	0.0 	0.0 	-0.0 	16.0 	0.0 	0.0 	0.0 	13.1809611408	2.91413735515	151.28182997	-71.8150853897	
7.48333333333	0.0	0.0	0.0 	0.0 	179.733333333 	16.0 	0.0 	0.0 	0.0 	-0.0 	16.0 	0.0 	0.0 	0.0 	13.1979566134	2.91413735515	151.331432092	-72.0293857533	
7.5	0.0	0.0	0.0 	0.0 	180.0 	16.0 	0.0 	0.0 	0.0 	-0.0 	16.0 	0.0 	0.0 	0.0 	13.2148921476	2.91413735515	151.381097863	-72.2439611057	
7.51666666667	0.0	0.0	0.0 	0.0 	180.266666667 	16.0 	0.0 	0.0 	0.0 	-0.0 	16.0 	0.0 	0.0 	0.0 	13.2317679545	2.91413735515	151.430827058	-72.4588104772	
7.53333333333	0.0	0.0	0.0 	0.0 	180.533333333 	16.0 	0.0 	0.0 	0.0 	-0.0 	16.0 	0.0 	0.0 	0.0 	13.248584245	2.91413735515	151.480619455	-72.6739329014	
7.55	0.0	0.0	0.0 	0.0 	180.8 	16.0 	0.0 	0.0 	0.0 	-0.0 	16.0 	0.0 	0.0 	0.0 	13.2653412289	2.91413735515	151.530474829	-72.8893274153	
7.56666666667	0.0	0.0	0.0 	0.0 	181.066666667 	16.0 	0.0 	0.0 	0.0 	-0.0 	16.0 	0.0 	0.0 	0.0 	13.2820391154	2.91413735515	151.58039296	-73.1049930592	
7.58333333333	0.0	0.0	0.0 	0.0 	181.333333333 	16.0 	0.0 	0.0 	0.0 	-0.0 	16.0 	0.0 	0.0 	0.0 	13.2986781128	2.91413735515	151.630373625	-73.320928877	
7.6	0.0	0.0	0.0 	0.0 	181.6 	16.0 	0.0 	0.0 	0.0 	-0.0 	16.0 	0.0 	0.0 	0.0 	13.3152584289	2.91413735515	151.680416605	-73.5371339159	
7.61666666667	0.0	0.0	0.0 	0.0 	181.866666667 	16.0 	0.0 	0.0 	0.0 	-0.0 	16.0 	0.0 	0.0 	0.0 	13.3317802706	2.91413735515	151.730521678	-73.7536072264	
7.63333333333	0.0	0.0	0.0 	0.0 	182.133333333 	16.0 	0.0 	0.0 	0.0 	-0.0 	16.0 	0.0 	0.0 	0.0 	13.3482438442	2.91413735515	151.780688627	-73.9703478623	
7.65	0.0	0.0	0.0 	0.0 	182.4 	16.0 	0.0 	0.0 	0.0 	-0.0 	16.0 	0.0 	0.0 	0.0 	13.3646493551	2.91413735515	151.830917234	-74.1873548809	
7.66666666667	0.0	0.0	0.0 	0.0 	182.666666667 	16.0 	0.0 	0.0 	0.0 	-0.0 	16.0 	0.0 	0.0 	0.0 	13.3809970081	2.91413735515	151.881207279	-74.4046273427	
7.68333333333	0.0	0.0	0.0 	0.0 	182.933333333 	16.0 	0.0 	0.0 	0.0 	-0.0 	16.0 	0.0 	0.0 	0.0 	13.3972870073	2.91413735515	151.931558548	-74.6221643116	
7.7	0.0	0.0	0.0 	0.0 	183.2 	16.0 	0.0 	0.0 	0.0 	-0.0 	16.0 	0.0 	0.0 	0.0 	13.4135195559	2.91413735515	151.981970824	-74.8399648546	
7.71666666667	0.0	0.0	0.0 	0.0 	183.466666667 	16.0 	0.0 	0.0 	0.0 	-0.0 	16.0 	0.0 	0.0 	0.0 	13.4296948567	2.91413735515	152.032443892	-75.0580280424	
7.73333333333	0.0	0.0	0.0 	0.0 	183.733333333 	16.0 	0.0 	0.0 	0.0 	-0.0 	16.0 	0.0 	0.0 	0.0 	13.4458131115	2.91413735515	152.082977537	-75.2763529485	
7.75	0.0	0.0	0.0 	0.0 	184.0 	16.0 	0.0 	0.0 	0.0 	-0.0 	16.0 	0.0 	0.0 	0.0 	13.4618745214	2.91413735515	152.133571547	-75.49493865	
7.76666666667	0.0	0.0	0.0 	0.0 	184.266666667 	16.0 	0.0 	0.0 	0.0 	-0.0 	16.0 	0.0 	0.0 	0.0 	13.4778792871	2.91413735515	152.184225707	-75.7137842271	
7.78333333333	0.0	0.0	0.0 	0.0 	184.533333333 	16.0 	0.0 	0.0 	0.0 	-0.0 	16.0 	0.0 	0.0 	0.0 	13.4938276081	2.91413735515	152.234939806	-75.9328887633	
7.8	0.0	0.0	0.0 	0.0 	184.8 	16.0 	0.0 	0.0 	0.0 	-0.0 	16.0 	0.0 	0.0 	0.0 	13.5097196837	2.91413735515	152.285713633	-76.1522513454	
7.81666666667	0.0	0.0	0.0 	0.0 	185.066666667 	16.0 	0.0 	0.0 	0.0 	-0.0 	16.0 	0.0 	0.0 	0.0 	13.5255557121	2.91413735515	152.336546976	-76.3718710632	
7.83333333333	0.0	0.0	0.0 	0.0 	185.333333333 	16.0 	0.0 	0.0 	0.0 	-0.0 	16.0 	0.0 	0.0 	0.0 	13.5413358911	2.91413735515	152.387439627	-76.5917470099	
7.85	0.0	0.0	0.0 	0.0 	185.6 	16.0 	0.0 	0.0 	0.0 	-0.0 	16.0 	0.0 	0.0 	0.0 	13.5570604175	2.91413735515	152.438391375	-76.8118782819	
7.86666666667	0.0	0.0	0.0 	0.0 	185.866666667 	16.0 	0.0 	0.0 	0.0 	-0.0 	16.0 	0.0 	0.0 	0.0 	13.5727294877	2.91413735515	152.489402013	-77.0322639786	
7.88333333333	0.0	0.0	0.0 	0.0 	186.133333333 	16.0 	0.0 	0.0 	0.0 	-0.0 	16.0 	0.0 	0.0 	0.0 	13.5883432972	2.91413735515	152.540471332	-77.2529032029	
7.9	0.0	0.0	0.0 	0.0 	186.4 	16.0 	0.0 	0.0 	0.0 	-0.0 	16.0 	0.0 	0.0 	0.0 	13.603902041	2.91413735515	152.591599126	-77.4737950606	
7.91666666667	0.0	0.0	0.0 	0.0 	186.666666667 	16.0 	0.0 	0.0 	0.0 	-0.0 	16.0 	0.0 	0.0 	0.0 	13.6194059132	2.91413735515	152.642785188	-77.6949386607	
7.93333333333	0.0	0.0	0.0 	0.0 	186.933333333 	16.0 	0.0 	0.0 	0.0 	-0.0 	16.0 	0.0 	0.0 	0.0 	13.6348551074	2.91413735515	152.694029313	-77.9163331153	
7.95	0.0	0.0	0.0 	0.0 	187.2 	16.0 	0.0 	0.0 	0.0 	-0.0 	16.0 	0.0 	0.0 	0.0 	13.6502498163	2.91413735515	152.745331297	-78.1379775399	
7.96666666667	0.0	0.0	0.0 	0.0 	187.466666667 	16.0 	0.0 	0.0 	0.0 	-0.0 	16.0 	0.0 	0.0 	0.0 	13.6655902322	2.91413735515	152.796690935	-78.3598710527	
7.98333333333	0.0	0.0	0.0 	0.0 	187.733333333 	16.0 	0.0 	0.0 	0.0 	-0.0 	16.0 	0.0 	0.0 	0.0 	13.6808765465	2.91413735515	152.848108023	-78.5820127755	
8.0	0.0	0.0	0.0 	0.0 	188.0 	16.0 	0.0 	0.0 	0.0 	-0.0 	16.0 	0.0 	0.0 	0.0 	13.6961089501	2.91413735515	152.89958236	-78.8044018326	
8.01666666667	0.0	0.0	0.0 	0.0 	188.266666667 	16.0 	0.0 	0.0 	0.0 	-0.0 	16.0 	0.0 	0.0 	0.0 	13.7112876329	2.91413735515	152.951113743	-79.027037352	
8.03333333333	0.0	0.0	0.0 	0.0 	188.533333333 	16.0 	0.0 	0.0 	0.0 	-0.0 	16.0 	0.0 	0.0 	0.0 	13.7264127846	2.91413735515	153.002701972	-79.2499184643	
8.05	0.0	0.0	0.0 	0.0 	188.8 	16.0 	0.0 	0.0 	0.0 	-0.0 	16.0 	0.0 	0.0 	0.0 	13.7414845939	2.91413735515	153.054346845	-79.4730443035	
8.06666666667	0.0	0.0	0.0 	0.0 	189.066666667 	16.0 	0.0 	0.0 	0.0 	-0.0 	16.0 	0.0 	0.0 	0.0 	13.756503249	2.91413735515	153.106048162	-79.6964140065	
8.08333333333	0.0	0.0	0.0 	0.0 	189.333333333 	16.0 	0.0 	0.0 	0.0 	-0.0 	16.0 	0.0 	0.0 	0.0 	13.7714689372	2.91413735515	153.157805726	-79.9200267131	
8.1	0.0	0.0	0.0 	0.0 	189.6 	16.0 	0.0 	0.0 	0.0 	-0.0 	16.0 	0.0 	0.0 	0.0 	13.7863818453	2.91413735515	153.209619337	-80.1438815664	
8.11666666667	0.0	0.0	0.0 	0.0 	189.866666667 	16.0 	0.0 	0.0 	0.0 	-0.0 	16.0 	0.0 	0.0 	0.0 	13.8012421596	2.91413735515	153.261488798	-80.3679777125	
8.13333333333	0.0	0.0	0.0 	0.0 	190.133333333 	16.0 	0.0 	0.0 	0.0 	-0.0 	16.0 	0.0 	0.0 	0.0 	13.8160500656	2.91413735515	153.313413912	-80.5923143003	
8.15	0.0	0.0	0.0 	0.0 	190.4 	16.0 	0.0 	0.0 	0.0 	-0.0 	16.0 	0.0 	0.0 	0.0 	13.8308057479	2.91413735515	153.365394482	-80.8168904819	
8.16666666667	0.0	0.0	0.0 	0.0 	190.666666667 	16.0 	0.0 	0.0 	0.0 	-0.0 	16.0 	0.0 	0.0 	0.0 	13.8455093909	2.91413735515	153.417430313	-81.0417054122	
8.18333333333	0.0	0.0	0.0 	0.0 	190.933333333 	16.0 	0.0 	0.0 	0.0 	-0.0 	16.0 	0.0 	0.0 	0.0 	13.860161178	2.91413735515	153.469521211	-81.2667582493	
8.2	0.0	0.0	0.0 	0.0 	191.2 	16.0 	0.0 	0.0 	0.0 	-0.0 	16.0 	0.0 	0.0 	0.0 	13.8747612922	2.91413735515	153.52166698	-81.4920481542	
8.21666666667	0.0	0.0	0.0 	0.0 	191.466666667 	16.0 	0.0 	0.0 	0.0 	-0.0 	16.0 	0.0 	0.0 	0.0 	13.8893099156	2.91413735515	153.573867427	-81.7175742907	
8.23333333333	0.0	0.0	0.0 	0.0 	191.733333333 	16.0 	0.0 	0.0 	0.0 	-0.0 	16.0 	0.0 	0.0 	0.0 	13.9038072299	2.91413735515	153.626122361	-81.9433358258	
8.25	0.0	0.0	0.0 	0.0 	192.0 	16.0 	0.0 	0.0 	0.0 	-0.0 	16.0 	0.0 	0.0 	0.0 	13.918253416	2.91413735515	153.678431587	-82.1693319292	
8.26666666667	0.0	0.0	0.0 	0.0 	192.266666667 	16.0 	0.0 	0.0 	0.0 	-0.0 	16.0 	0.0 	0.0 	0.0 	13.9326486543	2.91413735515	153.730794915	-82.3955617737	
8.28333333333	0.0	0.0	0.0 	0.0 	192.533333333 	16.0 	0.0 	0.0 	0.0 	-0.0 	16.0 	0.0 	0.0 	0.0 	13.9469931243	2.91413735515	153.783212155	-82.622024535	
8.3	0.0	0.0	0.0 	0.0 	192.8 	16.0 	0.0 	0.0 	0.0 	-0.0 	16.0 	0.0 	0.0 	0.0 	13.9612870052	2.91413735515	153.835683115	-82.8487193915	
8.31666666667	0.0	0.0	0.0 	0.0 	193.066666667 	16.0 	0.0 	0.0 	0.0 	-0.0 	16.0 	0.0 	0.0 	0.0 	13.9755304754	2.91413735515	153.888207607	-83.0756455249	
8.33333333333	0.0	0.0	0.0 	0.0 	193.333333333 	16.0 	0.0 	0.0 	0.0 	-0.0 	16.0 	0.0 	0.0 	0.0 	13.9897237126	2.91413735515	153.940785442	-83.3028021193	
8.35	0.0	0.0	0.0 	0.0 	193.6 	16.0 	0.0 	0.0 	0.0 	-0.0 	16.0 	0.0 	0.0 	0.0 	14.0038668941	2.91413735515	153.993416431	-83.5301883622	
8.36666666667	0.0	0.0	0.0 	0.0 	193.866666667 	16.0 	0.0 	0.0 	0.0 	-0.0 	16.0 	0.0 	0.0 	0.0 	14.0179601963	2.91413735515	154.046100387	-83.7578034434	
8.38333333333	0.0	0.0	0.0 	0.0 	194.133333333 	16.0 	0.0 	0.0 	0.0 	-0.0 	16.0 	0.0 	0.0 	0.0 	14.0320037951	2.91413735515	154.098837124	-83.9856465561	
8.4	0.0	0.0	0.0 	0.0 	194.4 	16.0 	0.0 	0.0 	0.0 	-0.0 	16.0 	0.0 	0.0 	0.0 	14.0459978659	2.91413735515	154.151626454	-84.2137168959	
8.41666666667	0.0	0.0	0.0 	0.0 	194.666666667 	16.0 	0.0 	0.0 	0.0 	-0.0 	16.0 	0.0 	0.0 	0.0 	14.0599425833	2.91413735515	154.204468194	-84.4420136615	
8.43333333333	0.0	0.0	0.0 	0.0 	194.933333333 	16.0 	0.0 	0.0 	0.0 	-0.0 	16.0 	0.0 	0.0 	0.0 	14.0738381214	2.91413735515	154.257362157	-84.6705360544	
8.45	0.0	0.0	0.0 	0.0 	195.2 	16.0 	0.0 	0.0 	0.0 	-0.0 	16.0 	0.0 	0.0 	0.0 	14.0876846537	2.91413735515	154.31030816	-84.8992832788	
8.46666666667	0.0	0.0	0.0 	0.0 	195.466666667 	16.0 	0.0 	0.0 	0.0 	-0.0 	16.0 	0.0 	0.0 	0.0 	14.1014823528	2.91413735515	154.363306019	-85.1282545419	
8.48333333333	0.0	0.0	0.0 	0.0 	195.733333333 	16.0 	0.0 	0.0 	0.0 	-0.0 	16.0 	0.0 	0.0 	0.0 	14.1152313912	2.91413735515	154.416355551	-85.3574490534	
8.5	0.0	0.0	0.0 	0.0 	196.0 	16.0 	0.0 	0.0 	0.0 	-0.0 	16.0 	0.0 	0.0 	0.0 	14.1289319403	2.91413735515	154.469456575	-85.5868660261	
8.51666666667	0.0	0.0	0.0 	0.0 	196.266666667 	16.0 	0.0 	0.0 	0.0 	-0.0 	16.0 	0.0 	0.0 	0.0 	14.1425841712	2.91413735515	154.522608908	-85.8165046754	
8.53333333333	0.0	0.0	0.0 	0.0 	196.533333333 	16.0 	0.0 	0.0 	0.0 	-0.0 	16.0 	0.0 	0.0 	0.0 	14.1561882544	2.91413735515	154.575812369	-86.0463642195	
8.55	0.0	0.0	0.0 	0.0 	196.8 	16.0 	0.0 	0.0 	0.0 	-0.0 	16.0 	0.0 	0.0 	0.0 	14.1697443595	2.91413735515	154.629066778	-86.2764438794	
8.56666666667	0.0	0.0	0.0 	0.0 	197.066666667 	16.0 	0.0 	0.0 	0.0 	-0.0 	16.0 	0.0 	0.0 	0.0 	14.1832526559	2.91413735515	154.682371956	-86.5067428787	
8.58333333333	0.0	0.0	0.0 	0.0 	197.333333333 	16.0 	0.0 	0.0 	0.0 	-0.0 	16.0 	0.0 	0.0 	0.0 	14.196713312	2.91413735515	154.735727724	-86.7372604439	
8.6	0.0	0.0	0.0 	0.0 	197.6 	16.0 	0.0 	0.0 	0.0 	-0.0 	16.0 	0.0 	0.0 	0.0 	14.210126496	2.91413735515	154.789133902	-86.9679958043	
8.61666666667	0.0	0.0	0.0 	0.0 	197.866666667 	16.0 	0.0 	0.0 	0.0 	-0.0 	16.0 	0.0 	0.0 	0.0 	14.2234923753	2.91413735515	154.842590314	-87.1989481916	
8.63333333333	0.0	0.0	0.0 	0.0 	198.133333333 	16.0 	0.0 	0.0 	0.0 	-0.0 	16.0 	0.0 	0.0 	0.0 	14.2368111166	2.91413735515	154.896096781	-87.4301168405	
8.65	0.0	0.0	0.0 	0.0 	198.4 	16.0 	0.0 	0.0 	0.0 	-0.0 	16.0 	0.0 	0.0 	0.0 	14.2500828863	2.91413735515	154.949653129	-87.6615009883	
8.66666666667	0.0	0.0	0.0 	0.0 	198.666666667 	16.0 	0.0 	0.0 	0.0 	-0.0 	16.0 	0.0 	0.0 	0.0 	14.2633078499	2.91413735515	155.003259179	-87.893099875	
8.68333333333	0.0	0.0	0.0 	0.0 	198.933333333 	16.0 	0.0 	0.0 	0.0 	-0.0 	16.0 	0.0 	0.0 	0.0 	14.2764861726	2.91413735515	155.056914759	-88.1249127433	
8.7	0.0	0.0	0.0 	0.0 	199.2 	16.0 	0.0 	0.0 	0.0 	-0.0 	16.0 	0.0 	0.0 	0.0 	14.2896180189	2.91413735515	155.110619691	-88.3569388384	
8.71666666667	0.0	0.0	0.0 	0.0 	199.466666667 	16.0 	0.0 	0.0 	0.0 	-0.0 	16.0 	0.0 	0.0 	0.0 	14.3027035526	2.91413735515	155.164373804	-88.5891774085	
8.73333333333	0.0	0.0	0.0 	0.0 	199.733333333 	16.0 	0.0 	0.0 	0.0 	-0.0 	16.0 	0.0 	0.0 	0.0 	14.3157429371	2.91413735515	155.218176922	-88.8216277042	
8.75	0.0	0.0	0.0 	0.0 	200.0 	16.0 	0.0 	0.0 	0.0 	-0.0 	16.0 	0.0 	0.0 	0.0 	14.3287363352	2.91413735515	155.272028874	-89.0542889787	
8.76666666667	0.0	0.0	0.0 	0.0 	200.266666667 	16.0 	0.0 	0.0 	0.0 	-0.0 	16.0 	0.0 	0.0 	0.0 	14.341683909	2.91413735515	155.325929487	-89.287160488	
8.78333333333	0.0	0.0	0.0 	0.0 	200.533333333 	16.0 	0.0 	0.0 	0.0 	-0.0 	16.0 	0.0 	0.0 	0.0 	14.3545858201	2.91413735515	155.37987859	-89.5202414906	
8.8	0.0	0.0	0.0 	0.0 	200.8 	16.0 	0.0 	0.0 	0.0 	-0.0 	16.0 	0.0 	0.0 	0.0 	14.3674422296	2.91413735515	155.433876011	-89.7535312478	
8.81666666667	0.0	0.0	0.0 	0.0 	201.066666667 	16.0 	0.0 	0.0 	0.0 	-0.0 	16.0 	0.0 	0.0 	0.0 	14.380253298	2.91413735515	155.48792158	-89.9870290233	
8.83333333333	0.0	0.0	0.0 	0.0 	201.333333333 	16.0 	0.0 	0.0 	0.0 	-0.0 	16.0 	0.0 	0.0 	0.0 	14.3930191851	2.91413735515	155.542015127	-90.2207340835	
8.85	0.0	0.0	0.0 	0.0 	201.6 	16.0 	0.0 	0.0 	0.0 	-0.0 	16.0 	0.0 	0.0 	0.0 	14.4057400503	2.91413735515	155.596156484	-90.4546456973	
8.86666666667	0.0	0.0	0.0 	0.0 	201.866666667 	16.0 	0.0 	0.0 	0.0 	-0.0 	16.0 	0.0 	0.0 	0.0 	14.4184160524	2.91413735515	155.65034548	-90.6887631364	
8.88333333333	0.0	0.0	0.0 	0.0 	202.133333333 	16.0 	0.0 	0.0 	0.0 	-0.0 	16.0 	0.0 	0.0 	0.0 	14.4310473496	2.91413735515	155.70458195	-90.9230856747	
8.9	0.0	0.0	0.0 	0.0 	202.4 	16.0 	0.0 	0.0 	0.0 	-0.0 	16.0 	0.0 	0.0 	0.0 	14.4436340996	2.91413735515	155.758865724	-91.1576125889	
8.91666666667	0.0	0.0	0.0 	0.0 	202.666666667 	16.0 	0.0 	0.0 	0.0 	-0.0 	16.0 	0.0 	0.0 	0.0 	14.4561764594	2.91413735515	155.813196636	-91.3923431584	
8.93333333333	0.0	0.0	0.0 	0.0 	202.933333333 	16.0 	0.0 	0.0 	0.0 	-0.0 	16.0 	0.0 	0.0 	0.0 	14.4686745857	2.91413735515	155.867574521	-91.6272766648	
8.95	0.0	0.0	0.0 	0.0 	203.2 	16.0 	0.0 	0.0 	0.0 	-0.0 	16.0 	0.0 	0.0 	0.0 	14.4811286343	2.91413735515	155.921999211	-91.8624123924	
8.96666666667	0.0	0.0	0.0 	0.0 	203.466666667 	16.0 	0.0 	0.0 	0.0 	-0.0 	16.0 	0.0 	0.0 	0.0 	14.4935387609	2.91413735515	155.976470543	-92.0977496281	
8.98333333333	0.0	0.0	0.0 	0.0 	203.733333333 	16.0 	0.0 	0.0 	0.0 	-0.0 	16.0 	0.0 	0.0 	0.0 	14.5059051202	2.91413735515	156.030988352	-92.3332876612	
9.0	0.0	0.0	0.0 	0.0 	204.0 	16.0 	0.0 	0.0 	0.0 	-0.0 	16.0 	0.0 	0.0 	0.0 	14.5182278666	2.91413735515	156.085552473	-92.5690257835	
9.01666666667	0.0	0.0	0.0 	0.0 	204.266666667 	16.0 	0.0 	0.0 	0.0 	-0.0 	16.0 	0.0 	0.0 	0.0 	14.530507154	2.91413735515	156.140162744	-92.8049632895	
9.03333333333	0.0	0.0	0.0 	0.0 	204.533333333 	16.0 	0.0 	0.0 	0.0 	-0.0 	16.0 	0.0 	0.0 	0.0 	14.5427431356	2.91413735515	156.194819002	-93.0410994758	
9.05	0.0	0.0	0.0 	0.0 	204.8 	16.0 	0.0 	0.0 	0.0 	-0.0 	16.0 	0.0 	0.0 	0.0 	14.5549359642	2.91413735515	156.249521084	-93.2774336418	
9.06666666667	0.0	0.0	0.0 	0.0 	205.066666667 	16.0 	0.0 	0.0 	0.0 	-0.0 	16.0 	0.0 	0.0 	0.0 	14.5670857918	2.91413735515	156.304268829	-93.5139650893	
9.08333333333	0.0	0.0	0.0 	0.0 	205.333333333 	16.0 	0.0 	0.0 	0.0 	-0.0 	16.0 	0.0 	0.0 	0.0 	14.5791927703	2.91413735515	156.359062076	-93.7506931225	
9.1	0.0	0.0	0.0 	0.0 	205.6 	16.0 	0.0 	0.0 	0.0 	-0.0 	16.0 	0.0 	0.0 	0.0 	14.5912570506	2.91413735515	156.413900664	-93.9876170481	
9.11666666667	0.0	0.0	0.0 	0.0 	205.866666667 	16.0 	0.0 	0.0 	0.0 	-0.0 	16.0 	0.0 	0.0 	0.0 	14.6032787834	2.91413735515	156.468784434	-94.2247361753	
9.13333333333	0.0	0.0	0.0 	0.0 	206.133333333 	16.0 	0.0 	0.0 	0.0 	-0.0 	16.0 	0.0 	0.0 	0.0 	14.6152581187	2.91413735515	156.523713226	-94.4620498157	
9.15	0.0	0.0	0.0 	0.0 	206.4 	16.0 	0.0 	0.0 	0.0 	-0.0 	16.0 	0.0 	0.0 	0.0 	14.6271952062	2.91413735515	156.578686881	-94.6995572831	
9.16666666667	0.0	0.0	0.0 	0.0 	206.666666667 	16.0 	0.0 	0.0 	0.0 	-0.0 	16.0 	0.0 	0.0 	0.0 	14.6390901946	2.91413735515	156.633705242	-94.9372578942	
9.18333333333	0.0	0.0	0.0 	0.0 	206.933333333 	16.0 	0.0 	0.0 	0.0 	-0.0 	16.0 	0.0 	0.0 	0.0 	14.6509432326	2.91413735515	156.68876815	-95.1751509676	
9.2	0.0	0.0	0.0 	0.0 	207.2 	16.0 	0.0 	0.0 	0.0 	-0.0 	16.0 	0.0 	0.0 	0.0 	14.6627544681	2.91413735515	156.743875448	-95.4132358247	
9.21666666667	0.0	0.0	0.0 	0.0 	207.466666667 	16.0 	0.0 	0.0 	0.0 	-0.0 	16.0 	0.0 	0.0 	0.0 	14.6745240485	2.91413735515	156.79902698	-95.651511789	
9.23333333333	0.0	0.0	0.0 	0.0 	207.733333333 	16.0 	0.0 	0.0 	0.0 	-0.0 	16.0 	0.0 	0.0 	0.0 	14.6862521206	2.91413735515	156.85422259	-95.8899781866	
9.25	0.0	0.0	0.0 	0.0 	208.0 	16.0 	0.0 	0.0 	0.0 	-0.0 	16.0 	0.0 	0.0 	0.0 	14.697938831	2.91413735515	156.909462123	-96.1286343459	
9.26666666667	0.0	0.0	0.0 	0.0 	208.266666667 	16.0 	0.0 	0.0 	0.0 	-0.0 	16.0 	0.0 	0.0 	0.0 	14.7095843255	2.91413735515	156.964745423	-96.3674795976	
9.28333333333	0.0	0.0	0.0 	0.0 	208.533333333 	16.0 	0.0 	0.0 	0.0 	-0.0 	16.0 	0.0 	0.0 	0.0 	14.7211887494	2.91413735515	157.020072336	-96.6065132748	
9.3	0.0	0.0	0.0 	0.0 	208.8 	16.0 	0.0 	0.0 	0.0 	-0.0 	16.0 	0.0 	0.0 	0.0 	14.7327522475	2.91413735515	157.075442708	-96.8457347131	
9.31666666667	0.0	0.0	0.0 	0.0 	209.066666667 	16.0 	0.0 	0.0 	0.0 	-0.0 	16.0 	0.0 	0.0 	0.0 	14.7442749643	2.91413735515	157.130856386	-97.0851432503	
9.33333333333	0.0	0.0	0.0 	0.0 	209.333333333 	16.0 	0.0 	0.0 	0.0 	-0.0 	16.0 	0.0 	0.0 	0.0 	14.7557570435	2.91413735515	157.186313218	-97.3247382264	
9.35	0.0	0.0	0.0 	0.0 	209.6 	16.0 	0.0 	0.0 	0.0 	-0.0 	16.0 	0.0 	0.0 	0.0 	14.7671986284	2.91413735515	157.241813051	-97.564518984	
9.36666666667	0.0	0.0	0.0 	0.0 	209.866666667 	16.0 	0.0 	0.0 	0.0 	-0.0 	16.0 	0.0 	0.0 	0.0 	14.7785998619	2.91413735515	157.297355733	-97.8044848678	
9.38333333333	0.0	0.0	0.0 	0.0 	210.133333333 	16.0 	0.0 	0.0 	0.0 	-0.0 	16.0 	0.0 	0.0 	0.0 	14.7899608863	2.91413735515	157.352941114	-98.0446352251	
9.4	0.0	0.0	0.0 	0.0 	210.4 	16.0 	0.0 	0.0 	0.0 	-0.0 	16.0 	0.0 	0.0 	0.0 	14.8012818434	2.91413735515	157.408569042	-98.2849694051	
9.41666666667	0.0	0.0	0.0 	0.0 	210.666666667 	16.0 	0.0 	0.0 	0.0 	-0.0 	16.0 	0.0 	0.0 	0.0 	14.8125628744	2.91413735515	157.464239368	-98.5254867596	
9.43333333333	0.0	0.0	0.0 	0.0 	210.933333333 	16.0 	0.0 	0.0 	0.0 	-0.0 	16.0 	0.0 	0.0 	0.0 	14.8238041202	2.91413735515	157.519951942	-98.7661866426	
9.45	0.0	0.0	0.0 	0.0 	211.2 	16.0 	0.0 	0.0 	0.0 	-0.0 	16.0 	0.0 	0.0 	0.0 	14.8350057212	2.91413735515	157.575706616	-99.0070684104	
9.46666666667	0.0	0.0	0.0 	0.0 	211.466666667 	16.0 	0.0 	0.0 	0.0 	-0.0 	16.0 	0.0 	0.0 	0.0 	14.846167817	2.91413735515	157.63150324	-99.2481314215	
9.48333333333	0.0	0.0	0.0 	0.0 	211.733333333 	16.0 	0.0 	0.0 	0.0 	-0.0 	16.0 	0.0 	0.0 	0.0 	14.8572905471	2.91413735515	157.687341666	-99.4893750367	
9.5	0.0	0.0	0.0 	0.0 	212.0 	16.0 	0.0 	0.0 	0.0 	-0.0 	16.0 	0.0 	0.0 	0.0 	14.8683740503	2.91413735515	157.743221749	-99.730798619	
9.51666666667	0.0	0.0	0.0 	0.0 	212.266666667 	16.0 	0.0 	0.0 	0.0 	-0.0 	16.0 	0.0 	0.0 	0.0 	14.8794184649	2.91413735515	157.799143339	-99.9724015338	
9.53333333333	0.0	0.0	0.0 	0.0 	212.533333333 	16.0 	0.0 	0.0 	0.0 	-0.0 	16.0 	0.0 	0.0 	0.0 	14.8904239288	2.91413735515	157.855106292	-100.214183149	
9.55	0.0	0.0	0.0 	0.0 	212.8 	16.0 	0.0 	0.0 	0.0 	-0.0 	16.0 	0.0 	0.0 	0.0 	14.9013905794	2.91413735515	157.911110461	-100.456142833	
9.56666666667	0.0	0.0	0.0 	0.0 	213.066666667 	16.0 	0.0 	0.0 	0.0 	-0.0 	16.0 	0.0 	0.0 	0.0 	14.9123185534	2.91413735515	157.9671557	-100.69827996	
9.58333333333	0.0	0.0	0.0 	0.0 	213.333333333 	16.0 	0.0 	0.0 	0.0 	-0.0 	16.0 	0.0 	0.0 	0.0 	14.9232079874	2.91413735515	158.023241866	-100.940593902	
9.6	0.0	0.0	0.0 	0.0 	213.6 	16.0 	0.0 	0.0 	0.0 	-0.0 	16.0 	0.0 	0.0 	0.0 	14.9340590173	2.91413735515	158.079368813	-101.183084037	
9.61666666667	0.0	0.0	0.0 	0.0 	213.866666667 	16.0 	0.0 	0.0 	0.0 	-0.0 	16.0 	0.0 	0.0 	0.0 	14.9448717784	2.91413735515	158.135536398	-101.425749742	
9.63333333333	0.0	0.0	0.0 	0.0 	214.133333333 	16.0 	0.0 	0.0 	0.0 	-0.0 	16.0 	0.0 	0.0 	0.0 	14.9556464058	2.91413735515	158.191744478	-101.6685904	
9.65	0.0	0.0	0.0 	0.0 	214.4 	16.0 	0.0 	0.0 	0.0 	-0.0 	16.0 	0.0 	0.0 	0.0 	14.966383034	2.91413735515	158.247992909	-101.911605392	
9.66666666667	0.0	0.0	0.0 	0.0 	214.666666667 	16.0 	0.0 	0.0 	0.0 	-0.0 	16.0 	0.0 	0.0 	0.0 	14.9770817969	2.91413735515	158.304281549	-102.154794105	
9.68333333333	0.0	0.0	0.0 	0.0 	214.933333333 	16.0 	0.0 	0.0 	0.0 	-0.0 	16.0 	0.0 	0.0 	0.0 	14.9877428281	2.91413735515	158.360610258	-102.398155924	
9.7	0.0	0.0	0.0 	0.0 	215.2 	16.0 	0.0 	0.0 	0.0 	-0.0 	16.0 	0.0 	0.0 	0.0 	14.9983662607	2.91413735515	158.416978892	-102.641690241	
9.71666666667	0.0	0.0	0.0 	0.0 	215.466666667 	16.0 	0.0 	0.0 	0.0 	-0.0 	16.0 	0.0 	0.0 	0.0 	15.0089522272	2.91413735515	158.473387312	-102.885396446	
9.73333333333	0.0	0.0	0.0 	0.0 	215.733333333 	16.0 	0.0 	0.0 	0.0 	-0.0 	16.0 	0.0 	0.0 	0.0 	15.0195008599	2.91413735515	158.529835376	-103.129273933	
9.75	0.0	0.0	0.0 	0.0 	216.0 	16.0 	0.0 	0.0 	0.0 	-0.0 	16.0 	0.0 	0.0 	0.0 	15.0300122903	2.91413735515	158.586322947	-103.373322098	
9.76666666667	0.0	0.0	0.0 	0.0 	216.266666667 	16.0 	0.0 	0.0 	0.0 	-0.0 	16.0 	0.0 	0.0 	0.0 	15.0404866497	2.91413735515	158.642849883	-103.61754034	
9.78333333333	0.0	0.0	0.0 	0.0 	216.533333333 	16.0 	0.0 	0.0 	0.0 	-0.0 	16.0 	0.0 	0.0 	0.0 	15.0509240688	2.91413735515	158.699416046	-103.861928058	
9.8	0.0	0.0	0.0 	0.0 	216.8 	16.0 	0.0 	0.0 	0.0 	-0.0 	16.0 	0.0 	0.0 	0.0 	15.0613246778	2.91413735515	158.756021298	-104.106484655	
9.81666666667	0.0	0.0	0.0 	0.0 	217.066666667 	16.0 	0.0 	0.0 	0.0 	-0.0 	16.0 	0.0 	0.0 	0.0 	15.0716886067	2.91413735515	158.812665501	-104.351209535	
9.83333333333	0.0	0.0	0.0 	0.0 	217.333333333 	16.0 	0.0 	0.0 	0.0 	-0.0 	16.0 	0.0 	0.0 	0.0 	15.0820159848	2.91413735515	158.869348518	-104.596102105	
9.85	0.0	0.0	0.0 	0.0 	217.6 	16.0 	0.0 	0.0 	0.0 	-0.0 	16.0 	0.0 	0.0 	0.0 	15.0923069409	2.91413735515	158.926070211	-104.841161773	
9.86666666667	0.0	0.0	0.0 	0.0 	217.866666667 	16.0 	0.0 	0.0 	0.0 	-0.0 	16.0 	0.0 	0.0 	0.0 	15.1025616036	2.91413735515	158.982830445	-105.08638795	
9.88333333333	0.0	0.0	0.0 	0.0 	218.133333333 	16.0 	0.0 	0.0 	0.0 	-0.0 	16.0 	0.0 	0.0 	0.0 	15.1127801008	2.91413735515	159.039629083	-105.331780048	
9.9	0.0	0.0	0.0 	0.0 	218.4 	16.0 	0.0 	0.0 	0.0 	-0.0 	16.0 	0.0 	0.0 	0.0 	15.1229625601	2.91413735515	159.096465989	-105.577337483	
9.91666666667	0.0	0.0	0.0 	0.0 	218.666666667 	16.0 	0.0 	0.0 	0.0 	-0.0 	16.0 	0.0 	0.0 	0.0 	15.1331091085	2.91413735515	159.15334103	-105.823059672	
9.93333333333	0.0	0.0	0.0 	0.0 	218.933333333 	16.0 	0.0 	0.0 	0.0 	-0.0 	16.0 	0.0 	0.0 	0.0 	15.1432198727	2.91413735515	159.21025407	-106.068946033	
9.95	0.0	0.0	0.0 	0.0 	219.2 	16.0 	0.0 	0.0 	0.0 	-0.0 	16.0 	0.0 	0.0 	0.0 	15.153294979	2.91413735515	159.267204976	-106.314995987	
9.96666666667	0.0	0.0	0.0 	0.0 	219.466666667 	16.0 	0.0 	0.0 	0.0 	-0.0 	16.0 	0.0 	0.0 	0.0 	15.163334553	2.91413735515	159.324193614	-106.561208958	
9.98333333333	0.0	0.0	0.0 	0.0 	219.733333333 	16.0 	0.0 	0.0 	0.0 	-0.0 	16.0 	0.0 	0.0 	0.0 	15.1733387201	2.91413735515	159.38121985	-106.807584371	
