0.0166666666667	0.0	0.0	0.0 	0.0 	80.2166666667 	13.0 	0.0 	0.0 	0.0 	0.0 	13.0 	0.0 	0.0 	0.0 	0.0	-0.455806451613	160.0	-7.35483870968	
0.0333333333333	0.0	0.0	0.0 	0.0 	80.4333333333 	13.0 	0.0 	0.0 	0.0 	-0.0 	13.0 	0.0 	0.0 	0.0 	0.0	-0.455806451613	160.0	-7.35483870968	
0.05	0.0	0.0	0.0 	0.0 	80.65 	13.0 	0.0 	0.0 	0.0 	-0.0 	13.0 	0.0 	0.0 	0.0 	0.0	-0.455806451613	160.0	-7.35483870968	
0.0666666666667	0.0	0.0	0.0 	0.0 	80.8666666667 	13.0 	0.0 	0.0 	0.0 	-0.0 	13.0 	0.0 	0.0 	0.0 	0.0	-0.455806451613	160.0	-7.35483870968	
0.0833333333333	0.0	0.0	0.0 	0.0 	81.0833333333 	13.0 	0.0 	0.0 	0.0 	-0.0 	13.0 	0.0 	0.0 	0.0 	0.0	-0.455806451613	160.0	-7.35483870968	
0.1	0.0	0.0	0.0 	0.0 	81.3 	13.0 	0.0 	0.0 	0.0 	-0.0 	13.0 	0.0 	0.0 	0.0 	0.0	-0.455806451613	160.0	-7.35483870968	
0.116666666667	0.0	0.0	0.0 	0.0 	81.5166666667 	13.0 	0.0 	0.0 	0.0 	-0.0 	13.0 	0.0 	0.0 	0.0 	0.0	-0.455806451613	160.0	-7.35483870968	
0.133333333333	0.0	0.0	0.0 	0.0 	81.7333333333 	13.0 	0.0 	0.0 	0.0 	-0.0 	13.0 	0.0 	0.0 	0.0 	0.0	-0.455806451613	160.0	-7.35483870968	
0.15	0.0	0.0	0.0 	0.0 	81.95 	13.0 	0.0 	0.0 	0.0 	-0.0 	13.0 	0.0 	0.0 	0.0 	0.0	-0.455806451613	160.0	-7.35483870968	
0.166666666667	0.0	0.0	0.0 	0.0 	82.1666666667 	13.0 	0.0 	0.0 	0.0 	-0.0 	13.0 	0.0 	0.0 	0.0 	0.0	-0.455806451613	160.0	-7.35483870968	
0.183333333333	0.0	0.0	0.0 	0.0 	82.3833333333 	13.0 	0.0 	0.0 	0.0 	-0.0 	13.0 	0.0 	0.0 	0.0 	0.0	-0.455806451613	160.0	-7.35483870968	
0.2	0.0	0.0	0.0 	0.0 	82.6 	13.0 	0.0 	0.0 	0.0 	-0.0 	13.0 	0.0 	0.0 	0.0 	0.0	-0.455806451613	160.0	-7.35483870968	
0.216666666667	0.0	0.0	0.0 	0.0 	82.8166666667 	13.0 	0.0 	0.0 	0.0 	-0.0 	13.0 	0.0 	0.0 	0.0 	0.0	-0.455806451613	160.0	-7.35483870968	
0.233333333333	0.0	0.0	0.0 	0.0 	83.0333333333 	13.0 	0.0 	0.0 	0.0 	-0.0 	13.0 	0.0 	0.0 	0.0 	0.0	-0.455806451613	160.0	-7.35483870968	
0.25	0.0	0.0	0.0 	0.0 	83.25 	13.0 	0.0 	0.0 	0.0 	-0.0 	13.0 	0.0 	0.0 	0.0 	0.0	-0.455806451613	160.0	-7.35483870968	
0.266666666667	0.0	0.0	0.0 	0.0 	83.4666666667 	13.0 	0.0 	0.0 	0.0 	-0.0 	13.0 	0.0 	0.0 	0.0 	0.0	-0.455806451613	160.0	-7.35483870968	
0.283333333333	0.0	0.0	0.0 	0.0 	83.6833333333 	13.0 	0.0 	0.0 	0.0 	-0.0 	13.0 	0.0 	0.0 	0.0 	0.0	-0.455806451613	160.0	-7.35483870968	
0.3	0.0	0.0	0.0 	0.0 	83.9 	13.0 	0.0 	0.0 	0.0 	-0.0 	13.0 	0.0 	0.0 	0.0 	0.0	-0.455806451613	160.0	-7.35483870968	
0.316666666667	0.0	0.0	0.0 	0.0 	84.1166666667 	13.0 	0.0 	0.0 	0.0 	-0.0 	13.0 	0.0 	0.0 	0.0 	0.0	-0.455806451613	160.0	-7.35483870968	
0.333333333333	0.0	0.0	0.0 	0.0 	84.3333333333 	13.0 	0.0 	0.0 	0.0 	-0.0 	13.0 	0.0 	0.0 	0.0 	0.0	-0.455806451613	160.0	-7.35483870968	
0.35	0.0	0.0	0.0 	0.0 	84.55 	13.0 	0.0 	0.0 	0.0 	-0.0 	13.0 	0.0 	0.0 	0.0 	0.0	-0.455806451613	160.0	-7.35483870968	
0.366666666667	0.0	0.0	0.0 	0.0 	84.7666666667 	13.0 	0.0 	0.0 	0.0 	-0.0 	13.0 	0.0 	0.0 	0.0 	0.0	-0.455806451613	160.0	-7.35483870968	
0.383333333333	0.0	0.0	0.0 	0.0 	84.9833333333 	13.0 	0.0 	0.0 	0.0 	-0.0 	13.0 	0.0 	0.0 	0.0 	0.0	-0.455806451613	160.0	-7.35483870968	
0.4	0.0	0.0	0.0 	0.0 	85.2 	13.0 	0.0 	0.0 	0.0 	-0.0 	13.0 	0.0 	0.0 	0.0 	0.0	-0.455806451613	160.0	-7.35483870968	
0.416666666667	0.0	0.0	0.0 	0.0 	85.4166666667 	13.0 	0.0 	0.0 	0.0 	-0.0 	13.0 	0.0 	0.0 	0.0 	0.0	-0.455806451613	160.0	-7.35483870968	
0.433333333333	0.0	0.0	0.0 	0.0 	85.6333333333 	13.0 	0.0 	0.0 	0.0 	-0.0 	13.0 	0.0 	0.0 	0.0 	0.0	-0.455806451613	160.0	-7.35483870968	
0.45	0.0	0.0	0.0 	0.0 	85.85 	13.0 	0.0 	0.0 	0.0 	-0.0 	13.0 	0.0 	0.0 	0.0 	0.0	-0.455806451613	160.0	-7.35483870968	
0.466666666667	0.0	0.0	0.0 	0.0 	86.0666666667 	13.0 	0.0 	0.0 	0.0 	-0.0 	13.0 	0.0 	0.0 	0.0 	0.0	-0.455806451613	160.0	-7.35483870968	
0.483333333333	0.0	0.0	0.0 	0.0 	86.2833333333 	13.0 	0.0 	0.0 	0.0 	-0.0 	13.0 	0.0 	0.0 	0.0 	0.0	-0.455806451613	160.0	-7.35483870968	
0.5	0.0	0.0	0.0 	0.0 	86.5 	13.0 	0.0 	0.0 	0.0 	-0.0 	13.0 	0.0 	0.0 	0.0 	0.0	-0.455806451613	160.0	-7.35483870968	
0.516666666667	0.0	0.0	0.0 	0.0 	86.7166666667 	13.0 	0.0 	0.0 	0.0 	-0.0 	13.0 	0.0 	0.0 	0.0 	0.0	-0.455806451613	160.0	-7.35483870968	
0.533333333333	0.0	0.0	0.0 	0.0 	86.9333333333 	13.0 	0.0 	0.0 	0.0 	-0.0 	13.0 	0.0 	0.0 	0.0 	0.0	-0.455806451613	160.0	-7.35483870968	
0.55	0.0	0.0	0.0 	0.0 	87.15 	13.0 	0.0 	0.0 	0.0 	-0.0 	13.0 	0.0 	0.0 	0.0 	0.0	-0.455806451613	160.0	-7.35483870968	
0.566666666667	0.0	0.0	0.0 	0.0 	87.3666666667 	13.0 	0.0 	0.0 	0.0 	-0.0 	13.0 	0.0 	0.0 	0.0 	0.0	-0.455806451613	160.0	-7.35483870968	
0.583333333333	0.0	0.0	0.0 	0.0 	87.5833333333 	13.0 	0.0 	0.0 	0.0 	-0.0 	13.0 	0.0 	0.0 	0.0 	0.0	-0.455806451613	160.0	-7.35483870968	
0.6	0.0	0.0	0.0 	0.0 	87.8 	13.0 	0.0 	0.0 	0.0 	-0.0 	13.0 	0.0 	0.0 	0.0 	0.0	-0.455806451613	160.0	-7.35483870968	
0.616666666667	0.0	0.0	0.0 	0.0 	88.0166666667 	13.0 	0.0 	0.0 	0.0 	-0.0 	13.0 	0.0 	0.0 	0.0 	0.0	-0.455806451613	160.0	-7.35483870968	
0.633333333333	0.0	0.0	0.0 	0.0 	88.2333333333 	13.0 	0.0 	0.0 	0.0 	-0.0 	13.0 	0.0 	0.0 	0.0 	0.0	-0.455806451613	160.0	-7.35483870968	
0.65	0.0	0.0	0.0 	0.0 	88.45 	13.0 	0.0 	0.0 	0.0 	-0.0 	13.0 	0.0 	0.0 	0.0 	0.0	-0.455806451613	160.0	-7.35483870968	
0.666666666667	0.0	0.0	0.0 	0.0 	88.6666666667 	13.0 	0.0 	0.0 	0.0 	-0.0 	13.0 	0.0 	0.0 	0.0 	0.0	-0.455806451613	160.0	-7.35483870968	
0.683333333333	0.0	0.0	0.0 	0.0 	88.8833333333 	13.0 	0.0 	0.0 	0.0 	-0.0 	13.0 	0.0 	0.0 	0.0 	0.0	-0.455806451613	160.0	-7.35483870968	
0.7	0.0	0.0	0.0 	0.0 	89.1 	13.0 	0.0 	0.0 	0.0 	-0.0 	13.0 	0.0 	0.0 	0.0 	0.0	-0.455806451613	160.0	-7.35483870968	
0.716666666667	0.0	0.0	0.0 	0.0 	89.3166666667 	13.0 	0.0 	0.0 	0.0 	-0.0 	13.0 	0.0 	0.0 	0.0 	0.0	-0.455806451613	160.0	-7.35483870968	
0.733333333333	0.0	0.0	0.0 	0.0 	89.5333333333 	13.0 	0.0 	0.0 	0.0 	-0.0 	13.0 	0.0 	0.0 	0.0 	0.0	-0.455806451613	160.0	-7.35483870968	
0.75	0.0	0.0	0.0 	0.0 	89.75 	13.0 	0.0 	0.0 	0.0 	-0.0 	13.0 	0.0 	0.0 	0.0 	0.0	-0.455806451613	160.0	-7.35483870968	
0.766666666667	0.0	0.0	0.0 	0.0 	89.9666666667 	13.0 	0.0 	0.0 	0.0 	-0.0 	13.0 	0.0 	0.0 	0.0 	0.0	-0.455806451613	160.0	-7.35483870968	
0.783333333333	0.0	0.0	0.0 	0.0 	90.1833333333 	13.0 	0.0 	0.0 	0.0 	-0.0 	13.0 	0.0 	0.0 	0.0 	0.0	-0.455806451613	160.0	-7.35483870968	
0.8	0.0	0.0	0.0 	0.0 	90.4 	13.0 	0.0 	0.0 	0.0 	-0.0 	13.0 	0.0 	0.0 	0.0 	0.0	-0.455806451613	160.0	-7.35483870968	
0.816666666667	0.0	0.0	0.0 	0.0 	90.6166666667 	13.0 	0.0 	0.0 	0.0 	-0.0 	13.0 	0.0 	0.0 	0.0 	0.0	-0.455806451613	160.0	-7.35483870968	
0.833333333333	0.0	0.0	0.0 	0.0 	90.8333333333 	13.0 	0.0 	0.0 	0.0 	-0.0 	13.0 	0.0 	0.0 	0.0 	0.0	-0.455806451613	160.0	-7.35483870968	
0.85	0.0	0.0	0.0 	0.0 	91.05 	13.0 	0.0 	0.0 	0.0 	-0.0 	13.0 	0.0 	0.0 	0.0 	0.0	-0.455806451613	160.0	-7.35483870968	
0.866666666667	0.0	0.0	0.0 	0.0 	91.2666666667 	13.0 	0.0 	0.0 	0.0 	-0.0 	13.0 	0.0 	0.0 	0.0 	0.0	-0.455806451613	160.0	-7.35483870968	
0.883333333333	0.0	0.0	0.0 	0.0 	91.4833333333 	13.0 	0.0 	0.0 	0.0 	-0.0 	13.0 	0.0 	0.0 	0.0 	0.0	-0.455806451613	160.0	-7.35483870968	
0.9	0.0	0.0	0.0 	0.0 	91.7 	13.0 	0.0 	0.0 	0.0 	-0.0 	13.0 	0.0 	0.0 	0.0 	0.0	-0.455806451613	160.0	-7.35483870968	
0.916666666667	0.0	0.0	0.0 	0.0 	91.9166666667 	13.0 	0.0 	0.0 	0.0 	-0.0 	13.0 	0.0 	0.0 	0.0 	0.0	-0.455806451613	160.0	-7.35483870968	
0.933333333333	0.0	0.0	0.0 	0.0 	92.1333333333 	13.0 	0.0 	0.0 	0.0 	-0.0 	13.0 	0.0 	0.0 	0.0 	0.0	-0.455806451613	160.0	-7.35483870968	
0.95	0.0	0.0	0.0 	0.0 	92.35 	13.0 	0.0 	0.0 	0.0 	-0.0 	13.0 	0.0 	0.0 	0.0 	0.0	-0.455806451613	160.0	-7.35483870968	
0.966666666667	0.0	0.0	0.0 	0.0 	92.5666666667 	13.0 	0.0 	0.0 	0.0 	-0.0 	13.0 	0.0 	0.0 	0.0 	0.0	-0.455806451613	160.0	-7.35483870968	
0.983333333333	0.0	0.0	0.0 	0.0 	92.7833333333 	13.0 	0.0 	0.0 	0.0 	-0.0 	13.0 	0.0 	0.0 	0.0 	0.0	-0.455806451613	160.0	-7.35483870968	
1.0	0.0	0.0	0.0 	0.0 	93.0 	13.0 	0.0 	0.0 	0.0 	-0.0 	13.0 	0.0 	0.0 	0.0 	0.0	-0.455806451613	160.0	-7.35483870968	
1.01666666667	0.0	0.0	0.0 	0.0 	93.2166666667 	13.0 	0.0 	0.0 	0.0 	-0.0 	13.0 	0.0 	0.0 	0.0 	0.0	-0.455806451613	160.0	-7.35483870968	
1.03333333333	0.0	0.0	0.0 	0.0 	93.4333333333 	13.0 	0.0 	0.0 	0.0 	-0.0 	13.0 	0.0 	0.0 	0.0 	0.0	-0.455806451613	160.0	-7.35483870968	
1.05	0.0	0.0	0.0 	0.0 	93.65 	13.0 	0.0 	0.0 	0.0 	-0.0 	13.0 	0.0 	0.0 	0.0 	0.0	-0.455806451613	160.0	-7.35483870968	
1.06666666667	0.0	0.0	0.0 	0.0 	93.8666666667 	13.0 	0.0 	0.0 	0.0 	-0.0 	13.0 	0.0 	0.0 	0.0 	0.0	-0.455806451613	160.0	-7.35483870968	
1.08333333333	0.0	0.0	0.0 	0.0 	94.0833333333 	13.0 	0.0 	0.0 	0.0 	-0.0 	13.0 	0.0 	0.0 	0.0 	0.0	-0.455806451613	160.0	-7.35483870968	
1.1	0.0	0.0	0.0 	0.0 	94.3 	13.0 	0.0 	0.0 	0.0 	-0.0 	13.0 	0.0 	0.0 	0.0 	0.0	-0.455806451613	160.0	-7.35483870968	
1.11666666667	0.0	0.0	0.0 	0.0 	94.5166666667 	13.0 	0.0 	0.0 	0.0 	-0.0 	13.0 	0.0 	0.0 	0.0 	0.0	-0.455806451613	160.0	-7.35483870968	
1.13333333333	0.0	0.0	0.0 	0.0 	94.7333333333 	13.0 	0.0 	0.0 	0.0 	-0.0 	13.0 	0.0 	0.0 	0.0 	0.0	-0.455806451613	160.0	-7.35483870968	
1.15	0.0	0.0	0.0 	0.0 	94.95 	13.0 	0.0 	0.0 	0.0 	-0.0 	13.0 	0.0 	0.0 	0.0 	0.0	-0.455806451613	160.0	-7.35483870968	
1.16666666667	0.0	0.0	0.0 	0.0 	95.1666666667 	13.0 	0.0 	0.0 	0.0 	-0.0 	13.0 	0.0 	0.0 	0.0 	0.0	-0.455806451613	160.0	-7.35483870968	
1.18333333333	0.0	0.0	0.0 	0.0 	95.3833333333 	13.0 	0.0 	0.0 	0.0 	-0.0 	13.0 	0.0 	0.0 	0.0 	0.0	-0.455806451613	160.0	-7.35483870968	
1.2	0.0	0.0	0.0 	0.0 	95.6 	13.0 	0.0 	0.0 	0.0 	-0.0 	13.0 	0.0 	0.0 	0.0 	0.0	-0.455806451613	160.0	-7.35483870968	
1.21666666667	0.0	0.0	0.0 	0.0 	95.8166666667 	13.0 	0.0 	0.0 	0.0 	-0.0 	13.0 	0.0 	0.0 	0.0 	0.0	-0.455806451613	160.0	-7.35483870968	
1.23333333333	0.0	0.0	0.0 	0.0 	96.0333333333 	13.0 	0.0 	0.0 	0.0 	-0.0 	13.0 	0.0 	0.0 	0.0 	0.0	-0.455806451613	160.0	-7.35483870968	
1.25	0.0	0.0	0.0 	0.0 	96.25 	13.0 	0.0 	0.0 	0.0 	-0.0 	13.0 	0.0 	0.0 	0.0 	0.0	-0.455806451613	160.0	-7.35483870968	
1.26666666667	0.0	0.0	0.0 	0.0 	96.4666666667 	13.0 	0.0 	0.0 	0.0 	-0.0 	13.0 	0.0 	0.0 	0.0 	0.0	-0.455806451613	160.0	-7.35483870968	
1.28333333333	0.0	0.0	0.0 	0.0 	96.6833333333 	13.0 	0.0 	0.0 	0.0 	-0.0 	13.0 	0.0 	0.0 	0.0 	0.0	-0.455806451613	160.0	-7.35483870968	
1.3	0.0	0.0	0.0 	0.0 	96.9 	13.0 	0.0 	0.0 	0.0 	-0.0 	13.0 	0.0 	0.0 	0.0 	0.0	-0.455806451613	160.0	-7.35483870968	
1.31666666667	0.0	0.0	0.0 	0.0 	97.1166666667 	13.0 	0.0 	0.0 	0.0 	-0.0 	13.0 	0.0 	0.0 	0.0 	0.0	-0.455806451613	160.0	-7.35483870968	
1.33333333333	0.0	0.0	0.0 	0.0 	97.3333333333 	13.0 	0.0 	0.0 	0.0 	-0.0 	13.0 	0.0 	0.0 	0.0 	0.0	-0.455806451613	160.0	-7.35483870968	
1.35	0.0	0.0	0.0 	0.0 	97.55 	13.0 	0.0 	0.0 	0.0 	-0.0 	13.0 	0.0 	0.0 	0.0 	0.0	-0.455806451613	160.0	-7.35483870968	
1.36666666667	0.0	0.0	0.0 	0.0 	97.7666666667 	13.0 	0.0 	0.0 	0.0 	-0.0 	13.0 	0.0 	0.0 	0.0 	0.0	-0.455806451613	160.0	-7.35483870968	
1.38333333333	0.0	0.0	0.0 	0.0 	97.9833333333 	13.0 	0.0 	0.0 	0.0 	-0.0 	13.0 	0.0 	0.0 	0.0 	0.0	-0.455806451613	160.0	-7.35483870968	
1.4	0.0	0.0	0.0 	0.0 	98.2 	13.0 	0.0 	0.0 	0.0 	-0.0 	13.0 	0.0 	0.0 	0.0 	0.0	-0.455806451613	160.0	-7.35483870968	
1.41666666667	0.0	0.0	0.0 	0.0 	98.4166666667 	13.0 	0.0 	0.0 	0.0 	-0.0 	13.0 	0.0 	0.0 	0.0 	0.0	-0.455806451613	160.0	-7.35483870968	
1.43333333333	0.0	0.0	0.0 	0.0 	98.6333333333 	13.0 	0.0 	0.0 	0.0 	-0.0 	13.0 	0.0 	0.0 	0.0 	0.0	-0.455806451613	160.0	-7.35483870968	
1.45	0.0	0.0	0.0 	0.0 	98.85 	13.0 	0.0 	0.0 	0.0 	-0.0 	13.0 	0.0 	0.0 	0.0 	0.0	-0.455806451613	160.0	-7.35483870968	
1.46666666667	0.0	0.0	0.0 	0.0 	99.0666666667 	13.0 	0.0 	0.0 	0.0 	-0.0 	13.0 	0.0 	0.0 	0.0 	0.0	-0.455806451613	160.0	-7.35483870968	
1.48333333333	0.0	0.0	0.0 	0.0 	99.2833333333 	13.0 	0.0 	0.0 	0.0 	-0.0 	13.0 	0.0 	0.0 	0.0 	0.0	-0.455806451613	160.0	-7.35483870968	
1.5	0.0	0.0	0.0 	0.0 	99.5 	13.0 	0.0 	0.0 	0.0 	-0.0 	13.0 	0.0 	0.0 	0.0 	0.0	-0.455806451613	160.0	-7.35483870968	
1.51666666667	0.0	0.0	0.0 	0.0 	99.7166666667 	13.0 	0.0 	0.0 	0.0 	-0.0 	13.0 	0.0 	0.0 	0.0 	0.0	-0.455806451613	160.0	-7.35483870968	
1.53333333333	0.0	0.0	0.0 	0.0 	99.9333333333 	13.0 	0.0 	0.0 	0.0 	-0.0 	13.0 	0.0 	0.0 	0.0 	0.0	-0.455806451613	160.0	-7.35483870968	
1.55	0.0	0.0	0.0 	0.0 	100.15 	13.0 	0.0 	0.0 	0.0 	-0.0 	13.0 	0.0 	0.0 	0.0 	0.204242424242	-0.0639230579432	159.999782551	-7.35144162163	
1.56666666667	0.0	0.0	0.0 	0.0 	100.366666667 	13.0 	0.0 	0.0 	0.0 	-0.0 	13.0 	0.0 	0.0 	0.0 	0.404647566575	0.262646436781	160.001533577	-7.34492877691	
1.58333333333	0.0	0.0	0.0 	0.0 	100.583333333 	13.0 	0.0 	0.0 	0.0 	-0.0 	13.0 	0.0 	0.0 	0.0 	0.601287521385	0.534787682385	160.006641097	-7.33630654577	
1.6	0.0	0.0	0.0 	0.0 	100.8 	13.0 	0.0 	0.0 	0.0 	-0.0 	13.0 	0.0 	0.0 	0.0 	0.794233028559	0.749462372164	160.015658889	-7.32661617172	
1.61666666667	0.0	0.0	0.0 	0.0 	101.016666667 	13.0 	0.0 	0.0 	0.0 	-0.0 	13.0 	0.0 	0.0 	0.0 	0.983553498931	0.911985469895	160.028620825	-7.31658102446	
1.63333333333	0.0	0.0	0.0 	0.0 	101.233333333 	13.0 	0.0 	0.0 	0.0 	-0.0 	13.0 	0.0 	0.0 	0.0 	1.16931703925	1.04322511498	160.045459621	-7.30676974752	
1.65	0.0	0.0	0.0 	0.0 	101.45 	13.0 	0.0 	0.0 	0.0 	-0.0 	13.0 	0.0 	0.0 	0.0 	1.3515904767	1.1536153751	160.066054139	-7.29764234903	
1.66666666667	0.0	0.0	0.0 	0.0 	101.666666667 	13.0 	0.0 	0.0 	0.0 	-0.0 	13.0 	0.0 	0.0 	0.0 	1.53043938289	1.24911857251	160.090253097	-7.28957798691	
1.68333333333	0.0	0.0	0.0 	0.0 	101.883333333 	13.0 	0.0 	0.0 	0.0 	-0.0 	13.0 	0.0 	0.0 	0.0 	1.70592809752	1.33346115645	160.117888222	-7.28289321284	
1.7	0.0	0.0	0.0 	0.0 	102.1 	13.0 	0.0 	0.0 	0.0 	-0.0 	13.0 	0.0 	0.0 	0.0 	1.87811975144	1.40912742416	160.14878204	-7.27785466922	
1.71666666667	0.0	0.0	0.0 	0.0 	102.316666667 	13.0 	0.0 	0.0 	0.0 	-0.0 	13.0 	0.0 	0.0 	0.0 	2.04707628945	1.47785638142	160.182752732	-7.27468831292	
1.73333333333	0.0	0.0	0.0 	0.0 	102.533333333 	13.0 	0.0 	0.0 	0.0 	-0.0 	13.0 	0.0 	0.0 	0.0 	2.21285849249	1.54091275738	160.21961724	-7.27358634178	
1.75	0.0	0.0	0.0 	0.0 	102.75 	13.0 	0.0 	0.0 	0.0 	-0.0 	13.0 	0.0 	0.0 	0.0 	2.3755259996	1.59924509655	160.25919332	-7.27471253639	
1.76666666667	0.0	0.0	0.0 	0.0 	102.966666667 	13.0 	0.0 	0.0 	0.0 	-0.0 	13.0 	0.0 	0.0 	0.0 	2.53513732931	1.64861989886	160.301317722	-7.27799744225	
1.78333333333	0.0	0.0	0.0 	0.0 	103.183333333 	13.0 	0.0 	0.0 	0.0 	-0.0 	13.0 	0.0 	0.0 	0.0 	2.6917499007	1.68976556745	160.34586311	-7.28332211821	
1.8	0.0	0.0	0.0 	0.0 	103.4 	13.0 	0.0 	0.0 	0.0 	-0.0 	13.0 	0.0 	0.0 	0.0 	2.84542005408	1.72405362461	160.392730928	-7.29056172311	
1.81666666667	0.0	0.0	0.0 	0.0 	103.616666667 	13.0 	0.0 	0.0 	0.0 	-0.0 	13.0 	0.0 	0.0 	0.0 	2.99620307124	1.75262700558	160.441844404	-7.29959179848	
1.83333333333	0.0	0.0	0.0 	0.0 	103.833333333 	13.0 	0.0 	0.0 	0.0 	-0.0 	13.0 	0.0 	0.0 	0.0 	3.14415319536	1.77643815638	160.493142842	-7.31029216448	
1.85	0.0	0.0	0.0 	0.0 	104.05 	13.0 	0.0 	0.0 	0.0 	-0.0 	13.0 	0.0 	0.0 	0.0 	3.28932365048	1.79628078205	160.546577133	-7.322549203	
1.86666666667	0.0	0.0	0.0 	0.0 	104.266666667 	13.0 	0.0 	0.0 	0.0 	-0.0 	13.0 	0.0 	0.0 	0.0 	3.43176666068	1.81281630344	160.602106311	-7.33625706434	
1.88333333333	0.0	0.0	0.0 	0.0 	104.483333333 	13.0 	0.0 	0.0 	0.0 	-0.0 	13.0 	0.0 	0.0 	0.0 	3.57153346887	1.8265959046	160.659694984	-7.35131816443	
1.9	0.0	0.0	0.0 	0.0 	104.7 	13.0 	0.0 	0.0 	0.0 	-0.0 	13.0 	0.0 	0.0 	0.0 	3.70867435522	1.83807890557	160.71931144	-7.36764322253	
1.91666666667	0.0	0.0	0.0 	0.0 	104.916666667 	13.0 	0.0 	0.0 	0.0 	-0.0 	13.0 	0.0 	0.0 	0.0 	3.84323865521	1.84764807304	160.780926288	-7.38515100896	
1.93333333333	0.0	0.0	0.0 	0.0 	105.133333333 	13.0 	0.0 	0.0 	0.0 	-0.0 	13.0 	0.0 	0.0 	0.0 	3.97527477744	1.85562237927	160.844511506	-7.40376791749	
1.95	0.0	0.0	0.0 	0.0 	105.35 	13.0 	0.0 	0.0 	0.0 	-0.0 	13.0 	0.0 	0.0 	0.0 	4.10483022102	1.86226763446	160.910039792	-7.42342743993	
1.96666666667	0.0	0.0	0.0 	0.0 	105.566666667 	13.0 	0.0 	0.0 	0.0 	-0.0 	13.0 	0.0 	0.0 	0.0 	4.23195159263	1.86780534712	160.977484131	-7.44406959474	
1.98333333333	0.0	0.0	0.0 	0.0 	105.783333333 	13.0 	0.0 	0.0 	0.0 	-0.0 	13.0 	0.0 	0.0 	0.0 	4.35668462331	1.87242010766	161.046817526	-7.46564034437	
2.0	0.0	0.0	0.0 	0.0 	106.0 	13.0 	0.0 	0.0 	0.0 	-0.0 	13.0 	0.0 	0.0 	0.0 	4.47907418493	1.87626574145	161.118012849	-7.48809102379	
2.01666666667	0.0	0.0	0.0 	0.0 	106.216666667 	13.0 	0.0 	0.0 	0.0 	-0.0 	13.0 	0.0 	0.0 	0.0 	4.59916430631	1.87947043628	161.191042765	-7.51137779448	
2.03333333333	0.0	0.0	0.0 	0.0 	106.433333333 	13.0 	0.0 	0.0 	0.0 	-0.0 	13.0 	0.0 	0.0 	0.0 	4.71699818904	1.8821410153	161.26587971	-7.53546113253	
2.05	0.0	0.0	0.0 	0.0 	106.65 	13.0 	0.0 	0.0 	0.0 	-0.0 	13.0 	0.0 	0.0 	0.0 	4.83261822306	1.88436649782	161.34249591	-7.56030535531	
2.06666666667	0.0	0.0	0.0 	0.0 	106.866666667 	13.0 	0.0 	0.0 	0.0 	-0.0 	13.0 	0.0 	0.0 	0.0 	4.9460660019	1.88622106658	161.420863416	-7.58587818867	
2.08333333333	0.0	0.0	0.0 	0.0 	107.083333333 	13.0 	0.0 	0.0 	0.0 	-0.0 	13.0 	0.0 	0.0 	0.0 	5.05738233762	1.88776654055	161.500954157	-7.6121503746	
2.1	0.0	0.0	0.0 	0.0 	107.3 	13.0 	0.0 	0.0 	0.0 	-0.0 	13.0 	0.0 	0.0 	0.0 	5.16660727552	1.88905443553	161.582739993	-7.63909531819	
2.11666666667	0.0	0.0	0.0 	0.0 	107.516666667 	13.0 	0.0 	0.0 	0.0 	-0.0 	13.0 	0.0 	0.0 	0.0 	5.27378010853	1.89012768134	161.666192776	-7.66668877188	
2.13333333333	0.0	0.0	0.0 	0.0 	107.733333333 	13.0 	0.0 	0.0 	0.0 	-0.0 	13.0 	0.0 	0.0 	0.0 	5.37893939134	1.89102205285	161.751284405	-7.69490855439	
2.15	0.0	0.0	0.0 	0.0 	107.95 	13.0 	0.0 	0.0 	0.0 	-0.0 	13.0 	0.0 	0.0 	0.0 	5.48212295429	1.89176736244	161.837986876	-7.72373430187	
2.16666666667	0.0	0.0	0.0 	0.0 	108.166666667 	13.0 	0.0 	0.0 	0.0 	-0.0 	13.0 	0.0 	0.0 	0.0 	5.58336791696	1.89238845377	161.926272335	-7.75314724812	
2.18333333333	0.0	0.0	0.0 	0.0 	108.383333333 	13.0 	0.0 	0.0 	0.0 	-0.0 	13.0 	0.0 	0.0 	0.0 	5.68271070155	1.89290602988	162.016113118	-7.78313003142	
2.2	0.0	0.0	0.0 	0.0 	108.6 	13.0 	0.0 	0.0 	0.0 	-0.0 	13.0 	0.0 	0.0 	0.0 	5.78018704595	1.8933373433	162.10748179	-7.81366652504	
2.21666666667	0.0	0.0	0.0 	0.0 	108.816666667 	13.0 	0.0 	0.0 	0.0 	-0.0 	13.0 	0.0 	0.0 	0.0 	5.8758320166	1.89369677115	162.20035118	-7.84474168901	
2.23333333333	0.0	0.0	0.0 	0.0 	109.033333333 	13.0 	0.0 	0.0 	0.0 	-0.0 	13.0 	0.0 	0.0 	0.0 	5.96968002114	1.89399629436	162.294694407	-7.87634144075	
2.25	0.0	0.0	0.0 	0.0 	109.25 	13.0 	0.0 	0.0 	0.0 	-0.0 	13.0 	0.0 	0.0 	0.0 	6.06176482074	1.89424589703	162.390484906	-7.90845254238	
2.26666666667	0.0	0.0	0.0 	0.0 	109.466666667 	13.0 	0.0 	0.0 	0.0 	-0.0 	13.0 	0.0 	0.0 	0.0 	6.15211954229	1.89445389926	162.487696446	-7.94106250272	
2.28333333333	0.0	0.0	0.0 	0.0 	109.683333333 	13.0 	0.0 	0.0 	0.0 	-0.0 	13.0 	0.0 	0.0 	0.0 	6.24077669028	1.89462723445	162.586303149	-7.97415949215	
2.3	0.0	0.0	0.0 	0.0 	109.9 	13.0 	0.0 	0.0 	0.0 	-0.0 	13.0 	0.0 	0.0 	0.0 	6.32776815853	1.89477168044	162.686279503	-8.00773226885	
2.31666666667	0.0	0.0	0.0 	0.0 	110.116666667 	13.0 	0.0 	0.0 	0.0 	-0.0 	13.0 	0.0 	0.0 	0.0 	6.41312524161	1.8948920521	162.787600371	-8.04177011479	
2.33333333333	0.0	0.0	0.0 	0.0 	110.333333333 	13.0 	0.0 	0.0 	0.0 	-0.0 	13.0 	0.0 	0.0 	0.0 	6.49687864616	1.89499236182	162.890240998	-8.07626278035	
2.35	0.0	0.0	0.0 	0.0 	110.55 	13.0 	0.0 	0.0 	0.0 	-0.0 	13.0 	0.0 	0.0 	0.0 	6.5790585019	1.89507595325	162.994177019	-8.11120043637	
2.36666666667	0.0	0.0	0.0 	0.0 	110.766666667 	13.0 	0.0 	0.0 	0.0 	-0.0 	13.0 	0.0 	0.0 	0.0 	6.65969437247	1.89514561278	163.099384463	-8.14657363264	
2.38333333333	0.0	0.0	0.0 	0.0 	110.983333333 	13.0 	0.0 	0.0 	0.0 	-0.0 	13.0 	0.0 	0.0 	0.0 	6.73881526608	1.89520366238	163.205839752	-8.18237326201	
2.4	0.0	0.0	0.0 	0.0 	111.2 	13.0 	0.0 	0.0 	0.0 	-0.0 	13.0 	0.0 	0.0 	0.0 	6.81644964593	1.89525203705	163.313519705	-8.21859052929	
2.41666666667	0.0	0.0	0.0 	0.0 	111.416666667 	13.0 	0.0 	0.0 	0.0 	-0.0 	13.0 	0.0 	0.0 	0.0 	6.89262544046	1.89529234928	163.422401536	-8.2552169243	
2.43333333333	0.0	0.0	0.0 	0.0 	111.633333333 	13.0 	0.0 	0.0 	0.0 	-0.0 	13.0 	0.0 	0.0 	0.0 	6.96737005339	1.8953259428	163.532462853	-8.29224419852	
2.45	0.0	0.0	0.0 	0.0 	111.85 	13.0 	0.0 	0.0 	0.0 	-0.0 	13.0 	0.0 	0.0 	0.0 	7.0407103736	1.8953539374	163.643681657	-8.32966434485	
2.46666666667	0.0	0.0	0.0 	0.0 	112.066666667 	13.0 	0.0 	0.0 	0.0 	-0.0 	13.0 	0.0 	0.0 	0.0 	7.11267278477	1.89537726623	163.756036335	-8.36746957994	
2.48333333333	0.0	0.0	0.0 	0.0 	112.283333333 	13.0 	0.0 	0.0 	0.0 	-0.0 	13.0 	0.0 	0.0 	0.0 	7.18328317487	1.89539670693	163.869505661	-8.40565232888	
2.5	0.0	0.0	0.0 	0.0 	112.5 	13.0 	0.0 	0.0 	0.0 	-0.0 	13.0 	0.0 	0.0 	0.0 	7.25256694552	1.89541290751	163.98406879	-8.44420521176	
2.51666666667	0.0	0.0	0.0 	0.0 	112.716666667 	13.0 	0.0 	0.0 	0.0 	-0.0 	13.0 	0.0 	0.0 	0.0 	7.32054902109	1.89542640799	164.099705254	-8.48312103198	
2.53333333333	0.0	0.0	0.0 	0.0 	112.933333333 	13.0 	0.0 	0.0 	0.0 	-0.0 	13.0 	0.0 	0.0 	0.0 	7.38725385767	1.89543765839	164.216394955	-8.52239276594	
2.55	0.0	0.0	0.0 	0.0 	113.15 	13.0 	0.0 	0.0 	0.0 	-0.0 	13.0 	0.0 	0.0 	0.0 	7.45270545186	1.89544703373	164.334118164	-8.56201355394	
2.56666666667	0.0	0.0	0.0 	0.0 	113.366666667 	13.0 	0.0 	0.0 	0.0 	-0.0 	13.0 	0.0 	0.0 	0.0 	7.51692734943	1.89545484651	164.452855512	-8.60197669223	
2.58333333333	0.0	0.0	0.0 	0.0 	113.583333333 	13.0 	0.0 	0.0 	0.0 	-0.0 	13.0 	0.0 	0.0 	0.0 	7.57994265377	1.89546135716	164.572587987	-8.64227562584	
2.6	0.0	0.0	0.0 	0.0 	113.8 	13.0 	0.0 	0.0 	0.0 	-0.0 	13.0 	0.0 	0.0 	0.0 	7.64177403422	1.8954667827	164.693296927	-8.68290394227	
2.61666666667	0.0	0.0	0.0 	0.0 	114.016666667 	13.0 	0.0 	0.0 	0.0 	-0.0 	13.0 	0.0 	0.0 	0.0 	7.70244373418	1.89547130398	164.814964017	-8.72385536581	
2.63333333333	0.0	0.0	0.0 	0.0 	114.233333333 	13.0 	0.0 	0.0 	0.0 	-0.0 	13.0 	0.0 	0.0 	0.0 	7.76197357917	1.89547507172	164.937571279	-8.76512375239	
2.65	0.0	0.0	0.0 	0.0 	114.45 	13.0 	0.0 	0.0 	0.0 	-0.0 	13.0 	0.0 	0.0 	0.0 	7.82038498466	1.8954782115	165.061101071	-8.80670308502	
2.66666666667	0.0	0.0	0.0 	0.0 	114.666666667 	13.0 	0.0 	0.0 	0.0 	-0.0 	13.0 	0.0 	0.0 	0.0 	7.87769896373	1.89548082799	165.185536078	-8.84858746953	
2.68333333333	0.0	0.0	0.0 	0.0 	114.883333333 	13.0 	0.0 	0.0 	0.0 	-0.0 	13.0 	0.0 	0.0 	0.0 	7.93393613472	1.89548300839	165.310859306	-8.89077113076	
2.7	0.0	0.0	0.0 	0.0 	115.1 	13.0 	0.0 	0.0 	0.0 	-0.0 	13.0 	0.0 	0.0 	0.0 	7.98911672855	1.89548482539	165.437054082	-8.93324840902	
2.71666666667	0.0	0.0	0.0 	0.0 	115.316666667 	13.0 	0.0 	0.0 	0.0 	-0.0 	13.0 	0.0 	0.0 	0.0 	8.04326059607	1.89548633956	165.564104041	-8.9760137568	
2.73333333333	0.0	0.0	0.0 	0.0 	115.533333333 	13.0 	0.0 	0.0 	0.0 	-0.0 	13.0 	0.0 	0.0 	0.0 	8.09638721518	1.89548760137	165.691993124	-9.01906173576	
2.75	0.0	0.0	0.0 	0.0 	115.75 	13.0 	0.0 	0.0 	0.0 	-0.0 	13.0 	0.0 	0.0 	0.0 	8.1485156978	1.89548865287	165.820705574	-9.06238701392	
2.76666666667	0.0	0.0	0.0 	0.0 	115.966666667 	13.0 	0.0 	0.0 	0.0 	-0.0 	13.0 	0.0 	0.0 	0.0 	8.19966479681	1.89548952913	165.950225927	-9.10598436294	
2.78333333333	0.0	0.0	0.0 	0.0 	116.183333333 	13.0 	0.0 	0.0 	0.0 	-0.0 	13.0 	0.0 	0.0 	0.0 	8.24985291275	1.89549025934	166.08053901	-9.14984865568	
2.8	0.0	0.0	0.0 	0.0 	116.4 	13.0 	0.0 	0.0 	0.0 	-0.0 	13.0 	0.0 	0.0 	0.0 	8.29909810045	1.89549086785	166.211629934	-9.19397486382	
2.81666666667	0.0	0.0	0.0 	0.0 	116.616666667 	13.0 	0.0 	0.0 	0.0 	-0.0 	13.0 	0.0 	0.0 	0.0 	8.34741807553	1.89549137494	166.343484089	-9.23835805556	
2.83333333333	0.0	0.0	0.0 	0.0 	116.833333333 	13.0 	0.0 	0.0 	0.0 	-0.0 	13.0 	0.0 	0.0 	0.0 	8.39483022078	1.89549179752	166.476087137	-9.28299339354	
2.85	0.0	0.0	0.0 	0.0 	117.05 	13.0 	0.0 	0.0 	0.0 	-0.0 	13.0 	0.0 	0.0 	0.0 	8.44135159239	1.89549214967	166.609425011	-9.32787613275	
2.86666666667	0.0	0.0	0.0 	0.0 	117.266666667 	13.0 	0.0 	0.0 	0.0 	-0.0 	13.0 	0.0 	0.0 	0.0 	8.48699892611	1.89549244312	166.743483909	-9.37300161857	
2.88333333333	0.0	0.0	0.0 	0.0 	117.483333333 	13.0 	0.0 	0.0 	0.0 	-0.0 	13.0 	0.0 	0.0 	0.0 	8.53178864325	1.89549268767	166.878250284	-9.41836528487	
2.9	0.0	0.0	0.0 	0.0 	117.7 	13.0 	0.0 	0.0 	0.0 	-0.0 	13.0 	0.0 	0.0 	0.0 	8.57573685662	1.89549289146	167.013710847	-9.46396265217	
2.91666666667	0.0	0.0	0.0 	0.0 	117.916666667 	13.0 	0.0 	0.0 	0.0 	-0.0 	13.0 	0.0 	0.0 	0.0 	8.61885937629	1.89549306128	167.149852557	-9.50978932591	
2.93333333333	0.0	0.0	0.0 	0.0 	118.133333333 	13.0 	0.0 	0.0 	0.0 	-0.0 	13.0 	0.0 	0.0 	0.0 	8.66117171528	1.8954932028	167.286662617	-9.55584099469	
2.95	0.0	0.0	0.0 	0.0 	118.35 	13.0 	0.0 	0.0 	0.0 	-0.0 	13.0 	0.0 	0.0 	0.0 	8.70268909517	1.89549332074	167.424128472	-9.60211342864	
2.96666666667	0.0	0.0	0.0 	0.0 	118.566666667 	13.0 	0.0 	0.0 	0.0 	-0.0 	13.0 	0.0 	0.0 	0.0 	8.74342645157	1.89549341902	167.5622378	-9.64860247779	
2.98333333333	0.0	0.0	0.0 	0.0 	118.783333333 	13.0 	0.0 	0.0 	0.0 	-0.0 	13.0 	0.0 	0.0 	0.0 	8.78339843945	1.89549350091	167.700978514	-9.69530407051	
3.0	0.0	0.0	0.0 	0.0 	119.0 	13.0 	0.0 	0.0 	0.0 	-0.0 	13.0 	0.0 	0.0 	0.0 	8.82261943846	1.89549356916	167.840338752	-9.74221421197	
3.01666666667	0.0	0.0	0.0 	0.0 	119.216666667 	13.0 	0.0 	0.0 	0.0 	-0.0 	13.0 	0.0 	0.0 	0.0 	8.8611035581	1.89549362604	167.980306874	-9.78932898265	
3.03333333333	0.0	0.0	0.0 	0.0 	119.433333333 	13.0 	0.0 	0.0 	0.0 	-0.0 	13.0 	0.0 	0.0 	0.0 	8.89886464277	1.89549367343	168.120871459	-9.83664453688	
3.05	0.0	0.0	0.0 	0.0 	119.65 	13.0 	0.0 	0.0 	0.0 	-0.0 	13.0 	0.0 	0.0 	0.0 	8.93591627675	1.89549371293	168.262021303	-9.88415710143	
3.06666666667	0.0	0.0	0.0 	0.0 	119.866666667 	13.0 	0.0 	0.0 	0.0 	-0.0 	13.0 	0.0 	0.0 	0.0 	8.97227178913	1.89549374584	168.403745409	-9.93186297413	
3.08333333333	0.0	0.0	0.0 	0.0 	120.083333333 	13.0 	0.0 	0.0 	0.0 	-0.0 	13.0 	0.0 	0.0 	0.0 	9.00794425855	1.89549377327	168.546032988	-9.97975852245	
3.1	0.0	0.0	0.0 	0.0 	120.3 	13.0 	0.0 	0.0 	0.0 	-0.0 	13.0 	0.0 	0.0 	0.0 	9.04294651793	1.89549379612	168.688873455	-10.0278401822	
3.11666666667	0.0	0.0	0.0 	0.0 	120.516666667 	13.0 	0.0 	0.0 	0.0 	-0.0 	13.0 	0.0 	0.0 	0.0 	9.07729115911	1.89549381517	168.832256422	-10.0761044564	
3.13333333333	0.0	0.0	0.0 	0.0 	120.733333333 	13.0 	0.0 	0.0 	0.0 	-0.0 	13.0 	0.0 	0.0 	0.0 	9.11099053733	1.89549383104	168.976171695	-10.1245479137	
3.15	0.0	0.0	0.0 	0.0 	120.95 	13.0 	0.0 	0.0 	0.0 	-0.0 	13.0 	0.0 	0.0 	0.0 	9.14405677572	1.89549384427	169.120609276	-10.1731671872	
3.16666666667	0.0	0.0	0.0 	0.0 	121.166666667 	13.0 	0.0 	0.0 	0.0 	-0.0 	13.0 	0.0 	0.0 	0.0 	9.17650176963	1.89549385529	169.26555935	-10.2219589734	
3.18333333333	0.0	0.0	0.0 	0.0 	121.383333333 	13.0 	0.0 	0.0 	0.0 	-0.0 	13.0 	0.0 	0.0 	0.0 	9.20833719093	1.89549386448	169.411012289	-10.2709200311	
3.2	0.0	0.0	0.0 	0.0 	121.6 	13.0 	0.0 	0.0 	0.0 	-0.0 	13.0 	0.0 	0.0 	0.0 	9.23957449219	1.89549387213	169.556958646	-10.3200471797	
3.21666666667	0.0	0.0	0.0 	0.0 	121.816666667 	13.0 	0.0 	0.0 	0.0 	-0.0 	13.0 	0.0 	0.0 	0.0 	9.27022491082	1.89549387851	169.70338915	-10.3693372987	
3.23333333333	0.0	0.0	0.0 	0.0 	122.033333333 	13.0 	0.0 	0.0 	0.0 	-0.0 	13.0 	0.0 	0.0 	0.0 	9.3002994731	1.89549388383	169.850294705	-10.4187873259	
3.25	0.0	0.0	0.0 	0.0 	122.25 	13.0 	0.0 	0.0 	0.0 	-0.0 	13.0 	0.0 	0.0 	0.0 	9.32980899816	1.89549388826	169.997666386	-10.4683942571	
3.26666666667	0.0	0.0	0.0 	0.0 	122.466666667 	13.0 	0.0 	0.0 	0.0 	-0.0 	13.0 	0.0 	0.0 	0.0 	9.35876410183	1.89549389195	170.145495436	-10.5181551441	
3.28333333333	0.0	0.0	0.0 	0.0 	122.683333333 	13.0 	0.0 	0.0 	0.0 	-0.0 	13.0 	0.0 	0.0 	0.0 	9.38717520052	1.89549389502	170.293773261	-10.5680670944	
3.3	0.0	0.0	0.0 	0.0 	122.9 	13.0 	0.0 	0.0 	0.0 	-0.0 	13.0 	0.0 	0.0 	0.0 	9.41505251493	1.89549389759	170.44249143	-10.6181272697	
3.31666666667	0.0	0.0	0.0 	0.0 	123.116666667 	13.0 	0.0 	0.0 	0.0 	-0.0 	13.0 	0.0 	0.0 	0.0 	9.44240607374	1.89549389972	170.59164167	-10.6683328853	
3.33333333333	0.0	0.0	0.0 	0.0 	123.333333333 	13.0 	0.0 	0.0 	0.0 	-0.0 	13.0 	0.0 	0.0 	0.0 	9.46924571721	1.8954939015	170.741215863	-10.7186812084	
3.35	0.0	0.0	0.0 	0.0 	123.55 	13.0 	0.0 	0.0 	0.0 	-0.0 	13.0 	0.0 	0.0 	0.0 	9.4955811007	1.89549390299	170.891206044	-10.769169558	
3.36666666667	0.0	0.0	0.0 	0.0 	123.766666667 	13.0 	0.0 	0.0 	0.0 	-0.0 	13.0 	0.0 	0.0 	0.0 	9.5214216982	1.89549390422	171.041604398	-10.8197953032	
3.38333333333	0.0	0.0	0.0 	0.0 	123.983333333 	13.0 	0.0 	0.0 	0.0 	-0.0 	13.0 	0.0 	0.0 	0.0 	9.54677680569	1.89549390525	171.192403255	-10.8705558625	
3.4	0.0	0.0	0.0 	0.0 	124.2 	13.0 	0.0 	0.0 	0.0 	-0.0 	13.0 	0.0 	0.0 	0.0 	9.57165554449	1.89549390611	171.343595092	-10.9214487031	
3.41666666667	0.0	0.0	0.0 	0.0 	124.416666667 	13.0 	0.0 	0.0 	0.0 	-0.0 	13.0 	0.0 	0.0 	0.0 	9.59606686457	1.89549390683	171.495172525	-10.9724713398	
3.43333333333	0.0	0.0	0.0 	0.0 	124.633333333 	13.0 	0.0 	0.0 	0.0 	-0.0 	13.0 	0.0 	0.0 	0.0 	9.62001954772	1.89549390742	171.647128309	-11.0236213338	
3.45	0.0	0.0	0.0 	0.0 	124.85 	13.0 	0.0 	0.0 	0.0 	-0.0 	13.0 	0.0 	0.0 	0.0 	9.64352221076	1.89549390792	171.799455336	-11.0748962923	
3.46666666667	0.0	0.0	0.0 	0.0 	125.066666667 	13.0 	0.0 	0.0 	0.0 	-0.0 	13.0 	0.0 	0.0 	0.0 	9.66658330862	1.89549390834	171.952146632	-11.1262938677	
3.48333333333	0.0	0.0	0.0 	0.0 	125.283333333 	13.0 	0.0 	0.0 	0.0 	-0.0 	13.0 	0.0 	0.0 	0.0 	9.68921113737	1.89549390868	172.105195352	-11.1778117561	
3.5	0.0	0.0	0.0 	0.0 	125.5 	13.0 	0.0 	0.0 	0.0 	-0.0 	13.0 	0.0 	0.0 	0.0 	9.71141383721	1.89549390897	172.258594781	-11.2294476971	
3.51666666667	0.0	0.0	0.0 	0.0 	125.716666667 	13.0 	0.0 	0.0 	0.0 	-0.0 	13.0 	0.0 	0.0 	0.0 	9.73319939542	1.89549390921	172.41233833	-11.2811994727	
3.53333333333	0.0	0.0	0.0 	0.0 	125.933333333 	13.0 	0.0 	0.0 	0.0 	-0.0 	13.0 	0.0 	0.0 	0.0 	9.7545756492	1.89549390941	172.566419533	-11.3330649067	
3.55	0.0	0.0	0.0 	0.0 	126.15 	13.0 	0.0 	0.0 	0.0 	-0.0 	13.0 	0.0 	0.0 	0.0 	9.77555028852	1.89549390957	172.720832048	-11.3850418636	
3.56666666667	0.0	0.0	0.0 	0.0 	126.366666667 	13.0 	0.0 	0.0 	0.0 	-0.0 	13.0 	0.0 	0.0 	0.0 	9.79613085886	1.89549390971	172.875569649	-11.4371282482	
3.58333333333	0.0	0.0	0.0 	0.0 	126.583333333 	13.0 	0.0 	0.0 	0.0 	-0.0 	13.0 	0.0 	0.0 	0.0 	9.81632476393	1.89549390983	173.030626229	-11.4893220046	
3.6	0.0	0.0	0.0 	0.0 	126.8 	13.0 	0.0 	0.0 	0.0 	-0.0 	13.0 	0.0 	0.0 	0.0 	9.83613926837	1.89549390992	173.185995794	-11.5416211154	
3.61666666667	0.0	0.0	0.0 	0.0 	127.016666667 	13.0 	0.0 	0.0 	0.0 	-0.0 	13.0 	0.0 	0.0 	0.0 	9.8555815003	1.89549391	173.341672465	-11.5940236012	
3.63333333333	0.0	0.0	0.0 	0.0 	127.233333333 	13.0 	0.0 	0.0 	0.0 	-0.0 	13.0 	0.0 	0.0 	0.0 	9.87465845393	1.89549391007	173.497650471	-11.64652752	
3.65	0.0	0.0	0.0 	0.0 	127.45 	13.0 	0.0 	0.0 	0.0 	-0.0 	13.0 	0.0 	0.0 	0.0 	9.89337699207	1.89549391013	173.653924151	-11.6991309659	
3.66666666667	0.0	0.0	0.0 	0.0 	127.666666667 	13.0 	0.0 	0.0 	0.0 	-0.0 	13.0 	0.0 	0.0 	0.0 	9.91174384858	1.89549391017	173.81048795	-11.751832069	
3.68333333333	0.0	0.0	0.0 	0.0 	127.883333333 	13.0 	0.0 	0.0 	0.0 	-0.0 	13.0 	0.0 	0.0 	0.0 	9.92976563082	1.89549391021	173.967336417	-11.8046289947	
3.7	0.0	0.0	0.0 	0.0 	128.1 	13.0 	0.0 	0.0 	0.0 	-0.0 	13.0 	0.0 	0.0 	0.0 	9.947448822	1.89549391024	174.124464205	-11.8575199425	
3.71666666667	0.0	0.0	0.0 	0.0 	128.316666667 	13.0 	0.0 	0.0 	0.0 	-0.0 	13.0 	0.0 	0.0 	0.0 	9.96479978352	1.89549391027	174.281866064	-11.910503146	
3.73333333333	0.0	0.0	0.0 	0.0 	128.533333333 	13.0 	0.0 	0.0 	0.0 	-0.0 	13.0 	0.0 	0.0 	0.0 	9.98182475729	1.89549391029	174.439536846	-11.9635768719	
3.75	0.0	0.0	0.0 	0.0 	128.75 	13.0 	0.0 	0.0 	0.0 	-0.0 	13.0 	0.0 	0.0 	0.0 	9.99852986791	1.89549391031	174.597471499	-12.0167394195	
3.76666666667	0.0	0.0	0.0 	0.0 	128.966666667 	13.0 	0.0 	0.0 	0.0 	-0.0 	13.0 	0.0 	0.0 	0.0 	10.0149211249	1.89549391033	174.755665065	-12.06998912	
3.78333333333	0.0	0.0	0.0 	0.0 	129.183333333 	13.0 	0.0 	0.0 	0.0 	-0.0 	13.0 	0.0 	0.0 	0.0 	10.031004425	1.89549391034	174.914112678	-12.123324336	
3.8	0.0	0.0	0.0 	0.0 	129.4 	13.0 	0.0 	0.0 	0.0 	-0.0 	13.0 	0.0 	0.0 	0.0 	10.046785554	1.89549391035	175.072809568	-12.1767434608	
3.81666666667	0.0	0.0	0.0 	0.0 	129.616666667 	13.0 	0.0 	0.0 	0.0 	-0.0 	13.0 	0.0 	0.0 	0.0 	10.062270189	1.89549391036	175.231751049	-12.2302449181	
3.83333333333	0.0	0.0	0.0 	0.0 	129.833333333 	13.0 	0.0 	0.0 	0.0 	-0.0 	13.0 	0.0 	0.0 	0.0 	10.0774639006	1.89549391037	175.390932527	-12.2838271608	
3.85	0.0	0.0	0.0 	0.0 	130.05 	13.0 	0.0 	0.0 	0.0 	-0.0 	13.0 	0.0 	0.0 	0.0 	10.0923721546	1.89549391037	175.550349492	-12.3374886713	
3.86666666667	0.0	0.0	0.0 	0.0 	130.266666667 	13.0 	0.0 	0.0 	0.0 	-0.0 	13.0 	0.0 	0.0 	0.0 	10.1070003141	1.89549391038	175.709997521	-12.3912279602	
3.88333333333	0.0	0.0	0.0 	0.0 	130.483333333 	13.0 	0.0 	0.0 	0.0 	-0.0 	13.0 	0.0 	0.0 	0.0 	10.1213536416	1.89549391038	175.869872272	-12.4450435663	
3.9	0.0	0.0	0.0 	0.0 	130.7 	13.0 	0.0 	0.0 	0.0 	-0.0 	13.0 	0.0 	0.0 	0.0 	10.1354373004	1.89549391039	176.029969485	-12.4989340557	
3.91666666667	0.0	0.0	0.0 	0.0 	130.916666667 	13.0 	0.0 	0.0 	0.0 	-0.0 	13.0 	0.0 	0.0 	0.0 	10.1492563572	1.89549391039	176.190284981	-12.5528980215	
3.93333333333	0.0	0.0	0.0 	0.0 	131.133333333 	13.0 	0.0 	0.0 	0.0 	-0.0 	13.0 	0.0 	0.0 	0.0 	10.1628157832	1.89549391039	176.350814659	-12.6069340833	
3.95	0.0	0.0	0.0 	0.0 	131.35 	13.0 	0.0 	0.0 	0.0 	-0.0 	13.0 	0.0 	0.0 	0.0 	10.1761204564	1.89549391039	176.511554495	-12.6610408866	
3.96666666667	0.0	0.0	0.0 	0.0 	131.566666667 	13.0 	0.0 	0.0 	0.0 	-0.0 	13.0 	0.0 	0.0 	0.0 	10.189175163	1.8954939104	176.672500541	-12.7152171022	
3.98333333333	0.0	0.0	0.0 	0.0 	131.783333333 	13.0 	0.0 	0.0 	0.0 	-0.0 	13.0 	0.0 	0.0 	0.0 	10.2019845993	1.8954939104	176.833648921	-12.769461426	
4.0	0.0	0.0	0.0 	0.0 	132.0 	13.0 	0.0 	0.0 	0.0 	-0.0 	13.0 	0.0 	0.0 	0.0 	10.2145533735	1.8954939104	176.994995835	-12.8237725785	
4.01666666667	0.0	0.0	0.0 	0.0 	132.216666667 	13.0 	0.0 	0.0 	0.0 	-0.0 	13.0 	0.0 	0.0 	0.0 	10.2268860071	1.8954939104	177.156537553	-12.878149304	
4.03333333333	0.0	0.0	0.0 	0.0 	132.433333333 	13.0 	0.0 	0.0 	0.0 	-0.0 	13.0 	0.0 	0.0 	0.0 	10.2389869367	1.8954939104	177.318270414	-12.9325903706	
4.05	0.0	0.0	0.0 	0.0 	132.65 	13.0 	0.0 	0.0 	0.0 	-0.0 	13.0 	0.0 	0.0 	0.0 	10.2508605154	1.8954939104	177.480190828	-12.9870945694	
4.06666666667	0.0	0.0	0.0 	0.0 	132.866666667 	13.0 	0.0 	0.0 	0.0 	-0.0 	13.0 	0.0 	0.0 	0.0 	10.2625110148	1.8954939104	177.642295271	-13.0416607144	
4.08333333333	0.0	0.0	0.0 	0.0 	133.083333333 	13.0 	0.0 	0.0 	0.0 	-0.0 	13.0 	0.0 	0.0 	0.0 	10.2739426261	1.8954939104	177.804580285	-13.0962876417	
4.1	0.0	0.0	0.0 	0.0 	133.3 	13.0 	0.0 	0.0 	0.0 	-0.0 	13.0 	0.0 	0.0 	0.0 	10.2851594616	1.8954939104	177.967042478	-13.1509742093	
4.11666666667	0.0	0.0	0.0 	0.0 	133.516666667 	13.0 	0.0 	0.0 	0.0 	-0.0 	13.0 	0.0 	0.0 	0.0 	10.2961655565	1.8954939104	178.12967852	-13.2057192967	
4.13333333333	0.0	0.0	0.0 	0.0 	133.733333333 	13.0 	0.0 	0.0 	0.0 	-0.0 	13.0 	0.0 	0.0 	0.0 	10.3069648703	1.8954939104	178.292485147	-13.2605218045	
4.15	0.0	0.0	0.0 	0.0 	133.95 	13.0 	0.0 	0.0 	0.0 	-0.0 	13.0 	0.0 	0.0 	0.0 	10.3175612879	1.8954939104	178.455459152	-13.3153806538	
4.16666666667	0.0	0.0	0.0 	0.0 	134.166666667 	13.0 	0.0 	0.0 	0.0 	-0.0 	13.0 	0.0 	0.0 	0.0 	10.3279586213	1.8954939104	178.618597391	-13.3702947861	
4.18333333333	0.0	0.0	0.0 	0.0 	134.383333333 	13.0 	0.0 	0.0 	0.0 	-0.0 	13.0 	0.0 	0.0 	0.0 	10.3381606108	1.8954939104	178.781896779	-13.4252631627	
4.2	0.0	0.0	0.0 	0.0 	134.6 	13.0 	0.0 	0.0 	0.0 	-0.0 	13.0 	0.0 	0.0 	0.0 	10.3481709266	1.8954939104	178.945354287	-13.4802847646	
4.21666666667	0.0	0.0	0.0 	0.0 	134.816666667 	13.0 	0.0 	0.0 	0.0 	-0.0 	13.0 	0.0 	0.0 	0.0 	10.3579931698	1.8954939104	179.108966946	-13.5353585917	
4.23333333333	0.0	0.0	0.0 	0.0 	135.033333333 	13.0 	0.0 	0.0 	0.0 	-0.0 	13.0 	0.0 	0.0 	0.0 	10.3676308739	1.8954939104	179.27273184	-13.5904836628	
4.25	0.0	0.0	0.0 	0.0 	135.25 	13.0 	0.0 	0.0 	0.0 	-0.0 	13.0 	0.0 	0.0 	0.0 	10.377087506	1.8954939104	179.436646108	-13.6456590152	
4.26666666667	0.0	0.0	0.0 	0.0 	135.466666667 	13.0 	0.0 	0.0 	0.0 	-0.0 	13.0 	0.0 	0.0 	0.0 	10.386366468	1.8954939104	179.600706945	-13.7008837041	
4.28333333333	0.0	0.0	0.0 	0.0 	135.683333333 	13.0 	0.0 	0.0 	0.0 	-0.0 	13.0 	0.0 	0.0 	0.0 	10.395471098	1.8954939104	179.764911597	-13.7561568027	
4.3	0.0	0.0	0.0 	0.0 	135.9 	13.0 	0.0 	0.0 	0.0 	-0.0 	13.0 	0.0 	0.0 	0.0 	10.4044046713	1.8954939104	179.929257362	-13.8114774014	
4.31666666667	0.0	0.0	0.0 	0.0 	136.116666667 	13.0 	0.0 	0.0 	0.0 	-0.0 	13.0 	0.0 	0.0 	0.0 	10.4131704017	1.8954939104	180.093741588	-13.8668446079	
4.33333333333	0.0	0.0	0.0 	0.0 	136.333333333 	13.0 	0.0 	0.0 	0.0 	-0.0 	13.0 	0.0 	0.0 	0.0 	10.4217714426	1.8954939104	180.258361675	-13.9222575463	
4.35	0.0	0.0	0.0 	0.0 	136.55 	13.0 	0.0 	0.0 	0.0 	-0.0 	13.0 	0.0 	0.0 	0.0 	10.4302108883	1.8954939104	180.423115069	-13.9777153577	
4.36666666667	0.0	0.0	0.0 	0.0 	136.766666667 	13.0 	0.0 	0.0 	0.0 	-0.0 	13.0 	0.0 	0.0 	0.0 	10.4384917746	1.8954939104	180.587999267	-14.0332171988	
4.38333333333	0.0	0.0	0.0 	0.0 	136.983333333 	13.0 	0.0 	0.0 	0.0 	-0.0 	13.0 	0.0 	0.0 	0.0 	10.4466170807	1.89549391041	180.75301181	-14.0887622424	
4.4	0.0	0.0	0.0 	0.0 	137.2 	13.0 	0.0 	0.0 	0.0 	-0.0 	13.0 	0.0 	0.0 	0.0 	10.4545897294	1.89549391041	180.918150287	-14.1443496769	
4.41666666667	0.0	0.0	0.0 	0.0 	137.416666667 	13.0 	0.0 	0.0 	0.0 	-0.0 	13.0 	0.0 	0.0 	0.0 	10.4624125891	1.89549391041	181.083412333	-14.1999787059	
4.43333333333	0.0	0.0	0.0 	0.0 	137.633333333 	13.0 	0.0 	0.0 	0.0 	-0.0 	13.0 	0.0 	0.0 	0.0 	10.4700884738	1.89549391041	181.248795625	-14.2556485478	
4.45	0.0	0.0	0.0 	0.0 	137.85 	13.0 	0.0 	0.0 	0.0 	-0.0 	13.0 	0.0 	0.0 	0.0 	10.4776201449	1.89549391041	181.414297886	-14.3113584359	
4.46666666667	0.0	0.0	0.0 	0.0 	138.066666667 	13.0 	0.0 	0.0 	0.0 	-0.0 	13.0 	0.0 	0.0 	0.0 	10.4850103118	1.89549391041	181.57991688	-14.3671076177	
4.48333333333	0.0	0.0	0.0 	0.0 	138.283333333 	13.0 	0.0 	0.0 	0.0 	-0.0 	13.0 	0.0 	0.0 	0.0 	10.4922616333	1.89549391041	181.745650415	-14.4228953551	
4.5	0.0	0.0	0.0 	0.0 	138.5 	13.0 	0.0 	0.0 	0.0 	-0.0 	13.0 	0.0 	0.0 	0.0 	10.4993767177	1.89549391041	181.911496338	-14.4787209237	
4.51666666667	0.0	0.0	0.0 	0.0 	138.716666667 	13.0 	0.0 	0.0 	0.0 	-0.0 	13.0 	0.0 	0.0 	0.0 	10.5063581248	1.89549391041	182.077452538	-14.5345836126	
4.53333333333	0.0	0.0	0.0 	0.0 	138.933333333 	13.0 	0.0 	0.0 	0.0 	-0.0 	13.0 	0.0 	0.0 	0.0 	10.5132083661	1.89549391041	182.243516942	-14.5904827246	
4.55	0.0	0.0	0.0 	0.0 	139.15 	13.0 	0.0 	0.0 	0.0 	-0.0 	13.0 	0.0 	0.0 	0.0 	10.5199299059	1.89549391041	182.409687519	-14.6464175752	
4.56666666667	0.0	0.0	0.0 	0.0 	139.366666667 	13.0 	0.0 	0.0 	0.0 	-0.0 	13.0 	0.0 	0.0 	0.0 	10.5265251622	1.89549391041	182.575962273	-14.702387493	
4.58333333333	0.0	0.0	0.0 	0.0 	139.583333333 	13.0 	0.0 	0.0 	0.0 	-0.0 	13.0 	0.0 	0.0 	0.0 	10.5329965077	1.89549391041	182.742339247	-14.7583918192	
4.6	0.0	0.0	0.0 	0.0 	139.8 	13.0 	0.0 	0.0 	0.0 	-0.0 	13.0 	0.0 	0.0 	0.0 	10.5393462703	1.89549391041	182.908816521	-14.8144299073	
4.61666666667	0.0	0.0	0.0 	0.0 	140.016666667 	13.0 	0.0 	0.0 	0.0 	-0.0 	13.0 	0.0 	0.0 	0.0 	10.5455767343	1.89549391041	183.07539221	-14.8705011231	
4.63333333333	0.0	0.0	0.0 	0.0 	140.233333333 	13.0 	0.0 	0.0 	0.0 	-0.0 	13.0 	0.0 	0.0 	0.0 	10.5516901411	1.89549391041	183.242064464	-14.926604844	
4.65	0.0	0.0	0.0 	0.0 	140.45 	13.0 	0.0 	0.0 	0.0 	-0.0 	13.0 	0.0 	0.0 	0.0 	10.5576886899	1.89549391041	183.408831471	-14.9827404595	
4.66666666667	0.0	0.0	0.0 	0.0 	140.666666667 	13.0 	0.0 	0.0 	0.0 	-0.0 	13.0 	0.0 	0.0 	0.0 	10.5635745388	1.89549391041	183.575691449	-15.0389073702	
4.68333333333	0.0	0.0	0.0 	0.0 	140.883333333 	13.0 	0.0 	0.0 	0.0 	-0.0 	13.0 	0.0 	0.0 	0.0 	10.569349805	1.89549391041	183.742642652	-15.0951049882	
4.7	0.0	0.0	0.0 	0.0 	141.1 	13.0 	0.0 	0.0 	0.0 	-0.0 	13.0 	0.0 	0.0 	0.0 	10.5750165663	1.89549391041	183.909683366	-15.1513327366	
4.71666666667	0.0	0.0	0.0 	0.0 	141.316666667 	13.0 	0.0 	0.0 	0.0 	-0.0 	13.0 	0.0 	0.0 	0.0 	10.5805768611	1.89549391041	184.076811909	-15.2075900493	
4.73333333333	0.0	0.0	0.0 	0.0 	141.533333333 	13.0 	0.0 	0.0 	0.0 	-0.0 	13.0 	0.0 	0.0 	0.0 	10.5860326898	1.89549391041	184.244026632	-15.2638763708	
4.75	0.0	0.0	0.0 	0.0 	141.75 	13.0 	0.0 	0.0 	0.0 	-0.0 	13.0 	0.0 	0.0 	0.0 	10.591386015	1.89549391041	184.411325914	-15.3201911561	
4.76666666667	0.0	0.0	0.0 	0.0 	141.966666667 	13.0 	0.0 	0.0 	0.0 	-0.0 	13.0 	0.0 	0.0 	0.0 	10.5966387626	1.89549391041	184.578708168	-15.3765338705	
4.78333333333	0.0	0.0	0.0 	0.0 	142.183333333 	13.0 	0.0 	0.0 	0.0 	-0.0 	13.0 	0.0 	0.0 	0.0 	10.6017928222	1.89549391041	184.746171834	-15.4329039893	
4.8	0.0	0.0	0.0 	0.0 	142.4 	13.0 	0.0 	0.0 	0.0 	-0.0 	13.0 	0.0 	0.0 	0.0 	10.606850048	1.89549391041	184.913715383	-15.4893009974	
4.81666666667	0.0	0.0	0.0 	0.0 	142.616666667 	13.0 	0.0 	0.0 	0.0 	-0.0 	13.0 	0.0 	0.0 	0.0 	10.6118122592	1.89549391041	185.081337314	-15.5457243899	
4.83333333333	0.0	0.0	0.0 	0.0 	142.833333333 	13.0 	0.0 	0.0 	0.0 	-0.0 	13.0 	0.0 	0.0 	0.0 	10.616681241	1.89549391041	185.249036154	-15.6021736708	
4.85	0.0	0.0	0.0 	0.0 	143.05 	13.0 	0.0 	0.0 	0.0 	-0.0 	13.0 	0.0 	0.0 	0.0 	10.6214587449	1.89549391041	185.416810459	-15.658648354	
4.86666666667	0.0	0.0	0.0 	0.0 	143.266666667 	13.0 	0.0 	0.0 	0.0 	-0.0 	13.0 	0.0 	0.0 	0.0 	10.6261464897	1.89549391041	185.58465881	-15.7151479621	
4.88333333333	0.0	0.0	0.0 	0.0 	143.483333333 	13.0 	0.0 	0.0 	0.0 	-0.0 	13.0 	0.0 	0.0 	0.0 	10.6307461617	1.89549391041	185.752579817	-15.7716720267	
4.9	0.0	0.0	0.0 	0.0 	143.7 	13.0 	0.0 	0.0 	0.0 	-0.0 	13.0 	0.0 	0.0 	0.0 	10.6352594157	1.89549391041	185.920572114	-15.8282200886	
4.91666666667	0.0	0.0	0.0 	0.0 	143.916666667 	13.0 	0.0 	0.0 	0.0 	-0.0 	13.0 	0.0 	0.0 	0.0 	10.6396878751	1.89549391041	186.088634363	-15.8847916966	
4.93333333333	0.0	0.0	0.0 	0.0 	144.133333333 	13.0 	0.0 	0.0 	0.0 	-0.0 	13.0 	0.0 	0.0 	0.0 	10.6440331332	1.89549391041	186.256765248	-15.9413864086	
4.95	0.0	0.0	0.0 	0.0 	144.35 	13.0 	0.0 	0.0 	0.0 	-0.0 	13.0 	0.0 	0.0 	0.0 	10.6482967532	1.89549391041	186.42496348	-15.9980037905	
4.96666666667	0.0	0.0	0.0 	0.0 	144.566666667 	13.0 	0.0 	0.0 	0.0 	-0.0 	13.0 	0.0 	0.0 	0.0 	10.6524802687	1.89549391041	186.593227794	-16.0546434162	
4.98333333333	0.0	0.0	0.0 	0.0 	144.783333333 	13.0 	0.0 	0.0 	0.0 	-0.0 	13.0 	0.0 	0.0 	0.0 	10.6565851849	1.89549391041	186.761556949	-16.1113048679	
5.0	0.0	0.0	0.0 	0.0 	145.0 	13.0 	0.0 	0.0 	0.0 	-0.0 	13.0 	0.0 	0.0 	0.0 	10.6606129784	1.89549391041	186.929949726	-16.1679877355	
5.01666666667	0.0	0.0	0.0 	0.0 	145.216666667 	13.0 	0.0 	0.0 	0.0 	-0.0 	13.0 	0.0 	0.0 	0.0 	10.6645650982	1.89549391041	187.098404929	-16.2246916167	
5.03333333333	0.0	0.0	0.0 	0.0 	145.433333333 	13.0 	0.0 	0.0 	0.0 	-0.0 	13.0 	0.0 	0.0 	0.0 	10.668442966	1.89549391041	187.266921387	-16.2814161167	
5.05	0.0	0.0	0.0 	0.0 	145.65 	13.0 	0.0 	0.0 	0.0 	-0.0 	13.0 	0.0 	0.0 	0.0 	10.672247977	1.89549391041	187.435497947	-16.338160848	
5.06666666667	0.0	0.0	0.0 	0.0 	145.866666667 	13.0 	0.0 	0.0 	0.0 	-0.0 	13.0 	0.0 	0.0 	0.0 	10.6759814998	1.89549391041	187.604133482	-16.3949254307	
5.08333333333	0.0	0.0	0.0 	0.0 	146.083333333 	13.0 	0.0 	0.0 	0.0 	-0.0 	13.0 	0.0 	0.0 	0.0 	10.6796448777	1.89549391041	187.772826883	-16.4517094916	
5.1	0.0	0.0	0.0 	0.0 	146.3 	13.0 	0.0 	0.0 	0.0 	-0.0 	13.0 	0.0 	0.0 	0.0 	10.6832394285	1.89549391041	187.941577062	-16.5085126649	
5.11666666667	0.0	0.0	0.0 	0.0 	146.516666667 	13.0 	0.0 	0.0 	0.0 	-0.0 	13.0 	0.0 	0.0 	0.0 	10.6867664453	1.89549391041	188.110382953	-16.5653345915	
5.13333333333	0.0	0.0	0.0 	0.0 	146.733333333 	13.0 	0.0 	0.0 	0.0 	-0.0 	13.0 	0.0 	0.0 	0.0 	10.6902271969	1.89549391041	188.27924351	-16.622174919	
5.15	0.0	0.0	0.0 	0.0 	146.95 	13.0 	0.0 	0.0 	0.0 	-0.0 	13.0 	0.0 	0.0 	0.0 	10.6936229284	1.89549391041	188.448157705	-16.6790333017	
5.16666666667	0.0	0.0	0.0 	0.0 	147.166666667 	13.0 	0.0 	0.0 	0.0 	-0.0 	13.0 	0.0 	0.0 	0.0 	10.6969548612	1.89549391041	188.61712453	-16.7359094005	
5.18333333333	0.0	0.0	0.0 	0.0 	147.383333333 	13.0 	0.0 	0.0 	0.0 	-0.0 	13.0 	0.0 	0.0 	0.0 	10.7002241941	1.89549391041	188.786142997	-16.7928028824	
5.2	0.0	0.0	0.0 	0.0 	147.6 	13.0 	0.0 	0.0 	0.0 	-0.0 	13.0 	0.0 	0.0 	0.0 	10.7034321032	1.89549391041	188.955212136	-16.8497134208	
5.21666666667	0.0	0.0	0.0 	0.0 	147.816666667 	13.0 	0.0 	0.0 	0.0 	-0.0 	13.0 	0.0 	0.0 	0.0 	10.7065797425	1.89549391041	189.124330994	-16.9066406954	
5.23333333333	0.0	0.0	0.0 	0.0 	148.033333333 	13.0 	0.0 	0.0 	0.0 	-0.0 	13.0 	0.0 	0.0 	0.0 	10.7096682443	1.89549391041	189.293498637	-16.9635843917	
5.25	0.0	0.0	0.0 	0.0 	148.25 	13.0 	0.0 	0.0 	0.0 	-0.0 	13.0 	0.0 	0.0 	0.0 	10.7126987197	1.89549391041	189.462714149	-17.0205442011	
5.26666666667	0.0	0.0	0.0 	0.0 	148.466666667 	13.0 	0.0 	0.0 	0.0 	-0.0 	13.0 	0.0 	0.0 	0.0 	10.7156722589	1.89549391041	189.631976631	-17.077519821	
5.28333333333	0.0	0.0	0.0 	0.0 	148.683333333 	13.0 	0.0 	0.0 	0.0 	-0.0 	13.0 	0.0 	0.0 	0.0 	10.7185899316	1.89549391041	189.801285199	-17.1345109542	
5.3	0.0	0.0	0.0 	0.0 	148.9 	13.0 	0.0 	0.0 	0.0 	-0.0 	13.0 	0.0 	0.0 	0.0 	10.7214527875	1.89549391041	189.970638988	-17.1915173093	
5.31666666667	0.0	0.0	0.0 	0.0 	149.116666667 	13.0 	0.0 	0.0 	0.0 	-0.0 	13.0 	0.0 	0.0 	0.0 	10.7242618563	1.89549391041	190.140037149	-17.2485386003	
5.33333333333	0.0	0.0	0.0 	0.0 	149.333333333 	13.0 	0.0 	0.0 	0.0 	-0.0 	13.0 	0.0 	0.0 	0.0 	10.7270181487	1.89549391041	190.309478848	-17.3055745467	
5.35	0.0	0.0	0.0 	0.0 	149.55 	13.0 	0.0 	0.0 	0.0 	-0.0 	13.0 	0.0 	0.0 	0.0 	10.7297226562	1.89549391041	190.478963267	-17.362624873	
5.36666666667	0.0	0.0	0.0 	0.0 	149.766666667 	13.0 	0.0 	0.0 	0.0 	-0.0 	13.0 	0.0 	0.0 	0.0 	10.7323763518	1.89549391041	190.648489602	-17.4196893091	
5.38333333333	0.0	0.0	0.0 	0.0 	149.983333333 	13.0 	0.0 	0.0 	0.0 	-0.0 	13.0 	0.0 	0.0 	0.0 	10.73498019	1.89549391041	190.818057068	-17.4767675899	
5.4	0.0	0.0	0.0 	0.0 	150.2 	13.0 	0.0 	0.0 	0.0 	-0.0 	13.0 	0.0 	0.0 	0.0 	10.7375351076	1.89549391041	190.98766489	-17.5338594553	
5.41666666667	0.0	0.0	0.0 	0.0 	150.416666667 	13.0 	0.0 	0.0 	0.0 	-0.0 	13.0 	0.0 	0.0 	0.0 	10.7400420238	1.89549391041	191.157312311	-17.5909646501	
5.43333333333	0.0	0.0	0.0 	0.0 	150.633333333 	13.0 	0.0 	0.0 	0.0 	-0.0 	13.0 	0.0 	0.0 	0.0 	10.7425018403	1.89549391041	191.326998587	-17.6480829238	
5.45	0.0	0.0	0.0 	0.0 	150.85 	13.0 	0.0 	0.0 	0.0 	-0.0 	13.0 	0.0 	0.0 	0.0 	10.7449154421	1.89549391041	191.496722987	-17.7052140307	
5.46666666667	0.0	0.0	0.0 	0.0 	151.066666667 	13.0 	0.0 	0.0 	0.0 	-0.0 	13.0 	0.0 	0.0 	0.0 	10.7472836974	1.89549391041	191.666484796	-17.7623577297	
5.48333333333	0.0	0.0	0.0 	0.0 	151.283333333 	13.0 	0.0 	0.0 	0.0 	-0.0 	13.0 	0.0 	0.0 	0.0 	10.7496074583	1.89549391041	191.836283311	-17.8195137842	
5.5	0.0	0.0	0.0 	0.0 	151.5 	13.0 	0.0 	0.0 	0.0 	-0.0 	13.0 	0.0 	0.0 	0.0 	10.7518875606	1.89549391041	192.006117842	-17.8766819621	
5.51666666667	0.0	0.0	0.0 	0.0 	151.716666667 	13.0 	0.0 	0.0 	0.0 	-0.0 	13.0 	0.0 	0.0 	0.0 	10.7541248246	1.89549391041	192.175987712	-17.9338620356	
5.53333333333	0.0	0.0	0.0 	0.0 	151.933333333 	13.0 	0.0 	0.0 	0.0 	-0.0 	13.0 	0.0 	0.0 	0.0 	10.7563200552	1.89549391041	192.345892257	-17.9910537813	
5.55	0.0	0.0	0.0 	0.0 	152.15 	13.0 	0.0 	0.0 	0.0 	-0.0 	13.0 	0.0 	0.0 	0.0 	10.758474042	1.89549391041	192.515830826	-18.0482569798	
5.56666666667	0.0	0.0	0.0 	0.0 	152.366666667 	13.0 	0.0 	0.0 	0.0 	-0.0 	13.0 	0.0 	0.0 	0.0 	10.76058756	1.89549391041	192.68580278	-18.1054714159	
5.58333333333	0.0	0.0	0.0 	0.0 	152.583333333 	13.0 	0.0 	0.0 	0.0 	-0.0 	13.0 	0.0 	0.0 	0.0 	10.7626613695	1.89549391041	192.855807492	-18.1626968785	
5.6	0.0	0.0	0.0 	0.0 	152.8 	13.0 	0.0 	0.0 	0.0 	-0.0 	13.0 	0.0 	0.0 	0.0 	10.7646962165	1.89549391041	193.025844345	-18.2199331605	
5.61666666667	0.0	0.0	0.0 	0.0 	153.016666667 	13.0 	0.0 	0.0 	0.0 	-0.0 	13.0 	0.0 	0.0 	0.0 	10.766692833	1.89549391041	193.195912737	-18.2771800586	
5.63333333333	0.0	0.0	0.0 	0.0 	153.233333333 	13.0 	0.0 	0.0 	0.0 	-0.0 	13.0 	0.0 	0.0 	0.0 	10.7686519374	1.89549391041	193.366012074	-18.3344373733	
5.65	0.0	0.0	0.0 	0.0 	153.45 	13.0 	0.0 	0.0 	0.0 	-0.0 	13.0 	0.0 	0.0 	0.0 	10.7705742343	1.89549391041	193.536141775	-18.391704909	
5.66666666667	0.0	0.0	0.0 	0.0 	153.666666667 	13.0 	0.0 	0.0 	0.0 	-0.0 	13.0 	0.0 	0.0 	0.0 	10.7724604153	1.89549391041	193.706301271	-18.4489824735	
5.68333333333	0.0	0.0	0.0 	0.0 	153.883333333 	13.0 	0.0 	0.0 	0.0 	-0.0 	13.0 	0.0 	0.0 	0.0 	10.7743111591	1.89549391041	193.87649	-18.5062698785	
5.7	0.0	0.0	0.0 	0.0 	154.1 	13.0 	0.0 	0.0 	0.0 	-0.0 	13.0 	0.0 	0.0 	0.0 	10.7761271312	1.89549391041	194.046707413	-18.5635669391	
5.71666666667	0.0	0.0	0.0 	0.0 	154.316666667 	13.0 	0.0 	0.0 	0.0 	-0.0 	13.0 	0.0 	0.0 	0.0 	10.7779089851	1.89549391041	194.216952973	-18.6208734739	
5.73333333333	0.0	0.0	0.0 	0.0 	154.533333333 	13.0 	0.0 	0.0 	0.0 	-0.0 	13.0 	0.0 	0.0 	0.0 	10.7796573618	1.89549391041	194.387226149	-18.6781893048	
5.75	0.0	0.0	0.0 	0.0 	154.75 	13.0 	0.0 	0.0 	0.0 	-0.0 	13.0 	0.0 	0.0 	0.0 	10.7813728901	1.89549391041	194.557526424	-18.7355142573	
5.76666666667	0.0	0.0	0.0 	0.0 	154.966666667 	13.0 	0.0 	0.0 	0.0 	-0.0 	13.0 	0.0 	0.0 	0.0 	10.7830561873	1.89549391041	194.727853288	-18.79284816	
5.78333333333	0.0	0.0	0.0 	0.0 	155.183333333 	13.0 	0.0 	0.0 	0.0 	-0.0 	13.0 	0.0 	0.0 	0.0 	10.784707859	1.89549391041	194.898206241	-18.8501908446	
5.8	0.0	0.0	0.0 	0.0 	155.4 	13.0 	0.0 	0.0 	0.0 	-0.0 	13.0 	0.0 	0.0 	0.0 	10.7863284992	1.89549391041	195.068584793	-18.9075421462	
5.81666666667	0.0	0.0	0.0 	0.0 	155.616666667 	13.0 	0.0 	0.0 	0.0 	-0.0 	13.0 	0.0 	0.0 	0.0 	10.787918691	1.89549391041	195.238988464	-18.964901903	
5.83333333333	0.0	0.0	0.0 	0.0 	155.833333333 	13.0 	0.0 	0.0 	0.0 	-0.0 	13.0 	0.0 	0.0 	0.0 	10.7894790065	1.89549391041	195.409416781	-19.022269956	
5.85	0.0	0.0	0.0 	0.0 	156.05 	13.0 	0.0 	0.0 	0.0 	-0.0 	13.0 	0.0 	0.0 	0.0 	10.791010007	1.89549391041	195.579869282	-19.0796461494	
5.86666666667	0.0	0.0	0.0 	0.0 	156.266666667 	13.0 	0.0 	0.0 	0.0 	-0.0 	13.0 	0.0 	0.0 	0.0 	10.7925122432	1.89549391041	195.750345511	-19.1370303302	
5.88333333333	0.0	0.0	0.0 	0.0 	156.483333333 	13.0 	0.0 	0.0 	0.0 	-0.0 	13.0 	0.0 	0.0 	0.0 	10.7939862556	1.89549391041	195.920845024	-19.1944223484	
5.9	0.0	0.0	0.0 	0.0 	156.7 	13.0 	0.0 	0.0 	0.0 	-0.0 	13.0 	0.0 	0.0 	0.0 	10.7954325745	1.89549391041	196.091367382	-19.2518220567	
5.91666666667	0.0	0.0	0.0 	0.0 	156.916666667 	13.0 	0.0 	0.0 	0.0 	-0.0 	13.0 	0.0 	0.0 	0.0 	10.79685172	1.89549391041	196.261912157	-19.3092293107	
5.93333333333	0.0	0.0	0.0 	0.0 	157.133333333 	13.0 	0.0 	0.0 	0.0 	-0.0 	13.0 	0.0 	0.0 	0.0 	10.7982442029	1.89549391041	196.432478927	-19.3666439686	
5.95	0.0	0.0	0.0 	0.0 	157.35 	13.0 	0.0 	0.0 	0.0 	-0.0 	13.0 	0.0 	0.0 	0.0 	10.7996105239	1.89549391041	196.60306728	-19.4240658912	
5.96666666667	0.0	0.0	0.0 	0.0 	157.566666667 	13.0 	0.0 	0.0 	0.0 	-0.0 	13.0 	0.0 	0.0 	0.0 	10.8009511747	1.89549391041	196.773676809	-19.4814949422	
5.98333333333	0.0	0.0	0.0 	0.0 	157.783333333 	13.0 	0.0 	0.0 	0.0 	-0.0 	13.0 	0.0 	0.0 	0.0 	10.8022666375	1.89549391041	196.944307117	-19.5389309875	
6.0	0.0	0.0	0.0 	0.0 	158.0 	13.0 	0.0 	0.0 	0.0 	-0.0 	13.0 	0.0 	0.0 	0.0 	10.8035573855	1.89549391041	197.114957813	-19.5963738957	
6.01666666667	0.0	0.0	0.0 	0.0 	158.216666667 	13.0 	0.0 	0.0 	0.0 	-0.0 	13.0 	0.0 	0.0 	0.0 	10.8048238831	1.89549391041	197.285628514	-19.653823538	
6.03333333333	0.0	0.0	0.0 	0.0 	158.433333333 	13.0 	0.0 	0.0 	0.0 	-0.0 	13.0 	0.0 	0.0 	0.0 	10.8060665859	1.89549391041	197.456318846	-19.7112797878	
6.05	0.0	0.0	0.0 	0.0 	158.65 	13.0 	0.0 	0.0 	0.0 	-0.0 	13.0 	0.0 	0.0 	0.0 	10.8072859409	1.89549391041	197.627028437	-19.7687425209	
6.06666666667	0.0	0.0	0.0 	0.0 	158.866666667 	13.0 	0.0 	0.0 	0.0 	-0.0 	13.0 	0.0 	0.0 	0.0 	10.8084823869	1.89549391041	197.797756928	-19.8262116156	
6.08333333333	0.0	0.0	0.0 	0.0 	159.083333333 	13.0 	0.0 	0.0 	0.0 	-0.0 	13.0 	0.0 	0.0 	0.0 	10.8096563542	1.89549391041	197.968503962	-19.8836869523	
6.1	0.0	0.0	0.0 	0.0 	159.3 	13.0 	0.0 	0.0 	0.0 	-0.0 	13.0 	0.0 	0.0 	0.0 	10.8108082651	1.89549391041	198.139269191	-19.9411684137	
6.11666666667	0.0	0.0	0.0 	0.0 	159.516666667 	13.0 	0.0 	0.0 	0.0 	-0.0 	13.0 	0.0 	0.0 	0.0 	10.8119385341	1.89549391041	198.310052275	-19.9986558848	
6.13333333333	0.0	0.0	0.0 	0.0 	159.733333333 	13.0 	0.0 	0.0 	0.0 	-0.0 	13.0 	0.0 	0.0 	0.0 	10.8130475677	1.89549391041	198.480852876	-20.0561492527	
6.15	0.0	0.0	0.0 	0.0 	159.95 	13.0 	0.0 	0.0 	0.0 	-0.0 	13.0 	0.0 	0.0 	0.0 	10.8141357649	1.89549391041	198.651670666	-20.1136484066	
6.16666666667	0.0	0.0	0.0 	0.0 	160.166666667 	13.0 	0.0 	0.0 	0.0 	-0.0 	13.0 	0.0 	0.0 	0.0 	10.8152035172	1.89549391041	198.822505322	-20.1711532378	
6.18333333333	0.0	0.0	0.0 	0.0 	160.383333333 	13.0 	0.0 	0.0 	0.0 	-0.0 	13.0 	0.0 	0.0 	0.0 	10.8162512087	1.89549391041	198.993356527	-20.2286636395	
6.2	0.0	0.0	0.0 	0.0 	160.6 	13.0 	0.0 	0.0 	0.0 	-0.0 	13.0 	0.0 	0.0 	0.0 	10.8172792163	1.89549391041	199.16422397	-20.2861795073	
6.21666666667	0.0	0.0	0.0 	0.0 	160.816666667 	13.0 	0.0 	0.0 	0.0 	-0.0 	13.0 	0.0 	0.0 	0.0 	10.8182879098	1.89549391041	199.335107347	-20.3437007383	
6.23333333333	0.0	0.0	0.0 	0.0 	161.033333333 	13.0 	0.0 	0.0 	0.0 	-0.0 	13.0 	0.0 	0.0 	0.0 	10.8192776521	1.89549391041	199.506006357	-20.4012272318	
6.25	0.0	0.0	0.0 	0.0 	161.25 	13.0 	0.0 	0.0 	0.0 	-0.0 	13.0 	0.0 	0.0 	0.0 	10.8202487992	1.89549391041	199.676920707	-20.4587588889	
6.26666666667	0.0	0.0	0.0 	0.0 	161.466666667 	13.0 	0.0 	0.0 	0.0 	-0.0 	13.0 	0.0 	0.0 	0.0 	10.8212017006	1.89549391041	199.847850109	-20.5162956126	
6.28333333333	0.0	0.0	0.0 	0.0 	161.683333333 	13.0 	0.0 	0.0 	0.0 	-0.0 	13.0 	0.0 	0.0 	0.0 	10.8221366989	1.89549391041	200.01879428	-20.5738373077	
6.3	0.0	0.0	0.0 	0.0 	161.9 	13.0 	0.0 	0.0 	0.0 	-0.0 	13.0 	0.0 	0.0 	0.0 	10.8230541306	1.89549391041	200.189752943	-20.6313838809	
6.31666666667	0.0	0.0	0.0 	0.0 	162.116666667 	13.0 	0.0 	0.0 	0.0 	-0.0 	13.0 	0.0 	0.0 	0.0 	10.8239543258	1.89549391041	200.360725825	-20.6889352404	
6.33333333333	0.0	0.0	0.0 	0.0 	162.333333333 	13.0 	0.0 	0.0 	0.0 	-0.0 	13.0 	0.0 	0.0 	0.0 	10.8248376081	1.89549391041	200.531712659	-20.7464912964	
6.35	0.0	0.0	0.0 	0.0 	162.55 	13.0 	0.0 	0.0 	0.0 	-0.0 	13.0 	0.0 	0.0 	0.0 	10.8257042955	1.89549391041	200.702713183	-20.8040519606	
6.36666666667	0.0	0.0	0.0 	0.0 	162.766666667 	13.0 	0.0 	0.0 	0.0 	-0.0 	13.0 	0.0 	0.0 	0.0 	10.8265546996	1.89549391041	200.87372714	-20.8616171464	
6.38333333333	0.0	0.0	0.0 	0.0 	162.983333333 	13.0 	0.0 	0.0 	0.0 	-0.0 	13.0 	0.0 	0.0 	0.0 	10.8273891265	1.89549391041	201.044754277	-20.9191867689	
6.4	0.0	0.0	0.0 	0.0 	163.2 	13.0 	0.0 	0.0 	0.0 	-0.0 	13.0 	0.0 	0.0 	0.0 	10.8282078762	1.89549391041	201.215794347	-20.9767607447	
6.41666666667	0.0	0.0	0.0 	0.0 	163.416666667 	13.0 	0.0 	0.0 	0.0 	-0.0 	13.0 	0.0 	0.0 	0.0 	10.8290112434	1.89549391041	201.386847107	-21.034338992	
6.43333333333	0.0	0.0	0.0 	0.0 	163.633333333 	13.0 	0.0 	0.0 	0.0 	-0.0 	13.0 	0.0 	0.0 	0.0 	10.829799517	1.89549391041	201.557912319	-21.0919214307	
6.45	0.0	0.0	0.0 	0.0 	163.85 	13.0 	0.0 	0.0 	0.0 	-0.0 	13.0 	0.0 	0.0 	0.0 	10.8305729806	1.89549391041	201.728989748	-21.1495079818	
6.46666666667	0.0	0.0	0.0 	0.0 	164.066666667 	13.0 	0.0 	0.0 	0.0 	-0.0 	13.0 	0.0 	0.0 	0.0 	10.8313319125	1.89549391041	201.900079164	-21.2070985682	
6.48333333333	0.0	0.0	0.0 	0.0 	164.283333333 	13.0 	0.0 	0.0 	0.0 	-0.0 	13.0 	0.0 	0.0 	0.0 	10.8320765857	1.89549391041	202.071180344	-21.2646931141	
6.5	0.0	0.0	0.0 	0.0 	164.5 	13.0 	0.0 	0.0 	0.0 	-0.0 	13.0 	0.0 	0.0 	0.0 	10.832807268	1.89549391041	202.242293065	-21.3222915451	
6.51666666667	0.0	0.0	0.0 	0.0 	164.716666667 	13.0 	0.0 	0.0 	0.0 	-0.0 	13.0 	0.0 	0.0 	0.0 	10.8335242224	1.89549391041	202.413417111	-21.3798937881	
6.53333333333	0.0	0.0	0.0 	0.0 	164.933333333 	13.0 	0.0 	0.0 	0.0 	-0.0 	13.0 	0.0 	0.0 	0.0 	10.8342277067	1.89549391041	202.584552269	-21.4374997716	
6.55	0.0	0.0	0.0 	0.0 	165.15 	13.0 	0.0 	0.0 	0.0 	-0.0 	13.0 	0.0 	0.0 	0.0 	10.834917974	1.89549391041	202.75569833	-21.4951094252	
6.56666666667	0.0	0.0	0.0 	0.0 	165.366666667 	13.0 	0.0 	0.0 	0.0 	-0.0 	13.0 	0.0 	0.0 	0.0 	10.8355952727	1.89549391041	202.92685509	-21.5527226801	
6.58333333333	0.0	0.0	0.0 	0.0 	165.583333333 	13.0 	0.0 	0.0 	0.0 	-0.0 	13.0 	0.0 	0.0 	0.0 	10.8362598463	1.89549391041	203.098022348	-21.6103394685	
6.6	0.0	0.0	0.0 	0.0 	165.8 	13.0 	0.0 	0.0 	0.0 	-0.0 	13.0 	0.0 	0.0 	0.0 	10.8369119341	1.89549391041	203.269199905	-21.6679597241	
6.61666666667	0.0	0.0	0.0 	0.0 	166.016666667 	13.0 	0.0 	0.0 	0.0 	-0.0 	13.0 	0.0 	0.0 	0.0 	10.8375517705	1.89549391041	203.44038757	-21.7255833817	
6.63333333333	0.0	0.0	0.0 	0.0 	166.233333333 	13.0 	0.0 	0.0 	0.0 	-0.0 	13.0 	0.0 	0.0 	0.0 	10.8381795857	1.89549391041	203.611585151	-21.7832103775	
6.65	0.0	0.0	0.0 	0.0 	166.45 	13.0 	0.0 	0.0 	0.0 	-0.0 	13.0 	0.0 	0.0 	0.0 	10.8387956056	1.89549391041	203.782792462	-21.8408406487	
6.66666666667	0.0	0.0	0.0 	0.0 	166.666666667 	13.0 	0.0 	0.0 	0.0 	-0.0 	13.0 	0.0 	0.0 	0.0 	10.8394000518	1.89549391041	203.954009322	-21.8984741337	
6.68333333333	0.0	0.0	0.0 	0.0 	166.883333333 	13.0 	0.0 	0.0 	0.0 	-0.0 	13.0 	0.0 	0.0 	0.0 	10.8399931417	1.89549391041	204.125235549	-21.9561107722	
6.7	0.0	0.0	0.0 	0.0 	167.1 	13.0 	0.0 	0.0 	0.0 	-0.0 	13.0 	0.0 	0.0 	0.0 	10.8405750888	1.89549391041	204.296470969	-22.0137505049	
6.71666666667	0.0	0.0	0.0 	0.0 	167.316666667 	13.0 	0.0 	0.0 	0.0 	-0.0 	13.0 	0.0 	0.0 	0.0 	10.8411461022	1.89549391041	204.467715409	-22.0713932737	
6.73333333333	0.0	0.0	0.0 	0.0 	167.533333333 	13.0 	0.0 	0.0 	0.0 	-0.0 	13.0 	0.0 	0.0 	0.0 	10.8417063876	1.89549391041	204.638968699	-22.1290390216	
6.75	0.0	0.0	0.0 	0.0 	167.75 	13.0 	0.0 	0.0 	0.0 	-0.0 	13.0 	0.0 	0.0 	0.0 	10.8422561464	1.89549391041	204.810230672	-22.1866876926	
6.76666666667	0.0	0.0	0.0 	0.0 	167.966666667 	13.0 	0.0 	0.0 	0.0 	-0.0 	13.0 	0.0 	0.0 	0.0 	10.8427955763	1.89549391041	204.981501167	-22.2443392317	
6.78333333333	0.0	0.0	0.0 	0.0 	168.183333333 	13.0 	0.0 	0.0 	0.0 	-0.0 	13.0 	0.0 	0.0 	0.0 	10.8433248716	1.89549391041	205.152780022	-22.3019935852	
6.8	0.0	0.0	0.0 	0.0 	168.4 	13.0 	0.0 	0.0 	0.0 	-0.0 	13.0 	0.0 	0.0 	0.0 	10.8438442225	1.89549391041	205.32406708	-22.3596507	
6.81666666667	0.0	0.0	0.0 	0.0 	168.616666667 	13.0 	0.0 	0.0 	0.0 	-0.0 	13.0 	0.0 	0.0 	0.0 	10.8443538159	1.89549391041	205.495362188	-22.4173105244	
6.83333333333	0.0	0.0	0.0 	0.0 	168.833333333 	13.0 	0.0 	0.0 	0.0 	-0.0 	13.0 	0.0 	0.0 	0.0 	10.8448538351	1.89549391041	205.666665194	-22.4749730074	
6.85	0.0	0.0	0.0 	0.0 	169.05 	13.0 	0.0 	0.0 	0.0 	-0.0 	13.0 	0.0 	0.0 	0.0 	10.84534446	1.89549391041	205.83797595	-22.532638099	
6.86666666667	0.0	0.0	0.0 	0.0 	169.266666667 	13.0 	0.0 	0.0 	0.0 	-0.0 	13.0 	0.0 	0.0 	0.0 	10.8458258671	1.89549391041	206.00929431	-22.5903057503	
6.88333333333	0.0	0.0	0.0 	0.0 	169.483333333 	13.0 	0.0 	0.0 	0.0 	-0.0 	13.0 	0.0 	0.0 	0.0 	10.8462982296	1.89549391041	206.180620132	-22.6479759132	
6.9	0.0	0.0	0.0 	0.0 	169.7 	13.0 	0.0 	0.0 	0.0 	-0.0 	13.0 	0.0 	0.0 	0.0 	10.8467617174	1.89549391041	206.351953275	-22.7056485405	
6.91666666667	0.0	0.0	0.0 	0.0 	169.916666667 	13.0 	0.0 	0.0 	0.0 	-0.0 	13.0 	0.0 	0.0 	0.0 	10.8472164973	1.89549391041	206.523293601	-22.7633235858	
6.93333333333	0.0	0.0	0.0 	0.0 	170.133333333 	13.0 	0.0 	0.0 	0.0 	-0.0 	13.0 	0.0 	0.0 	0.0 	10.8476627328	1.89549391041	206.694640976	-22.8210010038	
6.95	0.0	0.0	0.0 	0.0 	170.35 	13.0 	0.0 	0.0 	0.0 	-0.0 	13.0 	0.0 	0.0 	0.0 	10.8481005845	1.89549391041	206.865995267	-22.8786807499	
6.96666666667	0.0	0.0	0.0 	0.0 	170.566666667 	13.0 	0.0 	0.0 	0.0 	-0.0 	13.0 	0.0 	0.0 	0.0 	10.8485302099	1.89549391041	207.037356344	-22.9363627803	
6.98333333333	0.0	0.0	0.0 	0.0 	170.783333333 	13.0 	0.0 	0.0 	0.0 	-0.0 	13.0 	0.0 	0.0 	0.0 	10.8489517635	1.89549391041	207.20872408	-22.9940470521	
7.0	0.0	0.0	0.0 	0.0 	171.0 	13.0 	0.0 	0.0 	0.0 	-0.0 	13.0 	0.0 	0.0 	0.0 	10.849365397	1.89549391041	207.38009835	-23.0517335232	
7.01666666667	0.0	0.0	0.0 	0.0 	171.216666667 	13.0 	0.0 	0.0 	0.0 	-0.0 	13.0 	0.0 	0.0 	0.0 	10.8497712593	1.89549391041	207.551479031	-23.1094221523	
7.03333333333	0.0	0.0	0.0 	0.0 	171.433333333 	13.0 	0.0 	0.0 	0.0 	-0.0 	13.0 	0.0 	0.0 	0.0 	10.8501694962	1.89549391041	207.722866002	-23.1671128989	
7.05	0.0	0.0	0.0 	0.0 	171.65 	13.0 	0.0 	0.0 	0.0 	-0.0 	13.0 	0.0 	0.0 	0.0 	10.8505602511	1.89549391041	207.894259146	-23.2248057231	
7.06666666667	0.0	0.0	0.0 	0.0 	171.866666667 	13.0 	0.0 	0.0 	0.0 	-0.0 	13.0 	0.0 	0.0 	0.0 	10.8509436646	1.89549391041	208.065658345	-23.2825005859	
7.08333333333	0.0	0.0	0.0 	0.0 	172.083333333 	13.0 	0.0 	0.0 	0.0 	-0.0 	13.0 	0.0 	0.0 	0.0 	10.8513198745	1.89549391041	208.237063488	-23.340197449	
7.1	0.0	0.0	0.0 	0.0 	172.3 	13.0 	0.0 	0.0 	0.0 	-0.0 	13.0 	0.0 	0.0 	0.0 	10.8516890163	1.89549391041	208.408474461	-23.3978962749	
7.11666666667	0.0	0.0	0.0 	0.0 	172.516666667 	13.0 	0.0 	0.0 	0.0 	-0.0 	13.0 	0.0 	0.0 	0.0 	10.8520512226	1.89549391041	208.579891156	-23.4555970267	
7.13333333333	0.0	0.0	0.0 	0.0 	172.733333333 	13.0 	0.0 	0.0 	0.0 	-0.0 	13.0 	0.0 	0.0 	0.0 	10.8524066239	1.89549391041	208.751313464	-23.5132996681	
7.15	0.0	0.0	0.0 	0.0 	172.95 	13.0 	0.0 	0.0 	0.0 	-0.0 	13.0 	0.0 	0.0 	0.0 	10.8527553479	1.89549391041	208.922741281	-23.5710041637	
7.16666666667	0.0	0.0	0.0 	0.0 	173.166666667 	13.0 	0.0 	0.0 	0.0 	-0.0 	13.0 	0.0 	0.0 	0.0 	10.8530975202	1.89549391041	209.094174502	-23.6287104787	
7.18333333333	0.0	0.0	0.0 	0.0 	173.383333333 	13.0 	0.0 	0.0 	0.0 	-0.0 	13.0 	0.0 	0.0 	0.0 	10.8534332638	1.89549391041	209.265613027	-23.6864185788	
7.2	0.0	0.0	0.0 	0.0 	173.6 	13.0 	0.0 	0.0 	0.0 	-0.0 	13.0 	0.0 	0.0 	0.0 	10.8537626994	1.89549391041	209.437056756	-23.7441284305	
7.21666666667	0.0	0.0	0.0 	0.0 	173.816666667 	13.0 	0.0 	0.0 	0.0 	-0.0 	13.0 	0.0 	0.0 	0.0 	10.8540859457	1.89549391041	209.608505591	-23.801840001	
7.23333333333	0.0	0.0	0.0 	0.0 	174.033333333 	13.0 	0.0 	0.0 	0.0 	-0.0 	13.0 	0.0 	0.0 	0.0 	10.8544031188	1.89549391041	209.779959435	-23.8595532579	
7.25	2.70387124658e-06	6.92867006936e-07	0.0 	0.0 	174.2491825 	12.9019000002 	0.0 	0.0 	0.0 	0.0 	12.9509500001 	-5.88599998656 	0.0 	0.0 	10.8547143329	1.89549391041	209.951418196	-23.9172681695	
7.26666666667	2.70387124658e-06	1.2926828198e-06	0.0 	0.0 	174.463396667 	12.8038000004 	0.0 	0.0 	0.0 	0.0 	12.8528500003 	-5.88599998656 	0.0 	0.0 	10.8550197	1.89549391041	210.12288178	-23.9749847047	
7.28333333333	2.70387124658e-06	1.80163971311e-06	0.0 	0.0 	174.675975833 	12.7057000007 	0.0 	0.0 	0.0 	0.0 	12.7547500006 	-5.88599998656 	0.0 	0.0 	10.8553193299	1.89549391041	210.294350097	-24.0327028331	
7.3	2.70387124658e-06	2.22427604084e-06	0.0 	0.0 	174.88692 	12.6076000009 	0.0 	0.0 	0.0 	0.0 	12.6566500008 	-5.88599998656 	0.0 	0.0 	10.8556133304	1.89549391041	210.465823058	-24.0904225247	
7.31666666667	2.70387124658e-06	2.56680654501e-06	0.0 	0.0 	175.096229167 	12.5095000011 	0.0 	0.0 	0.0 	0.0 	12.558550001 	-5.88599998656 	0.0 	0.0 	10.8559018072	1.89549391041	210.637300575	-24.1481437502	
7.33333333333	2.70387124658e-06	2.83655095767e-06	0.0 	0.0 	175.303903333 	12.4114000013 	0.0 	0.0 	0.0 	0.0 	12.4604500012 	-5.88599998656 	0.0 	0.0 	10.8561848641	1.89549391041	210.808782564	-24.2058664807	
7.35	2.70387124658e-06	3.04145663651e-06	0.0 	0.0 	175.5099425 	12.3133000016 	0.0 	0.0 	0.0 	0.0 	12.3623500015 	-5.88599998656 	0.0 	0.0 	10.8564626031	1.89549391041	210.98026894	-24.2635906879	
7.36666666667	3.13090777517e-06	3.29913710463e-06	0.0 	0.0 	175.714346667 	12.2152000018 	0.0 	0.0 	0.0 	0.0 	12.2642500017 	-5.8859999855 	0.0 	0.0 	10.8567351238	1.89549391041	211.15175962	-24.3213163441	
7.38333333333	3.13090777517e-06	3.49358230087e-06	0.0 	0.0 	175.917115833 	12.1171000021 	0.0 	0.0 	0.0 	0.0 	12.1661500019 	-5.8859999855 	0.0 	0.0 	10.8570025246	1.89549391041	211.323254524	-24.3790434221	
7.4	3.13090777517e-06	3.63294374903e-06	0.0 	0.0 	176.11825 	12.0190000023 	0.0 	0.0 	0.0 	0.0 	12.0680500022 	-5.8859999855 	0.0 	0.0 	10.8572649014	1.89549391041	211.494753573	-24.4367718952	
7.41666666667	3.13090777517e-06	3.72526024717e-06	0.0 	0.0 	176.317749167 	11.9209000025 	0.0 	0.0 	0.0 	0.0 	11.9699500024 	-5.8859999855 	0.0 	0.0 	10.8575223487	1.89549391041	211.666256688	-24.4945017371	
7.43333333333	3.13090777517e-06	3.77823201848e-06	0.0 	0.0 	176.515613334 	11.8228000028 	0.0 	0.0 	0.0 	0.0 	11.8718500027 	-5.8859999855 	0.0 	0.0 	10.8577749591	1.89549391041	211.837763794	-24.5522329222	
7.45	3.13090777517e-06	3.79905625865e-06	0.0 	0.0 	176.7118425 	11.724700003 	0.0 	0.0 	0.0 	0.0 	11.7737500029 	-5.8859999855 	0.0 	0.0 	10.8580228235	1.89549391041	212.009274815	-24.6099654252	
7.46666666667	-4.71678579108e-06	1.78334392831e-06	0.0 	0.0 	176.906436667 	11.6266000035 	0.0 	0.0 	0.0 	0.0 	11.6756500032 	-5.88599997294 	0.0 	0.0 	10.8582660311	1.89549391041	212.180789677	-24.6676992213	
7.48333333333	-4.71678579108e-06	1.80378185703e-08	0.0 	0.0 	177.099395834 	11.5285000039 	0.0 	0.0 	0.0 	0.0 	11.5775500037 	-5.88599997294 	0.0 	0.0 	10.8585046693	1.89549391041	212.352308309	-24.7254342863	
7.5	-4.71678579108e-06	-1.49803765428e-06	0.0 	0.0 	177.290720001 	11.4304000044 	0.0 	0.0 	0.0 	-0.0 	11.4794500041 	-5.88599997294 	0.0 	0.0 	10.858738824	1.89549391041	212.523830639	-24.7831705962	
7.51666666667	-4.71678579108e-06	-2.77358202501e-06	0.0 	0.0 	177.480409167 	11.3323000048 	0.0 	0.0 	0.0 	-0.0 	11.3813500046 	-5.88599997294 	0.0 	0.0 	10.8589685794	1.89549391041	212.695356599	-24.8409081278	
7.53333333333	-4.71678579108e-06	-3.82285403002e-06	0.0 	0.0 	177.668463334 	11.2342000053 	0.0 	0.0 	0.0 	-0.0 	11.283250005 	-5.88599997294 	0.0 	0.0 	10.8591940182	1.89549391041	212.86688612	-24.8986468581	
7.55	-4.71678579108e-06	-4.66397520144e-06	0.0 	0.0 	177.854882501 	11.1361000057 	0.0 	0.0 	0.0 	-0.0 	11.1851500055 	-5.88599997294 	0.0 	0.0 	10.8594152215	1.89549391041	213.038419134	-24.9563867645	
7.56666666667	-4.71678579108e-06	-5.31749444021e-06	0.0 	0.0 	178.039666668 	11.0380000062 	0.0 	0.0 	0.0 	-0.0 	11.0870500059 	-5.88599997294 	0.0 	0.0 	10.8596322688	1.89549391041	213.209955577	-25.0141278249	
7.58333333333	9.82724599867e-07	-4.34470016729e-06	0.0 	0.0 	178.222815834 	10.9399000062 	0.0 	0.0 	0.0 	-0.0 	10.9889500062 	-5.88599999908 	0.0 	0.0 	10.8598452383	1.89549391041	213.381495385	-25.0718700178	
7.6	9.82724599867e-07	-3.42430258181e-06	0.0 	0.0 	178.404330001 	10.8418000062 	0.0 	0.0 	0.0 	-0.0 	10.8908500062 	-5.88599999908 	0.0 	0.0 	10.8600542066	1.89549391041	213.553038493	-25.1296133217	
7.61666666667	9.82724599867e-07	-2.57327485363e-06	0.0 	0.0 	178.584209168 	10.7437000062 	0.0 	0.0 	0.0 	-0.0 	10.7927500062 	-5.88599999908 	0.0 	0.0 	10.8602592488	1.89549391041	213.724584839	-25.1873577158	
7.63333333333	9.82724599867e-07	-1.80260338137e-06	0.0 	0.0 	178.762453335 	10.6456000062 	0.0 	0.0 	0.0 	-0.0 	10.6946500062 	-5.88599999908 	0.0 	0.0 	10.8604604386	1.89549391041	213.896134364	-25.2451031797	
7.65	9.82724599867e-07	-1.11829149096e-06	0.0 	0.0 	178.939062501 	10.5475000063 	0.0 	0.0 	0.0 	-0.0 	10.5965500062 	-5.88599999908 	0.0 	0.0 	10.8606578486	1.89549391041	214.067687007	-25.3028496932	
7.66666666667	9.82724599867e-07	-5.22293023048e-07	0.0 	0.0 	179.114036668 	10.4494000063 	0.0 	0.0 	0.0 	-0.0 	10.4984500063 	-5.88599999908 	0.0 	0.0 	10.8608515496	1.89549391041	214.23924271	-25.3605972366	
7.68333333333	-4.48714267317e-07	-3.80168619418e-07	0.0 	0.0 	179.287375835 	10.3513000063 	0.0 	0.0 	0.0 	-0.0 	10.4003500063 	-5.88599999985 	0.0 	0.0 	10.8610416114	1.89549391041	214.410801415	-25.4183457905	
7.7	-4.48714267317e-07	-2.72164258101e-07	0.0 	0.0 	179.459080002 	10.2532000063 	0.0 	0.0 	0.0 	-0.0 	10.3022500063 	-5.88599999985 	0.0 	0.0 	10.8612281023	1.89549391041	214.582363065	-25.4760953361	
7.71666666667	-4.48714267317e-07	-1.93978065869e-07	0.0 	0.0 	179.629149168 	10.1551000063 	0.0 	0.0 	0.0 	-0.0 	10.2041500063 	-5.88599999985 	0.0 	0.0 	10.8614110895	1.89549391041	214.753927606	-25.5338458546	
7.73333333333	-4.48714267317e-07	-1.41344273184e-07	0.0 	0.0 	179.797583335 	10.0570000063 	0.0 	0.0 	0.0 	-0.0 	10.1060500063 	-5.88599999985 	0.0 	0.0 	10.8615906387	1.89549391041	214.925494983	-25.5915973278	
7.75	-4.48714267317e-07	-1.1015839617e-07	0.0 	0.0 	179.964382502 	9.95890000628 	0.0 	0.0 	0.0 	-0.0 	10.0079500063 	-5.88599999985 	0.0 	0.0 	10.8617668146	1.89549391041	215.097065143	-25.6493497377	
7.76666666667	-4.48714267317e-07	-9.65692124574e-08	0.0 	0.0 	180.129546669 	9.86080000628 	0.0 	0.0 	0.0 	-0.0 	9.90985000628 	-5.88599999985 	0.0 	0.0 	10.8619396805	1.89549391041	215.268638034	-25.7071030667	
7.78333333333	-4.48714267317e-07	-9.70421280445e-08	0.0 	0.0 	180.293075836 	9.76270000629 	0.0 	0.0 	0.0 	-0.0 	9.81175000628 	-5.88599999985 	0.0 	0.0 	10.8621092986	1.89549391041	215.440213604	-25.7648572977	
7.8	1.11890195933e-06	2.93303266101e-07	0.0 	0.0 	180.454970002 	9.6646000063 	0.0 	0.0 	0.0 	0.0 	9.71365000629 	-5.88599999927 	0.0 	0.0 	10.86227573	1.89549391041	215.611791802	-25.8226124135	
7.81666666667	1.11890195933e-06	6.21620905727e-07	0.0 	0.0 	180.615229169 	9.56650000631 	0.0 	0.0 	0.0 	0.0 	9.6155500063 	-5.88599999927 	0.0 	0.0 	10.8624390345	1.89549391041	215.783372581	-25.8803683976	
7.83333333333	1.11890195933e-06	8.91607109362e-07	0.0 	0.0 	180.773853336 	9.46840000632 	0.0 	0.0 	0.0 	0.0 	9.51745000632 	-5.88599999927 	0.0 	0.0 	10.8625992708	1.89549391041	215.95495589	-25.9381252337	
7.85	1.11890195933e-06	1.10794938124e-06	0.0 	0.0 	180.930842503 	9.37030000633 	0.0 	0.0 	0.0 	0.0 	9.41935000633 	-5.88599999927 	0.0 	0.0 	10.8627564966	1.89549391041	216.126541683	-25.9958829058	
7.86666666667	1.11890195933e-06	1.27595691001e-06	0.0 	0.0 	181.086196669 	9.27220000635 	0.0 	0.0 	0.0 	0.0 	9.32125000634 	-5.88599999927 	0.0 	0.0 	10.8629107685	1.89549391041	216.298129912	-26.0536413982	
7.88333333333	1.11890195933e-06	1.4012547776e-06	0.0 	0.0 	181.239915836 	9.17410000636 	0.0 	0.0 	0.0 	0.0 	9.22315000635 	-5.88599999927 	0.0 	0.0 	10.8630621419	1.89549391041	216.469720533	-26.1114006954	
7.9	1.11890195933e-06	1.48953709941e-06	0.0 	0.0 	181.392000003 	9.07600000637 	0.0 	0.0 	0.0 	0.0 	9.12505000636 	-5.88599999927 	0.0 	0.0 	10.8632106714	1.89549391041	216.6413135	-26.1691607823	
7.91666666667	-5.6202607156e-07	1.11563574277e-06	0.0 	0.0 	181.54244917 	8.97790000637 	0.0 	0.0 	0.0 	0.0 	9.02695000637 	-5.88599999986 	0.0 	0.0 	10.8633564103	1.89549391041	216.812908769	-26.2269216442	
7.93333333333	-5.6202607156e-07	7.73435259678e-07	0.0 	0.0 	181.691263336 	8.87980000638 	0.0 	0.0 	0.0 	0.0 	8.92885000637 	-5.88599999986 	0.0 	0.0 	10.8634994111	1.89549391041	216.984506297	-26.2846832664	
7.95	-5.6202607156e-07	4.66496718679e-07	0.0 	0.0 	181.838442503 	8.78170000638 	0.0 	0.0 	0.0 	0.0 	8.83075000638 	-5.88599999986 	0.0 	0.0 	10.8636397252	1.89549391041	217.156106041	-26.3424456346	
7.96666666667	-5.6202607156e-07	1.9647801221e-07	0.0 	0.0 	181.98398667 	8.68360000638 	0.0 	0.0 	0.0 	0.0 	8.73265000638 	-5.88599999986 	0.0 	0.0 	10.8637774031	1.89549391041	217.327707959	-26.4002087349	
7.98333333333	-5.6202607156e-07	-3.6489737921e-08	0.0 	0.0 	182.127895837 	8.58550000638 	0.0 	0.0 	0.0 	-0.0 	8.63455000638 	-5.88599999986 	0.0 	0.0 	10.8639124943	1.89549391041	217.499312012	-26.4579725535	
8.0	-5.6202607156e-07	-2.33462754699e-07	0.0 	0.0 	182.270170004 	8.48740000638 	0.0 	0.0 	0.0 	-0.0 	8.53645000638 	-5.88599999986 	0.0 	0.0 	10.8640450474	1.89549391041	217.670918159	-26.5157370768	
8.01666666667	-5.6202607156e-07	-3.96384446354e-07	0.0 	0.0 	182.41080917 	8.38930000639 	0.0 	0.0 	0.0 	-0.0 	8.43835000639 	-5.88599999986 	0.0 	0.0 	10.8641751102	1.89549391041	217.84252636	-26.5735022917	
8.03333333333	-3.71129864592e-07	-4.78907905138e-07	0.0 	0.0 	182.549813337 	8.29120000639 	0.0 	0.0 	0.0 	-0.0 	8.34025000639 	-5.88599999996 	0.0 	0.0 	10.8643027293	1.89549391041	218.014136576	-26.6312681852	
8.05	-3.71129864592e-07	-5.39495521929e-07	0.0 	0.0 	182.687182504 	8.19310000639 	0.0 	0.0 	0.0 	-0.0 	8.24215000639 	-5.88599999996 	0.0 	0.0 	10.8644279507	1.89549391041	218.185748771	-26.6890347445	
8.06666666667	-3.71129864592e-07	-5.81189498151e-07	0.0 	0.0 	182.822916671 	8.09500000639 	0.0 	0.0 	0.0 	-0.0 	8.14405000639 	-5.88599999996 	0.0 	0.0 	10.8645508195	1.89549391041	218.357362907	-26.746801957	
8.08333333333	-3.71129864592e-07	-6.06937966173e-07	0.0 	0.0 	182.957015837 	7.99690000639 	0.0 	0.0 	0.0 	-0.0 	8.04595000639 	-5.88599999996 	0.0 	0.0 	10.8646713799	1.89549391041	218.528978946	-26.8045698106	
8.1	-3.71129864592e-07	-6.19524025717e-07	0.0 	0.0 	183.089480004 	7.89880000639 	0.0 	0.0 	0.0 	-0.0 	7.94785000639 	-5.88599999996 	0.0 	0.0 	10.8647896752	1.89549391041	218.700596855	-26.8623382932	
8.11666666667	-3.71129864592e-07	-6.21515904328e-07	0.0 	0.0 	183.220309171 	7.80070000639 	0.0 	0.0 	0.0 	-0.0 	7.84975000639 	-5.88599999996 	0.0 	0.0 	10.864905748	1.89549391041	218.872216597	-26.9201073929	
8.13333333333	-3.71129864592e-07	-6.15235046509e-07	0.0 	0.0 	183.349503338 	7.70260000639 	0.0 	0.0 	0.0 	-0.0 	7.75165000639 	-5.88599999996 	0.0 	0.0 	10.86501964	1.89549391041	219.043838138	-26.9778770982	
8.15	2.11150774944e-07	-4.53529680884e-07	0.0 	0.0 	183.477062505 	7.60450000639 	0.0 	0.0 	0.0 	-0.0 	7.65355000639 	-5.88599999999 	0.0 	0.0 	10.8651313922	1.89549391041	219.215461444	-27.0356473977	
8.16666666667	2.11150774944e-07	-3.0743675828e-07	0.0 	0.0 	183.602986671 	7.50640000639 	0.0 	0.0 	0.0 	-0.0 	7.55545000639 	-5.88599999999 	0.0 	0.0 	10.8652410448	1.89549391041	219.387086482	-27.0934182802	
8.18333333333	2.11150774944e-07	-1.78008882849e-07	0.0 	0.0 	183.727275838 	7.40830000639 	0.0 	0.0 	0.0 	-0.0 	7.45735000639 	-5.88599999999 	0.0 	0.0 	10.8653486373	1.89549391041	219.55871322	-27.1511897348	
8.2	2.11150774944e-07	-6.55410400832e-08	0.0 	0.0 	183.849930005 	7.31020000639 	0.0 	0.0 	0.0 	-0.0 	7.35925000639 	-5.88599999999 	0.0 	0.0 	10.8654542084	1.89549391041	219.730341625	-27.2089617507	
8.21666666667	2.11150774944e-07	3.02681572796e-08	0.0 	0.0 	183.970949172 	7.21210000639 	0.0 	0.0 	0.0 	0.0 	7.26115000639 	-5.88599999999 	0.0 	0.0 	10.865557796	1.89549391041	219.901971667	-27.2667343174	
8.23333333333	2.11150774944e-07	1.10172867038e-07	0.0 	0.0 	184.090333338 	7.11400000639 	0.0 	0.0 	0.0 	0.0 	7.16305000639 	-5.88599999999 	0.0 	0.0 	10.8656594374	1.89549391041	220.073603314	-27.3245074246	
8.25	2.11150774944e-07	1.75254576722e-07	0.0 	0.0 	184.208082505 	7.01590000639 	0.0 	0.0 	0.0 	0.0 	7.06495000639 	-5.88599999999 	0.0 	0.0 	10.8657591692	1.89549391041	220.245236536	-27.382281062	
8.26666666667	2.79538346623e-06	8.89024285066e-07	0.0 	0.0 	184.324196672 	6.91780000641 	0.0 	0.0 	0.0 	0.0 	6.9668500064 	-5.88599999878 	0.0 	0.0 	10.8658570272	1.89549391041	220.416871304	-27.4400552197	
8.28333333333	2.79538346623e-06	1.50176953344e-06	0.0 	0.0 	184.438675839 	6.81970000643 	0.0 	0.0 	0.0 	0.0 	6.86875000642 	-5.88599999878 	0.0 	0.0 	10.8659530467	1.89549391041	220.588507589	-27.4978298879	
8.3	2.79538346623e-06	2.01707253634e-06	0.0 	0.0 	184.551520006 	6.72160000645 	0.0 	0.0 	0.0 	0.0 	6.77065000644 	-5.88599999878 	0.0 	0.0 	10.8660472622	1.89549391041	220.760145362	-27.5556050572	
8.31666666667	2.79538346623e-06	2.44075458014e-06	0.0 	0.0 	184.662729172 	6.62350000647 	0.0 	0.0 	0.0 	0.0 	6.67255000646 	-5.88599999878 	0.0 	0.0 	10.8661397075	1.89549391041	220.931784595	-27.6133807179	
8.33333333333	2.79538346623e-06	2.78019031677e-06	0.0 	0.0 	184.772303339 	6.5254000065 	0.0 	0.0 	0.0 	0.0 	6.57445000648 	-5.88599999878 	0.0 	0.0 	10.8662304161	1.89549391041	221.103425261	-27.6711568609	
8.35	2.79538346623e-06	3.04372779859e-06	0.0 	0.0 	184.880242506 	6.42730000652 	0.0 	0.0 	0.0 	0.0 	6.47635000651 	-5.88599999878 	0.0 	0.0 	10.8663194204	1.89549391041	221.275067333	-27.7289334772	
8.36666666667	-1.18353306783e-06	2.22061122475e-06	0.0 	0.0 	184.986546673 	6.32920000652 	0.0 	0.0 	0.0 	0.0 	6.37825000652 	-5.88599999985 	0.0 	0.0 	10.8664067525	1.89549391041	221.446710785	-27.7867105578	
8.38333333333	-1.18353306783e-06	1.47631637089e-06	0.0 	0.0 	185.091215839 	6.23110000652 	0.0 	0.0 	0.0 	0.0 	6.28015000652 	-5.88599999985 	0.0 	0.0 	10.8664924438	1.89549391041	221.61835559	-27.8444880941	
8.4	-1.18353306783e-06	8.16367564182e-07	0.0 	0.0 	185.194250006 	6.13300000652 	0.0 	0.0 	0.0 	0.0 	6.18205000652 	-5.88599999985 	0.0 	0.0 	10.8665765252	1.89549391041	221.790001723	-27.9022660774	
8.41666666667	-1.18353306783e-06	2.42410344235e-07	0.0 	0.0 	185.295649173 	6.03490000653 	0.0 	0.0 	0.0 	0.0 	6.08395000652 	-5.88599999985 	0.0 	0.0 	10.8666590268	1.89549391041	221.961649159	-27.9600444994	
8.43333333333	-1.18353306783e-06	-2.46967232851e-07	0.0 	0.0 	185.39541334 	5.93680000653 	0.0 	0.0 	0.0 	-0.0 	5.98585000653 	-5.88599999985 	0.0 	0.0 	10.8667399784	1.89549391041	222.133297874	-28.0178233518	
8.45	-1.18353306783e-06	-6.55502537436e-07	0.0 	0.0 	185.493542506 	5.83870000653 	0.0 	0.0 	0.0 	-0.0 	5.88775000653 	-5.88599999985 	0.0 	0.0 	10.8668194091	1.89549391041	222.304947844	-28.0756026265	
8.46666666667	-1.18353306783e-06	-9.88618352564e-07	0.0 	0.0 	185.590036673 	5.74060000653 	0.0 	0.0 	0.0 	-0.0 	5.78965000653 	-5.88599999985 	0.0 	0.0 	10.8668973475	1.89549391041	222.476599045	-28.1333823157	
8.48333333333	-2.35686833606e-06	-1.55354135662e-06	0.0 	0.0 	185.68489584 	5.64250000654 	0.0 	0.0 	0.0 	-0.0 	5.69155000654 	-5.88599999961 	0.0 	0.0 	10.8669738216	1.89549391041	222.648251454	-28.1911624114	
8.5	-2.35686833606e-06	-2.01646065288e-06	0.0 	0.0 	185.778120007 	5.54440000655 	0.0 	0.0 	0.0 	-0.0 	5.59345000654 	-5.88599999961 	0.0 	0.0 	10.8670488589	1.89549391041	222.819905048	-28.2489429062	
8.51666666667	-2.35686833606e-06	-2.38586084757e-06	0.0 	0.0 	185.869709174 	5.44630000655 	0.0 	0.0 	0.0 	-0.0 	5.49535000655 	-5.88599999961 	0.0 	0.0 	10.8671224864	1.89549391041	222.991559805	-28.3067237924	
8.53333333333	-2.35686833606e-06	-2.67123998248e-06	0.0 	0.0 	185.95966334 	5.34820000656 	0.0 	0.0 	0.0 	-0.0 	5.39725000656 	-5.88599999961 	0.0 	0.0 	10.8671947306	1.89549391041	223.163215703	-28.3645050627	
8.55	-2.35686833606e-06	-2.88258469808e-06	0.0 	0.0 	186.047982507 	5.25010000657 	0.0 	0.0 	0.0 	-0.0 	5.29915000656 	-5.88599999961 	0.0 	0.0 	10.8672656174	1.89549391041	223.334872721	-28.42228671	
8.56666666667	-2.35686833606e-06	-3.02994821636e-06	0.0 	0.0 	186.134666674 	5.15200000657 	0.0 	0.0 	0.0 	-0.0 	5.20105000657 	-5.88599999961 	0.0 	0.0 	10.8673351725	1.89549391041	223.506530837	-28.480068727	
8.58333333333	6.28437371396e-06	-9.08802921445e-07	0.0 	0.0 	186.219715841 	5.0539000066 	0.0 	0.0 	0.0 	-0.0 	5.10295000659 	-5.88599999821 	0.0 	0.0 	10.8674034208	1.89549391041	223.678190032	-28.537851107	
8.6	6.28437371396e-06	9.59871451967e-07	0.0 	0.0 	186.303130007 	4.95580000663 	0.0 	0.0 	0.0 	0.0 	5.00485000662 	-5.88599999821 	0.0 	0.0 	10.8674703868	1.89549391041	223.849850284	-28.595633843	
8.61666666667	6.28437371396e-06	2.57448478705e-06	0.0 	0.0 	186.384909174 	4.85770000666 	0.0 	0.0 	0.0 	0.0 	4.90675000665 	-5.88599999821 	0.0 	0.0 	10.8675360947	1.89549391041	224.021511575	-28.6534169284	
8.63333333333	6.28437371396e-06	3.9417441507e-06	0.0 	0.0 	186.465053341 	4.75960000669 	0.0 	0.0 	0.0 	0.0 	4.80865000668 	-5.88599999821 	0.0 	0.0 	10.8676005681	1.89549391041	224.193173883	-28.7112003566	
8.65	6.28437371396e-06	5.07457733139e-06	0.0 	0.0 	186.543562508 	4.66150000672 	0.0 	0.0 	0.0 	0.0 	4.71055000671 	-5.88599999821 	0.0 	0.0 	10.8676638301	1.89549391041	224.364837191	-28.7689841211	
8.66666666667	6.28437371396e-06	5.99032918337e-06	0.0 	0.0 	186.620436675 	4.56340000675 	0.0 	0.0 	0.0 	0.0 	4.61245000674 	-5.88599999821 	0.0 	0.0 	10.8677259036	1.89549391041	224.53650148	-28.8267682157	
8.68333333333	6.28437371396e-06	6.70922576024e-06	0.0 	0.0 	186.695675841 	4.46530000678 	0.0 	0.0 	0.0 	0.0 	4.51435000677 	-5.88599999821 	0.0 	0.0 	10.8677868109	1.89549391041	224.70816673	-28.8845526342	
8.7	4.00874883032e-06	6.66996510444e-06	0.0 	0.0 	186.769280008 	4.36720000679 	0.0 	0.0 	0.0 	0.0 	4.41625000678 	-5.88599999959 	0.0 	0.0 	10.8678465738	1.89549391041	224.879832925	-28.9423373704	
8.71666666667	4.00874883032e-06	6.55637508762e-06	0.0 	0.0 	186.841249175 	4.26910000679 	0.0 	0.0 	0.0 	0.0 	4.31815000679 	-5.88599999959 	0.0 	0.0 	10.867905214	1.89549391041	225.051500046	-29.0001224184	
8.73333333333	4.00874883032e-06	6.38872950405e-06	0.0 	0.0 	186.911583342 	4.1710000068 	0.0 	0.0 	0.0 	0.0 	4.2200500068 	-5.88599999959 	0.0 	0.0 	10.8679627524	1.89549391041	225.223168075	-29.0579077723	
8.75	4.00874883032e-06	6.18442978073e-06	0.0 	0.0 	186.980282508 	4.07290000681 	0.0 	0.0 	0.0 	0.0 	4.12195000681 	-5.88599999959 	0.0 	0.0 	10.8680192098	1.89549391041	225.394836997	-29.1156934265	
8.76666666667	4.00874883032e-06	5.95810746546e-06	0.0 	0.0 	187.047346675 	3.97480000682 	0.0 	0.0 	0.0 	0.0 	4.02385000681 	-5.88599999959 	0.0 	0.0 	10.8680746064	1.89549391041	225.566506794	-29.1734793751	
8.78333333333	4.00874883032e-06	5.72179021377e-06	0.0 	0.0 	187.112775842 	3.87670000682 	0.0 	0.0 	0.0 	0.0 	3.92575000682 	-5.88599999959 	0.0 	0.0 	10.8681289623	1.89549391041	225.738177449	-29.2312656128	
8.8	4.61973139156e-06	5.6416760818e-06	0.0 	0.0 	187.176570009 	3.77860000683 	0.0 	0.0 	0.0 	0.0 	3.82765000682 	-5.88599999969 	0.0 	0.0 	10.8681822969	1.89549391041	225.909848946	-29.2890521341	
8.81666666667	4.61973139156e-06	5.54765185795e-06	0.0 	0.0 	187.238729176 	3.68050000683 	0.0 	0.0 	0.0 	0.0 	3.72955000683 	-5.88599999969 	0.0 	0.0 	10.8682346295	1.89549391041	226.08152127	-29.3468389336	
8.83333333333	4.61973139156e-06	5.44578556989e-06	0.0 	0.0 	187.299253342 	3.58240000684 	0.0 	0.0 	0.0 	0.0 	3.63145000684 	-5.88599999969 	0.0 	0.0 	10.8682859789	1.89549391041	226.253194406	-29.4046260061	
8.85	4.61973139156e-06	5.34102500358e-06	0.0 	0.0 	187.358142509 	3.48430000684 	0.0 	0.0 	0.0 	0.0 	3.53335000684 	-5.88599999969 	0.0 	0.0 	10.8683363636	1.89549391041	226.424868337	-29.4624133466	
8.86666666667	4.61973139156e-06	5.23729513931e-06	0.0 	0.0 	187.415396676 	3.38620000685 	0.0 	0.0 	0.0 	0.0 	3.43525000685 	-5.88599999969 	0.0 	0.0 	10.8683858016	1.89549391041	226.596543049	-29.5202009499	
8.88333333333	4.61973139156e-06	5.13760562738e-06	0.0 	0.0 	187.471015843 	3.28810000685 	0.0 	0.0 	0.0 	0.0 	3.33715000685 	-5.88599999969 	0.0 	0.0 	10.8684343108	1.89549391041	226.768218527	-29.5779888111	
8.9	4.61973139156e-06	5.04416268577e-06	0.0 	0.0 	187.52500001 	3.19000000686 	0.0 	0.0 	0.0 	0.0 	3.23905000686 	-5.88599999969 	0.0 	0.0 	10.8684819086	1.89549391041	226.939894758	-29.6357769254	
8.91666666667	3.05737541056e-06	4.55812720794e-06	0.0 	0.0 	187.577349176 	3.09190000686 	0.0 	0.0 	0.0 	0.0 	3.14095000686 	-5.88599999994 	0.0 	0.0 	10.8685286121	1.89549391041	227.111571725	-29.6935652881	
8.93333333333	3.05737541056e-06	4.13455121896e-06	0.0 	0.0 	187.628063343 	2.99380000686 	0.0 	0.0 	0.0 	0.0 	3.04285000686 	-5.88599999994 	0.0 	0.0 	10.8685744382	1.89549391041	227.283249417	-29.7513538944	
8.95	3.05737541056e-06	3.77261808349e-06	0.0 	0.0 	187.67714251 	2.89570000686 	0.0 	0.0 	0.0 	0.0 	2.94475000686 	-5.88599999994 	0.0 	0.0 	10.8686194033	1.89549391041	227.454927819	-29.8091427397	
8.96666666667	3.05737541056e-06	3.46976856997e-06	0.0 	0.0 	187.724586677 	2.79760000686 	0.0 	0.0 	0.0 	0.0 	2.84665000686 	-5.88599999994 	0.0 	0.0 	10.8686635236	1.89549391041	227.626606918	-29.8669318197	
8.98333333333	3.05737541056e-06	3.22217291076e-06	0.0 	0.0 	187.770395843 	2.69950000686 	0.0 	0.0 	0.0 	0.0 	2.74855000686 	-5.88599999994 	0.0 	0.0 	10.868706815	1.89549391041	227.798286701	-29.9247211298	
9.0	3.05737541056e-06	3.02513635299e-06	0.0 	0.0 	187.81457001 	2.60140000686 	0.0 	0.0 	0.0 	0.0 	2.65045000686 	-5.88599999994 	0.0 	0.0 	10.868749293	1.89549391041	227.969967155	-29.9825106658	
9.01666666667	3.05737541056e-06	2.87344049127e-06	0.0 	0.0 	187.857109177 	2.50330000687 	0.0 	0.0 	0.0 	0.0 	2.55235000687 	-5.88599999994 	0.0 	0.0 	10.8687909729	1.89549391041	228.141648267	-30.0403004235	
9.03333333333	2.11702707347e-06	2.52065990328e-06	0.0 	0.0 	187.898013344 	2.40520000687 	0.0 	0.0 	0.0 	0.0 	2.45425000687 	-5.88599999999 	0.0 	0.0 	10.8688318698	1.89549391041	228.313330025	-30.0980903985	
9.05	2.11702707347e-06	2.23464142166e-06	0.0 	0.0 	187.937282511 	2.30710000687 	0.0 	0.0 	0.0 	0.0 	2.35615000687 	-5.88599999999 	0.0 	0.0 	10.8688719983	1.89549391041	228.485012417	-30.155880587	
9.06666666667	2.11702707347e-06	2.00930165002e-06	0.0 	0.0 	187.974916677 	2.20900000687 	0.0 	0.0 	0.0 	0.0 	2.25805000687 	-5.88599999999 	0.0 	0.0 	10.8689113729	1.89549391041	228.656695431	-30.2136709847	
9.08333333333	2.11702707347e-06	1.83802974648e-06	0.0 	0.0 	188.010915844 	2.11090000687 	0.0 	0.0 	0.0 	0.0 	2.15995000687 	-5.88599999999 	0.0 	0.0 	10.8689500077	1.89549391041	228.828379055	-30.271461588	
9.1	2.11702707347e-06	1.71401268771e-06	0.0 	0.0 	188.045280011 	2.01280000687 	0.0 	0.0 	0.0 	0.0 	2.06185000687 	-5.88599999999 	0.0 	0.0 	10.8689879166	1.89549391041	229.000063278	-30.3292523927	
9.11666666667	2.11702707347e-06	1.63049366672e-06	0.0 	0.0 	188.078009178 	1.91470000687 	0.0 	0.0 	0.0 	0.0 	1.96375000687 	-5.88599999999 	0.0 	0.0 	10.8690251134	1.89549391041	229.171748088	-30.3870433953	
9.13333333333	2.11702707347e-06	1.58097059441e-06	0.0 	0.0 	188.109103344 	1.81660000687 	0.0 	0.0 	0.0 	0.0 	1.86565000687 	-5.88599999999 	0.0 	0.0 	10.8690616112	1.89549391041	229.343433475	-30.4448345919	
9.15	2.11860441623e-06	1.55974617242e-06	0.0 	0.0 	188.138562511 	1.71850000687 	0.0 	0.0 	0.0 	0.0 	1.76755000687 	-5.886 	0.0 	0.0 	10.8690974234	1.89549391041	229.515119428	-30.5026259789	
9.16666666667	2.11860441623e-06	1.5607615655e-06	0.0 	0.0 	188.166386678 	1.62040000687 	0.0 	0.0 	0.0 	0.0 	1.66945000687 	-5.886 	0.0 	0.0 	10.8691325627	1.89549391041	229.686805936	-30.5604175528	
9.18333333333	2.11860441623e-06	1.57898108422e-06	0.0 	0.0 	188.192575845 	1.52230000687 	0.0 	0.0 	0.0 	0.0 	1.57135000687 	-5.886 	0.0 	0.0 	10.8691670418	1.89549391041	229.858492988	-30.61820931	
9.2	2.11860441623e-06	1.60996444036e-06	0.0 	0.0 	188.217130012 	1.42420000687 	0.0 	0.0 	0.0 	0.0 	1.47325000687 	-5.886 	0.0 	0.0 	10.8692008732	1.89549391041	230.030180575	-30.676001247	
9.21666666667	2.11860441623e-06	1.64987154061e-06	0.0 	0.0 	188.240049178 	1.32610000687 	0.0 	0.0 	0.0 	0.0 	1.37515000687 	-5.886 	0.0 	0.0 	10.8692340689	1.89549391041	230.201868686	-30.7337933606	
9.23333333333	2.11860441623e-06	1.69544744566e-06	0.0 	0.0 	188.261333345 	1.22800000687 	0.0 	0.0 	0.0 	0.0 	1.27705000687 	-5.886 	0.0 	0.0 	10.8692666409	1.89549391041	230.373557312	-30.7915856474	
9.25	2.11860441623e-06	1.74399242741e-06	0.0 	0.0 	188.280982512 	1.12990000687 	0.0 	0.0 	0.0 	0.0 	1.17895000687 	-5.886 	0.0 	0.0 	10.869298601	1.89549391041	230.545246442	-30.8493781041	
9.26666666667	-1.61030619487e-05	-2.87598059308e-06	0.0 	0.0 	188.298996679 	1.03180000687 	0.0 	0.0 	0.0 	-0.0 	1.08085000687 	-5.88599999997 	0.0 	0.0 	10.8693299606	1.89549391041	230.716936068	-30.9071707275	
9.28333333333	-1.61030619487e-05	-6.86980597633e-06	0.0 	0.0 	188.315375845 	0.933700006868 	0.0 	0.0 	0.0 	-0.0 	0.982750006868 	-5.88599999997 	0.0 	0.0 	10.8693607311	1.89549391041	230.88862618	-30.9649635145	
9.3	-1.61030619487e-05	-6.86980597633e-06	0.0 	0.0 	188.315375845 	0.0 	0.0 	0.0 	0.0 	0.0 	0.0 	0.0 	0.0 	0.0 	0.0	1.89549391041	230.88862618	-30.9649635145	
9.31666666667	-1.61030619487e-05	-6.86980597633e-06	0.0 	0.0 	188.315375845 	0.0 	0.0 	0.0 	0.0 	0.0 	0.0 	0.0 	0.0 	0.0 	0.0	1.89549391041	230.88862618	-30.9649635145	
9.33333333333	-1.61030619487e-05	-6.86980597633e-06	0.0 	0.0 	188.315375845 	0.0 	0.0 	0.0 	0.0 	0.0 	0.0 	0.0 	0.0 	0.0 	0.0	1.89549391041	230.88862618	-30.9649635145	
9.35	-1.61030619487e-05	-6.86980597633e-06	0.0 	0.0 	188.315375845 	0.0 	0.0 	0.0 	0.0 	0.0 	0.0 	0.0 	0.0 	0.0 	0.0	1.89549391041	230.88862618	-30.9649635145	
9.36666666667	-1.61030619487e-05	-6.86980597633e-06	0.0 	0.0 	188.315375845 	0.0 	0.0 	0.0 	0.0 	0.0 	0.0 	0.0 	0.0 	0.0 	0.0	1.89549391041	230.88862618	-30.9649635145	
9.38333333333	-1.61030619487e-05	-6.86980597633e-06	0.0 	0.0 	188.315375845 	0.0 	0.0 	0.0 	0.0 	0.0 	0.0 	0.0 	0.0 	0.0 	0.0	1.89549391041	230.88862618	-30.9649635145	
9.4	-1.61030619487e-05	-6.86980597633e-06	0.0 	0.0 	188.315375845 	0.0 	0.0 	0.0 	0.0 	0.0 	0.0 	0.0 	0.0 	0.0 	0.0	1.89549391041	230.88862618	-30.9649635145	
9.41666666667	-1.61030619487e-05	-6.86980597633e-06	0.0 	0.0 	188.315375845 	0.0 	0.0 	0.0 	0.0 	0.0 	0.0 	0.0 	0.0 	0.0 	0.0	1.89549391041	230.88862618	-30.9649635145	
9.43333333333	-1.61030619487e-05	-6.86980597633e-06	0.0 	0.0 	188.315375845 	0.0 	0.0 	0.0 	0.0 	0.0 	0.0 	0.0 	0.0 	0.0 	0.0	1.89549391041	230.88862618	-30.9649635145	
9.45	-1.61030619487e-05	-6.86980597633e-06	0.0 	0.0 	188.315375845 	0.0 	0.0 	0.0 	0.0 	0.0 	0.0 	0.0 	0.0 	0.0 	0.0	1.89549391041	230.88862618	-30.9649635145	
9.46666666667	-1.61030619487e-05	-6.86980597633e-06	0.0 	0.0 	188.315375845 	0.0 	0.0 	0.0 	0.0 	0.0 	0.0 	0.0 	0.0 	0.0 	0.0	1.89549391041	230.88862618	-30.9649635145	
9.48333333333	-1.61030619487e-05	-6.86980597633e-06	0.0 	0.0 	188.315375845 	0.0 	0.0 	0.0 	0.0 	0.0 	0.0 	0.0 	0.0 	0.0 	0.0	1.89549391041	230.88862618	-30.9649635145	
9.5	-1.61030619487e-05	-6.86980597633e-06	0.0 	0.0 	188.315375845 	0.0 	0.0 	0.0 	0.0 	0.0 	0.0 	0.0 	0.0 	0.0 	0.0	1.89549391041	230.88862618	-30.9649635145	
9.51666666667	-1.61030619487e-05	-6.86980597633e-06	0.0 	0.0 	188.315375845 	0.0 	0.0 	0.0 	0.0 	0.0 	0.0 	0.0 	0.0 	0.0 	0.0	1.89549391041	230.88862618	-30.9649635145	
9.53333333333	-1.61030619487e-05	-6.86980597633e-06	0.0 	0.0 	188.315375845 	0.0 	0.0 	0.0 	0.0 	0.0 	0.0 	0.0 	0.0 	0.0 	0.0	1.89549391041	230.88862618	-30.9649635145	
9.55	-1.61030619487e-05	-6.86980597633e-06	0.0 	0.0 	188.315375845 	0.0 	0.0 	0.0 	0.0 	0.0 	0.0 	0.0 	0.0 	0.0 	0.0	1.89549391041	230.88862618	-30.9649635145	
9.56666666667	-1.61030619487e-05	-6.86980597633e-06	0.0 	0.0 	188.315375845 	0.0 	0.0 	0.0 	0.0 	0.0 	0.0 	0.0 	0.0 	0.0 	0.0	1.89549391041	230.88862618	-30.9649635145	
9.58333333333	-1.61030619487e-05	-6.86980597633e-06	0.0 	0.0 	188.315375845 	0.0 	0.0 	0.0 	0.0 	0.0 	0.0 	0.0 	0.0 	0.0 	0.0	1.89549391041	230.88862618	-30.9649635145	
9.6	-1.61030619487e-05	-6.86980597633e-06	0.0 	0.0 	188.315375845 	0.0 	0.0 	0.0 	0.0 	0.0 	0.0 	0.0 	0.0 	0.0 	0.0	1.89549391041	230.88862618	-30.9649635145	
9.61666666667	-1.61030619487e-05	-6.86980597633e-06	0.0 	0.0 	188.315375845 	0.0 	0.0 	0.0 	0.0 	0.0 	0.0 	0.0 	0.0 	0.0 	0.0	1.89549391041	230.88862618	-30.9649635145	
9.63333333333	-1.61030619487e-05	-6.86980597633e-06	0.0 	0.0 	188.315375845 	0.0 	0.0 	0.0 	0.0 	0.0 	0.0 	0.0 	0.0 	0.0 	0.0	1.89549391041	230.88862618	-30.9649635145	
9.65	-1.61030619487e-05	-6.86980597633e-06	0.0 	0.0 	188.315375845 	0.0 	0.0 	0.0 	0.0 	0.0 	0.0 	0.0 	0.0 	0.0 	0.0	1.89549391041	230.88862618	-30.9649635145	
9.66666666667	-1.61030619487e-05	-6.86980597633e-06	0.0 	0.0 	188.315375845 	0.0 	0.0 	0.0 	0.0 	0.0 	0.0 	0.0 	0.0 	0.0 	0.0	1.89549391041	230.88862618	-30.9649635145	
9.68333333333	-1.61030619487e-05	-6.86980597633e-06	0.0 	0.0 	188.315375845 	0.0 	0.0 	0.0 	0.0 	0.0 	0.0 	0.0 	0.0 	0.0 	0.0	1.89549391041	230.88862618	-30.9649635145	
9.7	-1.61030619487e-05	-6.86980597633e-06	0.0 	0.0 	188.315375845 	0.0 	0.0 	0.0 	0.0 	0.0 	0.0 	0.0 	0.0 	0.0 	0.0	1.89549391041	230.88862618	-30.9649635145	
9.71666666667	-1.61030619487e-05	-6.86980597633e-06	0.0 	0.0 	188.315375845 	0.0 	0.0 	0.0 	0.0 	0.0 	0.0 	0.0 	0.0 	0.0 	0.0	1.89549391041	230.88862618	-30.9649635145	
9.73333333333	-1.61030619487e-05	-6.86980597633e-06	0.0 	0.0 	188.315375845 	0.0 	0.0 	0.0 	0.0 	0.0 	0.0 	0.0 	0.0 	0.0 	0.0	1.89549391041	230.88862618	-30.9649635145	
9.75	-1.61030619487e-05	-6.86980597633e-06	0.0 	0.0 	188.315375845 	0.0 	0.0 	0.0 	0.0 	0.0 	0.0 	0.0 	0.0 	0.0 	0.0	1.89549391041	230.88862618	-30.9649635145	
9.76666666667	-1.61030619487e-05	-6.86980597633e-06	0.0 	0.0 	188.315375845 	0.0 	0.0 	0.0 	0.0 	0.0 	0.0 	0.0 	0.0 	0.0 	0.0	1.89549391041	230.88862618	-30.9649635145	
9.78333333333	-1.61030619487e-05	-6.86980597633e-06	0.0 	0.0 	188.315375845 	0.0 	0.0 	0.0 	0.0 	0.0 	0.0 	0.0 	0.0 	0.0 	0.0	1.89549391041	230.88862618	-30.9649635145	
9.8	-1.61030619487e-05	-6.86980597633e-06	0.0 	0.0 	188.315375845 	0.0 	0.0 	0.0 	0.0 	0.0 	0.0 	0.0 	0.0 	0.0 	0.0	1.89549391041	230.88862618	-30.9649635145	
9.81666666667	-1.61030619487e-05	-6.86980597633e-06	0.0 	0.0 	188.315375845 	0.0 	0.0 	0.0 	0.0 	0.0 	0.0 	0.0 	0.0 	0.0 	0.0	1.89549391041	230.88862618	-30.9649635145	
9.83333333333	-1.61030619487e-05	-6.86980597633e-06	0.0 	0.0 	188.315375845 	0.0 	0.0 	0.0 	0.0 	0.0 	0.0 	0.0 	0.0 	0.0 	0.0	1.89549391041	230.88862618	-30.9649635145	
9.85	-1.61030619487e-05	-6.86980597633e-06	0.0 	0.0 	188.315375845 	0.0 	0.0 	0.0 	0.0 	0.0 	0.0 	0.0 	0.0 	0.0 	0.0	1.89549391041	230.88862618	-30.9649635145	
9.86666666667	-1.61030619487e-05	-6.86980597633e-06	0.0 	0.0 	188.315375845 	0.0 	0.0 	0.0 	0.0 	0.0 	0.0 	0.0 	0.0 	0.0 	0.0	1.89549391041	230.88862618	-30.9649635145	
9.88333333333	-1.61030619487e-05	-6.86980597633e-06	0.0 	0.0 	188.315375845 	0.0 	0.0 	0.0 	0.0 	0.0 	0.0 	0.0 	0.0 	0.0 	0.0	1.89549391041	230.88862618	-30.9649635145	
9.9	-1.61030619487e-05	-6.86980597633e-06	0.0 	0.0 	188.315375845 	0.0 	0.0 	0.0 	0.0 	0.0 	0.0 	0.0 	0.0 	0.0 	0.0	1.89549391041	230.88862618	-30.9649635145	
9.91666666667	-1.61030619487e-05	-6.86980597633e-06	0.0 	0.0 	188.315375845 	0.0 	0.0 	0.0 	0.0 	0.0 	0.0 	0.0 	0.0 	0.0 	0.0	1.89549391041	230.88862618	-30.9649635145	
9.93333333333	-1.61030619487e-05	-6.86980597633e-06	0.0 	0.0 	188.315375845 	0.0 	0.0 	0.0 	0.0 	0.0 	0.0 	0.0 	0.0 	0.0 	0.0	1.89549391041	230.88862618	-30.9649635145	
9.95	-1.61030619487e-05	-6.86980597633e-06	0.0 	0.0 	188.315375845 	0.0 	0.0 	0.0 	0.0 	0.0 	0.0 	0.0 	0.0 	0.0 	0.0	1.89549391041	230.88862618	-30.9649635145	
9.96666666667	-1.61030619487e-05	-6.86980597633e-06	0.0 	0.0 	188.315375845 	0.0 	0.0 	0.0 	0.0 	0.0 	0.0 	0.0 	0.0 	0.0 	0.0	1.89549391041	230.88862618	-30.9649635145	
9.98333333333	-1.61030619487e-05	-6.86980597633e-06	0.0 	0.0 	188.315375845 	0.0 	0.0 	0.0 	0.0 	0.0 	0.0 	0.0 	0.0 	0.0 	0.0	1.89549391041	230.88862618	-30.9649635145	
