0.0166666666667	0.0	0.0	0.0 	0.0 	60.25 	15.0 	0.0 	0.0 	0.0 	0.0 	15.0 	0.0 	0.0 	0.0 	0.0	1.16483870968	140.0	-14.064516129	
0.0333333333333	0.0	0.0	0.0 	0.0 	60.5 	15.0 	0.0 	0.0 	0.0 	-0.0 	15.0 	0.0 	0.0 	0.0 	0.0	1.16483870968	140.0	-14.064516129	
0.05	0.0	0.0	0.0 	0.0 	60.75 	15.0 	0.0 	0.0 	0.0 	-0.0 	15.0 	0.0 	0.0 	0.0 	0.0	1.16483870968	140.0	-14.064516129	
0.0666666666667	0.0	0.0	0.0 	0.0 	61.0 	15.0 	0.0 	0.0 	0.0 	-0.0 	15.0 	0.0 	0.0 	0.0 	0.0	1.16483870968	140.0	-14.064516129	
0.0833333333333	0.0	0.0	0.0 	0.0 	61.25 	15.0 	0.0 	0.0 	0.0 	-0.0 	15.0 	0.0 	0.0 	0.0 	0.0	1.16483870968	140.0	-14.064516129	
0.1	0.0	0.0	0.0 	0.0 	61.5 	15.0 	0.0 	0.0 	0.0 	-0.0 	15.0 	0.0 	0.0 	0.0 	0.0	1.16483870968	140.0	-14.064516129	
0.116666666667	0.0	0.0	0.0 	0.0 	61.75 	15.0 	0.0 	0.0 	0.0 	-0.0 	15.0 	0.0 	0.0 	0.0 	0.0	1.16483870968	140.0	-14.064516129	
0.133333333333	0.0	0.0	0.0 	0.0 	62.0 	15.0 	0.0 	0.0 	0.0 	-0.0 	15.0 	0.0 	0.0 	0.0 	0.0	1.16483870968	140.0	-14.064516129	
0.15	0.0	0.0	0.0 	0.0 	62.25 	15.0 	0.0 	0.0 	0.0 	-0.0 	15.0 	0.0 	0.0 	0.0 	0.0	1.16483870968	140.0	-14.064516129	
0.166666666667	0.0	0.0	0.0 	0.0 	62.5 	15.0 	0.0 	0.0 	0.0 	-0.0 	15.0 	0.0 	0.0 	0.0 	0.0	1.16483870968	140.0	-14.064516129	
0.183333333333	0.0	0.0	0.0 	0.0 	62.75 	15.0 	0.0 	0.0 	0.0 	-0.0 	15.0 	0.0 	0.0 	0.0 	0.0	1.16483870968	140.0	-14.064516129	
0.2	0.0	0.0	0.0 	0.0 	63.0 	15.0 	0.0 	0.0 	0.0 	-0.0 	15.0 	0.0 	0.0 	0.0 	0.0	1.16483870968	140.0	-14.064516129	
0.216666666667	0.0	0.0	0.0 	0.0 	63.25 	15.0 	0.0 	0.0 	0.0 	-0.0 	15.0 	0.0 	0.0 	0.0 	0.0	1.16483870968	140.0	-14.064516129	
0.233333333333	0.0	0.0	0.0 	0.0 	63.5 	15.0 	0.0 	0.0 	0.0 	-0.0 	15.0 	0.0 	0.0 	0.0 	0.0	1.16483870968	140.0	-14.064516129	
0.25	0.0	0.0	0.0 	0.0 	63.75 	15.0 	0.0 	0.0 	0.0 	-0.0 	15.0 	0.0 	0.0 	0.0 	0.0	1.16483870968	140.0	-14.064516129	
0.266666666667	0.0	0.0	0.0 	0.0 	64.0 	15.0 	0.0 	0.0 	0.0 	-0.0 	15.0 	0.0 	0.0 	0.0 	0.0	1.16483870968	140.0	-14.064516129	
0.283333333333	0.0	0.0	0.0 	0.0 	64.25 	15.0 	0.0 	0.0 	0.0 	-0.0 	15.0 	0.0 	0.0 	0.0 	0.0	1.16483870968	140.0	-14.064516129	
0.3	0.0	0.0	0.0 	0.0 	64.5 	15.0 	0.0 	0.0 	0.0 	-0.0 	15.0 	0.0 	0.0 	0.0 	0.0	1.16483870968	140.0	-14.064516129	
0.316666666667	0.0	0.0	0.0 	0.0 	64.75 	15.0 	0.0 	0.0 	0.0 	-0.0 	15.0 	0.0 	0.0 	0.0 	0.0	1.16483870968	140.0	-14.064516129	
0.333333333333	0.0	0.0	0.0 	0.0 	65.0 	15.0 	0.0 	0.0 	0.0 	-0.0 	15.0 	0.0 	0.0 	0.0 	0.0	1.16483870968	140.0	-14.064516129	
0.35	0.0	0.0	0.0 	0.0 	65.25 	15.0 	0.0 	0.0 	0.0 	-0.0 	15.0 	0.0 	0.0 	0.0 	0.0	1.16483870968	140.0	-14.064516129	
0.366666666667	0.0	0.0	0.0 	0.0 	65.5 	15.0 	0.0 	0.0 	0.0 	-0.0 	15.0 	0.0 	0.0 	0.0 	0.0	1.16483870968	140.0	-14.064516129	
0.383333333333	0.0	0.0	0.0 	0.0 	65.75 	15.0 	0.0 	0.0 	0.0 	-0.0 	15.0 	0.0 	0.0 	0.0 	0.0	1.16483870968	140.0	-14.064516129	
0.4	0.0	0.0	0.0 	0.0 	66.0 	15.0 	0.0 	0.0 	0.0 	-0.0 	15.0 	0.0 	0.0 	0.0 	0.0	1.16483870968	140.0	-14.064516129	
0.416666666667	0.0	0.0	0.0 	0.0 	66.25 	15.0 	0.0 	0.0 	0.0 	-0.0 	15.0 	0.0 	0.0 	0.0 	0.0	1.16483870968	140.0	-14.064516129	
0.433333333333	0.0	0.0	0.0 	0.0 	66.5 	15.0 	0.0 	0.0 	0.0 	-0.0 	15.0 	0.0 	0.0 	0.0 	0.0	1.16483870968	140.0	-14.064516129	
0.45	0.0	0.0	0.0 	0.0 	66.75 	15.0 	0.0 	0.0 	0.0 	-0.0 	15.0 	0.0 	0.0 	0.0 	0.0	1.16483870968	140.0	-14.064516129	
0.466666666667	0.0	0.0	0.0 	0.0 	67.0 	15.0 	0.0 	0.0 	0.0 	-0.0 	15.0 	0.0 	0.0 	0.0 	0.0	1.16483870968	140.0	-14.064516129	
0.483333333333	0.0	0.0	0.0 	0.0 	67.25 	15.0 	0.0 	0.0 	0.0 	-0.0 	15.0 	0.0 	0.0 	0.0 	0.0	1.16483870968	140.0	-14.064516129	
0.5	0.0	0.0	0.0 	0.0 	67.5 	15.0 	0.0 	0.0 	0.0 	-0.0 	15.0 	0.0 	0.0 	0.0 	0.0	1.16483870968	140.0	-14.064516129	
0.516666666667	0.0	0.0	0.0 	0.0 	67.75 	15.0 	0.0 	0.0 	0.0 	-0.0 	15.0 	0.0 	0.0 	0.0 	0.0	1.16483870968	140.0	-14.064516129	
0.533333333333	0.0	0.0	0.0 	0.0 	68.0 	15.0 	0.0 	0.0 	0.0 	-0.0 	15.0 	0.0 	0.0 	0.0 	0.0	1.16483870968	140.0	-14.064516129	
0.55	0.0	0.0	0.0 	0.0 	68.25 	15.0 	0.0 	0.0 	0.0 	-0.0 	15.0 	0.0 	0.0 	0.0 	0.0	1.16483870968	140.0	-14.064516129	
0.566666666667	0.0	0.0	0.0 	0.0 	68.5 	15.0 	0.0 	0.0 	0.0 	-0.0 	15.0 	0.0 	0.0 	0.0 	0.0	1.16483870968	140.0	-14.064516129	
0.583333333333	0.0	0.0	0.0 	0.0 	68.75 	15.0 	0.0 	0.0 	0.0 	-0.0 	15.0 	0.0 	0.0 	0.0 	0.0	1.16483870968	140.0	-14.064516129	
0.6	0.0	0.0	0.0 	0.0 	69.0 	15.0 	0.0 	0.0 	0.0 	-0.0 	15.0 	0.0 	0.0 	0.0 	0.0	1.16483870968	140.0	-14.064516129	
0.616666666667	0.0	0.0	0.0 	0.0 	69.25 	15.0 	0.0 	0.0 	0.0 	-0.0 	15.0 	0.0 	0.0 	0.0 	0.0	1.16483870968	140.0	-14.064516129	
0.633333333333	0.0	0.0	0.0 	0.0 	69.5 	15.0 	0.0 	0.0 	0.0 	-0.0 	15.0 	0.0 	0.0 	0.0 	0.0	1.16483870968	140.0	-14.064516129	
0.65	0.0	0.0	0.0 	0.0 	69.75 	15.0 	0.0 	0.0 	0.0 	-0.0 	15.0 	0.0 	0.0 	0.0 	0.0	1.16483870968	140.0	-14.064516129	
0.666666666667	0.0	0.0	0.0 	0.0 	70.0 	15.0 	0.0 	0.0 	0.0 	-0.0 	15.0 	0.0 	0.0 	0.0 	0.0	1.16483870968	140.0	-14.064516129	
0.683333333333	0.0	0.0	0.0 	0.0 	70.25 	15.0 	0.0 	0.0 	0.0 	-0.0 	15.0 	0.0 	0.0 	0.0 	0.0	1.16483870968	140.0	-14.064516129	
0.7	0.0	0.0	0.0 	0.0 	70.5 	15.0 	0.0 	0.0 	0.0 	-0.0 	15.0 	0.0 	0.0 	0.0 	0.0	1.16483870968	140.0	-14.064516129	
0.716666666667	0.0	0.0	0.0 	0.0 	70.75 	15.0 	0.0 	0.0 	0.0 	-0.0 	15.0 	0.0 	0.0 	0.0 	0.0	1.16483870968	140.0	-14.064516129	
0.733333333333	0.0	0.0	0.0 	0.0 	71.0 	15.0 	0.0 	0.0 	0.0 	-0.0 	15.0 	0.0 	0.0 	0.0 	0.0	1.16483870968	140.0	-14.064516129	
0.75	0.0	0.0	0.0 	0.0 	71.25 	15.0 	0.0 	0.0 	0.0 	-0.0 	15.0 	0.0 	0.0 	0.0 	0.0	1.16483870968	140.0	-14.064516129	
0.766666666667	0.0	0.0	0.0 	0.0 	71.5 	15.0 	0.0 	0.0 	0.0 	-0.0 	15.0 	0.0 	0.0 	0.0 	0.0	1.16483870968	140.0	-14.064516129	
0.783333333333	0.0	0.0	0.0 	0.0 	71.75 	15.0 	0.0 	0.0 	0.0 	-0.0 	15.0 	0.0 	0.0 	0.0 	0.0	1.16483870968	140.0	-14.064516129	
0.8	0.0	0.0	0.0 	0.0 	72.0 	15.0 	0.0 	0.0 	0.0 	-0.0 	15.0 	0.0 	0.0 	0.0 	0.0	1.16483870968	140.0	-14.064516129	
0.816666666667	0.0	0.0	0.0 	0.0 	72.25 	15.0 	0.0 	0.0 	0.0 	-0.0 	15.0 	0.0 	0.0 	0.0 	0.0	1.16483870968	140.0	-14.064516129	
0.833333333333	0.0	0.0	0.0 	0.0 	72.5 	15.0 	0.0 	0.0 	0.0 	-0.0 	15.0 	0.0 	0.0 	0.0 	0.0	1.16483870968	140.0	-14.064516129	
0.85	0.0	0.0	0.0 	0.0 	72.75 	15.0 	0.0 	0.0 	0.0 	-0.0 	15.0 	0.0 	0.0 	0.0 	0.0	1.16483870968	140.0	-14.064516129	
0.866666666667	0.0	0.0	0.0 	0.0 	73.0 	15.0 	0.0 	0.0 	0.0 	-0.0 	15.0 	0.0 	0.0 	0.0 	0.0	1.16483870968	140.0	-14.064516129	
0.883333333333	0.0	0.0	0.0 	0.0 	73.25 	15.0 	0.0 	0.0 	0.0 	-0.0 	15.0 	0.0 	0.0 	0.0 	0.0	1.16483870968	140.0	-14.064516129	
0.9	0.0	0.0	0.0 	0.0 	73.5 	15.0 	0.0 	0.0 	0.0 	-0.0 	15.0 	0.0 	0.0 	0.0 	0.0	1.16483870968	140.0	-14.064516129	
0.916666666667	0.0	0.0	0.0 	0.0 	73.75 	15.0 	0.0 	0.0 	0.0 	-0.0 	15.0 	0.0 	0.0 	0.0 	0.0	1.16483870968	140.0	-14.064516129	
0.933333333333	0.0	0.0	0.0 	0.0 	74.0 	15.0 	0.0 	0.0 	0.0 	-0.0 	15.0 	0.0 	0.0 	0.0 	0.0	1.16483870968	140.0	-14.064516129	
0.95	0.0	0.0	0.0 	0.0 	74.25 	15.0 	0.0 	0.0 	0.0 	-0.0 	15.0 	0.0 	0.0 	0.0 	0.0	1.16483870968	140.0	-14.064516129	
0.966666666667	0.0	0.0	0.0 	0.0 	74.5 	15.0 	0.0 	0.0 	0.0 	-0.0 	15.0 	0.0 	0.0 	0.0 	0.0	1.16483870968	140.0	-14.064516129	
0.983333333333	0.0	0.0	0.0 	0.0 	74.75 	15.0 	0.0 	0.0 	0.0 	-0.0 	15.0 	0.0 	0.0 	0.0 	0.0	1.16483870968	140.0	-14.064516129	
1.0	0.0	0.0	0.0 	0.0 	75.0 	15.0 	0.0 	0.0 	0.0 	-0.0 	15.0 	0.0 	0.0 	0.0 	0.0	1.16483870968	140.0	-14.064516129	
1.01666666667	0.0	0.0	0.0 	0.0 	75.25 	15.0 	0.0 	0.0 	0.0 	-0.0 	15.0 	0.0 	0.0 	0.0 	0.0	1.16483870968	140.0	-14.064516129	
1.03333333333	0.0	0.0	0.0 	0.0 	75.5 	15.0 	0.0 	0.0 	0.0 	-0.0 	15.0 	0.0 	0.0 	0.0 	0.0	1.16483870968	140.0	-14.064516129	
1.05	0.0	0.0	0.0 	0.0 	75.75 	15.0 	0.0 	0.0 	0.0 	-0.0 	15.0 	0.0 	0.0 	0.0 	0.0	1.16483870968	140.0	-14.064516129	
1.06666666667	0.0	0.0	0.0 	0.0 	76.0 	15.0 	0.0 	0.0 	0.0 	-0.0 	15.0 	0.0 	0.0 	0.0 	0.0	1.16483870968	140.0	-14.064516129	
1.08333333333	0.0	0.0	0.0 	0.0 	76.25 	15.0 	0.0 	0.0 	0.0 	-0.0 	15.0 	0.0 	0.0 	0.0 	0.0	1.16483870968	140.0	-14.064516129	
1.1	0.0	0.0	0.0 	0.0 	76.5 	15.0 	0.0 	0.0 	0.0 	-0.0 	15.0 	0.0 	0.0 	0.0 	0.0	1.16483870968	140.0	-14.064516129	
1.11666666667	0.0	0.0	0.0 	0.0 	76.75 	15.0 	0.0 	0.0 	0.0 	-0.0 	15.0 	0.0 	0.0 	0.0 	0.0	1.16483870968	140.0	-14.064516129	
1.13333333333	0.0	0.0	0.0 	0.0 	77.0 	15.0 	0.0 	0.0 	0.0 	-0.0 	15.0 	0.0 	0.0 	0.0 	0.0	1.16483870968	140.0	-14.064516129	
1.15	0.0	0.0	0.0 	0.0 	77.25 	15.0 	0.0 	0.0 	0.0 	-0.0 	15.0 	0.0 	0.0 	0.0 	0.0	1.16483870968	140.0	-14.064516129	
1.16666666667	0.0	0.0	0.0 	0.0 	77.5 	15.0 	0.0 	0.0 	0.0 	-0.0 	15.0 	0.0 	0.0 	0.0 	0.0	1.16483870968	140.0	-14.064516129	
1.18333333333	0.0	0.0	0.0 	0.0 	77.75 	15.0 	0.0 	0.0 	0.0 	-0.0 	15.0 	0.0 	0.0 	0.0 	0.0	1.16483870968	140.0	-14.064516129	
1.2	0.0	0.0	0.0 	0.0 	78.0 	15.0 	0.0 	0.0 	0.0 	-0.0 	15.0 	0.0 	0.0 	0.0 	0.0	1.16483870968	140.0	-14.064516129	
1.21666666667	0.0	0.0	0.0 	0.0 	78.25 	15.0 	0.0 	0.0 	0.0 	-0.0 	15.0 	0.0 	0.0 	0.0 	0.0	1.16483870968	140.0	-14.064516129	
1.23333333333	0.0	0.0	0.0 	0.0 	78.5 	15.0 	0.0 	0.0 	0.0 	-0.0 	15.0 	0.0 	0.0 	0.0 	0.0	1.16483870968	140.0	-14.064516129	
1.25	0.0	0.0	0.0 	0.0 	78.75 	15.0 	0.0 	0.0 	0.0 	-0.0 	15.0 	0.0 	0.0 	0.0 	0.0	1.16483870968	140.0	-14.064516129	
1.26666666667	0.0	0.0	0.0 	0.0 	79.0 	15.0 	0.0 	0.0 	0.0 	-0.0 	15.0 	0.0 	0.0 	0.0 	0.0	1.16483870968	140.0	-14.064516129	
1.28333333333	0.0	0.0	0.0 	0.0 	79.25 	15.0 	0.0 	0.0 	0.0 	-0.0 	15.0 	0.0 	0.0 	0.0 	0.0	1.16483870968	140.0	-14.064516129	
1.3	0.0	0.0	0.0 	0.0 	79.5 	15.0 	0.0 	0.0 	0.0 	-0.0 	15.0 	0.0 	0.0 	0.0 	0.0	1.16483870968	140.0	-14.064516129	
1.31666666667	0.0	0.0	0.0 	0.0 	79.75 	15.0 	0.0 	0.0 	0.0 	-0.0 	15.0 	0.0 	0.0 	0.0 	0.0	1.16483870968	140.0	-14.064516129	
1.33333333333	0.0	0.0	0.0 	0.0 	80.0 	15.0 	0.0 	0.0 	0.0 	-0.0 	15.0 	0.0 	0.0 	0.0 	0.0193146417445	1.34733205597	140.000313907	-14.0644447907	
1.35	0.0	0.0	0.0 	0.0 	80.25 	15.0 	0.0 	0.0 	0.0 	-0.0 	15.0 	0.0 	0.0 	0.0 	0.038554672412	1.49940984455	140.000954848	-14.0643989583	
1.36666666667	0.0	0.0	0.0 	0.0 	80.5 	15.0 	0.0 	0.0 	0.0 	-0.0 	15.0 	0.0 	0.0 	0.0 	0.0577203802195	1.62614133503	140.001915381	-14.0644521733	
1.38333333333	0.0	0.0	0.0 	0.0 	80.75 	15.0 	0.0 	0.0 	0.0 	-0.0 	15.0 	0.0 	0.0 	0.0 	0.0768120522709	1.73175091044	140.003179035	-14.064657339	
1.4	0.0	0.0	0.0 	0.0 	81.0 	15.0 	0.0 	0.0 	0.0 	-0.0 	15.0 	0.0 	0.0 	0.0 	0.0958299745612	1.81975888994	140.004726958	-14.0650508786	
1.41666666667	0.0	0.0	0.0 	0.0 	81.25 	15.0 	0.0 	0.0 	0.0 	-0.0 	15.0 	0.0 	0.0 	0.0 	0.11477443198	1.89309887286	140.006541367	-14.0656567946	
1.43333333333	0.0	0.0	0.0 	0.0 	81.5 	15.0 	0.0 	0.0 	0.0 	-0.0 	15.0 	0.0 	0.0 	0.0 	0.133645708318	1.95421552529	140.008607064	-14.0664900613	
1.45	0.0	0.0	0.0 	0.0 	81.75 	15.0 	0.0 	0.0 	0.0 	-0.0 	15.0 	0.0 	0.0 	0.0 	0.152444086267	2.00514606898	140.010911876	-14.0675592549	
1.46666666667	0.0	0.0	0.0 	0.0 	82.0 	15.0 	0.0 	0.0 	0.0 	-0.0 	15.0 	0.0 	0.0 	0.0 	0.171169847429	2.04758818873	140.013446536	-14.0688685079	
1.48333333333	0.0	0.0	0.0 	0.0 	82.25 	15.0 	0.0 	0.0 	0.0 	-0.0 	15.0 	0.0 	0.0 	0.0 	0.189823272318	2.08295662185	140.016204314	-14.0704189259	
1.5	0.0	0.0	0.0 	0.0 	82.5 	15.0 	0.0 	0.0 	0.0 	-0.0 	15.0 	0.0 	0.0 	0.0 	0.208404640362	2.11243031611	140.019180566	-14.0722095969	
1.51666666667	0.0	0.0	0.0 	0.0 	82.75 	15.0 	0.0 	0.0 	0.0 	-0.0 	15.0 	0.0 	0.0 	0.0 	0.226914229913	2.136991728	140.022372296	-14.0742383048	
1.53333333333	0.0	0.0	0.0 	0.0 	83.0 	15.0 	0.0 	0.0 	0.0 	-0.0 	15.0 	0.0 	0.0 	0.0 	0.245352318247	2.15745957124	140.025777756	-14.0765020287	
1.55	0.0	0.0	0.0 	0.0 	83.25 	15.0 	0.0 	0.0 	0.0 	-0.0 	15.0 	0.0 	0.0 	0.0 	0.263719181565	2.17451610728	140.029396113	-14.0789972896	
1.56666666667	0.0	0.0	0.0 	0.0 	83.5 	15.0 	0.0 	0.0 	0.0 	-0.0 	15.0 	0.0 	0.0 	0.0 	0.282015095007	2.1887298873	140.033227181	-14.0817203902	
1.58333333333	0.0	0.0	0.0 	0.0 	83.75 	15.0 	0.0 	0.0 	0.0 	-0.0 	15.0 	0.0 	0.0 	0.0 	0.300240332647	2.200574704	140.037271209	-14.0846675777	
1.6	0.0	0.0	0.0 	0.0 	84.0 	15.0 	0.0 	0.0 	0.0 	-0.0 	15.0 	0.0 	0.0 	0.0 	0.318395167499	2.21044538457	140.041528711	-14.0878351528	
1.61666666667	0.0	0.0	0.0 	0.0 	84.25 	15.0 	0.0 	0.0 	0.0 	-0.0 	15.0 	0.0 	0.0 	0.0 	0.336479871525	2.21867095172	140.04600035	-14.0912195406	
1.63333333333	0.0	0.0	0.0 	0.0 	84.5 	15.0 	0.0 	0.0 	0.0 	-0.0 	15.0 	0.0 	0.0 	0.0 	0.354494715635	2.225525591	140.050686846	-14.0948173341	
1.65	0.0	0.0	0.0 	0.0 	84.75 	15.0 	0.0 	0.0 	0.0 	-0.0 	15.0 	0.0 	0.0 	0.0 	0.372439969693	2.23123779041	140.05558891	-14.0986253189	
1.66666666667	0.0	0.0	0.0 	0.0 	85.0 	15.0 	0.0 	0.0 	0.0 	-0.0 	15.0 	0.0 	0.0 	0.0 	0.39031590252	2.23599795658	140.060707203	-14.1026404842	
1.68333333333	0.0	0.0	0.0 	0.0 	85.25 	15.0 	0.0 	0.0 	0.0 	-0.0 	15.0 	0.0 	0.0 	0.0 	0.4081227819	2.23996476173	140.066042305	-14.1068600247	
1.7	0.0	0.0	0.0 	0.0 	85.5 	15.0 	0.0 	0.0 	0.0 	-0.0 	15.0 	0.0 	0.0 	0.0 	0.42586087458	2.24327043268	140.0715947	-14.111281336	
1.71666666667	0.0	0.0	0.0 	0.0 	85.75 	15.0 	0.0 	0.0 	0.0 	-0.0 	15.0 	0.0 	0.0 	0.0 	0.44353044628	2.24602515848	140.077364764	-14.1159020062	
1.73333333333	0.0	0.0	0.0 	0.0 	86.0 	15.0 	0.0 	0.0 	0.0 	-0.0 	15.0 	0.0 	0.0 	0.0 	0.46113176169	2.2483207633	140.083352767	-14.1207198046	
1.75	0.0	0.0	0.0 	0.0 	86.25 	15.0 	0.0 	0.0 	0.0 	-0.0 	15.0 	0.0 	0.0 	0.0 	0.478665084479	2.25023376733	140.08955887	-14.1257326685	
1.76666666667	0.0	0.0	0.0 	0.0 	86.5 	15.0 	0.0 	0.0 	0.0 	-0.0 	15.0 	0.0 	0.0 	0.0 	0.496130677299	2.25182793735	140.095983131	-14.1309386904	
1.78333333333	0.0	0.0	0.0 	0.0 	86.75 	15.0 	0.0 	0.0 	0.0 	-0.0 	15.0 	0.0 	0.0 	0.0 	0.513528801786	2.25315641236	140.102625511	-14.1363361042	
1.8	0.0	0.0	0.0 	0.0 	87.0 	15.0 	0.0 	0.0 	0.0 	-0.0 	15.0 	0.0 	0.0 	0.0 	0.530859718564	2.25426347488	140.109485881	-14.1419232718	
1.81666666667	0.0	0.0	0.0 	0.0 	87.25 	15.0 	0.0 	0.0 	0.0 	-0.0 	15.0 	0.0 	0.0 	0.0 	0.548123687252	2.25518602697	140.116564031	-14.1476986708	
1.83333333333	0.0	0.0	0.0 	0.0 	87.5 	15.0 	0.0 	0.0 	0.0 	-0.0 	15.0 	0.0 	0.0 	0.0 	0.565320966467	2.25595482039	140.123859675	-14.1536608825	
1.85	0.0	0.0	0.0 	0.0 	87.75 	15.0 	0.0 	0.0 	0.0 	-0.0 	15.0 	0.0 	0.0 	0.0 	0.582451813824	2.25659548156	140.131372461	-14.1598085807	
1.86666666667	0.0	0.0	0.0 	0.0 	88.0 	15.0 	0.0 	0.0 	0.0 	-0.0 	15.0 	0.0 	0.0 	0.0 	0.599516485945	2.25712936588	140.139101976	-14.1661405217	
1.88333333333	0.0	0.0	0.0 	0.0 	88.25 	15.0 	0.0 	0.0 	0.0 	-0.0 	15.0 	0.0 	0.0 	0.0 	0.61651523846	2.25757426947	140.147047758	-14.172655535	
1.9	0.0	0.0	0.0 	0.0 	88.5 	15.0 	0.0 	0.0 	0.0 	-0.0 	15.0 	0.0 	0.0 	0.0 	0.633448326012	2.25794502247	140.155209295	-14.1793525148	
1.91666666667	0.0	0.0	0.0 	0.0 	88.75 	15.0 	0.0 	0.0 	0.0 	-0.0 	15.0 	0.0 	0.0 	0.0 	0.650316002261	2.2582539833	140.163586035	-14.1862304124	
1.93333333333	0.0	0.0	0.0 	0.0 	89.0 	15.0 	0.0 	0.0 	0.0 	-0.0 	15.0 	0.0 	0.0 	0.0 	0.667118519885	2.25851145066	140.172177392	-14.1932882297	
1.95	0.0	0.0	0.0 	0.0 	89.25 	15.0 	0.0 	0.0 	0.0 	-0.0 	15.0 	0.0 	0.0 	0.0 	0.683856130587	2.25872600679	140.180982748	-14.2005250129	
1.96666666667	0.0	0.0	0.0 	0.0 	89.5 	15.0 	0.0 	0.0 	0.0 	-0.0 	15.0 	0.0 	0.0 	0.0 	0.700529085098	2.25890480356	140.190001461	-14.2079398473	
1.98333333333	0.0	0.0	0.0 	0.0 	89.75 	15.0 	0.0 	0.0 	0.0 	-0.0 	15.0 	0.0 	0.0 	0.0 	0.71713763318	2.25905380088	140.199232863	-14.2155318523	
2.0	0.0	0.0	0.0 	0.0 	90.0 	15.0 	0.0 	0.0 	0.0 	-0.0 	15.0 	0.0 	0.0 	0.0 	0.733682023631	2.25917796531	140.20867627	-14.2233001778	
2.01666666667	0.0	0.0	0.0 	0.0 	90.25 	15.0 	0.0 	0.0 	0.0 	-0.0 	15.0 	0.0 	0.0 	0.0 	0.750162504288	2.25928143566	140.218330979	-14.2312439999	
2.03333333333	0.0	0.0	0.0 	0.0 	90.5 	15.0 	0.0 	0.0 	0.0 	-0.0 	15.0 	0.0 	0.0 	0.0 	0.766579322028	2.25936766096	140.228196275	-14.239362518	
2.05	0.0	0.0	0.0 	0.0 	90.75 	15.0 	0.0 	0.0 	0.0 	-0.0 	15.0 	0.0 	0.0 	0.0 	0.782932722778	2.25943951537	140.238271431	-14.247654952	
2.06666666667	0.0	0.0	0.0 	0.0 	91.0 	15.0 	0.0 	0.0 	0.0 	-0.0 	15.0 	0.0 	0.0 	0.0 	0.799222951512	2.25949939405	140.248555711	-14.2561205399	
2.08333333333	0.0	0.0	0.0 	0.0 	91.25 	15.0 	0.0 	0.0 	0.0 	-0.0 	15.0 	0.0 	0.0 	0.0 	0.815450252261	2.25954929295	140.259048371	-14.2647585353	
2.1	0.0	0.0	0.0 	0.0 	91.5 	15.0 	0.0 	0.0 	0.0 	-0.0 	15.0 	0.0 	0.0 	0.0 	0.831614868108	2.25959087537	140.269748659	-14.2735682061	
2.11666666667	0.0	0.0	0.0 	0.0 	91.75 	15.0 	0.0 	0.0 	0.0 	-0.0 	15.0 	0.0 	0.0 	0.0 	0.847717041204	2.25962552738	140.280655821	-14.2825488325	
2.13333333333	0.0	0.0	0.0 	0.0 	92.0 	15.0 	0.0 	0.0 	0.0 	-0.0 	15.0 	0.0 	0.0 	0.0 	0.863757012758	2.25965440406	140.291769097	-14.2916997055	
2.15	0.0	0.0	0.0 	0.0 	92.25 	15.0 	0.0 	0.0 	0.0 	-0.0 	15.0 	0.0 	0.0 	0.0 	0.879735023051	2.25967846796	140.303087725	-14.3010201262	
2.16666666667	0.0	0.0	0.0 	0.0 	92.5 	15.0 	0.0 	0.0 	0.0 	-0.0 	15.0 	0.0 	0.0 	0.0 	0.895651311436	2.25969852121	140.314610941	-14.3105094044	
2.18333333333	0.0	0.0	0.0 	0.0 	92.75 	15.0 	0.0 	0.0 	0.0 	-0.0 	15.0 	0.0 	0.0 	0.0 	0.911506116339	2.25971523225	140.326337979	-14.3201668576	
2.2	0.0	0.0	0.0 	0.0 	93.0 	15.0 	0.0 	0.0 	0.0 	-0.0 	15.0 	0.0 	0.0 	0.0 	0.927299675266	2.25972915811	140.338268074	-14.3299918105	
2.21666666667	0.0	0.0	0.0 	0.0 	93.25 	15.0 	0.0 	0.0 	0.0 	-0.0 	15.0 	0.0 	0.0 	0.0 	0.943032224807	2.259740763	140.350400459	-14.3399835941	
2.23333333333	0.0	0.0	0.0 	0.0 	93.5 	15.0 	0.0 	0.0 	0.0 	-0.0 	15.0 	0.0 	0.0 	0.0 	0.958704000637	2.25975043374	140.362734367	-14.3501415455	
2.25	0.0	0.0	0.0 	0.0 	93.75 	15.0 	0.0 	0.0 	0.0 	-0.0 	15.0 	0.0 	0.0 	0.0 	0.974315237519	2.25975849269	140.375269033	-14.3604650067	
2.26666666667	0.0	0.0	0.0 	0.0 	94.0 	15.0 	0.0 	0.0 	0.0 	-0.0 	15.0 	0.0 	0.0 	0.0 	0.989866169312	2.25976520849	140.388003694	-14.3709533251	
2.28333333333	0.0	0.0	0.0 	0.0 	94.25 	15.0 	0.0 	0.0 	0.0 	-0.0 	15.0 	0.0 	0.0 	0.0 	1.00535702897	2.25977080498	140.400937585	-14.3816058522	
2.3	0.0	0.0	0.0 	0.0 	94.5 	15.0 	0.0 	0.0 	0.0 	-0.0 	15.0 	0.0 	0.0 	0.0 	1.02078804855	2.25977546872	140.414069945	-14.392421944	
2.31666666667	0.0	0.0	0.0 	0.0 	94.75 	15.0 	0.0 	0.0 	0.0 	-0.0 	15.0 	0.0 	0.0 	0.0 	1.0361594592	2.25977935518	140.427400015	-14.4034009604	
2.33333333333	0.0	0.0	0.0 	0.0 	95.0 	15.0 	0.0 	0.0 	0.0 	-0.0 	15.0 	0.0 	0.0 	0.0 	1.05147149119	2.25978259389	140.440927036	-14.414542265	
2.35	0.0	0.0	0.0 	0.0 	95.25 	15.0 	0.0 	0.0 	0.0 	-0.0 	15.0 	0.0 	0.0 	0.0 	1.06672437391	2.25978529282	140.454650253	-14.425845225	
2.36666666667	0.0	0.0	0.0 	0.0 	95.5 	15.0 	0.0 	0.0 	0.0 	-0.0 	15.0 	0.0 	0.0 	0.0 	1.08191833583	2.25978754192	140.468568912	-14.4373092107	
2.38333333333	0.0	0.0	0.0 	0.0 	95.75 	15.0 	0.0 	0.0 	0.0 	-0.0 	15.0 	0.0 	0.0 	0.0 	1.09705360456	2.25978941618	140.482682261	-14.4489335959	
2.4	0.0	0.0	0.0 	0.0 	96.0 	15.0 	0.0 	0.0 	0.0 	-0.0 	15.0 	0.0 	0.0 	0.0 	1.11213040684	2.25979097805	140.496989551	-14.4607177573	
2.41666666667	0.0	0.0	0.0 	0.0 	96.25 	15.0 	0.0 	0.0 	0.0 	-0.0 	15.0 	0.0 	0.0 	0.0 	1.12714896851	2.25979227962	140.511490036	-14.4726610746	
2.43333333333	0.0	0.0	0.0 	0.0 	96.5 	15.0 	0.0 	0.0 	0.0 	-0.0 	15.0 	0.0 	0.0 	0.0 	1.14210951455	2.25979336426	140.526182971	-14.4847629304	
2.45	0.0	0.0	0.0 	0.0 	96.75 	15.0 	0.0 	0.0 	0.0 	-0.0 	15.0 	0.0 	0.0 	0.0 	1.15701226907	2.25979426812	140.541067615	-14.4970227101	
2.46666666667	0.0	0.0	0.0 	0.0 	97.0 	15.0 	0.0 	0.0 	0.0 	-0.0 	15.0 	0.0 	0.0 	0.0 	1.17185745532	2.25979502134	140.556143229	-14.5094398018	
2.48333333333	0.0	0.0	0.0 	0.0 	97.25 	15.0 	0.0 	0.0 	0.0 	-0.0 	15.0 	0.0 	0.0 	0.0 	1.18664529568	2.25979564903	140.571409077	-14.5220135961	
2.5	0.0	0.0	0.0 	0.0 	97.5 	15.0 	0.0 	0.0 	0.0 	-0.0 	15.0 	0.0 	0.0 	0.0 	1.20137601167	2.2597961721	140.586864424	-14.5347434864	
2.51666666667	0.0	0.0	0.0 	0.0 	97.75 	15.0 	0.0 	0.0 	0.0 	-0.0 	15.0 	0.0 	0.0 	0.0 	1.21604982396	2.25979660799	140.60250854	-14.5476288686	
2.53333333333	0.0	0.0	0.0 	0.0 	98.0 	15.0 	0.0 	0.0 	0.0 	-0.0 	15.0 	0.0 	0.0 	0.0 	1.23066695237	2.25979697123	140.618340696	-14.5606691411	
2.55	0.0	0.0	0.0 	0.0 	98.25 	15.0 	0.0 	0.0 	0.0 	-0.0 	15.0 	0.0 	0.0 	0.0 	1.24522761585	2.25979727393	140.634360167	-14.5738637046	
2.56666666667	0.0	0.0	0.0 	0.0 	98.5 	15.0 	0.0 	0.0 	0.0 	-0.0 	15.0 	0.0 	0.0 	0.0 	1.25973203254	2.25979752619	140.650566229	-14.5872119627	
2.58333333333	0.0	0.0	0.0 	0.0 	98.75 	15.0 	0.0 	0.0 	0.0 	-0.0 	15.0 	0.0 	0.0 	0.0 	1.2741804197	2.2597977364	140.666958162	-14.6007133208	
2.6	0.0	0.0	0.0 	0.0 	99.0 	15.0 	0.0 	0.0 	0.0 	-0.0 	15.0 	0.0 	0.0 	0.0 	1.28857299378	2.25979791157	140.683535249	-14.6143671872	
2.61666666667	0.0	0.0	0.0 	0.0 	99.25 	15.0 	0.0 	0.0 	0.0 	-0.0 	15.0 	0.0 	0.0 	0.0 	1.30290997038	2.25979805755	140.700296775	-14.6281729722	
2.63333333333	0.0	0.0	0.0 	0.0 	99.5 	15.0 	0.0 	0.0 	0.0 	-0.0 	15.0 	0.0 	0.0 	0.0 	1.31719156427	2.2597981792	140.717242027	-14.6421300888	
2.65	0.0	0.0	0.0 	0.0 	99.75 	15.0 	0.0 	0.0 	0.0 	-0.0 	15.0 	0.0 	0.0 	0.0 	1.33141798938	2.25979828057	140.734370296	-14.6562379519	
2.66666666667	0.0	0.0	0.0 	0.0 	100.0 	15.0 	0.0 	0.0 	0.0 	-0.0 	15.0 	0.0 	0.0 	0.0 	1.34558945882	2.25979836505	140.751680875	-14.6704959791	
2.68333333333	0.0	0.0	0.0 	0.0 	100.25 	15.0 	0.0 	0.0 	0.0 	-0.0 	15.0 	0.0 	0.0 	0.0 	1.3597061849	2.25979843545	140.769173061	-14.68490359	
2.7	0.0	0.0	0.0 	0.0 	100.5 	15.0 	0.0 	0.0 	0.0 	-0.0 	15.0 	0.0 	0.0 	0.0 	1.37376837908	2.25979849412	140.786846151	-14.6994602067	
2.71666666667	0.0	0.0	0.0 	0.0 	100.75 	15.0 	0.0 	0.0 	0.0 	-0.0 	15.0 	0.0 	0.0 	0.0 	1.38777625201	2.25979854301	140.804699448	-14.7141652534	
2.73333333333	0.0	0.0	0.0 	0.0 	101.0 	15.0 	0.0 	0.0 	0.0 	-0.0 	15.0 	0.0 	0.0 	0.0 	1.40173001353	2.25979858375	140.822732254	-14.7290181565	
2.75	0.0	0.0	0.0 	0.0 	101.25 	15.0 	0.0 	0.0 	0.0 	-0.0 	15.0 	0.0 	0.0 	0.0 	1.41562987266	2.2597986177	140.840943877	-14.7440183449	
2.76666666667	0.0	0.0	0.0 	0.0 	101.5 	15.0 	0.0 	0.0 	0.0 	-0.0 	15.0 	0.0 	0.0 	0.0 	1.42947603764	2.25979864599	140.859333627	-14.7591652495	
2.78333333333	0.0	0.0	0.0 	0.0 	101.75 	15.0 	0.0 	0.0 	0.0 	-0.0 	15.0 	0.0 	0.0 	0.0 	1.44326871588	2.25979866956	140.877900814	-14.7744583035	
2.8	0.0	0.0	0.0 	0.0 	102.0 	15.0 	0.0 	0.0 	0.0 	-0.0 	15.0 	0.0 	0.0 	0.0 	1.45700811398	2.25979868921	140.896644754	-14.7898969422	
2.81666666667	0.0	0.0	0.0 	0.0 	102.25 	15.0 	0.0 	0.0 	0.0 	-0.0 	15.0 	0.0 	0.0 	0.0 	1.47069443778	2.25979870558	140.915564763	-14.8054806032	
2.83333333333	0.0	0.0	0.0 	0.0 	102.5 	15.0 	0.0 	0.0 	0.0 	-0.0 	15.0 	0.0 	0.0 	0.0 	1.48432789229	2.25979871923	140.934660163	-14.8212087262	
2.85	0.0	0.0	0.0 	0.0 	102.75 	15.0 	0.0 	0.0 	0.0 	-0.0 	15.0 	0.0 	0.0 	0.0 	1.49790868174	2.2597987306	140.953930275	-14.8370807531	
2.86666666667	0.0	0.0	0.0 	0.0 	103.0 	15.0 	0.0 	0.0 	0.0 	-0.0 	15.0 	0.0 	0.0 	0.0 	1.51143700957	2.25979874007	140.973374424	-14.8530961281	
2.88333333333	0.0	0.0	0.0 	0.0 	103.25 	15.0 	0.0 	0.0 	0.0 	-0.0 	15.0 	0.0 	0.0 	0.0 	1.52491307845	2.25979874797	140.992991938	-14.8692542974	
2.9	0.0	0.0	0.0 	0.0 	103.5 	15.0 	0.0 	0.0 	0.0 	-0.0 	15.0 	0.0 	0.0 	0.0 	1.53833709023	2.25979875455	141.012782148	-14.8855547093	
2.91666666667	0.0	0.0	0.0 	0.0 	103.75 	15.0 	0.0 	0.0 	0.0 	-0.0 	15.0 	0.0 	0.0 	0.0 	1.55170924602	2.25979876003	141.032744386	-14.9019968143	
2.93333333333	0.0	0.0	0.0 	0.0 	104.0 	15.0 	0.0 	0.0 	0.0 	-0.0 	15.0 	0.0 	0.0 	0.0 	1.56502974613	2.2597987646	141.052877989	-14.9185800651	
2.95	0.0	0.0	0.0 	0.0 	104.25 	15.0 	0.0 	0.0 	0.0 	-0.0 	15.0 	0.0 	0.0 	0.0 	1.5782987901	2.25979876841	141.073182293	-14.9353039165	
2.96666666667	0.0	0.0	0.0 	0.0 	104.5 	15.0 	0.0 	0.0 	0.0 	-0.0 	15.0 	0.0 	0.0 	0.0 	1.5915165767	2.25979877158	141.093656639	-14.9521678252	
2.98333333333	0.0	0.0	0.0 	0.0 	104.75 	15.0 	0.0 	0.0 	0.0 	-0.0 	15.0 	0.0 	0.0 	0.0 	1.60468330395	2.25979877423	141.114300371	-14.9691712503	
3.0	0.0	0.0	0.0 	0.0 	105.0 	15.0 	0.0 	0.0 	0.0 	-0.0 	15.0 	0.0 	0.0 	0.0 	1.61779916906	2.25979877643	141.135112835	-14.9863136527	
3.01666666667	0.0	0.0	0.0 	0.0 	105.25 	15.0 	0.0 	0.0 	0.0 	-0.0 	15.0 	0.0 	0.0 	0.0 	1.63086436854	2.25979877827	141.156093378	-15.0035944957	
3.03333333333	0.0	0.0	0.0 	0.0 	105.5 	15.0 	0.0 	0.0 	0.0 	-0.0 	15.0 	0.0 	0.0 	0.0 	1.64387909808	2.2597987798	141.177241351	-15.0210132444	
3.05	0.0	0.0	0.0 	0.0 	105.75 	15.0 	0.0 	0.0 	0.0 	-0.0 	15.0 	0.0 	0.0 	0.0 	1.65684355265	2.25979878107	141.198556108	-15.0385693662	
3.06666666667	0.0	0.0	0.0 	0.0 	106.0 	15.0 	0.0 	0.0 	0.0 	-0.0 	15.0 	0.0 	0.0 	0.0 	1.66975792647	2.25979878213	141.220037004	-15.0562623303	
3.08333333333	0.0	0.0	0.0 	0.0 	106.25 	15.0 	0.0 	0.0 	0.0 	-0.0 	15.0 	0.0 	0.0 	0.0 	1.68262241298	2.25979878302	141.241683397	-15.0740916081	
3.1	0.0	0.0	0.0 	0.0 	106.5 	15.0 	0.0 	0.0 	0.0 	-0.0 	15.0 	0.0 	0.0 	0.0 	1.69543720491	2.25979878376	141.263494649	-15.092056673	
3.11666666667	0.0	0.0	0.0 	0.0 	106.75 	15.0 	0.0 	0.0 	0.0 	-0.0 	15.0 	0.0 	0.0 	0.0 	1.70820249421	2.25979878437	141.285470121	-15.1101570006	
3.13333333333	0.0	0.0	0.0 	0.0 	107.0 	15.0 	0.0 	0.0 	0.0 	-0.0 	15.0 	0.0 	0.0 	0.0 	1.72091847211	2.25979878488	141.307609181	-15.1283920683	
3.15	0.0	0.0	0.0 	0.0 	107.25 	15.0 	0.0 	0.0 	0.0 	-0.0 	15.0 	0.0 	0.0 	0.0 	1.73358532911	2.25979878531	141.329911196	-15.1467613556	
3.16666666667	0.0	0.0	0.0 	0.0 	107.5 	15.0 	0.0 	0.0 	0.0 	-0.0 	15.0 	0.0 	0.0 	0.0 	1.74620325494	2.25979878567	141.352375537	-15.165264344	
3.18333333333	0.0	0.0	0.0 	0.0 	107.75 	15.0 	0.0 	0.0 	0.0 	-0.0 	15.0 	0.0 	0.0 	0.0 	1.75877243863	2.25979878596	141.375001575	-15.1839005171	
3.2	0.0	0.0	0.0 	0.0 	108.0 	15.0 	0.0 	0.0 	0.0 	-0.0 	15.0 	0.0 	0.0 	0.0 	1.77129306846	2.25979878621	141.397788688	-15.2026693604	
3.21666666667	0.0	0.0	0.0 	0.0 	108.25 	15.0 	0.0 	0.0 	0.0 	-0.0 	15.0 	0.0 	0.0 	0.0 	1.78376533199	2.25979878642	141.420736252	-15.2215703613	
3.23333333333	0.0	0.0	0.0 	0.0 	108.5 	15.0 	0.0 	0.0 	0.0 	-0.0 	15.0 	0.0 	0.0 	0.0 	1.79618941607	2.25979878659	141.443843649	-15.2406030094	
3.25	0.0	0.0	0.0 	0.0 	108.75 	15.0 	0.0 	0.0 	0.0 	-0.0 	15.0 	0.0 	0.0 	0.0 	1.8085655068	2.25979878673	141.467110259	-15.259766796	
3.26666666667	0.0	0.0	0.0 	0.0 	109.0 	15.0 	0.0 	0.0 	0.0 	-0.0 	15.0 	0.0 	0.0 	0.0 	1.82089378958	2.25979878685	141.490535469	-15.2790612148	
3.28333333333	0.0	0.0	0.0 	0.0 	109.25 	15.0 	0.0 	0.0 	0.0 	-0.0 	15.0 	0.0 	0.0 	0.0 	1.83317444908	2.25979878695	141.514118666	-15.2984857609	
3.3	0.0	0.0	0.0 	0.0 	109.5 	15.0 	0.0 	0.0 	0.0 	-0.0 	15.0 	0.0 	0.0 	0.0 	1.84540766928	2.25979878703	141.537859239	-15.3180399318	
3.31666666667	0.0	0.0	0.0 	0.0 	109.75 	15.0 	0.0 	0.0 	0.0 	-0.0 	15.0 	0.0 	0.0 	0.0 	1.85759363342	2.2597987871	141.56175658	-15.3377232266	
3.33333333333	0.0	0.0	0.0 	0.0 	110.0 	15.0 	0.0 	0.0 	0.0 	-0.0 	15.0 	0.0 	0.0 	0.0 	1.86973252406	2.25979878716	141.585810085	-15.3575351467	
3.35	0.0	0.0	0.0 	0.0 	110.25 	15.0 	0.0 	0.0 	0.0 	-0.0 	15.0 	0.0 	0.0 	0.0 	1.88182452303	2.25979878721	141.610019149	-15.3774751951	
3.36666666667	0.0	0.0	0.0 	0.0 	110.5 	15.0 	0.0 	0.0 	0.0 	-0.0 	15.0 	0.0 	0.0 	0.0 	1.89386981148	2.25979878725	141.634383172	-15.3975428769	
3.38333333333	0.0	0.0	0.0 	0.0 	110.75 	15.0 	0.0 	0.0 	0.0 	-0.0 	15.0 	0.0 	0.0 	0.0 	1.90586856984	2.25979878728	141.658901555	-15.4177376991	
3.4	0.0	0.0	0.0 	0.0 	111.0 	15.0 	0.0 	0.0 	0.0 	-0.0 	15.0 	0.0 	0.0 	0.0 	1.91782097785	2.25979878731	141.683573701	-15.4380591704	
3.41666666667	0.0	0.0	0.0 	0.0 	111.25 	15.0 	0.0 	0.0 	0.0 	-0.0 	15.0 	0.0 	0.0 	0.0 	1.92972721458	2.25979878733	141.708399018	-15.4585068018	
3.43333333333	0.0	0.0	0.0 	0.0 	111.5 	15.0 	0.0 	0.0 	0.0 	-0.0 	15.0 	0.0 	0.0 	0.0 	1.94158745836	2.25979878735	141.733376913	-15.4790801057	
3.45	0.0	0.0	0.0 	0.0 	111.75 	15.0 	0.0 	0.0 	0.0 	-0.0 	15.0 	0.0 	0.0 	0.0 	1.95340188687	2.25979878737	141.758506797	-15.4997785969	
3.46666666667	0.0	0.0	0.0 	0.0 	112.0 	15.0 	0.0 	0.0 	0.0 	-0.0 	15.0 	0.0 	0.0 	0.0 	1.96517067709	2.25979878738	141.783788082	-15.5206017916	
3.48333333333	0.0	0.0	0.0 	0.0 	112.25 	15.0 	0.0 	0.0 	0.0 	-0.0 	15.0 	0.0 	0.0 	0.0 	1.97689400531	2.25979878739	141.809220185	-15.5415492081	
3.5	0.0	0.0	0.0 	0.0 	112.5 	15.0 	0.0 	0.0 	0.0 	-0.0 	15.0 	0.0 	0.0 	0.0 	1.98857204716	2.2597987874	141.834802521	-15.5626203667	
3.51666666667	0.0	0.0	0.0 	0.0 	112.75 	15.0 	0.0 	0.0 	0.0 	-0.0 	15.0 	0.0 	0.0 	0.0 	2.00020497757	2.25979878741	141.860534511	-15.5838147893	
3.53333333333	0.0	0.0	0.0 	0.0 	113.0 	15.0 	0.0 	0.0 	0.0 	-0.0 	15.0 	0.0 	0.0 	0.0 	2.0117929708	2.25979878741	141.886415578	-15.6051319996	
3.55	0.0	0.0	0.0 	0.0 	113.25 	15.0 	0.0 	0.0 	0.0 	-0.0 	15.0 	0.0 	0.0 	0.0 	2.02333620045	2.25979878742	141.912445144	-15.6265715235	
3.56666666667	0.0	0.0	0.0 	0.0 	113.5 	15.0 	0.0 	0.0 	0.0 	-0.0 	15.0 	0.0 	0.0 	0.0 	2.03483483943	2.25979878742	141.938622636	-15.6481328884	
3.58333333333	0.0	0.0	0.0 	0.0 	113.75 	15.0 	0.0 	0.0 	0.0 	-0.0 	15.0 	0.0 	0.0 	0.0 	2.04628905998	2.25979878743	141.964947483	-15.6698156237	
3.6	0.0	0.0	0.0 	0.0 	114.0 	15.0 	0.0 	0.0 	0.0 	-0.0 	15.0 	0.0 	0.0 	0.0 	2.05769903371	2.25979878743	141.991419116	-15.6916192604	
3.61666666667	0.0	0.0	0.0 	0.0 	114.25 	15.0 	0.0 	0.0 	0.0 	-0.0 	15.0 	0.0 	0.0 	0.0 	2.06906493152	2.25979878743	142.018036967	-15.7135433317	
3.63333333333	0.0	0.0	0.0 	0.0 	114.5 	15.0 	0.0 	0.0 	0.0 	-0.0 	15.0 	0.0 	0.0 	0.0 	2.08038692369	2.25979878744	142.044800473	-15.7355873722	
3.65	0.0	0.0	0.0 	0.0 	114.75 	15.0 	0.0 	0.0 	0.0 	-0.0 	15.0 	0.0 	0.0 	0.0 	2.09166517981	2.25979878744	142.071709069	-15.7577509185	
3.66666666667	0.0	0.0	0.0 	0.0 	115.0 	15.0 	0.0 	0.0 	0.0 	-0.0 	15.0 	0.0 	0.0 	0.0 	2.10289986883	2.25979878744	142.098762196	-15.780033509	
3.68333333333	0.0	0.0	0.0 	0.0 	115.25 	15.0 	0.0 	0.0 	0.0 	-0.0 	15.0 	0.0 	0.0 	0.0 	2.11409115906	2.25979878744	142.125959295	-15.8024346838	
3.7	0.0	0.0	0.0 	0.0 	115.5 	15.0 	0.0 	0.0 	0.0 	-0.0 	15.0 	0.0 	0.0 	0.0 	2.12523921813	2.25979878744	142.153299811	-15.8249539848	
3.71666666667	0.0	0.0	0.0 	0.0 	115.75 	15.0 	0.0 	0.0 	0.0 	-0.0 	15.0 	0.0 	0.0 	0.0 	2.13634421305	2.25979878744	142.180783188	-15.8475909557	
3.73333333333	0.0	0.0	0.0 	0.0 	116.0 	15.0 	0.0 	0.0 	0.0 	-0.0 	15.0 	0.0 	0.0 	0.0 	2.14740631017	2.25979878744	142.208408876	-15.8703451421	
3.75	0.0	0.0	0.0 	0.0 	116.25 	15.0 	0.0 	0.0 	0.0 	-0.0 	15.0 	0.0 	0.0 	0.0 	2.15842567521	2.25979878744	142.236176325	-15.8932160909	
3.76666666667	0.0	0.0	0.0 	0.0 	116.5 	15.0 	0.0 	0.0 	0.0 	-0.0 	15.0 	0.0 	0.0 	0.0 	2.16940247322	2.25979878744	142.264084986	-15.9162033513	
3.78333333333	0.0	0.0	0.0 	0.0 	116.75 	15.0 	0.0 	0.0 	0.0 	-0.0 	15.0 	0.0 	0.0 	0.0 	2.18033686865	2.25979878744	142.292134315	-15.939306474	
3.8	0.0	0.0	0.0 	0.0 	117.0 	15.0 	0.0 	0.0 	0.0 	-0.0 	15.0 	0.0 	0.0 	0.0 	2.1912290253	2.25979878745	142.320323768	-15.9625250113	
3.81666666667	0.0	0.0	0.0 	0.0 	117.25 	15.0 	0.0 	0.0 	0.0 	-0.0 	15.0 	0.0 	0.0 	0.0 	2.20207910632	2.25979878745	142.348652804	-15.9858585174	
3.83333333333	0.0	0.0	0.0 	0.0 	117.5 	15.0 	0.0 	0.0 	0.0 	-0.0 	15.0 	0.0 	0.0 	0.0 	2.21288727426	2.25979878745	142.377120883	-16.0093065482	
3.85	0.0	0.0	0.0 	0.0 	117.75 	15.0 	0.0 	0.0 	0.0 	-0.0 	15.0 	0.0 	0.0 	0.0 	2.22365369102	2.25979878745	142.405727469	-16.0328686613	
3.86666666667	0.0	0.0	0.0 	0.0 	118.0 	15.0 	0.0 	0.0 	0.0 	-0.0 	15.0 	0.0 	0.0 	0.0 	2.23437851788	2.25979878745	142.434472026	-16.056544416	
3.88333333333	0.0	0.0	0.0 	0.0 	118.25 	15.0 	0.0 	0.0 	0.0 	-0.0 	15.0 	0.0 	0.0 	0.0 	2.24506191551	2.25979878745	142.463354022	-16.0803333734	
3.9	0.0	0.0	0.0 	0.0 	118.5 	15.0 	0.0 	0.0 	0.0 	-0.0 	15.0 	0.0 	0.0 	0.0 	2.25570404393	2.25979878745	142.492372925	-16.104235096	
3.91666666667	0.0	0.0	0.0 	0.0 	118.75 	15.0 	0.0 	0.0 	0.0 	-0.0 	15.0 	0.0 	0.0 	0.0 	2.26630506258	2.25979878745	142.521528207	-16.1282491484	
3.93333333333	0.0	0.0	0.0 	0.0 	119.0 	15.0 	0.0 	0.0 	0.0 	-0.0 	15.0 	0.0 	0.0 	0.0 	2.27686513025	2.25979878745	142.550819341	-16.1523750966	
3.95	0.0	0.0	0.0 	0.0 	119.25 	15.0 	0.0 	0.0 	0.0 	-0.0 	15.0 	0.0 	0.0 	0.0 	2.28738440514	2.25979878745	142.580245802	-16.1766125083	
3.96666666667	0.0	0.0	0.0 	0.0 	119.5 	15.0 	0.0 	0.0 	0.0 	-0.0 	15.0 	0.0 	0.0 	0.0 	2.29786304482	2.25979878745	142.609807067	-16.2009609531	
3.98333333333	0.0	0.0	0.0 	0.0 	119.75 	15.0 	0.0 	0.0 	0.0 	-0.0 	15.0 	0.0 	0.0 	0.0 	2.30830120626	2.25979878745	142.639502616	-16.2254200019	
4.0	0.0	0.0	0.0 	0.0 	120.0 	15.0 	0.0 	0.0 	0.0 	-0.0 	15.0 	0.0 	0.0 	0.0 	2.31869904584	2.25979878745	142.669331929	-16.2499892275	
4.01666666667	0.0	0.0	0.0 	0.0 	120.25 	15.0 	0.0 	0.0 	0.0 	-0.0 	15.0 	0.0 	0.0 	0.0 	2.32905671931	2.25979878745	142.699294491	-16.2746682043	
4.03333333333	0.0	0.0	0.0 	0.0 	120.5 	15.0 	0.0 	0.0 	0.0 	-0.0 	15.0 	0.0 	0.0 	0.0 	2.33937438183	2.25979878745	142.729389786	-16.2994565083	
4.05	0.0	0.0	0.0 	0.0 	120.75 	15.0 	0.0 	0.0 	0.0 	-0.0 	15.0 	0.0 	0.0 	0.0 	2.34965218795	2.25979878745	142.759617302	-16.3243537173	
4.06666666667	0.0	0.0	0.0 	0.0 	121.0 	15.0 	0.0 	0.0 	0.0 	-0.0 	15.0 	0.0 	0.0 	0.0 	2.35989029165	2.25979878745	142.789976528	-16.3493594105	
4.08333333333	0.0	0.0	0.0 	0.0 	121.25 	15.0 	0.0 	0.0 	0.0 	-0.0 	15.0 	0.0 	0.0 	0.0 	2.37008884629	2.25979878745	142.820466954	-16.3744731689	
4.1	0.0	0.0	0.0 	0.0 	121.5 	15.0 	0.0 	0.0 	0.0 	-0.0 	15.0 	0.0 	0.0 	0.0 	2.38024800464	2.25979878745	142.851088075	-16.3996945749	
4.11666666667	0.0	0.0	0.0 	0.0 	121.75 	15.0 	0.0 	0.0 	0.0 	-0.0 	15.0 	0.0 	0.0 	0.0 	2.39036791889	2.25979878745	142.881839386	-16.4250232129	
4.13333333333	0.0	0.0	0.0 	0.0 	122.0 	15.0 	0.0 	0.0 	0.0 	-0.0 	15.0 	0.0 	0.0 	0.0 	2.40044874063	2.25979878745	142.912720383	-16.4504586685	
4.15	0.0	0.0	0.0 	0.0 	122.25 	15.0 	0.0 	0.0 	0.0 	-0.0 	15.0 	0.0 	0.0 	0.0 	2.41049062089	2.25979878745	142.943730565	-16.4760005291	
4.16666666667	0.0	0.0	0.0 	0.0 	122.5 	15.0 	0.0 	0.0 	0.0 	-0.0 	15.0 	0.0 	0.0 	0.0 	2.42049371008	2.25979878745	142.974869434	-16.5016483837	
4.18333333333	0.0	0.0	0.0 	0.0 	122.75 	15.0 	0.0 	0.0 	0.0 	-0.0 	15.0 	0.0 	0.0 	0.0 	2.43045815805	2.25979878745	143.006136493	-16.5274018229	
4.2	0.0	0.0	0.0 	0.0 	123.0 	15.0 	0.0 	0.0 	0.0 	-0.0 	15.0 	0.0 	0.0 	0.0 	2.44038411408	2.25979878745	143.037531245	-16.5532604387	
4.21666666667	0.0	0.0	0.0 	0.0 	123.25 	15.0 	0.0 	0.0 	0.0 	-0.0 	15.0 	0.0 	0.0 	0.0 	2.45027172685	2.25979878745	143.069053199	-16.5792238249	
4.23333333333	0.0	0.0	0.0 	0.0 	123.5 	15.0 	0.0 	0.0 	0.0 	-0.0 	15.0 	0.0 	0.0 	0.0 	2.46012114447	2.25979878745	143.100701862	-16.6052915768	
4.25	0.0	0.0	0.0 	0.0 	123.75 	15.0 	0.0 	0.0 	0.0 	-0.0 	15.0 	0.0 	0.0 	0.0 	2.46993251451	2.25979878745	143.132476745	-16.6314632912	
4.26666666667	0.0	0.0	0.0 	0.0 	124.0 	15.0 	0.0 	0.0 	0.0 	-0.0 	15.0 	0.0 	0.0 	0.0 	2.47970598392	2.25979878745	143.164377361	-16.6577385665	
4.28333333333	0.0	0.0	0.0 	0.0 	124.25 	15.0 	0.0 	0.0 	0.0 	-0.0 	15.0 	0.0 	0.0 	0.0 	2.48944169912	2.25979878745	143.196403224	-16.6841170026	
4.3	0.0	0.0	0.0 	0.0 	124.5 	15.0 	0.0 	0.0 	0.0 	-0.0 	15.0 	0.0 	0.0 	0.0 	2.49913980596	2.25979878745	143.22855385	-16.7105982011	
4.31666666667	0.0	0.0	0.0 	0.0 	124.75 	15.0 	0.0 	0.0 	0.0 	-0.0 	15.0 	0.0 	0.0 	0.0 	2.5088004497	2.25979878745	143.260828756	-16.737181765	
4.33333333333	0.0	0.0	0.0 	0.0 	125.0 	15.0 	0.0 	0.0 	0.0 	-0.0 	15.0 	0.0 	0.0 	0.0 	2.51842377506	2.25979878745	143.293227464	-16.7638672989	
4.35	0.0	0.0	0.0 	0.0 	125.25 	15.0 	0.0 	0.0 	0.0 	-0.0 	15.0 	0.0 	0.0 	0.0 	2.52800992621	2.25979878745	143.325749494	-16.7906544088	
4.36666666667	0.0	0.0	0.0 	0.0 	125.5 	15.0 	0.0 	0.0 	0.0 	-0.0 	15.0 	0.0 	0.0 	0.0 	2.53755904675	2.25979878745	143.358394371	-16.8175427024	
4.38333333333	0.0	0.0	0.0 	0.0 	125.75 	15.0 	0.0 	0.0 	0.0 	-0.0 	15.0 	0.0 	0.0 	0.0 	2.54707127971	2.25979878745	143.39116162	-16.8445317888	
4.4	0.0	0.0	0.0 	0.0 	126.0 	15.0 	0.0 	0.0 	0.0 	-0.0 	15.0 	0.0 	0.0 	0.0 	2.5565467676	2.25979878745	143.424050767	-16.8716212786	
4.41666666667	0.0	0.0	0.0 	0.0 	126.25 	15.0 	0.0 	0.0 	0.0 	-0.0 	15.0 	0.0 	0.0 	0.0 	2.56598565236	2.25979878745	143.457061343	-16.8988107841	
4.43333333333	0.0	0.0	0.0 	0.0 	126.5 	15.0 	0.0 	0.0 	0.0 	-0.0 	15.0 	0.0 	0.0 	0.0 	2.57538807539	2.25979878745	143.490192878	-16.9260999188	
4.45	0.0	0.0	0.0 	0.0 	126.75 	15.0 	0.0 	0.0 	0.0 	-0.0 	15.0 	0.0 	0.0 	0.0 	2.58475417753	2.25979878745	143.523444905	-16.9534882979	
4.46666666667	0.0	0.0	0.0 	0.0 	127.0 	15.0 	0.0 	0.0 	0.0 	-0.0 	15.0 	0.0 	0.0 	0.0 	2.59408409908	2.25979878745	143.556816958	-16.9809755381	
4.48333333333	0.0	0.0	0.0 	0.0 	127.25 	15.0 	0.0 	0.0 	0.0 	-0.0 	15.0 	0.0 	0.0 	0.0 	2.60337797982	2.25979878745	143.590308574	-17.0085612573	
4.5	0.0	0.0	0.0 	0.0 	127.5 	15.0 	0.0 	0.0 	0.0 	-0.0 	15.0 	0.0 	0.0 	0.0 	2.61263595897	2.25979878745	143.623919291	-17.0362450753	
4.51666666667	0.0	0.0	0.0 	0.0 	127.75 	15.0 	0.0 	0.0 	0.0 	-0.0 	15.0 	0.0 	0.0 	0.0 	2.6218581752	2.25979878745	143.657648649	-17.064026613	
4.53333333333	0.0	0.0	0.0 	0.0 	128.0 	15.0 	0.0 	0.0 	0.0 	-0.0 	15.0 	0.0 	0.0 	0.0 	2.63104476667	2.25979878745	143.691496189	-17.091905493	
4.55	0.0	0.0	0.0 	0.0 	128.25 	15.0 	0.0 	0.0 	0.0 	-0.0 	15.0 	0.0 	0.0 	0.0 	2.640195871	2.25979878745	143.725461456	-17.1198813392	
4.56666666667	0.0	0.0	0.0 	0.0 	128.5 	15.0 	0.0 	0.0 	0.0 	-0.0 	15.0 	0.0 	0.0 	0.0 	2.64931162527	2.25979878745	143.759543993	-17.1479537771	
4.58333333333	0.0	0.0	0.0 	0.0 	128.75 	15.0 	0.0 	0.0 	0.0 	-0.0 	15.0 	0.0 	0.0 	0.0 	2.65839216603	2.25979878745	143.793743349	-17.1761224336	
4.6	0.0	0.0	0.0 	0.0 	129.0 	15.0 	0.0 	0.0 	0.0 	-0.0 	15.0 	0.0 	0.0 	0.0 	2.66743762931	2.25979878745	143.828059072	-17.2043869369	
4.61666666667	0.0	0.0	0.0 	0.0 	129.25 	15.0 	0.0 	0.0 	0.0 	-0.0 	15.0 	0.0 	0.0 	0.0 	2.67644815062	2.25979878745	143.862490712	-17.2327469168	
4.63333333333	0.0	0.0	0.0 	0.0 	129.5 	15.0 	0.0 	0.0 	0.0 	-0.0 	15.0 	0.0 	0.0 	0.0 	2.68542386493	2.25979878745	143.897037822	-17.2612020046	
4.65	0.0	0.0	0.0 	0.0 	129.75 	15.0 	0.0 	0.0 	0.0 	-0.0 	15.0 	0.0 	0.0 	0.0 	2.6943649067	2.25979878745	143.931699955	-17.2897518327	
4.66666666667	0.0	0.0	0.0 	0.0 	130.0 	15.0 	0.0 	0.0 	0.0 	-0.0 	15.0 	0.0 	0.0 	0.0 	2.70327140986	2.25979878745	143.966476668	-17.3183960353	
4.68333333333	0.0	0.0	0.0 	0.0 	130.25 	15.0 	0.0 	0.0 	0.0 	-0.0 	15.0 	0.0 	0.0 	0.0 	2.71214350784	2.25979878745	144.001367517	-17.3471342477	
4.7	0.0	0.0	0.0 	0.0 	130.5 	15.0 	0.0 	0.0 	0.0 	-0.0 	15.0 	0.0 	0.0 	0.0 	2.72098133355	2.25979878745	144.036372062	-17.3759661068	
4.71666666667	0.0	0.0	0.0 	0.0 	130.75 	15.0 	0.0 	0.0 	0.0 	-0.0 	15.0 	0.0 	0.0 	0.0 	2.72978501936	2.25979878745	144.071489864	-17.4048912509	
4.73333333333	0.0	0.0	0.0 	0.0 	131.0 	15.0 	0.0 	0.0 	0.0 	-0.0 	15.0 	0.0 	0.0 	0.0 	2.73855469717	2.25979878745	144.106720485	-17.4339093196	
4.75	0.0	0.0	0.0 	0.0 	131.25 	15.0 	0.0 	0.0 	0.0 	-0.0 	15.0 	0.0 	0.0 	0.0 	2.74729049834	2.25979878745	144.142063489	-17.4630199539	
4.76666666667	0.0	0.0	0.0 	0.0 	131.5 	15.0 	0.0 	0.0 	0.0 	-0.0 	15.0 	0.0 	0.0 	0.0 	2.75599255373	2.25979878745	144.177518442	-17.4922227963	
4.78333333333	0.0	0.0	0.0 	0.0 	131.75 	15.0 	0.0 	0.0 	0.0 	-0.0 	15.0 	0.0 	0.0 	0.0 	2.76466099371	2.25979878745	144.213084912	-17.5215174906	
4.8	0.0	0.0	0.0 	0.0 	132.0 	15.0 	0.0 	0.0 	0.0 	-0.0 	15.0 	0.0 	0.0 	0.0 	2.77329594813	2.25979878745	144.248762468	-17.5509036819	
4.81666666667	0.0	0.0	0.0 	0.0 	132.25 	15.0 	0.0 	0.0 	0.0 	-0.0 	15.0 	0.0 	0.0 	0.0 	2.78189754634	2.25979878745	144.28455068	-17.5803810168	
4.83333333333	0.0	0.0	0.0 	0.0 	132.5 	15.0 	0.0 	0.0 	0.0 	-0.0 	15.0 	0.0 	0.0 	0.0 	2.79046591718	2.25979878745	144.320449122	-17.6099491433	
4.85	0.0	0.0	0.0 	0.0 	132.75 	15.0 	0.0 	0.0 	0.0 	-0.0 	15.0 	0.0 	0.0 	0.0 	2.79900118903	2.25979878745	144.356457367	-17.6396077106	
4.86666666667	0.0	0.0	0.0 	0.0 	133.0 	15.0 	0.0 	0.0 	0.0 	-0.0 	15.0 	0.0 	0.0 	0.0 	2.80750348973	2.25979878745	144.392574992	-17.6693563693	
4.88333333333	0.0	0.0	0.0 	0.0 	133.25 	15.0 	0.0 	0.0 	0.0 	-0.0 	15.0 	0.0 	0.0 	0.0 	2.81597294666	2.25979878745	144.428801574	-17.6991947715	
4.9	0.0	0.0	0.0 	0.0 	133.5 	15.0 	0.0 	0.0 	0.0 	-0.0 	15.0 	0.0 	0.0 	0.0 	2.82440968668	2.25979878745	144.465136691	-17.7291225704	
4.91666666667	0.0	0.0	0.0 	0.0 	133.75 	15.0 	0.0 	0.0 	0.0 	-0.0 	15.0 	0.0 	0.0 	0.0 	2.83281383617	2.25979878745	144.501579925	-17.7591394207	
4.93333333333	0.0	0.0	0.0 	0.0 	134.0 	15.0 	0.0 	0.0 	0.0 	-0.0 	15.0 	0.0 	0.0 	0.0 	2.84118552104	2.25979878745	144.538130859	-17.7892449785	
4.95	0.0	0.0	0.0 	0.0 	134.25 	15.0 	0.0 	0.0 	0.0 	-0.0 	15.0 	0.0 	0.0 	0.0 	2.84952486669	2.25979878745	144.574789075	-17.819438901	
4.96666666667	0.0	0.0	0.0 	0.0 	134.5 	15.0 	0.0 	0.0 	0.0 	-0.0 	15.0 	0.0 	0.0 	0.0 	2.85783199805	2.25979878745	144.611554159	-17.8497208469	
4.98333333333	0.0	0.0	0.0 	0.0 	134.75 	15.0 	0.0 	0.0 	0.0 	-0.0 	15.0 	0.0 	0.0 	0.0 	2.86610703955	2.25979878745	144.6484257	-17.8800904762	
5.0	0.0	0.0	0.0 	0.0 	135.0 	15.0 	0.0 	0.0 	0.0 	-0.0 	15.0 	0.0 	0.0 	0.0 	2.87435011516	2.25979878745	144.685403285	-17.9105474501	
5.01666666667	0.0	0.0	0.0 	0.0 	135.25 	15.0 	0.0 	0.0 	0.0 	-0.0 	15.0 	0.0 	0.0 	0.0 	2.88256134836	2.25979878745	144.722486505	-17.9410914313	
5.03333333333	0.0	0.0	0.0 	0.0 	135.5 	15.0 	0.0 	0.0 	0.0 	-0.0 	15.0 	0.0 	0.0 	0.0 	2.89074086216	2.25979878745	144.759674951	-17.9717220837	
5.05	0.0	0.0	0.0 	0.0 	135.75 	15.0 	0.0 	0.0 	0.0 	-0.0 	15.0 	0.0 	0.0 	0.0 	2.89888877908	2.25979878745	144.796968218	-18.0024390724	
5.06666666667	0.0	0.0	0.0 	0.0 	136.0 	15.0 	0.0 	0.0 	0.0 	-0.0 	15.0 	0.0 	0.0 	0.0 	2.90700522118	2.25979878745	144.834365901	-18.0332420639	
5.08333333333	0.0	0.0	0.0 	0.0 	136.25 	15.0 	0.0 	0.0 	0.0 	-0.0 	15.0 	0.0 	0.0 	0.0 	2.91509031004	2.25979878745	144.871867595	-18.0641307261	
5.1	0.0	0.0	0.0 	0.0 	136.5 	15.0 	0.0 	0.0 	0.0 	-0.0 	15.0 	0.0 	0.0 	0.0 	2.92314416679	2.25979878745	144.9094729	-18.0951047279	
5.11666666667	0.0	0.0	0.0 	0.0 	136.75 	15.0 	0.0 	0.0 	0.0 	-0.0 	15.0 	0.0 	0.0 	0.0 	2.93116691206	2.25979878745	144.947181414	-18.1261637398	
5.13333333333	0.0	0.0	0.0 	0.0 	137.0 	15.0 	0.0 	0.0 	0.0 	-0.0 	15.0 	0.0 	0.0 	0.0 	2.93915866605	2.25979878745	144.98499274	-18.1573074332	
5.15	0.0	0.0	0.0 	0.0 	137.25 	15.0 	0.0 	0.0 	0.0 	-0.0 	15.0 	0.0 	0.0 	0.0 	2.94711954846	2.25979878745	145.022906481	-18.1885354812	
5.16666666667	0.0	0.0	0.0 	0.0 	137.5 	15.0 	0.0 	0.0 	0.0 	-0.0 	15.0 	0.0 	0.0 	0.0 	2.95504967855	2.25979878745	145.060922239	-18.2198475578	
5.18333333333	0.0	0.0	0.0 	0.0 	137.75 	15.0 	0.0 	0.0 	0.0 	-0.0 	15.0 	0.0 	0.0 	0.0 	2.96294917512	2.25979878745	145.099039622	-18.2512433385	
5.2	0.0	0.0	0.0 	0.0 	138.0 	15.0 	0.0 	0.0 	0.0 	-0.0 	15.0 	0.0 	0.0 	0.0 	2.9708181565	2.25979878745	145.137258238	-18.2827224999	
5.21666666667	0.0	0.0	0.0 	0.0 	138.25 	15.0 	0.0 	0.0 	0.0 	-0.0 	15.0 	0.0 	0.0 	0.0 	2.97865674057	2.25979878745	145.175577694	-18.31428472	
5.23333333333	0.0	0.0	0.0 	0.0 	138.5 	15.0 	0.0 	0.0 	0.0 	-0.0 	15.0 	0.0 	0.0 	0.0 	2.98646504475	2.25979878745	145.213997601	-18.3459296777	
5.25	0.0	0.0	0.0 	0.0 	138.75 	15.0 	0.0 	0.0 	0.0 	-0.0 	15.0 	0.0 	0.0 	0.0 	2.99424318601	2.25979878745	145.252517571	-18.3776570537	
5.26666666667	0.0	0.0	0.0 	0.0 	139.0 	15.0 	0.0 	0.0 	0.0 	-0.0 	15.0 	0.0 	0.0 	0.0 	3.00199128087	2.25979878745	145.291137219	-18.4094665294	
5.28333333333	0.0	0.0	0.0 	0.0 	139.25 	15.0 	0.0 	0.0 	0.0 	-0.0 	15.0 	0.0 	0.0 	0.0 	3.00970944539	2.25979878745	145.329856158	-18.4413577878	
5.3	0.0	0.0	0.0 	0.0 	139.5 	15.0 	0.0 	0.0 	0.0 	-0.0 	15.0 	0.0 	0.0 	0.0 	3.0173977952	2.25979878745	145.368674005	-18.4733305129	
5.31666666667	0.0	0.0	0.0 	0.0 	139.75 	15.0 	0.0 	0.0 	0.0 	-0.0 	15.0 	0.0 	0.0 	0.0 	3.02505644546	2.25979878745	145.407590378	-18.50538439	
5.33333333333	0.0	0.0	0.0 	0.0 	140.0 	15.0 	0.0 	0.0 	0.0 	-0.0 	15.0 	0.0 	0.0 	0.0 	3.0326855109	2.25979878745	145.446604897	-18.5375191056	
5.35	0.0	0.0	0.0 	0.0 	140.25 	15.0 	0.0 	0.0 	0.0 	-0.0 	15.0 	0.0 	0.0 	0.0 	3.04028510581	2.25979878745	145.485717182	-18.5697343475	
5.36666666667	0.0	0.0	0.0 	0.0 	140.5 	15.0 	0.0 	0.0 	0.0 	-0.0 	15.0 	0.0 	0.0 	0.0 	3.04785534403	2.25979878745	145.524926855	-18.6020298046	
5.38333333333	0.0	0.0	0.0 	0.0 	140.75 	15.0 	0.0 	0.0 	0.0 	-0.0 	15.0 	0.0 	0.0 	0.0 	3.05539633897	2.25979878745	145.564233541	-18.634405167	
5.4	0.0	0.0	0.0 	0.0 	141.0 	15.0 	0.0 	0.0 	0.0 	-0.0 	15.0 	0.0 	0.0 	0.0 	3.06290820357	2.25979878745	145.603636865	-18.6668601261	
5.41666666667	0.0	0.0	0.0 	0.0 	141.25 	15.0 	0.0 	0.0 	0.0 	-0.0 	15.0 	0.0 	0.0 	0.0 	3.07039105039	2.25979878745	145.643136453	-18.6993943744	
5.43333333333	0.0	0.0	0.0 	0.0 	141.5 	15.0 	0.0 	0.0 	0.0 	-0.0 	15.0 	0.0 	0.0 	0.0 	3.0778449915	2.25979878745	145.682731934	-18.7320076055	
5.45	0.0	0.0	0.0 	0.0 	141.75 	15.0 	0.0 	0.0 	0.0 	-0.0 	15.0 	0.0 	0.0 	0.0 	3.08527013858	2.25979878745	145.722422937	-18.7646995145	
5.46666666667	0.0	0.0	0.0 	0.0 	142.0 	15.0 	0.0 	0.0 	0.0 	-0.0 	15.0 	0.0 	0.0 	0.0 	3.09266660284	2.25979878745	145.762209093	-18.7974697973	
5.48333333333	0.0	0.0	0.0 	0.0 	142.25 	15.0 	0.0 	0.0 	0.0 	-0.0 	15.0 	0.0 	0.0 	0.0 	3.10003449509	2.25979878745	145.802090034	-18.8303181512	
5.5	0.0	0.0	0.0 	0.0 	142.5 	15.0 	0.0 	0.0 	0.0 	-0.0 	15.0 	0.0 	0.0 	0.0 	3.1073739257	2.25979878745	145.842065395	-18.8632442746	
5.51666666667	0.0	0.0	0.0 	0.0 	142.75 	15.0 	0.0 	0.0 	0.0 	-0.0 	15.0 	0.0 	0.0 	0.0 	3.11468500462	2.25979878745	145.882134811	-18.8962478672	
5.53333333333	0.0	0.0	0.0 	0.0 	143.0 	15.0 	0.0 	0.0 	0.0 	-0.0 	15.0 	0.0 	0.0 	0.0 	3.12196784136	2.25979878745	145.922297918	-18.9293286296	
5.55	0.0	0.0	0.0 	0.0 	143.25 	15.0 	0.0 	0.0 	0.0 	-0.0 	15.0 	0.0 	0.0 	0.0 	3.12922254503	2.25979878745	145.962554354	-18.9624862637	
5.56666666667	0.0	0.0	0.0 	0.0 	143.5 	15.0 	0.0 	0.0 	0.0 	-0.0 	15.0 	0.0 	0.0 	0.0 	3.13644922429	2.25979878745	146.00290376	-18.9957204727	
5.58333333333	0.0	0.0	0.0 	0.0 	143.75 	15.0 	0.0 	0.0 	0.0 	-0.0 	15.0 	0.0 	0.0 	0.0 	3.14364798741	2.25979878745	146.043345775	-19.0290309606	
5.6	0.0	0.0	0.0 	0.0 	144.0 	15.0 	0.0 	0.0 	0.0 	-0.0 	15.0 	0.0 	0.0 	0.0 	3.15081894223	2.25979878745	146.083880042	-19.0624174329	
5.61666666667	0.0	0.0	0.0 	0.0 	144.25 	15.0 	0.0 	0.0 	0.0 	-0.0 	15.0 	0.0 	0.0 	0.0 	3.15796219616	2.25979878745	146.124506204	-19.095879596	
5.63333333333	0.0	0.0	0.0 	0.0 	144.5 	15.0 	0.0 	0.0 	0.0 	-0.0 	15.0 	0.0 	0.0 	0.0 	3.16507785621	2.25979878745	146.165223908	-19.1294171575	
5.65	0.0	0.0	0.0 	0.0 	144.75 	15.0 	0.0 	0.0 	0.0 	-0.0 	15.0 	0.0 	0.0 	0.0 	3.17216602898	2.25979878745	146.206032798	-19.1630298262	
5.66666666667	0.0	0.0	0.0 	0.0 	145.0 	15.0 	0.0 	0.0 	0.0 	-0.0 	15.0 	0.0 	0.0 	0.0 	3.17922682064	2.25979878745	146.246932523	-19.1967173119	
5.68333333333	0.0	0.0	0.0 	0.0 	145.25 	15.0 	0.0 	0.0 	0.0 	-0.0 	15.0 	0.0 	0.0 	0.0 	3.18626033697	2.25979878745	146.287922732	-19.2304793256	
5.7	0.0	0.0	0.0 	0.0 	145.5 	15.0 	0.0 	0.0 	0.0 	-0.0 	15.0 	0.0 	0.0 	0.0 	3.19326668333	2.25979878745	146.329003076	-19.2643155795	
5.71666666667	0.0	0.0	0.0 	0.0 	145.75 	15.0 	0.0 	0.0 	0.0 	-0.0 	15.0 	0.0 	0.0 	0.0 	3.20024596468	2.25979878745	146.370173206	-19.2982257867	
5.73333333333	0.0	0.0	0.0 	0.0 	146.0 	15.0 	0.0 	0.0 	0.0 	-0.0 	15.0 	0.0 	0.0 	0.0 	3.20719828557	2.25979878745	146.411432775	-19.3322096615	
5.75	0.0	0.0	0.0 	0.0 	146.25 	15.0 	0.0 	0.0 	0.0 	-0.0 	15.0 	0.0 	0.0 	0.0 	3.21412375013	2.25979878745	146.452781438	-19.3662669195	
5.76666666667	0.0	0.0	0.0 	0.0 	146.5 	15.0 	0.0 	0.0 	0.0 	-0.0 	15.0 	0.0 	0.0 	0.0 	3.22102246213	2.25979878745	146.49421885	-19.4003972771	
5.78333333333	0.0	0.0	0.0 	0.0 	146.75 	15.0 	0.0 	0.0 	0.0 	-0.0 	15.0 	0.0 	0.0 	0.0 	3.22789452489	2.25979878745	146.53574467	-19.4346004519	
5.8	0.0	0.0	0.0 	0.0 	147.0 	15.0 	0.0 	0.0 	0.0 	-0.0 	15.0 	0.0 	0.0 	0.0 	3.23474004137	2.25979878745	146.577358555	-19.4688761626	
5.81666666667	0.0	0.0	0.0 	0.0 	147.25 	15.0 	0.0 	0.0 	0.0 	-0.0 	15.0 	0.0 	0.0 	0.0 	3.2415591141	2.25979878745	146.619060165	-19.5032241291	
5.83333333333	0.0	0.0	0.0 	0.0 	147.5 	15.0 	0.0 	0.0 	0.0 	-0.0 	15.0 	0.0 	0.0 	0.0 	3.24835184525	2.25979878745	146.660849161	-19.5376440723	
5.85	0.0	0.0	0.0 	0.0 	147.75 	15.0 	0.0 	0.0 	0.0 	-0.0 	15.0 	0.0 	0.0 	0.0 	3.25511833657	2.25979878745	146.702725206	-19.572135714	
5.86666666667	0.0	0.0	0.0 	0.0 	148.0 	15.0 	0.0 	0.0 	0.0 	-0.0 	15.0 	0.0 	0.0 	0.0 	3.26185868941	2.25979878745	146.744687963	-19.6066987774	
5.88333333333	0.0	0.0	0.0 	0.0 	148.25 	15.0 	0.0 	0.0 	0.0 	-0.0 	15.0 	0.0 	0.0 	0.0 	3.26857300475	2.25979878745	146.786737098	-19.6413329864	
5.9	0.0	0.0	0.0 	0.0 	148.5 	15.0 	0.0 	0.0 	0.0 	-0.0 	15.0 	0.0 	0.0 	0.0 	3.27526138318	2.25979878745	146.828872277	-19.6760380664	
5.91666666667	0.0	0.0	0.0 	0.0 	148.75 	15.0 	0.0 	0.0 	0.0 	-0.0 	15.0 	0.0 	0.0 	0.0 	3.28192392487	2.25979878745	146.871093167	-19.7108137435	
5.93333333333	0.0	0.0	0.0 	0.0 	149.0 	15.0 	0.0 	0.0 	0.0 	-0.0 	15.0 	0.0 	0.0 	0.0 	3.28856072965	2.25979878745	146.913399438	-19.745659745	
5.95	0.0	0.0	0.0 	0.0 	149.25 	15.0 	0.0 	0.0 	0.0 	-0.0 	15.0 	0.0 	0.0 	0.0 	3.29517189692	2.25979878745	146.955790759	-19.7805757993	
5.96666666667	0.0	0.0	0.0 	0.0 	149.5 	15.0 	0.0 	0.0 	0.0 	-0.0 	15.0 	0.0 	0.0 	0.0 	3.30175752573	2.25979878745	146.998266802	-19.8155616357	
5.98333333333	0.0	0.0	0.0 	0.0 	149.75 	15.0 	0.0 	0.0 	0.0 	-0.0 	15.0 	0.0 	0.0 	0.0 	3.30831771473	2.25979878745	147.04082724	-19.8506169847	
6.0	0.0	0.0	0.0 	0.0 	150.0 	15.0 	0.0 	0.0 	0.0 	-0.0 	15.0 	0.0 	0.0 	0.0 	3.31485256219	2.25979878745	147.083471747	-19.8857415778	
6.01666666667	0.0	0.0	0.0 	0.0 	150.25 	15.0 	0.0 	0.0 	0.0 	-0.0 	15.0 	0.0 	0.0 	0.0 	3.321362166	2.25979878745	147.126199997	-19.9209351474	
6.03333333333	0.0	0.0	0.0 	0.0 	150.5 	15.0 	0.0 	0.0 	0.0 	-0.0 	15.0 	0.0 	0.0 	0.0 	3.32784662367	2.25979878745	147.169011668	-19.9561974272	
6.05	0.0	0.0	0.0 	0.0 	150.75 	15.0 	0.0 	0.0 	0.0 	-0.0 	15.0 	0.0 	0.0 	0.0 	3.33430603235	2.25979878745	147.211906437	-19.9915281517	
6.06666666667	0.0	0.0	0.0 	0.0 	151.0 	15.0 	0.0 	0.0 	0.0 	-0.0 	15.0 	0.0 	0.0 	0.0 	3.3407404888	2.25979878745	147.254883983	-20.0269270565	
6.08333333333	0.0	0.0	0.0 	0.0 	151.25 	15.0 	0.0 	0.0 	0.0 	-0.0 	15.0 	0.0 	0.0 	0.0 	3.34715008941	2.25979878745	147.297943987	-20.0623938782	
6.1	0.0	0.0	0.0 	0.0 	151.5 	15.0 	0.0 	0.0 	0.0 	-0.0 	15.0 	0.0 	0.0 	0.0 	3.35353493018	2.25979878745	147.34108613	-20.0979283545	
6.11666666667	0.0	0.0	0.0 	0.0 	151.75 	15.0 	0.0 	0.0 	0.0 	-0.0 	15.0 	0.0 	0.0 	0.0 	3.35989510678	2.25979878745	147.384310094	-20.133530224	
6.13333333333	0.0	0.0	0.0 	0.0 	152.0 	15.0 	0.0 	0.0 	0.0 	-0.0 	15.0 	0.0 	0.0 	0.0 	3.36623071446	2.25979878745	147.427615564	-20.1691992264	
6.15	0.0	0.0	0.0 	0.0 	152.25 	15.0 	0.0 	0.0 	0.0 	-0.0 	15.0 	0.0 	0.0 	0.0 	3.37254184815	2.25979878745	147.471002225	-20.2049351023	
6.16666666667	0.0	0.0	0.0 	0.0 	152.5 	15.0 	0.0 	0.0 	0.0 	-0.0 	15.0 	0.0 	0.0 	0.0 	3.37882860238	2.25979878745	147.514469762	-20.2407375935	
6.18333333333	0.0	0.0	0.0 	0.0 	152.75 	15.0 	0.0 	0.0 	0.0 	-0.0 	15.0 	0.0 	0.0 	0.0 	3.38509107133	2.25979878745	147.558017864	-20.2766064427	
6.2	0.0	0.0	0.0 	0.0 	153.0 	15.0 	0.0 	0.0 	0.0 	-0.0 	15.0 	0.0 	0.0 	0.0 	3.39132934882	2.25979878745	147.60164622	-20.3125413933	
6.21666666667	0.0	0.0	0.0 	0.0 	153.25 	15.0 	0.0 	0.0 	0.0 	-0.0 	15.0 	0.0 	0.0 	0.0 	3.39754352828	2.25979878745	147.645354519	-20.3485421902	
6.23333333333	0.0	0.0	0.0 	0.0 	153.5 	15.0 	0.0 	0.0 	0.0 	-0.0 	15.0 	0.0 	0.0 	0.0 	3.40373370281	2.25979878745	147.689142453	-20.384608579	
6.25	0.0	0.0	0.0 	0.0 	153.75 	15.0 	0.0 	0.0 	0.0 	-0.0 	15.0 	0.0 	0.0 	0.0 	3.40989996514	2.25979878745	147.733009713	-20.4207403063	
6.26666666667	0.0	0.0	0.0 	0.0 	154.0 	15.0 	0.0 	0.0 	0.0 	-0.0 	15.0 	0.0 	0.0 	0.0 	3.41604240765	2.25979878745	147.776955995	-20.4569371196	
6.28333333333	0.0	0.0	0.0 	0.0 	154.25 	15.0 	0.0 	0.0 	0.0 	-0.0 	15.0 	0.0 	0.0 	0.0 	3.42216112233	2.25979878745	147.820980991	-20.4931987676	
6.3	0.0	0.0	0.0 	0.0 	154.5 	15.0 	0.0 	0.0 	0.0 	-0.0 	15.0 	0.0 	0.0 	0.0 	3.42825620086	2.25979878745	147.865084399	-20.5295249999	
6.31666666667	0.0	0.0	0.0 	0.0 	154.75 	15.0 	0.0 	0.0 	0.0 	-0.0 	15.0 	0.0 	0.0 	0.0 	3.43432773454	2.25979878745	147.909265915	-20.5659155668	
6.33333333333	0.0	0.0	0.0 	0.0 	155.0 	15.0 	0.0 	0.0 	0.0 	-0.0 	15.0 	0.0 	0.0 	0.0 	3.44037581432	2.25979878745	147.953525237	-20.60237022	
6.35	0.0	0.0	0.0 	0.0 	155.25 	15.0 	0.0 	0.0 	0.0 	-0.0 	15.0 	0.0 	0.0 	0.0 	3.4464005308	2.25979878745	147.997862066	-20.6388887118	
6.36666666667	0.0	0.0	0.0 	0.0 	155.5 	15.0 	0.0 	0.0 	0.0 	-0.0 	15.0 	0.0 	0.0 	0.0 	3.45240197423	2.25979878745	148.042276101	-20.6754707957	
6.38333333333	0.0	0.0	0.0 	0.0 	155.75 	15.0 	0.0 	0.0 	0.0 	-0.0 	15.0 	0.0 	0.0 	0.0 	3.45838023452	2.25979878745	148.086767045	-20.712116226	
6.4	0.0	0.0	0.0 	0.0 	156.0 	15.0 	0.0 	0.0 	0.0 	-0.0 	15.0 	0.0 	0.0 	0.0 	3.46433540122	2.25979878745	148.1313346	-20.7488247579	
6.41666666667	0.0	0.0	0.0 	0.0 	156.25 	15.0 	0.0 	0.0 	0.0 	-0.0 	15.0 	0.0 	0.0 	0.0 	3.47026756353	2.25979878745	148.17597847	-20.7855961478	
6.43333333333	0.0	0.0	0.0 	0.0 	156.5 	15.0 	0.0 	0.0 	0.0 	-0.0 	15.0 	0.0 	0.0 	0.0 	3.47617681032	2.25979878745	148.220698361	-20.8224301528	
6.45	0.0	0.0	0.0 	0.0 	156.75 	15.0 	0.0 	0.0 	0.0 	-0.0 	15.0 	0.0 	0.0 	0.0 	3.48206323012	2.25979878745	148.265493978	-20.8593265311	
6.46666666667	0.0	0.0	0.0 	0.0 	157.0 	15.0 	0.0 	0.0 	0.0 	-0.0 	15.0 	0.0 	0.0 	0.0 	3.4879269111	2.25979878745	148.310365031	-20.8962850416	
6.48333333333	0.0	0.0	0.0 	0.0 	157.25 	15.0 	0.0 	0.0 	0.0 	-0.0 	15.0 	0.0 	0.0 	0.0 	3.4937679411	2.25979878745	148.355311226	-20.9333054445	
6.5	0.0	0.0	0.0 	0.0 	157.5 	15.0 	0.0 	0.0 	0.0 	-0.0 	15.0 	0.0 	0.0 	0.0 	3.49958640762	2.25979878745	148.400332273	-20.9703875005	
6.51666666667	0.0	0.0	0.0 	0.0 	157.75 	15.0 	0.0 	0.0 	0.0 	-0.0 	15.0 	0.0 	0.0 	0.0 	3.50538239782	2.25979878745	148.445427885	-21.0075309716	
6.53333333333	0.0	0.0	0.0 	0.0 	158.0 	15.0 	0.0 	0.0 	0.0 	-0.0 	15.0 	0.0 	0.0 	0.0 	3.51115599853	2.25979878745	148.490597771	-21.0447356204	
6.55	0.0	0.0	0.0 	0.0 	158.25 	15.0 	0.0 	0.0 	0.0 	-0.0 	15.0 	0.0 	0.0 	0.0 	3.51690729623	2.25979878745	148.535841647	-21.0820012108	
6.56666666667	0.0	0.0	0.0 	0.0 	158.5 	15.0 	0.0 	0.0 	0.0 	-0.0 	15.0 	0.0 	0.0 	0.0 	3.52263637708	2.25979878745	148.581159225	-21.1193275072	
6.58333333333	0.0	0.0	0.0 	0.0 	158.75 	15.0 	0.0 	0.0 	0.0 	-0.0 	15.0 	0.0 	0.0 	0.0 	3.5283433269	2.25979878745	148.626550221	-21.1567142752	
6.6	0.0	0.0	0.0 	0.0 	159.0 	15.0 	0.0 	0.0 	0.0 	-0.0 	15.0 	0.0 	0.0 	0.0 	3.53402823118	2.25979878745	148.672014352	-21.1941612811	
6.61666666667	0.0	0.0	0.0 	0.0 	159.25 	15.0 	0.0 	0.0 	0.0 	-0.0 	15.0 	0.0 	0.0 	0.0 	3.53969117509	2.25979878745	148.717551334	-21.2316682922	
6.63333333333	0.0	0.0	0.0 	0.0 	159.5 	15.0 	0.0 	0.0 	0.0 	-0.0 	15.0 	0.0 	0.0 	0.0 	3.54533224345	2.25979878745	148.763160887	-21.2692350769	
6.65	0.0	0.0	0.0 	0.0 	159.75 	15.0 	0.0 	0.0 	0.0 	-0.0 	15.0 	0.0 	0.0 	0.0 	3.55095152076	2.25979878745	148.808842731	-21.3068614041	
6.66666666667	0.0	0.0	0.0 	0.0 	160.0 	15.0 	0.0 	0.0 	0.0 	-0.0 	15.0 	0.0 	0.0 	0.0 	3.55654909121	2.25979878745	148.854596585	-21.3445470439	
6.68333333333	0.0	0.0	0.0 	0.0 	160.25 	15.0 	0.0 	0.0 	0.0 	-0.0 	15.0 	0.0 	0.0 	0.0 	3.56212503865	2.25979878745	148.900422172	-21.3822917671	
6.7	0.0	0.0	0.0 	0.0 	160.5 	15.0 	0.0 	0.0 	0.0 	-0.0 	15.0 	0.0 	0.0 	0.0 	3.5676794466	2.25979878745	148.946319214	-21.4200953455	
6.71666666667	0.0	0.0	0.0 	0.0 	160.75 	15.0 	0.0 	0.0 	0.0 	-0.0 	15.0 	0.0 	0.0 	0.0 	3.57321239827	2.25979878745	148.992287437	-21.4579575518	
6.73333333333	0.0	0.0	0.0 	0.0 	161.0 	15.0 	0.0 	0.0 	0.0 	-0.0 	15.0 	0.0 	0.0 	0.0 	3.57872397654	2.25979878745	149.038326564	-21.4958781594	
6.75	0.0	0.0	0.0 	0.0 	161.25 	15.0 	0.0 	0.0 	0.0 	-0.0 	15.0 	0.0 	0.0 	0.0 	3.58421426398	2.25979878745	149.084436321	-21.5338569428	
6.76666666667	0.0	0.0	0.0 	0.0 	161.5 	15.0 	0.0 	0.0 	0.0 	-0.0 	15.0 	0.0 	0.0 	0.0 	3.58968334284	2.25979878745	149.130616437	-21.5718936772	
6.78333333333	0.0	0.0	0.0 	0.0 	161.75 	15.0 	0.0 	0.0 	0.0 	-0.0 	15.0 	0.0 	0.0 	0.0 	3.59513129504	2.25979878745	149.176866639	-21.6099881389	
6.8	0.0	0.0	0.0 	0.0 	162.0 	15.0 	0.0 	0.0 	0.0 	-0.0 	15.0 	0.0 	0.0 	0.0 	3.60055820218	2.25979878745	149.223186656	-21.6481401047	
6.81666666667	0.0	0.0	0.0 	0.0 	162.25 	15.0 	0.0 	0.0 	0.0 	-0.0 	15.0 	0.0 	0.0 	0.0 	3.60596414558	2.25979878745	149.269576219	-21.6863493526	
6.83333333333	0.0	0.0	0.0 	0.0 	162.5 	15.0 	0.0 	0.0 	0.0 	-0.0 	15.0 	0.0 	0.0 	0.0 	3.6113492062	2.25979878745	149.316035059	-21.7246156612	
6.85	0.0	0.0	0.0 	0.0 	162.75 	15.0 	0.0 	0.0 	0.0 	-0.0 	15.0 	0.0 	0.0 	0.0 	3.61671346472	2.25979878745	149.362562909	-21.7629388103	
6.86666666667	0.0	0.0	0.0 	0.0 	163.0 	15.0 	0.0 	0.0 	0.0 	-0.0 	15.0 	0.0 	0.0 	0.0 	3.62205700149	2.25979878745	149.409159501	-21.80131858	
6.88333333333	0.0	0.0	0.0 	0.0 	163.25 	15.0 	0.0 	0.0 	0.0 	-0.0 	15.0 	0.0 	0.0 	0.0 	3.62737989656	2.25979878745	149.45582457	-21.8397547519	
6.9	0.0	0.0	0.0 	0.0 	163.5 	15.0 	0.0 	0.0 	0.0 	-0.0 	15.0 	0.0 	0.0 	0.0 	3.63268222967	2.25979878745	149.502557853	-21.878247108	
6.91666666667	0.0	0.0	0.0 	0.0 	163.75 	15.0 	0.0 	0.0 	0.0 	-0.0 	15.0 	0.0 	0.0 	0.0 	3.63796408025	2.25979878745	149.549359085	-21.9167954311	
6.93333333333	0.0	0.0	0.0 	0.0 	164.0 	15.0 	0.0 	0.0 	0.0 	-0.0 	15.0 	0.0 	0.0 	0.0 	3.64322552741	2.25979878745	149.596228003	-21.9553995053	
6.95	0.0	0.0	0.0 	0.0 	164.25 	15.0 	0.0 	0.0 	0.0 	-0.0 	15.0 	0.0 	0.0 	0.0 	3.64846664999	2.25979878745	149.643164347	-21.994059115	
6.96666666667	0.0	0.0	0.0 	0.0 	164.5 	15.0 	0.0 	0.0 	0.0 	-0.0 	15.0 	0.0 	0.0 	0.0 	3.65368752648	2.25979878745	149.690167856	-22.0327740458	
6.98333333333	0.0	0.0	0.0 	0.0 	164.75 	15.0 	0.0 	0.0 	0.0 	-0.0 	15.0 	0.0 	0.0 	0.0 	3.6588882351	2.25979878745	149.73723827	-22.071544084	
7.0	0.0	0.0	0.0 	0.0 	165.0 	15.0 	0.0 	0.0 	0.0 	-0.0 	15.0 	0.0 	0.0 	0.0 	3.66406885375	2.25979878745	149.784375331	-22.1103690166	
7.01666666667	0.0	0.0	0.0 	0.0 	165.25 	15.0 	0.0 	0.0 	0.0 	-0.0 	15.0 	0.0 	0.0 	0.0 	3.66922946005	2.25979878745	149.831578782	-22.1492486317	
7.03333333333	0.0	0.0	0.0 	0.0 	165.5 	15.0 	0.0 	0.0 	0.0 	-0.0 	15.0 	0.0 	0.0 	0.0 	3.6743701313	2.25979878745	149.878848366	-22.188182718	
7.05	0.0	0.0	0.0 	0.0 	165.75 	15.0 	0.0 	0.0 	0.0 	-0.0 	15.0 	0.0 	0.0 	0.0 	3.6794909445	2.25979878745	149.926183827	-22.227171065	
7.06666666667	0.0	0.0	0.0 	0.0 	166.0 	15.0 	0.0 	0.0 	0.0 	-0.0 	15.0 	0.0 	0.0 	0.0 	3.68459197636	2.25979878745	149.973584912	-22.2662134633	
7.08333333333	0.0	0.0	0.0 	0.0 	166.25 	15.0 	0.0 	0.0 	0.0 	-0.0 	15.0 	0.0 	0.0 	0.0 	3.68967330331	2.25979878745	150.021051366	-22.3053097039	
7.1	0.0	0.0	0.0 	0.0 	166.5 	15.0 	0.0 	0.0 	0.0 	-0.0 	15.0 	0.0 	0.0 	0.0 	3.69473500145	2.25979878745	150.068582937	-22.3444595789	
7.11666666667	0.0	0.0	0.0 	0.0 	166.75 	15.0 	0.0 	0.0 	0.0 	-0.0 	15.0 	0.0 	0.0 	0.0 	3.69977714662	2.25979878745	150.116179374	-22.383662881	
7.13333333333	0.0	0.0	0.0 	0.0 	167.0 	15.0 	0.0 	0.0 	0.0 	-0.0 	15.0 	0.0 	0.0 	0.0 	3.70479981434	2.25979878745	150.163840426	-22.4229194041	
7.15	0.0	0.0	0.0 	0.0 	167.25 	15.0 	0.0 	0.0 	0.0 	-0.0 	15.0 	0.0 	0.0 	0.0 	3.70980307985	2.25979878745	150.211565843	-22.4622289423	
7.16666666667	0.0	0.0	0.0 	0.0 	167.5 	15.0 	0.0 	0.0 	0.0 	-0.0 	15.0 	0.0 	0.0 	0.0 	3.71478701811	2.25979878745	150.259355377	-22.501591291	
7.18333333333	0.0	0.0	0.0 	0.0 	167.75 	15.0 	0.0 	0.0 	0.0 	-0.0 	15.0 	0.0 	0.0 	0.0 	3.71975170377	2.25979878745	150.30720878	-22.5410062461	
7.2	0.0	0.0	0.0 	0.0 	168.0 	15.0 	0.0 	0.0 	0.0 	-0.0 	15.0 	0.0 	0.0 	0.0 	3.72469721121	2.25979878745	150.355125806	-22.5804736044	
7.21666666667	0.0	0.0	0.0 	0.0 	168.25 	15.0 	0.0 	0.0 	0.0 	-0.0 	15.0 	0.0 	0.0 	0.0 	3.7296236145	2.25979878745	150.403106208	-22.6199931635	
7.23333333333	0.0	0.0	0.0 	0.0 	168.5 	15.0 	0.0 	0.0 	0.0 	-0.0 	15.0 	0.0 	0.0 	0.0 	3.73453098746	2.25979878745	150.451149742	-22.6595647217	
7.25	0.0	0.0	0.0 	0.0 	168.75 	15.0 	0.0 	0.0 	0.0 	-0.0 	15.0 	0.0 	0.0 	0.0 	3.73941940358	2.25979878745	150.499256163	-22.6991880782	
7.26666666667	0.0	0.0	0.0 	0.0 	169.0 	15.0 	0.0 	0.0 	0.0 	-0.0 	15.0 	0.0 	0.0 	0.0 	3.7442889361	2.25979878745	150.54742523	-22.7388630329	
7.28333333333	0.0	0.0	0.0 	0.0 	169.25 	15.0 	0.0 	0.0 	0.0 	-0.0 	15.0 	0.0 	0.0 	0.0 	3.74913965797	2.25979878745	150.5956567	-22.7785893865	
7.3	0.0	0.0	0.0 	0.0 	169.5 	15.0 	0.0 	0.0 	0.0 	-0.0 	15.0 	0.0 	0.0 	0.0 	3.75397164185	2.25979878745	150.643950331	-22.8183669403	
7.31666666667	0.0	0.0	0.0 	0.0 	169.75 	15.0 	0.0 	0.0 	0.0 	-0.0 	15.0 	0.0 	0.0 	0.0 	3.75878496011	2.25979878745	150.692305884	-22.8581954967	
7.33333333333	0.0	0.0	0.0 	0.0 	170.0 	15.0 	0.0 	0.0 	0.0 	-0.0 	15.0 	0.0 	0.0 	0.0 	3.76357968488	2.25979878745	150.74072312	-22.8980748586	
7.35	0.0	0.0	0.0 	0.0 	170.25 	15.0 	0.0 	0.0 	0.0 	-0.0 	15.0 	0.0 	0.0 	0.0 	3.76835588796	2.25979878745	150.7892018	-22.9380048297	
7.36666666667	0.0	0.0	0.0 	0.0 	170.5 	15.0 	0.0 	0.0 	0.0 	-0.0 	15.0 	0.0 	0.0 	0.0 	3.77311364092	2.25979878745	150.837741688	-22.9779852146	
7.38333333333	0.0	0.0	0.0 	0.0 	170.75 	15.0 	0.0 	0.0 	0.0 	-0.0 	15.0 	0.0 	0.0 	0.0 	3.77785301502	2.25979878745	150.886342545	-23.0180158184	
7.4	0.0	0.0	0.0 	0.0 	171.0 	15.0 	0.0 	0.0 	0.0 	-0.0 	15.0 	0.0 	0.0 	0.0 	3.78257408125	2.25979878745	150.935004138	-23.0580964473	
7.41666666667	0.0	0.0	0.0 	0.0 	171.25 	15.0 	0.0 	0.0 	0.0 	-0.0 	15.0 	0.0 	0.0 	0.0 	3.78727691035	2.25979878745	150.983726231	-23.098226908	
7.43333333333	0.0	0.0	0.0 	0.0 	171.5 	15.0 	0.0 	0.0 	0.0 	-0.0 	15.0 	0.0 	0.0 	0.0 	3.79196157275	2.25979878745	151.032508591	-23.1384070079	
7.45	0.0	0.0	0.0 	0.0 	171.75 	15.0 	0.0 	0.0 	0.0 	-0.0 	15.0 	0.0 	0.0 	0.0 	3.79662813864	2.25979878745	151.081350984	-23.1786365553	
7.46666666667	0.0	0.0	0.0 	0.0 	172.0 	15.0 	0.0 	0.0 	0.0 	-0.0 	15.0 	0.0 	0.0 	0.0 	3.80127667791	2.25979878745	151.13025318	-23.2189153593	
7.48333333333	0.0	0.0	0.0 	0.0 	172.25 	15.0 	0.0 	0.0 	0.0 	-0.0 	15.0 	0.0 	0.0 	0.0 	3.80590726022	2.25979878745	151.179214946	-23.2592432294	
7.5	0.0	0.0	0.0 	0.0 	172.5 	15.0 	0.0 	0.0 	0.0 	-0.0 	15.0 	0.0 	0.0 	0.0 	3.81051995491	2.25979878745	151.228236053	-23.2996199763	
7.51666666667	0.0	0.0	0.0 	0.0 	172.75 	15.0 	0.0 	0.0 	0.0 	-0.0 	15.0 	0.0 	0.0 	0.0 	3.8151148311	2.25979878745	151.277316272	-23.3400454111	
7.53333333333	0.0	0.0	0.0 	0.0 	173.0 	15.0 	0.0 	0.0 	0.0 	-0.0 	15.0 	0.0 	0.0 	0.0 	3.81969195761	2.25979878745	151.326455374	-23.3805193456	
7.55	0.0	0.0	0.0 	0.0 	173.25 	15.0 	0.0 	0.0 	0.0 	-0.0 	15.0 	0.0 	0.0 	0.0 	3.82425140301	2.25979878745	151.375653132	-23.4210415926	
7.56666666667	0.0	0.0	0.0 	0.0 	173.5 	15.0 	0.0 	0.0 	0.0 	-0.0 	15.0 	0.0 	0.0 	0.0 	3.82879323559	2.25979878745	151.424909319	-23.4616119654	
7.58333333333	0.0	0.0	0.0 	0.0 	173.75 	15.0 	0.0 	0.0 	0.0 	-0.0 	15.0 	0.0 	0.0 	0.0 	3.83331752341	2.25979878745	151.47422371	-23.5022302782	
7.6	0.0	0.0	0.0 	0.0 	174.0 	15.0 	0.0 	0.0 	0.0 	-0.0 	15.0 	0.0 	0.0 	0.0 	3.83782433422	2.25979878745	151.523596079	-23.5428963457	
7.61666666667	0.0	0.0	0.0 	0.0 	174.25 	15.0 	0.0 	0.0 	0.0 	-0.0 	15.0 	0.0 	0.0 	0.0 	3.84231373554	2.25979878745	151.573026203	-23.5836099834	
7.63333333333	0.0	0.0	0.0 	0.0 	174.5 	15.0 	0.0 	0.0 	0.0 	-0.0 	15.0 	0.0 	0.0 	0.0 	3.84678579463	2.25979878745	151.622513859	-23.6243710077	
7.65	0.0	0.0	0.0 	0.0 	174.75 	15.0 	0.0 	0.0 	0.0 	-0.0 	15.0 	0.0 	0.0 	0.0 	3.85124057848	2.25979878745	151.672058824	-23.6651792354	
7.66666666667	0.0	0.0	0.0 	0.0 	175.0 	15.0 	0.0 	0.0 	0.0 	-0.0 	15.0 	0.0 	0.0 	0.0 	3.85567815382	2.25979878745	151.721660877	-23.7060344842	
7.68333333333	0.0	0.0	0.0 	0.0 	175.25 	15.0 	0.0 	0.0 	0.0 	-0.0 	15.0 	0.0 	0.0 	0.0 	3.86009858712	2.25979878745	151.771319797	-23.7469365724	
7.7	0.0	0.0	0.0 	0.0 	175.5 	15.0 	0.0 	0.0 	0.0 	-0.0 	15.0 	0.0 	0.0 	0.0 	3.8645019446	2.25979878745	151.821035365	-23.7878853192	
7.71666666667	0.0	0.0	0.0 	0.0 	175.75 	15.0 	0.0 	0.0 	0.0 	-0.0 	15.0 	0.0 	0.0 	0.0 	3.86888829223	2.25979878745	151.870807362	-23.8288805443	
7.73333333333	0.0	0.0	0.0 	0.0 	176.0 	15.0 	0.0 	0.0 	0.0 	-0.0 	15.0 	0.0 	0.0 	0.0 	3.87325769571	2.25979878745	151.92063557	-23.8699220681	
7.75	0.0	0.0	0.0 	0.0 	176.25 	15.0 	0.0 	0.0 	0.0 	-0.0 	15.0 	0.0 	0.0 	0.0 	3.8776102205	2.25979878745	151.970519772	-23.9110097118	
7.76666666667	0.0	0.0	0.0 	0.0 	176.5 	15.0 	0.0 	0.0 	0.0 	-0.0 	15.0 	0.0 	0.0 	0.0 	3.8819459318	2.25979878745	152.020459752	-23.9521432973	
7.78333333333	0.0	0.0	0.0 	0.0 	176.75 	15.0 	0.0 	0.0 	0.0 	-0.0 	15.0 	0.0 	0.0 	0.0 	3.88626489455	2.25979878745	152.070455293	-23.993322647	
7.8	0.0	0.0	0.0 	0.0 	177.0 	15.0 	0.0 	0.0 	0.0 	-0.0 	15.0 	0.0 	0.0 	0.0 	3.89056717346	2.25979878745	152.120506182	-24.0345475843	
7.81666666667	0.0	0.0	0.0 	0.0 	177.25 	15.0 	0.0 	0.0 	0.0 	-0.0 	15.0 	0.0 	0.0 	0.0 	3.89485283298	2.25979878745	152.170612204	-24.0758179329	
7.83333333333	0.0	0.0	0.0 	0.0 	177.5 	15.0 	0.0 	0.0 	0.0 	-0.0 	15.0 	0.0 	0.0 	0.0 	3.8991219373	2.25979878745	152.220773148	-24.1171335174	
7.85	0.0	0.0	0.0 	0.0 	177.75 	15.0 	0.0 	0.0 	0.0 	-0.0 	15.0 	0.0 	0.0 	0.0 	3.90337455038	2.25979878745	152.270988799	-24.1584941632	
7.86666666667	0.0	0.0	0.0 	0.0 	178.0 	15.0 	0.0 	0.0 	0.0 	-0.0 	15.0 	0.0 	0.0 	0.0 	3.90761073592	2.25979878745	152.321258948	-24.1998996962	
7.88333333333	0.0	0.0	0.0 	0.0 	178.25 	15.0 	0.0 	0.0 	0.0 	-0.0 	15.0 	0.0 	0.0 	0.0 	3.91183055737	2.25979878745	152.371583383	-24.2413499429	
7.9	0.0	0.0	0.0 	0.0 	178.5 	15.0 	0.0 	0.0 	0.0 	-0.0 	15.0 	0.0 	0.0 	0.0 	3.91603407796	2.25979878745	152.421961896	-24.2828447306	
7.91666666667	0.0	0.0	0.0 	0.0 	178.75 	15.0 	0.0 	0.0 	0.0 	-0.0 	15.0 	0.0 	0.0 	0.0 	3.92022136065	2.25979878745	152.472394276	-24.3243838873	
7.93333333333	0.0	0.0	0.0 	0.0 	179.0 	15.0 	0.0 	0.0 	0.0 	-0.0 	15.0 	0.0 	0.0 	0.0 	3.92439246817	2.25979878745	152.522880317	-24.3659672416	
7.95	0.0	0.0	0.0 	0.0 	179.25 	15.0 	0.0 	0.0 	0.0 	-0.0 	15.0 	0.0 	0.0 	0.0 	3.92854746299	2.25979878745	152.57341981	-24.4075946227	
7.96666666667	0.0	0.0	0.0 	0.0 	179.5 	15.0 	0.0 	0.0 	0.0 	-0.0 	15.0 	0.0 	0.0 	0.0 	3.93268640737	2.25979878745	152.624012549	-24.4492658606	
7.98333333333	0.0	0.0	0.0 	0.0 	179.75 	15.0 	0.0 	0.0 	0.0 	-0.0 	15.0 	0.0 	0.0 	0.0 	3.93680936331	2.25979878745	152.674658328	-24.4909807858	
8.0	0.0	0.0	0.0 	0.0 	180.0 	15.0 	0.0 	0.0 	0.0 	-0.0 	15.0 	0.0 	0.0 	0.0 	3.94091639256	2.25979878745	152.725356944	-24.5327392297	
8.01666666667	0.0	0.0	0.0 	0.0 	180.25 	15.0 	0.0 	0.0 	0.0 	-0.0 	15.0 	0.0 	0.0 	0.0 	3.94500755665	2.25979878745	152.776108191	-24.574541024	
8.03333333333	0.0	0.0	0.0 	0.0 	180.5 	15.0 	0.0 	0.0 	0.0 	-0.0 	15.0 	0.0 	0.0 	0.0 	3.94908291687	2.25979878745	152.826911866	-24.6163860014	
8.05	0.0	0.0	0.0 	0.0 	180.75 	15.0 	0.0 	0.0 	0.0 	-0.0 	15.0 	0.0 	0.0 	0.0 	3.95314253426	2.25979878745	152.877767766	-24.658273995	
8.06666666667	0.0	0.0	0.0 	0.0 	181.0 	15.0 	0.0 	0.0 	0.0 	-0.0 	15.0 	0.0 	0.0 	0.0 	3.95718646964	2.25979878745	152.928675691	-24.7002048386	
8.08333333333	0.0	0.0	0.0 	0.0 	181.25 	15.0 	0.0 	0.0 	0.0 	-0.0 	15.0 	0.0 	0.0 	0.0 	3.96121478359	2.25979878745	152.979635438	-24.7421783668	
8.1	0.0	0.0	0.0 	0.0 	181.5 	15.0 	0.0 	0.0 	0.0 	-0.0 	15.0 	0.0 	0.0 	0.0 	3.96522753645	2.25979878745	153.030646809	-24.7841944145	
8.11666666667	0.0	0.0	0.0 	0.0 	181.75 	15.0 	0.0 	0.0 	0.0 	-0.0 	15.0 	0.0 	0.0 	0.0 	3.96922478834	2.25979878745	153.081709602	-24.8262528177	
8.13333333333	0.0	0.0	0.0 	0.0 	182.0 	15.0 	0.0 	0.0 	0.0 	-0.0 	15.0 	0.0 	0.0 	0.0 	3.97320659912	2.25979878745	153.132823621	-24.8683534126	
8.15	0.0	0.0	0.0 	0.0 	182.25 	15.0 	0.0 	0.0 	0.0 	-0.0 	15.0 	0.0 	0.0 	0.0 	3.97717302846	2.25979878745	153.183988666	-24.9104960363	
8.16666666667	0.0	0.0	0.0 	0.0 	182.5 	15.0 	0.0 	0.0 	0.0 	-0.0 	15.0 	0.0 	0.0 	0.0 	3.98112413576	2.25979878745	153.235204541	-24.9526805265	
8.18333333333	0.0	0.0	0.0 	0.0 	182.75 	15.0 	0.0 	0.0 	0.0 	-0.0 	15.0 	0.0 	0.0 	0.0 	3.98505998022	2.25979878745	153.286471049	-24.9949067213	
8.2	0.0	0.0	0.0 	0.0 	183.0 	15.0 	0.0 	0.0 	0.0 	-0.0 	15.0 	0.0 	0.0 	0.0 	3.9889806208	2.25979878745	153.337787995	-25.0371744598	
8.21666666667	0.0	0.0	0.0 	0.0 	183.25 	15.0 	0.0 	0.0 	0.0 	-0.0 	15.0 	0.0 	0.0 	0.0 	3.99288611622	2.25979878745	153.389155184	-25.0794835813	
8.23333333333	0.0	0.0	0.0 	0.0 	183.5 	15.0 	0.0 	0.0 	0.0 	-0.0 	15.0 	0.0 	0.0 	0.0 	3.99677652499	2.25979878745	153.440572422	-25.1218339261	
8.25	0.0	0.0	0.0 	0.0 	183.75 	15.0 	0.0 	0.0 	0.0 	-0.0 	15.0 	0.0 	0.0 	0.0 	4.00065190539	2.25979878745	153.492039515	-25.164225335	
8.26666666667	0.0	0.0	0.0 	0.0 	184.0 	15.0 	0.0 	0.0 	0.0 	-0.0 	15.0 	0.0 	0.0 	0.0 	4.00451231548	2.25979878745	153.543556272	-25.2066576492	
8.28333333333	0.0	0.0	0.0 	0.0 	184.25 	15.0 	0.0 	0.0 	0.0 	-0.0 	15.0 	0.0 	0.0 	0.0 	4.00835781308	2.25979878745	153.595122499	-25.2491307108	
8.3	0.0	0.0	0.0 	0.0 	184.5 	15.0 	0.0 	0.0 	0.0 	-0.0 	15.0 	0.0 	0.0 	0.0 	4.01218845579	2.25979878745	153.646738006	-25.2916443623	
8.31666666667	0.0	0.0	0.0 	0.0 	184.75 	15.0 	0.0 	0.0 	0.0 	-0.0 	15.0 	0.0 	0.0 	0.0 	4.01600430101	2.25979878745	153.698402603	-25.3341984471	
8.33333333333	0.0	0.0	0.0 	0.0 	185.0 	15.0 	0.0 	0.0 	0.0 	-0.0 	15.0 	0.0 	0.0 	0.0 	4.01980540589	2.25979878745	153.7501161	-25.3767928088	
8.35	0.0	0.0	0.0 	0.0 	185.25 	15.0 	0.0 	0.0 	0.0 	-0.0 	15.0 	0.0 	0.0 	0.0 	4.02359182738	2.25979878745	153.801878308	-25.4194272919	
8.36666666667	0.0	0.0	0.0 	0.0 	185.5 	15.0 	0.0 	0.0 	0.0 	-0.0 	15.0 	0.0 	0.0 	0.0 	4.02736362219	2.25979878745	153.853689039	-25.4621017414	
8.38333333333	0.0	0.0	0.0 	0.0 	185.75 	15.0 	0.0 	0.0 	0.0 	-0.0 	15.0 	0.0 	0.0 	0.0 	4.03112084682	2.25979878745	153.905548106	-25.504816003	
8.4	0.0	0.0	0.0 	0.0 	186.0 	15.0 	0.0 	0.0 	0.0 	-0.0 	15.0 	0.0 	0.0 	0.0 	4.03486355757	2.25979878745	153.957455321	-25.5475699228	
8.41666666667	0.0	0.0	0.0 	0.0 	186.25 	15.0 	0.0 	0.0 	0.0 	-0.0 	15.0 	0.0 	0.0 	0.0 	4.03859181049	2.25979878745	154.009410499	-25.5903633476	
8.43333333333	0.0	0.0	0.0 	0.0 	186.5 	15.0 	0.0 	0.0 	0.0 	-0.0 	15.0 	0.0 	0.0 	0.0 	4.04230566144	2.25979878745	154.061413454	-25.6331961248	
8.45	0.0	0.0	0.0 	0.0 	186.75 	15.0 	0.0 	0.0 	0.0 	-0.0 	15.0 	0.0 	0.0 	0.0 	4.04600516605	2.25979878745	154.113464003	-25.6760681025	
8.46666666667	0.0	0.0	0.0 	0.0 	187.0 	15.0 	0.0 	0.0 	0.0 	-0.0 	15.0 	0.0 	0.0 	0.0 	4.04969037974	2.25979878745	154.16556196	-25.7189791292	
8.48333333333	0.0	0.0	0.0 	0.0 	187.25 	15.0 	0.0 	0.0 	0.0 	-0.0 	15.0 	0.0 	0.0 	0.0 	4.05336135772	2.25979878745	154.217707144	-25.761929054	
8.5	0.0	0.0	0.0 	0.0 	187.5 	15.0 	0.0 	0.0 	0.0 	-0.0 	15.0 	0.0 	0.0 	0.0 	4.05701815496	2.25979878745	154.26989937	-25.8049177266	
8.51666666667	0.0	0.0	0.0 	0.0 	187.75 	15.0 	0.0 	0.0 	0.0 	-0.0 	15.0 	0.0 	0.0 	0.0 	4.06066082626	2.25979878745	154.322138459	-25.8479449975	
8.53333333333	0.0	0.0	0.0 	0.0 	188.0 	15.0 	0.0 	0.0 	0.0 	-0.0 	15.0 	0.0 	0.0 	0.0 	4.06428942619	2.25979878745	154.374424229	-25.8910107175	
8.55	0.0	0.0	0.0 	0.0 	188.25 	15.0 	0.0 	0.0 	0.0 	-0.0 	15.0 	0.0 	0.0 	0.0 	4.06790400909	2.25979878745	154.426756499	-25.934114738	
8.56666666667	0.0	0.0	0.0 	0.0 	188.5 	15.0 	0.0 	0.0 	0.0 	-0.0 	15.0 	0.0 	0.0 	0.0 	4.07150462912	2.25979878745	154.479135089	-25.9772569112	
8.58333333333	0.0	0.0	0.0 	0.0 	188.75 	15.0 	0.0 	0.0 	0.0 	-0.0 	15.0 	0.0 	0.0 	0.0 	4.07509134021	2.25979878745	154.531559822	-26.0204370896	
8.6	0.0	0.0	0.0 	0.0 	189.0 	15.0 	0.0 	0.0 	0.0 	-0.0 	15.0 	0.0 	0.0 	0.0 	4.07866419609	2.25979878745	154.584030518	-26.0636551264	
8.61666666667	0.0	0.0	0.0 	0.0 	189.25 	15.0 	0.0 	0.0 	0.0 	-0.0 	15.0 	0.0 	0.0 	0.0 	4.08222325028	2.25979878745	154.636547001	-26.1069108755	
8.63333333333	0.0	0.0	0.0 	0.0 	189.5 	15.0 	0.0 	0.0 	0.0 	-0.0 	15.0 	0.0 	0.0 	0.0 	4.08576855611	2.25979878745	154.689109092	-26.150204191	
8.65	0.0	0.0	0.0 	0.0 	189.75 	15.0 	0.0 	0.0 	0.0 	-0.0 	15.0 	0.0 	0.0 	0.0 	4.08930016667	2.25979878745	154.741716617	-26.1935349279	
8.66666666667	0.0	0.0	0.0 	0.0 	190.0 	15.0 	0.0 	0.0 	0.0 	-0.0 	15.0 	0.0 	0.0 	0.0 	4.09281813487	2.25979878745	154.794369399	-26.2369029416	
8.68333333333	0.0	0.0	0.0 	0.0 	190.25 	15.0 	0.0 	0.0 	0.0 	-0.0 	15.0 	0.0 	0.0 	0.0 	4.09632251342	2.25979878745	154.847067264	-26.2803080882	
8.7	0.0	0.0	0.0 	0.0 	190.5 	15.0 	0.0 	0.0 	0.0 	-0.0 	15.0 	0.0 	0.0 	0.0 	4.0998133548	2.25979878745	154.899810037	-26.3237502242	
8.71666666667	0.0	0.0	0.0 	0.0 	190.75 	15.0 	0.0 	0.0 	0.0 	-0.0 	15.0 	0.0 	0.0 	0.0 	4.10329071131	2.25979878745	154.952597545	-26.3672292067	
8.73333333333	0.0	0.0	0.0 	0.0 	191.0 	15.0 	0.0 	0.0 	0.0 	-0.0 	15.0 	0.0 	0.0 	0.0 	4.10675463504	2.25979878745	155.005429616	-26.4107448933	
8.75	0.0	0.0	0.0 	0.0 	191.25 	15.0 	0.0 	0.0 	0.0 	-0.0 	15.0 	0.0 	0.0 	0.0 	4.11020517789	2.25979878745	155.058306077	-26.4542971424	
8.76666666667	0.0	0.0	0.0 	0.0 	191.5 	15.0 	0.0 	0.0 	0.0 	-0.0 	15.0 	0.0 	0.0 	0.0 	4.11364239153	2.25979878745	155.111226756	-26.4978858125	
8.78333333333	0.0	0.0	0.0 	0.0 	191.75 	15.0 	0.0 	0.0 	0.0 	-0.0 	15.0 	0.0 	0.0 	0.0 	4.11706632746	2.25979878745	155.164191483	-26.5415107632	
8.8	0.0	0.0	0.0 	0.0 	192.0 	15.0 	0.0 	0.0 	0.0 	-0.0 	15.0 	0.0 	0.0 	0.0 	4.12047703698	2.25979878745	155.217200088	-26.5851718541	
8.81666666667	0.0	0.0	0.0 	0.0 	192.25 	15.0 	0.0 	0.0 	0.0 	-0.0 	15.0 	0.0 	0.0 	0.0 	4.12387457116	2.25979878745	155.270252401	-26.6288689457	
8.83333333333	0.0	0.0	0.0 	0.0 	192.5 	15.0 	0.0 	0.0 	0.0 	-0.0 	15.0 	0.0 	0.0 	0.0 	4.12725898092	2.25979878745	155.323348254	-26.672601899	
8.85	0.0	0.0	0.0 	0.0 	192.75 	15.0 	0.0 	0.0 	0.0 	-0.0 	15.0 	0.0 	0.0 	0.0 	4.13063031694	2.25979878745	155.376487478	-26.7163705754	
8.86666666667	0.0	0.0	0.0 	0.0 	193.0 	15.0 	0.0 	0.0 	0.0 	-0.0 	15.0 	0.0 	0.0 	0.0 	4.13398862974	2.25979878745	155.429669905	-26.7601748368	
8.88333333333	0.0	0.0	0.0 	0.0 	193.25 	15.0 	0.0 	0.0 	0.0 	-0.0 	15.0 	0.0 	0.0 	0.0 	4.13733396961	2.25979878745	155.482895369	-26.804014546	
8.9	0.0	0.0	0.0 	0.0 	193.5 	15.0 	0.0 	0.0 	0.0 	-0.0 	15.0 	0.0 	0.0 	0.0 	4.14066638668	2.25979878745	155.536163703	-26.8478895658	
8.91666666667	0.0	0.0	0.0 	0.0 	193.75 	15.0 	0.0 	0.0 	0.0 	-0.0 	15.0 	0.0 	0.0 	0.0 	4.14398593085	2.25979878745	155.589474742	-26.8917997599	
8.93333333333	0.0	0.0	0.0 	0.0 	194.0 	15.0 	0.0 	0.0 	0.0 	-0.0 	15.0 	0.0 	0.0 	0.0 	4.14729265187	2.25979878745	155.642828321	-26.9357449924	
8.95	0.0	0.0	0.0 	0.0 	194.25 	15.0 	0.0 	0.0 	0.0 	-0.0 	15.0 	0.0 	0.0 	0.0 	4.15058659925	2.25979878745	155.696224276	-26.9797251281	
8.96666666667	0.0	0.0	0.0 	0.0 	194.5 	15.0 	0.0 	0.0 	0.0 	-0.0 	15.0 	0.0 	0.0 	0.0 	4.15386782236	2.25979878745	155.749662443	-27.023740032	
8.98333333333	0.0	0.0	0.0 	0.0 	194.75 	15.0 	0.0 	0.0 	0.0 	-0.0 	15.0 	0.0 	0.0 	0.0 	4.15713637034	2.25979878745	155.803142658	-27.0677895698	
9.0	0.0	0.0	0.0 	0.0 	195.0 	15.0 	0.0 	0.0 	0.0 	-0.0 	15.0 	0.0 	0.0 	0.0 	4.16039229215	2.25979878745	155.85666476	-27.1118736078	
9.01666666667	0.0	0.0	0.0 	0.0 	195.25 	15.0 	0.0 	0.0 	0.0 	-0.0 	15.0 	0.0 	0.0 	0.0 	4.16363563656	2.25979878745	155.910228586	-27.1559920126	
9.03333333333	0.0	0.0	0.0 	0.0 	195.5 	15.0 	0.0 	0.0 	0.0 	-0.0 	15.0 	0.0 	0.0 	0.0 	4.16686645217	2.25979878745	155.963833976	-27.2001446516	
9.05	0.0	0.0	0.0 	0.0 	195.75 	15.0 	0.0 	0.0 	0.0 	-0.0 	15.0 	0.0 	0.0 	0.0 	4.17008478737	2.25979878745	156.017480769	-27.2443313925	
9.06666666667	0.0	0.0	0.0 	0.0 	196.0 	15.0 	0.0 	0.0 	0.0 	-0.0 	15.0 	0.0 	0.0 	0.0 	4.17329069037	2.25979878745	156.071168804	-27.2885521035	
9.08333333333	0.0	0.0	0.0 	0.0 	196.25 	15.0 	0.0 	0.0 	0.0 	-0.0 	15.0 	0.0 	0.0 	0.0 	4.1764842092	2.25979878745	156.124897923	-27.3328066535	
9.1	0.0	0.0	0.0 	0.0 	196.5 	15.0 	0.0 	0.0 	0.0 	-0.0 	15.0 	0.0 	0.0 	0.0 	4.1796653917	2.25979878745	156.178667967	-27.3770949117	
9.11666666667	0.0	0.0	0.0 	0.0 	196.75 	15.0 	0.0 	0.0 	0.0 	-0.0 	15.0 	0.0 	0.0 	0.0 	4.18283428551	2.25979878745	156.232478778	-27.4214167478	
9.13333333333	0.0	0.0	0.0 	0.0 	197.0 	15.0 	0.0 	0.0 	0.0 	-0.0 	15.0 	0.0 	0.0 	0.0 	4.18599093811	2.25979878745	156.286330198	-27.4657720323	
9.15	0.0	0.0	0.0 	0.0 	197.25 	15.0 	0.0 	0.0 	0.0 	-0.0 	15.0 	0.0 	0.0 	0.0 	4.1891353968	2.25979878745	156.340222071	-27.5101606358	
9.16666666667	0.0	0.0	0.0 	0.0 	197.5 	15.0 	0.0 	0.0 	0.0 	-0.0 	15.0 	0.0 	0.0 	0.0 	4.19226770866	2.25979878745	156.394154239	-27.5545824297	
9.18333333333	0.0	0.0	0.0 	0.0 	197.75 	15.0 	0.0 	0.0 	0.0 	-0.0 	15.0 	0.0 	0.0 	0.0 	4.19538792063	2.25979878745	156.448126549	-27.5990372857	
9.2	0.0	0.0	0.0 	0.0 	198.0 	15.0 	0.0 	0.0 	0.0 	-0.0 	15.0 	0.0 	0.0 	0.0 	4.19849607944	2.25979878745	156.502138843	-27.6435250762	
9.21666666667	0.0	0.0	0.0 	0.0 	198.25 	15.0 	0.0 	0.0 	0.0 	-0.0 	15.0 	0.0 	0.0 	0.0 	4.20159223165	2.25979878745	156.556190969	-27.6880456739	
9.23333333333	0.0	0.0	0.0 	0.0 	198.5 	15.0 	0.0 	0.0 	0.0 	-0.0 	15.0 	0.0 	0.0 	0.0 	4.20467642366	2.25979878745	156.610282772	-27.7325989521	
9.25	0.0	0.0	0.0 	0.0 	198.75 	15.0 	0.0 	0.0 	0.0 	-0.0 	15.0 	0.0 	0.0 	0.0 	4.20774870165	2.25979878745	156.664414099	-27.7771847845	
9.26666666667	0.0	0.0	0.0 	0.0 	199.0 	15.0 	0.0 	0.0 	0.0 	-0.0 	15.0 	0.0 	0.0 	0.0 	4.21080911165	2.25979878745	156.718584796	-27.8218030454	
9.28333333333	0.0	0.0	0.0 	0.0 	199.25 	15.0 	0.0 	0.0 	0.0 	-0.0 	15.0 	0.0 	0.0 	0.0 	4.2138576995	2.25979878745	156.772794713	-27.8664536096	
9.3	0.0	0.0	0.0 	0.0 	199.5 	15.0 	0.0 	0.0 	0.0 	-0.0 	15.0 	0.0 	0.0 	0.0 	4.21689451088	2.25979878745	156.827043698	-27.9111363522	
9.31666666667	0.0	0.0	0.0 	0.0 	199.75 	15.0 	0.0 	0.0 	0.0 	-0.0 	15.0 	0.0 	0.0 	0.0 	4.21991959127	2.25979878745	156.881331599	-27.9558511489	
9.33333333333	0.0	0.0	0.0 	0.0 	200.0 	15.0 	0.0 	0.0 	0.0 	-0.0 	15.0 	0.0 	0.0 	0.0 	4.222932986	2.25979878745	156.935658267	-28.0005978759	
9.35	0.0	0.0	0.0 	0.0 	200.25 	15.0 	0.0 	0.0 	0.0 	-0.0 	15.0 	0.0 	0.0 	0.0 	4.2259347402	2.25979878745	156.990023551	-28.0453764098	
9.36666666667	0.0	0.0	0.0 	0.0 	200.5 	15.0 	0.0 	0.0 	0.0 	-0.0 	15.0 	0.0 	0.0 	0.0 	4.22892489883	2.25979878745	157.044427303	-28.0901866279	
9.38333333333	0.0	0.0	0.0 	0.0 	200.75 	15.0 	0.0 	0.0 	0.0 	-0.0 	15.0 	0.0 	0.0 	0.0 	4.2319035067	2.25979878745	157.098869373	-28.1350284077	
9.4	0.0	0.0	0.0 	0.0 	201.0 	15.0 	0.0 	0.0 	0.0 	-0.0 	15.0 	0.0 	0.0 	0.0 	4.23487060842	2.25979878745	157.153349614	-28.1799016272	
9.41666666667	0.0	0.0	0.0 	0.0 	201.25 	15.0 	0.0 	0.0 	0.0 	-0.0 	15.0 	0.0 	0.0 	0.0 	4.23782624844	2.25979878745	157.207867879	-28.2248061651	
9.43333333333	0.0	0.0	0.0 	0.0 	201.5 	15.0 	0.0 	0.0 	0.0 	-0.0 	15.0 	0.0 	0.0 	0.0 	4.24077047103	2.25979878745	157.26242402	-28.2697419004	
9.45	0.0	0.0	0.0 	0.0 	201.75 	15.0 	0.0 	0.0 	0.0 	-0.0 	15.0 	0.0 	0.0 	0.0 	4.2437033203	2.25979878745	157.317017891	-28.3147087124	
9.46666666667	0.0	0.0	0.0 	0.0 	202.0 	15.0 	0.0 	0.0 	0.0 	-0.0 	15.0 	0.0 	0.0 	0.0 	4.24662484018	2.25979878745	157.371649347	-28.3597064813	
9.48333333333	0.0	0.0	0.0 	0.0 	202.25 	15.0 	0.0 	0.0 	0.0 	-0.0 	15.0 	0.0 	0.0 	0.0 	4.24953507444	2.25979878745	157.426318242	-28.4047350874	
9.5	0.0	0.0	0.0 	0.0 	202.5 	15.0 	0.0 	0.0 	0.0 	-0.0 	15.0 	0.0 	0.0 	0.0 	4.25243406668	2.25979878745	157.481024431	-28.4497944115	
9.51666666667	0.0	0.0	0.0 	0.0 	202.75 	15.0 	0.0 	0.0 	0.0 	-0.0 	15.0 	0.0 	0.0 	0.0 	4.25532186032	2.25979878745	157.535767771	-28.4948843351	
9.53333333333	0.0	0.0	0.0 	0.0 	203.0 	15.0 	0.0 	0.0 	0.0 	-0.0 	15.0 	0.0 	0.0 	0.0 	4.25819849861	2.25979878745	157.590548118	-28.5400047399	
9.55	0.0	0.0	0.0 	0.0 	203.25 	15.0 	0.0 	0.0 	0.0 	-0.0 	15.0 	0.0 	0.0 	0.0 	4.26106402466	2.25979878745	157.645365329	-28.5851555082	
9.56666666667	0.0	0.0	0.0 	0.0 	203.5 	15.0 	0.0 	0.0 	0.0 	-0.0 	15.0 	0.0 	0.0 	0.0 	4.26391848139	2.25979878745	157.700219262	-28.6303365226	
9.58333333333	0.0	0.0	0.0 	0.0 	203.75 	15.0 	0.0 	0.0 	0.0 	-0.0 	15.0 	0.0 	0.0 	0.0 	4.26676191155	2.25979878745	157.755109775	-28.6755476664	
9.6	0.0	0.0	0.0 	0.0 	204.0 	15.0 	0.0 	0.0 	0.0 	-0.0 	15.0 	0.0 	0.0 	0.0 	4.26959435775	2.25979878745	157.810036726	-28.7207888232	
9.61666666667	0.0	0.0	0.0 	0.0 	204.25 	15.0 	0.0 	0.0 	0.0 	-0.0 	15.0 	0.0 	0.0 	0.0 	4.27241586241	2.25979878745	157.864999974	-28.766059877	
9.63333333333	0.0	0.0	0.0 	0.0 	204.5 	15.0 	0.0 	0.0 	0.0 	-0.0 	15.0 	0.0 	0.0 	0.0 	4.27522646781	2.25979878745	157.919999381	-28.8113607123	
9.65	0.0	0.0	0.0 	0.0 	204.75 	15.0 	0.0 	0.0 	0.0 	-0.0 	15.0 	0.0 	0.0 	0.0 	4.27802621603	2.25979878745	157.975034805	-28.856691214	
9.66666666667	0.0	0.0	0.0 	0.0 	205.0 	15.0 	0.0 	0.0 	0.0 	-0.0 	15.0 	0.0 	0.0 	0.0 	4.28081514903	2.25979878745	158.030106108	-28.9020512677	
9.68333333333	0.0	0.0	0.0 	0.0 	205.25 	15.0 	0.0 	0.0 	0.0 	-0.0 	15.0 	0.0 	0.0 	0.0 	4.28359330858	2.25979878745	158.085213151	-28.9474407591	
9.7	0.0	0.0	0.0 	0.0 	205.5 	15.0 	0.0 	0.0 	0.0 	-0.0 	15.0 	0.0 	0.0 	0.0 	4.28636073629	2.25979878745	158.140355796	-28.9928595745	
9.71666666667	0.0	0.0	0.0 	0.0 	205.75 	15.0 	0.0 	0.0 	0.0 	-0.0 	15.0 	0.0 	0.0 	0.0 	4.28911747364	2.25979878745	158.195533906	-29.0383076006	
9.73333333333	0.0	0.0	0.0 	0.0 	206.0 	15.0 	0.0 	0.0 	0.0 	-0.0 	15.0 	0.0 	0.0 	0.0 	4.2918635619	2.25979878745	158.250747343	-29.0837847246	
9.75	0.0	0.0	0.0 	0.0 	206.25 	15.0 	0.0 	0.0 	0.0 	-0.0 	15.0 	0.0 	0.0 	0.0 	4.29459904222	2.25979878745	158.305995971	-29.1292908342	
9.76666666667	0.0	0.0	0.0 	0.0 	206.5 	15.0 	0.0 	0.0 	0.0 	-0.0 	15.0 	0.0 	0.0 	0.0 	4.29732395558	2.25979878745	158.361279654	-29.1748258172	
9.78333333333	0.0	0.0	0.0 	0.0 	206.75 	15.0 	0.0 	0.0 	0.0 	-0.0 	15.0 	0.0 	0.0 	0.0 	4.30003834279	2.25979878745	158.416598257	-29.2203895622	
9.8	0.0	0.0	0.0 	0.0 	207.0 	15.0 	0.0 	0.0 	0.0 	-0.0 	15.0 	0.0 	0.0 	0.0 	4.30274224452	2.25979878745	158.471951645	-29.2659819582	
9.81666666667	0.0	0.0	0.0 	0.0 	207.25 	15.0 	0.0 	0.0 	0.0 	-0.0 	15.0 	0.0 	0.0 	0.0 	4.30543570127	2.25979878745	158.527339684	-29.3116028943	
9.83333333333	0.0	0.0	0.0 	0.0 	207.5 	15.0 	0.0 	0.0 	0.0 	-0.0 	15.0 	0.0 	0.0 	0.0 	4.30811875339	2.25979878745	158.582762239	-29.3572522604	
9.85	0.0	0.0	0.0 	0.0 	207.75 	15.0 	0.0 	0.0 	0.0 	-0.0 	15.0 	0.0 	0.0 	0.0 	4.31079144107	2.25979878745	158.638219177	-29.4029299466	
9.86666666667	0.0	0.0	0.0 	0.0 	208.0 	15.0 	0.0 	0.0 	0.0 	-0.0 	15.0 	0.0 	0.0 	0.0 	4.31345380435	2.25979878745	158.693710365	-29.4486358435	
9.88333333333	0.0	0.0	0.0 	0.0 	208.25 	15.0 	0.0 	0.0 	0.0 	-0.0 	15.0 	0.0 	0.0 	0.0 	4.31610588311	2.25979878745	158.749235672	-29.4943698422	
9.9	0.0	0.0	0.0 	0.0 	208.5 	15.0 	0.0 	0.0 	0.0 	-0.0 	15.0 	0.0 	0.0 	0.0 	4.31874771709	2.25979878745	158.804794965	-29.5401318341	
9.91666666667	0.0	0.0	0.0 	0.0 	208.75 	15.0 	0.0 	0.0 	0.0 	-0.0 	15.0 	0.0 	0.0 	0.0 	4.32137934584	2.25979878745	158.860388114	-29.5859217111	
9.93333333333	0.0	0.0	0.0 	0.0 	209.0 	15.0 	0.0 	0.0 	0.0 	-0.0 	15.0 	0.0 	0.0 	0.0 	4.32400080881	2.25979878745	158.916014986	-29.6317393654	
9.95	0.0	0.0	0.0 	0.0 	209.25 	15.0 	0.0 	0.0 	0.0 	-0.0 	15.0 	0.0 	0.0 	0.0 	4.32661214525	2.25979878745	158.971675453	-29.6775846898	
9.96666666667	0.0	0.0	0.0 	0.0 	209.5 	15.0 	0.0 	0.0 	0.0 	-0.0 	15.0 	0.0 	0.0 	0.0 	4.32921339428	2.25979878745	159.027369383	-29.7234575773	
9.98333333333	0.0	0.0	0.0 	0.0 	209.75 	15.0 	0.0 	0.0 	0.0 	-0.0 	15.0 	0.0 	0.0 	0.0 	4.33180459487	2.25979878745	159.083096649	-29.7693579215	
