0.0166666666667	0.0	0.0	0.0 	0.0 	20.4 	24.0 	0.0 	0.0 	0.0 	0.0 	24.0 	0.0 	0.0 	0.0 	0.0	-1.16483870968	100.0	-20.7741935484	
0.0333333333333	0.0	0.0	0.0 	0.0 	20.8 	24.0 	0.0 	0.0 	0.0 	-0.0 	24.0 	0.0 	0.0 	0.0 	0.0	-1.16483870968	100.0	-20.7741935484	
0.05	0.0	0.0	0.0 	0.0 	21.2 	24.0 	0.0 	0.0 	0.0 	-0.0 	24.0 	0.0 	0.0 	0.0 	0.0	-1.16483870968	100.0	-20.7741935484	
0.0666666666667	0.0	0.0	0.0 	0.0 	21.6 	24.0 	0.0 	0.0 	0.0 	-0.0 	24.0 	0.0 	0.0 	0.0 	0.0	-1.16483870968	100.0	-20.7741935484	
0.0833333333333	0.0	0.0	0.0 	0.0 	22.0 	24.0 	0.0 	0.0 	0.0 	-0.0 	24.0 	0.0 	0.0 	0.0 	0.0	-1.16483870968	100.0	-20.7741935484	
0.1	0.0	0.0	0.0 	0.0 	22.4 	24.0 	0.0 	0.0 	0.0 	-0.0 	24.0 	0.0 	0.0 	0.0 	0.0	-1.16483870968	100.0	-20.7741935484	
0.116666666667	0.0	0.0	0.0 	0.0 	22.8 	24.0 	0.0 	0.0 	0.0 	-0.0 	24.0 	0.0 	0.0 	0.0 	0.0	-1.16483870968	100.0	-20.7741935484	
0.133333333333	0.0	0.0	0.0 	0.0 	23.2 	24.0 	0.0 	0.0 	0.0 	-0.0 	24.0 	0.0 	0.0 	0.0 	0.0	-1.16483870968	100.0	-20.7741935484	
0.15	0.0	0.0	0.0 	0.0 	23.6 	24.0 	0.0 	0.0 	0.0 	-0.0 	24.0 	0.0 	0.0 	0.0 	0.0	-1.16483870968	100.0	-20.7741935484	
0.166666666667	0.0	0.0	0.0 	0.0 	24.0 	24.0 	0.0 	0.0 	0.0 	-0.0 	24.0 	0.0 	0.0 	0.0 	0.0	-1.16483870968	100.0	-20.7741935484	
0.183333333333	0.0	0.0	0.0 	0.0 	24.4 	24.0 	0.0 	0.0 	0.0 	-0.0 	24.0 	0.0 	0.0 	0.0 	0.0	-1.16483870968	100.0	-20.7741935484	
0.2	0.0	0.0	0.0 	0.0 	24.8 	24.0 	0.0 	0.0 	0.0 	-0.0 	24.0 	0.0 	0.0 	0.0 	0.0	-1.16483870968	100.0	-20.7741935484	
0.216666666667	0.0	0.0	0.0 	0.0 	25.2 	24.0 	0.0 	0.0 	0.0 	-0.0 	24.0 	0.0 	0.0 	0.0 	0.0	-1.16483870968	100.0	-20.7741935484	
0.233333333333	0.0	0.0	0.0 	0.0 	25.6 	24.0 	0.0 	0.0 	0.0 	-0.0 	24.0 	0.0 	0.0 	0.0 	0.0	-1.16483870968	100.0	-20.7741935484	
0.25	0.0	0.0	0.0 	0.0 	26.0 	24.0 	0.0 	0.0 	0.0 	-0.0 	24.0 	0.0 	0.0 	0.0 	0.0	-1.16483870968	100.0	-20.7741935484	
0.266666666667	0.0	0.0	0.0 	0.0 	26.4 	24.0 	0.0 	0.0 	0.0 	-0.0 	24.0 	0.0 	0.0 	0.0 	0.0	-1.16483870968	100.0	-20.7741935484	
0.283333333333	0.0	0.0	0.0 	0.0 	26.8 	24.0 	0.0 	0.0 	0.0 	-0.0 	24.0 	0.0 	0.0 	0.0 	0.0	-1.16483870968	100.0	-20.7741935484	
0.3	0.0	0.0	0.0 	0.0 	27.2 	24.0 	0.0 	0.0 	0.0 	-0.0 	24.0 	0.0 	0.0 	0.0 	0.0	-1.16483870968	100.0	-20.7741935484	
0.316666666667	0.0	0.0	0.0 	0.0 	27.6 	24.0 	0.0 	0.0 	0.0 	-0.0 	24.0 	0.0 	0.0 	0.0 	0.0	-1.16483870968	100.0	-20.7741935484	
0.333333333333	0.0	0.0	0.0 	0.0 	28.0 	24.0 	0.0 	0.0 	0.0 	-0.0 	24.0 	0.0 	0.0 	0.0 	0.0	-1.16483870968	100.0	-20.7741935484	
0.35	0.0	0.0	0.0 	0.0 	28.4 	24.0 	0.0 	0.0 	0.0 	-0.0 	24.0 	0.0 	0.0 	0.0 	0.0	-1.16483870968	100.0	-20.7741935484	
0.366666666667	0.0	0.0	0.0 	0.0 	28.8 	24.0 	0.0 	0.0 	0.0 	-0.0 	24.0 	0.0 	0.0 	0.0 	0.0	-1.16483870968	100.0	-20.7741935484	
0.383333333333	0.0	0.0	0.0 	0.0 	29.2 	24.0 	0.0 	0.0 	0.0 	-0.0 	24.0 	0.0 	0.0 	0.0 	0.0	-1.16483870968	100.0	-20.7741935484	
0.4	0.0	0.0	0.0 	0.0 	29.6 	24.0 	0.0 	0.0 	0.0 	-0.0 	24.0 	0.0 	0.0 	0.0 	0.0	-1.16483870968	100.0	-20.7741935484	
0.416666666667	0.0	0.0	0.0 	0.0 	30.0 	24.0 	0.0 	0.0 	0.0 	-0.0 	24.0 	0.0 	0.0 	0.0 	0.0	-1.16483870968	100.0	-20.7741935484	
0.433333333333	0.0	0.0	0.0 	0.0 	30.4 	24.0 	0.0 	0.0 	0.0 	-0.0 	24.0 	0.0 	0.0 	0.0 	0.0	-1.16483870968	100.0	-20.7741935484	
0.45	0.0	0.0	0.0 	0.0 	30.8 	24.0 	0.0 	0.0 	0.0 	-0.0 	24.0 	0.0 	0.0 	0.0 	0.0	-1.16483870968	100.0	-20.7741935484	
0.466666666667	0.0	0.0	0.0 	0.0 	31.2 	24.0 	0.0 	0.0 	0.0 	-0.0 	24.0 	0.0 	0.0 	0.0 	0.0	-1.16483870968	100.0	-20.7741935484	
0.483333333333	0.0	0.0	0.0 	0.0 	31.6 	24.0 	0.0 	0.0 	0.0 	-0.0 	24.0 	0.0 	0.0 	0.0 	0.0	-1.16483870968	100.0	-20.7741935484	
0.5	0.0	0.0	0.0 	0.0 	32.0 	24.0 	0.0 	0.0 	0.0 	-0.0 	24.0 	0.0 	0.0 	0.0 	0.0	-1.16483870968	100.0	-20.7741935484	
0.516666666667	0.0	0.0	0.0 	0.0 	32.4 	24.0 	0.0 	0.0 	0.0 	-0.0 	24.0 	0.0 	0.0 	0.0 	0.0	-1.16483870968	100.0	-20.7741935484	
0.533333333333	0.0	0.0	0.0 	0.0 	32.8 	24.0 	0.0 	0.0 	0.0 	-0.0 	24.0 	0.0 	0.0 	0.0 	0.0	-1.16483870968	100.0	-20.7741935484	
0.55	0.0	0.0	0.0 	0.0 	33.2 	24.0 	0.0 	0.0 	0.0 	-0.0 	24.0 	0.0 	0.0 	0.0 	0.0	-1.16483870968	100.0	-20.7741935484	
0.566666666667	0.0	0.0	0.0 	0.0 	33.6 	24.0 	0.0 	0.0 	0.0 	-0.0 	24.0 	0.0 	0.0 	0.0 	0.0	-1.16483870968	100.0	-20.7741935484	
0.583333333333	0.0	0.0	0.0 	0.0 	34.0 	24.0 	0.0 	0.0 	0.0 	-0.0 	24.0 	0.0 	0.0 	0.0 	0.0	-1.16483870968	100.0	-20.7741935484	
0.6	0.0	0.0	0.0 	0.0 	34.4 	24.0 	0.0 	0.0 	0.0 	-0.0 	24.0 	0.0 	0.0 	0.0 	0.0	-1.16483870968	100.0	-20.7741935484	
0.616666666667	0.0	0.0	0.0 	0.0 	34.8 	24.0 	0.0 	0.0 	0.0 	-0.0 	24.0 	0.0 	0.0 	0.0 	0.0	-1.16483870968	100.0	-20.7741935484	
0.633333333333	0.0	0.0	0.0 	0.0 	35.2 	24.0 	0.0 	0.0 	0.0 	-0.0 	24.0 	0.0 	0.0 	0.0 	0.0	-1.16483870968	100.0	-20.7741935484	
0.65	0.0	0.0	0.0 	0.0 	35.6 	24.0 	0.0 	0.0 	0.0 	-0.0 	24.0 	0.0 	0.0 	0.0 	0.0	-1.16483870968	100.0	-20.7741935484	
0.666666666667	0.0	0.0	0.0 	0.0 	36.0 	24.0 	0.0 	0.0 	0.0 	-0.0 	24.0 	0.0 	0.0 	0.0 	0.0	-1.16483870968	100.0	-20.7741935484	
0.683333333333	0.0	0.0	0.0 	0.0 	36.4 	24.0 	0.0 	0.0 	0.0 	-0.0 	24.0 	0.0 	0.0 	0.0 	0.0	-1.16483870968	100.0	-20.7741935484	
0.7	0.0	0.0	0.0 	0.0 	36.8 	24.0 	0.0 	0.0 	0.0 	-0.0 	24.0 	0.0 	0.0 	0.0 	0.0	-1.16483870968	100.0	-20.7741935484	
0.716666666667	0.0	0.0	0.0 	0.0 	37.2 	24.0 	0.0 	0.0 	0.0 	-0.0 	24.0 	0.0 	0.0 	0.0 	0.0	-1.16483870968	100.0	-20.7741935484	
0.733333333333	0.0	0.0	0.0 	0.0 	37.6 	24.0 	0.0 	0.0 	0.0 	-0.0 	24.0 	0.0 	0.0 	0.0 	0.0	-1.16483870968	100.0	-20.7741935484	
0.75	0.0	0.0	0.0 	0.0 	38.0 	24.0 	0.0 	0.0 	0.0 	-0.0 	24.0 	0.0 	0.0 	0.0 	0.0	-1.16483870968	100.0	-20.7741935484	
0.766666666667	0.0	0.0	0.0 	0.0 	38.4 	24.0 	0.0 	0.0 	0.0 	-0.0 	24.0 	0.0 	0.0 	0.0 	0.0	-1.16483870968	100.0	-20.7741935484	
0.783333333333	0.0	0.0	0.0 	0.0 	38.8 	24.0 	0.0 	0.0 	0.0 	-0.0 	24.0 	0.0 	0.0 	0.0 	0.0	-1.16483870968	100.0	-20.7741935484	
0.8	0.0	0.0	0.0 	0.0 	39.2 	24.0 	0.0 	0.0 	0.0 	-0.0 	24.0 	0.0 	0.0 	0.0 	0.0	-1.16483870968	100.0	-20.7741935484	
0.816666666667	0.0	0.0	0.0 	0.0 	39.6 	24.0 	0.0 	0.0 	0.0 	-0.0 	24.0 	0.0 	0.0 	0.0 	0.0	-1.16483870968	100.0	-20.7741935484	
0.833333333333	0.0	0.0	0.0 	0.0 	40.0 	24.0 	0.0 	0.0 	0.0 	-0.0 	24.0 	0.0 	0.0 	0.0 	0.0	-1.16483870968	100.0	-20.7741935484	
0.85	0.0	0.0	0.0 	0.0 	40.4 	24.0 	0.0 	0.0 	0.0 	-0.0 	24.0 	0.0 	0.0 	0.0 	0.0558891454965	-1.58066353045	99.9990685596	-20.7742027394	
0.866666666667	0.0	0.0	0.0 	0.0 	40.8 	24.0 	0.0 	0.0 	0.0 	-0.0 	24.0 	0.0 	0.0 	0.0 	0.111511537566	-1.92718421442	99.9973268178	-20.774851163	
0.883333333333	0.0	0.0	0.0 	0.0 	41.2 	24.0 	0.0 	0.0 	0.0 	-0.0 	24.0 	0.0 	0.0 	0.0 	0.166868449396	-2.21595145107	99.9951046682	-20.7765235252	
0.9	0.0	0.0	0.0 	0.0 	41.6 	24.0 	0.0 	0.0 	0.0 	-0.0 	24.0 	0.0 	0.0 	0.0 	0.221961148098	-2.4276268162	99.9926821984	-20.779319388	
0.916666666667	0.0	0.0	0.0 	0.0 	42.0 	24.0 	0.0 	0.0 	0.0 	-0.0 	24.0 	0.0 	0.0 	0.0 	0.276790894735	-2.58676250393	99.9902519793	-20.7832405459	
0.933333333333	0.0	0.0	0.0 	0.0 	42.4 	24.0 	0.0 	0.0 	0.0 	-0.0 	24.0 	0.0 	0.0 	0.0 	0.331358944352	-2.71437486628	99.9879637234	-20.7882668306	
0.95	0.0	0.0	0.0 	0.0 	42.8 	24.0 	0.0 	0.0 	0.0 	-0.0 	24.0 	0.0 	0.0 	0.0 	0.385666546003	-2.82097207923	99.9859379741	-20.794367047	
0.966666666667	0.0	0.0	0.0 	0.0 	43.2 	24.0 	0.0 	0.0 	0.0 	-0.0 	24.0 	0.0 	0.0 	0.0 	0.439714942781	-2.91255881477	99.9842741169	-20.8015042523	
0.983333333333	0.0	0.0	0.0 	0.0 	43.6 	24.0 	0.0 	0.0 	0.0 	-0.0 	24.0 	0.0 	0.0 	0.0 	0.493505371846	-2.99288799287	99.9830555106	-20.8096385683	
1.0	0.0	0.0	0.0 	0.0 	44.0 	24.0 	0.0 	0.0 	0.0 	-0.0 	24.0 	0.0 	0.0 	0.0 	0.547039064451	-3.06446156019	99.982352979	-20.8187287791	
1.01666666667	0.0	0.0	0.0 	0.0 	44.4 	24.0 	0.0 	0.0 	0.0 	-0.0 	24.0 	0.0 	0.0 	0.0 	0.600317245976	-3.12903087937	99.9822272981	-20.8287332771	
1.03333333333	0.0	0.0	0.0 	0.0 	44.8 	24.0 	0.0 	0.0 	0.0 	-0.0 	24.0 	0.0 	0.0 	0.0 	0.653341135949	-3.18786966867	99.9827310296	-20.8396106384	
1.05	0.0	0.0	0.0 	0.0 	45.2 	24.0 	0.0 	0.0 	0.0 	-0.0 	24.0 	0.0 	0.0 	0.0 	0.706111948079	-3.24193321681	99.9839099102	-20.8513199764	
1.06666666667	0.0	0.0	0.0 	0.0 	45.6 	24.0 	0.0 	0.0 	0.0 	-0.0 	24.0 	0.0 	0.0 	0.0 	0.758630890282	-3.29195636123	99.9858039302	-20.8638211597	
1.08333333333	0.0	0.0	0.0 	0.0 	46.0 	24.0 	0.0 	0.0 	0.0 	-0.0 	24.0 	0.0 	0.0 	0.0 	0.810899164709	-3.3385164742	99.988448185	-20.8770749428	
1.1	0.0	0.0	0.0 	0.0 	46.4 	24.0 	0.0 	0.0 	0.0 	-0.0 	24.0 	0.0 	0.0 	0.0 	0.862917967772	-3.38207545353	99.9918735603	-20.8910430405	
1.11666666667	0.0	0.0	0.0 	0.0 	46.8 	24.0 	0.0 	0.0 	0.0 	-0.0 	24.0 	0.0 	0.0 	0.0 	0.914688490174	-3.42300859118	99.99610729	-20.9056881663	
1.13333333333	0.0	0.0	0.0 	0.0 	47.2 	24.0 	0.0 	0.0 	0.0 	-0.0 	24.0 	0.0 	0.0 	0.0 	0.966211916933	-3.4616249511	100.001173416	-20.9209740455	
1.15	0.0	0.0	0.0 	0.0 	47.6 	24.0 	0.0 	0.0 	0.0 	-0.0 	24.0 	0.0 	0.0 	0.0 	1.01748942741	-3.49465206497	100.00703704	-20.9368862109	
1.16666666667	0.0	0.0	0.0 	0.0 	48.0 	24.0 	0.0 	0.0 	0.0 	-0.0 	24.0 	0.0 	0.0 	0.0 	1.06852219535	-3.52217465986	100.013652277	-20.9534206765	
1.18333333333	0.0	0.0	0.0 	0.0 	48.4 	24.0 	0.0 	0.0 	0.0 	-0.0 	24.0 	0.0 	0.0 	0.0 	1.11931138888	-3.5451101556	100.020977345	-20.9705775844	
1.2	0.0	0.0	0.0 	0.0 	48.8 	24.0 	0.0 	0.0 	0.0 	-0.0 	24.0 	0.0 	0.0 	0.0 	1.16985817055	-3.56422306871	100.028974512	-20.988359686	
1.21666666667	0.0	0.0	0.0 	0.0 	49.2 	24.0 	0.0 	0.0 	0.0 	-0.0 	24.0 	0.0 	0.0 	0.0 	1.22016369737	-3.58015049631	100.0376099	-21.0067712443	
1.23333333333	0.0	0.0	0.0 	0.0 	49.6 	24.0 	0.0 	0.0 	0.0 	-0.0 	24.0 	0.0 	0.0 	0.0 	1.27022912083	-3.59342335264	100.046853214	-21.0258172567	
1.25	0.0	0.0	0.0 	0.0 	50.0 	24.0 	0.0 	0.0 	0.0 	-0.0 	24.0 	0.0 	0.0 	0.0 	1.32005558692	-3.60448406625	100.056677444	-21.0455029182	
1.26666666667	0.0	0.0	0.0 	0.0 	50.4 	24.0 	0.0 	0.0 	0.0 	-0.0 	24.0 	0.0 	0.0 	0.0 	1.36964423616	-3.61370132759	100.067058555	-21.0658332625	
1.28333333333	0.0	0.0	0.0 	0.0 	50.8 	24.0 	0.0 	0.0 	0.0 	-0.0 	24.0 	0.0 	0.0 	0.0 	1.41899620362	-3.62138237871	100.077975193	-21.0868129323	
1.3	0.0	0.0	0.0 	0.0 	51.2 	24.0 	0.0 	0.0 	0.0 	-0.0 	24.0 	0.0 	0.0 	0.0 	1.46811261897	-3.62778325464	100.089408397	-21.1084460428	
1.31666666667	0.0	0.0	0.0 	0.0 	51.6 	24.0 	0.0 	0.0 	0.0 	-0.0 	24.0 	0.0 	0.0 	0.0 	1.51699460647	-3.63311731792	100.101341344	-21.1307361115	
1.33333333333	0.0	0.0	0.0 	0.0 	52.0 	24.0 	0.0 	0.0 	0.0 	-0.0 	24.0 	0.0 	0.0 	0.0 	1.56564328502	-3.63756237065	100.113759107	-21.1536860323	
1.35	0.0	0.0	0.0 	0.0 	52.4 	24.0 	0.0 	0.0 	0.0 	-0.0 	24.0 	0.0 	0.0 	0.0 	1.61405976819	-3.64126658126	100.126648433	-21.1772980815	
1.36666666667	0.0	0.0	0.0 	0.0 	52.8 	24.0 	0.0 	0.0 	0.0 	-0.0 	24.0 	0.0 	0.0 	0.0 	1.66224516422	-3.64435342343	100.13999755	-21.201573943	
1.38333333333	0.0	0.0	0.0 	0.0 	53.2 	24.0 	0.0 	0.0 	0.0 	-0.0 	24.0 	0.0 	0.0 	0.0 	1.71020057606	-3.64692579191	100.153795989	-21.2265147458	
1.4	0.0	0.0	0.0 	0.0 	53.6 	24.0 	0.0 	0.0 	0.0 	-0.0 	24.0 	0.0 	0.0 	0.0 	1.75792710141	-3.64906943231	100.168034424	-21.2521211077	
1.41666666667	0.0	0.0	0.0 	0.0 	54.0 	24.0 	0.0 	0.0 	0.0 	-0.0 	24.0 	0.0 	0.0 	0.0 	1.80542583272	-3.65085579931	100.182704533	-21.2783931825	
1.43333333333	0.0	0.0	0.0 	0.0 	54.4 	24.0 	0.0 	0.0 	0.0 	-0.0 	24.0 	0.0 	0.0 	0.0 	1.85269785722	-3.65234443847	100.197798871	-21.3053307071	
1.45	0.0	0.0	0.0 	0.0 	54.8 	24.0 	0.0 	0.0 	0.0 	-0.0 	24.0 	0.0 	0.0 	0.0 	1.89974425698	-3.65358497111	100.21331076	-21.3329330467	
1.46666666667	0.0	0.0	0.0 	0.0 	55.2 	24.0 	0.0 	0.0 	0.0 	-0.0 	24.0 	0.0 	0.0 	0.0 	1.94656610887	-3.65461874831	100.22923419	-21.3611992384	
1.48333333333	0.0	0.0	0.0 	0.0 	55.6 	24.0 	0.0 	0.0 	0.0 	-0.0 	24.0 	0.0 	0.0 	0.0 	1.99316448464	-3.65548022931	100.245563735	-21.3901280308	
1.5	0.0	0.0	0.0 	0.0 	56.0 	24.0 	0.0 	0.0 	0.0 	-0.0 	24.0 	0.0 	0.0 	0.0 	2.03954045092	-3.65619813014	100.262294475	-21.4197179206	
1.51666666667	0.0	0.0	0.0 	0.0 	56.4 	24.0 	0.0 	0.0 	0.0 	-0.0 	24.0 	0.0 	0.0 	0.0 	2.08569506925	-3.65679638083	100.27942193	-21.4499671859	
1.53333333333	0.0	0.0	0.0 	0.0 	56.8 	24.0 	0.0 	0.0 	0.0 	-0.0 	24.0 	0.0 	0.0 	0.0 	2.13162939609	-3.65729492308	100.296942002	-21.4808739156	
1.55	0.0	0.0	0.0 	0.0 	57.2 	24.0 	0.0 	0.0 	0.0 	-0.0 	24.0 	0.0 	0.0 	0.0 	2.17734448288	-3.65771037495	100.314850924	-21.5124360357	
1.56666666667	0.0	0.0	0.0 	0.0 	57.6 	24.0 	0.0 	0.0 	0.0 	-0.0 	24.0 	0.0 	0.0 	0.0 	2.22284137604	-3.65805658484	100.333145219	-21.5446513332	
1.58333333333	0.0	0.0	0.0 	0.0 	58.0 	24.0 	0.0 	0.0 	0.0 	-0.0 	24.0 	0.0 	0.0 	0.0 	2.26812111697	-3.65834509308	100.351821655	-21.5775174761	
1.6	0.0	0.0	0.0 	0.0 	58.4 	24.0 	0.0 	0.0 	0.0 	-0.0 	24.0 	0.0 	0.0 	0.0 	2.31318474212	-3.65858551662	100.370877218	-21.6110320316	
1.61666666667	0.0	0.0	0.0 	0.0 	58.8 	24.0 	0.0 	0.0 	0.0 	-0.0 	24.0 	0.0 	0.0 	0.0 	2.358033283	-3.65878586957	100.390309078	-21.6451924823	
1.63333333333	0.0	0.0	0.0 	0.0 	59.2 	24.0 	0.0 	0.0 	0.0 	-0.0 	24.0 	0.0 	0.0 	0.0 	2.40266776617	-3.65895283035	100.41011457	-21.6799962393	
1.65	0.0	0.0	0.0 	0.0 	59.6 	24.0 	0.0 	0.0 	0.0 	-0.0 	24.0 	0.0 	0.0 	0.0 	2.44708921333	-3.65909196435	100.430291165	-21.7154406547	
1.66666666667	0.0	0.0	0.0 	0.0 	60.0 	24.0 	0.0 	0.0 	0.0 	-0.0 	24.0 	0.0 	0.0 	0.0 	2.49129864125	-3.65920790934	100.450836456	-21.7515230316	
1.68333333333	0.0	0.0	0.0 	0.0 	60.4 	24.0 	0.0 	0.0 	0.0 	-0.0 	24.0 	0.0 	0.0 	0.0 	2.5352970619	-3.65930453017	100.471748142	-21.7882406331	
1.7	0.0	0.0	0.0 	0.0 	60.8 	24.0 	0.0 	0.0 	0.0 	-0.0 	24.0 	0.0 	0.0 	0.0 	2.57908548239	-3.65938504752	100.493024013	-21.8255906903	
1.71666666667	0.0	0.0	0.0 	0.0 	61.2 	24.0 	0.0 	0.0 	0.0 	-0.0 	24.0 	0.0 	0.0 	0.0 	2.62266490503	-3.65945214532	100.514661935	-21.8635704085	
1.73333333333	0.0	0.0	0.0 	0.0 	61.6 	24.0 	0.0 	0.0 	0.0 	-0.0 	24.0 	0.0 	0.0 	0.0 	2.66603632735	-3.65950806015	100.536659845	-21.9021769734	
1.75	0.0	0.0	0.0 	0.0 	62.0 	24.0 	0.0 	0.0 	0.0 	-0.0 	24.0 	0.0 	0.0 	0.0 	2.70920074211	-3.65955465584	100.55901574	-21.9414075555	
1.76666666667	0.0	0.0	0.0 	0.0 	62.4 	24.0 	0.0 	0.0 	0.0 	-0.0 	24.0 	0.0 	0.0 	0.0 	2.75215913733	-3.65959348558	100.581727669	-21.9812593148	
1.78333333333	0.0	0.0	0.0 	0.0 	62.8 	24.0 	0.0 	0.0 	0.0 	-0.0 	24.0 	0.0 	0.0 	0.0 	2.79491249634	-3.6596258437	100.604793725	-22.0217294041	
1.8	0.0	0.0	0.0 	0.0 	63.2 	24.0 	0.0 	0.0 	0.0 	-0.0 	24.0 	0.0 	0.0 	0.0 	2.83746179774	-3.6596528088	100.628212043	-22.0628149721	
1.81666666667	0.0	0.0	0.0 	0.0 	63.6 	24.0 	0.0 	0.0 	0.0 	-0.0 	24.0 	0.0 	0.0 	0.0 	2.87980801549	-3.65967527972	100.651980793	-22.1045131662	
1.83333333333	0.0	0.0	0.0 	0.0 	64.0 	24.0 	0.0 	0.0 	0.0 	-0.0 	24.0 	0.0 	0.0 	0.0 	2.92195211888	-3.65969400548	100.676098174	-22.1468211343	
1.85	0.0	0.0	0.0 	0.0 	64.4 	24.0 	0.0 	0.0 	0.0 	-0.0 	24.0 	0.0 	0.0 	0.0 	2.96389507258	-3.65970961029	100.700562417	-22.1897360275	
1.86666666667	0.0	0.0	0.0 	0.0 	64.8 	24.0 	0.0 	0.0 	0.0 	-0.0 	24.0 	0.0 	0.0 	0.0 	3.00563783667	-3.65972261429	100.725371774	-22.2332550007	
1.88333333333	0.0	0.0	0.0 	0.0 	65.2 	24.0 	0.0 	0.0 	0.0 	-0.0 	24.0 	0.0 	0.0 	0.0 	3.04718136663	-3.65973345096	100.750524521	-22.2773752149	
1.9	0.0	0.0	0.0 	0.0 	65.6 	24.0 	0.0 	0.0 	0.0 	-0.0 	24.0 	0.0 	0.0 	0.0 	3.08852661338	-3.65974248151	100.776018953	-22.3220938377	
1.91666666667	0.0	0.0	0.0 	0.0 	66.0 	24.0 	0.0 	0.0 	0.0 	-0.0 	24.0 	0.0 	0.0 	0.0 	3.12967452331	-3.65975000698	100.801853384	-22.3674080446	
1.93333333333	0.0	0.0	0.0 	0.0 	66.4 	24.0 	0.0 	0.0 	0.0 	-0.0 	24.0 	0.0 	0.0 	0.0 	3.17062603828	-3.6597562782	100.828026144	-22.4133150198	
1.95	0.0	0.0	0.0 	0.0 	66.8 	24.0 	0.0 	0.0 	0.0 	-0.0 	24.0 	0.0 	0.0 	0.0 	3.21138209568	-3.65976150422	100.854535579	-22.4598119567	
1.96666666667	0.0	0.0	0.0 	0.0 	67.2 	24.0 	0.0 	0.0 	0.0 	-0.0 	24.0 	0.0 	0.0 	0.0 	3.25194362841	-3.65976585923	100.881380047	-22.5068960588	
1.98333333333	0.0	0.0	0.0 	0.0 	67.6 	24.0 	0.0 	0.0 	0.0 	-0.0 	24.0 	0.0 	0.0 	0.0 	3.2923115649	-3.65976948841	100.908557922	-22.5545645397	
2.0	0.0	0.0	0.0 	0.0 	68.0 	24.0 	0.0 	0.0 	0.0 	-0.0 	24.0 	0.0 	0.0 	0.0 	3.33248682918	-3.65977251272	100.936067587	-22.6028146242	
2.01666666667	0.0	0.0	0.0 	0.0 	68.4 	24.0 	0.0 	0.0 	0.0 	-0.0 	24.0 	0.0 	0.0 	0.0 	3.37247034085	-3.65977503299	100.96390744	-22.6516435479	
2.03333333333	0.0	0.0	0.0 	0.0 	68.8 	24.0 	0.0 	0.0 	0.0 	-0.0 	24.0 	0.0 	0.0 	0.0 	3.41226301512	-3.6597771332	100.992075886	-22.7010485578	
2.05	0.0	0.0	0.0 	0.0 	69.2 	24.0 	0.0 	0.0 	0.0 	-0.0 	24.0 	0.0 	0.0 	0.0 	3.45186576286	-3.65977888339	101.020571342	-22.7510269128	
2.06666666667	0.0	0.0	0.0 	0.0 	69.6 	24.0 	0.0 	0.0 	0.0 	-0.0 	24.0 	0.0 	0.0 	0.0 	3.49127949055	-3.65978034187	101.049392236	-22.8015758833	
2.08333333333	0.0	0.0	0.0 	0.0 	70.0 	24.0 	0.0 	0.0 	0.0 	-0.0 	24.0 	0.0 	0.0 	0.0 	3.53050510037	-3.65978155728	101.078537004	-22.8526927517	
2.1	0.0	0.0	0.0 	0.0 	70.4 	24.0 	0.0 	0.0 	0.0 	-0.0 	24.0 	0.0 	0.0 	0.0 	3.56954349019	-3.65978257011	101.108004092	-22.9043748127	
2.11666666667	0.0	0.0	0.0 	0.0 	70.8 	24.0 	0.0 	0.0 	0.0 	-0.0 	24.0 	0.0 	0.0 	0.0 	3.60839555359	-3.65978341415	101.137791952	-22.9566193727	
2.13333333333	0.0	0.0	0.0 	0.0 	71.2 	24.0 	0.0 	0.0 	0.0 	-0.0 	24.0 	0.0 	0.0 	0.0 	3.6470621799	-3.6597841175	101.167899049	-23.0094237506	
2.15	0.0	0.0	0.0 	0.0 	71.6 	24.0 	0.0 	0.0 	0.0 	-0.0 	24.0 	0.0 	0.0 	0.0 	3.68554425417	-3.65978470364	101.198323853	-23.0627852775	
2.16666666667	0.0	0.0	0.0 	0.0 	72.0 	24.0 	0.0 	0.0 	0.0 	-0.0 	24.0 	0.0 	0.0 	0.0 	3.72384265727	-3.65978519208	101.229064843	-23.1167012967	
2.18333333333	0.0	0.0	0.0 	0.0 	72.4 	24.0 	0.0 	0.0 	0.0 	-0.0 	24.0 	0.0 	0.0 	0.0 	3.76195826584	-3.65978559912	101.260120506	-23.1711691638	
2.2	0.0	0.0	0.0 	0.0 	72.8 	24.0 	0.0 	0.0 	0.0 	-0.0 	24.0 	0.0 	0.0 	0.0 	3.79989195233	-3.65978593831	101.291489338	-23.2261862467	
2.21666666667	0.0	0.0	0.0 	0.0 	73.2 	24.0 	0.0 	0.0 	0.0 	-0.0 	24.0 	0.0 	0.0 	0.0 	3.83764458504	-3.65978622098	101.32316984	-23.2817499256	
2.23333333333	0.0	0.0	0.0 	0.0 	73.6 	24.0 	0.0 	0.0 	0.0 	-0.0 	24.0 	0.0 	0.0 	0.0 	3.87521702813	-3.65978645653	101.355160524	-23.337857593	
2.25	0.0	0.0	0.0 	0.0 	74.0 	24.0 	0.0 	0.0 	0.0 	-0.0 	24.0 	0.0 	0.0 	0.0 	3.91261014162	-3.65978665283	101.387459906	-23.3945066534	
2.26666666667	0.0	0.0	0.0 	0.0 	74.4 	24.0 	0.0 	0.0 	0.0 	-0.0 	24.0 	0.0 	0.0 	0.0 	3.94982478144	-3.65978681641	101.420066512	-23.4516945239	
2.28333333333	0.0	0.0	0.0 	0.0 	74.8 	24.0 	0.0 	0.0 	0.0 	-0.0 	24.0 	0.0 	0.0 	0.0 	3.98686179942	-3.65978695272	101.452978874	-23.5094186334	
2.3	0.0	0.0	0.0 	0.0 	75.2 	24.0 	0.0 	0.0 	0.0 	-0.0 	24.0 	0.0 	0.0 	0.0 	4.02372204333	-3.65978706632	101.486195531	-23.5676764233	
2.31666666667	0.0	0.0	0.0 	0.0 	75.6 	24.0 	0.0 	0.0 	0.0 	-0.0 	24.0 	0.0 	0.0 	0.0 	4.0604063569	-3.65978716098	101.519715031	-23.6264653469	
2.33333333333	0.0	0.0	0.0 	0.0 	76.0 	24.0 	0.0 	0.0 	0.0 	-0.0 	24.0 	0.0 	0.0 	0.0 	4.09691557983	-3.65978723987	101.553535926	-23.6857828695	
2.35	0.0	0.0	0.0 	0.0 	76.4 	24.0 	0.0 	0.0 	0.0 	-0.0 	24.0 	0.0 	0.0 	0.0 	4.13325054781	-3.65978730561	101.587656778	-23.7456264687	
2.36666666667	0.0	0.0	0.0 	0.0 	76.8 	24.0 	0.0 	0.0 	0.0 	-0.0 	24.0 	0.0 	0.0 	0.0 	4.16941209254	-3.65978736039	101.622076155	-23.8059936338	
2.38333333333	0.0	0.0	0.0 	0.0 	77.2 	24.0 	0.0 	0.0 	0.0 	-0.0 	24.0 	0.0 	0.0 	0.0 	4.20540104176	-3.65978740604	101.656792631	-23.8668818662	
2.4	0.0	0.0	0.0 	0.0 	77.6 	24.0 	0.0 	0.0 	0.0 	-0.0 	24.0 	0.0 	0.0 	0.0 	4.24121821923	-3.65978744408	101.691804787	-23.9282886791	
2.41666666667	0.0	0.0	0.0 	0.0 	78.0 	24.0 	0.0 	0.0 	0.0 	-0.0 	24.0 	0.0 	0.0 	0.0 	4.27686444482	-3.65978747579	101.727111213	-23.9902115975	
2.43333333333	0.0	0.0	0.0 	0.0 	78.4 	24.0 	0.0 	0.0 	0.0 	-0.0 	24.0 	0.0 	0.0 	0.0 	4.31234053446	-3.65978750221	101.762710503	-24.0526481584	
2.45	0.0	0.0	0.0 	0.0 	78.8 	24.0 	0.0 	0.0 	0.0 	-0.0 	24.0 	0.0 	0.0 	0.0 	4.34764730019	-3.65978752422	101.798601259	-24.1155959103	
2.46666666667	0.0	0.0	0.0 	0.0 	79.2 	24.0 	0.0 	0.0 	0.0 	-0.0 	24.0 	0.0 	0.0 	0.0 	4.38278555018	-3.65978754257	101.83478209	-24.1790524134	
2.48333333333	0.0	0.0	0.0 	0.0 	79.6 	24.0 	0.0 	0.0 	0.0 	-0.0 	24.0 	0.0 	0.0 	0.0 	4.41775608874	-3.65978755786	101.871251612	-24.2430152396	
2.5	0.0	0.0	0.0 	0.0 	80.0 	24.0 	0.0 	0.0 	0.0 	-0.0 	24.0 	0.0 	0.0 	0.0 	4.45255971634	-3.6597875706	101.908008445	-24.3074819725	
2.51666666667	0.0	0.0	0.0 	0.0 	80.4 	24.0 	0.0 	0.0 	0.0 	-0.0 	24.0 	0.0 	0.0 	0.0 	4.48719722963	-3.65978758121	101.94505122	-24.3724502068	
2.53333333333	0.0	0.0	0.0 	0.0 	80.8 	24.0 	0.0 	0.0 	0.0 	-0.0 	24.0 	0.0 	0.0 	0.0 	4.52166942145	-3.65978759006	101.98237857	-24.4379175491	
2.55	0.0	0.0	0.0 	0.0 	81.2 	24.0 	0.0 	0.0 	0.0 	-0.0 	24.0 	0.0 	0.0 	0.0 	4.55597708087	-3.65978759743	102.019989138	-24.5038816173	
2.56666666667	0.0	0.0	0.0 	0.0 	81.6 	24.0 	0.0 	0.0 	0.0 	-0.0 	24.0 	0.0 	0.0 	0.0 	4.59012099319	-3.65978760358	102.057881571	-24.5703400405	
2.58333333333	0.0	0.0	0.0 	0.0 	82.0 	24.0 	0.0 	0.0 	0.0 	-0.0 	24.0 	0.0 	0.0 	0.0 	4.62410193995	-3.6597876087	102.096054525	-24.6372904593	
2.6	0.0	0.0	0.0 	0.0 	82.4 	24.0 	0.0 	0.0 	0.0 	-0.0 	24.0 	0.0 	0.0 	0.0 	4.65792069897	-3.65978761297	102.13450666	-24.7047305255	
2.61666666667	0.0	0.0	0.0 	0.0 	82.8 	24.0 	0.0 	0.0 	0.0 	-0.0 	24.0 	0.0 	0.0 	0.0 	4.69157804436	-3.65978761652	102.173236645	-24.772657902	
2.63333333333	0.0	0.0	0.0 	0.0 	83.2 	24.0 	0.0 	0.0 	0.0 	-0.0 	24.0 	0.0 	0.0 	0.0 	4.72507474654	-3.65978761948	102.212243151	-24.841070263	
2.65	0.0	0.0	0.0 	0.0 	83.6 	24.0 	0.0 	0.0 	0.0 	-0.0 	24.0 	0.0 	0.0 	0.0 	4.75841157223	-3.65978762195	102.251524861	-24.9099652937	
2.66666666667	0.0	0.0	0.0 	0.0 	84.0 	24.0 	0.0 	0.0 	0.0 	-0.0 	24.0 	0.0 	0.0 	0.0 	4.79158928451	-3.65978762401	102.29108046	-24.9793406904	
2.68333333333	0.0	0.0	0.0 	0.0 	84.4 	24.0 	0.0 	0.0 	0.0 	-0.0 	24.0 	0.0 	0.0 	0.0 	4.82460864281	-3.65978762573	102.330908641	-25.0491941604	
2.7	0.0	0.0	0.0 	0.0 	84.8 	24.0 	0.0 	0.0 	0.0 	-0.0 	24.0 	0.0 	0.0 	0.0 	4.85747040295	-3.65978762716	102.371008103	-25.1195234218	
2.71666666667	0.0	0.0	0.0 	0.0 	85.2 	24.0 	0.0 	0.0 	0.0 	-0.0 	24.0 	0.0 	0.0 	0.0 	4.89017531711	-3.65978762835	102.411377551	-25.1903262039	
2.73333333333	0.0	0.0	0.0 	0.0 	85.6 	24.0 	0.0 	0.0 	0.0 	-0.0 	24.0 	0.0 	0.0 	0.0 	4.92272413392	-3.65978762934	102.452015697	-25.2616002464	
2.75	0.0	0.0	0.0 	0.0 	86.0 	24.0 	0.0 	0.0 	0.0 	-0.0 	24.0 	0.0 	0.0 	0.0 	4.95511759841	-3.65978763017	102.492921257	-25.3333433002	
2.76666666667	0.0	0.0	0.0 	0.0 	86.4 	24.0 	0.0 	0.0 	0.0 	-0.0 	24.0 	0.0 	0.0 	0.0 	4.98735645206	-3.65978763085	102.534092957	-25.4055531268	
2.78333333333	0.0	0.0	0.0 	0.0 	86.8 	24.0 	0.0 	0.0 	0.0 	-0.0 	24.0 	0.0 	0.0 	0.0 	5.01944143281	-3.65978763143	102.575529525	-25.4782274982	
2.8	0.0	0.0	0.0 	0.0 	87.2 	24.0 	0.0 	0.0 	0.0 	-0.0 	24.0 	0.0 	0.0 	0.0 	5.05137327509	-3.65978763191	102.617229697	-25.5513641972	
2.81666666667	0.0	0.0	0.0 	0.0 	87.6 	24.0 	0.0 	0.0 	0.0 	-0.0 	24.0 	0.0 	0.0 	0.0 	5.0831527098	-3.65978763231	102.659192215	-25.6249610172	
2.83333333333	0.0	0.0	0.0 	0.0 	88.0 	24.0 	0.0 	0.0 	0.0 	-0.0 	24.0 	0.0 	0.0 	0.0 	5.11478046438	-3.65978763264	102.701415827	-25.6990157621	
2.85	0.0	0.0	0.0 	0.0 	88.4 	24.0 	0.0 	0.0 	0.0 	-0.0 	24.0 	0.0 	0.0 	0.0 	5.14625726278	-3.65978763292	102.743899287	-25.7735262462	
2.86666666667	0.0	0.0	0.0 	0.0 	88.8 	24.0 	0.0 	0.0 	0.0 	-0.0 	24.0 	0.0 	0.0 	0.0 	5.1775838255	-3.65978763315	102.786641355	-25.8484902944	
2.88333333333	0.0	0.0	0.0 	0.0 	89.2 	24.0 	0.0 	0.0 	0.0 	-0.0 	24.0 	0.0 	0.0 	0.0 	5.2087608696	-3.65978763334	102.829640795	-25.9239057418	
2.9	0.0	0.0	0.0 	0.0 	89.6 	24.0 	0.0 	0.0 	0.0 	-0.0 	24.0 	0.0 	0.0 	0.0 	5.23978910871	-3.6597876335	102.872896381	-25.999770434	
2.91666666667	0.0	0.0	0.0 	0.0 	90.0 	24.0 	0.0 	0.0 	0.0 	-0.0 	24.0 	0.0 	0.0 	0.0 	5.27066925307	-3.65978763363	102.916406889	-26.0760822267	
2.93333333333	0.0	0.0	0.0 	0.0 	90.4 	24.0 	0.0 	0.0 	0.0 	-0.0 	24.0 	0.0 	0.0 	0.0 	5.30140200952	-3.65978763374	102.960171102	-26.152838986	
2.95	0.0	0.0	0.0 	0.0 	90.8 	24.0 	0.0 	0.0 	0.0 	-0.0 	24.0 	0.0 	0.0 	0.0 	5.33198808153	-3.65978763384	103.00418781	-26.2300385882	
2.96666666667	0.0	0.0	0.0 	0.0 	91.2 	24.0 	0.0 	0.0 	0.0 	-0.0 	24.0 	0.0 	0.0 	0.0 	5.36242816921	-3.65978763391	103.048455807	-26.3076789195	
2.98333333333	0.0	0.0	0.0 	0.0 	91.6 	24.0 	0.0 	0.0 	0.0 	-0.0 	24.0 	0.0 	0.0 	0.0 	5.39272296933	-3.65978763398	103.092973895	-26.3857578764	
3.0	0.0	0.0	0.0 	0.0 	92.0 	24.0 	0.0 	0.0 	0.0 	-0.0 	24.0 	0.0 	0.0 	0.0 	5.42287317532	-3.65978763403	103.137740878	-26.4642733653	
3.01666666667	0.0	0.0	0.0 	0.0 	92.4 	24.0 	0.0 	0.0 	0.0 	-0.0 	24.0 	0.0 	0.0 	0.0 	5.45287947734	-3.65978763408	103.182755571	-26.5432233029	
3.03333333333	0.0	0.0	0.0 	0.0 	92.8 	24.0 	0.0 	0.0 	0.0 	-0.0 	24.0 	0.0 	0.0 	0.0 	5.4827425622	-3.65978763411	103.228016789	-26.6226056154	
3.05	0.0	0.0	0.0 	0.0 	93.2 	24.0 	0.0 	0.0 	0.0 	-0.0 	24.0 	0.0 	0.0 	0.0 	5.51246311348	-3.65978763414	103.273523357	-26.7024182393	
3.06666666667	0.0	0.0	0.0 	0.0 	93.6 	24.0 	0.0 	0.0 	0.0 	-0.0 	24.0 	0.0 	0.0 	0.0 	5.54204181148	-3.65978763417	103.319274104	-26.7826591206	
3.08333333333	0.0	0.0	0.0 	0.0 	94.0 	24.0 	0.0 	0.0 	0.0 	-0.0 	24.0 	0.0 	0.0 	0.0 	5.57147933324	-3.65978763419	103.365267864	-26.8633262153	
3.1	0.0	0.0	0.0 	0.0 	94.4 	24.0 	0.0 	0.0 	0.0 	-0.0 	24.0 	0.0 	0.0 	0.0 	5.60077635259	-3.65978763421	103.411503476	-26.9444174892	
3.11666666667	0.0	0.0	0.0 	0.0 	94.8 	24.0 	0.0 	0.0 	0.0 	-0.0 	24.0 	0.0 	0.0 	0.0 	5.62993354013	-3.65978763423	103.457979788	-27.0259309177	
3.13333333333	0.0	0.0	0.0 	0.0 	95.2 	24.0 	0.0 	0.0 	0.0 	-0.0 	24.0 	0.0 	0.0 	0.0 	5.65895156326	-3.65978763424	103.50469565	-27.1078644859	
3.15	0.0	0.0	0.0 	0.0 	95.6 	24.0 	0.0 	0.0 	0.0 	-0.0 	24.0 	0.0 	0.0 	0.0 	5.68783108621	-3.65978763425	103.551649918	-27.1902161885	
3.16666666667	0.0	0.0	0.0 	0.0 	96.0 	24.0 	0.0 	0.0 	0.0 	-0.0 	24.0 	0.0 	0.0 	0.0 	5.71657277002	-3.65978763426	103.598841455	-27.2729840298	
3.18333333333	0.0	0.0	0.0 	0.0 	96.4 	24.0 	0.0 	0.0 	0.0 	-0.0 	24.0 	0.0 	0.0 	0.0 	5.74517727258	-3.65978763426	103.646269129	-27.3561660235	
3.2	0.0	0.0	0.0 	0.0 	96.8 	24.0 	0.0 	0.0 	0.0 	-0.0 	24.0 	0.0 	0.0 	0.0 	5.77364524864	-3.65978763427	103.693931812	-27.4397601931	
3.21666666667	0.0	0.0	0.0 	0.0 	97.2 	24.0 	0.0 	0.0 	0.0 	-0.0 	24.0 	0.0 	0.0 	0.0 	5.80197734984	-3.65978763427	103.741828382	-27.5237645712	
3.23333333333	0.0	0.0	0.0 	0.0 	97.6 	24.0 	0.0 	0.0 	0.0 	-0.0 	24.0 	0.0 	0.0 	0.0 	5.83017422469	-3.65978763428	103.789957724	-27.6081772	
3.25	0.0	0.0	0.0 	0.0 	98.0 	24.0 	0.0 	0.0 	0.0 	-0.0 	24.0 	0.0 	0.0 	0.0 	5.85823651862	-3.65978763428	103.838318725	-27.6929961308	
3.26666666667	0.0	0.0	0.0 	0.0 	98.4 	24.0 	0.0 	0.0 	0.0 	-0.0 	24.0 	0.0 	0.0 	0.0 	5.88616487396	-3.65978763429	103.886910282	-27.7782194245	
3.28333333333	0.0	0.0	0.0 	0.0 	98.8 	24.0 	0.0 	0.0 	0.0 	-0.0 	24.0 	0.0 	0.0 	0.0 	5.91395992999	-3.65978763429	103.935731292	-27.8638451511	
3.3	0.0	0.0	0.0 	0.0 	99.2 	24.0 	0.0 	0.0 	0.0 	-0.0 	24.0 	0.0 	0.0 	0.0 	5.94162232293	-3.65978763429	103.984780662	-27.9498713897	
3.31666666667	0.0	0.0	0.0 	0.0 	99.6 	24.0 	0.0 	0.0 	0.0 	-0.0 	24.0 	0.0 	0.0 	0.0 	5.96915268598	-3.65978763429	104.034057301	-28.0362962289	
3.33333333333	0.0	0.0	0.0 	0.0 	100.0 	24.0 	0.0 	0.0 	0.0 	-0.0 	24.0 	0.0 	0.0 	0.0 	5.99655164929	-3.65978763429	104.083560124	-28.123117766	
3.35	0.0	0.0	0.0 	0.0 	100.4 	24.0 	0.0 	0.0 	0.0 	-0.0 	24.0 	0.0 	0.0 	0.0 	6.02381984003	-3.65978763429	104.133288052	-28.2103341078	
3.36666666667	0.0	0.0	0.0 	0.0 	100.8 	24.0 	0.0 	0.0 	0.0 	-0.0 	24.0 	0.0 	0.0 	0.0 	6.05095788237	-3.6597876343	104.18324001	-28.2979433698	
3.38333333333	0.0	0.0	0.0 	0.0 	101.2 	24.0 	0.0 	0.0 	0.0 	-0.0 	24.0 	0.0 	0.0 	0.0 	6.07796639748	-3.6597876343	104.233414929	-28.3859436767	
3.4	0.0	0.0	0.0 	0.0 	101.6 	24.0 	0.0 	0.0 	0.0 	-0.0 	24.0 	0.0 	0.0 	0.0 	6.10484600359	-3.6597876343	104.283811745	-28.474333162	
3.41666666667	0.0	0.0	0.0 	0.0 	102.0 	24.0 	0.0 	0.0 	0.0 	-0.0 	24.0 	0.0 	0.0 	0.0 	6.13159731596	-3.6597876343	104.334429399	-28.5631099683	
3.43333333333	0.0	0.0	0.0 	0.0 	102.4 	24.0 	0.0 	0.0 	0.0 	-0.0 	24.0 	0.0 	0.0 	0.0 	6.15822094694	-3.6597876343	104.385266837	-28.6522722469	
3.45	0.0	0.0	0.0 	0.0 	102.8 	24.0 	0.0 	0.0 	0.0 	-0.0 	24.0 	0.0 	0.0 	0.0 	6.18471750593	-3.6597876343	104.43632301	-28.741818158	
3.46666666667	0.0	0.0	0.0 	0.0 	103.2 	24.0 	0.0 	0.0 	0.0 	-0.0 	24.0 	0.0 	0.0 	0.0 	6.21108759944	-3.6597876343	104.487596873	-28.8317458705	
3.48333333333	0.0	0.0	0.0 	0.0 	103.6 	24.0 	0.0 	0.0 	0.0 	-0.0 	24.0 	0.0 	0.0 	0.0 	6.23733183107	-3.6597876343	104.539087388	-28.9220535622	
3.5	0.0	0.0	0.0 	0.0 	104.0 	24.0 	0.0 	0.0 	0.0 	-0.0 	24.0 	0.0 	0.0 	0.0 	6.26345080154	-3.6597876343	104.590793521	-29.0127394194	
3.51666666667	0.0	0.0	0.0 	0.0 	104.4 	24.0 	0.0 	0.0 	0.0 	-0.0 	24.0 	0.0 	0.0 	0.0 	6.28944510872	-3.6597876343	104.642714243	-29.1038016372	
3.53333333333	0.0	0.0	0.0 	0.0 	104.8 	24.0 	0.0 	0.0 	0.0 	-0.0 	24.0 	0.0 	0.0 	0.0 	6.31531534762	-3.6597876343	104.694848528	-29.1952384192	
3.55	0.0	0.0	0.0 	0.0 	105.2 	24.0 	0.0 	0.0 	0.0 	-0.0 	24.0 	0.0 	0.0 	0.0 	6.3410621104	-3.6597876343	104.747195359	-29.2870479777	
3.56666666667	0.0	0.0	0.0 	0.0 	105.6 	24.0 	0.0 	0.0 	0.0 	-0.0 	24.0 	0.0 	0.0 	0.0 	6.36668598639	-3.6597876343	104.799753721	-29.3792285335	
3.58333333333	0.0	0.0	0.0 	0.0 	106.0 	24.0 	0.0 	0.0 	0.0 	-0.0 	24.0 	0.0 	0.0 	0.0 	6.39218756213	-3.6597876343	104.852522603	-29.4717783159	
3.6	0.0	0.0	0.0 	0.0 	106.4 	24.0 	0.0 	0.0 	0.0 	-0.0 	24.0 	0.0 	0.0 	0.0 	6.41756742134	-3.6597876343	104.905501002	-29.5646955625	
3.61666666667	0.0	0.0	0.0 	0.0 	106.8 	24.0 	0.0 	0.0 	0.0 	-0.0 	24.0 	0.0 	0.0 	0.0 	6.44282614496	-3.6597876343	104.958687917	-29.6579785194	
3.63333333333	0.0	0.0	0.0 	0.0 	107.2 	24.0 	0.0 	0.0 	0.0 	-0.0 	24.0 	0.0 	0.0 	0.0 	6.46796431117	-3.6597876343	105.012082353	-29.7516254413	
3.65	0.0	0.0	0.0 	0.0 	107.6 	24.0 	0.0 	0.0 	0.0 	-0.0 	24.0 	0.0 	0.0 	0.0 	6.49298249536	-3.6597876343	105.065683319	-29.8456345909	
3.66666666667	0.0	0.0	0.0 	0.0 	108.0 	24.0 	0.0 	0.0 	0.0 	-0.0 	24.0 	0.0 	0.0 	0.0 	6.51788127021	-3.6597876343	105.11948983	-29.9400042393	
3.68333333333	0.0	0.0	0.0 	0.0 	108.4 	24.0 	0.0 	0.0 	0.0 	-0.0 	24.0 	0.0 	0.0 	0.0 	6.54266120564	-3.6597876343	105.173500905	-30.034732666	
3.7	0.0	0.0	0.0 	0.0 	108.8 	24.0 	0.0 	0.0 	0.0 	-0.0 	24.0 	0.0 	0.0 	0.0 	6.56732286887	-3.6597876343	105.227715567	-30.1298181584	
3.71666666667	0.0	0.0	0.0 	0.0 	109.2 	24.0 	0.0 	0.0 	0.0 	-0.0 	24.0 	0.0 	0.0 	0.0 	6.59186682438	-3.6597876343	105.282132845	-30.2252590124	
3.73333333333	0.0	0.0	0.0 	0.0 	109.6 	24.0 	0.0 	0.0 	0.0 	-0.0 	24.0 	0.0 	0.0 	0.0 	6.61629363399	-3.6597876343	105.336751772	-30.3210535318	
3.75	0.0	0.0	0.0 	0.0 	110.0 	24.0 	0.0 	0.0 	0.0 	-0.0 	24.0 	0.0 	0.0 	0.0 	6.64060385683	-3.6597876343	105.391571384	-30.4172000287	
3.76666666667	0.0	0.0	0.0 	0.0 	110.4 	24.0 	0.0 	0.0 	0.0 	-0.0 	24.0 	0.0 	0.0 	0.0 	6.66479804936	-3.6597876343	105.446590725	-30.5136968231	
3.78333333333	0.0	0.0	0.0 	0.0 	110.8 	24.0 	0.0 	0.0 	0.0 	-0.0 	24.0 	0.0 	0.0 	0.0 	6.68887676537	-3.6597876343	105.50180884	-30.610542243	
3.8	0.0	0.0	0.0 	0.0 	111.2 	24.0 	0.0 	0.0 	0.0 	-0.0 	24.0 	0.0 	0.0 	0.0 	6.71284055602	-3.6597876343	105.557224782	-30.7077346246	
3.81666666667	0.0	0.0	0.0 	0.0 	111.6 	24.0 	0.0 	0.0 	0.0 	-0.0 	24.0 	0.0 	0.0 	0.0 	6.73668996984	-3.6597876343	105.612837606	-30.8052723117	
3.83333333333	0.0	0.0	0.0 	0.0 	112.0 	24.0 	0.0 	0.0 	0.0 	-0.0 	24.0 	0.0 	0.0 	0.0 	6.76042555274	-3.6597876343	105.668646373	-30.9031536563	
3.85	0.0	0.0	0.0 	0.0 	112.4 	24.0 	0.0 	0.0 	0.0 	-0.0 	24.0 	0.0 	0.0 	0.0 	6.78404784802	-3.6597876343	105.724650146	-31.0013770181	
3.86666666667	0.0	0.0	0.0 	0.0 	112.8 	24.0 	0.0 	0.0 	0.0 	-0.0 	24.0 	0.0 	0.0 	0.0 	6.8075573964	-3.6597876343	105.780847996	-31.0999407647	
3.88333333333	0.0	0.0	0.0 	0.0 	113.2 	24.0 	0.0 	0.0 	0.0 	-0.0 	24.0 	0.0 	0.0 	0.0 	6.830954736	-3.6597876343	105.837238996	-31.1988432716	
3.9	0.0	0.0	0.0 	0.0 	113.6 	24.0 	0.0 	0.0 	0.0 	-0.0 	24.0 	0.0 	0.0 	0.0 	6.85424040239	-3.6597876343	105.893822224	-31.2980829217	
3.91666666667	0.0	0.0	0.0 	0.0 	114.0 	24.0 	0.0 	0.0 	0.0 	-0.0 	24.0 	0.0 	0.0 	0.0 	6.87741492856	-3.6597876343	105.950596762	-31.397658106	
3.93333333333	0.0	0.0	0.0 	0.0 	114.4 	24.0 	0.0 	0.0 	0.0 	-0.0 	24.0 	0.0 	0.0 	0.0 	6.90047884499	-3.6597876343	106.007561699	-31.4975672231	
3.95	0.0	0.0	0.0 	0.0 	114.8 	24.0 	0.0 	0.0 	0.0 	-0.0 	24.0 	0.0 	0.0 	0.0 	6.92343267961	-3.6597876343	106.064716124	-31.5978086789	
3.96666666667	0.0	0.0	0.0 	0.0 	115.2 	24.0 	0.0 	0.0 	0.0 	-0.0 	24.0 	0.0 	0.0 	0.0 	6.94627695781	-3.6597876343	106.122059134	-31.6983808875	
3.98333333333	0.0	0.0	0.0 	0.0 	115.6 	24.0 	0.0 	0.0 	0.0 	-0.0 	24.0 	0.0 	0.0 	0.0 	6.96901220251	-3.6597876343	106.179589828	-31.79928227	
4.0	0.0	0.0	0.0 	0.0 	116.0 	24.0 	0.0 	0.0 	0.0 	-0.0 	24.0 	0.0 	0.0 	0.0 	6.9916389341	-3.6597876343	106.23730731	-31.9005112555	
4.01666666667	0.0	0.0	0.0 	0.0 	116.4 	24.0 	0.0 	0.0 	0.0 	-0.0 	24.0 	0.0 	0.0 	0.0 	7.01415767052	-3.6597876343	106.295210689	-32.0020662801	
4.03333333333	0.0	0.0	0.0 	0.0 	116.8 	24.0 	0.0 	0.0 	0.0 	-0.0 	24.0 	0.0 	0.0 	0.0 	7.03656892721	-3.6597876343	106.353299079	-32.103945788	
4.05	0.0	0.0	0.0 	0.0 	117.2 	24.0 	0.0 	0.0 	0.0 	-0.0 	24.0 	0.0 	0.0 	0.0 	7.05887321717	-3.6597876343	106.411571595	-32.2061482302	
4.06666666667	0.0	0.0	0.0 	0.0 	117.6 	24.0 	0.0 	0.0 	0.0 	-0.0 	24.0 	0.0 	0.0 	0.0 	7.08107105093	-3.6597876343	106.470027358	-32.3086720654	
4.08333333333	0.0	0.0	0.0 	0.0 	118.0 	24.0 	0.0 	0.0 	0.0 	-0.0 	24.0 	0.0 	0.0 	0.0 	7.1031629366	-3.6597876343	106.528665496	-32.4115157597	
4.1	0.0	0.0	0.0 	0.0 	118.4 	24.0 	0.0 	0.0 	0.0 	-0.0 	24.0 	0.0 	0.0 	0.0 	7.12514937986	-3.6597876343	106.587485135	-32.5146777865	
4.11666666667	0.0	0.0	0.0 	0.0 	118.8 	24.0 	0.0 	0.0 	0.0 	-0.0 	24.0 	0.0 	0.0 	0.0 	7.14703088397	-3.6597876343	106.646485412	-32.6181566263	
4.13333333333	0.0	0.0	0.0 	0.0 	119.2 	24.0 	0.0 	0.0 	0.0 	-0.0 	24.0 	0.0 	0.0 	0.0 	7.16880794981	-3.6597876343	106.705665463	-32.721950767	
4.15	0.0	0.0	0.0 	0.0 	119.6 	24.0 	0.0 	0.0 	0.0 	-0.0 	24.0 	0.0 	0.0 	0.0 	7.19048107583	-3.6597876343	106.76502443	-32.8260587038	
4.16666666667	0.0	0.0	0.0 	0.0 	120.0 	24.0 	0.0 	0.0 	0.0 	-0.0 	24.0 	0.0 	0.0 	0.0 	7.21205075815	-3.6597876343	106.824561459	-32.9304789389	
4.18333333333	0.0	0.0	0.0 	0.0 	120.4 	24.0 	0.0 	0.0 	0.0 	-0.0 	24.0 	0.0 	0.0 	0.0 	7.23351749048	-3.6597876343	106.884275701	-33.0352099817	
4.2	0.0	0.0	0.0 	0.0 	120.8 	24.0 	0.0 	0.0 	0.0 	-0.0 	24.0 	0.0 	0.0 	0.0 	7.2548817642	-3.6597876343	106.94416631	-33.1402503488	
4.21666666667	0.0	0.0	0.0 	0.0 	121.2 	24.0 	0.0 	0.0 	0.0 	-0.0 	24.0 	0.0 	0.0 	0.0 	7.27614406833	-3.6597876343	107.004232443	-33.2455985638	
4.23333333333	0.0	0.0	0.0 	0.0 	121.6 	24.0 	0.0 	0.0 	0.0 	-0.0 	24.0 	0.0 	0.0 	0.0 	7.29730488956	-3.6597876343	107.064473264	-33.3512531574	
4.25	0.0	0.0	0.0 	0.0 	122.0 	24.0 	0.0 	0.0 	0.0 	-0.0 	24.0 	0.0 	0.0 	0.0 	7.31836471226	-3.6597876343	107.124887938	-33.4572126673	
4.26666666667	0.0	0.0	0.0 	0.0 	122.4 	24.0 	0.0 	0.0 	0.0 	-0.0 	24.0 	0.0 	0.0 	0.0 	7.33932401848	-3.6597876343	107.185475636	-33.5634756382	
4.28333333333	0.0	0.0	0.0 	0.0 	122.8 	24.0 	0.0 	0.0 	0.0 	-0.0 	24.0 	0.0 	0.0 	0.0 	7.36018328798	-3.6597876343	107.246235531	-33.6700406215	
4.3	0.0	0.0	0.0 	0.0 	123.2 	24.0 	0.0 	0.0 	0.0 	-0.0 	24.0 	0.0 	0.0 	0.0 	7.38094299823	-3.6597876343	107.307166802	-33.776906176	
4.31666666667	0.0	0.0	0.0 	0.0 	123.6 	24.0 	0.0 	0.0 	0.0 	-0.0 	24.0 	0.0 	0.0 	0.0 	7.40160362441	-3.6597876343	107.368268631	-33.8840708669	
4.33333333333	0.0	0.0	0.0 	0.0 	124.0 	24.0 	0.0 	0.0 	0.0 	-0.0 	24.0 	0.0 	0.0 	0.0 	7.42216563945	-3.6597876343	107.429540204	-33.9915332666	
4.35	0.0	0.0	0.0 	0.0 	124.4 	24.0 	0.0 	0.0 	0.0 	-0.0 	24.0 	0.0 	0.0 	0.0 	7.44262951399	-3.6597876343	107.490980711	-34.099291954	
4.36666666667	0.0	0.0	0.0 	0.0 	124.8 	24.0 	0.0 	0.0 	0.0 	-0.0 	24.0 	0.0 	0.0 	0.0 	7.46299571647	-3.6597876343	107.552589345	-34.2073455151	
4.38333333333	0.0	0.0	0.0 	0.0 	125.2 	24.0 	0.0 	0.0 	0.0 	-0.0 	24.0 	0.0 	0.0 	0.0 	7.48326471305	-3.6597876343	107.614365304	-34.3156925424	
4.4	0.0	0.0	0.0 	0.0 	125.6 	24.0 	0.0 	0.0 	0.0 	-0.0 	24.0 	0.0 	0.0 	0.0 	7.50343696769	-3.6597876343	107.676307789	-34.4243316353	
4.41666666667	0.0	0.0	0.0 	0.0 	126.0 	24.0 	0.0 	0.0 	0.0 	-0.0 	24.0 	0.0 	0.0 	0.0 	7.52351294213	-3.6597876343	107.738416006	-34.5332613997	
4.43333333333	0.0	0.0	0.0 	0.0 	126.4 	24.0 	0.0 	0.0 	0.0 	-0.0 	24.0 	0.0 	0.0 	0.0 	7.54349309591	-3.6597876343	107.800689163	-34.6424804483	
4.45	0.0	0.0	0.0 	0.0 	126.8 	24.0 	0.0 	0.0 	0.0 	-0.0 	24.0 	0.0 	0.0 	0.0 	7.56337788637	-3.6597876343	107.863126474	-34.7519874004	
4.46666666667	0.0	0.0	0.0 	0.0 	127.2 	24.0 	0.0 	0.0 	0.0 	-0.0 	24.0 	0.0 	0.0 	0.0 	7.58316776867	-3.6597876343	107.925727154	-34.8617808818	
4.48333333333	0.0	0.0	0.0 	0.0 	127.6 	24.0 	0.0 	0.0 	0.0 	-0.0 	24.0 	0.0 	0.0 	0.0 	7.60286319579	-3.6597876343	107.988490424	-34.971859525	
4.5	0.0	0.0	0.0 	0.0 	128.0 	24.0 	0.0 	0.0 	0.0 	-0.0 	24.0 	0.0 	0.0 	0.0 	7.62246461857	-3.6597876343	108.051415508	-35.082221969	
4.51666666667	0.0	0.0	0.0 	0.0 	128.4 	24.0 	0.0 	0.0 	0.0 	-0.0 	24.0 	0.0 	0.0 	0.0 	7.64197248567	-3.6597876343	108.114501634	-35.192866859	
4.53333333333	0.0	0.0	0.0 	0.0 	128.8 	24.0 	0.0 	0.0 	0.0 	-0.0 	24.0 	0.0 	0.0 	0.0 	7.66138724363	-3.6597876343	108.177748033	-35.3037928472	
4.55	0.0	0.0	0.0 	0.0 	129.2 	24.0 	0.0 	0.0 	0.0 	-0.0 	24.0 	0.0 	0.0 	0.0 	7.68070933685	-3.6597876343	108.241153939	-35.4149985918	
4.56666666667	0.0	0.0	0.0 	0.0 	129.6 	24.0 	0.0 	0.0 	0.0 	-0.0 	24.0 	0.0 	0.0 	0.0 	7.6999392076	-3.6597876343	108.304718593	-35.5264827575	
4.58333333333	0.0	0.0	0.0 	0.0 	130.0 	24.0 	0.0 	0.0 	0.0 	-0.0 	24.0 	0.0 	0.0 	0.0 	7.71907729606	-3.6597876343	108.368441235	-35.6382440156	
4.6	0.0	0.0	0.0 	0.0 	130.4 	24.0 	0.0 	0.0 	0.0 	-0.0 	24.0 	0.0 	0.0 	0.0 	7.7381240403	-3.6597876343	108.432321113	-35.7502810434	
4.61666666667	0.0	0.0	0.0 	0.0 	130.8 	24.0 	0.0 	0.0 	0.0 	-0.0 	24.0 	0.0 	0.0 	0.0 	7.75707987629	-3.6597876343	108.496357475	-35.8625925248	
4.63333333333	0.0	0.0	0.0 	0.0 	131.2 	24.0 	0.0 	0.0 	0.0 	-0.0 	24.0 	0.0 	0.0 	0.0 	7.77594523793	-3.6597876343	108.560549575	-35.9751771497	
4.65	0.0	0.0	0.0 	0.0 	131.6 	24.0 	0.0 	0.0 	0.0 	-0.0 	24.0 	0.0 	0.0 	0.0 	7.79472055704	-3.6597876343	108.624896668	-36.0880336146	
4.66666666667	0.0	0.0	0.0 	0.0 	132.0 	24.0 	0.0 	0.0 	0.0 	-0.0 	24.0 	0.0 	0.0 	0.0 	7.81340626339	-3.6597876343	108.689398017	-36.2011606219	
4.68333333333	0.0	0.0	0.0 	0.0 	132.4 	24.0 	0.0 	0.0 	0.0 	-0.0 	24.0 	0.0 	0.0 	0.0 	7.83200278469	-3.6597876343	108.754052884	-36.3145568803	
4.7	0.0	0.0	0.0 	0.0 	132.8 	24.0 	0.0 	0.0 	0.0 	-0.0 	24.0 	0.0 	0.0 	0.0 	7.85051054661	-3.6597876343	108.818860536	-36.4282211049	
4.71666666667	0.0	0.0	0.0 	0.0 	133.2 	24.0 	0.0 	0.0 	0.0 	-0.0 	24.0 	0.0 	0.0 	0.0 	7.86892997279	-3.6597876343	108.883820245	-36.5421520165	
4.73333333333	0.0	0.0	0.0 	0.0 	133.6 	24.0 	0.0 	0.0 	0.0 	-0.0 	24.0 	0.0 	0.0 	0.0 	7.88726148485	-3.6597876343	108.948931284	-36.6563483424	
4.75	0.0	0.0	0.0 	0.0 	134.0 	24.0 	0.0 	0.0 	0.0 	-0.0 	24.0 	0.0 	0.0 	0.0 	7.9055055024	-3.6597876343	109.014192931	-36.7708088156	
4.76666666667	0.0	0.0	0.0 	0.0 	134.4 	24.0 	0.0 	0.0 	0.0 	-0.0 	24.0 	0.0 	0.0 	0.0 	7.92366244303	-3.6597876343	109.079604468	-36.8855321756	
4.78333333333	0.0	0.0	0.0 	0.0 	134.8 	24.0 	0.0 	0.0 	0.0 	-0.0 	24.0 	0.0 	0.0 	0.0 	7.94173272237	-3.6597876343	109.145165179	-37.0005171674	
4.8	0.0	0.0	0.0 	0.0 	135.2 	24.0 	0.0 	0.0 	0.0 	-0.0 	24.0 	0.0 	0.0 	0.0 	7.95971675402	-3.6597876343	109.210874352	-37.1157625425	
4.81666666667	0.0	0.0	0.0 	0.0 	135.6 	24.0 	0.0 	0.0 	0.0 	-0.0 	24.0 	0.0 	0.0 	0.0 	7.97761494965	-3.6597876343	109.276731278	-37.231267058	
4.83333333333	0.0	0.0	0.0 	0.0 	136.0 	24.0 	0.0 	0.0 	0.0 	-0.0 	24.0 	0.0 	0.0 	0.0 	7.99542771895	-3.6597876343	109.342735253	-37.347029477	
4.85	0.0	0.0	0.0 	0.0 	136.4 	24.0 	0.0 	0.0 	0.0 	-0.0 	24.0 	0.0 	0.0 	0.0 	8.01315546963	-3.6597876343	109.408885574	-37.4630485686	
4.86666666667	0.0	0.0	0.0 	0.0 	136.8 	24.0 	0.0 	0.0 	0.0 	-0.0 	24.0 	0.0 	0.0 	0.0 	8.0307986075	-3.6597876343	109.475181543	-37.5793231078	
4.88333333333	0.0	0.0	0.0 	0.0 	137.2 	24.0 	0.0 	0.0 	0.0 	-0.0 	24.0 	0.0 	0.0 	0.0 	8.04835753639	-3.6597876343	109.541622465	-37.6958518753	
4.9	0.0	0.0	0.0 	0.0 	137.6 	24.0 	0.0 	0.0 	0.0 	-0.0 	24.0 	0.0 	0.0 	0.0 	8.06583265824	-3.6597876343	109.608207648	-37.8126336577	
4.91666666667	0.0	0.0	0.0 	0.0 	138.0 	24.0 	0.0 	0.0 	0.0 	-0.0 	24.0 	0.0 	0.0 	0.0 	8.08322437303	-3.6597876343	109.674936402	-37.9296672474	
4.93333333333	0.0	0.0	0.0 	0.0 	138.4 	24.0 	0.0 	0.0 	0.0 	-0.0 	24.0 	0.0 	0.0 	0.0 	8.10053307887	-3.6597876343	109.741808045	-38.0469514425	
4.95	0.0	0.0	0.0 	0.0 	138.8 	24.0 	0.0 	0.0 	0.0 	-0.0 	24.0 	0.0 	0.0 	0.0 	8.11775917195	-3.6597876343	109.808821892	-38.164485047	
4.96666666667	0.0	0.0	0.0 	0.0 	139.2 	24.0 	0.0 	0.0 	0.0 	-0.0 	24.0 	0.0 	0.0 	0.0 	8.13490304658	-3.6597876343	109.875977265	-38.2822668703	
4.98333333333	0.0	0.0	0.0 	0.0 	139.6 	24.0 	0.0 	0.0 	0.0 	-0.0 	24.0 	0.0 	0.0 	0.0 	8.15196509516	-3.6597876343	109.94327349	-38.4002957279	
5.0	0.0	0.0	0.0 	0.0 	140.0 	24.0 	0.0 	0.0 	0.0 	-0.0 	24.0 	0.0 	0.0 	0.0 	8.16894570825	-3.6597876343	110.010709893	-38.5185704406	
5.01666666667	0.0	0.0	0.0 	0.0 	140.4 	24.0 	0.0 	0.0 	0.0 	-0.0 	24.0 	0.0 	0.0 	0.0 	8.18584527454	-3.6597876343	110.078285805	-38.6370898349	
5.03333333333	0.0	0.0	0.0 	0.0 	140.8 	24.0 	0.0 	0.0 	0.0 	-0.0 	24.0 	0.0 	0.0 	0.0 	8.20266418085	-3.6597876343	110.146000561	-38.7558527431	
5.05	0.0	0.0	0.0 	0.0 	141.2 	24.0 	0.0 	0.0 	0.0 	-0.0 	24.0 	0.0 	0.0 	0.0 	8.21940281217	-3.6597876343	110.213853499	-38.8748580029	
5.06666666667	0.0	0.0	0.0 	0.0 	141.6 	24.0 	0.0 	0.0 	0.0 	-0.0 	24.0 	0.0 	0.0 	0.0 	8.23606155163	-3.6597876343	110.281843957	-38.9941044575	
5.08333333333	0.0	0.0	0.0 	0.0 	142.0 	24.0 	0.0 	0.0 	0.0 	-0.0 	24.0 	0.0 	0.0 	0.0 	8.25264078056	-3.6597876343	110.349971281	-39.1135909557	
5.1	0.0	0.0	0.0 	0.0 	142.4 	24.0 	0.0 	0.0 	0.0 	-0.0 	24.0 	0.0 	0.0 	0.0 	8.26914087845	-3.6597876343	110.418234817	-39.2333163519	
5.11666666667	0.0	0.0	0.0 	0.0 	142.8 	24.0 	0.0 	0.0 	0.0 	-0.0 	24.0 	0.0 	0.0 	0.0 	8.28556222299	-3.6597876343	110.486633914	-39.3532795058	
5.13333333333	0.0	0.0	0.0 	0.0 	143.2 	24.0 	0.0 	0.0 	0.0 	-0.0 	24.0 	0.0 	0.0 	0.0 	8.30190519006	-3.6597876343	110.555167926	-39.4734792827	
5.15	0.0	0.0	0.0 	0.0 	143.6 	24.0 	0.0 	0.0 	0.0 	-0.0 	24.0 	0.0 	0.0 	0.0 	8.31817015374	-3.6597876343	110.623836209	-39.593914553	
5.16666666667	0.0	0.0	0.0 	0.0 	144.0 	24.0 	0.0 	0.0 	0.0 	-0.0 	24.0 	0.0 	0.0 	0.0 	8.33435748634	-3.6597876343	110.692638122	-39.7145841929	
5.18333333333	0.0	0.0	0.0 	0.0 	144.4 	24.0 	0.0 	0.0 	0.0 	-0.0 	24.0 	0.0 	0.0 	0.0 	8.35046755838	-3.6597876343	110.761573027	-39.8354870837	
5.2	0.0	0.0	0.0 	0.0 	144.8 	24.0 	0.0 	0.0 	0.0 	-0.0 	24.0 	0.0 	0.0 	0.0 	8.36650073863	-3.6597876343	110.830640289	-39.9566221122	
5.21666666667	0.0	0.0	0.0 	0.0 	145.2 	24.0 	0.0 	0.0 	0.0 	-0.0 	24.0 	0.0 	0.0 	0.0 	8.38245739407	-3.6597876343	110.899839277	-40.0779881704	
5.23333333333	0.0	0.0	0.0 	0.0 	145.6 	24.0 	0.0 	0.0 	0.0 	-0.0 	24.0 	0.0 	0.0 	0.0 	8.39833788996	-3.6597876343	110.969169362	-40.1995841555	
5.25	0.0	0.0	0.0 	0.0 	146.0 	24.0 	0.0 	0.0 	0.0 	-0.0 	24.0 	0.0 	0.0 	0.0 	8.41414258979	-3.6597876343	111.038629918	-40.3214089702	
5.26666666667	0.0	0.0	0.0 	0.0 	146.4 	24.0 	0.0 	0.0 	0.0 	-0.0 	24.0 	0.0 	0.0 	0.0 	8.42987185533	-3.6597876343	111.108220322	-40.4434615223	
5.28333333333	0.0	0.0	0.0 	0.0 	146.8 	24.0 	0.0 	0.0 	0.0 	-0.0 	24.0 	0.0 	0.0 	0.0 	8.44552604663	-3.6597876343	111.177939955	-40.5657407248	
5.3	0.0	0.0	0.0 	0.0 	147.2 	24.0 	0.0 	0.0 	0.0 	-0.0 	24.0 	0.0 	0.0 	0.0 	8.46110552201	-3.6597876343	111.2477882	-40.6882454959	
5.31666666667	0.0	0.0	0.0 	0.0 	147.6 	24.0 	0.0 	0.0 	0.0 	-0.0 	24.0 	0.0 	0.0 	0.0 	8.47661063807	-3.6597876343	111.317764443	-40.8109747591	
5.33333333333	0.0	0.0	0.0 	0.0 	148.0 	24.0 	0.0 	0.0 	0.0 	-0.0 	24.0 	0.0 	0.0 	0.0 	8.49204174973	-3.6597876343	111.387868074	-40.9339274428	
5.35	0.0	0.0	0.0 	0.0 	148.4 	24.0 	0.0 	0.0 	0.0 	-0.0 	24.0 	0.0 	0.0 	0.0 	8.5073992102	-3.6597876343	111.458098483	-41.0571024807	
5.36666666667	0.0	0.0	0.0 	0.0 	148.8 	24.0 	0.0 	0.0 	0.0 	-0.0 	24.0 	0.0 	0.0 	0.0 	8.52268337101	-3.6597876343	111.528455067	-41.1804988115	
5.38333333333	0.0	0.0	0.0 	0.0 	149.2 	24.0 	0.0 	0.0 	0.0 	-0.0 	24.0 	0.0 	0.0 	0.0 	8.53789458202	-3.6597876343	111.598937222	-41.304115379	
5.4	0.0	0.0	0.0 	0.0 	149.6 	24.0 	0.0 	0.0 	0.0 	-0.0 	24.0 	0.0 	0.0 	0.0 	8.5530331914	-3.6597876343	111.66954435	-41.427951132	
5.41666666667	0.0	0.0	0.0 	0.0 	150.0 	24.0 	0.0 	0.0 	0.0 	-0.0 	24.0 	0.0 	0.0 	0.0 	8.56809954569	-3.6597876343	111.740275853	-41.5520050244	
5.43333333333	0.0	0.0	0.0 	0.0 	150.4 	24.0 	0.0 	0.0 	0.0 	-0.0 	24.0 	0.0 	0.0 	0.0 	8.58309398973	-3.6597876343	111.811131139	-41.6762760151	
5.45	0.0	0.0	0.0 	0.0 	150.8 	24.0 	0.0 	0.0 	0.0 	-0.0 	24.0 	0.0 	0.0 	0.0 	8.59801686676	-3.6597876343	111.882109617	-41.8007630677	
5.46666666667	0.0	0.0	0.0 	0.0 	151.2 	24.0 	0.0 	0.0 	0.0 	-0.0 	24.0 	0.0 	0.0 	0.0 	8.61286851836	-3.6597876343	111.953210698	-41.9254651511	
5.48333333333	0.0	0.0	0.0 	0.0 	151.6 	24.0 	0.0 	0.0 	0.0 	-0.0 	24.0 	0.0 	0.0 	0.0 	8.62764928448	-3.6597876343	112.024433798	-42.050381239	
5.5	0.0	0.0	0.0 	0.0 	152.0 	24.0 	0.0 	0.0 	0.0 	-0.0 	24.0 	0.0 	0.0 	0.0 	8.64235950345	-3.6597876343	112.095778333	-42.17551031	
5.51666666667	0.0	0.0	0.0 	0.0 	152.4 	24.0 	0.0 	0.0 	0.0 	-0.0 	24.0 	0.0 	0.0 	0.0 	8.65699951197	-3.6597876343	112.167243726	-42.3008513474	
5.53333333333	0.0	0.0	0.0 	0.0 	152.8 	24.0 	0.0 	0.0 	0.0 	-0.0 	24.0 	0.0 	0.0 	0.0 	8.67156964517	-3.6597876343	112.238829397	-42.4264033397	
5.55	0.0	0.0	0.0 	0.0 	153.2 	24.0 	0.0 	0.0 	0.0 	-0.0 	24.0 	0.0 	0.0 	0.0 	8.68607023655	-3.6597876343	112.310534774	-42.5521652799	
5.56666666667	0.0	0.0	0.0 	0.0 	153.6 	24.0 	0.0 	0.0 	0.0 	-0.0 	24.0 	0.0 	0.0 	0.0 	8.70050161802	-3.6597876343	112.382359286	-42.6781361659	
5.58333333333	0.0	0.0	0.0 	0.0 	154.0 	24.0 	0.0 	0.0 	0.0 	-0.0 	24.0 	0.0 	0.0 	0.0 	8.71486411992	-3.6597876343	112.454302363	-42.8043150006	
5.6	0.0	0.0	0.0 	0.0 	154.4 	24.0 	0.0 	0.0 	0.0 	-0.0 	24.0 	0.0 	0.0 	0.0 	8.72915807101	-3.6597876343	112.526363439	-42.9307007913	
5.61666666667	0.0	0.0	0.0 	0.0 	154.8 	24.0 	0.0 	0.0 	0.0 	-0.0 	24.0 	0.0 	0.0 	0.0 	8.74338379846	-3.6597876343	112.598541952	-43.0572925503	
5.63333333333	0.0	0.0	0.0 	0.0 	155.2 	24.0 	0.0 	0.0 	0.0 	-0.0 	24.0 	0.0 	0.0 	0.0 	8.7575416279	-3.6597876343	112.670837341	-43.1840892946	
5.65	0.0	0.0	0.0 	0.0 	155.6 	24.0 	0.0 	0.0 	0.0 	-0.0 	24.0 	0.0 	0.0 	0.0 	8.77163188341	-3.6597876343	112.743249048	-43.3110900457	
5.66666666667	0.0	0.0	0.0 	0.0 	156.0 	24.0 	0.0 	0.0 	0.0 	-0.0 	24.0 	0.0 	0.0 	0.0 	8.78565488751	-3.6597876343	112.815776518	-43.4382938299	
5.68333333333	0.0	0.0	0.0 	0.0 	156.4 	24.0 	0.0 	0.0 	0.0 	-0.0 	24.0 	0.0 	0.0 	0.0 	8.79961096118	-3.6597876343	112.888419198	-43.5656996783	
5.7	0.0	0.0	0.0 	0.0 	156.8 	24.0 	0.0 	0.0 	0.0 	-0.0 	24.0 	0.0 	0.0 	0.0 	8.81350042388	-3.6597876343	112.961176539	-43.6933066263	
5.71666666667	0.0	0.0	0.0 	0.0 	157.2 	24.0 	0.0 	0.0 	0.0 	-0.0 	24.0 	0.0 	0.0 	0.0 	8.82732359352	-3.6597876343	113.034047993	-43.8211137141	
5.73333333333	0.0	0.0	0.0 	0.0 	157.6 	24.0 	0.0 	0.0 	0.0 	-0.0 	24.0 	0.0 	0.0 	0.0 	8.84108078653	-3.6597876343	113.107033015	-43.9491199865	
5.75	0.0	0.0	0.0 	0.0 	158.0 	24.0 	0.0 	0.0 	0.0 	-0.0 	24.0 	0.0 	0.0 	0.0 	8.85477231781	-3.6597876343	113.180131064	-44.0773244929	
5.76666666667	0.0	0.0	0.0 	0.0 	158.4 	24.0 	0.0 	0.0 	0.0 	-0.0 	24.0 	0.0 	0.0 	0.0 	8.86839850074	-3.6597876343	113.2533416	-44.2057262869	
5.78333333333	0.0	0.0	0.0 	0.0 	158.8 	24.0 	0.0 	0.0 	0.0 	-0.0 	24.0 	0.0 	0.0 	0.0 	8.88195964723	-3.6597876343	113.326664087	-44.3343244271	
5.8	0.0	0.0	0.0 	0.0 	159.2 	24.0 	0.0 	0.0 	0.0 	-0.0 	24.0 	0.0 	0.0 	0.0 	8.8954560677	-3.6597876343	113.400097989	-44.4631179762	
5.81666666667	0.0	0.0	0.0 	0.0 	159.6 	24.0 	0.0 	0.0 	0.0 	-0.0 	24.0 	0.0 	0.0 	0.0 	8.90888807107	-3.6597876343	113.473642775	-44.5921060017	
5.83333333333	0.0	0.0	0.0 	0.0 	160.0 	24.0 	0.0 	0.0 	0.0 	-0.0 	24.0 	0.0 	0.0 	0.0 	8.92225596481	-3.6597876343	113.547297916	-44.7212875752	
5.85	0.0	0.0	0.0 	0.0 	160.4 	24.0 	0.0 	0.0 	0.0 	-0.0 	24.0 	0.0 	0.0 	0.0 	8.93556005489	-3.6597876343	113.621062885	-44.850661773	
5.86666666667	0.0	0.0	0.0 	0.0 	160.8 	24.0 	0.0 	0.0 	0.0 	-0.0 	24.0 	0.0 	0.0 	0.0 	8.94880064585	-3.6597876343	113.694937159	-44.9802276758	
5.88333333333	0.0	0.0	0.0 	0.0 	161.2 	24.0 	0.0 	0.0 	0.0 	-0.0 	24.0 	0.0 	0.0 	0.0 	8.96197804077	-3.6597876343	113.768920214	-45.1099843684	
5.9	0.0	0.0	0.0 	0.0 	161.6 	24.0 	0.0 	0.0 	0.0 	-0.0 	24.0 	0.0 	0.0 	0.0 	8.97509254126	-3.6597876343	113.843011532	-45.2399309404	
5.91666666667	0.0	0.0	0.0 	0.0 	162.0 	24.0 	0.0 	0.0 	0.0 	-0.0 	24.0 	0.0 	0.0 	0.0 	8.98814444753	-3.6597876343	113.917210597	-45.3700664855	
5.93333333333	0.0	0.0	0.0 	0.0 	162.4 	24.0 	0.0 	0.0 	0.0 	-0.0 	24.0 	0.0 	0.0 	0.0 	9.00113405833	-3.6597876343	113.991516894	-45.5003901016	
5.95	0.0	0.0	0.0 	0.0 	162.8 	24.0 	0.0 	0.0 	0.0 	-0.0 	24.0 	0.0 	0.0 	0.0 	9.01406167099	-3.6597876343	114.065929911	-45.6309008911	
5.96666666667	0.0	0.0	0.0 	0.0 	163.2 	24.0 	0.0 	0.0 	0.0 	-0.0 	24.0 	0.0 	0.0 	0.0 	9.02692758141	-3.6597876343	114.140449139	-45.7615979607	
5.98333333333	0.0	0.0	0.0 	0.0 	163.6 	24.0 	0.0 	0.0 	0.0 	-0.0 	24.0 	0.0 	0.0 	0.0 	9.0397320841	-3.6597876343	114.21507407	-45.8924804214	
6.0	0.0	0.0	0.0 	0.0 	164.0 	24.0 	0.0 	0.0 	0.0 	-0.0 	24.0 	0.0 	0.0 	0.0 	9.05247547215	-3.6597876343	114.289804201	-46.0235473881	
6.01666666667	0.0	0.0	0.0 	0.0 	164.4 	24.0 	0.0 	0.0 	0.0 	-0.0 	24.0 	0.0 	0.0 	0.0 	9.06515803726	-3.6597876343	114.36463903	-46.1547979803	
6.03333333333	0.0	0.0	0.0 	0.0 	164.8 	24.0 	0.0 	0.0 	0.0 	-0.0 	24.0 	0.0 	0.0 	0.0 	9.07778006972	-3.6597876343	114.439578056	-46.2862313216	
6.05	0.0	0.0	0.0 	0.0 	165.2 	24.0 	0.0 	0.0 	0.0 	-0.0 	24.0 	0.0 	0.0 	0.0 	9.09034185846	-3.6597876343	114.514620782	-46.4178465398	
6.06666666667	0.0	0.0	0.0 	0.0 	165.6 	24.0 	0.0 	0.0 	0.0 	-0.0 	24.0 	0.0 	0.0 	0.0 	9.102843691	-3.6597876343	114.589766714	-46.5496427667	
6.08333333333	0.0	0.0	0.0 	0.0 	166.0 	24.0 	0.0 	0.0 	0.0 	-0.0 	24.0 	0.0 	0.0 	0.0 	9.11528585352	-3.6597876343	114.665015358	-46.6816191384	
6.1	0.0	0.0	0.0 	0.0 	166.4 	24.0 	0.0 	0.0 	0.0 	-0.0 	24.0 	0.0 	0.0 	0.0 	9.12766863082	-3.6597876343	114.740366225	-46.8137747951	
6.11666666667	0.0	0.0	0.0 	0.0 	166.8 	24.0 	0.0 	0.0 	0.0 	-0.0 	24.0 	0.0 	0.0 	0.0 	9.13999230633	-3.6597876343	114.815818826	-46.9461088811	
6.13333333333	0.0	0.0	0.0 	0.0 	167.2 	24.0 	0.0 	0.0 	0.0 	-0.0 	24.0 	0.0 	0.0 	0.0 	9.15225716214	-3.6597876343	114.891372677	-47.0786205448	
6.15	0.0	0.0	0.0 	0.0 	167.6 	24.0 	0.0 	0.0 	0.0 	-0.0 	24.0 	0.0 	0.0 	0.0 	9.164463479	-3.6597876343	114.967027293	-47.2113089385	
6.16666666667	0.0	0.0	0.0 	0.0 	168.0 	24.0 	0.0 	0.0 	0.0 	-0.0 	24.0 	0.0 	0.0 	0.0 	9.1766115363	-3.6597876343	115.042782194	-47.3441732189	
6.18333333333	0.0	0.0	0.0 	0.0 	168.4 	24.0 	0.0 	0.0 	0.0 	-0.0 	24.0 	0.0 	0.0 	0.0 	9.18870161211	-3.6597876343	115.118636901	-47.4772125463	
6.2	0.0	0.0	0.0 	0.0 	168.8 	24.0 	0.0 	0.0 	0.0 	-0.0 	24.0 	0.0 	0.0 	0.0 	9.20073398316	-3.6597876343	115.194590938	-47.6104260854	
6.21666666667	0.0	0.0	0.0 	0.0 	169.2 	24.0 	0.0 	0.0 	0.0 	-0.0 	24.0 	0.0 	0.0 	0.0 	9.21270892489	-3.6597876343	115.270643831	-47.7438130046	
6.23333333333	0.0	0.0	0.0 	0.0 	169.6 	24.0 	0.0 	0.0 	0.0 	-0.0 	24.0 	0.0 	0.0 	0.0 	9.22462671139	-3.6597876343	115.346795108	-47.8773724764	
6.25	0.0	0.0	0.0 	0.0 	170.0 	24.0 	0.0 	0.0 	0.0 	-0.0 	24.0 	0.0 	0.0 	0.0 	9.23648761547	-3.6597876343	115.423044299	-48.0111036772	
6.26666666667	0.0	0.0	0.0 	0.0 	170.4 	24.0 	0.0 	0.0 	0.0 	-0.0 	24.0 	0.0 	0.0 	0.0 	9.2482919086	-3.6597876343	115.499390937	-48.1450057873	
6.28333333333	0.0	0.0	0.0 	0.0 	170.8 	24.0 	0.0 	0.0 	0.0 	-0.0 	24.0 	0.0 	0.0 	0.0 	9.260039861	-3.6597876343	115.575834556	-48.2790779912	
6.3	0.0	0.0	0.0 	0.0 	171.2 	24.0 	0.0 	0.0 	0.0 	-0.0 	24.0 	0.0 	0.0 	0.0 	9.27173174157	-3.6597876343	115.652374695	-48.4133194768	
6.31666666667	0.0	0.0	0.0 	0.0 	171.6 	24.0 	0.0 	0.0 	0.0 	-0.0 	24.0 	0.0 	0.0 	0.0 	9.28336781794	-3.6597876343	115.729010892	-48.5477294362	
6.33333333333	0.0	0.0	0.0 	0.0 	172.0 	24.0 	0.0 	0.0 	0.0 	-0.0 	24.0 	0.0 	0.0 	0.0 	9.29494835645	-3.6597876343	115.805742689	-48.6823070654	
6.35	0.0	0.0	0.0 	0.0 	172.4 	24.0 	0.0 	0.0 	0.0 	-0.0 	24.0 	0.0 	0.0 	0.0 	9.30647362219	-3.6597876343	115.88256963	-48.817051564	
6.36666666667	0.0	0.0	0.0 	0.0 	172.8 	24.0 	0.0 	0.0 	0.0 	-0.0 	24.0 	0.0 	0.0 	0.0 	9.31794387896	-3.6597876343	115.95949126	-48.9519621356	
6.38333333333	0.0	0.0	0.0 	0.0 	173.2 	24.0 	0.0 	0.0 	0.0 	-0.0 	24.0 	0.0 	0.0 	0.0 	9.32935938931	-3.6597876343	116.036507127	-49.0870379876	
6.4	0.0	0.0	0.0 	0.0 	173.6 	24.0 	0.0 	0.0 	0.0 	-0.0 	24.0 	0.0 	0.0 	0.0 	9.34072041455	-3.6597876343	116.113616782	-49.222278331	
6.41666666667	0.0	0.0	0.0 	0.0 	174.0 	24.0 	0.0 	0.0 	0.0 	-0.0 	24.0 	0.0 	0.0 	0.0 	9.35202721473	-3.6597876343	116.190819777	-49.3576823808	
6.43333333333	0.0	0.0	0.0 	0.0 	174.4 	24.0 	0.0 	0.0 	0.0 	-0.0 	24.0 	0.0 	0.0 	0.0 	9.36328004865	-3.6597876343	116.268115667	-49.4932493557	
6.45	0.0	0.0	0.0 	0.0 	174.8 	24.0 	0.0 	0.0 	0.0 	-0.0 	24.0 	0.0 	0.0 	0.0 	9.3744791739	-3.6597876343	116.345504008	-49.6289784779	
6.46666666667	0.0	0.0	0.0 	0.0 	175.2 	24.0 	0.0 	0.0 	0.0 	-0.0 	24.0 	0.0 	0.0 	0.0 	9.38562484682	-3.6597876343	116.422984359	-49.7648689737	
6.48333333333	0.0	0.0	0.0 	0.0 	175.6 	24.0 	0.0 	0.0 	0.0 	-0.0 	24.0 	0.0 	0.0 	0.0 	9.39671732253	-3.6597876343	116.50055628	-49.9009200727	
6.5	0.0	0.0	0.0 	0.0 	176.0 	24.0 	0.0 	0.0 	0.0 	-0.0 	24.0 	0.0 	0.0 	0.0 	9.40775685494	-3.6597876343	116.578219336	-50.0371310084	
6.51666666667	0.0	0.0	0.0 	0.0 	176.4 	24.0 	0.0 	0.0 	0.0 	-0.0 	24.0 	0.0 	0.0 	0.0 	9.41874369674	-3.6597876343	116.65597309	-50.173501018	
6.53333333333	0.0	0.0	0.0 	0.0 	176.8 	24.0 	0.0 	0.0 	0.0 	-0.0 	24.0 	0.0 	0.0 	0.0 	9.42967809942	-3.6597876343	116.73381711	-50.3100293422	
6.55	0.0	0.0	0.0 	0.0 	177.2 	24.0 	0.0 	0.0 	0.0 	-0.0 	24.0 	0.0 	0.0 	0.0 	9.44056031327	-3.6597876343	116.811750965	-50.4467152253	
6.56666666667	0.0	0.0	0.0 	0.0 	177.6 	24.0 	0.0 	0.0 	0.0 	-0.0 	24.0 	0.0 	0.0 	0.0 	9.45139058737	-3.6597876343	116.889774226	-50.5835579155	
6.58333333333	0.0	0.0	0.0 	0.0 	178.0 	24.0 	0.0 	0.0 	0.0 	-0.0 	24.0 	0.0 	0.0 	0.0 	9.46216916963	-3.6597876343	116.967886466	-50.7205566641	
6.6	0.0	0.0	0.0 	0.0 	178.4 	24.0 	0.0 	0.0 	0.0 	-0.0 	24.0 	0.0 	0.0 	0.0 	9.47289630677	-3.6597876343	117.046087262	-50.8577107264	
6.61666666667	0.0	0.0	0.0 	0.0 	178.8 	24.0 	0.0 	0.0 	0.0 	-0.0 	24.0 	0.0 	0.0 	0.0 	9.48357224434	-3.6597876343	117.12437619	-50.9950193612	
6.63333333333	0.0	0.0	0.0 	0.0 	179.2 	24.0 	0.0 	0.0 	0.0 	-0.0 	24.0 	0.0 	0.0 	0.0 	9.4941972267	-3.6597876343	117.202752829	-51.1324818305	
6.65	0.0	0.0	0.0 	0.0 	179.6 	24.0 	0.0 	0.0 	0.0 	-0.0 	24.0 	0.0 	0.0 	0.0 	9.50477149706	-3.6597876343	117.281216761	-51.2700974003	
6.66666666667	0.0	0.0	0.0 	0.0 	180.0 	24.0 	0.0 	0.0 	0.0 	-0.0 	24.0 	0.0 	0.0 	0.0 	9.51529529746	-3.6597876343	117.359767569	-51.4078653397	
6.68333333333	0.0	0.0	0.0 	0.0 	180.4 	24.0 	0.0 	0.0 	0.0 	-0.0 	24.0 	0.0 	0.0 	0.0 	9.52576886878	-3.6597876343	117.438404839	-51.5457849215	
6.7	0.0	0.0	0.0 	0.0 	180.8 	24.0 	0.0 	0.0 	0.0 	-0.0 	24.0 	0.0 	0.0 	0.0 	9.53619245078	-3.6597876343	117.517128158	-51.6838554219	
6.71666666667	0.0	0.0	0.0 	0.0 	181.2 	24.0 	0.0 	0.0 	0.0 	-0.0 	24.0 	0.0 	0.0 	0.0 	9.54656628204	-3.6597876343	117.595937115	-51.8220761207	
6.73333333333	0.0	0.0	0.0 	0.0 	181.6 	24.0 	0.0 	0.0 	0.0 	-0.0 	24.0 	0.0 	0.0 	0.0 	9.55689060002	-3.6597876343	117.674831301	-51.9604463009	
6.75	0.0	0.0	0.0 	0.0 	182.0 	24.0 	0.0 	0.0 	0.0 	-0.0 	24.0 	0.0 	0.0 	0.0 	9.56716564103	-3.6597876343	117.75381031	-52.0989652491	
6.76666666667	0.0	0.0	0.0 	0.0 	182.4 	24.0 	0.0 	0.0 	0.0 	-0.0 	24.0 	0.0 	0.0 	0.0 	9.57739164028	-3.6597876343	117.832873737	-52.2376322552	
6.78333333333	0.0	0.0	0.0 	0.0 	182.8 	24.0 	0.0 	0.0 	0.0 	-0.0 	24.0 	0.0 	0.0 	0.0 	9.58756883184	-3.6597876343	117.912021179	-52.3764466126	
6.8	0.0	0.0	0.0 	0.0 	183.2 	24.0 	0.0 	0.0 	0.0 	-0.0 	24.0 	0.0 	0.0 	0.0 	9.59769744865	-3.6597876343	117.991252235	-52.5154076179	
6.81666666667	0.0	0.0	0.0 	0.0 	183.6 	24.0 	0.0 	0.0 	0.0 	-0.0 	24.0 	0.0 	0.0 	0.0 	9.60777772257	-3.6597876343	118.070566506	-52.6545145712	
6.83333333333	0.0	0.0	0.0 	0.0 	184.0 	24.0 	0.0 	0.0 	0.0 	-0.0 	24.0 	0.0 	0.0 	0.0 	9.61780988432	-3.6597876343	118.149963594	-52.793766776	
6.85	0.0	0.0	0.0 	0.0 	184.4 	24.0 	0.0 	0.0 	0.0 	-0.0 	24.0 	0.0 	0.0 	0.0 	9.62779416355	-3.6597876343	118.229443104	-52.933163539	
6.86666666667	0.0	0.0	0.0 	0.0 	184.8 	24.0 	0.0 	0.0 	0.0 	-0.0 	24.0 	0.0 	0.0 	0.0 	9.63773078879	-3.6597876343	118.309004644	-53.0727041701	
6.88333333333	0.0	0.0	0.0 	0.0 	185.2 	24.0 	0.0 	0.0 	0.0 	-0.0 	24.0 	0.0 	0.0 	0.0 	9.64761998749	-3.6597876343	118.388647821	-53.2123879828	
6.9	0.0	0.0	0.0 	0.0 	185.6 	24.0 	0.0 	0.0 	0.0 	-0.0 	24.0 	0.0 	0.0 	0.0 	9.65746198601	-3.6597876343	118.468372246	-53.3522142936	
6.91666666667	0.0	0.0	0.0 	0.0 	186.0 	24.0 	0.0 	0.0 	0.0 	-0.0 	24.0 	0.0 	0.0 	0.0 	9.66725700963	-3.6597876343	118.548177531	-53.4921824224	
6.93333333333	0.0	0.0	0.0 	0.0 	186.4 	24.0 	0.0 	0.0 	0.0 	-0.0 	24.0 	0.0 	0.0 	0.0 	9.67700528257	-3.6597876343	118.62806329	-53.6322916923	
6.95	0.0	0.0	0.0 	0.0 	186.8 	24.0 	0.0 	0.0 	0.0 	-0.0 	24.0 	0.0 	0.0 	0.0 	9.68670702795	-3.6597876343	118.708029139	-53.7725414297	
6.96666666667	0.0	0.0	0.0 	0.0 	187.2 	24.0 	0.0 	0.0 	0.0 	-0.0 	24.0 	0.0 	0.0 	0.0 	9.69636246784	-3.6597876343	118.788074696	-53.9129309642	
6.98333333333	0.0	0.0	0.0 	0.0 	187.6 	24.0 	0.0 	0.0 	0.0 	-0.0 	24.0 	0.0 	0.0 	0.0 	9.70597182327	-3.6597876343	118.86819958	-54.0534596284	
7.0	0.0	0.0	0.0 	0.0 	188.0 	24.0 	0.0 	0.0 	0.0 	-0.0 	24.0 	0.0 	0.0 	0.0 	9.71553531418	-3.6597876343	118.948403412	-54.1941267584	
7.01666666667	0.0	0.0	0.0 	0.0 	188.4 	24.0 	0.0 	0.0 	0.0 	-0.0 	24.0 	0.0 	0.0 	0.0 	9.72505315949	-3.6597876343	119.028685817	-54.3349316932	
7.03333333333	0.0	0.0	0.0 	0.0 	188.8 	24.0 	0.0 	0.0 	0.0 	-0.0 	24.0 	0.0 	0.0 	0.0 	9.73452557705	-3.6597876343	119.109046418	-54.4758737752	
7.05	0.0	0.0	0.0 	0.0 	189.2 	24.0 	0.0 	0.0 	0.0 	-0.0 	24.0 	0.0 	0.0 	0.0 	9.74395278369	-3.6597876343	119.189484843	-54.6169523497	
7.06666666667	0.0	0.0	0.0 	0.0 	189.6 	24.0 	0.0 	0.0 	0.0 	-0.0 	24.0 	0.0 	0.0 	0.0 	9.75333499519	-3.6597876343	119.27000072	-54.7581667653	
7.08333333333	0.0	0.0	0.0 	0.0 	190.0 	24.0 	0.0 	0.0 	0.0 	-0.0 	24.0 	0.0 	0.0 	0.0 	9.76267242631	-3.6597876343	119.35059368	-54.8995163736	
7.1	0.0	0.0	0.0 	0.0 	190.4 	24.0 	0.0 	0.0 	0.0 	-0.0 	24.0 	0.0 	0.0 	0.0 	9.77196529079	-3.6597876343	119.431263354	-55.0410005294	
7.11666666667	0.0	0.0	0.0 	0.0 	190.8 	24.0 	0.0 	0.0 	0.0 	-0.0 	24.0 	0.0 	0.0 	0.0 	9.78121380134	-3.6597876343	119.512009377	-55.1826185904	
7.13333333333	0.0	0.0	0.0 	0.0 	191.2 	24.0 	0.0 	0.0 	0.0 	-0.0 	24.0 	0.0 	0.0 	0.0 	9.79041816964	-3.6597876343	119.592831384	-55.3243699176	
7.15	0.0	0.0	0.0 	0.0 	191.6 	24.0 	0.0 	0.0 	0.0 	-0.0 	24.0 	0.0 	0.0 	0.0 	9.7995786064	-3.6597876343	119.673729012	-55.4662538749	
7.16666666667	0.0	0.0	0.0 	0.0 	192.0 	24.0 	0.0 	0.0 	0.0 	-0.0 	24.0 	0.0 	0.0 	0.0 	9.80869532129	-3.6597876343	119.7547019	-55.6082698293	
7.18333333333	0.0	0.0	0.0 	0.0 	192.4 	24.0 	0.0 	0.0 	0.0 	-0.0 	24.0 	0.0 	0.0 	0.0 	9.81776852299	-3.6597876343	119.83574969	-55.7504171507	
7.2	0.0	0.0	0.0 	0.0 	192.8 	24.0 	0.0 	0.0 	0.0 	-0.0 	24.0 	0.0 	0.0 	0.0 	9.82679841918	-3.6597876343	119.916872024	-55.8926952121	
7.21666666667	0.0	0.0	0.0 	0.0 	193.2 	24.0 	0.0 	0.0 	0.0 	-0.0 	24.0 	0.0 	0.0 	0.0 	9.83578521657	-3.6597876343	119.998068545	-56.0351033896	
7.23333333333	0.0	0.0	0.0 	0.0 	193.6 	24.0 	0.0 	0.0 	0.0 	-0.0 	24.0 	0.0 	0.0 	0.0 	9.84472912085	-3.6597876343	120.079338901	-56.1776410621	
7.25	0.0	0.0	0.0 	0.0 	194.0 	24.0 	0.0 	0.0 	0.0 	-0.0 	24.0 	0.0 	0.0 	0.0 	9.85363033674	-3.6597876343	120.160682737	-56.3203076116	
7.26666666667	0.0	0.0	0.0 	0.0 	194.4 	24.0 	0.0 	0.0 	0.0 	-0.0 	24.0 	0.0 	0.0 	0.0 	9.86248906801	-3.6597876343	120.242099705	-56.4631024229	
7.28333333333	0.0	0.0	0.0 	0.0 	194.8 	24.0 	0.0 	0.0 	0.0 	-0.0 	24.0 	0.0 	0.0 	0.0 	9.87130551741	-3.6597876343	120.323589454	-56.6060248838	
7.3	0.0	0.0	0.0 	0.0 	195.2 	24.0 	0.0 	0.0 	0.0 	-0.0 	24.0 	0.0 	0.0 	0.0 	9.88007988677	-3.6597876343	120.405151638	-56.7490743851	
7.31666666667	0.0	0.0	0.0 	0.0 	195.6 	24.0 	0.0 	0.0 	0.0 	-0.0 	24.0 	0.0 	0.0 	0.0 	9.88881237692	-3.6597876343	120.48678591	-56.8922503204	
7.33333333333	0.0	0.0	0.0 	0.0 	196.0 	24.0 	0.0 	0.0 	0.0 	-0.0 	24.0 	0.0 	0.0 	0.0 	9.89750318774	-3.6597876343	120.568491926	-57.0355520864	
7.35	0.0	0.0	0.0 	0.0 	196.4 	24.0 	0.0 	0.0 	0.0 	-0.0 	24.0 	0.0 	0.0 	0.0 	9.90615251818	-3.6597876343	120.650269345	-57.1789790823	
7.36666666667	0.0	0.0	0.0 	0.0 	196.8 	24.0 	0.0 	0.0 	0.0 	-0.0 	24.0 	0.0 	0.0 	0.0 	9.9147605662	-3.6597876343	120.732117825	-57.3225307105	
7.38333333333	0.0	0.0	0.0 	0.0 	197.2 	24.0 	0.0 	0.0 	0.0 	-0.0 	24.0 	0.0 	0.0 	0.0 	9.92332752886	-3.6597876343	120.814037027	-57.4662063761	
7.4	0.0	0.0	0.0 	0.0 	197.6 	24.0 	0.0 	0.0 	0.0 	-0.0 	24.0 	0.0 	0.0 	0.0 	9.93185360224	-3.6597876343	120.896026614	-57.6100054872	
7.41666666667	0.0	0.0	0.0 	0.0 	198.0 	24.0 	0.0 	0.0 	0.0 	-0.0 	24.0 	0.0 	0.0 	0.0 	9.94033898151	-3.6597876343	120.978086249	-57.7539274545	
7.43333333333	0.0	0.0	0.0 	0.0 	198.4 	24.0 	0.0 	0.0 	0.0 	-0.0 	24.0 	0.0 	0.0 	0.0 	9.94878386089	-3.6597876343	121.060215598	-57.8979716916	
7.45	0.0	0.0	0.0 	0.0 	198.8 	24.0 	0.0 	0.0 	0.0 	-0.0 	24.0 	0.0 	0.0 	0.0 	9.95718843368	-3.6597876343	121.14241433	-58.042137615	
7.46666666667	0.0	0.0	0.0 	0.0 	199.2 	24.0 	0.0 	0.0 	0.0 	-0.0 	24.0 	0.0 	0.0 	0.0 	9.96555289228	-3.6597876343	121.224682111	-58.1864246438	
7.48333333333	0.0	0.0	0.0 	0.0 	199.6 	24.0 	0.0 	0.0 	0.0 	-0.0 	24.0 	0.0 	0.0 	0.0 	9.97387742812	-3.6597876343	121.307018614	-58.3308322001	
7.5	0.0	0.0	0.0 	0.0 	200.0 	24.0 	0.0 	0.0 	0.0 	-0.0 	24.0 	0.0 	0.0 	0.0 	9.98216223178	-3.6597876343	121.389423509	-58.4753597085	
7.51666666667	0.0	0.0	0.0 	0.0 	200.4 	24.0 	0.0 	0.0 	0.0 	-0.0 	24.0 	0.0 	0.0 	0.0 	9.99040749287	-3.6597876343	121.47189647	-58.6200065966	
7.53333333333	0.0	0.0	0.0 	0.0 	200.8 	24.0 	0.0 	0.0 	0.0 	-0.0 	24.0 	0.0 	0.0 	0.0 	9.99861340014	-3.6597876343	121.554437173	-58.7647722946	
7.55	0.0	0.0	0.0 	0.0 	201.2 	24.0 	0.0 	0.0 	0.0 	-0.0 	24.0 	0.0 	0.0 	0.0 	10.0067801414	-3.6597876343	121.637045295	-58.9096562353	
7.56666666667	0.0	0.0	0.0 	0.0 	201.6 	24.0 	0.0 	0.0 	0.0 	-0.0 	24.0 	0.0 	0.0 	0.0 	10.0149079036	-3.6597876343	121.719720513	-59.0546578545	
7.58333333333	0.0	0.0	0.0 	0.0 	202.0 	24.0 	0.0 	0.0 	0.0 	-0.0 	24.0 	0.0 	0.0 	0.0 	10.0229968728	-3.6597876343	121.802462507	-59.1997765905	
7.6	0.0	0.0	0.0 	0.0 	202.4 	24.0 	0.0 	0.0 	0.0 	-0.0 	24.0 	0.0 	0.0 	0.0 	10.0310472342	-3.6597876343	121.885270958	-59.3450118842	
7.61666666667	0.0	0.0	0.0 	0.0 	202.8 	24.0 	0.0 	0.0 	0.0 	-0.0 	24.0 	0.0 	0.0 	0.0 	10.0390591719	-3.6597876343	121.96814555	-59.4903631794	
7.63333333333	0.0	0.0	0.0 	0.0 	203.2 	24.0 	0.0 	0.0 	0.0 	-0.0 	24.0 	0.0 	0.0 	0.0 	10.0470328695	-3.6597876343	122.051085966	-59.6358299224	
7.65	0.0	0.0	0.0 	0.0 	203.6 	24.0 	0.0 	0.0 	0.0 	-0.0 	24.0 	0.0 	0.0 	0.0 	10.0549685094	-3.6597876343	122.134091893	-59.7814115622	
7.66666666667	0.0	0.0	0.0 	0.0 	204.0 	24.0 	0.0 	0.0 	0.0 	-0.0 	24.0 	0.0 	0.0 	0.0 	10.0628662732	-3.6597876343	122.217163017	-59.9271075503	
7.68333333333	0.0	0.0	0.0 	0.0 	204.4 	24.0 	0.0 	0.0 	0.0 	-0.0 	24.0 	0.0 	0.0 	0.0 	10.0707263418	-3.6597876343	122.300299028	-60.0729173411	
7.7	0.0	0.0	0.0 	0.0 	204.8 	24.0 	0.0 	0.0 	0.0 	-0.0 	24.0 	0.0 	0.0 	0.0 	10.0785488951	-3.6597876343	122.383499616	-60.2188403913	
7.71666666667	0.0	0.0	0.0 	0.0 	205.2 	24.0 	0.0 	0.0 	0.0 	-0.0 	24.0 	0.0 	0.0 	0.0 	10.0863341121	-3.6597876343	122.466764472	-60.3648761604	
7.73333333333	0.0	0.0	0.0 	0.0 	205.6 	24.0 	0.0 	0.0 	0.0 	-0.0 	24.0 	0.0 	0.0 	0.0 	10.094082171	-3.6597876343	122.550093291	-60.5110241103	
7.75	0.0	0.0	0.0 	0.0 	206.0 	24.0 	0.0 	0.0 	0.0 	-0.0 	24.0 	0.0 	0.0 	0.0 	10.1017932491	-3.6597876343	122.633485766	-60.6572837057	
7.76666666667	0.0	0.0	0.0 	0.0 	206.4 	24.0 	0.0 	0.0 	0.0 	-0.0 	24.0 	0.0 	0.0 	0.0 	10.1094675231	-3.6597876343	122.716941593	-60.8036544136	
7.78333333333	0.0	0.0	0.0 	0.0 	206.8 	24.0 	0.0 	0.0 	0.0 	-0.0 	24.0 	0.0 	0.0 	0.0 	10.1171051685	-3.6597876343	122.800460471	-60.9501357038	
7.8	0.0	0.0	0.0 	0.0 	207.2 	24.0 	0.0 	0.0 	0.0 	-0.0 	24.0 	0.0 	0.0 	0.0 	10.1247063601	-3.6597876343	122.884042099	-61.0967270485	
7.81666666667	0.0	0.0	0.0 	0.0 	207.6 	24.0 	0.0 	0.0 	0.0 	-0.0 	24.0 	0.0 	0.0 	0.0 	10.132271272	-3.6597876343	122.967686177	-61.2434279223	
7.83333333333	0.0	0.0	0.0 	0.0 	208.0 	24.0 	0.0 	0.0 	0.0 	-0.0 	24.0 	0.0 	0.0 	0.0 	10.1398000773	-3.6597876343	123.051392406	-61.3902378025	
7.85	0.0	0.0	0.0 	0.0 	208.4 	24.0 	0.0 	0.0 	0.0 	-0.0 	24.0 	0.0 	0.0 	0.0 	10.1472929484	-3.6597876343	123.135160491	-61.5371561688	
7.86666666667	0.0	0.0	0.0 	0.0 	208.8 	24.0 	0.0 	0.0 	0.0 	-0.0 	24.0 	0.0 	0.0 	0.0 	10.1547500567	-3.6597876343	123.218990136	-61.6841825034	
7.88333333333	0.0	0.0	0.0 	0.0 	209.2 	24.0 	0.0 	0.0 	0.0 	-0.0 	24.0 	0.0 	0.0 	0.0 	10.162171573	-3.6597876343	123.302881047	-61.831316291	
7.9	0.0	0.0	0.0 	0.0 	209.6 	24.0 	0.0 	0.0 	0.0 	-0.0 	24.0 	0.0 	0.0 	0.0 	10.1695576671	-3.6597876343	123.386832932	-61.9785570188	
7.91666666667	0.0	0.0	0.0 	0.0 	210.0 	24.0 	0.0 	0.0 	0.0 	-0.0 	24.0 	0.0 	0.0 	0.0 	10.1769085081	-3.6597876343	123.470845499	-62.1259041763	
7.93333333333	0.0	0.0	0.0 	0.0 	210.4 	24.0 	0.0 	0.0 	0.0 	-0.0 	24.0 	0.0 	0.0 	0.0 	10.1842242643	-3.6597876343	123.55491846	-62.2733572555	
7.95	0.0	0.0	0.0 	0.0 	210.8 	24.0 	0.0 	0.0 	0.0 	-0.0 	24.0 	0.0 	0.0 	0.0 	10.1915051031	-3.6597876343	123.639051526	-62.4209157509	
7.96666666667	0.0	0.0	0.0 	0.0 	211.2 	24.0 	0.0 	0.0 	0.0 	-0.0 	24.0 	0.0 	0.0 	0.0 	10.1987511911	-3.6597876343	123.723244409	-62.5685791593	
7.98333333333	0.0	0.0	0.0 	0.0 	211.6 	24.0 	0.0 	0.0 	0.0 	-0.0 	24.0 	0.0 	0.0 	0.0 	10.2059626943	-3.6597876343	123.807496825	-62.7163469801	
8.0	0.0	0.0	0.0 	0.0 	212.0 	24.0 	0.0 	0.0 	0.0 	-0.0 	24.0 	0.0 	0.0 	0.0 	10.2131397776	-3.6597876343	123.89180849	-62.8642187148	
8.01666666667	0.0	0.0	0.0 	0.0 	212.4 	24.0 	0.0 	0.0 	0.0 	-0.0 	24.0 	0.0 	0.0 	0.0 	10.2202826055	-3.6597876343	123.97617912	-63.0121938675	
8.03333333333	0.0	0.0	0.0 	0.0 	212.8 	24.0 	0.0 	0.0 	0.0 	-0.0 	24.0 	0.0 	0.0 	0.0 	10.2273913413	-3.6597876343	124.060608434	-63.1602719446	
8.05	0.0	0.0	0.0 	0.0 	213.2 	24.0 	0.0 	0.0 	0.0 	-0.0 	24.0 	0.0 	0.0 	0.0 	10.2344661479	-3.6597876343	124.145096152	-63.3084524548	
8.06666666667	0.0	0.0	0.0 	0.0 	213.6 	24.0 	0.0 	0.0 	0.0 	-0.0 	24.0 	0.0 	0.0 	0.0 	10.241507187	-3.6597876343	124.229641996	-63.4567349093	
8.08333333333	0.0	0.0	0.0 	0.0 	214.0 	24.0 	0.0 	0.0 	0.0 	-0.0 	24.0 	0.0 	0.0 	0.0 	10.24851462	-3.6597876343	124.314245687	-63.6051188214	
8.1	0.0	0.0	0.0 	0.0 	214.4 	24.0 	0.0 	0.0 	0.0 	-0.0 	24.0 	0.0 	0.0 	0.0 	10.2554886072	-3.6597876343	124.398906951	-63.7536037069	
8.11666666667	0.0	0.0	0.0 	0.0 	214.8 	24.0 	0.0 	0.0 	0.0 	-0.0 	24.0 	0.0 	0.0 	0.0 	10.2624293082	-3.6597876343	124.483625511	-63.9021890839	
8.13333333333	0.0	0.0	0.0 	0.0 	215.2 	24.0 	0.0 	0.0 	0.0 	-0.0 	24.0 	0.0 	0.0 	0.0 	10.269336882	-3.6597876343	124.568401094	-64.0508744728	
8.15	0.0	0.0	0.0 	0.0 	215.6 	24.0 	0.0 	0.0 	0.0 	-0.0 	24.0 	0.0 	0.0 	0.0 	10.2762114865	-3.6597876343	124.653233429	-64.1996593961	
8.16666666667	0.0	0.0	0.0 	0.0 	216.0 	24.0 	0.0 	0.0 	0.0 	-0.0 	24.0 	0.0 	0.0 	0.0 	10.2830532793	-3.6597876343	124.738122245	-64.3485433789	
8.18333333333	0.0	0.0	0.0 	0.0 	216.4 	24.0 	0.0 	0.0 	0.0 	-0.0 	24.0 	0.0 	0.0 	0.0 	10.2898624168	-3.6597876343	124.823067271	-64.4975259482	
8.2	0.0	0.0	0.0 	0.0 	216.8 	24.0 	0.0 	0.0 	0.0 	-0.0 	24.0 	0.0 	0.0 	0.0 	10.296639055	-3.6597876343	124.90806824	-64.6466066337	
8.21666666667	0.0	0.0	0.0 	0.0 	217.2 	24.0 	0.0 	0.0 	0.0 	-0.0 	24.0 	0.0 	0.0 	0.0 	10.303383349	-3.6597876343	124.993124885	-64.795784967	
8.23333333333	0.0	0.0	0.0 	0.0 	217.6 	24.0 	0.0 	0.0 	0.0 	-0.0 	24.0 	0.0 	0.0 	0.0 	10.3100954531	-3.6597876343	125.078236939	-64.9450604819	
8.25	0.0	0.0	0.0 	0.0 	218.0 	24.0 	0.0 	0.0 	0.0 	-0.0 	24.0 	0.0 	0.0 	0.0 	10.316775521	-3.6597876343	125.163404139	-65.0944327148	
8.26666666667	0.0	0.0	0.0 	0.0 	218.4 	24.0 	0.0 	0.0 	0.0 	-0.0 	24.0 	0.0 	0.0 	0.0 	10.3234237056	-3.6597876343	125.248626221	-65.2439012039	
8.28333333333	0.0	0.0	0.0 	0.0 	218.8 	24.0 	0.0 	0.0 	0.0 	-0.0 	24.0 	0.0 	0.0 	0.0 	10.330040159	-3.6597876343	125.333902923	-65.3934654898	
8.3	0.0	0.0	0.0 	0.0 	219.2 	24.0 	0.0 	0.0 	0.0 	-0.0 	24.0 	0.0 	0.0 	0.0 	10.3366250328	-3.6597876343	125.419233985	-65.5431251154	
8.31666666667	0.0	0.0	0.0 	0.0 	219.6 	24.0 	0.0 	0.0 	0.0 	-0.0 	24.0 	0.0 	0.0 	0.0 	10.3431784776	-3.6597876343	125.504619147	-65.6928796255	
8.33333333333	0.0	0.0	0.0 	0.0 	220.0 	24.0 	0.0 	0.0 	0.0 	-0.0 	24.0 	0.0 	0.0 	0.0 	10.3497006434	-3.6597876343	125.590058151	-65.8427285672	
8.35	0.0	0.0	0.0 	0.0 	220.4 	24.0 	0.0 	0.0 	0.0 	-0.0 	24.0 	0.0 	0.0 	0.0 	10.3561916796	-3.6597876343	125.67555074	-65.99267149	
8.36666666667	0.0	0.0	0.0 	0.0 	220.8 	24.0 	0.0 	0.0 	0.0 	-0.0 	24.0 	0.0 	0.0 	0.0 	10.3626517347	-3.6597876343	125.761096658	-66.1427079451	
8.38333333333	0.0	0.0	0.0 	0.0 	221.2 	24.0 	0.0 	0.0 	0.0 	-0.0 	24.0 	0.0 	0.0 	0.0 	10.3690809566	-3.6597876343	125.84669565	-66.2928374863	
8.4	0.0	0.0	0.0 	0.0 	221.6 	24.0 	0.0 	0.0 	0.0 	-0.0 	24.0 	0.0 	0.0 	0.0 	10.3754794925	-3.6597876343	125.932347464	-66.4430596691	
8.41666666667	0.0	0.0	0.0 	0.0 	222.0 	24.0 	0.0 	0.0 	0.0 	-0.0 	24.0 	0.0 	0.0 	0.0 	10.3818474887	-3.6597876343	126.018051847	-66.5933740515	
8.43333333333	0.0	0.0	0.0 	0.0 	222.4 	24.0 	0.0 	0.0 	0.0 	-0.0 	24.0 	0.0 	0.0 	0.0 	10.3881850912	-3.6597876343	126.103808548	-66.7437801933	
8.45	0.0	0.0	0.0 	0.0 	222.8 	24.0 	0.0 	0.0 	0.0 	-0.0 	24.0 	0.0 	0.0 	0.0 	10.3944924449	-3.6597876343	126.189617318	-66.8942776567	
8.46666666667	0.0	0.0	0.0 	0.0 	223.2 	24.0 	0.0 	0.0 	0.0 	-0.0 	24.0 	0.0 	0.0 	0.0 	10.4007696942	-3.6597876343	126.275477907	-67.0448660057	
8.48333333333	0.0	0.0	0.0 	0.0 	223.6 	24.0 	0.0 	0.0 	0.0 	-0.0 	24.0 	0.0 	0.0 	0.0 	10.4070169828	-3.6597876343	126.36139007	-67.1955448065	
8.5	0.0	0.0	0.0 	0.0 	224.0 	24.0 	0.0 	0.0 	0.0 	-0.0 	24.0 	0.0 	0.0 	0.0 	10.4132344537	-3.6597876343	126.447353559	-67.3463136275	
8.51666666667	0.0	0.0	0.0 	0.0 	224.4 	24.0 	0.0 	0.0 	0.0 	-0.0 	24.0 	0.0 	0.0 	0.0 	10.4194222492	-3.6597876343	126.53336813	-67.4971720389	
8.53333333333	0.0	0.0	0.0 	0.0 	224.8 	24.0 	0.0 	0.0 	0.0 	-0.0 	24.0 	0.0 	0.0 	0.0 	10.425580511	-3.6597876343	126.619433538	-67.6481196132	
8.55	0.0	0.0	0.0 	0.0 	225.2 	24.0 	0.0 	0.0 	0.0 	-0.0 	24.0 	0.0 	0.0 	0.0 	10.43170938	-3.6597876343	126.705549542	-67.7991559249	
8.56666666667	0.0	0.0	0.0 	0.0 	225.6 	24.0 	0.0 	0.0 	0.0 	-0.0 	24.0 	0.0 	0.0 	0.0 	10.4378089965	-3.6597876343	126.791715899	-67.9502805503	
8.58333333333	0.0	0.0	0.0 	0.0 	226.0 	24.0 	0.0 	0.0 	0.0 	-0.0 	24.0 	0.0 	0.0 	0.0 	10.4438795001	-3.6597876343	126.877932369	-68.1014930679	
8.6	0.0	0.0	0.0 	0.0 	226.4 	24.0 	0.0 	0.0 	0.0 	-0.0 	24.0 	0.0 	0.0 	0.0 	10.4499210298	-3.6597876343	126.964198714	-68.2527930583	
8.61666666667	0.0	0.0	0.0 	0.0 	226.8 	24.0 	0.0 	0.0 	0.0 	-0.0 	24.0 	0.0 	0.0 	0.0 	10.4559337239	-3.6597876343	127.050514695	-68.404180104	
8.63333333333	0.0	0.0	0.0 	0.0 	227.2 	24.0 	0.0 	0.0 	0.0 	-0.0 	24.0 	0.0 	0.0 	0.0 	10.46191772	-3.6597876343	127.136880075	-68.5556537894	
8.65	0.0	0.0	0.0 	0.0 	227.6 	24.0 	0.0 	0.0 	0.0 	-0.0 	24.0 	0.0 	0.0 	0.0 	10.4678731551	-3.6597876343	127.223294618	-68.707213701	
8.66666666667	0.0	0.0	0.0 	0.0 	228.0 	24.0 	0.0 	0.0 	0.0 	-0.0 	24.0 	0.0 	0.0 	0.0 	10.4738001654	-3.6597876343	127.30975809	-68.8588594273	
8.68333333333	0.0	0.0	0.0 	0.0 	228.4 	24.0 	0.0 	0.0 	0.0 	-0.0 	24.0 	0.0 	0.0 	0.0 	10.4796988867	-3.6597876343	127.396270257	-69.0105905587	
8.7	0.0	0.0	0.0 	0.0 	228.8 	24.0 	0.0 	0.0 	0.0 	-0.0 	24.0 	0.0 	0.0 	0.0 	10.485569454	-3.6597876343	127.482830887	-69.1624066876	
8.71666666667	0.0	0.0	0.0 	0.0 	229.2 	24.0 	0.0 	0.0 	0.0 	-0.0 	24.0 	0.0 	0.0 	0.0 	10.4914120016	-3.6597876343	127.569439749	-69.3143074083	
8.73333333333	0.0	0.0	0.0 	0.0 	229.6 	24.0 	0.0 	0.0 	0.0 	-0.0 	24.0 	0.0 	0.0 	0.0 	10.4972266634	-3.6597876343	127.656096612	-69.4662923169	
8.75	0.0	0.0	0.0 	0.0 	230.0 	24.0 	0.0 	0.0 	0.0 	-0.0 	24.0 	0.0 	0.0 	0.0 	10.5030135723	-3.6597876343	127.742801247	-69.6183610118	
8.76666666667	0.0	0.0	0.0 	0.0 	230.4 	24.0 	0.0 	0.0 	0.0 	-0.0 	24.0 	0.0 	0.0 	0.0 	10.5087728608	-3.6597876343	127.829553426	-69.770513093	
8.78333333333	0.0	0.0	0.0 	0.0 	230.8 	24.0 	0.0 	0.0 	0.0 	-0.0 	24.0 	0.0 	0.0 	0.0 	10.5145046609	-3.6597876343	127.916352922	-69.9227481625	
8.8	0.0	0.0	0.0 	0.0 	231.2 	24.0 	0.0 	0.0 	0.0 	-0.0 	24.0 	0.0 	0.0 	0.0 	10.5202091036	-3.6597876343	128.00319951	-70.0750658242	
8.81666666667	0.0	0.0	0.0 	0.0 	231.6 	24.0 	0.0 	0.0 	0.0 	-0.0 	24.0 	0.0 	0.0 	0.0 	10.5258863196	-3.6597876343	128.090092964	-70.227465684	
8.83333333333	0.0	0.0	0.0 	0.0 	232.0 	24.0 	0.0 	0.0 	0.0 	-0.0 	24.0 	0.0 	0.0 	0.0 	10.5315364388	-3.6597876343	128.177033062	-70.3799473494	
8.85	0.0	0.0	0.0 	0.0 	232.4 	24.0 	0.0 	0.0 	0.0 	-0.0 	24.0 	0.0 	0.0 	0.0 	10.5371595905	-3.6597876343	128.26401958	-70.53251043	
8.86666666667	0.0	0.0	0.0 	0.0 	232.8 	24.0 	0.0 	0.0 	0.0 	-0.0 	24.0 	0.0 	0.0 	0.0 	10.5427559035	-3.6597876343	128.351052296	-70.6851545374	
8.88333333333	0.0	0.0	0.0 	0.0 	233.2 	24.0 	0.0 	0.0 	0.0 	-0.0 	24.0 	0.0 	0.0 	0.0 	10.5483255058	-3.6597876343	128.438130991	-70.8378792846	
8.9	0.0	0.0	0.0 	0.0 	233.6 	24.0 	0.0 	0.0 	0.0 	-0.0 	24.0 	0.0 	0.0 	0.0 	10.5538685249	-3.6597876343	128.525255444	-70.9906842868	
8.91666666667	0.0	0.0	0.0 	0.0 	234.0 	24.0 	0.0 	0.0 	0.0 	-0.0 	24.0 	0.0 	0.0 	0.0 	10.5593850878	-3.6597876343	128.612425438	-71.1435691611	
8.93333333333	0.0	0.0	0.0 	0.0 	234.4 	24.0 	0.0 	0.0 	0.0 	-0.0 	24.0 	0.0 	0.0 	0.0 	10.5648753206	-3.6597876343	128.699640755	-71.2965335261	
8.95	0.0	0.0	0.0 	0.0 	234.8 	24.0 	0.0 	0.0 	0.0 	-0.0 	24.0 	0.0 	0.0 	0.0 	10.5703393491	-3.6597876343	128.786901179	-71.4495770024	
8.96666666667	0.0	0.0	0.0 	0.0 	235.2 	24.0 	0.0 	0.0 	0.0 	-0.0 	24.0 	0.0 	0.0 	0.0 	10.5757772983	-3.6597876343	128.874206494	-71.6026992126	
8.98333333333	0.0	0.0	0.0 	0.0 	235.6 	24.0 	0.0 	0.0 	0.0 	-0.0 	24.0 	0.0 	0.0 	0.0 	10.5811892927	-3.6597876343	128.961556487	-71.7558997807	
9.0	0.0	0.0	0.0 	0.0 	236.0 	24.0 	0.0 	0.0 	0.0 	-0.0 	24.0 	0.0 	0.0 	0.0 	10.5865754562	-3.6597876343	129.048950943	-71.9091783328	
9.01666666667	0.0	0.0	0.0 	0.0 	236.4 	24.0 	0.0 	0.0 	0.0 	-0.0 	24.0 	0.0 	0.0 	0.0 	10.5919359121	-3.6597876343	129.136389651	-72.0625344966	
9.03333333333	0.0	0.0	0.0 	0.0 	236.8 	24.0 	0.0 	0.0 	0.0 	-0.0 	24.0 	0.0 	0.0 	0.0 	10.597270783	-3.6597876343	129.223872399	-72.2159679018	
9.05	0.0	0.0	0.0 	0.0 	237.2 	24.0 	0.0 	0.0 	0.0 	-0.0 	24.0 	0.0 	0.0 	0.0 	10.6025801912	-3.6597876343	129.311398978	-72.3694781797	
9.06666666667	0.0	0.0	0.0 	0.0 	237.6 	24.0 	0.0 	0.0 	0.0 	-0.0 	24.0 	0.0 	0.0 	0.0 	10.607864258	-3.6597876343	129.398969178	-72.5230649634	
9.08333333333	0.0	0.0	0.0 	0.0 	238.0 	24.0 	0.0 	0.0 	0.0 	-0.0 	24.0 	0.0 	0.0 	0.0 	10.6131231045	-3.6597876343	129.486582791	-72.6767278876	
9.1	0.0	0.0	0.0 	0.0 	238.4 	24.0 	0.0 	0.0 	0.0 	-0.0 	24.0 	0.0 	0.0 	0.0 	10.618356851	-3.6597876343	129.57423961	-72.8304665891	
9.11666666667	0.0	0.0	0.0 	0.0 	238.8 	24.0 	0.0 	0.0 	0.0 	-0.0 	24.0 	0.0 	0.0 	0.0 	10.6235656174	-3.6597876343	129.661939428	-72.9842807061	
9.13333333333	0.0	0.0	0.0 	0.0 	239.2 	24.0 	0.0 	0.0 	0.0 	-0.0 	24.0 	0.0 	0.0 	0.0 	10.6287495228	-3.6597876343	129.74968204	-73.1381698787	
9.15	0.0	0.0	0.0 	0.0 	239.6 	24.0 	0.0 	0.0 	0.0 	-0.0 	24.0 	0.0 	0.0 	0.0 	10.633908686	-3.6597876343	129.837467242	-73.2921337486	
9.16666666667	0.0	0.0	0.0 	0.0 	240.0 	24.0 	0.0 	0.0 	0.0 	-0.0 	24.0 	0.0 	0.0 	0.0 	10.639043225	-3.6597876343	129.925294831	-73.4461719594	
9.18333333333	0.0	0.0	0.0 	0.0 	240.4 	24.0 	0.0 	0.0 	0.0 	-0.0 	24.0 	0.0 	0.0 	0.0 	10.6441532573	-3.6597876343	130.013164605	-73.6002841561	
9.2	0.0	0.0	0.0 	0.0 	240.8 	24.0 	0.0 	0.0 	0.0 	-0.0 	24.0 	0.0 	0.0 	0.0 	10.6492389	-3.6597876343	130.101076361	-73.7544699857	
9.21666666667	0.0	0.0	0.0 	0.0 	241.2 	24.0 	0.0 	0.0 	0.0 	-0.0 	24.0 	0.0 	0.0 	0.0 	10.6543002694	-3.6597876343	130.1890299	-73.9087290968	
9.23333333333	0.0	0.0	0.0 	0.0 	241.6 	24.0 	0.0 	0.0 	0.0 	-0.0 	24.0 	0.0 	0.0 	0.0 	10.6593374813	-3.6597876343	130.277025023	-74.0630611395	
9.25	0.0	0.0	0.0 	0.0 	242.0 	24.0 	0.0 	0.0 	0.0 	-0.0 	24.0 	0.0 	0.0 	0.0 	10.6643506512	-3.6597876343	130.36506153	-74.2174657657	
9.26666666667	0.0	0.0	0.0 	0.0 	242.4 	24.0 	0.0 	0.0 	0.0 	-0.0 	24.0 	0.0 	0.0 	0.0 	10.6693398936	-3.6597876343	130.453139225	-74.3719426291	
9.28333333333	0.0	0.0	0.0 	0.0 	242.8 	24.0 	0.0 	0.0 	0.0 	-0.0 	24.0 	0.0 	0.0 	0.0 	10.6743053229	-3.6597876343	130.54125791	-74.5264913849	
9.3	0.0	0.0	0.0 	0.0 	243.2 	24.0 	0.0 	0.0 	0.0 	-0.0 	24.0 	0.0 	0.0 	0.0 	10.6792470527	-3.6597876343	130.62941739	-74.6811116899	
9.31666666667	0.0	0.0	0.0 	0.0 	243.6 	24.0 	0.0 	0.0 	0.0 	-0.0 	24.0 	0.0 	0.0 	0.0 	10.6841651961	-3.6597876343	130.717617471	-74.8358032026	
9.33333333333	0.0	0.0	0.0 	0.0 	244.0 	24.0 	0.0 	0.0 	0.0 	-0.0 	24.0 	0.0 	0.0 	0.0 	10.6890598657	-3.6597876343	130.805857958	-74.9905655831	
9.35	0.0	0.0	0.0 	0.0 	244.4 	24.0 	0.0 	0.0 	0.0 	-0.0 	24.0 	0.0 	0.0 	0.0 	10.6939311735	-3.6597876343	130.894138659	-75.1453984933	
9.36666666667	0.0	0.0	0.0 	0.0 	244.8 	24.0 	0.0 	0.0 	0.0 	-0.0 	24.0 	0.0 	0.0 	0.0 	10.698779231	-3.6597876343	130.982459381	-75.3003015964	
9.38333333333	0.0	0.0	0.0 	0.0 	245.2 	24.0 	0.0 	0.0 	0.0 	-0.0 	24.0 	0.0 	0.0 	0.0 	10.7036041492	-3.6597876343	131.070819935	-75.4552745575	
9.4	0.0	0.0	0.0 	0.0 	245.6 	24.0 	0.0 	0.0 	0.0 	-0.0 	24.0 	0.0 	0.0 	0.0 	10.7084060386	-3.6597876343	131.159220129	-75.6103170431	
9.41666666667	0.0	0.0	0.0 	0.0 	246.0 	24.0 	0.0 	0.0 	0.0 	-0.0 	24.0 	0.0 	0.0 	0.0 	10.713185009	-3.6597876343	131.247659774	-75.7654287214	
9.43333333333	0.0	0.0	0.0 	0.0 	246.4 	24.0 	0.0 	0.0 	0.0 	-0.0 	24.0 	0.0 	0.0 	0.0 	10.7179411699	-3.6597876343	131.336138683	-75.9206092621	
9.45	0.0	0.0	0.0 	0.0 	246.8 	24.0 	0.0 	0.0 	0.0 	-0.0 	24.0 	0.0 	0.0 	0.0 	10.72267463	-3.6597876343	131.424656667	-76.0758583366	
9.46666666667	0.0	0.0	0.0 	0.0 	247.2 	24.0 	0.0 	0.0 	0.0 	-0.0 	24.0 	0.0 	0.0 	0.0 	10.7273854978	-3.6597876343	131.51321354	-76.2311756178	
9.48333333333	0.0	0.0	0.0 	0.0 	247.6 	24.0 	0.0 	0.0 	0.0 	-0.0 	24.0 	0.0 	0.0 	0.0 	10.7320738811	-3.6597876343	131.601809117	-76.3865607801	
9.5	0.0	0.0	0.0 	0.0 	248.0 	24.0 	0.0 	0.0 	0.0 	-0.0 	24.0 	0.0 	0.0 	0.0 	10.7367398872	-3.6597876343	131.690443213	-76.5420134996	
9.51666666667	0.0	0.0	0.0 	0.0 	248.4 	24.0 	0.0 	0.0 	0.0 	-0.0 	24.0 	0.0 	0.0 	0.0 	10.741383623	-3.6597876343	131.779115644	-76.6975334537	
9.53333333333	0.0	0.0	0.0 	0.0 	248.8 	24.0 	0.0 	0.0 	0.0 	-0.0 	24.0 	0.0 	0.0 	0.0 	10.7460051946	-3.6597876343	131.867826227	-76.8531203216	
9.55	0.0	0.0	0.0 	0.0 	249.2 	24.0 	0.0 	0.0 	0.0 	-0.0 	24.0 	0.0 	0.0 	0.0 	10.7506047079	-3.6597876343	131.956574781	-77.0087737839	
9.56666666667	0.0	0.0	0.0 	0.0 	249.6 	24.0 	0.0 	0.0 	0.0 	-0.0 	24.0 	0.0 	0.0 	0.0 	10.7551822682	-3.6597876343	132.045361122	-77.1644935227	
9.58333333333	0.0	0.0	0.0 	0.0 	250.0 	24.0 	0.0 	0.0 	0.0 	-0.0 	24.0 	0.0 	0.0 	0.0 	10.7597379802	-3.6597876343	132.134185072	-77.3202792218	
9.6	0.0	0.0	0.0 	0.0 	250.4 	24.0 	0.0 	0.0 	0.0 	-0.0 	24.0 	0.0 	0.0 	0.0 	10.7642719483	-3.6597876343	132.223046452	-77.4761305663	
9.61666666667	0.0	0.0	0.0 	0.0 	250.8 	24.0 	0.0 	0.0 	0.0 	-0.0 	24.0 	0.0 	0.0 	0.0 	10.7687842762	-3.6597876343	132.311945081	-77.6320472429	
9.63333333333	0.0	0.0	0.0 	0.0 	251.2 	24.0 	0.0 	0.0 	0.0 	-0.0 	24.0 	0.0 	0.0 	0.0 	10.7732750672	-3.6597876343	132.400880783	-77.7880289398	
9.65	0.0	0.0	0.0 	0.0 	251.6 	24.0 	0.0 	0.0 	0.0 	-0.0 	24.0 	0.0 	0.0 	0.0 	10.777744424	-3.6597876343	132.48985338	-77.9440753466	
9.66666666667	0.0	0.0	0.0 	0.0 	252.0 	24.0 	0.0 	0.0 	0.0 	-0.0 	24.0 	0.0 	0.0 	0.0 	10.7821924491	-3.6597876343	132.578862696	-78.1001861544	
9.68333333333	0.0	0.0	0.0 	0.0 	252.4 	24.0 	0.0 	0.0 	0.0 	-0.0 	24.0 	0.0 	0.0 	0.0 	10.7866192442	-3.6597876343	132.667908557	-78.256361056	
9.7	0.0	0.0	0.0 	0.0 	252.8 	24.0 	0.0 	0.0 	0.0 	-0.0 	24.0 	0.0 	0.0 	0.0 	10.7910249106	-3.6597876343	132.756990788	-78.4125997453	
9.71666666667	0.0	0.0	0.0 	0.0 	253.2 	24.0 	0.0 	0.0 	0.0 	-0.0 	24.0 	0.0 	0.0 	0.0 	10.7954095492	-3.6597876343	132.846109214	-78.568901918	
9.73333333333	0.0	0.0	0.0 	0.0 	253.6 	24.0 	0.0 	0.0 	0.0 	-0.0 	24.0 	0.0 	0.0 	0.0 	10.7997732604	-3.6597876343	132.935263664	-78.725267271	
9.75	0.0	0.0	0.0 	0.0 	254.0 	24.0 	0.0 	0.0 	0.0 	-0.0 	24.0 	0.0 	0.0 	0.0 	10.804116144	-3.6597876343	133.024453966	-78.8816955028	
9.76666666667	0.0	0.0	0.0 	0.0 	254.4 	24.0 	0.0 	0.0 	0.0 	-0.0 	24.0 	0.0 	0.0 	0.0 	10.8084382994	-3.6597876343	133.113679948	-79.0381863132	
9.78333333333	0.0	0.0	0.0 	0.0 	254.8 	24.0 	0.0 	0.0 	0.0 	-0.0 	24.0 	0.0 	0.0 	0.0 	10.8127398256	-3.6597876343	133.202941439	-79.1947394036	
9.8	0.0	0.0	0.0 	0.0 	255.2 	24.0 	0.0 	0.0 	0.0 	-0.0 	24.0 	0.0 	0.0 	0.0 	10.8170208211	-3.6597876343	133.292238272	-79.3513544768	
9.81666666667	0.0	0.0	0.0 	0.0 	255.6 	24.0 	0.0 	0.0 	0.0 	-0.0 	24.0 	0.0 	0.0 	0.0 	10.8212813837	-3.6597876343	133.381570276	-79.5080312368	
9.83333333333	0.0	0.0	0.0 	0.0 	256.0 	24.0 	0.0 	0.0 	0.0 	-0.0 	24.0 	0.0 	0.0 	0.0 	10.8255216112	-3.6597876343	133.470937284	-79.6647693893	
9.85	0.0	0.0	0.0 	0.0 	256.4 	24.0 	0.0 	0.0 	0.0 	-0.0 	24.0 	0.0 	0.0 	0.0 	10.8297416004	-3.6597876343	133.560339129	-79.8215686412	
9.86666666667	0.0	0.0	0.0 	0.0 	256.8 	24.0 	0.0 	0.0 	0.0 	-0.0 	24.0 	0.0 	0.0 	0.0 	10.833941448	-3.6597876343	133.649775645	-79.978428701	
9.88333333333	0.0	0.0	0.0 	0.0 	257.2 	24.0 	0.0 	0.0 	0.0 	-0.0 	24.0 	0.0 	0.0 	0.0 	10.8381212502	-3.6597876343	133.739246666	-80.1353492783	
9.9	0.0	0.0	0.0 	0.0 	257.6 	24.0 	0.0 	0.0 	0.0 	-0.0 	24.0 	0.0 	0.0 	0.0 	10.8422811026	-3.6597876343	133.828752027	-80.2923300844	
9.91666666667	0.0	0.0	0.0 	0.0 	258.0 	24.0 	0.0 	0.0 	0.0 	-0.0 	24.0 	0.0 	0.0 	0.0 	10.8464211004	-3.6597876343	133.918291565	-80.4493708318	
9.93333333333	0.0	0.0	0.0 	0.0 	258.4 	24.0 	0.0 	0.0 	0.0 	-0.0 	24.0 	0.0 	0.0 	0.0 	10.8505413384	-3.6597876343	134.007865117	-80.6064712343	
9.95	0.0	0.0	0.0 	0.0 	258.8 	24.0 	0.0 	0.0 	0.0 	-0.0 	24.0 	0.0 	0.0 	0.0 	10.8546419109	-3.6597876343	134.097472519	-80.7636310073	
9.96666666667	0.0	0.0	0.0 	0.0 	259.2 	24.0 	0.0 	0.0 	0.0 	-0.0 	24.0 	0.0 	0.0 	0.0 	10.8587229118	-3.6597876343	134.187113611	-80.9208498674	
9.98333333333	0.0	0.0	0.0 	0.0 	259.6 	24.0 	0.0 	0.0 	0.0 	-0.0 	24.0 	0.0 	0.0 	0.0 	10.8627844345	-3.6597876343	134.276788232	-81.0781275326	
