0.0166666666667	0.0	0.0	0.0 	0.0 	60.25 	15.0 	0.0 	0.0 	0.0 	0.0 	15.0 	0.0 	0.0 	0.0 	0.0	0.759677419355	140.0	-16.5806451613	
0.0333333333333	0.0	0.0	0.0 	0.0 	60.5 	15.0 	0.0 	0.0 	0.0 	-0.0 	15.0 	0.0 	0.0 	0.0 	0.0	0.759677419355	140.0	-16.5806451613	
0.05	0.0	0.0	0.0 	0.0 	60.75 	15.0 	0.0 	0.0 	0.0 	-0.0 	15.0 	0.0 	0.0 	0.0 	0.0	0.759677419355	140.0	-16.5806451613	
0.0666666666667	0.0	0.0	0.0 	0.0 	61.0 	15.0 	0.0 	0.0 	0.0 	-0.0 	15.0 	0.0 	0.0 	0.0 	0.0	0.759677419355	140.0	-16.5806451613	
0.0833333333333	0.0	0.0	0.0 	0.0 	61.25 	15.0 	0.0 	0.0 	0.0 	-0.0 	15.0 	0.0 	0.0 	0.0 	0.0	0.759677419355	140.0	-16.5806451613	
0.1	0.0	0.0	0.0 	0.0 	61.5 	15.0 	0.0 	0.0 	0.0 	-0.0 	15.0 	0.0 	0.0 	0.0 	0.0	0.759677419355	140.0	-16.5806451613	
0.116666666667	0.0	0.0	0.0 	0.0 	61.75 	15.0 	0.0 	0.0 	0.0 	-0.0 	15.0 	0.0 	0.0 	0.0 	0.0	0.759677419355	140.0	-16.5806451613	
0.133333333333	0.0	0.0	0.0 	0.0 	62.0 	15.0 	0.0 	0.0 	0.0 	-0.0 	15.0 	0.0 	0.0 	0.0 	0.0	0.759677419355	140.0	-16.5806451613	
0.15	0.0	0.0	0.0 	0.0 	62.25 	15.0 	0.0 	0.0 	0.0 	-0.0 	15.0 	0.0 	0.0 	0.0 	0.0	0.759677419355	140.0	-16.5806451613	
0.166666666667	0.0	0.0	0.0 	0.0 	62.5 	15.0 	0.0 	0.0 	0.0 	-0.0 	15.0 	0.0 	0.0 	0.0 	0.0	0.759677419355	140.0	-16.5806451613	
0.183333333333	0.0	0.0	0.0 	0.0 	62.75 	15.0 	0.0 	0.0 	0.0 	-0.0 	15.0 	0.0 	0.0 	0.0 	0.0	0.759677419355	140.0	-16.5806451613	
0.2	0.0	0.0	0.0 	0.0 	63.0 	15.0 	0.0 	0.0 	0.0 	-0.0 	15.0 	0.0 	0.0 	0.0 	0.0	0.759677419355	140.0	-16.5806451613	
0.216666666667	0.0	0.0	0.0 	0.0 	63.25 	15.0 	0.0 	0.0 	0.0 	-0.0 	15.0 	0.0 	0.0 	0.0 	0.0	0.759677419355	140.0	-16.5806451613	
0.233333333333	0.0	0.0	0.0 	0.0 	63.5 	15.0 	0.0 	0.0 	0.0 	-0.0 	15.0 	0.0 	0.0 	0.0 	0.0	0.759677419355	140.0	-16.5806451613	
0.25	0.0	0.0	0.0 	0.0 	63.75 	15.0 	0.0 	0.0 	0.0 	-0.0 	15.0 	0.0 	0.0 	0.0 	0.0	0.759677419355	140.0	-16.5806451613	
0.266666666667	0.0	0.0	0.0 	0.0 	64.0 	15.0 	0.0 	0.0 	0.0 	-0.0 	15.0 	0.0 	0.0 	0.0 	0.0	0.759677419355	140.0	-16.5806451613	
0.283333333333	0.0	0.0	0.0 	0.0 	64.25 	15.0 	0.0 	0.0 	0.0 	-0.0 	15.0 	0.0 	0.0 	0.0 	0.0	0.759677419355	140.0	-16.5806451613	
0.3	0.0	0.0	0.0 	0.0 	64.5 	15.0 	0.0 	0.0 	0.0 	-0.0 	15.0 	0.0 	0.0 	0.0 	0.0	0.759677419355	140.0	-16.5806451613	
0.316666666667	0.0	0.0	0.0 	0.0 	64.75 	15.0 	0.0 	0.0 	0.0 	-0.0 	15.0 	0.0 	0.0 	0.0 	0.0	0.759677419355	140.0	-16.5806451613	
0.333333333333	0.0	0.0	0.0 	0.0 	65.0 	15.0 	0.0 	0.0 	0.0 	-0.0 	15.0 	0.0 	0.0 	0.0 	0.0	0.759677419355	140.0	-16.5806451613	
0.35	0.0	0.0	0.0 	0.0 	65.25 	15.0 	0.0 	0.0 	0.0 	-0.0 	15.0 	0.0 	0.0 	0.0 	0.0	0.759677419355	140.0	-16.5806451613	
0.366666666667	0.0	0.0	0.0 	0.0 	65.5 	15.0 	0.0 	0.0 	0.0 	-0.0 	15.0 	0.0 	0.0 	0.0 	0.0	0.759677419355	140.0	-16.5806451613	
0.383333333333	0.0	0.0	0.0 	0.0 	65.75 	15.0 	0.0 	0.0 	0.0 	-0.0 	15.0 	0.0 	0.0 	0.0 	0.0	0.759677419355	140.0	-16.5806451613	
0.4	0.0	0.0	0.0 	0.0 	66.0 	15.0 	0.0 	0.0 	0.0 	-0.0 	15.0 	0.0 	0.0 	0.0 	0.0	0.759677419355	140.0	-16.5806451613	
0.416666666667	0.0	0.0	0.0 	0.0 	66.25 	15.0 	0.0 	0.0 	0.0 	-0.0 	15.0 	0.0 	0.0 	0.0 	0.0	0.759677419355	140.0	-16.5806451613	
0.433333333333	0.0	0.0	0.0 	0.0 	66.5 	15.0 	0.0 	0.0 	0.0 	-0.0 	15.0 	0.0 	0.0 	0.0 	0.0	0.759677419355	140.0	-16.5806451613	
0.45	0.0	0.0	0.0 	0.0 	66.75 	15.0 	0.0 	0.0 	0.0 	-0.0 	15.0 	0.0 	0.0 	0.0 	0.0	0.759677419355	140.0	-16.5806451613	
0.466666666667	0.0	0.0	0.0 	0.0 	67.0 	15.0 	0.0 	0.0 	0.0 	-0.0 	15.0 	0.0 	0.0 	0.0 	0.0	0.759677419355	140.0	-16.5806451613	
0.483333333333	0.0	0.0	0.0 	0.0 	67.25 	15.0 	0.0 	0.0 	0.0 	-0.0 	15.0 	0.0 	0.0 	0.0 	0.0	0.759677419355	140.0	-16.5806451613	
0.5	0.0	0.0	0.0 	0.0 	67.5 	15.0 	0.0 	0.0 	0.0 	-0.0 	15.0 	0.0 	0.0 	0.0 	0.0	0.759677419355	140.0	-16.5806451613	
0.516666666667	0.0	0.0	0.0 	0.0 	67.75 	15.0 	0.0 	0.0 	0.0 	-0.0 	15.0 	0.0 	0.0 	0.0 	0.0	0.759677419355	140.0	-16.5806451613	
0.533333333333	0.0	0.0	0.0 	0.0 	68.0 	15.0 	0.0 	0.0 	0.0 	-0.0 	15.0 	0.0 	0.0 	0.0 	0.0	0.759677419355	140.0	-16.5806451613	
0.55	0.0	0.0	0.0 	0.0 	68.25 	15.0 	0.0 	0.0 	0.0 	-0.0 	15.0 	0.0 	0.0 	0.0 	0.0	0.759677419355	140.0	-16.5806451613	
0.566666666667	0.0	0.0	0.0 	0.0 	68.5 	15.0 	0.0 	0.0 	0.0 	-0.0 	15.0 	0.0 	0.0 	0.0 	0.0	0.759677419355	140.0	-16.5806451613	
0.583333333333	0.0	0.0	0.0 	0.0 	68.75 	15.0 	0.0 	0.0 	0.0 	-0.0 	15.0 	0.0 	0.0 	0.0 	0.0	0.759677419355	140.0	-16.5806451613	
0.6	0.0	0.0	0.0 	0.0 	69.0 	15.0 	0.0 	0.0 	0.0 	-0.0 	15.0 	0.0 	0.0 	0.0 	0.0	0.759677419355	140.0	-16.5806451613	
0.616666666667	0.0	0.0	0.0 	0.0 	69.25 	15.0 	0.0 	0.0 	0.0 	-0.0 	15.0 	0.0 	0.0 	0.0 	0.0	0.759677419355	140.0	-16.5806451613	
0.633333333333	0.0	0.0	0.0 	0.0 	69.5 	15.0 	0.0 	0.0 	0.0 	-0.0 	15.0 	0.0 	0.0 	0.0 	0.0	0.759677419355	140.0	-16.5806451613	
0.65	0.0	0.0	0.0 	0.0 	69.75 	15.0 	0.0 	0.0 	0.0 	-0.0 	15.0 	0.0 	0.0 	0.0 	0.0	0.759677419355	140.0	-16.5806451613	
0.666666666667	0.0	0.0	0.0 	0.0 	70.0 	15.0 	0.0 	0.0 	0.0 	-0.0 	15.0 	0.0 	0.0 	0.0 	0.0	0.759677419355	140.0	-16.5806451613	
0.683333333333	0.0	0.0	0.0 	0.0 	70.25 	15.0 	0.0 	0.0 	0.0 	-0.0 	15.0 	0.0 	0.0 	0.0 	0.0	0.759677419355	140.0	-16.5806451613	
0.7	0.0	0.0	0.0 	0.0 	70.5 	15.0 	0.0 	0.0 	0.0 	-0.0 	15.0 	0.0 	0.0 	0.0 	0.0	0.759677419355	140.0	-16.5806451613	
0.716666666667	0.0	0.0	0.0 	0.0 	70.75 	15.0 	0.0 	0.0 	0.0 	-0.0 	15.0 	0.0 	0.0 	0.0 	0.0	0.759677419355	140.0	-16.5806451613	
0.733333333333	0.0	0.0	0.0 	0.0 	71.0 	15.0 	0.0 	0.0 	0.0 	-0.0 	15.0 	0.0 	0.0 	0.0 	0.0	0.759677419355	140.0	-16.5806451613	
0.75	0.0	0.0	0.0 	0.0 	71.25 	15.0 	0.0 	0.0 	0.0 	-0.0 	15.0 	0.0 	0.0 	0.0 	0.0	0.759677419355	140.0	-16.5806451613	
0.766666666667	0.0	0.0	0.0 	0.0 	71.5 	15.0 	0.0 	0.0 	0.0 	-0.0 	15.0 	0.0 	0.0 	0.0 	0.0	0.759677419355	140.0	-16.5806451613	
0.783333333333	0.0	0.0	0.0 	0.0 	71.75 	15.0 	0.0 	0.0 	0.0 	-0.0 	15.0 	0.0 	0.0 	0.0 	0.0	0.759677419355	140.0	-16.5806451613	
0.8	0.0	0.0	0.0 	0.0 	72.0 	15.0 	0.0 	0.0 	0.0 	-0.0 	15.0 	0.0 	0.0 	0.0 	0.0	0.759677419355	140.0	-16.5806451613	
0.816666666667	0.0	0.0	0.0 	0.0 	72.25 	15.0 	0.0 	0.0 	0.0 	-0.0 	15.0 	0.0 	0.0 	0.0 	0.0	0.759677419355	140.0	-16.5806451613	
0.833333333333	0.0	0.0	0.0 	0.0 	72.5 	15.0 	0.0 	0.0 	0.0 	-0.0 	15.0 	0.0 	0.0 	0.0 	0.0	0.759677419355	140.0	-16.5806451613	
0.85	0.0	0.0	0.0 	0.0 	72.75 	15.0 	0.0 	0.0 	0.0 	-0.0 	15.0 	0.0 	0.0 	0.0 	0.0	0.759677419355	140.0	-16.5806451613	
0.866666666667	0.0	0.0	0.0 	0.0 	73.0 	15.0 	0.0 	0.0 	0.0 	-0.0 	15.0 	0.0 	0.0 	0.0 	0.0	0.759677419355	140.0	-16.5806451613	
0.883333333333	0.0	0.0	0.0 	0.0 	73.25 	15.0 	0.0 	0.0 	0.0 	-0.0 	15.0 	0.0 	0.0 	0.0 	0.0	0.759677419355	140.0	-16.5806451613	
0.9	0.0	0.0	0.0 	0.0 	73.5 	15.0 	0.0 	0.0 	0.0 	-0.0 	15.0 	0.0 	0.0 	0.0 	0.0	0.759677419355	140.0	-16.5806451613	
0.916666666667	0.0	0.0	0.0 	0.0 	73.75 	15.0 	0.0 	0.0 	0.0 	-0.0 	15.0 	0.0 	0.0 	0.0 	0.0	0.759677419355	140.0	-16.5806451613	
0.933333333333	0.0	0.0	0.0 	0.0 	74.0 	15.0 	0.0 	0.0 	0.0 	-0.0 	15.0 	0.0 	0.0 	0.0 	0.0	0.759677419355	140.0	-16.5806451613	
0.95	0.0	0.0	0.0 	0.0 	74.25 	15.0 	0.0 	0.0 	0.0 	-0.0 	15.0 	0.0 	0.0 	0.0 	0.0	0.759677419355	140.0	-16.5806451613	
0.966666666667	0.0	0.0	0.0 	0.0 	74.5 	15.0 	0.0 	0.0 	0.0 	-0.0 	15.0 	0.0 	0.0 	0.0 	0.0	0.759677419355	140.0	-16.5806451613	
0.983333333333	0.0	0.0	0.0 	0.0 	74.75 	15.0 	0.0 	0.0 	0.0 	-0.0 	15.0 	0.0 	0.0 	0.0 	0.0	0.759677419355	140.0	-16.5806451613	
1.0	0.0	0.0	0.0 	0.0 	75.0 	15.0 	0.0 	0.0 	0.0 	-0.0 	15.0 	0.0 	0.0 	0.0 	0.0	0.759677419355	140.0	-16.5806451613	
1.01666666667	0.0	0.0	0.0 	0.0 	75.25 	15.0 	0.0 	0.0 	0.0 	-0.0 	15.0 	0.0 	0.0 	0.0 	0.0	0.759677419355	140.0	-16.5806451613	
1.03333333333	0.0	0.0	0.0 	0.0 	75.5 	15.0 	0.0 	0.0 	0.0 	-0.0 	15.0 	0.0 	0.0 	0.0 	0.0	0.759677419355	140.0	-16.5806451613	
1.05	0.0	0.0	0.0 	0.0 	75.75 	15.0 	0.0 	0.0 	0.0 	-0.0 	15.0 	0.0 	0.0 	0.0 	0.0	0.759677419355	140.0	-16.5806451613	
1.06666666667	0.0	0.0	0.0 	0.0 	76.0 	15.0 	0.0 	0.0 	0.0 	-0.0 	15.0 	0.0 	0.0 	0.0 	0.0	0.759677419355	140.0	-16.5806451613	
1.08333333333	0.0	0.0	0.0 	0.0 	76.25 	15.0 	0.0 	0.0 	0.0 	-0.0 	15.0 	0.0 	0.0 	0.0 	0.0	0.759677419355	140.0	-16.5806451613	
1.1	0.0	0.0	0.0 	0.0 	76.5 	15.0 	0.0 	0.0 	0.0 	-0.0 	15.0 	0.0 	0.0 	0.0 	0.0	0.759677419355	140.0	-16.5806451613	
1.11666666667	0.0	0.0	0.0 	0.0 	76.75 	15.0 	0.0 	0.0 	0.0 	-0.0 	15.0 	0.0 	0.0 	0.0 	0.0	0.759677419355	140.0	-16.5806451613	
1.13333333333	0.0	0.0	0.0 	0.0 	77.0 	15.0 	0.0 	0.0 	0.0 	-0.0 	15.0 	0.0 	0.0 	0.0 	0.0	0.759677419355	140.0	-16.5806451613	
1.15	0.0	0.0	0.0 	0.0 	77.25 	15.0 	0.0 	0.0 	0.0 	-0.0 	15.0 	0.0 	0.0 	0.0 	0.0	0.759677419355	140.0	-16.5806451613	
1.16666666667	0.0	0.0	0.0 	0.0 	77.5 	15.0 	0.0 	0.0 	0.0 	-0.0 	15.0 	0.0 	0.0 	0.0 	0.0	0.759677419355	140.0	-16.5806451613	
1.18333333333	0.0	0.0	0.0 	0.0 	77.75 	15.0 	0.0 	0.0 	0.0 	-0.0 	15.0 	0.0 	0.0 	0.0 	0.0	0.759677419355	140.0	-16.5806451613	
1.2	0.0	0.0	0.0 	0.0 	78.0 	15.0 	0.0 	0.0 	0.0 	-0.0 	15.0 	0.0 	0.0 	0.0 	0.0	0.759677419355	140.0	-16.5806451613	
1.21666666667	0.0	0.0	0.0 	0.0 	78.25 	15.0 	0.0 	0.0 	0.0 	-0.0 	15.0 	0.0 	0.0 	0.0 	0.0	0.759677419355	140.0	-16.5806451613	
1.23333333333	0.0	0.0	0.0 	0.0 	78.5 	15.0 	0.0 	0.0 	0.0 	-0.0 	15.0 	0.0 	0.0 	0.0 	0.0	0.759677419355	140.0	-16.5806451613	
1.25	0.0	0.0	0.0 	0.0 	78.75 	15.0 	0.0 	0.0 	0.0 	-0.0 	15.0 	0.0 	0.0 	0.0 	0.0	0.759677419355	140.0	-16.5806451613	
1.26666666667	0.0	0.0	0.0 	0.0 	79.0 	15.0 	0.0 	0.0 	0.0 	-0.0 	15.0 	0.0 	0.0 	0.0 	0.0	0.759677419355	140.0	-16.5806451613	
1.28333333333	0.0	0.0	0.0 	0.0 	79.25 	15.0 	0.0 	0.0 	0.0 	-0.0 	15.0 	0.0 	0.0 	0.0 	0.0	0.759677419355	140.0	-16.5806451613	
1.3	0.0	0.0	0.0 	0.0 	79.5 	15.0 	0.0 	0.0 	0.0 	-0.0 	15.0 	0.0 	0.0 	0.0 	0.0	0.759677419355	140.0	-16.5806451613	
1.31666666667	0.0	0.0	0.0 	0.0 	79.75 	15.0 	0.0 	0.0 	0.0 	-0.0 	15.0 	0.0 	0.0 	0.0 	0.0	0.759677419355	140.0	-16.5806451613	
1.33333333333	0.0	0.0	0.0 	0.0 	80.0 	15.0 	0.0 	0.0 	0.0 	-0.0 	15.0 	0.0 	0.0 	0.0 	0.0586021505376	1.10221582055	140.000871424	-16.5802040627	
1.35	0.0	0.0	0.0 	0.0 	80.25 	15.0 	0.0 	0.0 	0.0 	-0.0 	15.0 	0.0 	0.0 	0.0 	0.117008960573	1.38766448821	140.002788963	-16.5798489211	
1.36666666667	0.0	0.0	0.0 	0.0 	80.5 	15.0 	0.0 	0.0 	0.0 	-0.0 	15.0 	0.0 	0.0 	0.0 	0.175221081243	1.62553837792	140.00570494	-16.5800087073	
1.38333333333	0.0	0.0	0.0 	0.0 	80.75 	15.0 	0.0 	0.0 	0.0 	-0.0 	15.0 	0.0 	0.0 	0.0 	0.233239161509	1.82376661936	140.009468539	-16.5809816288	
1.4	0.0	0.0	0.0 	0.0 	81.0 	15.0 	0.0 	0.0 	0.0 	-0.0 	15.0 	0.0 	0.0 	0.0 	0.291063848175	1.98255881746	140.013914136	-16.5829231465	
1.41666666667	0.0	0.0	0.0 	0.0 	81.25 	15.0 	0.0 	0.0 	0.0 	-0.0 	15.0 	0.0 	0.0 	0.0 	0.348695785886	2.10980429769	140.018901754	-16.585906151	
1.43333333333	0.0	0.0	0.0 	0.0 	81.5 	15.0 	0.0 	0.0 	0.0 	-0.0 	15.0 	0.0 	0.0 	0.0 	0.406135617137	2.21601882806	140.024309896	-16.5899768227	
1.45	0.0	0.0	0.0 	0.0 	81.75 	15.0 	0.0 	0.0 	0.0 	-0.0 	15.0 	0.0 	0.0 	0.0 	0.463383982284	2.30721141885	140.03003177	-16.595163914	
1.46666666667	0.0	0.0	0.0 	0.0 	82.0 	15.0 	0.0 	0.0 	0.0 	-0.0 	15.0 	0.0 	0.0 	0.0 	0.520441519548	2.3871377015	140.035972537	-16.6014841988	
1.48333333333	0.0	0.0	0.0 	0.0 	82.25 	15.0 	0.0 	0.0 	0.0 	-0.0 	15.0 	0.0 	0.0 	0.0 	0.57730886502	2.45830143027	140.042047258	-16.6089459063	
1.5	0.0	0.0	0.0 	0.0 	82.5 	15.0 	0.0 	0.0 	0.0 	-0.0 	15.0 	0.0 	0.0 	0.0 	0.633986652674	2.51773582964	140.048219856	-16.6175219649	
1.51666666667	0.0	0.0	0.0 	0.0 	82.75 	15.0 	0.0 	0.0 	0.0 	-0.0 	15.0 	0.0 	0.0 	0.0 	0.69047551437	2.56726449579	140.054471776	-16.6271835296	
1.53333333333	0.0	0.0	0.0 	0.0 	83.0 	15.0 	0.0 	0.0 	0.0 	-0.0 	15.0 	0.0 	0.0 	0.0 	0.746776079859	2.60853838424	140.060796549	-16.6379029901	
1.55	0.0	0.0	0.0 	0.0 	83.25 	15.0 	0.0 	0.0 	0.0 	-0.0 	15.0 	0.0 	0.0 	0.0 	0.802888976797	2.64293329129	140.067196225	-16.6496549364	
1.56666666667	0.0	0.0	0.0 	0.0 	83.5 	15.0 	0.0 	0.0 	0.0 	-0.0 	15.0 	0.0 	0.0 	0.0 	0.858814830746	2.67159571382	140.07367861	-16.6624164907	
1.58333333333	0.0	0.0	0.0 	0.0 	83.75 	15.0 	0.0 	0.0 	0.0 	-0.0 	15.0 	0.0 	0.0 	0.0 	0.914554265181	2.69548106594	140.080255184	-16.676167296	
1.6	0.0	0.0	0.0 	0.0 	84.0 	15.0 	0.0 	0.0 	0.0 	-0.0 	15.0 	0.0 	0.0 	0.0 	0.970107901501	2.71538552603	140.086939555	-16.6908893358	
1.61666666667	0.0	0.0	0.0 	0.0 	84.25 	15.0 	0.0 	0.0 	0.0 	-0.0 	15.0 	0.0 	0.0 	0.0 	1.02547635903	2.73197257611	140.09374634	-16.706566685	
1.63333333333	0.0	0.0	0.0 	0.0 	84.5 	15.0 	0.0 	0.0 	0.0 	-0.0 	15.0 	0.0 	0.0 	0.0 	1.08066025504	2.74579511785	140.100690378	-16.7231852472	
1.65	0.0	0.0	0.0 	0.0 	84.75 	15.0 	0.0 	0.0 	0.0 	-0.0 	15.0 	0.0 	0.0 	0.0 	1.13566020473	2.75731390262	140.107786183	-16.7407325046	
1.66666666667	0.0	0.0	0.0 	0.0 	85.0 	15.0 	0.0 	0.0 	0.0 	-0.0 	15.0 	0.0 	0.0 	0.0 	1.19047682125	2.76691288994	140.115047586	-16.7591972935	
1.68333333333	0.0	0.0	0.0 	0.0 	85.25 	15.0 	0.0 	0.0 	0.0 	-0.0 	15.0 	0.0 	0.0 	0.0 	1.24511071572	2.77491204603	140.12248751	-16.778569609	
1.7	0.0	0.0	0.0 	0.0 	85.5 	15.0 	0.0 	0.0 	0.0 	-0.0 	15.0 	0.0 	0.0 	0.0 	1.2995624972	2.78157800945	140.130117847	-16.7988404375	
1.71666666667	0.0	0.0	0.0 	0.0 	85.75 	15.0 	0.0 	0.0 	0.0 	-0.0 	15.0 	0.0 	0.0 	0.0 	1.35383277275	2.78713297896	140.137949401	-16.8200016146	
1.73333333333	0.0	0.0	0.0 	0.0 	86.0 	15.0 	0.0 	0.0 	0.0 	-0.0 	15.0 	0.0 	0.0 	0.0 	1.40792214738	2.79176212022	140.145991889	-16.8420457053	
1.75	0.0	0.0	0.0 	0.0 	86.25 	15.0 	0.0 	0.0 	0.0 	-0.0 	15.0 	0.0 	0.0 	0.0 	1.46183122409	2.79561973793	140.154253967	-16.8649659025	
1.76666666667	0.0	0.0	0.0 	0.0 	86.5 	15.0 	0.0 	0.0 	0.0 	-0.0 	15.0 	0.0 	0.0 	0.0 	1.51556060388	2.79883441936	140.162743283	-16.8887559413	
1.78333333333	0.0	0.0	0.0 	0.0 	86.75 	15.0 	0.0 	0.0 	0.0 	-0.0 	15.0 	0.0 	0.0 	0.0 	1.56911088574	2.80151332055	140.171466542	-16.9134100262	
1.8	0.0	0.0	0.0 	0.0 	87.0 	15.0 	0.0 	0.0 	0.0 	-0.0 	15.0 	0.0 	0.0 	0.0 	1.62248266666	2.80374573821	140.180429583	-16.9389227685	
1.81666666667	0.0	0.0	0.0 	0.0 	87.25 	15.0 	0.0 	0.0 	0.0 	-0.0 	15.0 	0.0 	0.0 	0.0 	1.67567654164	2.80560608626	140.189637446	-16.9652891339	
1.83333333333	0.0	0.0	0.0 	0.0 	87.5 	15.0 	0.0 	0.0 	0.0 	-0.0 	15.0 	0.0 	0.0 	0.0 	1.72869310371	2.8071563763	140.199094455	-16.9925043958	
1.85	0.0	0.0	0.0 	0.0 	87.75 	15.0 	0.0 	0.0 	0.0 	-0.0 	15.0 	0.0 	0.0 	0.0 	1.7815329439	2.80844828467	140.208804289	-17.0205640967	
1.86666666667	0.0	0.0	0.0 	0.0 	88.0 	15.0 	0.0 	0.0 	0.0 	-0.0 	15.0 	0.0 	0.0 	0.0 	1.83419665129	2.80952487498	140.218770046	-17.0494640131	
1.88333333333	0.0	0.0	0.0 	0.0 	88.25 	15.0 	0.0 	0.0 	0.0 	-0.0 	15.0 	0.0 	0.0 	0.0 	1.88668481299	2.81042203357	140.228994314	-17.0792001268	
1.9	0.0	0.0	0.0 	0.0 	88.5 	15.0 	0.0 	0.0 	0.0 	-0.0 	15.0 	0.0 	0.0 	0.0 	1.93899801415	2.81116966572	140.239479224	-17.1097685983	
1.91666666667	0.0	0.0	0.0 	0.0 	88.75 	15.0 	0.0 	0.0 	0.0 	-0.0 	15.0 	0.0 	0.0 	0.0 	1.99113683797	2.81179269252	140.250226511	-17.1411657448	
1.93333333333	0.0	0.0	0.0 	0.0 	89.0 	15.0 	0.0 	0.0 	0.0 	-0.0 	15.0 	0.0 	0.0 	0.0 	2.04310186572	2.81231188152	140.261237554	-17.1733880205	
1.95	0.0	0.0	0.0 	0.0 	89.25 	15.0 	0.0 	0.0 	0.0 	-0.0 	15.0 	0.0 	0.0 	0.0 	2.0948936767	2.81274453902	140.272513427	-17.2064319997	
1.96666666667	0.0	0.0	0.0 	0.0 	89.5 	15.0 	0.0 	0.0 	0.0 	-0.0 	15.0 	0.0 	0.0 	0.0 	2.14651284832	2.81310508693	140.284054934	-17.2402943616	
1.98333333333	0.0	0.0	0.0 	0.0 	89.75 	15.0 	0.0 	0.0 	0.0 	-0.0 	15.0 	0.0 	0.0 	0.0 	2.19795995603	2.81340554353	140.295862647	-17.2749718778	
2.0	0.0	0.0	0.0 	0.0 	90.0 	15.0 	0.0 	0.0 	0.0 	-0.0 	15.0 	0.0 	0.0 	0.0 	2.24923557338	2.81365592403	140.307936933	-17.3104614007	
2.01666666667	0.0	0.0	0.0 	0.0 	90.25 	15.0 	0.0 	0.0 	0.0 	-0.0 	15.0 	0.0 	0.0 	0.0 	2.30034027201	2.81386457444	140.320277985	-17.346759854	
2.03333333333	0.0	0.0	0.0 	0.0 	90.5 	15.0 	0.0 	0.0 	0.0 	-0.0 	15.0 	0.0 	0.0 	0.0 	2.35127462164	2.81403844979	140.332885842	-17.3838642237	
2.05	0.0	0.0	0.0 	0.0 	90.75 	15.0 	0.0 	0.0 	0.0 	-0.0 	15.0 	0.0 	0.0 	0.0 	2.4020391901	2.81418334591	140.345760414	-17.4217715514	
2.06666666667	0.0	0.0	0.0 	0.0 	91.0 	15.0 	0.0 	0.0 	0.0 	-0.0 	15.0 	0.0 	0.0 	0.0 	2.45263454334	2.81430409267	140.358901495	-17.460478927	
2.08333333333	0.0	0.0	0.0 	0.0 	91.25 	15.0 	0.0 	0.0 	0.0 	-0.0 	15.0 	0.0 	0.0 	0.0 	2.5030612454	2.81440471498	140.372308785	-17.4999834841	
2.1	0.0	0.0	0.0 	0.0 	91.5 	15.0 	0.0 	0.0 	0.0 	-0.0 	15.0 	0.0 	0.0 	0.0 	2.55331985845	2.8144885669	140.385981898	-17.5402823942	
2.11666666667	0.0	0.0	0.0 	0.0 	91.75 	15.0 	0.0 	0.0 	0.0 	-0.0 	15.0 	0.0 	0.0 	0.0 	2.6034109428	2.8145584435	140.39992038	-17.5813728633	
2.13333333333	0.0	0.0	0.0 	0.0 	92.0 	15.0 	0.0 	0.0 	0.0 	-0.0 	15.0 	0.0 	0.0 	0.0 	2.65333505686	2.814616674	140.414123714	-17.6232521278	
2.15	0.0	0.0	0.0 	0.0 	92.25 	15.0 	0.0 	0.0 	0.0 	-0.0 	15.0 	0.0 	0.0 	0.0 	2.70309275721	2.81466519942	140.42859133	-17.6659174516	
2.16666666667	0.0	0.0	0.0 	0.0 	92.5 	15.0 	0.0 	0.0 	0.0 	-0.0 	15.0 	0.0 	0.0 	0.0 	2.75268459855	2.81470563727	140.443322618	-17.7093661235	
2.18333333333	0.0	0.0	0.0 	0.0 	92.75 	15.0 	0.0 	0.0 	0.0 	-0.0 	15.0 	0.0 	0.0 	0.0 	2.80211113376	2.81473933548	140.458316926	-17.7535954544	
2.2	0.0	0.0	0.0 	0.0 	93.0 	15.0 	0.0 	0.0 	0.0 	-0.0 	15.0 	0.0 	0.0 	0.0 	2.85137291385	2.81476741732	140.473573574	-17.798602776	
2.21666666667	0.0	0.0	0.0 	0.0 	93.25 	15.0 	0.0 	0.0 	0.0 	-0.0 	15.0 	0.0 	0.0 	0.0 	2.90047048801	2.81479081885	140.489091854	-17.8443854384	
2.23333333333	0.0	0.0	0.0 	0.0 	93.5 	15.0 	0.0 	0.0 	0.0 	-0.0 	15.0 	0.0 	0.0 	0.0 	2.94940440359	2.81481032012	140.504871035	-17.890940809	
2.25	0.0	0.0	0.0 	0.0 	93.75 	15.0 	0.0 	0.0 	0.0 	-0.0 	15.0 	0.0 	0.0 	0.0 	2.99817520611	2.81482657119	140.520910369	-17.9382662712	
2.26666666667	0.0	0.0	0.0 	0.0 	94.0 	15.0 	0.0 	0.0 	0.0 	-0.0 	15.0 	0.0 	0.0 	0.0 	3.0467834393	2.81484011374	140.537209091	-17.9863592233	
2.28333333333	0.0	0.0	0.0 	0.0 	94.25 	15.0 	0.0 	0.0 	0.0 	-0.0 	15.0 	0.0 	0.0 	0.0 	3.09522964504	2.8148513992	140.553766423	-18.0352170772	
2.3	0.0	0.0	0.0 	0.0 	94.5 	15.0 	0.0 	0.0 	0.0 	-0.0 	15.0 	0.0 	0.0 	0.0 	3.14351436343	2.81486080375	140.570581579	-18.0848372581	
2.31666666667	0.0	0.0	0.0 	0.0 	94.75 	15.0 	0.0 	0.0 	0.0 	-0.0 	15.0 	0.0 	0.0 	0.0 	3.19163813275	2.81486864088	140.587653762	-18.1352172036	
2.33333333333	0.0	0.0	0.0 	0.0 	95.0 	15.0 	0.0 	0.0 	0.0 	-0.0 	15.0 	0.0 	0.0 	0.0 	3.23960148951	2.81487517182	140.604982168	-18.1863543629	
2.35	0.0	0.0	0.0 	0.0 	95.25 	15.0 	0.0 	0.0 	0.0 	-0.0 	15.0 	0.0 	0.0 	0.0 	3.28740496842	2.81488061427	140.62256599	-18.2382461965	
2.36666666667	0.0	0.0	0.0 	0.0 	95.5 	15.0 	0.0 	0.0 	0.0 	-0.0 	15.0 	0.0 	0.0 	0.0 	3.3350491024	2.81488514964	140.640404413	-18.2908901758	
2.38333333333	0.0	0.0	0.0 	0.0 	95.75 	15.0 	0.0 	0.0 	0.0 	-0.0 	15.0 	0.0 	0.0 	0.0 	3.38253442259	2.81488892912	140.658496624	-18.3442837826	
2.4	0.0	0.0	0.0 	0.0 	96.0 	15.0 	0.0 	0.0 	0.0 	-0.0 	15.0 	0.0 	0.0 	0.0 	3.42986145839	2.81489207868	140.676841802	-18.3984245086	
2.41666666667	0.0	0.0	0.0 	0.0 	96.25 	15.0 	0.0 	0.0 	0.0 	-0.0 	15.0 	0.0 	0.0 	0.0 	3.4770307374	2.81489470332	140.695439129	-18.4533098554	
2.43333333333	0.0	0.0	0.0 	0.0 	96.5 	15.0 	0.0 	0.0 	0.0 	-0.0 	15.0 	0.0 	0.0 	0.0 	3.52404278548	2.81489689052	140.714287784	-18.5089373343	
2.45	0.0	0.0	0.0 	0.0 	96.75 	15.0 	0.0 	0.0 	0.0 	-0.0 	15.0 	0.0 	0.0 	0.0 	3.57089812673	2.81489871319	140.733386947	-18.5653044658	
2.46666666667	0.0	0.0	0.0 	0.0 	97.0 	15.0 	0.0 	0.0 	0.0 	-0.0 	15.0 	0.0 	0.0 	0.0 	3.61759728351	2.81490023207	140.752735795	-18.6224087794	
2.48333333333	0.0	0.0	0.0 	0.0 	97.25 	15.0 	0.0 	0.0 	0.0 	-0.0 	15.0 	0.0 	0.0 	0.0 	3.66414077644	2.81490149781	140.772333511	-18.6802478138	
2.5	0.0	0.0	0.0 	0.0 	97.5 	15.0 	0.0 	0.0 	0.0 	-0.0 	15.0 	0.0 	0.0 	0.0 	3.71052912439	2.8149025526	140.792179273	-18.7388191165	
2.51666666667	0.0	0.0	0.0 	0.0 	97.75 	15.0 	0.0 	0.0 	0.0 	-0.0 	15.0 	0.0 	0.0 	0.0 	3.75676284451	2.81490343158	140.812272264	-18.7981202435	
2.53333333333	0.0	0.0	0.0 	0.0 	98.0 	15.0 	0.0 	0.0 	0.0 	-0.0 	15.0 	0.0 	0.0 	0.0 	3.80284245223	2.81490416407	140.832611667	-18.8581487598	
2.55	0.0	0.0	0.0 	0.0 	98.25 	15.0 	0.0 	0.0 	0.0 	-0.0 	15.0 	0.0 	0.0 	0.0 	3.84876846126	2.81490477448	140.853196667	-18.9189022385	
2.56666666667	0.0	0.0	0.0 	0.0 	98.5 	15.0 	0.0 	0.0 	0.0 	-0.0 	15.0 	0.0 	0.0 	0.0 	3.8945413836	2.81490528315	140.874026451	-18.9803782613	
2.58333333333	0.0	0.0	0.0 	0.0 	98.75 	15.0 	0.0 	0.0 	0.0 	-0.0 	15.0 	0.0 	0.0 	0.0 	3.94016172952	2.81490570704	140.895100207	-19.0425744183	
2.6	0.0	0.0	0.0 	0.0 	99.0 	15.0 	0.0 	0.0 	0.0 	-0.0 	15.0 	0.0 	0.0 	0.0 	3.98563000763	2.81490606029	140.916417125	-19.1054883077	
2.61666666667	0.0	0.0	0.0 	0.0 	99.25 	15.0 	0.0 	0.0 	0.0 	-0.0 	15.0 	0.0 	0.0 	0.0 	4.03094672481	2.81490635466	140.937976399	-19.169117536	
2.63333333333	0.0	0.0	0.0 	0.0 	99.5 	15.0 	0.0 	0.0 	0.0 	-0.0 	15.0 	0.0 	0.0 	0.0 	4.07611238626	2.81490659997	140.959777222	-19.2334597178	
2.65	0.0	0.0	0.0 	0.0 	99.75 	15.0 	0.0 	0.0 	0.0 	-0.0 	15.0 	0.0 	0.0 	0.0 	4.12112749551	2.81490680439	140.981818793	-19.2985124759	
2.66666666667	0.0	0.0	0.0 	0.0 	100.0 	15.0 	0.0 	0.0 	0.0 	-0.0 	15.0 	0.0 	0.0 	0.0 	4.1659925544	2.81490697474	141.00410031	-19.3642734411	
2.68333333333	0.0	0.0	0.0 	0.0 	100.25 	15.0 	0.0 	0.0 	0.0 	-0.0 	15.0 	0.0 	0.0 	0.0 	4.21070806309	2.8149071167	141.026620976	-19.430740252	
2.7	0.0	0.0	0.0 	0.0 	100.5 	15.0 	0.0 	0.0 	0.0 	-0.0 	15.0 	0.0 	0.0 	0.0 	4.25527452008	2.81490723501	141.049379994	-19.4979105555	
2.71666666667	0.0	0.0	0.0 	0.0 	100.75 	15.0 	0.0 	0.0 	0.0 	-0.0 	15.0 	0.0 	0.0 	0.0 	4.29969242222	2.81490733359	141.072376571	-19.5657820061	
2.73333333333	0.0	0.0	0.0 	0.0 	101.0 	15.0 	0.0 	0.0 	0.0 	-0.0 	15.0 	0.0 	0.0 	0.0 	4.34396226468	2.81490741574	141.095609917	-19.6343522663	
2.75	0.0	0.0	0.0 	0.0 	101.25 	15.0 	0.0 	0.0 	0.0 	-0.0 	15.0 	0.0 	0.0 	0.0 	4.388084541	2.8149074842	141.119079242	-19.7036190066	
2.76666666667	0.0	0.0	0.0 	0.0 	101.5 	15.0 	0.0 	0.0 	0.0 	-0.0 	15.0 	0.0 	0.0 	0.0 	4.43205974307	2.81490754126	141.142783761	-19.7735799051	
2.78333333333	0.0	0.0	0.0 	0.0 	101.75 	15.0 	0.0 	0.0 	0.0 	-0.0 	15.0 	0.0 	0.0 	0.0 	4.47588836113	2.8149075888	141.166722691	-19.8442326478	
2.8	0.0	0.0	0.0 	0.0 	102.0 	15.0 	0.0 	0.0 	0.0 	-0.0 	15.0 	0.0 	0.0 	0.0 	4.5195708838	2.81490762842	141.19089525	-19.9155749282	
2.81666666667	0.0	0.0	0.0 	0.0 	102.25 	15.0 	0.0 	0.0 	0.0 	-0.0 	15.0 	0.0 	0.0 	0.0 	4.56310779806	2.81490766143	141.215300661	-19.9876044479	
2.83333333333	0.0	0.0	0.0 	0.0 	102.5 	15.0 	0.0 	0.0 	0.0 	-0.0 	15.0 	0.0 	0.0 	0.0 	4.60649958927	2.81490768895	141.239938147	-20.0603189159	
2.85	0.0	0.0	0.0 	0.0 	102.75 	15.0 	0.0 	0.0 	0.0 	-0.0 	15.0 	0.0 	0.0 	0.0 	4.64974674118	2.81490771187	141.264806935	-20.1337160489	
2.86666666667	0.0	0.0	0.0 	0.0 	103.0 	15.0 	0.0 	0.0 	0.0 	-0.0 	15.0 	0.0 	0.0 	0.0 	4.69284973591	2.81490773098	141.289906254	-20.2077935713	
2.88333333333	0.0	0.0	0.0 	0.0 	103.25 	15.0 	0.0 	0.0 	0.0 	-0.0 	15.0 	0.0 	0.0 	0.0 	4.73580905399	2.8149077469	141.315235337	-20.2825492152	
2.9	0.0	0.0	0.0 	0.0 	103.5 	15.0 	0.0 	0.0 	0.0 	-0.0 	15.0 	0.0 	0.0 	0.0 	4.77862517435	2.81490776017	141.340793418	-20.3579807199	
2.91666666667	0.0	0.0	0.0 	0.0 	103.75 	15.0 	0.0 	0.0 	0.0 	-0.0 	15.0 	0.0 	0.0 	0.0 	4.82129857431	2.81490777123	141.366579732	-20.4340858327	
2.93333333333	0.0	0.0	0.0 	0.0 	104.0 	15.0 	0.0 	0.0 	0.0 	-0.0 	15.0 	0.0 	0.0 	0.0 	4.8638297296	2.81490778044	141.39259352	-20.510862308	
2.95	0.0	0.0	0.0 	0.0 	104.25 	15.0 	0.0 	0.0 	0.0 	-0.0 	15.0 	0.0 	0.0 	0.0 	4.90621911437	2.81490778812	141.418834024	-20.588307908	
2.96666666667	0.0	0.0	0.0 	0.0 	104.5 	15.0 	0.0 	0.0 	0.0 	-0.0 	15.0 	0.0 	0.0 	0.0 	4.94846720119	2.81490779452	141.445300488	-20.6664204023	
2.98333333333	0.0	0.0	0.0 	0.0 	104.75 	15.0 	0.0 	0.0 	0.0 	-0.0 	15.0 	0.0 	0.0 	0.0 	4.99057446106	2.81490779985	141.471992158	-20.7451975678	
3.0	0.0	0.0	0.0 	0.0 	105.0 	15.0 	0.0 	0.0 	0.0 	-0.0 	15.0 	0.0 	0.0 	0.0 	5.03254136339	2.81490780429	141.498908285	-20.8246371889	
3.01666666667	0.0	0.0	0.0 	0.0 	105.25 	15.0 	0.0 	0.0 	0.0 	-0.0 	15.0 	0.0 	0.0 	0.0 	5.07436837605	2.814907808	141.526048119	-20.9047370575	
3.03333333333	0.0	0.0	0.0 	0.0 	105.5 	15.0 	0.0 	0.0 	0.0 	-0.0 	15.0 	0.0 	0.0 	0.0 	5.11605596534	2.81490781108	141.553410916	-20.9854949727	
3.05	0.0	0.0	0.0 	0.0 	105.75 	15.0 	0.0 	0.0 	0.0 	-0.0 	15.0 	0.0 	0.0 	0.0 	5.15760459599	2.81490781365	141.580995932	-21.0669087409	
3.06666666667	0.0	0.0	0.0 	0.0 	106.0 	15.0 	0.0 	0.0 	0.0 	-0.0 	15.0 	0.0 	0.0 	0.0 	5.19901473121	2.8149078158	141.608802426	-21.1489761761	
3.08333333333	0.0	0.0	0.0 	0.0 	106.25 	15.0 	0.0 	0.0 	0.0 	-0.0 	15.0 	0.0 	0.0 	0.0 	5.24028683264	2.81490781758	141.636829661	-21.2316950993	
3.1	0.0	0.0	0.0 	0.0 	106.5 	15.0 	0.0 	0.0 	0.0 	-0.0 	15.0 	0.0 	0.0 	0.0 	5.28142136041	2.81490781907	141.6650769	-21.3150633389	
3.11666666667	0.0	0.0	0.0 	0.0 	106.75 	15.0 	0.0 	0.0 	0.0 	-0.0 	15.0 	0.0 	0.0 	0.0 	5.32241877307	2.81490782031	141.69354341	-21.3990787304	
3.13333333333	0.0	0.0	0.0 	0.0 	107.0 	15.0 	0.0 	0.0 	0.0 	-0.0 	15.0 	0.0 	0.0 	0.0 	5.3632795277	2.81490782134	141.722228461	-21.4837391168	
3.15	0.0	0.0	0.0 	0.0 	107.25 	15.0 	0.0 	0.0 	0.0 	-0.0 	15.0 	0.0 	0.0 	0.0 	5.40400407981	2.8149078222	141.751131323	-21.569042348	
3.16666666667	0.0	0.0	0.0 	0.0 	107.5 	15.0 	0.0 	0.0 	0.0 	-0.0 	15.0 	0.0 	0.0 	0.0 	5.44459288342	2.81490782292	141.780251271	-21.6549862811	
3.18333333333	0.0	0.0	0.0 	0.0 	107.75 	15.0 	0.0 	0.0 	0.0 	-0.0 	15.0 	0.0 	0.0 	0.0 	5.48504639101	2.81490782352	141.809587581	-21.7415687806	
3.2	0.0	0.0	0.0 	0.0 	108.0 	15.0 	0.0 	0.0 	0.0 	-0.0 	15.0 	0.0 	0.0 	0.0 	5.52536505358	2.81490782402	141.839139532	-21.8287877179	
3.21666666667	0.0	0.0	0.0 	0.0 	108.25 	15.0 	0.0 	0.0 	0.0 	-0.0 	15.0 	0.0 	0.0 	0.0 	5.56554932061	2.81490782443	141.868906405	-21.9166409715	
3.23333333333	0.0	0.0	0.0 	0.0 	108.5 	15.0 	0.0 	0.0 	0.0 	-0.0 	15.0 	0.0 	0.0 	0.0 	5.60559964007	2.81490782478	141.898887484	-22.0051264269	
3.25	0.0	0.0	0.0 	0.0 	108.75 	15.0 	0.0 	0.0 	0.0 	-0.0 	15.0 	0.0 	0.0 	0.0 	5.64551645848	2.81490782507	141.929082055	-22.094241977	
3.26666666667	0.0	0.0	0.0 	0.0 	109.0 	15.0 	0.0 	0.0 	0.0 	-0.0 	15.0 	0.0 	0.0 	0.0 	5.68530022082	2.81490782531	141.959489405	-22.1839855213	
3.28333333333	0.0	0.0	0.0 	0.0 	109.25 	15.0 	0.0 	0.0 	0.0 	-0.0 	15.0 	0.0 	0.0 	0.0 	5.72495137062	2.81490782551	141.990108827	-22.2743549665	
3.3	0.0	0.0	0.0 	0.0 	109.5 	15.0 	0.0 	0.0 	0.0 	-0.0 	15.0 	0.0 	0.0 	0.0 	5.76447034992	2.81490782568	142.020939612	-22.3653482264	
3.31666666667	0.0	0.0	0.0 	0.0 	109.75 	15.0 	0.0 	0.0 	0.0 	-0.0 	15.0 	0.0 	0.0 	0.0 	5.8038575993	2.81490782581	142.051981057	-22.4569632214	
3.33333333333	0.0	0.0	0.0 	0.0 	110.0 	15.0 	0.0 	0.0 	0.0 	-0.0 	15.0 	0.0 	0.0 	0.0 	5.84311355784	2.81490782593	142.083232459	-22.5491978793	
3.35	0.0	0.0	0.0 	0.0 	110.25 	15.0 	0.0 	0.0 	0.0 	-0.0 	15.0 	0.0 	0.0 	0.0 	5.88223866318	2.81490782603	142.114693119	-22.6420501343	
3.36666666667	0.0	0.0	0.0 	0.0 	110.5 	15.0 	0.0 	0.0 	0.0 	-0.0 	15.0 	0.0 	0.0 	0.0 	5.92123335151	2.81490782611	142.146362338	-22.735517928	
3.38333333333	0.0	0.0	0.0 	0.0 	110.75 	15.0 	0.0 	0.0 	0.0 	-0.0 	15.0 	0.0 	0.0 	0.0 	5.96009805754	2.81490782617	142.178239422	-22.8295992084	
3.4	0.0	0.0	0.0 	0.0 	111.0 	15.0 	0.0 	0.0 	0.0 	-0.0 	15.0 	0.0 	0.0 	0.0 	5.99883321455	2.81490782623	142.210323677	-22.9242919306	
3.41666666667	0.0	0.0	0.0 	0.0 	111.25 	15.0 	0.0 	0.0 	0.0 	-0.0 	15.0 	0.0 	0.0 	0.0 	6.03743925438	2.81490782628	142.242614414	-23.0195940565	
3.43333333333	0.0	0.0	0.0 	0.0 	111.5 	15.0 	0.0 	0.0 	0.0 	-0.0 	15.0 	0.0 	0.0 	0.0 	6.0759166074	2.81490782632	142.275110943	-23.1155035547	
3.45	0.0	0.0	0.0 	0.0 	111.75 	15.0 	0.0 	0.0 	0.0 	-0.0 	15.0 	0.0 	0.0 	0.0 	6.11426570258	2.81490782635	142.30781258	-23.2120184007	
3.46666666667	0.0	0.0	0.0 	0.0 	112.0 	15.0 	0.0 	0.0 	0.0 	-0.0 	15.0 	0.0 	0.0 	0.0 	6.15248696744	2.81490782638	142.34071864	-23.3091365766	
3.48333333333	0.0	0.0	0.0 	0.0 	112.25 	15.0 	0.0 	0.0 	0.0 	-0.0 	15.0 	0.0 	0.0 	0.0 	6.19058082809	2.8149078264	142.373828441	-23.4068560713	
3.5	0.0	0.0	0.0 	0.0 	112.5 	15.0 	0.0 	0.0 	0.0 	-0.0 	15.0 	0.0 	0.0 	0.0 	6.2285477092	2.81490782642	142.407141305	-23.5051748805	
3.51666666667	0.0	0.0	0.0 	0.0 	112.75 	15.0 	0.0 	0.0 	0.0 	-0.0 	15.0 	0.0 	0.0 	0.0 	6.26638803404	2.81490782643	142.440656555	-23.6040910064	
3.53333333333	0.0	0.0	0.0 	0.0 	113.0 	15.0 	0.0 	0.0 	0.0 	-0.0 	15.0 	0.0 	0.0 	0.0 	6.30410222446	2.81490782645	142.474373516	-23.703602458	
3.55	0.0	0.0	0.0 	0.0 	113.25 	15.0 	0.0 	0.0 	0.0 	-0.0 	15.0 	0.0 	0.0 	0.0 	6.34169070092	2.81490782646	142.508291516	-23.8037072507	
3.56666666667	0.0	0.0	0.0 	0.0 	113.5 	15.0 	0.0 	0.0 	0.0 	-0.0 	15.0 	0.0 	0.0 	0.0 	6.37915388245	2.81490782646	142.542409885	-23.904403407	
3.58333333333	0.0	0.0	0.0 	0.0 	113.75 	15.0 	0.0 	0.0 	0.0 	-0.0 	15.0 	0.0 	0.0 	0.0 	6.41649218672	2.81490782647	142.576727954	-24.0056889555	
3.6	0.0	0.0	0.0 	0.0 	114.0 	15.0 	0.0 	0.0 	0.0 	-0.0 	15.0 	0.0 	0.0 	0.0 	6.45370602996	2.81490782648	142.611245059	-24.1075619315	
3.61666666667	0.0	0.0	0.0 	0.0 	114.25 	15.0 	0.0 	0.0 	0.0 	-0.0 	15.0 	0.0 	0.0 	0.0 	6.49079582707	2.81490782648	142.645960535	-24.2100203771	
3.63333333333	0.0	0.0	0.0 	0.0 	114.5 	15.0 	0.0 	0.0 	0.0 	-0.0 	15.0 	0.0 	0.0 	0.0 	6.52776199152	2.81490782649	142.680873722	-24.3130623405	
3.65	0.0	0.0	0.0 	0.0 	114.75 	15.0 	0.0 	0.0 	0.0 	-0.0 	15.0 	0.0 	0.0 	0.0 	6.56460493541	2.81490782649	142.71598396	-24.4166858769	
3.66666666667	0.0	0.0	0.0 	0.0 	115.0 	15.0 	0.0 	0.0 	0.0 	-0.0 	15.0 	0.0 	0.0 	0.0 	6.6013250695	2.81490782649	142.751290592	-24.5208890475	
3.68333333333	0.0	0.0	0.0 	0.0 	115.25 	15.0 	0.0 	0.0 	0.0 	-0.0 	15.0 	0.0 	0.0 	0.0 	6.63792280314	2.8149078265	142.786792965	-24.6256699204	
3.7	0.0	0.0	0.0 	0.0 	115.5 	15.0 	0.0 	0.0 	0.0 	-0.0 	15.0 	0.0 	0.0 	0.0 	6.67439854433	2.8149078265	142.822490425	-24.7310265697	
3.71666666667	0.0	0.0	0.0 	0.0 	115.75 	15.0 	0.0 	0.0 	0.0 	-0.0 	15.0 	0.0 	0.0 	0.0 	6.71075269972	2.8149078265	142.858382322	-24.8369570763	
3.73333333333	0.0	0.0	0.0 	0.0 	116.0 	15.0 	0.0 	0.0 	0.0 	-0.0 	15.0 	0.0 	0.0 	0.0 	6.7469856746	2.8149078265	142.894468008	-24.9434595272	
3.75	0.0	0.0	0.0 	0.0 	116.25 	15.0 	0.0 	0.0 	0.0 	-0.0 	15.0 	0.0 	0.0 	0.0 	6.78309787289	2.8149078265	142.930746837	-25.0505320161	
3.76666666667	0.0	0.0	0.0 	0.0 	116.5 	15.0 	0.0 	0.0 	0.0 	-0.0 	15.0 	0.0 	0.0 	0.0 	6.81908969718	2.81490782651	142.967218165	-25.1581726428	
3.78333333333	0.0	0.0	0.0 	0.0 	116.75 	15.0 	0.0 	0.0 	0.0 	-0.0 	15.0 	0.0 	0.0 	0.0 	6.85496154873	2.81490782651	143.003881351	-25.2663795135	
3.8	0.0	0.0	0.0 	0.0 	117.0 	15.0 	0.0 	0.0 	0.0 	-0.0 	15.0 	0.0 	0.0 	0.0 	6.89071382744	2.81490782651	143.040735755	-25.3751507407	
3.81666666667	0.0	0.0	0.0 	0.0 	117.25 	15.0 	0.0 	0.0 	0.0 	-0.0 	15.0 	0.0 	0.0 	0.0 	6.92634693188	2.81490782651	143.07778074	-25.4844844432	
3.83333333333	0.0	0.0	0.0 	0.0 	117.5 	15.0 	0.0 	0.0 	0.0 	-0.0 	15.0 	0.0 	0.0 	0.0 	6.96186125931	2.81490782651	143.11501567	-25.5943787461	
3.85	0.0	0.0	0.0 	0.0 	117.75 	15.0 	0.0 	0.0 	0.0 	-0.0 	15.0 	0.0 	0.0 	0.0 	6.99725720565	2.81490782651	143.152439913	-25.7048317807	
3.86666666667	0.0	0.0	0.0 	0.0 	118.0 	15.0 	0.0 	0.0 	0.0 	-0.0 	15.0 	0.0 	0.0 	0.0 	7.0325351655	2.81490782651	143.190052836	-25.8158416847	
3.88333333333	0.0	0.0	0.0 	0.0 	118.25 	15.0 	0.0 	0.0 	0.0 	-0.0 	15.0 	0.0 	0.0 	0.0 	7.06769553216	2.81490782651	143.227853812	-25.9274066017	
3.9	0.0	0.0	0.0 	0.0 	118.5 	15.0 	0.0 	0.0 	0.0 	-0.0 	15.0 	0.0 	0.0 	0.0 	7.10273869759	2.81490782651	143.265842213	-26.0395246817	
3.91666666667	0.0	0.0	0.0 	0.0 	118.75 	15.0 	0.0 	0.0 	0.0 	-0.0 	15.0 	0.0 	0.0 	0.0 	7.13766505247	2.81490782651	143.304017415	-26.1521940809	
3.93333333333	0.0	0.0	0.0 	0.0 	119.0 	15.0 	0.0 	0.0 	0.0 	-0.0 	15.0 	0.0 	0.0 	0.0 	7.17247498616	2.81490782651	143.342378795	-26.2654129616	
3.95	0.0	0.0	0.0 	0.0 	119.25 	15.0 	0.0 	0.0 	0.0 	-0.0 	15.0 	0.0 	0.0 	0.0 	7.20716888675	2.81490782651	143.380925732	-26.379179492	
3.96666666667	0.0	0.0	0.0 	0.0 	119.5 	15.0 	0.0 	0.0 	0.0 	-0.0 	15.0 	0.0 	0.0 	0.0 	7.241747141	2.81490782651	143.419657609	-26.4934918467	
3.98333333333	0.0	0.0	0.0 	0.0 	119.75 	15.0 	0.0 	0.0 	0.0 	-0.0 	15.0 	0.0 	0.0 	0.0 	7.2762101344	2.81490782651	143.458573807	-26.6083482064	
4.0	0.0	0.0	0.0 	0.0 	120.0 	15.0 	0.0 	0.0 	0.0 	-0.0 	15.0 	0.0 	0.0 	0.0 	7.31055825115	2.81490782651	143.497673714	-26.7237467576	
4.01666666667	0.0	0.0	0.0 	0.0 	120.25 	15.0 	0.0 	0.0 	0.0 	-0.0 	15.0 	0.0 	0.0 	0.0 	7.34479187419	2.81490782651	143.536956716	-26.839685693	
4.03333333333	0.0	0.0	0.0 	0.0 	120.5 	15.0 	0.0 	0.0 	0.0 	-0.0 	15.0 	0.0 	0.0 	0.0 	7.37891138514	2.81490782651	143.576422204	-26.9561632114	
4.05	0.0	0.0	0.0 	0.0 	120.75 	15.0 	0.0 	0.0 	0.0 	-0.0 	15.0 	0.0 	0.0 	0.0 	7.4129171644	2.81490782651	143.616069569	-27.0731775175	
4.06666666667	0.0	0.0	0.0 	0.0 	121.0 	15.0 	0.0 	0.0 	0.0 	-0.0 	15.0 	0.0 	0.0 	0.0 	7.44680959105	2.81490782651	143.655898204	-27.190726822	
4.08333333333	0.0	0.0	0.0 	0.0 	121.25 	15.0 	0.0 	0.0 	0.0 	-0.0 	15.0 	0.0 	0.0 	0.0 	7.48058904295	2.81490782651	143.695907506	-27.3088093415	
4.1	0.0	0.0	0.0 	0.0 	121.5 	15.0 	0.0 	0.0 	0.0 	-0.0 	15.0 	0.0 	0.0 	0.0 	7.51425589668	2.81490782651	143.736096872	-27.4274232987	
4.11666666667	0.0	0.0	0.0 	0.0 	121.75 	15.0 	0.0 	0.0 	0.0 	-0.0 	15.0 	0.0 	0.0 	0.0 	7.54781052756	2.81490782651	143.776465703	-27.5465669222	
4.13333333333	0.0	0.0	0.0 	0.0 	122.0 	15.0 	0.0 	0.0 	0.0 	-0.0 	15.0 	0.0 	0.0 	0.0 	7.58125330968	2.81490782651	143.817013399	-27.6662384463	
4.15	0.0	0.0	0.0 	0.0 	122.25 	15.0 	0.0 	0.0 	0.0 	-0.0 	15.0 	0.0 	0.0 	0.0 	7.61458461585	2.81490782651	143.857739366	-27.7864361115	
4.16666666667	0.0	0.0	0.0 	0.0 	122.5 	15.0 	0.0 	0.0 	0.0 	-0.0 	15.0 	0.0 	0.0 	0.0 	7.64780481767	2.81490782651	143.898643007	-27.9071581638	
4.18333333333	0.0	0.0	0.0 	0.0 	122.75 	15.0 	0.0 	0.0 	0.0 	-0.0 	15.0 	0.0 	0.0 	0.0 	7.68091428548	2.81490782651	143.939723732	-28.0284028554	
4.2	0.0	0.0	0.0 	0.0 	123.0 	15.0 	0.0 	0.0 	0.0 	-0.0 	15.0 	0.0 	0.0 	0.0 	7.7139133884	2.81490782651	143.98098095	-28.150168444	
4.21666666667	0.0	0.0	0.0 	0.0 	123.25 	15.0 	0.0 	0.0 	0.0 	-0.0 	15.0 	0.0 	0.0 	0.0 	7.74680249431	2.81490782651	144.022414072	-28.2724531935	
4.23333333333	0.0	0.0	0.0 	0.0 	123.5 	15.0 	0.0 	0.0 	0.0 	-0.0 	15.0 	0.0 	0.0 	0.0 	7.77958196986	2.81490782651	144.064022513	-28.3952553732	
4.25	0.0	0.0	0.0 	0.0 	123.75 	15.0 	0.0 	0.0 	0.0 	-0.0 	15.0 	0.0 	0.0 	0.0 	7.8122521805	2.81490782651	144.105805687	-28.5185732584	
4.26666666667	0.0	0.0	0.0 	0.0 	124.0 	15.0 	0.0 	0.0 	0.0 	-0.0 	15.0 	0.0 	0.0 	0.0 	7.84481349044	2.81490782651	144.147763013	-28.6424051301	
4.28333333333	0.0	0.0	0.0 	0.0 	124.25 	15.0 	0.0 	0.0 	0.0 	-0.0 	15.0 	0.0 	0.0 	0.0 	7.87726626267	2.81490782651	144.18989391	-28.7667492749	
4.3	0.0	0.0	0.0 	0.0 	124.5 	15.0 	0.0 	0.0 	0.0 	-0.0 	15.0 	0.0 	0.0 	0.0 	7.909610859	2.81490782651	144.232197799	-28.8916039854	
4.31666666667	0.0	0.0	0.0 	0.0 	124.75 	15.0 	0.0 	0.0 	0.0 	-0.0 	15.0 	0.0 	0.0 	0.0 	7.94184764001	2.81490782651	144.274674104	-29.0169675595	
4.33333333333	0.0	0.0	0.0 	0.0 	125.0 	15.0 	0.0 	0.0 	0.0 	-0.0 	15.0 	0.0 	0.0 	0.0 	7.97397696508	2.81490782651	144.31732225	-29.1428383012	
4.35	0.0	0.0	0.0 	0.0 	125.25 	15.0 	0.0 	0.0 	0.0 	-0.0 	15.0 	0.0 	0.0 	0.0 	8.0059991924	2.81490782651	144.360141664	-29.2692145198	
4.36666666667	0.0	0.0	0.0 	0.0 	125.5 	15.0 	0.0 	0.0 	0.0 	-0.0 	15.0 	0.0 	0.0 	0.0 	8.03791467897	2.81490782651	144.403131776	-29.3960945304	
4.38333333333	0.0	0.0	0.0 	0.0 	125.75 	15.0 	0.0 	0.0 	0.0 	-0.0 	15.0 	0.0 	0.0 	0.0 	8.06972378057	2.81490782651	144.446292015	-29.5234766537	
4.4	0.0	0.0	0.0 	0.0 	126.0 	15.0 	0.0 	0.0 	0.0 	-0.0 	15.0 	0.0 	0.0 	0.0 	8.10142685184	2.81490782651	144.489621816	-29.6513592161	
4.41666666667	0.0	0.0	0.0 	0.0 	126.25 	15.0 	0.0 	0.0 	0.0 	-0.0 	15.0 	0.0 	0.0 	0.0 	8.13302424621	2.81490782651	144.533120613	-29.7797405493	
4.43333333333	0.0	0.0	0.0 	0.0 	126.5 	15.0 	0.0 	0.0 	0.0 	-0.0 	15.0 	0.0 	0.0 	0.0 	8.16451631592	2.81490782651	144.576787843	-29.9086189908	
4.45	0.0	0.0	0.0 	0.0 	126.75 	15.0 	0.0 	0.0 	0.0 	-0.0 	15.0 	0.0 	0.0 	0.0 	8.19590341208	2.81490782651	144.620622944	-30.0379928836	
4.46666666667	0.0	0.0	0.0 	0.0 	127.0 	15.0 	0.0 	0.0 	0.0 	-0.0 	15.0 	0.0 	0.0 	0.0 	8.22718588457	2.81490782651	144.664625356	-30.1678605762	
4.48333333333	0.0	0.0	0.0 	0.0 	127.25 	15.0 	0.0 	0.0 	0.0 	-0.0 	15.0 	0.0 	0.0 	0.0 	8.25836408216	2.81490782651	144.708794523	-30.2982204225	
4.5	0.0	0.0	0.0 	0.0 	127.5 	15.0 	0.0 	0.0 	0.0 	-0.0 	15.0 	0.0 	0.0 	0.0 	8.28943835243	2.81490782651	144.753129887	-30.4290707821	
4.51666666667	0.0	0.0	0.0 	0.0 	127.75 	15.0 	0.0 	0.0 	0.0 	-0.0 	15.0 	0.0 	0.0 	0.0 	8.32040904179	2.81490782651	144.797630896	-30.5604100199	
4.53333333333	0.0	0.0	0.0 	0.0 	128.0 	15.0 	0.0 	0.0 	0.0 	-0.0 	15.0 	0.0 	0.0 	0.0 	8.35127649552	2.81490782651	144.842296997	-30.6922365064	
4.55	0.0	0.0	0.0 	0.0 	128.25 	15.0 	0.0 	0.0 	0.0 	-0.0 	15.0 	0.0 	0.0 	0.0 	8.38204105774	2.81490782651	144.887127639	-30.8245486173	
4.56666666667	0.0	0.0	0.0 	0.0 	128.5 	15.0 	0.0 	0.0 	0.0 	-0.0 	15.0 	0.0 	0.0 	0.0 	8.41270307142	2.81490782651	144.932122275	-30.9573447339	
4.58333333333	0.0	0.0	0.0 	0.0 	128.75 	15.0 	0.0 	0.0 	0.0 	-0.0 	15.0 	0.0 	0.0 	0.0 	8.44326287838	2.81490782651	144.977280357	-31.0906232429	
4.6	0.0	0.0	0.0 	0.0 	129.0 	15.0 	0.0 	0.0 	0.0 	-0.0 	15.0 	0.0 	0.0 	0.0 	8.47372081933	2.81490782651	145.022601341	-31.2243825362	
4.61666666667	0.0	0.0	0.0 	0.0 	129.25 	15.0 	0.0 	0.0 	0.0 	-0.0 	15.0 	0.0 	0.0 	0.0 	8.5040772338	2.81490782651	145.068084684	-31.3586210113	
4.63333333333	0.0	0.0	0.0 	0.0 	129.5 	15.0 	0.0 	0.0 	0.0 	-0.0 	15.0 	0.0 	0.0 	0.0 	8.53433246023	2.81490782651	145.113729844	-31.493337071	
4.65	0.0	0.0	0.0 	0.0 	129.75 	15.0 	0.0 	0.0 	0.0 	-0.0 	15.0 	0.0 	0.0 	0.0 	8.5644868359	2.81490782651	145.159536282	-31.6285291232	
4.66666666667	0.0	0.0	0.0 	0.0 	130.0 	15.0 	0.0 	0.0 	0.0 	-0.0 	15.0 	0.0 	0.0 	0.0 	8.59454069698	2.81490782651	145.205503461	-31.7641955812	
4.68333333333	0.0	0.0	0.0 	0.0 	130.25 	15.0 	0.0 	0.0 	0.0 	-0.0 	15.0 	0.0 	0.0 	0.0 	8.62449437853	2.81490782651	145.251630845	-31.9003348639	
4.7	0.0	0.0	0.0 	0.0 	130.5 	15.0 	0.0 	0.0 	0.0 	-0.0 	15.0 	0.0 	0.0 	0.0 	8.65434821447	2.81490782651	145.297917899	-32.036945395	
4.71666666667	0.0	0.0	0.0 	0.0 	130.75 	15.0 	0.0 	0.0 	0.0 	-0.0 	15.0 	0.0 	0.0 	0.0 	8.68410253763	2.81490782651	145.344364092	-32.1740256038	
4.73333333333	0.0	0.0	0.0 	0.0 	131.0 	15.0 	0.0 	0.0 	0.0 	-0.0 	15.0 	0.0 	0.0 	0.0 	8.71375767971	2.81490782651	145.390968893	-32.3115739246	
4.75	0.0	0.0	0.0 	0.0 	131.25 	15.0 	0.0 	0.0 	0.0 	-0.0 	15.0 	0.0 	0.0 	0.0 	8.74331397131	2.81490782651	145.437731773	-32.4495887971	
4.76666666667	0.0	0.0	0.0 	0.0 	131.5 	15.0 	0.0 	0.0 	0.0 	-0.0 	15.0 	0.0 	0.0 	0.0 	8.77277174194	2.81490782651	145.484652206	-32.5880686661	
4.78333333333	0.0	0.0	0.0 	0.0 	131.75 	15.0 	0.0 	0.0 	0.0 	-0.0 	15.0 	0.0 	0.0 	0.0 	8.80213132001	2.81490782651	145.531729666	-32.7270119816	
4.8	0.0	0.0	0.0 	0.0 	132.0 	15.0 	0.0 	0.0 	0.0 	-0.0 	15.0 	0.0 	0.0 	0.0 	8.83139303281	2.81490782651	145.57896363	-32.8664171988	
4.81666666667	0.0	0.0	0.0 	0.0 	132.25 	15.0 	0.0 	0.0 	0.0 	-0.0 	15.0 	0.0 	0.0 	0.0 	8.86055720657	2.81490782651	145.626353576	-33.0062827781	
4.83333333333	0.0	0.0	0.0 	0.0 	132.5 	15.0 	0.0 	0.0 	0.0 	-0.0 	15.0 	0.0 	0.0 	0.0 	8.88962416642	2.81490782651	145.673898984	-33.1466071848	
4.85	0.0	0.0	0.0 	0.0 	132.75 	15.0 	0.0 	0.0 	0.0 	-0.0 	15.0 	0.0 	0.0 	0.0 	8.91859423641	2.81490782651	145.721599336	-33.2873888896	
4.86666666667	0.0	0.0	0.0 	0.0 	133.0 	15.0 	0.0 	0.0 	0.0 	-0.0 	15.0 	0.0 	0.0 	0.0 	8.94746773949	2.81490782651	145.769454115	-33.4286263681	
4.88333333333	0.0	0.0	0.0 	0.0 	133.25 	15.0 	0.0 	0.0 	0.0 	-0.0 	15.0 	0.0 	0.0 	0.0 	8.97624499756	2.81490782651	145.817462807	-33.5703181011	
4.9	0.0	0.0	0.0 	0.0 	133.5 	15.0 	0.0 	0.0 	0.0 	-0.0 	15.0 	0.0 	0.0 	0.0 	9.00492633144	2.81490782651	145.865624899	-33.7124625744	
4.91666666667	0.0	0.0	0.0 	0.0 	133.75 	15.0 	0.0 	0.0 	0.0 	-0.0 	15.0 	0.0 	0.0 	0.0 	9.03351206087	2.81490782651	145.91393988	-33.8550582789	
4.93333333333	0.0	0.0	0.0 	0.0 	134.0 	15.0 	0.0 	0.0 	0.0 	-0.0 	15.0 	0.0 	0.0 	0.0 	9.06200250454	2.81490782651	145.962407239	-33.9981037104	
4.95	0.0	0.0	0.0 	0.0 	134.25 	15.0 	0.0 	0.0 	0.0 	-0.0 	15.0 	0.0 	0.0 	0.0 	9.09039798006	2.81490782651	146.011026469	-34.14159737	
4.96666666667	0.0	0.0	0.0 	0.0 	134.5 	15.0 	0.0 	0.0 	0.0 	-0.0 	15.0 	0.0 	0.0 	0.0 	9.118698804	2.81490782651	146.059797063	-34.2855377634	
4.98333333333	0.0	0.0	0.0 	0.0 	134.75 	15.0 	0.0 	0.0 	0.0 	-0.0 	15.0 	0.0 	0.0 	0.0 	9.14690529186	2.81490782651	146.108718518	-34.4299234016	
5.0	0.0	0.0	0.0 	0.0 	135.0 	15.0 	0.0 	0.0 	0.0 	-0.0 	15.0 	0.0 	0.0 	0.0 	9.17501775809	2.81490782651	146.15779033	-34.5747528004	
5.01666666667	0.0	0.0	0.0 	0.0 	135.25 	15.0 	0.0 	0.0 	0.0 	-0.0 	15.0 	0.0 	0.0 	0.0 	9.2030365161	2.81490782651	146.207011997	-34.7200244806	
5.03333333333	0.0	0.0	0.0 	0.0 	135.5 	15.0 	0.0 	0.0 	0.0 	-0.0 	15.0 	0.0 	0.0 	0.0 	9.23096187825	2.81490782651	146.256383021	-34.865736968	
5.05	0.0	0.0	0.0 	0.0 	135.75 	15.0 	0.0 	0.0 	0.0 	-0.0 	15.0 	0.0 	0.0 	0.0 	9.25879415586	2.81490782651	146.305902904	-35.0118887931	
5.06666666667	0.0	0.0	0.0 	0.0 	136.0 	15.0 	0.0 	0.0 	0.0 	-0.0 	15.0 	0.0 	0.0 	0.0 	9.28653365921	2.81490782651	146.355571149	-35.1584784916	
5.08333333333	0.0	0.0	0.0 	0.0 	136.25 	15.0 	0.0 	0.0 	0.0 	-0.0 	15.0 	0.0 	0.0 	0.0 	9.31418069755	2.81490782651	146.405387262	-35.3055046039	
5.1	0.0	0.0	0.0 	0.0 	136.5 	15.0 	0.0 	0.0 	0.0 	-0.0 	15.0 	0.0 	0.0 	0.0 	9.3417355791	2.81490782651	146.45535075	-35.4529656751	
5.11666666667	0.0	0.0	0.0 	0.0 	136.75 	15.0 	0.0 	0.0 	0.0 	-0.0 	15.0 	0.0 	0.0 	0.0 	9.36919861104	2.81490782651	146.505461122	-35.6008602556	
5.13333333333	0.0	0.0	0.0 	0.0 	137.0 	15.0 	0.0 	0.0 	0.0 	-0.0 	15.0 	0.0 	0.0 	0.0 	9.39657009954	2.81490782651	146.555717888	-35.7491869002	
5.15	0.0	0.0	0.0 	0.0 	137.25 	15.0 	0.0 	0.0 	0.0 	-0.0 	15.0 	0.0 	0.0 	0.0 	9.42385034975	2.81490782651	146.60612056	-35.8979441688	
5.16666666667	0.0	0.0	0.0 	0.0 	137.5 	15.0 	0.0 	0.0 	0.0 	-0.0 	15.0 	0.0 	0.0 	0.0 	9.45103966579	2.81490782651	146.656668651	-36.0471306258	
5.18333333333	0.0	0.0	0.0 	0.0 	137.75 	15.0 	0.0 	0.0 	0.0 	-0.0 	15.0 	0.0 	0.0 	0.0 	9.47813835077	2.81490782651	146.707361678	-36.1967448408	
5.2	0.0	0.0	0.0 	0.0 	138.0 	15.0 	0.0 	0.0 	0.0 	-0.0 	15.0 	0.0 	0.0 	0.0 	9.50514670681	2.81490782651	146.758199157	-36.3467853878	
5.21666666667	0.0	0.0	0.0 	0.0 	138.25 	15.0 	0.0 	0.0 	0.0 	-0.0 	15.0 	0.0 	0.0 	0.0 	9.53206503499	2.81490782651	146.809180606	-36.4972508457	
5.23333333333	0.0	0.0	0.0 	0.0 	138.5 	15.0 	0.0 	0.0 	0.0 	-0.0 	15.0 	0.0 	0.0 	0.0 	9.55889363541	2.81490782651	146.860305545	-36.6481397982	
5.25	0.0	0.0	0.0 	0.0 	138.75 	15.0 	0.0 	0.0 	0.0 	-0.0 	15.0 	0.0 	0.0 	0.0 	9.58563280716	2.81490782651	146.911573497	-36.7994508336	
5.26666666667	0.0	0.0	0.0 	0.0 	139.0 	15.0 	0.0 	0.0 	0.0 	-0.0 	15.0 	0.0 	0.0 	0.0 	9.61228284834	2.81490782651	146.962983984	-36.9511825449	
5.28333333333	0.0	0.0	0.0 	0.0 	139.25 	15.0 	0.0 	0.0 	0.0 	-0.0 	15.0 	0.0 	0.0 	0.0 	9.63884405605	2.81490782651	147.014536532	-37.10333353	
5.3	0.0	0.0	0.0 	0.0 	139.5 	15.0 	0.0 	0.0 	0.0 	-0.0 	15.0 	0.0 	0.0 	0.0 	9.6653167264	2.81490782651	147.066230667	-37.2559023912	
5.31666666667	0.0	0.0	0.0 	0.0 	139.75 	15.0 	0.0 	0.0 	0.0 	-0.0 	15.0 	0.0 	0.0 	0.0 	9.69170115452	2.81490782651	147.118065916	-37.4088877356	
5.33333333333	0.0	0.0	0.0 	0.0 	140.0 	15.0 	0.0 	0.0 	0.0 	-0.0 	15.0 	0.0 	0.0 	0.0 	9.71799763454	2.81490782651	147.17004181	-37.5622881749	
5.35	0.0	0.0	0.0 	0.0 	140.25 	15.0 	0.0 	0.0 	0.0 	-0.0 	15.0 	0.0 	0.0 	0.0 	9.74420645963	2.81490782651	147.22215788	-37.7161023255	
5.36666666667	0.0	0.0	0.0 	0.0 	140.5 	15.0 	0.0 	0.0 	0.0 	-0.0 	15.0 	0.0 	0.0 	0.0 	9.77032792197	2.81490782651	147.274413658	-37.8703288084	
5.38333333333	0.0	0.0	0.0 	0.0 	140.75 	15.0 	0.0 	0.0 	0.0 	-0.0 	15.0 	0.0 	0.0 	0.0 	9.79636231277	2.81490782651	147.326808679	-38.024966249	
5.4	0.0	0.0	0.0 	0.0 	141.0 	15.0 	0.0 	0.0 	0.0 	-0.0 	15.0 	0.0 	0.0 	0.0 	9.82230992226	2.81490782651	147.379342478	-38.1800132777	
5.41666666667	0.0	0.0	0.0 	0.0 	141.25 	15.0 	0.0 	0.0 	0.0 	-0.0 	15.0 	0.0 	0.0 	0.0 	9.84817103973	2.81490782651	147.432014594	-38.3354685289	
5.43333333333	0.0	0.0	0.0 	0.0 	141.5 	15.0 	0.0 	0.0 	0.0 	-0.0 	15.0 	0.0 	0.0 	0.0 	9.87394595346	2.81490782651	147.484824564	-38.4913306421	
5.45	0.0	0.0	0.0 	0.0 	141.75 	15.0 	0.0 	0.0 	0.0 	-0.0 	15.0 	0.0 	0.0 	0.0 	9.89963495082	2.81490782651	147.53777193	-38.647598261	
5.46666666667	0.0	0.0	0.0 	0.0 	142.0 	15.0 	0.0 	0.0 	0.0 	-0.0 	15.0 	0.0 	0.0 	0.0 	9.92523831819	2.81490782651	147.590856233	-38.8042700339	
5.48333333333	0.0	0.0	0.0 	0.0 	142.25 	15.0 	0.0 	0.0 	0.0 	-0.0 	15.0 	0.0 	0.0 	0.0 	9.950756341	2.81490782651	147.644077018	-38.9613446136	
5.5	0.0	0.0	0.0 	0.0 	142.5 	15.0 	0.0 	0.0 	0.0 	-0.0 	15.0 	0.0 	0.0 	0.0 	9.97618930374	2.81490782651	147.697433828	-39.1188206575	
5.51666666667	0.0	0.0	0.0 	0.0 	142.75 	15.0 	0.0 	0.0 	0.0 	-0.0 	15.0 	0.0 	0.0 	0.0 	10.0015374899	2.81490782651	147.750926211	-39.2766968274	
5.53333333333	0.0	0.0	0.0 	0.0 	143.0 	15.0 	0.0 	0.0 	0.0 	-0.0 	15.0 	0.0 	0.0 	0.0 	10.0268011822	2.81490782651	147.804553715	-39.4349717894	
5.55	0.0	0.0	0.0 	0.0 	143.25 	15.0 	0.0 	0.0 	0.0 	-0.0 	15.0 	0.0 	0.0 	0.0 	10.0519806621	2.81490782651	147.858315889	-39.5936442143	
5.56666666667	0.0	0.0	0.0 	0.0 	143.5 	15.0 	0.0 	0.0 	0.0 	-0.0 	15.0 	0.0 	0.0 	0.0 	10.0770762104	2.81490782651	147.912212285	-39.7527127772	
5.58333333333	0.0	0.0	0.0 	0.0 	143.75 	15.0 	0.0 	0.0 	0.0 	-0.0 	15.0 	0.0 	0.0 	0.0 	10.1020881069	2.81490782651	147.966242454	-39.9121761576	
5.6	0.0	0.0	0.0 	0.0 	144.0 	15.0 	0.0 	0.0 	0.0 	-0.0 	15.0 	0.0 	0.0 	0.0 	10.1270166304	2.81490782651	148.020405952	-40.0720330395	
5.61666666667	0.0	0.0	0.0 	0.0 	144.25 	15.0 	0.0 	0.0 	0.0 	-0.0 	15.0 	0.0 	0.0 	0.0 	10.1518620589	2.81490782651	148.074702333	-40.2322821112	
5.63333333333	0.0	0.0	0.0 	0.0 	144.5 	15.0 	0.0 	0.0 	0.0 	-0.0 	15.0 	0.0 	0.0 	0.0 	10.1766246692	2.81490782651	148.129131155	-40.3929220654	
5.65	0.0	0.0	0.0 	0.0 	144.75 	15.0 	0.0 	0.0 	0.0 	-0.0 	15.0 	0.0 	0.0 	0.0 	10.2013047375	2.81490782651	148.183691977	-40.5539515992	
5.66666666667	0.0	0.0	0.0 	0.0 	145.0 	15.0 	0.0 	0.0 	0.0 	-0.0 	15.0 	0.0 	0.0 	0.0 	10.2259025389	2.81490782651	148.238384357	-40.715369414	
5.68333333333	0.0	0.0	0.0 	0.0 	145.25 	15.0 	0.0 	0.0 	0.0 	-0.0 	15.0 	0.0 	0.0 	0.0 	10.2504183477	2.81490782651	148.293207859	-40.8771742155	
5.7	0.0	0.0	0.0 	0.0 	145.5 	15.0 	0.0 	0.0 	0.0 	-0.0 	15.0 	0.0 	0.0 	0.0 	10.2748524371	2.81490782651	148.348162044	-41.0393647137	
5.71666666667	0.0	0.0	0.0 	0.0 	145.75 	15.0 	0.0 	0.0 	0.0 	-0.0 	15.0 	0.0 	0.0 	0.0 	10.2992050795	2.81490782651	148.403246477	-41.201939623	
5.73333333333	0.0	0.0	0.0 	0.0 	146.0 	15.0 	0.0 	0.0 	0.0 	-0.0 	15.0 	0.0 	0.0 	0.0 	10.3234765464	2.81490782651	148.458460724	-41.364897662	
5.75	0.0	0.0	0.0 	0.0 	146.25 	15.0 	0.0 	0.0 	0.0 	-0.0 	15.0 	0.0 	0.0 	0.0 	10.3476671085	2.81490782651	148.513804352	-41.5282375536	
5.76666666667	0.0	0.0	0.0 	0.0 	146.5 	15.0 	0.0 	0.0 	0.0 	-0.0 	15.0 	0.0 	0.0 	0.0 	10.3717770353	2.81490782651	148.56927693	-41.691958025	
5.78333333333	0.0	0.0	0.0 	0.0 	146.75 	15.0 	0.0 	0.0 	0.0 	-0.0 	15.0 	0.0 	0.0 	0.0 	10.3958065957	2.81490782651	148.624878029	-41.8560578076	
5.8	0.0	0.0	0.0 	0.0 	147.0 	15.0 	0.0 	0.0 	0.0 	-0.0 	15.0 	0.0 	0.0 	0.0 	10.4197560576	2.81490782651	148.680607219	-42.020535637	
5.81666666667	0.0	0.0	0.0 	0.0 	147.25 	15.0 	0.0 	0.0 	0.0 	-0.0 	15.0 	0.0 	0.0 	0.0 	10.443625688	2.81490782651	148.736464073	-42.1853902531	
5.83333333333	0.0	0.0	0.0 	0.0 	147.5 	15.0 	0.0 	0.0 	0.0 	-0.0 	15.0 	0.0 	0.0 	0.0 	10.4674157529	2.81490782651	148.792448167	-42.3506203998	
5.85	0.0	0.0	0.0 	0.0 	147.75 	15.0 	0.0 	0.0 	0.0 	-0.0 	15.0 	0.0 	0.0 	0.0 	10.4911265176	2.81490782651	148.848559076	-42.5162248255	
5.86666666667	0.0	0.0	0.0 	0.0 	148.0 	15.0 	0.0 	0.0 	0.0 	-0.0 	15.0 	0.0 	0.0 	0.0 	10.5147582464	2.81490782651	148.904796377	-42.6822022825	
5.88333333333	0.0	0.0	0.0 	0.0 	148.25 	15.0 	0.0 	0.0 	0.0 	-0.0 	15.0 	0.0 	0.0 	0.0 	10.5383112028	2.81490782651	148.961159649	-42.8485515273	
5.9	0.0	0.0	0.0 	0.0 	148.5 	15.0 	0.0 	0.0 	0.0 	-0.0 	15.0 	0.0 	0.0 	0.0 	10.5617856493	2.81490782651	149.017648473	-43.0152713208	
5.91666666667	0.0	0.0	0.0 	0.0 	148.75 	15.0 	0.0 	0.0 	0.0 	-0.0 	15.0 	0.0 	0.0 	0.0 	10.5851818477	2.81490782651	149.074262428	-43.1823604278	
5.93333333333	0.0	0.0	0.0 	0.0 	149.0 	15.0 	0.0 	0.0 	0.0 	-0.0 	15.0 	0.0 	0.0 	0.0 	10.6085000587	2.81490782651	149.1310011	-43.3498176171	
5.95	0.0	0.0	0.0 	0.0 	149.25 	15.0 	0.0 	0.0 	0.0 	-0.0 	15.0 	0.0 	0.0 	0.0 	10.6317405424	2.81490782651	149.187864071	-43.5176416618	
5.96666666667	0.0	0.0	0.0 	0.0 	149.5 	15.0 	0.0 	0.0 	0.0 	-0.0 	15.0 	0.0 	0.0 	0.0 	10.6549035578	2.81490782651	149.244850927	-43.6858313392	
5.98333333333	0.0	0.0	0.0 	0.0 	149.75 	15.0 	0.0 	0.0 	0.0 	-0.0 	15.0 	0.0 	0.0 	0.0 	10.6779893631	2.81490782651	149.301961257	-43.8543854304	
6.0	0.0	0.0	0.0 	0.0 	150.0 	15.0 	0.0 	0.0 	0.0 	-0.0 	15.0 	0.0 	0.0 	0.0 	10.7009982158	2.81490782651	149.359194647	-44.0233027207	
6.01666666667	0.0	0.0	0.0 	0.0 	150.25 	15.0 	0.0 	0.0 	0.0 	-0.0 	15.0 	0.0 	0.0 	0.0 	10.7239303723	2.81490782651	149.416550687	-44.1925819995	
6.03333333333	0.0	0.0	0.0 	0.0 	150.5 	15.0 	0.0 	0.0 	0.0 	-0.0 	15.0 	0.0 	0.0 	0.0 	10.7467860882	2.81490782651	149.47402897	-44.36222206	
6.05	0.0	0.0	0.0 	0.0 	150.75 	15.0 	0.0 	0.0 	0.0 	-0.0 	15.0 	0.0 	0.0 	0.0 	10.7695656185	2.81490782651	149.531629087	-44.5322216998	
6.06666666667	0.0	0.0	0.0 	0.0 	151.0 	15.0 	0.0 	0.0 	0.0 	-0.0 	15.0 	0.0 	0.0 	0.0 	10.792269217	2.81490782651	149.589350632	-44.7025797202	
6.08333333333	0.0	0.0	0.0 	0.0 	151.25 	15.0 	0.0 	0.0 	0.0 	-0.0 	15.0 	0.0 	0.0 	0.0 	10.8148971368	2.81490782651	149.647193201	-44.8732949266	
6.1	0.0	0.0	0.0 	0.0 	151.5 	15.0 	0.0 	0.0 	0.0 	-0.0 	15.0 	0.0 	0.0 	0.0 	10.8374496302	2.81490782651	149.70515639	-45.0443661284	
6.11666666667	0.0	0.0	0.0 	0.0 	151.75 	15.0 	0.0 	0.0 	0.0 	-0.0 	15.0 	0.0 	0.0 	0.0 	10.8599269486	2.81490782651	149.763239797	-45.215792139	
6.13333333333	0.0	0.0	0.0 	0.0 	152.0 	15.0 	0.0 	0.0 	0.0 	-0.0 	15.0 	0.0 	0.0 	0.0 	10.8823293427	2.81490782651	149.821443021	-45.3875717756	
6.15	0.0	0.0	0.0 	0.0 	152.25 	15.0 	0.0 	0.0 	0.0 	-0.0 	15.0 	0.0 	0.0 	0.0 	10.9046570621	2.81490782651	149.879765663	-45.5597038595	
6.16666666667	0.0	0.0	0.0 	0.0 	152.5 	15.0 	0.0 	0.0 	0.0 	-0.0 	15.0 	0.0 	0.0 	0.0 	10.9269103557	2.81490782651	149.938207325	-45.7321872158	
6.18333333333	0.0	0.0	0.0 	0.0 	152.75 	15.0 	0.0 	0.0 	0.0 	-0.0 	15.0 	0.0 	0.0 	0.0 	10.9490894717	2.81490782651	149.996767611	-45.9050206738	
6.2	0.0	0.0	0.0 	0.0 	153.0 	15.0 	0.0 	0.0 	0.0 	-0.0 	15.0 	0.0 	0.0 	0.0 	10.9711946574	2.81490782651	150.055446123	-46.0782030662	
6.21666666667	0.0	0.0	0.0 	0.0 	153.25 	15.0 	0.0 	0.0 	0.0 	-0.0 	15.0 	0.0 	0.0 	0.0 	10.993226159	2.81490782651	150.11424247	-46.2517332302	
6.23333333333	0.0	0.0	0.0 	0.0 	153.5 	15.0 	0.0 	0.0 	0.0 	-0.0 	15.0 	0.0 	0.0 	0.0 	11.0151842224	2.81490782651	150.173156258	-46.4256100063	
6.25	0.0	0.0	0.0 	0.0 	153.75 	15.0 	0.0 	0.0 	0.0 	-0.0 	15.0 	0.0 	0.0 	0.0 	11.0370690922	2.81490782651	150.232187094	-46.5998322392	
6.26666666667	0.0	0.0	0.0 	0.0 	154.0 	15.0 	0.0 	0.0 	0.0 	-0.0 	15.0 	0.0 	0.0 	0.0 	11.0588810124	2.81490782651	150.29133459	-46.7743987775	
6.28333333333	0.0	0.0	0.0 	0.0 	154.25 	15.0 	0.0 	0.0 	0.0 	-0.0 	15.0 	0.0 	0.0 	0.0 	11.0806202262	2.81490782651	150.350598357	-46.9493084734	
6.3	0.0	0.0	0.0 	0.0 	154.5 	15.0 	0.0 	0.0 	0.0 	-0.0 	15.0 	0.0 	0.0 	0.0 	11.102286976	2.81490782651	150.409978006	-47.124560183	
6.31666666667	0.0	0.0	0.0 	0.0 	154.75 	15.0 	0.0 	0.0 	0.0 	-0.0 	15.0 	0.0 	0.0 	0.0 	11.1238815033	2.81490782651	150.469473152	-47.3001527664	
6.33333333333	0.0	0.0	0.0 	0.0 	155.0 	15.0 	0.0 	0.0 	0.0 	-0.0 	15.0 	0.0 	0.0 	0.0 	11.1454040488	2.81490782651	150.529083409	-47.4760850872	
6.35	0.0	0.0	0.0 	0.0 	155.25 	15.0 	0.0 	0.0 	0.0 	-0.0 	15.0 	0.0 	0.0 	0.0 	11.1668548525	2.81490782651	150.588808394	-47.652356013	
6.36666666667	0.0	0.0	0.0 	0.0 	155.5 	15.0 	0.0 	0.0 	0.0 	-0.0 	15.0 	0.0 	0.0 	0.0 	11.1882341536	2.81490782651	150.648647725	-47.8289644152	
6.38333333333	0.0	0.0	0.0 	0.0 	155.75 	15.0 	0.0 	0.0 	0.0 	-0.0 	15.0 	0.0 	0.0 	0.0 	11.2095421903	2.81490782651	150.708601019	-48.0059091688	
6.4	0.0	0.0	0.0 	0.0 	156.0 	15.0 	0.0 	0.0 	0.0 	-0.0 	15.0 	0.0 	0.0 	0.0 	11.2307792002	2.81490782651	150.768667898	-48.1831891526	
6.41666666667	0.0	0.0	0.0 	0.0 	156.25 	15.0 	0.0 	0.0 	0.0 	-0.0 	15.0 	0.0 	0.0 	0.0 	11.25194542	2.81490782651	150.828847983	-48.3608032492	
6.43333333333	0.0	0.0	0.0 	0.0 	156.5 	15.0 	0.0 	0.0 	0.0 	-0.0 	15.0 	0.0 	0.0 	0.0 	11.2730410858	2.81490782651	150.889140896	-48.5387503449	
6.45	0.0	0.0	0.0 	0.0 	156.75 	15.0 	0.0 	0.0 	0.0 	-0.0 	15.0 	0.0 	0.0 	0.0 	11.2940664328	2.81490782651	150.949546262	-48.7170293297	
6.46666666667	0.0	0.0	0.0 	0.0 	157.0 	15.0 	0.0 	0.0 	0.0 	-0.0 	15.0 	0.0 	0.0 	0.0 	11.3150216952	2.81490782651	151.010063705	-48.8956390973	
6.48333333333	0.0	0.0	0.0 	0.0 	157.25 	15.0 	0.0 	0.0 	0.0 	-0.0 	15.0 	0.0 	0.0 	0.0 	11.3359071067	2.81490782651	151.070692852	-49.0745785451	
6.5	0.0	0.0	0.0 	0.0 	157.5 	15.0 	0.0 	0.0 	0.0 	-0.0 	15.0 	0.0 	0.0 	0.0 	11.3567229003	2.81490782651	151.13143333	-49.2538465742	
6.51666666667	0.0	0.0	0.0 	0.0 	157.75 	15.0 	0.0 	0.0 	0.0 	-0.0 	15.0 	0.0 	0.0 	0.0 	11.3774693078	2.81490782651	151.192284769	-49.4334420892	
6.53333333333	0.0	0.0	0.0 	0.0 	158.0 	15.0 	0.0 	0.0 	0.0 	-0.0 	15.0 	0.0 	0.0 	0.0 	11.3981465606	2.81490782651	151.253246798	-49.6133639986	
6.55	0.0	0.0	0.0 	0.0 	158.25 	15.0 	0.0 	0.0 	0.0 	-0.0 	15.0 	0.0 	0.0 	0.0 	11.4187548893	2.81490782651	151.314319049	-49.7936112144	
6.56666666667	0.0	0.0	0.0 	0.0 	158.5 	15.0 	0.0 	0.0 	0.0 	-0.0 	15.0 	0.0 	0.0 	0.0 	11.4392945236	2.81490782651	151.375501155	-49.9741826522	
6.58333333333	0.0	0.0	0.0 	0.0 	158.75 	15.0 	0.0 	0.0 	0.0 	-0.0 	15.0 	0.0 	0.0 	0.0 	11.4597656923	2.81490782651	151.436792749	-50.1550772313	
6.6	0.0	0.0	0.0 	0.0 	159.0 	15.0 	0.0 	0.0 	0.0 	-0.0 	15.0 	0.0 	0.0 	0.0 	11.4801686239	2.81490782651	151.498193467	-50.3362938746	
6.61666666667	0.0	0.0	0.0 	0.0 	159.25 	15.0 	0.0 	0.0 	0.0 	-0.0 	15.0 	0.0 	0.0 	0.0 	11.5005035457	2.81490782651	151.559702944	-50.5178315085	
6.63333333333	0.0	0.0	0.0 	0.0 	159.5 	15.0 	0.0 	0.0 	0.0 	-0.0 	15.0 	0.0 	0.0 	0.0 	11.5207706844	2.81490782651	151.621320818	-50.699689063	
6.65	0.0	0.0	0.0 	0.0 	159.75 	15.0 	0.0 	0.0 	0.0 	-0.0 	15.0 	0.0 	0.0 	0.0 	11.540970266	2.81490782651	151.683046728	-50.8818654717	
6.66666666667	0.0	0.0	0.0 	0.0 	160.0 	15.0 	0.0 	0.0 	0.0 	-0.0 	15.0 	0.0 	0.0 	0.0 	11.5611025157	2.81490782651	151.744880314	-51.0643596718	
6.68333333333	0.0	0.0	0.0 	0.0 	160.25 	15.0 	0.0 	0.0 	0.0 	-0.0 	15.0 	0.0 	0.0 	0.0 	11.5811676578	2.81490782651	151.806821216	-51.247170604	
6.7	0.0	0.0	0.0 	0.0 	160.5 	15.0 	0.0 	0.0 	0.0 	-0.0 	15.0 	0.0 	0.0 	0.0 	11.6011659162	2.81490782651	151.868869077	-51.4302972125	
6.71666666667	0.0	0.0	0.0 	0.0 	160.75 	15.0 	0.0 	0.0 	0.0 	-0.0 	15.0 	0.0 	0.0 	0.0 	11.6210975136	2.81490782651	151.931023541	-51.6137384451	
6.73333333333	0.0	0.0	0.0 	0.0 	161.0 	15.0 	0.0 	0.0 	0.0 	-0.0 	15.0 	0.0 	0.0 	0.0 	11.6409626725	2.81490782651	151.993284252	-51.797493253	
6.75	0.0	0.0	0.0 	0.0 	161.25 	15.0 	0.0 	0.0 	0.0 	-0.0 	15.0 	0.0 	0.0 	0.0 	11.6607616141	2.81490782651	152.055650856	-51.9815605909	
6.76666666667	0.0	0.0	0.0 	0.0 	161.5 	15.0 	0.0 	0.0 	0.0 	-0.0 	15.0 	0.0 	0.0 	0.0 	11.6804945593	2.81490782651	152.118123	-52.1659394171	
6.78333333333	0.0	0.0	0.0 	0.0 	161.75 	15.0 	0.0 	0.0 	0.0 	-0.0 	15.0 	0.0 	0.0 	0.0 	11.7001617279	2.81490782651	152.180700332	-52.3506286933	
6.8	0.0	0.0	0.0 	0.0 	162.0 	15.0 	0.0 	0.0 	0.0 	-0.0 	15.0 	0.0 	0.0 	0.0 	11.7197633394	2.81490782651	152.243382501	-52.5356273847	
6.81666666667	0.0	0.0	0.0 	0.0 	162.25 	15.0 	0.0 	0.0 	0.0 	-0.0 	15.0 	0.0 	0.0 	0.0 	11.7392996121	2.81490782651	152.306169159	-52.7209344598	
6.83333333333	0.0	0.0	0.0 	0.0 	162.5 	15.0 	0.0 	0.0 	0.0 	-0.0 	15.0 	0.0 	0.0 	0.0 	11.7587707639	2.81490782651	152.369059957	-52.9065488908	
6.85	0.0	0.0	0.0 	0.0 	162.75 	15.0 	0.0 	0.0 	0.0 	-0.0 	15.0 	0.0 	0.0 	0.0 	11.7781770119	2.81490782651	152.432054547	-53.0924696531	
6.86666666667	0.0	0.0	0.0 	0.0 	163.0 	15.0 	0.0 	0.0 	0.0 	-0.0 	15.0 	0.0 	0.0 	0.0 	11.7975185724	2.81490782651	152.495152584	-53.2786957256	
6.88333333333	0.0	0.0	0.0 	0.0 	163.25 	15.0 	0.0 	0.0 	0.0 	-0.0 	15.0 	0.0 	0.0 	0.0 	11.8167956611	2.81490782651	152.558353723	-53.4652260906	
6.9	0.0	0.0	0.0 	0.0 	163.5 	15.0 	0.0 	0.0 	0.0 	-0.0 	15.0 	0.0 	0.0 	0.0 	11.8360084927	2.81490782651	152.62165762	-53.6520597338	
6.91666666667	0.0	0.0	0.0 	0.0 	163.75 	15.0 	0.0 	0.0 	0.0 	-0.0 	15.0 	0.0 	0.0 	0.0 	11.8551572816	2.81490782651	152.685063933	-53.8391956443	
6.93333333333	0.0	0.0	0.0 	0.0 	164.0 	15.0 	0.0 	0.0 	0.0 	-0.0 	15.0 	0.0 	0.0 	0.0 	11.8742422412	2.81490782651	152.74857232	-54.0266328145	
6.95	0.0	0.0	0.0 	0.0 	164.25 	15.0 	0.0 	0.0 	0.0 	-0.0 	15.0 	0.0 	0.0 	0.0 	11.8932635843	2.81490782651	152.812182441	-54.2143702402	
6.96666666667	0.0	0.0	0.0 	0.0 	164.5 	15.0 	0.0 	0.0 	0.0 	-0.0 	15.0 	0.0 	0.0 	0.0 	11.9122215229	2.81490782651	152.875893957	-54.4024069206	
6.98333333333	0.0	0.0	0.0 	0.0 	164.75 	15.0 	0.0 	0.0 	0.0 	-0.0 	15.0 	0.0 	0.0 	0.0 	11.9311162683	2.81490782651	152.93970653	-54.5907418581	
7.0	0.0	0.0	0.0 	0.0 	165.0 	15.0 	0.0 	0.0 	0.0 	-0.0 	15.0 	0.0 	0.0 	0.0 	11.9499480313	2.81490782651	153.003619823	-54.7793740586	
7.01666666667	0.0	0.0	0.0 	0.0 	165.25 	15.0 	0.0 	0.0 	0.0 	-0.0 	15.0 	0.0 	0.0 	0.0 	11.9687170218	2.81490782651	153.067633501	-54.9683025311	
7.03333333333	0.0	0.0	0.0 	0.0 	165.5 	15.0 	0.0 	0.0 	0.0 	-0.0 	15.0 	0.0 	0.0 	0.0 	11.9874234489	2.81490782651	153.131747228	-55.1575262882	
7.05	0.0	0.0	0.0 	0.0 	165.75 	15.0 	0.0 	0.0 	0.0 	-0.0 	15.0 	0.0 	0.0 	0.0 	12.0060675213	2.81490782651	153.195960672	-55.3470443455	
7.06666666667	0.0	0.0	0.0 	0.0 	166.0 	15.0 	0.0 	0.0 	0.0 	-0.0 	15.0 	0.0 	0.0 	0.0 	12.0246494467	2.81490782651	153.260273499	-55.536855722	
7.08333333333	0.0	0.0	0.0 	0.0 	166.25 	15.0 	0.0 	0.0 	0.0 	-0.0 	15.0 	0.0 	0.0 	0.0 	12.0431694324	2.81490782651	153.324685379	-55.72695944	
7.1	0.0	0.0	0.0 	0.0 	166.5 	15.0 	0.0 	0.0 	0.0 	-0.0 	15.0 	0.0 	0.0 	0.0 	12.0616276849	2.81490782651	153.389195981	-55.917354525	
7.11666666667	0.0	0.0	0.0 	0.0 	166.75 	15.0 	0.0 	0.0 	0.0 	-0.0 	15.0 	0.0 	0.0 	0.0 	12.0800244098	2.81490782651	153.453804977	-56.1080400059	
7.13333333333	0.0	0.0	0.0 	0.0 	167.0 	15.0 	0.0 	0.0 	0.0 	-0.0 	15.0 	0.0 	0.0 	0.0 	12.0983598123	2.81490782651	153.518512038	-56.2990149145	
7.15	0.0	0.0	0.0 	0.0 	167.25 	15.0 	0.0 	0.0 	0.0 	-0.0 	15.0 	0.0 	0.0 	0.0 	12.1166340968	2.81490782651	153.583316838	-56.4902782862	
7.16666666667	0.0	0.0	0.0 	0.0 	167.5 	15.0 	0.0 	0.0 	0.0 	-0.0 	15.0 	0.0 	0.0 	0.0 	12.134847467	2.81490782651	153.64821905	-56.6818291594	
7.18333333333	0.0	0.0	0.0 	0.0 	167.75 	15.0 	0.0 	0.0 	0.0 	-0.0 	15.0 	0.0 	0.0 	0.0 	12.153000126	2.81490782651	153.71321835	-56.8736665758	
7.2	0.0	0.0	0.0 	0.0 	168.0 	15.0 	0.0 	0.0 	0.0 	-0.0 	15.0 	0.0 	0.0 	0.0 	12.1710922761	2.81490782651	153.778314415	-57.0657895802	
7.21666666667	0.0	0.0	0.0 	0.0 	168.25 	15.0 	0.0 	0.0 	0.0 	-0.0 	15.0 	0.0 	0.0 	0.0 	12.1891241191	2.81490782651	153.843506921	-57.2581972206	
7.23333333333	0.0	0.0	0.0 	0.0 	168.5 	15.0 	0.0 	0.0 	0.0 	-0.0 	15.0 	0.0 	0.0 	0.0 	12.2070958559	2.81490782651	153.908795548	-57.4508885484	
7.25	0.0	0.0	0.0 	0.0 	168.75 	15.0 	0.0 	0.0 	0.0 	-0.0 	15.0 	0.0 	0.0 	0.0 	12.2250076869	2.81490782651	153.974179975	-57.6438626178	
7.26666666667	0.0	0.0	0.0 	0.0 	169.0 	15.0 	0.0 	0.0 	0.0 	-0.0 	15.0 	0.0 	0.0 	0.0 	12.2428598118	2.81490782651	154.039659882	-57.8371184864	
7.28333333333	0.0	0.0	0.0 	0.0 	169.25 	15.0 	0.0 	0.0 	0.0 	-0.0 	15.0 	0.0 	0.0 	0.0 	12.2606524296	2.81490782651	154.105234951	-58.0306552148	
7.3	0.0	0.0	0.0 	0.0 	169.5 	15.0 	0.0 	0.0 	0.0 	-0.0 	15.0 	0.0 	0.0 	0.0 	12.2783857387	2.81490782651	154.170904866	-58.2244718669	
7.31666666667	0.0	0.0	0.0 	0.0 	169.75 	15.0 	0.0 	0.0 	0.0 	-0.0 	15.0 	0.0 	0.0 	0.0 	12.2960599368	2.81490782651	154.23666931	-58.4185675096	
7.33333333333	0.0	0.0	0.0 	0.0 	170.0 	15.0 	0.0 	0.0 	0.0 	-0.0 	15.0 	0.0 	0.0 	0.0 	12.3136752209	2.81490782651	154.302527967	-58.6129412129	
7.35	0.0	0.0	0.0 	0.0 	170.25 	15.0 	0.0 	0.0 	0.0 	-0.0 	15.0 	0.0 	0.0 	0.0 	12.3312317874	2.81490782651	154.368480524	-58.8075920499	
7.36666666667	0.0	0.0	0.0 	0.0 	170.5 	15.0 	0.0 	0.0 	0.0 	-0.0 	15.0 	0.0 	0.0 	0.0 	12.3487298319	2.81490782651	154.434526668	-59.0025190969	
7.38333333333	0.0	0.0	0.0 	0.0 	170.75 	15.0 	0.0 	0.0 	0.0 	-0.0 	15.0 	0.0 	0.0 	0.0 	12.3661695497	2.81490782651	154.500666087	-59.1977214331	
7.4	0.0	0.0	0.0 	0.0 	171.0 	15.0 	0.0 	0.0 	0.0 	-0.0 	15.0 	0.0 	0.0 	0.0 	12.3835511351	2.81490782651	154.56689847	-59.393198141	
7.41666666667	0.0	0.0	0.0 	0.0 	171.25 	15.0 	0.0 	0.0 	0.0 	-0.0 	15.0 	0.0 	0.0 	0.0 	12.4008747818	2.81490782651	154.633223507	-59.5889483059	
7.43333333333	0.0	0.0	0.0 	0.0 	171.5 	15.0 	0.0 	0.0 	0.0 	-0.0 	15.0 	0.0 	0.0 	0.0 	12.4181406831	2.81490782651	154.69964089	-59.7849710163	
7.45	0.0	0.0	0.0 	0.0 	171.75 	15.0 	0.0 	0.0 	0.0 	-0.0 	15.0 	0.0 	0.0 	0.0 	12.4353490314	2.81490782651	154.766150309	-59.9812653638	
7.46666666667	0.0	0.0	0.0 	0.0 	172.0 	15.0 	0.0 	0.0 	0.0 	-0.0 	15.0 	0.0 	0.0 	0.0 	12.4525000185	2.81490782651	154.832751459	-60.1778304429	
7.48333333333	0.0	0.0	0.0 	0.0 	172.25 	15.0 	0.0 	0.0 	0.0 	-0.0 	15.0 	0.0 	0.0 	0.0 	12.4695938356	2.81490782651	154.899444034	-60.3746653512	
7.5	0.0	0.0	0.0 	0.0 	172.5 	15.0 	0.0 	0.0 	0.0 	-0.0 	15.0 	0.0 	0.0 	0.0 	12.4866306733	2.81490782651	154.96622773	-60.5717691891	
7.51666666667	0.0	0.0	0.0 	0.0 	172.75 	15.0 	0.0 	0.0 	0.0 	-0.0 	15.0 	0.0 	0.0 	0.0 	12.5036107216	2.81490782651	155.033102241	-60.7691410604	
7.53333333333	0.0	0.0	0.0 	0.0 	173.0 	15.0 	0.0 	0.0 	0.0 	-0.0 	15.0 	0.0 	0.0 	0.0 	12.5205341698	2.81490782651	155.100067266	-60.9667800715	
7.55	0.0	0.0	0.0 	0.0 	173.25 	15.0 	0.0 	0.0 	0.0 	-0.0 	15.0 	0.0 	0.0 	0.0 	12.5374012064	2.81490782651	155.167122503	-61.164685332	
7.56666666667	0.0	0.0	0.0 	0.0 	173.5 	15.0 	0.0 	0.0 	0.0 	-0.0 	15.0 	0.0 	0.0 	0.0 	12.5542120196	2.81490782651	155.234267652	-61.3628559543	
7.58333333333	0.0	0.0	0.0 	0.0 	173.75 	15.0 	0.0 	0.0 	0.0 	-0.0 	15.0 	0.0 	0.0 	0.0 	12.5709667967	2.81490782651	155.301502412	-61.561291054	
7.6	0.0	0.0	0.0 	0.0 	174.0 	15.0 	0.0 	0.0 	0.0 	-0.0 	15.0 	0.0 	0.0 	0.0 	12.5876657246	2.81490782651	155.368826484	-61.7599897495	
7.61666666667	0.0	0.0	0.0 	0.0 	174.25 	15.0 	0.0 	0.0 	0.0 	-0.0 	15.0 	0.0 	0.0 	0.0 	12.6043089894	2.81490782651	155.436239572	-61.958951162	
7.63333333333	0.0	0.0	0.0 	0.0 	174.5 	15.0 	0.0 	0.0 	0.0 	-0.0 	15.0 	0.0 	0.0 	0.0 	12.6208967766	2.81490782651	155.503741378	-62.1581744159	
7.65	0.0	0.0	0.0 	0.0 	174.75 	15.0 	0.0 	0.0 	0.0 	-0.0 	15.0 	0.0 	0.0 	0.0 	12.6374292713	2.81490782651	155.571331607	-62.3576586384	
7.66666666667	0.0	0.0	0.0 	0.0 	175.0 	15.0 	0.0 	0.0 	0.0 	-0.0 	15.0 	0.0 	0.0 	0.0 	12.6539066576	2.81490782651	155.639009964	-62.5574029596	
7.68333333333	0.0	0.0	0.0 	0.0 	175.25 	15.0 	0.0 	0.0 	0.0 	-0.0 	15.0 	0.0 	0.0 	0.0 	12.6703291192	2.81490782651	155.706776155	-62.7574065124	
7.7	0.0	0.0	0.0 	0.0 	175.5 	15.0 	0.0 	0.0 	0.0 	-0.0 	15.0 	0.0 	0.0 	0.0 	12.6866968394	2.81490782651	155.774629887	-62.9576684328	
7.71666666667	0.0	0.0	0.0 	0.0 	175.75 	15.0 	0.0 	0.0 	0.0 	-0.0 	15.0 	0.0 	0.0 	0.0 	12.7030100005	2.81490782651	155.842570869	-63.1581878596	
7.73333333333	0.0	0.0	0.0 	0.0 	176.0 	15.0 	0.0 	0.0 	0.0 	-0.0 	15.0 	0.0 	0.0 	0.0 	12.7192687843	2.81490782651	155.910598809	-63.3589639343	
7.75	0.0	0.0	0.0 	0.0 	176.25 	15.0 	0.0 	0.0 	0.0 	-0.0 	15.0 	0.0 	0.0 	0.0 	12.7354733722	2.81490782651	155.978713419	-63.5599958016	
7.76666666667	0.0	0.0	0.0 	0.0 	176.5 	15.0 	0.0 	0.0 	0.0 	-0.0 	15.0 	0.0 	0.0 	0.0 	12.7516239449	2.81490782651	156.046914408	-63.7612826087	
7.78333333333	0.0	0.0	0.0 	0.0 	176.75 	15.0 	0.0 	0.0 	0.0 	-0.0 	15.0 	0.0 	0.0 	0.0 	12.7677206823	2.81490782651	156.11520149	-63.9628235059	
7.8	0.0	0.0	0.0 	0.0 	177.0 	15.0 	0.0 	0.0 	0.0 	-0.0 	15.0 	0.0 	0.0 	0.0 	12.7837637639	2.81490782651	156.183574376	-64.1646176461	
7.81666666667	0.0	0.0	0.0 	0.0 	177.25 	15.0 	0.0 	0.0 	0.0 	-0.0 	15.0 	0.0 	0.0 	0.0 	12.7997533685	2.81490782651	156.252032782	-64.3666641853	
7.83333333333	0.0	0.0	0.0 	0.0 	177.5 	15.0 	0.0 	0.0 	0.0 	-0.0 	15.0 	0.0 	0.0 	0.0 	12.8156896745	2.81490782651	156.320576421	-64.5689622822	
7.85	0.0	0.0	0.0 	0.0 	177.75 	15.0 	0.0 	0.0 	0.0 	-0.0 	15.0 	0.0 	0.0 	0.0 	12.8315728594	2.81490782651	156.389205011	-64.7715110981	
7.86666666667	0.0	0.0	0.0 	0.0 	178.0 	15.0 	0.0 	0.0 	0.0 	-0.0 	15.0 	0.0 	0.0 	0.0 	12.8474031005	2.81490782651	156.457918267	-64.9743097974	
7.88333333333	0.0	0.0	0.0 	0.0 	178.25 	15.0 	0.0 	0.0 	0.0 	-0.0 	15.0 	0.0 	0.0 	0.0 	12.863180574	2.81490782651	156.526715908	-65.1773575471	
7.9	0.0	0.0	0.0 	0.0 	178.5 	15.0 	0.0 	0.0 	0.0 	-0.0 	15.0 	0.0 	0.0 	0.0 	12.8789054559	2.81490782651	156.595597652	-65.380653517	
7.91666666667	0.0	0.0	0.0 	0.0 	178.75 	15.0 	0.0 	0.0 	0.0 	-0.0 	15.0 	0.0 	0.0 	0.0 	12.8945779216	2.81490782651	156.664563218	-65.5841968798	
7.93333333333	0.0	0.0	0.0 	0.0 	179.0 	15.0 	0.0 	0.0 	0.0 	-0.0 	15.0 	0.0 	0.0 	0.0 	12.9101981458	2.81490782651	156.733612329	-65.7879868108	
7.95	0.0	0.0	0.0 	0.0 	179.25 	15.0 	0.0 	0.0 	0.0 	-0.0 	15.0 	0.0 	0.0 	0.0 	12.9257663025	2.81490782651	156.802744704	-65.9920224881	
7.96666666667	0.0	0.0	0.0 	0.0 	179.5 	15.0 	0.0 	0.0 	0.0 	-0.0 	15.0 	0.0 	0.0 	0.0 	12.9412825653	2.81490782651	156.871960066	-66.1963030926	
7.98333333333	0.0	0.0	0.0 	0.0 	179.75 	15.0 	0.0 	0.0 	0.0 	-0.0 	15.0 	0.0 	0.0 	0.0 	12.9567471073	2.81490782651	156.94125814	-66.4008278078	
8.0	0.0	0.0	0.0 	0.0 	180.0 	15.0 	0.0 	0.0 	0.0 	-0.0 	15.0 	0.0 	0.0 	0.0 	12.9721601008	2.81490782651	157.010638648	-66.6055958201	
8.01666666667	0.0	0.0	0.0 	0.0 	180.25 	15.0 	0.0 	0.0 	0.0 	-0.0 	15.0 	0.0 	0.0 	0.0 	12.9875217177	2.81490782651	157.080101317	-66.8106063183	
8.03333333333	0.0	0.0	0.0 	0.0 	180.5 	15.0 	0.0 	0.0 	0.0 	-0.0 	15.0 	0.0 	0.0 	0.0 	13.0028321292	2.81490782651	157.149645873	-67.0158584944	
8.05	0.0	0.0	0.0 	0.0 	180.75 	15.0 	0.0 	0.0 	0.0 	-0.0 	15.0 	0.0 	0.0 	0.0 	13.018091506	2.81490782651	157.219272041	-67.2213515426	
8.06666666667	0.0	0.0	0.0 	0.0 	181.0 	15.0 	0.0 	0.0 	0.0 	-0.0 	15.0 	0.0 	0.0 	0.0 	13.0333000182	2.81490782651	157.288979552	-67.42708466	
8.08333333333	0.0	0.0	0.0 	0.0 	181.25 	15.0 	0.0 	0.0 	0.0 	-0.0 	15.0 	0.0 	0.0 	0.0 	13.0484578353	2.81490782651	157.358768132	-67.6330570465	
8.1	0.0	0.0	0.0 	0.0 	181.5 	15.0 	0.0 	0.0 	0.0 	-0.0 	15.0 	0.0 	0.0 	0.0 	13.0635651264	2.81490782651	157.428637513	-67.8392679044	
8.11666666667	0.0	0.0	0.0 	0.0 	181.75 	15.0 	0.0 	0.0 	0.0 	-0.0 	15.0 	0.0 	0.0 	0.0 	13.0786220598	2.81490782651	157.498587424	-68.0457164389	
8.13333333333	0.0	0.0	0.0 	0.0 	182.0 	15.0 	0.0 	0.0 	0.0 	-0.0 	15.0 	0.0 	0.0 	0.0 	13.0936288035	2.81490782651	157.568617598	-68.2524018577	
8.15	0.0	0.0	0.0 	0.0 	182.25 	15.0 	0.0 	0.0 	0.0 	-0.0 	15.0 	0.0 	0.0 	0.0 	13.1085855247	2.81490782651	157.638727766	-68.4593233712	
8.16666666667	0.0	0.0	0.0 	0.0 	182.5 	15.0 	0.0 	0.0 	0.0 	-0.0 	15.0 	0.0 	0.0 	0.0 	13.1234923902	2.81490782651	157.708917663	-68.6664801924	
8.18333333333	0.0	0.0	0.0 	0.0 	182.75 	15.0 	0.0 	0.0 	0.0 	-0.0 	15.0 	0.0 	0.0 	0.0 	13.1383495661	2.81490782651	157.779187022	-68.8738715369	
8.2	0.0	0.0	0.0 	0.0 	183.0 	15.0 	0.0 	0.0 	0.0 	-0.0 	15.0 	0.0 	0.0 	0.0 	13.153157218	2.81490782651	157.849535578	-69.081496623	
8.21666666667	0.0	0.0	0.0 	0.0 	183.25 	15.0 	0.0 	0.0 	0.0 	-0.0 	15.0 	0.0 	0.0 	0.0 	13.1679155112	2.81490782651	157.919963068	-69.2893546716	
8.23333333333	0.0	0.0	0.0 	0.0 	183.5 	15.0 	0.0 	0.0 	0.0 	-0.0 	15.0 	0.0 	0.0 	0.0 	13.18262461	2.81490782651	157.990469228	-69.4974449061	
8.25	0.0	0.0	0.0 	0.0 	183.75 	15.0 	0.0 	0.0 	0.0 	-0.0 	15.0 	0.0 	0.0 	0.0 	13.1972846785	2.81490782651	158.061053797	-69.7057665526	
8.26666666667	0.0	0.0	0.0 	0.0 	184.0 	15.0 	0.0 	0.0 	0.0 	-0.0 	15.0 	0.0 	0.0 	0.0 	13.2118958801	2.81490782651	158.131716512	-69.9143188397	
8.28333333333	0.0	0.0	0.0 	0.0 	184.25 	15.0 	0.0 	0.0 	0.0 	-0.0 	15.0 	0.0 	0.0 	0.0 	13.2264583777	2.81490782651	158.202457114	-70.1231009985	
8.3	0.0	0.0	0.0 	0.0 	184.5 	15.0 	0.0 	0.0 	0.0 	-0.0 	15.0 	0.0 	0.0 	0.0 	13.2409723337	2.81490782651	158.273275342	-70.332112263	
8.31666666667	0.0	0.0	0.0 	0.0 	184.75 	15.0 	0.0 	0.0 	0.0 	-0.0 	15.0 	0.0 	0.0 	0.0 	13.2554379098	2.81490782651	158.344170938	-70.5413518692	
8.33333333333	0.0	0.0	0.0 	0.0 	185.0 	15.0 	0.0 	0.0 	0.0 	-0.0 	15.0 	0.0 	0.0 	0.0 	13.2698552673	2.81490782651	158.415143644	-70.7508190563	
8.35	0.0	0.0	0.0 	0.0 	185.25 	15.0 	0.0 	0.0 	0.0 	-0.0 	15.0 	0.0 	0.0 	0.0 	13.2842245669	2.81490782651	158.486193203	-70.9605130654	
8.36666666667	0.0	0.0	0.0 	0.0 	185.5 	15.0 	0.0 	0.0 	0.0 	-0.0 	15.0 	0.0 	0.0 	0.0 	13.2985459689	2.81490782651	158.557319359	-71.1704331406	
8.38333333333	0.0	0.0	0.0 	0.0 	185.75 	15.0 	0.0 	0.0 	0.0 	-0.0 	15.0 	0.0 	0.0 	0.0 	13.3128196329	2.81490782651	158.628521856	-71.3805785283	
8.4	0.0	0.0	0.0 	0.0 	186.0 	15.0 	0.0 	0.0 	0.0 	-0.0 	15.0 	0.0 	0.0 	0.0 	13.327045718	2.81490782651	158.699800441	-71.5909484774	
8.41666666667	0.0	0.0	0.0 	0.0 	186.25 	15.0 	0.0 	0.0 	0.0 	-0.0 	15.0 	0.0 	0.0 	0.0 	13.3412243828	2.81490782651	158.771154859	-71.8015422395	
8.43333333333	0.0	0.0	0.0 	0.0 	186.5 	15.0 	0.0 	0.0 	0.0 	-0.0 	15.0 	0.0 	0.0 	0.0 	13.3553557854	2.81490782651	158.842584857	-72.0123590684	
8.45	0.0	0.0	0.0 	0.0 	186.75 	15.0 	0.0 	0.0 	0.0 	-0.0 	15.0 	0.0 	0.0 	0.0 	13.3694400833	2.81490782651	158.914090184	-72.2233982207	
8.46666666667	0.0	0.0	0.0 	0.0 	187.0 	15.0 	0.0 	0.0 	0.0 	-0.0 	15.0 	0.0 	0.0 	0.0 	13.3834774336	2.81490782651	158.985670589	-72.4346589552	
8.48333333333	0.0	0.0	0.0 	0.0 	187.25 	15.0 	0.0 	0.0 	0.0 	-0.0 	15.0 	0.0 	0.0 	0.0 	13.3974679927	2.81490782651	159.057325821	-72.6461405333	
8.5	0.0	0.0	0.0 	0.0 	187.5 	15.0 	0.0 	0.0 	0.0 	-0.0 	15.0 	0.0 	0.0 	0.0 	13.4114119165	2.81490782651	159.129055631	-72.8578422189	
8.51666666667	0.0	0.0	0.0 	0.0 	187.75 	15.0 	0.0 	0.0 	0.0 	-0.0 	15.0 	0.0 	0.0 	0.0 	13.4253093607	2.81490782651	159.20085977	-73.0697632783	
8.53333333333	0.0	0.0	0.0 	0.0 	188.0 	15.0 	0.0 	0.0 	0.0 	-0.0 	15.0 	0.0 	0.0 	0.0 	13.43916048	2.81490782651	159.272737991	-73.2819029803	
8.55	0.0	0.0	0.0 	0.0 	188.25 	15.0 	0.0 	0.0 	0.0 	-0.0 	15.0 	0.0 	0.0 	0.0 	13.452965429	2.81490782651	159.344690047	-73.494260596	
8.56666666667	0.0	0.0	0.0 	0.0 	188.5 	15.0 	0.0 	0.0 	0.0 	-0.0 	15.0 	0.0 	0.0 	0.0 	13.4667243614	2.81490782651	159.41671569	-73.7068353991	
8.58333333333	0.0	0.0	0.0 	0.0 	188.75 	15.0 	0.0 	0.0 	0.0 	-0.0 	15.0 	0.0 	0.0 	0.0 	13.4804374307	2.81490782651	159.488814678	-73.9196266656	
8.6	0.0	0.0	0.0 	0.0 	189.0 	15.0 	0.0 	0.0 	0.0 	-0.0 	15.0 	0.0 	0.0 	0.0 	13.4941047898	2.81490782651	159.560986763	-74.1326336739	
8.61666666667	0.0	0.0	0.0 	0.0 	189.25 	15.0 	0.0 	0.0 	0.0 	-0.0 	15.0 	0.0 	0.0 	0.0 	13.5077265911	2.81490782651	159.633231704	-74.345855705	
8.63333333333	0.0	0.0	0.0 	0.0 	189.5 	15.0 	0.0 	0.0 	0.0 	-0.0 	15.0 	0.0 	0.0 	0.0 	13.5213029863	2.81490782651	159.705549257	-74.559292042	
8.65	0.0	0.0	0.0 	0.0 	189.75 	15.0 	0.0 	0.0 	0.0 	-0.0 	15.0 	0.0 	0.0 	0.0 	13.5348341269	2.81490782651	159.777939181	-74.7729419707	
8.66666666667	0.0	0.0	0.0 	0.0 	190.0 	15.0 	0.0 	0.0 	0.0 	-0.0 	15.0 	0.0 	0.0 	0.0 	13.5483201637	2.81490782651	159.850401233	-74.986804779	
8.68333333333	0.0	0.0	0.0 	0.0 	190.25 	15.0 	0.0 	0.0 	0.0 	-0.0 	15.0 	0.0 	0.0 	0.0 	13.561761247	2.81490782651	159.922935174	-75.2008797573	
8.7	0.0	0.0	0.0 	0.0 	190.5 	15.0 	0.0 	0.0 	0.0 	-0.0 	15.0 	0.0 	0.0 	0.0 	13.5751575267	2.81490782651	159.995540763	-75.4151661985	
8.71666666667	0.0	0.0	0.0 	0.0 	190.75 	15.0 	0.0 	0.0 	0.0 	-0.0 	15.0 	0.0 	0.0 	0.0 	13.5885091522	2.81490782651	160.068217763	-75.6296633977	
8.73333333333	0.0	0.0	0.0 	0.0 	191.0 	15.0 	0.0 	0.0 	0.0 	-0.0 	15.0 	0.0 	0.0 	0.0 	13.6018162722	2.81490782651	160.140965935	-75.8443706522	
8.75	0.0	0.0	0.0 	0.0 	191.25 	15.0 	0.0 	0.0 	0.0 	-0.0 	15.0 	0.0 	0.0 	0.0 	13.6150790352	2.81490782651	160.213785041	-76.059287262	
8.76666666667	0.0	0.0	0.0 	0.0 	191.5 	15.0 	0.0 	0.0 	0.0 	-0.0 	15.0 	0.0 	0.0 	0.0 	13.6282975889	2.81490782651	160.286674846	-76.2744125292	
8.78333333333	0.0	0.0	0.0 	0.0 	191.75 	15.0 	0.0 	0.0 	0.0 	-0.0 	15.0 	0.0 	0.0 	0.0 	13.6414720808	2.81490782651	160.359635113	-76.4897457582	
8.8	0.0	0.0	0.0 	0.0 	192.0 	15.0 	0.0 	0.0 	0.0 	-0.0 	15.0 	0.0 	0.0 	0.0 	13.6546026578	2.81490782651	160.432665609	-76.7052862559	
8.81666666667	0.0	0.0	0.0 	0.0 	192.25 	15.0 	0.0 	0.0 	0.0 	-0.0 	15.0 	0.0 	0.0 	0.0 	13.6676894661	2.81490782651	160.505766097	-76.9210333313	
8.83333333333	0.0	0.0	0.0 	0.0 	192.5 	15.0 	0.0 	0.0 	0.0 	-0.0 	15.0 	0.0 	0.0 	0.0 	13.6807326518	2.81490782651	160.578936347	-77.1369862959	
8.85	0.0	0.0	0.0 	0.0 	192.75 	15.0 	0.0 	0.0 	0.0 	-0.0 	15.0 	0.0 	0.0 	0.0 	13.6937323601	2.81490782651	160.652176124	-77.3531444634	
8.86666666667	0.0	0.0	0.0 	0.0 	193.0 	15.0 	0.0 	0.0 	0.0 	-0.0 	15.0 	0.0 	0.0 	0.0 	13.7066887361	2.81490782651	160.725485197	-77.5695071497	
8.88333333333	0.0	0.0	0.0 	0.0 	193.25 	15.0 	0.0 	0.0 	0.0 	-0.0 	15.0 	0.0 	0.0 	0.0 	13.7196019242	2.81490782651	160.798863335	-77.7860736732	
8.9	0.0	0.0	0.0 	0.0 	193.5 	15.0 	0.0 	0.0 	0.0 	-0.0 	15.0 	0.0 	0.0 	0.0 	13.7324720683	2.81490782651	160.872310309	-78.0028433543	
8.91666666667	0.0	0.0	0.0 	0.0 	193.75 	15.0 	0.0 	0.0 	0.0 	-0.0 	15.0 	0.0 	0.0 	0.0 	13.745299312	2.81490782651	160.945825887	-78.2198155159	
8.93333333333	0.0	0.0	0.0 	0.0 	194.0 	15.0 	0.0 	0.0 	0.0 	-0.0 	15.0 	0.0 	0.0 	0.0 	13.7580837981	2.81490782651	161.019409843	-78.4369894831	
8.95	0.0	0.0	0.0 	0.0 	194.25 	15.0 	0.0 	0.0 	0.0 	-0.0 	15.0 	0.0 	0.0 	0.0 	13.7708256694	2.81490782651	161.093061947	-78.6543645831	
8.96666666667	0.0	0.0	0.0 	0.0 	194.5 	15.0 	0.0 	0.0 	0.0 	-0.0 	15.0 	0.0 	0.0 	0.0 	13.7835250677	2.81490782651	161.166781973	-78.8719401455	
8.98333333333	0.0	0.0	0.0 	0.0 	194.75 	15.0 	0.0 	0.0 	0.0 	-0.0 	15.0 	0.0 	0.0 	0.0 	13.7961821346	2.81490782651	161.240569694	-79.0897155021	
9.0	0.0	0.0	0.0 	0.0 	195.0 	15.0 	0.0 	0.0 	0.0 	-0.0 	15.0 	0.0 	0.0 	0.0 	13.8087970114	2.81490782651	161.314424885	-79.307689987	
9.01666666667	0.0	0.0	0.0 	0.0 	195.25 	15.0 	0.0 	0.0 	0.0 	-0.0 	15.0 	0.0 	0.0 	0.0 	13.8213698386	2.81490782651	161.38834732	-79.5258629363	
9.03333333333	0.0	0.0	0.0 	0.0 	195.5 	15.0 	0.0 	0.0 	0.0 	-0.0 	15.0 	0.0 	0.0 	0.0 	13.8339007563	2.81490782651	161.462336776	-79.7442336885	
9.05	0.0	0.0	0.0 	0.0 	195.75 	15.0 	0.0 	0.0 	0.0 	-0.0 	15.0 	0.0 	0.0 	0.0 	13.8463899043	2.81490782651	161.536393029	-79.9628015844	
9.06666666667	0.0	0.0	0.0 	0.0 	196.0 	15.0 	0.0 	0.0 	0.0 	-0.0 	15.0 	0.0 	0.0 	0.0 	13.8588374218	2.81490782651	161.610515857	-80.1815659666	
9.08333333333	0.0	0.0	0.0 	0.0 	196.25 	15.0 	0.0 	0.0 	0.0 	-0.0 	15.0 	0.0 	0.0 	0.0 	13.8712434476	2.81490782651	161.684705037	-80.4005261803	
9.1	0.0	0.0	0.0 	0.0 	196.5 	15.0 	0.0 	0.0 	0.0 	-0.0 	15.0 	0.0 	0.0 	0.0 	13.88360812	2.81490782651	161.758960349	-80.6196815727	
9.11666666667	0.0	0.0	0.0 	0.0 	196.75 	15.0 	0.0 	0.0 	0.0 	-0.0 	15.0 	0.0 	0.0 	0.0 	13.8959315768	2.81490782651	161.833281572	-80.8390314933	
9.13333333333	0.0	0.0	0.0 	0.0 	197.0 	15.0 	0.0 	0.0 	0.0 	-0.0 	15.0 	0.0 	0.0 	0.0 	13.9082139554	2.81490782651	161.907668486	-81.0585752935	
9.15	0.0	0.0	0.0 	0.0 	197.25 	15.0 	0.0 	0.0 	0.0 	-0.0 	15.0 	0.0 	0.0 	0.0 	13.9204553928	2.81490782651	161.982120872	-81.2783123271	
9.16666666667	0.0	0.0	0.0 	0.0 	197.5 	15.0 	0.0 	0.0 	0.0 	-0.0 	15.0 	0.0 	0.0 	0.0 	13.9326560254	2.81490782651	162.056638512	-81.49824195	
9.18333333333	0.0	0.0	0.0 	0.0 	197.75 	15.0 	0.0 	0.0 	0.0 	-0.0 	15.0 	0.0 	0.0 	0.0 	13.9448159891	2.81490782651	162.131221189	-81.7183635203	
9.2	0.0	0.0	0.0 	0.0 	198.0 	15.0 	0.0 	0.0 	0.0 	-0.0 	15.0 	0.0 	0.0 	0.0 	13.9569354197	2.81490782651	162.205868686	-81.9386763981	
9.21666666667	0.0	0.0	0.0 	0.0 	198.25 	15.0 	0.0 	0.0 	0.0 	-0.0 	15.0 	0.0 	0.0 	0.0 	13.9690144522	2.81490782651	162.280580786	-82.1591799457	
9.23333333333	0.0	0.0	0.0 	0.0 	198.5 	15.0 	0.0 	0.0 	0.0 	-0.0 	15.0 	0.0 	0.0 	0.0 	13.9810532212	2.81490782651	162.355357275	-82.3798735275	
9.25	0.0	0.0	0.0 	0.0 	198.75 	15.0 	0.0 	0.0 	0.0 	-0.0 	15.0 	0.0 	0.0 	0.0 	13.993051861	2.81490782651	162.430197937	-82.6007565102	
9.26666666667	0.0	0.0	0.0 	0.0 	199.0 	15.0 	0.0 	0.0 	0.0 	-0.0 	15.0 	0.0 	0.0 	0.0 	14.0050105053	2.81490782651	162.505102559	-82.8218282624	
9.28333333333	0.0	0.0	0.0 	0.0 	199.25 	15.0 	0.0 	0.0 	0.0 	-0.0 	15.0 	0.0 	0.0 	0.0 	14.0169292875	2.81490782651	162.580070928	-83.0430881547	
9.3	0.0	0.0	0.0 	0.0 	199.5 	15.0 	0.0 	0.0 	0.0 	-0.0 	15.0 	0.0 	0.0 	0.0 	14.0288083404	2.81490782651	162.655102831	-83.2645355602	
9.31666666667	0.0	0.0	0.0 	0.0 	199.75 	15.0 	0.0 	0.0 	0.0 	-0.0 	15.0 	0.0 	0.0 	0.0 	14.0406477965	2.81490782651	162.730198056	-83.4861698538	
9.33333333333	0.0	0.0	0.0 	0.0 	200.0 	15.0 	0.0 	0.0 	0.0 	-0.0 	15.0 	0.0 	0.0 	0.0 	14.0524477877	2.81490782651	162.805356392	-83.7079904124	
9.35	0.0	0.0	0.0 	0.0 	200.25 	15.0 	0.0 	0.0 	0.0 	-0.0 	15.0 	0.0 	0.0 	0.0 	14.0642084456	2.81490782651	162.88057763	-83.9299966153	
9.36666666667	0.0	0.0	0.0 	0.0 	200.5 	15.0 	0.0 	0.0 	0.0 	-0.0 	15.0 	0.0 	0.0 	0.0 	14.0759299014	2.81490782651	162.955861558	-84.1521878436	
9.38333333333	0.0	0.0	0.0 	0.0 	200.75 	15.0 	0.0 	0.0 	0.0 	-0.0 	15.0 	0.0 	0.0 	0.0 	14.0876122856	2.81490782651	163.031207969	-84.3745634806	
9.4	0.0	0.0	0.0 	0.0 	201.0 	15.0 	0.0 	0.0 	0.0 	-0.0 	15.0 	0.0 	0.0 	0.0 	14.0992557285	2.81490782651	163.106616654	-84.5971229115	
9.41666666667	0.0	0.0	0.0 	0.0 	201.25 	15.0 	0.0 	0.0 	0.0 	-0.0 	15.0 	0.0 	0.0 	0.0 	14.1108603599	2.81490782651	163.182087405	-84.8198655237	
9.43333333333	0.0	0.0	0.0 	0.0 	201.5 	15.0 	0.0 	0.0 	0.0 	-0.0 	15.0 	0.0 	0.0 	0.0 	14.1224263093	2.81490782651	163.257620016	-85.0427907066	
9.45	0.0	0.0	0.0 	0.0 	201.75 	15.0 	0.0 	0.0 	0.0 	-0.0 	15.0 	0.0 	0.0 	0.0 	14.1339537054	2.81490782651	163.33321428	-85.2658978516	
9.46666666667	0.0	0.0	0.0 	0.0 	202.0 	15.0 	0.0 	0.0 	0.0 	-0.0 	15.0 	0.0 	0.0 	0.0 	14.145442677	2.81490782651	163.408869992	-85.4891863523	
9.48333333333	0.0	0.0	0.0 	0.0 	202.25 	15.0 	0.0 	0.0 	0.0 	-0.0 	15.0 	0.0 	0.0 	0.0 	14.1568933519	2.81490782651	163.484586947	-85.712655604	
9.5	0.0	0.0	0.0 	0.0 	202.5 	15.0 	0.0 	0.0 	0.0 	-0.0 	15.0 	0.0 	0.0 	0.0 	14.1683058579	2.81490782651	163.56036494	-85.9363050044	
9.51666666667	0.0	0.0	0.0 	0.0 	202.75 	15.0 	0.0 	0.0 	0.0 	-0.0 	15.0 	0.0 	0.0 	0.0 	14.1796803223	2.81490782651	163.636203769	-86.1601339527	
9.53333333333	0.0	0.0	0.0 	0.0 	203.0 	15.0 	0.0 	0.0 	0.0 	-0.0 	15.0 	0.0 	0.0 	0.0 	14.1910168717	2.81490782651	163.712103231	-86.3841418507	
9.55	0.0	0.0	0.0 	0.0 	203.25 	15.0 	0.0 	0.0 	0.0 	-0.0 	15.0 	0.0 	0.0 	0.0 	14.2023156327	2.81490782651	163.788063123	-86.6083281018	
9.56666666667	0.0	0.0	0.0 	0.0 	203.5 	15.0 	0.0 	0.0 	0.0 	-0.0 	15.0 	0.0 	0.0 	0.0 	14.2135767311	2.81490782651	163.864083244	-86.8326921114	
9.58333333333	0.0	0.0	0.0 	0.0 	203.75 	15.0 	0.0 	0.0 	0.0 	-0.0 	15.0 	0.0 	0.0 	0.0 	14.2248002926	2.81490782651	163.940163393	-87.0572332871	
9.6	0.0	0.0	0.0 	0.0 	204.0 	15.0 	0.0 	0.0 	0.0 	-0.0 	15.0 	0.0 	0.0 	0.0 	14.2359864421	2.81490782651	164.016303371	-87.2819510383	
9.61666666667	0.0	0.0	0.0 	0.0 	204.25 	15.0 	0.0 	0.0 	0.0 	-0.0 	15.0 	0.0 	0.0 	0.0 	14.2471353045	2.81490782651	164.092502977	-87.5068447765	
9.63333333333	0.0	0.0	0.0 	0.0 	204.5 	15.0 	0.0 	0.0 	0.0 	-0.0 	15.0 	0.0 	0.0 	0.0 	14.2582470041	2.81490782651	164.168762013	-87.7319139149	
9.65	0.0	0.0	0.0 	0.0 	204.75 	15.0 	0.0 	0.0 	0.0 	-0.0 	15.0 	0.0 	0.0 	0.0 	14.2693216646	2.81490782651	164.245080282	-87.9571578689	
9.66666666667	0.0	0.0	0.0 	0.0 	205.0 	15.0 	0.0 	0.0 	0.0 	-0.0 	15.0 	0.0 	0.0 	0.0 	14.2803594096	2.81490782651	164.321457584	-88.1825760558	
9.68333333333	0.0	0.0	0.0 	0.0 	205.25 	15.0 	0.0 	0.0 	0.0 	-0.0 	15.0 	0.0 	0.0 	0.0 	14.2913603621	2.81490782651	164.397893725	-88.4081678948	
9.7	0.0	0.0	0.0 	0.0 	205.5 	15.0 	0.0 	0.0 	0.0 	-0.0 	15.0 	0.0 	0.0 	0.0 	14.3023246447	2.81490782651	164.474388506	-88.6339328072	
9.71666666667	0.0	0.0	0.0 	0.0 	205.75 	15.0 	0.0 	0.0 	0.0 	-0.0 	15.0 	0.0 	0.0 	0.0 	14.3132523798	2.81490782651	164.550941734	-88.8598702159	
9.73333333333	0.0	0.0	0.0 	0.0 	206.0 	15.0 	0.0 	0.0 	0.0 	-0.0 	15.0 	0.0 	0.0 	0.0 	14.3241436891	2.81490782651	164.627553213	-89.085979546	
9.75	0.0	0.0	0.0 	0.0 	206.25 	15.0 	0.0 	0.0 	0.0 	-0.0 	15.0 	0.0 	0.0 	0.0 	14.334998694	2.81490782651	164.70422275	-89.3122602244	
9.76666666667	0.0	0.0	0.0 	0.0 	206.5 	15.0 	0.0 	0.0 	0.0 	-0.0 	15.0 	0.0 	0.0 	0.0 	14.3458175155	2.81490782651	164.78095015	-89.5387116799	
9.78333333333	0.0	0.0	0.0 	0.0 	206.75 	15.0 	0.0 	0.0 	0.0 	-0.0 	15.0 	0.0 	0.0 	0.0 	14.3566002743	2.81490782651	164.85773522	-89.7653333434	
9.8	0.0	0.0	0.0 	0.0 	207.0 	15.0 	0.0 	0.0 	0.0 	-0.0 	15.0 	0.0 	0.0 	0.0 	14.3673470906	2.81490782651	164.934577769	-89.9921246474	
9.81666666667	0.0	0.0	0.0 	0.0 	207.25 	15.0 	0.0 	0.0 	0.0 	-0.0 	15.0 	0.0 	0.0 	0.0 	14.3780580842	2.81490782651	165.011477605	-90.2190850264	
9.83333333333	0.0	0.0	0.0 	0.0 	207.5 	15.0 	0.0 	0.0 	0.0 	-0.0 	15.0 	0.0 	0.0 	0.0 	14.3887333745	2.81490782651	165.088434536	-90.446213917	
9.85	0.0	0.0	0.0 	0.0 	207.75 	15.0 	0.0 	0.0 	0.0 	-0.0 	15.0 	0.0 	0.0 	0.0 	14.3993730804	2.81490782651	165.165448374	-90.6735107573	
9.86666666667	0.0	0.0	0.0 	0.0 	208.0 	15.0 	0.0 	0.0 	0.0 	-0.0 	15.0 	0.0 	0.0 	0.0 	14.4099773207	2.81490782651	165.242518927	-90.9009749876	
9.88333333333	0.0	0.0	0.0 	0.0 	208.25 	15.0 	0.0 	0.0 	0.0 	-0.0 	15.0 	0.0 	0.0 	0.0 	14.4205462135	2.81490782651	165.319646007	-91.1286060499	
9.9	0.0	0.0	0.0 	0.0 	208.5 	15.0 	0.0 	0.0 	0.0 	-0.0 	15.0 	0.0 	0.0 	0.0 	14.4310798766	2.81490782651	165.396829425	-91.356403388	
9.91666666667	0.0	0.0	0.0 	0.0 	208.75 	15.0 	0.0 	0.0 	0.0 	-0.0 	15.0 	0.0 	0.0 	0.0 	14.4415784276	2.81490782651	165.474068994	-91.5843664477	
9.93333333333	0.0	0.0	0.0 	0.0 	209.0 	15.0 	0.0 	0.0 	0.0 	-0.0 	15.0 	0.0 	0.0 	0.0 	14.4520419834	2.81490782651	165.551364527	-91.8124946767	
9.95	0.0	0.0	0.0 	0.0 	209.25 	15.0 	0.0 	0.0 	0.0 	-0.0 	15.0 	0.0 	0.0 	0.0 	14.4624706606	2.81490782651	165.628715836	-92.0407875243	
9.96666666667	0.0	0.0	0.0 	0.0 	209.5 	15.0 	0.0 	0.0 	0.0 	-0.0 	15.0 	0.0 	0.0 	0.0 	14.4728645756	2.81490782651	165.706122736	-92.2692444419	
9.98333333333	0.0	0.0	0.0 	0.0 	209.75 	15.0 	0.0 	0.0 	0.0 	-0.0 	15.0 	0.0 	0.0 	0.0 	14.4832238443	2.81490782651	165.783585042	-92.4978648825	
