0.0166666666667	0.0	0.0	0.0 	0.0 	60.3333333333 	20.0 	0.0 	0.0 	0.0 	0.0 	20.0 	0.0 	0.0 	0.0 	0.0	-1.57	140.0	-5.67741935484	
0.0333333333333	0.0	0.0	0.0 	0.0 	60.6666666667 	20.0 	0.0 	0.0 	0.0 	-0.0 	20.0 	0.0 	0.0 	0.0 	0.0	-1.57	140.0	-5.67741935484	
0.05	0.0	0.0	0.0 	0.0 	61.0 	20.0 	0.0 	0.0 	0.0 	-0.0 	20.0 	0.0 	0.0 	0.0 	0.0	-1.57	140.0	-5.67741935484	
0.0666666666667	0.0	0.0	0.0 	0.0 	61.3333333333 	20.0 	0.0 	0.0 	0.0 	-0.0 	20.0 	0.0 	0.0 	0.0 	0.0	-1.57	140.0	-5.67741935484	
0.0833333333333	0.0	0.0	0.0 	0.0 	61.6666666667 	20.0 	0.0 	0.0 	0.0 	-0.0 	20.0 	0.0 	0.0 	0.0 	0.0	-1.57	140.0	-5.67741935484	
0.1	0.0	0.0	0.0 	0.0 	62.0 	20.0 	0.0 	0.0 	0.0 	-0.0 	20.0 	0.0 	0.0 	0.0 	0.0	-1.57	140.0	-5.67741935484	
0.116666666667	0.0	0.0	0.0 	0.0 	62.3333333333 	20.0 	0.0 	0.0 	0.0 	-0.0 	20.0 	0.0 	0.0 	0.0 	0.0	-1.57	140.0	-5.67741935484	
0.133333333333	0.0	0.0	0.0 	0.0 	62.6666666667 	20.0 	0.0 	0.0 	0.0 	-0.0 	20.0 	0.0 	0.0 	0.0 	0.0	-1.57	140.0	-5.67741935484	
0.15	0.0	0.0	0.0 	0.0 	63.0 	20.0 	0.0 	0.0 	0.0 	-0.0 	20.0 	0.0 	0.0 	0.0 	0.0	-1.57	140.0	-5.67741935484	
0.166666666667	0.0	0.0	0.0 	0.0 	63.3333333333 	20.0 	0.0 	0.0 	0.0 	-0.0 	20.0 	0.0 	0.0 	0.0 	0.0	-1.57	140.0	-5.67741935484	
0.183333333333	0.0	0.0	0.0 	0.0 	63.6666666667 	20.0 	0.0 	0.0 	0.0 	-0.0 	20.0 	0.0 	0.0 	0.0 	0.0	-1.57	140.0	-5.67741935484	
0.2	0.0	0.0	0.0 	0.0 	64.0 	20.0 	0.0 	0.0 	0.0 	-0.0 	20.0 	0.0 	0.0 	0.0 	0.0	-1.57	140.0	-5.67741935484	
0.216666666667	0.0	0.0	0.0 	0.0 	64.3333333333 	20.0 	0.0 	0.0 	0.0 	-0.0 	20.0 	0.0 	0.0 	0.0 	0.0	-1.57	140.0	-5.67741935484	
0.233333333333	0.0	0.0	0.0 	0.0 	64.6666666667 	20.0 	0.0 	0.0 	0.0 	-0.0 	20.0 	0.0 	0.0 	0.0 	0.0	-1.57	140.0	-5.67741935484	
0.25	0.0	0.0	0.0 	0.0 	65.0 	20.0 	0.0 	0.0 	0.0 	-0.0 	20.0 	0.0 	0.0 	0.0 	0.0	-1.57	140.0	-5.67741935484	
0.266666666667	0.0	0.0	0.0 	0.0 	65.3333333333 	20.0 	0.0 	0.0 	0.0 	-0.0 	20.0 	0.0 	0.0 	0.0 	0.0	-1.57	140.0	-5.67741935484	
0.283333333333	0.0	0.0	0.0 	0.0 	65.6666666667 	20.0 	0.0 	0.0 	0.0 	-0.0 	20.0 	0.0 	0.0 	0.0 	0.0	-1.57	140.0	-5.67741935484	
0.3	0.0	0.0	0.0 	0.0 	66.0 	20.0 	0.0 	0.0 	0.0 	-0.0 	20.0 	0.0 	0.0 	0.0 	0.0	-1.57	140.0	-5.67741935484	
0.316666666667	0.0	0.0	0.0 	0.0 	66.3333333333 	20.0 	0.0 	0.0 	0.0 	-0.0 	20.0 	0.0 	0.0 	0.0 	0.0	-1.57	140.0	-5.67741935484	
0.333333333333	0.0	0.0	0.0 	0.0 	66.6666666667 	20.0 	0.0 	0.0 	0.0 	-0.0 	20.0 	0.0 	0.0 	0.0 	0.0	-1.57	140.0	-5.67741935484	
0.35	0.0	0.0	0.0 	0.0 	67.0 	20.0 	0.0 	0.0 	0.0 	-0.0 	20.0 	0.0 	0.0 	0.0 	0.0	-1.57	140.0	-5.67741935484	
0.366666666667	0.0	0.0	0.0 	0.0 	67.3333333333 	20.0 	0.0 	0.0 	0.0 	-0.0 	20.0 	0.0 	0.0 	0.0 	0.0	-1.57	140.0	-5.67741935484	
0.383333333333	0.0	0.0	0.0 	0.0 	67.6666666667 	20.0 	0.0 	0.0 	0.0 	-0.0 	20.0 	0.0 	0.0 	0.0 	0.0	-1.57	140.0	-5.67741935484	
0.4	0.0	0.0	0.0 	0.0 	68.0 	20.0 	0.0 	0.0 	0.0 	-0.0 	20.0 	0.0 	0.0 	0.0 	0.0	-1.57	140.0	-5.67741935484	
0.416666666667	0.0	0.0	0.0 	0.0 	68.3333333333 	20.0 	0.0 	0.0 	0.0 	-0.0 	20.0 	0.0 	0.0 	0.0 	0.0	-1.57	140.0	-5.67741935484	
0.433333333333	0.0	0.0	0.0 	0.0 	68.6666666667 	20.0 	0.0 	0.0 	0.0 	-0.0 	20.0 	0.0 	0.0 	0.0 	0.0	-1.57	140.0	-5.67741935484	
0.45	0.0	0.0	0.0 	0.0 	69.0 	20.0 	0.0 	0.0 	0.0 	-0.0 	20.0 	0.0 	0.0 	0.0 	0.0	-1.57	140.0	-5.67741935484	
0.466666666667	0.0	0.0	0.0 	0.0 	69.3333333333 	20.0 	0.0 	0.0 	0.0 	-0.0 	20.0 	0.0 	0.0 	0.0 	0.0	-1.57	140.0	-5.67741935484	
0.483333333333	0.0	0.0	0.0 	0.0 	69.6666666667 	20.0 	0.0 	0.0 	0.0 	-0.0 	20.0 	0.0 	0.0 	0.0 	0.0	-1.57	140.0	-5.67741935484	
0.5	0.0	0.0	0.0 	0.0 	70.0 	20.0 	0.0 	0.0 	0.0 	-0.0 	20.0 	0.0 	0.0 	0.0 	0.0	-1.57	140.0	-5.67741935484	
0.516666666667	0.0	0.0	0.0 	0.0 	70.3333333333 	20.0 	0.0 	0.0 	0.0 	-0.0 	20.0 	0.0 	0.0 	0.0 	0.0	-1.57	140.0	-5.67741935484	
0.533333333333	0.0	0.0	0.0 	0.0 	70.6666666667 	20.0 	0.0 	0.0 	0.0 	-0.0 	20.0 	0.0 	0.0 	0.0 	0.0	-1.57	140.0	-5.67741935484	
0.55	0.0	0.0	0.0 	0.0 	71.0 	20.0 	0.0 	0.0 	0.0 	-0.0 	20.0 	0.0 	0.0 	0.0 	0.0	-1.57	140.0	-5.67741935484	
0.566666666667	0.0	0.0	0.0 	0.0 	71.3333333333 	20.0 	0.0 	0.0 	0.0 	-0.0 	20.0 	0.0 	0.0 	0.0 	0.0	-1.57	140.0	-5.67741935484	
0.583333333333	0.0	0.0	0.0 	0.0 	71.6666666667 	20.0 	0.0 	0.0 	0.0 	-0.0 	20.0 	0.0 	0.0 	0.0 	0.0	-1.57	140.0	-5.67741935484	
0.6	0.0	0.0	0.0 	0.0 	72.0 	20.0 	0.0 	0.0 	0.0 	-0.0 	20.0 	0.0 	0.0 	0.0 	0.0	-1.57	140.0	-5.67741935484	
0.616666666667	0.0	0.0	0.0 	0.0 	72.3333333333 	20.0 	0.0 	0.0 	0.0 	-0.0 	20.0 	0.0 	0.0 	0.0 	0.0	-1.57	140.0	-5.67741935484	
0.633333333333	0.0	0.0	0.0 	0.0 	72.6666666667 	20.0 	0.0 	0.0 	0.0 	-0.0 	20.0 	0.0 	0.0 	0.0 	0.0	-1.57	140.0	-5.67741935484	
0.65	0.0	0.0	0.0 	0.0 	73.0 	20.0 	0.0 	0.0 	0.0 	-0.0 	20.0 	0.0 	0.0 	0.0 	0.0	-1.57	140.0	-5.67741935484	
0.666666666667	0.0	0.0	0.0 	0.0 	73.3333333333 	20.0 	0.0 	0.0 	0.0 	-0.0 	20.0 	0.0 	0.0 	0.0 	0.0	-1.57	140.0	-5.67741935484	
0.683333333333	0.0	0.0	0.0 	0.0 	73.6666666667 	20.0 	0.0 	0.0 	0.0 	-0.0 	20.0 	0.0 	0.0 	0.0 	0.0	-1.57	140.0	-5.67741935484	
0.7	0.0	0.0	0.0 	0.0 	74.0 	20.0 	0.0 	0.0 	0.0 	-0.0 	20.0 	0.0 	0.0 	0.0 	0.0	-1.57	140.0	-5.67741935484	
0.716666666667	0.0	0.0	0.0 	0.0 	74.3333333333 	20.0 	0.0 	0.0 	0.0 	-0.0 	20.0 	0.0 	0.0 	0.0 	0.0	-1.57	140.0	-5.67741935484	
0.733333333333	0.0	0.0	0.0 	0.0 	74.6666666667 	20.0 	0.0 	0.0 	0.0 	-0.0 	20.0 	0.0 	0.0 	0.0 	0.0	-1.57	140.0	-5.67741935484	
0.75	0.0	0.0	0.0 	0.0 	75.0 	20.0 	0.0 	0.0 	0.0 	-0.0 	20.0 	0.0 	0.0 	0.0 	0.0	-1.57	140.0	-5.67741935484	
0.766666666667	0.0	0.0	0.0 	0.0 	75.3333333333 	20.0 	0.0 	0.0 	0.0 	-0.0 	20.0 	0.0 	0.0 	0.0 	0.0	-1.57	140.0	-5.67741935484	
0.783333333333	0.0	0.0	0.0 	0.0 	75.6666666667 	20.0 	0.0 	0.0 	0.0 	-0.0 	20.0 	0.0 	0.0 	0.0 	0.0	-1.57	140.0	-5.67741935484	
0.8	0.0	0.0	0.0 	0.0 	76.0 	20.0 	0.0 	0.0 	0.0 	-0.0 	20.0 	0.0 	0.0 	0.0 	0.0	-1.57	140.0	-5.67741935484	
0.816666666667	0.0	0.0	0.0 	0.0 	76.3333333333 	20.0 	0.0 	0.0 	0.0 	-0.0 	20.0 	0.0 	0.0 	0.0 	0.0	-1.57	140.0	-5.67741935484	
0.833333333333	0.0	0.0	0.0 	0.0 	76.6666666667 	20.0 	0.0 	0.0 	0.0 	-0.0 	20.0 	0.0 	0.0 	0.0 	0.0	-1.57	140.0	-5.67741935484	
0.85	0.0	0.0	0.0 	0.0 	77.0 	20.0 	0.0 	0.0 	0.0 	-0.0 	20.0 	0.0 	0.0 	0.0 	0.0	-1.57	140.0	-5.67741935484	
0.866666666667	0.0	0.0	0.0 	0.0 	77.3333333333 	20.0 	0.0 	0.0 	0.0 	-0.0 	20.0 	0.0 	0.0 	0.0 	0.0	-1.57	140.0	-5.67741935484	
0.883333333333	0.0	0.0	0.0 	0.0 	77.6666666667 	20.0 	0.0 	0.0 	0.0 	-0.0 	20.0 	0.0 	0.0 	0.0 	0.0	-1.57	140.0	-5.67741935484	
0.9	0.0	0.0	0.0 	0.0 	78.0 	20.0 	0.0 	0.0 	0.0 	-0.0 	20.0 	0.0 	0.0 	0.0 	0.0	-1.57	140.0	-5.67741935484	
0.916666666667	0.0	0.0	0.0 	0.0 	78.3333333333 	20.0 	0.0 	0.0 	0.0 	-0.0 	20.0 	0.0 	0.0 	0.0 	0.0	-1.57	140.0	-5.67741935484	
0.933333333333	0.0	0.0	0.0 	0.0 	78.6666666667 	20.0 	0.0 	0.0 	0.0 	-0.0 	20.0 	0.0 	0.0 	0.0 	0.0	-1.57	140.0	-5.67741935484	
0.95	0.0	0.0	0.0 	0.0 	79.0 	20.0 	0.0 	0.0 	0.0 	-0.0 	20.0 	0.0 	0.0 	0.0 	0.0	-1.57	140.0	-5.67741935484	
0.966666666667	0.0	0.0	0.0 	0.0 	79.3333333333 	20.0 	0.0 	0.0 	0.0 	-0.0 	20.0 	0.0 	0.0 	0.0 	0.0	-1.57	140.0	-5.67741935484	
0.983333333333	0.0	0.0	0.0 	0.0 	79.6666666667 	20.0 	0.0 	0.0 	0.0 	-0.0 	20.0 	0.0 	0.0 	0.0 	0.0	-1.57	140.0	-5.67741935484	
1.0	0.0	0.0	0.0 	0.0 	80.0 	20.0 	0.0 	0.0 	0.0 	-0.0 	20.0 	0.0 	0.0 	0.0 	0.0	-1.57	140.0	-5.67741935484	
1.01666666667	0.0	0.0	0.0 	0.0 	80.3333333333 	20.0 	0.0 	0.0 	0.0 	-0.0 	20.0 	0.0 	0.0 	0.0 	0.120430107527	-1.57	139.997992832	-5.67741775648	
1.03333333333	0.0	0.0	0.0 	0.0 	80.6666666667 	20.0 	0.0 	0.0 	0.0 	-0.0 	20.0 	0.0 	0.0 	0.0 	0.238183990442	-1.57	139.9940231	-5.67741459527	
1.05	0.0	0.0	0.0 	0.0 	81.0 	20.0 	0.0 	0.0 	0.0 	-0.0 	20.0 	0.0 	0.0 	0.0 	0.353321120404	-1.57	139.988134417	-5.67740990595	
1.06666666667	0.0	0.0	0.0 	0.0 	81.3333333333 	20.0 	0.0 	0.0 	0.0 	-0.0 	20.0 	0.0 	0.0 	0.0 	0.465899647477	-1.57	139.980369425	-5.67740372248	
1.08333333333	0.0	0.0	0.0 	0.0 	81.6666666667 	20.0 	0.0 	0.0 	0.0 	-0.0 	20.0 	0.0 	0.0 	0.0 	0.575976429504	-1.57	139.970769821	-5.67739607806	
1.1	0.0	0.0	0.0 	0.0 	82.0 	20.0 	0.0 	0.0 	0.0 	-0.0 	20.0 	0.0 	0.0 	0.0 	0.68360706082	-1.57	139.959376374	-5.67738700515	
1.11666666667	0.0	0.0	0.0 	0.0 	82.3333333333 	20.0 	0.0 	0.0 	0.0 	-0.0 	20.0 	0.0 	0.0 	0.0 	0.788845900329	-1.57	139.946228946	-5.6773765355	
1.13333333333	0.0	0.0	0.0 	0.0 	82.6666666667 	20.0 	0.0 	0.0 	0.0 	-0.0 	20.0 	0.0 	0.0 	0.0 	0.891746098959	-1.57	139.931366516	-5.67736470014	
1.15	0.0	0.0	0.0 	0.0 	83.0 	20.0 	0.0 	0.0 	0.0 	-0.0 	20.0 	0.0 	0.0 	0.0 	0.992359626509	-1.57	139.914827194	-5.67735152944	
1.16666666667	0.0	0.0	0.0 	0.0 	83.3333333333 	20.0 	0.0 	0.0 	0.0 	-0.0 	20.0 	0.0 	0.0 	0.0 	1.09073729789	-1.57	139.896648245	-5.67733705305	
1.18333333333	0.0	0.0	0.0 	0.0 	83.6666666667 	20.0 	0.0 	0.0 	0.0 	-0.0 	20.0 	0.0 	0.0 	0.0 	1.1869287988	-1.57	139.876866104	-5.6773213	
1.2	0.0	0.0	0.0 	0.0 	84.0 	20.0 	0.0 	0.0 	0.0 	-0.0 	20.0 	0.0 	0.0 	0.0 	1.2809827108	-1.57	139.855516399	-5.67730429865	
1.21666666667	0.0	0.0	0.0 	0.0 	84.3333333333 	20.0 	0.0 	0.0 	0.0 	-0.0 	20.0 	0.0 	0.0 	0.0 	1.37294653586	-1.57	139.832633964	-5.67728607675	
1.23333333333	0.0	0.0	0.0 	0.0 	84.6666666667 	20.0 	0.0 	0.0 	0.0 	-0.0 	20.0 	0.0 	0.0 	0.0 	1.46286672037	-1.57	139.80825286	-5.67726666142	
1.25	0.0	0.0	0.0 	0.0 	85.0 	20.0 	0.0 	0.0 	0.0 	-0.0 	20.0 	0.0 	0.0 	0.0 	1.55078867855	-1.57	139.78240639	-5.67724607918	
1.26666666667	0.0	0.0	0.0 	0.0 	85.3333333333 	20.0 	0.0 	0.0 	0.0 	-0.0 	20.0 	0.0 	0.0 	0.0 	1.63675681545	-1.57	139.755127119	-5.67722435596	
1.28333333333	0.0	0.0	0.0 	0.0 	85.6666666667 	20.0 	0.0 	0.0 	0.0 	-0.0 	20.0 	0.0 	0.0 	0.0 	1.7208145493	-1.57	139.726446885	-5.67720151712	
1.3	0.0	0.0	0.0 	0.0 	86.0 	20.0 	0.0 	0.0 	0.0 	-0.0 	20.0 	0.0 	0.0 	0.0 	1.80300433351	-1.57	139.696396823	-5.67717758744	
1.31666666667	0.0	0.0	0.0 	0.0 	86.3333333333 	20.0 	0.0 	0.0 	0.0 	-0.0 	20.0 	0.0 	0.0 	0.0 	1.88336767807	-1.57	139.665007371	-5.67715259118	
1.33333333333	0.0	0.0	0.0 	0.0 	86.6666666667 	20.0 	0.0 	0.0 	0.0 	-0.0 	20.0 	0.0 	0.0 	0.0 	1.96194517053	-1.57	139.632308295	-5.67712655202	
1.35	0.0	0.0	0.0 	0.0 	87.0 	20.0 	0.0 	0.0 	0.0 	-0.0 	20.0 	0.0 	0.0 	0.0 	2.03877649648	-1.57	139.598328698	-5.67709949315	
1.36666666667	0.0	0.0	0.0 	0.0 	87.3333333333 	20.0 	0.0 	0.0 	0.0 	-0.0 	20.0 	0.0 	0.0 	0.0 	2.11390045965	-1.57	139.563097035	-5.67707143723	
1.38333333333	0.0	0.0	0.0 	0.0 	87.6666666667 	20.0 	0.0 	0.0 	0.0 	-0.0 	20.0 	0.0 	0.0 	0.0 	2.1873550014	-1.57	139.52664113	-5.67704240641	
1.4	0.0	0.0	0.0 	0.0 	88.0 	20.0 	0.0 	0.0 	0.0 	-0.0 	20.0 	0.0 	0.0 	0.0 	2.25917722001	-1.57	139.488988188	-5.67701242235	
1.41666666667	0.0	0.0	0.0 	0.0 	88.3333333333 	20.0 	0.0 	0.0 	0.0 	-0.0 	20.0 	0.0 	0.0 	0.0 	2.32940338931	-1.57	139.45016481	-5.67698150625	
1.43333333333	0.0	0.0	0.0 	0.0 	88.6666666667 	20.0 	0.0 	0.0 	0.0 	-0.0 	20.0 	0.0 	0.0 	0.0 	2.39806897708	-1.57	139.410197007	-5.67694967881	
1.45	0.0	0.0	0.0 	0.0 	89.0 	20.0 	0.0 	0.0 	0.0 	-0.0 	20.0 	0.0 	0.0 	0.0 	2.46520866289	-1.57	139.369110209	-5.67691696029	
1.46666666667	0.0	0.0	0.0 	0.0 	89.3333333333 	20.0 	0.0 	0.0 	0.0 	-0.0 	20.0 	0.0 	0.0 	0.0 	2.53085635569	-1.57	139.326929283	-5.67688337048	
1.48333333333	0.0	0.0	0.0 	0.0 	89.6666666667 	20.0 	0.0 	0.0 	0.0 	-0.0 	20.0 	0.0 	0.0 	0.0 	2.59504521087	-1.57	139.283678543	-5.67684892875	
1.5	0.0	0.0	0.0 	0.0 	90.0 	20.0 	0.0 	0.0 	0.0 	-0.0 	20.0 	0.0 	0.0 	0.0 	2.65780764704	-1.57	139.239381763	-5.67681365403	
1.51666666667	0.0	0.0	0.0 	0.0 	90.3333333333 	20.0 	0.0 	0.0 	0.0 	-0.0 	20.0 	0.0 	0.0 	0.0 	2.71917536241	-1.57	139.194062188	-5.67677756483	
1.53333333333	0.0	0.0	0.0 	0.0 	90.6666666667 	20.0 	0.0 	0.0 	0.0 	-0.0 	20.0 	0.0 	0.0 	0.0 	2.77917935077	-1.57	139.147742547	-5.67674067925	
1.55	0.0	0.0	0.0 	0.0 	91.0 	20.0 	0.0 	0.0 	0.0 	-0.0 	20.0 	0.0 	0.0 	0.0 	2.83784991717	-1.57	139.100445063	-5.67670301499	
1.56666666667	0.0	0.0	0.0 	0.0 	91.3333333333 	20.0 	0.0 	0.0 	0.0 	-0.0 	20.0 	0.0 	0.0 	0.0 	2.89521669321	-1.57	139.052191467	-5.67666458935	
1.58333333333	0.0	0.0	0.0 	0.0 	91.6666666667 	20.0 	0.0 	0.0 	0.0 	-0.0 	20.0 	0.0 	0.0 	0.0 	2.95130865199	-1.57	139.003003005	-5.67662541925	
1.6	0.0	0.0	0.0 	0.0 	92.0 	20.0 	0.0 	0.0 	0.0 	-0.0 	20.0 	0.0 	0.0 	0.0 	3.00615412281	-1.57	138.952900452	-5.67658552124	
1.61666666667	0.0	0.0	0.0 	0.0 	92.3333333333 	20.0 	0.0 	0.0 	0.0 	-0.0 	20.0 	0.0 	0.0 	0.0 	3.05978080539	-1.57	138.901904122	-5.67654491148	
1.63333333333	0.0	0.0	0.0 	0.0 	92.6666666667 	20.0 	0.0 	0.0 	0.0 	-0.0 	20.0 	0.0 	0.0 	0.0 	3.1122157839	-1.57	138.850033875	-5.67650360581	
1.65	0.0	0.0	0.0 	0.0 	93.0 	20.0 	0.0 	0.0 	0.0 	-0.0 	20.0 	0.0 	0.0 	0.0 	3.16348554068	-1.57	138.797309133	-5.67646161967	
1.66666666667	0.0	0.0	0.0 	0.0 	93.3333333333 	20.0 	0.0 	0.0 	0.0 	-0.0 	20.0 	0.0 	0.0 	0.0 	3.21361596952	-1.57	138.743748883	-5.6764189682	
1.68333333333	0.0	0.0	0.0 	0.0 	93.6666666667 	20.0 	0.0 	0.0 	0.0 	-0.0 	20.0 	0.0 	0.0 	0.0 	3.26263238884	-1.57	138.689371694	-5.67637566618	
1.7	0.0	0.0	0.0 	0.0 	94.0 	20.0 	0.0 	0.0 	0.0 	-0.0 	20.0 	0.0 	0.0 	0.0 	3.31055955439	-1.57	138.634195719	-5.67633172806	
1.71666666667	0.0	0.0	0.0 	0.0 	94.3333333333 	20.0 	0.0 	0.0 	0.0 	-0.0 	20.0 	0.0 	0.0 	0.0 	3.35742167182	-1.57	138.578238709	-5.67628716799	
1.73333333333	0.0	0.0	0.0 	0.0 	94.6666666667 	20.0 	0.0 	0.0 	0.0 	-0.0 	20.0 	0.0 	0.0 	0.0 	3.40324240886	-1.57	138.52151802	-5.67624199977	
1.75	0.0	0.0	0.0 	0.0 	95.0 	20.0 	0.0 	0.0 	0.0 	-0.0 	20.0 	0.0 	0.0 	0.0 	3.4480449073	-1.57	138.464050623	-5.67619623694	
1.76666666667	0.0	0.0	0.0 	0.0 	95.3333333333 	20.0 	0.0 	0.0 	0.0 	-0.0 	20.0 	0.0 	0.0 	0.0 	3.49185179467	-1.57	138.405853112	-5.67614989269	
1.78333333333	0.0	0.0	0.0 	0.0 	95.6666666667 	20.0 	0.0 	0.0 	0.0 	-0.0 	20.0 	0.0 	0.0 	0.0 	3.53468519565	-1.57	138.346941711	-5.67610297995	
1.8	0.0	0.0	0.0 	0.0 	96.0 	20.0 	0.0 	0.0 	0.0 	-0.0 	20.0 	0.0 	0.0 	0.0 	3.57656674327	-1.57	138.287332284	-5.67605551136	
1.81666666667	0.0	0.0	0.0 	0.0 	96.3333333333 	20.0 	0.0 	0.0 	0.0 	-0.0 	20.0 	0.0 	0.0 	0.0 	3.61751758984	-1.57	138.227040343	-5.67600749926	
1.83333333333	0.0	0.0	0.0 	0.0 	96.6666666667 	20.0 	0.0 	0.0 	0.0 	-0.0 	20.0 	0.0 	0.0 	0.0 	3.65755841759	-1.57	138.166081055	-5.67595895573	
1.85	0.0	0.0	0.0 	0.0 	97.0 	20.0 	0.0 	0.0 	0.0 	-0.0 	20.0 	0.0 	0.0 	0.0 	3.69670944917	-1.57	138.104469251	-5.67590989259	
1.86666666667	0.0	0.0	0.0 	0.0 	97.3333333333 	20.0 	0.0 	0.0 	0.0 	-0.0 	20.0 	0.0 	0.0 	0.0 	3.73499045783	-1.57	138.04221943	-5.67586032138	
1.88333333333	0.0	0.0	0.0 	0.0 	97.6666666667 	20.0 	0.0 	0.0 	0.0 	-0.0 	20.0 	0.0 	0.0 	0.0 	3.7724207774	-1.57	137.97934577	-5.67581025339	
1.9	0.0	0.0	0.0 	0.0 	98.0 	20.0 	0.0 	0.0 	0.0 	-0.0 	20.0 	0.0 	0.0 	0.0 	3.8090193121	-1.57	137.915862135	-5.67575969966	
1.91666666667	0.0	0.0	0.0 	0.0 	98.3333333333 	20.0 	0.0 	0.0 	0.0 	-0.0 	20.0 	0.0 	0.0 	0.0 	3.84480454602	-1.57	137.851782079	-5.67570867099	
1.93333333333	0.0	0.0	0.0 	0.0 	98.6666666667 	20.0 	0.0 	0.0 	0.0 	-0.0 	20.0 	0.0 	0.0 	0.0 	3.87979455253	-1.57	137.787118857	-5.67565717792	
1.95	0.0	0.0	0.0 	0.0 	99.0 	20.0 	0.0 	0.0 	0.0 	-0.0 	20.0 	0.0 	0.0 	0.0 	3.91400700333	-1.57	137.721885428	-5.67560523078	
1.96666666667	0.0	0.0	0.0 	0.0 	99.3333333333 	20.0 	0.0 	0.0 	0.0 	-0.0 	20.0 	0.0 	0.0 	0.0 	3.94745917745	-1.57	137.656094463	-5.67555283966	
1.98333333333	0.0	0.0	0.0 	0.0 	99.6666666667 	20.0 	0.0 	0.0 	0.0 	-0.0 	20.0 	0.0 	0.0 	0.0 	3.98016796992	-1.57	137.589758351	-5.67550001443	
2.0	0.0	0.0	0.0 	0.0 	100.0 	20.0 	0.0 	0.0 	0.0 	-0.0 	20.0 	0.0 	0.0 	0.0 	4.01214990034	-1.57	137.522889207	-5.67544676472	
2.01666666667	0.0	0.0	0.0 	0.0 	100.333333333 	20.0 	0.0 	0.0 	0.0 	-0.0 	20.0 	0.0 	0.0 	0.0 	4.04342112119	-1.57	137.455498876	-5.67539309999	
2.03333333333	0.0	0.0	0.0 	0.0 	100.666666667 	20.0 	0.0 	0.0 	0.0 	-0.0 	20.0 	0.0 	0.0 	0.0 	4.07399742603	-1.57	137.387598941	-5.67533902944	
2.05	0.0	0.0	0.0 	0.0 	101.0 	20.0 	0.0 	0.0 	0.0 	-0.0 	20.0 	0.0 	0.0 	0.0 	4.10389425742	-1.57	137.319200725	-5.67528456209	
2.06666666667	0.0	0.0	0.0 	0.0 	101.333333333 	20.0 	0.0 	0.0 	0.0 	-0.0 	20.0 	0.0 	0.0 	0.0 	4.13312671478	-1.57	137.250315301	-5.67522970677	
2.08333333333	0.0	0.0	0.0 	0.0 	101.666666667 	20.0 	0.0 	0.0 	0.0 	-0.0 	20.0 	0.0 	0.0 	0.0 	4.16170956198	-1.57	137.180953497	-5.6751744721	
2.1	0.0	0.0	0.0 	0.0 	102.0 	20.0 	0.0 	0.0 	0.0 	-0.0 	20.0 	0.0 	0.0 	0.0 	4.1896572348	-1.57	137.111125899	-5.6751188665	
2.11666666667	0.0	0.0	0.0 	0.0 	102.333333333 	20.0 	0.0 	0.0 	0.0 	-0.0 	20.0 	0.0 	0.0 	0.0 	4.21698384822	-1.57	137.040842857	-5.67506289822	
2.13333333333	0.0	0.0	0.0 	0.0 	102.666666667 	20.0 	0.0 	0.0 	0.0 	-0.0 	20.0 	0.0 	0.0 	0.0 	4.24370320356	-1.57	136.970114493	-5.67500657531	
2.15	0.0	0.0	0.0 	0.0 	103.0 	20.0 	0.0 	0.0 	0.0 	-0.0 	20.0 	0.0 	0.0 	0.0 	4.26982879545	-1.57	136.898950702	-5.67494990567	
2.16666666667	0.0	0.0	0.0 	0.0 	103.333333333 	20.0 	0.0 	0.0 	0.0 	-0.0 	20.0 	0.0 	0.0 	0.0 	4.29537381864	-1.57	136.827361161	-5.67489289699	
2.18333333333	0.0	0.0	0.0 	0.0 	103.666666667 	20.0 	0.0 	0.0 	0.0 	-0.0 	20.0 	0.0 	0.0 	0.0 	4.32035117464	-1.57	136.755355331	-5.6748355568	
2.2	0.0	0.0	0.0 	0.0 	104.0 	20.0 	0.0 	0.0 	0.0 	-0.0 	20.0 	0.0 	0.0 	0.0 	4.34477347828	-1.57	136.682942463	-5.67477789248	
2.21666666667	0.0	0.0	0.0 	0.0 	104.333333333 	20.0 	0.0 	0.0 	0.0 	-0.0 	20.0 	0.0 	0.0 	0.0 	4.36865306407	-1.57	136.610131601	-5.67471991123	
2.23333333333	0.0	0.0	0.0 	0.0 	104.666666667 	20.0 	0.0 	0.0 	0.0 	-0.0 	20.0 	0.0 	0.0 	0.0 	4.3920019924	-1.57	136.536931591	-5.67466162009	
2.25	0.0	0.0	0.0 	0.0 	105.0 	20.0 	0.0 	0.0 	0.0 	-0.0 	20.0 	0.0 	0.0 	0.0 	4.41483205565	-1.57	136.46335108	-5.67460302594	
2.26666666667	0.0	0.0	0.0 	0.0 	105.333333333 	20.0 	0.0 	0.0 	0.0 	-0.0 	20.0 	0.0 	0.0 	0.0 	4.43715478416	-1.57	136.389398524	-5.67454413553	
2.28333333333	0.0	0.0	0.0 	0.0 	105.666666667 	20.0 	0.0 	0.0 	0.0 	-0.0 	20.0 	0.0 	0.0 	0.0 	4.45898145204	-1.57	136.31508219	-5.67448495543	
2.3	0.0	0.0	0.0 	0.0 	106.0 	20.0 	0.0 	0.0 	0.0 	-0.0 	20.0 	0.0 	0.0 	0.0 	4.48032308285	-1.57	136.240410162	-5.67442549208	
2.31666666667	0.0	0.0	0.0 	0.0 	106.333333333 	20.0 	0.0 	0.0 	0.0 	-0.0 	20.0 	0.0 	0.0 	0.0 	4.50119045521	-1.57	136.165390345	-5.67436575178	
2.33333333333	0.0	0.0	0.0 	0.0 	106.666666667 	20.0 	0.0 	0.0 	0.0 	-0.0 	20.0 	0.0 	0.0 	0.0 	4.52159410817	-1.57	136.090030467	-5.67430574067	
2.35	0.0	0.0	0.0 	0.0 	107.0 	20.0 	0.0 	0.0 	0.0 	-0.0 	20.0 	0.0 	0.0 	0.0 	4.54154434663	-1.57	136.014338086	-5.67424546479	
2.36666666667	0.0	0.0	0.0 	0.0 	107.333333333 	20.0 	0.0 	0.0 	0.0 	-0.0 	20.0 	0.0 	0.0 	0.0 	4.56105124645	-1.57	135.938320589	-5.67418493001	
2.38333333333	0.0	0.0	0.0 	0.0 	107.666666667 	20.0 	0.0 	0.0 	0.0 	-0.0 	20.0 	0.0 	0.0 	0.0 	4.58012465961	-1.57	135.861985202	-5.67412414208	
2.4	0.0	0.0	0.0 	0.0 	108.0 	20.0 	0.0 	0.0 	0.0 	-0.0 	20.0 	0.0 	0.0 	0.0 	4.59877421915	-1.57	135.78533899	-5.67406310664	
2.41666666667	0.0	0.0	0.0 	0.0 	108.333333333 	20.0 	0.0 	0.0 	0.0 	-0.0 	20.0 	0.0 	0.0 	0.0 	4.61700934403	-1.57	135.708388858	-5.67400182917	
2.43333333333	0.0	0.0	0.0 	0.0 	108.666666667 	20.0 	0.0 	0.0 	0.0 	-0.0 	20.0 	0.0 	0.0 	0.0 	4.63483924391	-1.57	135.631141562	-5.67394031507	
2.45	0.0	0.0	0.0 	0.0 	109.0 	20.0 	0.0 	0.0 	0.0 	-0.0 	20.0 	0.0 	0.0 	0.0 	4.65227292379	-1.57	135.553603704	-5.67387856958	
2.46666666667	0.0	0.0	0.0 	0.0 	109.333333333 	20.0 	0.0 	0.0 	0.0 	-0.0 	20.0 	0.0 	0.0 	0.0 	4.66931918857	-1.57	135.475781743	-5.67381659785	
2.48333333333	0.0	0.0	0.0 	0.0 	109.666666667 	20.0 	0.0 	0.0 	0.0 	-0.0 	20.0 	0.0 	0.0 	0.0 	4.68598664746	-1.57	135.39768199	-5.67375440491	
2.5	0.0	0.0	0.0 	0.0 	110.0 	20.0 	0.0 	0.0 	0.0 	-0.0 	20.0 	0.0 	0.0 	0.0 	4.70228371838	-1.57	135.31931062	-5.67369199568	
2.51666666667	0.0	0.0	0.0 	0.0 	110.333333333 	20.0 	0.0 	0.0 	0.0 	-0.0 	20.0 	0.0 	0.0 	0.0 	4.71821863216	-1.57	135.240673667	-5.67362937495	
2.53333333333	0.0	0.0	0.0 	0.0 	110.666666667 	20.0 	0.0 	0.0 	0.0 	-0.0 	20.0 	0.0 	0.0 	0.0 	4.73379943675	-1.57	135.161777035	-5.67356654744	
2.55	0.0	0.0	0.0 	0.0 	111.0 	20.0 	0.0 	0.0 	0.0 	-0.0 	20.0 	0.0 	0.0 	0.0 	4.74903400124	-1.57	135.082626493	-5.67350351773	
2.56666666667	0.0	0.0	0.0 	0.0 	111.333333333 	20.0 	0.0 	0.0 	0.0 	-0.0 	20.0 	0.0 	0.0 	0.0 	4.76393001985	-1.57	135.003227685	-5.67344029032	
2.58333333333	0.0	0.0	0.0 	0.0 	111.666666667 	20.0 	0.0 	0.0 	0.0 	-0.0 	20.0 	0.0 	0.0 	0.0 	4.77849501583	-1.57	134.923586127	-5.67337686959	
2.6	0.0	0.0	0.0 	0.0 	112.0 	20.0 	0.0 	0.0 	0.0 	-0.0 	20.0 	0.0 	0.0 	0.0 	4.79273634522	-1.57	134.843707213	-5.67331325986	
2.61666666667	0.0	0.0	0.0 	0.0 	112.333333333 	20.0 	0.0 	0.0 	0.0 	-0.0 	20.0 	0.0 	0.0 	0.0 	4.80666120064	-1.57	134.763596218	-5.67324946532	
2.63333333333	0.0	0.0	0.0 	0.0 	112.666666667 	20.0 	0.0 	0.0 	0.0 	-0.0 	20.0 	0.0 	0.0 	0.0 	4.82027661481	-1.57	134.6832583	-5.67318549007	
2.65	0.0	0.0	0.0 	0.0 	113.0 	20.0 	0.0 	0.0 	0.0 	-0.0 	20.0 	0.0 	0.0 	0.0 	4.83358946423	-1.57	134.602698501	-5.67312133813	
2.66666666667	0.0	0.0	0.0 	0.0 	113.333333333 	20.0 	0.0 	0.0 	0.0 	-0.0 	20.0 	0.0 	0.0 	0.0 	4.84660647256	-1.57	134.521921752	-5.67305701342	
2.68333333333	0.0	0.0	0.0 	0.0 	113.666666667 	20.0 	0.0 	0.0 	0.0 	-0.0 	20.0 	0.0 	0.0 	0.0 	4.85933421403	-1.57	134.440932874	-5.6729925198	
2.7	0.0	0.0	0.0 	0.0 	114.0 	20.0 	0.0 	0.0 	0.0 	-0.0 	20.0 	0.0 	0.0 	0.0 	4.8717791168	-1.57	134.359736582	-5.672927861	
2.71666666667	0.0	0.0	0.0 	0.0 	114.333333333 	20.0 	0.0 	0.0 	0.0 	-0.0 	20.0 	0.0 	0.0 	0.0 	4.88394746617	-1.57	134.278337483	-5.6728630407	
2.73333333333	0.0	0.0	0.0 	0.0 	114.666666667 	20.0 	0.0 	0.0 	0.0 	-0.0 	20.0 	0.0 	0.0 	0.0 	4.89584540779	-1.57	134.196740085	-5.67279806249	
2.75	0.0	0.0	0.0 	0.0 	115.0 	20.0 	0.0 	0.0 	0.0 	-0.0 	20.0 	0.0 	0.0 	0.0 	4.90747895069	-1.57	134.114948795	-5.67273292988	
2.76666666667	0.0	0.0	0.0 	0.0 	115.333333333 	20.0 	0.0 	0.0 	0.0 	-0.0 	20.0 	0.0 	0.0 	0.0 	4.83136712274	-1.55449064607	134.034436714	-5.67142000924	
2.78333333333	0.0	0.0	0.0 	0.0 	115.666666667 	20.0 	0.0 	0.0 	0.0 	-0.0 	20.0 	0.0 	0.0 	0.0 	4.75525529478	-1.53873696269	133.955223185	-5.66887960345	
2.8	0.0	0.0	0.0 	0.0 	116.0 	20.0 	0.0 	0.0 	0.0 	-0.0 	20.0 	0.0 	0.0 	0.0 	4.67914346682	-1.52273112846	133.877327527	-5.66513264726	
2.81666666667	0.0	0.0	0.0 	0.0 	116.333333333 	20.0 	0.0 	0.0 	0.0 	-0.0 	20.0 	0.0 	0.0 	0.0 	4.60303163887	-1.50646494032	133.800769026	-5.66020072727	
2.83333333333	0.0	0.0	0.0 	0.0 	116.666666667 	20.0 	0.0 	0.0 	0.0 	-0.0 	20.0 	0.0 	0.0 	0.0 	4.52691981091	-1.48992978829	133.725566923	-5.65410610261	
2.85	0.0	0.0	0.0 	0.0 	117.0 	20.0 	0.0 	0.0 	0.0 	-0.0 	20.0 	0.0 	0.0 	0.0 	4.45080798295	-1.4731166281	133.651740397	-5.64687172664	
2.86666666667	0.0	0.0	0.0 	0.0 	117.333333333 	20.0 	0.0 	0.0 	0.0 	-0.0 	20.0 	0.0 	0.0 	0.0 	4.374696155	-1.45601595149	133.579308555	-5.63852126932	
2.88333333333	0.0	0.0	0.0 	0.0 	117.666666667 	20.0 	0.0 	0.0 	0.0 	-0.0 	20.0 	0.0 	0.0 	0.0 	4.29858432704	-1.43861775393	133.508290417	-5.62907914061	
2.9	0.0	0.0	0.0 	0.0 	118.0 	20.0 	0.0 	0.0 	0.0 	-0.0 	20.0 	0.0 	0.0 	0.0 	4.22247249908	-1.42091149946	133.438704895	-5.61857051482	
2.91666666667	0.0	0.0	0.0 	0.0 	118.333333333 	20.0 	0.0 	0.0 	0.0 	-0.0 	20.0 	0.0 	0.0 	0.0 	4.14636067112	-1.40288608237	133.370570779	-5.60702135584	
2.93333333333	0.0	0.0	0.0 	0.0 	118.666666667 	20.0 	0.0 	0.0 	0.0 	-0.0 	20.0 	0.0 	0.0 	0.0 	4.07024884317	-1.38452978537	133.303906718	-5.59445844357	
2.95	0.0	0.0	0.0 	0.0 	119.0 	20.0 	0.0 	0.0 	0.0 	-0.0 	20.0 	0.0 	0.0 	0.0 	3.99413701521	-1.36583023384	133.238731197	-5.58090940133	
2.96666666667	0.0	0.0	0.0 	0.0 	119.333333333 	20.0 	0.0 	0.0 	0.0 	-0.0 	20.0 	0.0 	0.0 	0.0 	3.91802518725	-1.34677434576	133.175062514	-5.56640272445	
2.98333333333	0.0	0.0	0.0 	0.0 	119.666666667 	20.0 	0.0 	0.0 	0.0 	-0.0 	20.0 	0.0 	0.0 	0.0 	3.8419133593	-1.32734827668	133.112918759	-5.55096781008	
3.0	0.0	0.0	0.0 	0.0 	120.0 	20.0 	0.0 	0.0 	0.0 	-0.0 	20.0 	0.0 	0.0 	0.0 	3.76580153134	-1.30753735934	133.052317784	-5.53463498815	
3.01666666667	0.0	0.0	0.0 	0.0 	120.333333333 	20.0 	0.0 	0.0 	0.0 	-0.0 	20.0 	0.0 	0.0 	0.0 	3.68968970338	-1.28732603718	132.993277176	-5.51743555381	
3.03333333333	0.0	0.0	0.0 	0.0 	120.666666667 	20.0 	0.0 	0.0 	0.0 	-0.0 	20.0 	0.0 	0.0 	0.0 	3.61357787543	-1.26669779088	132.935814226	-5.49940180103	
3.05	0.0	0.0	0.0 	0.0 	121.0 	20.0 	0.0 	0.0 	0.0 	-0.0 	20.0 	0.0 	0.0 	0.0 	3.53746604747	-1.24563505733	132.879945891	-5.48056705778	
3.06666666667	0.0	0.0	0.0 	0.0 	121.333333333 	20.0 	0.0 	0.0 	0.0 	-0.0 	20.0 	0.0 	0.0 	0.0 	3.46135421951	-1.22411913974	132.825688765	-5.46096572264	
3.08333333333	0.0	0.0	0.0 	0.0 	121.666666667 	20.0 	0.0 	0.0 	0.0 	-0.0 	20.0 	0.0 	0.0 	0.0 	3.38524239155	-1.20213010796	132.773059032	-5.44063330292	
3.1	0.0	0.0	0.0 	0.0 	122.0 	20.0 	0.0 	0.0 	0.0 	-0.0 	20.0 	0.0 	0.0 	0.0 	3.3091305636	-1.17964668752	132.722072424	-5.41960645442	
3.11666666667	0.0	0.0	0.0 	0.0 	122.333333333 	20.0 	0.0 	0.0 	0.0 	-0.0 	20.0 	0.0 	0.0 	0.0 	3.23301873564	-1.15664613602	132.672744176	-5.39792302287	
3.13333333333	0.0	0.0	0.0 	0.0 	122.666666667 	20.0 	0.0 	0.0 	0.0 	-0.0 	20.0 	0.0 	0.0 	0.0 	3.15690690768	-1.13310410482	132.625088971	-5.37562208703	
3.15	0.0	0.0	0.0 	0.0 	123.0 	20.0 	0.0 	0.0 	0.0 	-0.0 	20.0 	0.0 	0.0 	0.0 	3.08079507973	-1.10899448417	132.579120883	-5.35274400362	
3.16666666667	0.0	0.0	0.0 	0.0 	123.333333333 	20.0 	0.0 	0.0 	0.0 	-0.0 	20.0 	0.0 	0.0 	0.0 	3.00468325177	-1.0842892292	132.534853319	-5.32933045403	
3.18333333333	0.0	0.0	0.0 	0.0 	123.666666667 	20.0 	0.0 	0.0 	0.0 	-0.0 	20.0 	0.0 	0.0 	0.0 	2.92857142381	-1.0589581638	132.492298947	-5.30542449289	
3.2	0.0	0.0	0.0 	0.0 	124.0 	20.0 	0.0 	0.0 	0.0 	-0.0 	20.0 	0.0 	0.0 	0.0 	2.85245959586	-1.03296875909	132.451469621	-5.28107059859	
3.21666666667	0.0	0.0	0.0 	0.0 	124.333333333 	20.0 	0.0 	0.0 	0.0 	-0.0 	20.0 	0.0 	0.0 	0.0 	2.7763477679	-1.00628588229	132.412376302	-5.25631472554	
3.23333333333	0.0	0.0	0.0 	0.0 	124.666666667 	20.0 	0.0 	0.0 	0.0 	-0.0 	20.0 	0.0 	0.0 	0.0 	2.70023593994	-0.978871511215	132.375028967	-5.23120435851	
3.25	0.0	0.0	0.0 	0.0 	125.0 	20.0 	0.0 	0.0 	0.0 	-0.0 	20.0 	0.0 	0.0 	0.0 	2.62412411198	-0.950684408439	132.33943651	-5.20578856866	
3.26666666667	0.0	0.0	0.0 	0.0 	125.333333333 	20.0 	0.0 	0.0 	0.0 	-0.0 	20.0 	0.0 	0.0 	0.0 	2.54801228403	-0.921679748328	132.305606631	-5.18011807141	
3.28333333333	0.0	0.0	0.0 	0.0 	125.666666667 	20.0 	0.0 	0.0 	0.0 	-0.0 	20.0 	0.0 	0.0 	0.0 	2.47190045607	-0.891808688273	132.273545716	-5.15424528601	
3.3	0.0	0.0	0.0 	0.0 	126.0 	20.0 	0.0 	0.0 	0.0 	-0.0 	20.0 	0.0 	0.0 	0.0 	2.39578862811	-0.861017873955	132.243258704	-5.12822439643	
3.31666666667	0.0	0.0	0.0 	0.0 	126.333333333 	20.0 	0.0 	0.0 	0.0 	-0.0 	20.0 	0.0 	0.0 	0.0 	2.31967680016	-0.829248866011	132.214748939	-5.10211141369	
3.33333333333	0.0	0.0	0.0 	0.0 	126.666666667 	20.0 	0.0 	0.0 	0.0 	-0.0 	20.0 	0.0 	0.0 	0.0 	2.2435649722	-0.796437472652	132.188018003	-5.07596423879	
3.35	0.0	0.0	0.0 	0.0 	127.0 	20.0 	0.0 	0.0 	0.0 	-0.0 	20.0 	0.0 	0.0 	0.0 	2.16745314424	-0.76251296906	132.163065532	-5.04984272619	
3.36666666667	0.0	0.0	0.0 	0.0 	127.333333333 	20.0 	0.0 	0.0 	0.0 	-0.0 	20.0 	0.0 	0.0 	0.0 	2.09134131629	-0.727397179748	132.139889015	-5.02380874684	
3.38333333333	0.0	0.0	0.0 	0.0 	127.666666667 	20.0 	0.0 	0.0 	0.0 	-0.0 	20.0 	0.0 	0.0 	0.0 	2.01522948833	-0.691003393921	132.118483559	-4.99792625004	
3.4	0.0	0.0	0.0 	0.0 	128.0 	20.0 	0.0 	0.0 	0.0 	-0.0 	20.0 	0.0 	0.0 	0.0 	1.93911766037	-0.653235076021	132.098841634	-4.97226132287	
3.41666666667	0.0	0.0	0.0 	0.0 	128.333333333 	20.0 	0.0 	0.0 	0.0 	-0.0 	20.0 	0.0 	0.0 	0.0 	1.86300583241	-0.613984323211	132.080952784	-4.94688224557	
3.43333333333	0.0	0.0	0.0 	0.0 	128.666666667 	20.0 	0.0 	0.0 	0.0 	-0.0 	20.0 	0.0 	0.0 	0.0 	1.78689400446	-0.573130007764	132.064803296	-4.92185954085	
3.45	0.0	0.0	0.0 	0.0 	129.0 	20.0 	0.0 	0.0 	0.0 	-0.0 	20.0 	0.0 	0.0 	0.0 	1.7107821765	-0.530535523834	132.050375833	-4.89726601428	
3.46666666667	0.0	0.0	0.0 	0.0 	129.333333333 	20.0 	0.0 	0.0 	0.0 	-0.0 	20.0 	0.0 	0.0 	0.0 	1.63467034854	-0.486046033002	132.037649011	-4.87317678198	
3.48333333333	0.0	0.0	0.0 	0.0 	129.666666667 	20.0 	0.0 	0.0 	0.0 	-0.0 	20.0 	0.0 	0.0 	0.0 	1.55855852059	-0.43948506857	132.026596922	-4.8496692809	
3.5	0.0	0.0	0.0 	0.0 	130.0 	20.0 	0.0 	0.0 	0.0 	-0.0 	20.0 	0.0 	0.0 	0.0 	1.48244669263	-0.390650310714	132.017188578	-4.8268232548	
3.51666666667	0.0	0.0	0.0 	0.0 	130.333333333 	20.0 	0.0 	0.0 	0.0 	-0.0 	20.0 	0.0 	0.0 	0.0 	1.40633486467	-0.339308277078	132.00938729	-4.80472070727	
3.53333333333	0.0	0.0	0.0 	0.0 	130.666666667 	20.0 	0.0 	0.0 	0.0 	-0.0 	20.0 	0.0 	0.0 	0.0 	1.33022303672	-0.285187576618	132.00314993	-4.78344580958	
3.55	0.0	0.0	0.0 	0.0 	131.0 	20.0 	0.0 	0.0 	0.0 	-0.0 	20.0 	0.0 	0.0 	0.0 	1.25411120876	-0.227970233469	131.998426096	-4.76308474704	
3.56666666667	0.0	0.0	0.0 	0.0 	131.333333333 	20.0 	0.0 	0.0 	0.0 	-0.0 	20.0 	0.0 	0.0 	0.0 	1.1779993808	-0.167280378035	131.995157122	-4.743725481	
3.58333333333	0.0	0.0	0.0 	0.0 	131.666666667 	20.0 	0.0 	0.0 	0.0 	-0.0 	20.0 	0.0 	0.0 	0.0 	1.10188755284	-0.102669284687	131.993274933	-4.72545739493	
3.6	0.0	0.0	0.0 	0.0 	132.0 	20.0 	0.0 	0.0 	0.0 	-0.0 	20.0 	0.0 	0.0 	0.0 	1.02577572489	-0.0335952419135	131.992700688	-4.70837077971	
3.61666666667	0.0	0.0	0.0 	0.0 	132.333333333 	20.0 	0.0 	0.0 	0.0 	-0.0 	20.0 	0.0 	0.0 	0.0 	0.949663896931	0.0406040456211	131.993343181	-4.6925560938	
3.63333333333	0.0	0.0	0.0 	0.0 	132.666666667 	20.0 	0.0 	0.0 	0.0 	-0.0 	20.0 	0.0 	0.0 	0.0 	0.873552068974	0.120750114354	131.995096937	-4.67810290462	
3.65	0.0	0.0	0.0 	0.0 	133.0 	20.0 	0.0 	0.0 	0.0 	-0.0 	20.0 	0.0 	0.0 	0.0 	0.797440241017	0.207879239979	131.997839936	-4.66509837133	
3.66666666667	0.0	0.0	0.0 	0.0 	133.333333333 	20.0 	0.0 	0.0 	0.0 	-0.0 	20.0 	0.0 	0.0 	0.0 	0.72132841306	0.303324420749	132.001430883	-4.6536250565	
3.68333333333	0.0	0.0	0.0 	0.0 	133.666666667 	20.0 	0.0 	0.0 	0.0 	-0.0 	20.0 	0.0 	0.0 	0.0 	0.645216585103	0.408840613621	132.005705935	-4.64375773401	
3.7	0.0	0.0	0.0 	0.0 	134.0 	20.0 	0.0 	0.0 	0.0 	-0.0 	20.0 	0.0 	0.0 	0.0 	0.569104757146	0.526803836691	132.010474778	-4.63555865668	
3.71666666667	0.0	0.0	0.0 	0.0 	134.333333333 	20.0 	0.0 	0.0 	0.0 	-0.0 	20.0 	0.0 	0.0 	0.0 	0.492992929189	0.660543410999	132.015516009	-4.62907038545	
3.73333333333	0.0	0.0	0.0 	0.0 	134.666666667 	20.0 	0.0 	0.0 	0.0 	-0.0 	20.0 	0.0 	0.0 	0.0 	0.416881101232	0.814930671851	132.020571929	-4.62430460873	
3.75	0.0	0.0	0.0 	0.0 	135.0 	20.0 	0.0 	0.0 	0.0 	-0.0 	20.0 	0.0 	0.0 	0.0 	0.340769273275	0.997505098305	132.025343383	-4.62122405445	
3.76666666667	0.0	0.0	0.0 	0.0 	135.333333333 	20.0 	0.0 	0.0 	0.0 	-0.0 	20.0 	0.0 	0.0 	0.0 	0.264657445318	1.22085806445	132.029487009	-4.61971180263	
3.78333333333	0.0	0.0	0.0 	0.0 	135.666666667 	20.0 	0.0 	0.0 	0.0 	-0.0 	20.0 	0.0 	0.0 	0.0 	0.188545617361	1.50844426051	132.032623329	-4.61951599276	
3.8	0.0	0.0	0.0 	0.0 	136.0 	20.0 	0.0 	0.0 	0.0 	-0.0 	20.0 	0.0 	0.0 	0.0 	0.112433789404	1.91212284515	132.034389124	-4.62014325596	
3.81666666667	0.0	0.0	0.0 	0.0 	136.333333333 	20.0 	0.0 	0.0 	0.0 	-0.0 	20.0 	0.0 	0.0 	0.0 	0.0363219614471	2.32984174259	132.034828313	-4.62055988654	
3.83333333333	0.0	0.0	0.0 	0.0 	136.666666667 	20.0 	0.0 	0.0 	0.0 	-0.0 	20.0 	0.0 	0.0 	0.0 	0.155944914275	2.6779408238	132.035990667	-4.62288457116	
3.85	0.0	0.0	0.0 	0.0 	137.0 	20.0 	0.0 	0.0 	0.0 	-0.0 	20.0 	0.0 	0.0 	0.0 	0.272909579263	2.96802339146	132.036776188	-4.62736472138	
3.86666666667	0.0	0.0	0.0 	0.0 	137.333333333 	20.0 	0.0 	0.0 	0.0 	-0.0 	20.0 	0.0 	0.0 	0.0 	0.387275029473	3.20975886452	132.036336544	-4.63380431497	
3.88333333333	0.0	0.0	0.0 	0.0 	137.666666667 	20.0 	0.0 	0.0 	0.0 	-0.0 	20.0 	0.0 	0.0 	0.0 	0.499099025233	3.4062905853	132.034160325	-4.64183291814	
3.9	0.0	0.0	0.0 	0.0 	138.0 	20.0 	0.0 	0.0 	0.0 	-0.0 	20.0 	0.0 	0.0 	0.0 	0.608438043311	3.55878903573	132.030051351	-4.65110377536	
3.91666666667	0.0	0.0	0.0 	0.0 	138.333333333 	20.0 	0.0 	0.0 	0.0 	-0.0 	20.0 	0.0 	0.0 	0.0 	0.715347305431	3.68388283746	132.023898184	-4.6613157035	
3.93333333333	0.0	0.0	0.0 	0.0 	138.666666667 	20.0 	0.0 	0.0 	0.0 	-0.0 	20.0 	0.0 	0.0 	0.0 	0.81988080617	3.79028126432	132.015642778	-4.67220476936	
3.95	0.0	0.0	0.0 	0.0 	139.0 	20.0 	0.0 	0.0 	0.0 	-0.0 	20.0 	0.0 	0.0 	0.0 	0.922091340227	3.88311406073	132.00526294	-4.6835379149	
3.96666666667	0.0	0.0	0.0 	0.0 	139.333333333 	20.0 	0.0 	0.0 	0.0 	-0.0 	20.0 	0.0 	0.0 	0.0 	1.02203052908	3.96565667298	131.992761593	-4.69510805323	
3.98333333333	0.0	0.0	0.0 	0.0 	139.666666667 	20.0 	0.0 	0.0 	0.0 	-0.0 	20.0 	0.0 	0.0 	0.0 	1.11974884707	4.04012786126	131.978159778	-4.70673023841	
4.0	0.0	0.0	0.0 	0.0 	140.0 	20.0 	0.0 	0.0 	0.0 	-0.0 	20.0 	0.0 	0.0 	0.0 	1.21529564689	4.10317925602	131.961548702	-4.71832050354	
4.01666666667	0.0	0.0	0.0 	0.0 	140.333333333 	20.0 	0.0 	0.0 	0.0 	-0.0 	20.0 	0.0 	0.0 	0.0 	1.30871918448	4.15572208498	131.94302987	-4.72984506859	
4.03333333333	0.0	0.0	0.0 	0.0 	140.666666667 	20.0 	0.0 	0.0 	0.0 	-0.0 	20.0 	0.0 	0.0 	0.0 	1.40006664347	4.19950777579	131.922697767	-4.74129504164	
4.05	0.0	0.0	0.0 	0.0 	141.0 	20.0 	0.0 	0.0 	0.0 	-0.0 	20.0 	0.0 	0.0 	0.0 	1.48938415892	4.23599585146	131.900638629	-4.75267832788	
4.06666666667	0.0	0.0	0.0 	0.0 	141.333333333 	20.0 	0.0 	0.0 	0.0 	-0.0 	20.0 	0.0 	0.0 	0.0 	1.57671684069	4.26640258118	131.876930441	-4.76401355561	
4.08333333333	0.0	0.0	0.0 	0.0 	141.666666667 	20.0 	0.0 	0.0 	0.0 	-0.0 	20.0 	0.0 	0.0 	0.0 	1.6621087962	4.29174152262	131.851643541	-4.77532563411	
4.1	0.0	0.0	0.0 	0.0 	142.0 	20.0 	0.0 	0.0 	0.0 	-0.0 	20.0 	0.0 	0.0 	0.0 	1.7456031527	4.31285730715	131.824841455	-4.78664258132	
4.11666666667	0.0	0.0	0.0 	0.0 	142.333333333 	20.0 	0.0 	0.0 	0.0 	-0.0 	20.0 	0.0 	0.0 	0.0 	1.82724207906	4.33045379426	131.796581783	-4.79799331509	
4.13333333333	0.0	0.0	0.0 	0.0 	142.666666667 	20.0 	0.0 	0.0 	0.0 	-0.0 	20.0 	0.0 	0.0 	0.0 	1.90706680705	4.34511753352	131.766917023	-4.80940616226	
4.15	0.0	0.0	0.0 	0.0 	143.0 	20.0 	0.0 	0.0 	0.0 	-0.0 	20.0 	0.0 	0.0 	0.0 	1.9851176522	4.35733731623	131.735895307	-4.82090789448	
4.16666666667	0.0	0.0	0.0 	0.0 	143.333333333 	20.0 	0.0 	0.0 	0.0 	-0.0 	20.0 	0.0 	0.0 	0.0 	2.06143403412	4.3675204685	131.70356103	-4.83252314535	
4.18333333333	0.0	0.0	0.0 	0.0 	143.666666667 	20.0 	0.0 	0.0 	0.0 	-0.0 	20.0 	0.0 	0.0 	0.0 	2.13605449644	4.37600642872	131.66995538	-4.84427409917	
4.2	0.0	0.0	0.0 	0.0 	144.0 	20.0 	0.0 	0.0 	0.0 	-0.0 	20.0 	0.0 	0.0 	0.0 	2.20901672627	4.38307806223	131.635116778	-4.85618036985	
4.21666666667	0.0	0.0	0.0 	0.0 	144.333333333 	20.0 	0.0 	0.0 	0.0 	-0.0 	20.0 	0.0 	0.0 	0.0 	2.28035757322	4.38897109016	131.599081248	-4.86825900963	
4.23333333333	0.0	0.0	0.0 	0.0 	144.666666667 	20.0 	0.0 	0.0 	0.0 	-0.0 	20.0 	0.0 	0.0 	0.0 	2.350113068	4.39388194677	131.561882718	-4.88052460358	
4.25	0.0	0.0	0.0 	0.0 	145.0 	20.0 	0.0 	0.0 	0.0 	-0.0 	20.0 	0.0 	0.0 	0.0 	2.41831844069	4.39797432728	131.523553275	-4.89298941779	
4.26666666667	0.0	0.0	0.0 	0.0 	145.333333333 	20.0 	0.0 	0.0 	0.0 	-0.0 	20.0 	0.0 	0.0 	0.0 	2.48500813842	4.40138464437	131.484123373	-4.90566357828	
4.28333333333	0.0	0.0	0.0 	0.0 	145.666666667 	20.0 	0.0 	0.0 	0.0 	-0.0 	20.0 	0.0 	0.0 	0.0 	2.55021584287	4.40422657527	131.443622012	-4.91855526446	
4.3	0.0	0.0	0.0 	0.0 	146.0 	20.0 	0.0 	0.0 	0.0 	-0.0 	20.0 	0.0 	0.0 	0.0 	2.61397448722	4.40659485103	131.402076888	-4.93167090577	
4.31666666667	0.0	0.0	0.0 	0.0 	146.333333333 	20.0 	0.0 	0.0 	0.0 	-0.0 	20.0 	0.0 	0.0 	0.0 	2.67631627281	4.40856841416	131.359514518	-4.94501537409	
4.33333333333	0.0	0.0	0.0 	0.0 	146.666666667 	20.0 	0.0 	0.0 	0.0 	-0.0 	20.0 	0.0 	0.0 	0.0 	2.73727268539	4.4102130501	131.315960349	-4.95859216682	
4.35	0.0	0.0	0.0 	0.0 	147.0 	20.0 	0.0 	0.0 	0.0 	-0.0 	20.0 	0.0 	0.0 	0.0 	2.79687451102	4.41158358005	131.271438853	-4.97240357781	
4.36666666667	0.0	0.0	0.0 	0.0 	147.333333333 	20.0 	0.0 	0.0 	0.0 	-0.0 	20.0 	0.0 	0.0 	0.0 	2.85515185163	4.41272568835	131.225973608	-4.98645085452	
4.38333333333	0.0	0.0	0.0 	0.0 	147.666666667 	20.0 	0.0 	0.0 	0.0 	-0.0 	20.0 	0.0 	0.0 	0.0 	2.91213414023	4.41367744526	131.179587366	-5.00073434073	
4.4	0.0	0.0	0.0 	0.0 	148.0 	20.0 	0.0 	0.0 	0.0 	-0.0 	20.0 	0.0 	0.0 	0.0 	2.96785015576	4.41447057602	131.132302115	-5.01525360501	
4.41666666667	0.0	0.0	0.0 	0.0 	148.333333333 	20.0 	0.0 	0.0 	0.0 	-0.0 	20.0 	0.0 	0.0 	0.0 	3.0223280376	4.41513151831	131.084139133	-5.03000755529	
4.43333333333	0.0	0.0	0.0 	0.0 	148.666666667 	20.0 	0.0 	0.0 	0.0 	-0.0 	20.0 	0.0 	0.0 	0.0 	3.07559529985	4.41568230356	131.035119036	-5.04499454048	
4.45	0.0	0.0	0.0 	0.0 	149.0 	20.0 	0.0 	0.0 	0.0 	-0.0 	20.0 	0.0 	0.0 	0.0 	3.12767884515	4.41614129127	130.985261821	-5.06021243993	
4.46666666667	0.0	0.0	0.0 	0.0 	149.333333333 	20.0 	0.0 	0.0 	0.0 	-0.0 	20.0 	0.0 	0.0 	0.0 	3.17860497834	4.41652378103	130.934586899	-5.07565874187	
4.48333333333	0.0	0.0	0.0 	0.0 	149.666666667 	20.0 	0.0 	0.0 	0.0 	-0.0 	20.0 	0.0 	0.0 	0.0 	3.22839941969	4.41684252249	130.88311313	-5.09133061184	
4.5	0.0	0.0	0.0 	0.0 	150.0 	20.0 	0.0 	0.0 	0.0 	-0.0 	20.0 	0.0 	0.0 	0.0 	3.27708731789	4.41710814038	130.830858856	-5.10722495215	
4.51666666667	0.0	0.0	0.0 	0.0 	150.333333333 	20.0 	0.0 	0.0 	0.0 	-0.0 	20.0 	0.0 	0.0 	0.0 	3.32469326279	4.41732948862	130.777841921	-5.12333845327	
4.53333333333	0.0	0.0	0.0 	0.0 	150.666666667 	20.0 	0.0 	0.0 	0.0 	-0.0 	20.0 	0.0 	0.0 	0.0 	3.37124129781	4.41751394548	130.724079698	-5.13966763816	
4.55	0.0	0.0	0.0 	0.0 	151.0 	20.0 	0.0 	0.0 	0.0 	-0.0 	20.0 	0.0 	0.0 	0.0 	3.41675493206	4.41766765954	130.669589112	-5.15620890036	
4.56666666667	0.0	0.0	0.0 	0.0 	151.333333333 	20.0 	0.0 	0.0 	0.0 	-0.0 	20.0 	0.0 	0.0 	0.0 	3.4612571522	4.41779575458	130.614386657	-5.17295853657	
4.58333333333	0.0	0.0	0.0 	0.0 	151.666666667 	20.0 	0.0 	0.0 	0.0 	-0.0 	20.0 	0.0 	0.0 	0.0 	3.50477043413	4.41790250045	130.558488412	-5.18991277445	
4.6	0.0	0.0	0.0 	0.0 	152.0 	20.0 	0.0 	0.0 	0.0 	-0.0 	20.0 	0.0 	0.0 	0.0 	3.54731675423	4.41799145535	130.501910062	-5.20706779621	
4.61666666667	0.0	0.0	0.0 	0.0 	152.333333333 	20.0 	0.0 	0.0 	0.0 	-0.0 	20.0 	0.0 	0.0 	0.0 	3.58891760055	4.41806558442	130.444666907	-5.22441975866	
4.63333333333	0.0	0.0	0.0 	0.0 	152.666666667 	20.0 	0.0 	0.0 	0.0 	-0.0 	20.0 	0.0 	0.0 	0.0 	3.62959398362	4.41812735865	130.386773882	-5.24196481001	
4.65	0.0	0.0	0.0 	0.0 	153.0 	20.0 	0.0 	0.0 	0.0 	-0.0 	20.0 	0.0 	0.0 	0.0 	3.66936644707	4.41817883718	130.328245561	-5.25969910407	
4.66666666667	0.0	0.0	0.0 	0.0 	153.333333333 	20.0 	0.0 	0.0 	0.0 	-0.0 	20.0 	0.0 	0.0 	0.0 	3.70825507799	4.41822173595	130.269096178	-5.27761881207	
4.68333333333	0.0	0.0	0.0 	0.0 	153.666666667 	20.0 	0.0 	0.0 	0.0 	-0.0 	20.0 	0.0 	0.0 	0.0 	3.74627951712	4.41825748493	130.20933963	-5.29572013249	
4.7	0.0	0.0	0.0 	0.0 	154.0 	20.0 	0.0 	0.0 	0.0 	-0.0 	20.0 	0.0 	0.0 	0.0 	3.78345896871	4.41828727574	130.148989491	-5.31399929918	
4.71666666667	0.0	0.0	0.0 	0.0 	154.333333333 	20.0 	0.0 	0.0 	0.0 	-0.0 	20.0 	0.0 	0.0 	0.0 	3.81981221027	4.41831210142	130.088059022	-5.33245258801	
4.73333333333	0.0	0.0	0.0 	0.0 	154.666666667 	20.0 	0.0 	0.0 	0.0 	-0.0 	20.0 	0.0 	0.0 	0.0 	3.85535760201	4.41833278949	130.026561178	-5.35107632228	
4.75	0.0	0.0	0.0 	0.0 	155.0 	20.0 	0.0 	0.0 	0.0 	-0.0 	20.0 	0.0 	0.0 	0.0 	3.89011309616	4.41835002954	129.964508614	-5.36986687705	
4.76666666667	0.0	0.0	0.0 	0.0 	155.333333333 	20.0 	0.0 	0.0 	0.0 	-0.0 	20.0 	0.0 	0.0 	0.0 	3.92409624599	4.41836439625	129.901913702	-5.38882068258	
4.78333333333	0.0	0.0	0.0 	0.0 	155.666666667 	20.0 	0.0 	0.0 	0.0 	-0.0 	20.0 	0.0 	0.0 	0.0 	3.95732421472	4.41837636851	129.838788527	-5.40793422701	
4.8	0.0	0.0	0.0 	0.0 	156.0 	20.0 	0.0 	0.0 	0.0 	-0.0 	20.0 	0.0 	0.0 	0.0 	3.98981378414	4.41838634539	129.775144904	-5.42720405837	
4.81666666667	0.0	0.0	0.0 	0.0 	156.333333333 	20.0 	0.0 	0.0 	0.0 	-0.0 	20.0 	0.0 	0.0 	0.0 	4.02158136313	4.41839465946	129.710994377	-5.44662678608	
4.83333333333	0.0	0.0	0.0 	0.0 	156.666666667 	20.0 	0.0 	0.0 	0.0 	-0.0 	20.0 	0.0 	0.0 	0.0 	4.05264299592	4.41840158785	129.646348233	-5.46619908191	
4.85	0.0	0.0	0.0 	0.0 	157.0 	20.0 	0.0 	0.0 	0.0 	-0.0 	20.0 	0.0 	0.0 	0.0 	4.08301437021	4.41840736151	129.581217503	-5.48591768067	
4.86666666667	0.0	0.0	0.0 	0.0 	157.333333333 	20.0 	0.0 	0.0 	0.0 	-0.0 	20.0 	0.0 	0.0 	0.0 	4.11271082506	4.4184121729	129.515612971	-5.5057793805	
4.88333333333	0.0	0.0	0.0 	0.0 	157.666666667 	20.0 	0.0 	0.0 	0.0 	-0.0 	20.0 	0.0 	0.0 	0.0 	4.1417473587	4.41841618238	129.449545178	-5.52578104286	
4.9	0.0	0.0	0.0 	0.0 	158.0 	20.0 	0.0 	0.0 	0.0 	-0.0 	20.0 	0.0 	0.0 	0.0 	4.17013863603	4.41841952362	129.38302443	-5.54591959243	
4.91666666667	0.0	0.0	0.0 	0.0 	158.333333333 	20.0 	0.0 	0.0 	0.0 	-0.0 	20.0 	0.0 	0.0 	0.0 	4.19789899609	4.41842230799	129.3160608	-5.56619201665	
4.93333333333	0.0	0.0	0.0 	0.0 	158.666666667 	20.0 	0.0 	0.0 	0.0 	-0.0 	20.0 	0.0 	0.0 	0.0 	4.22504245926	4.41842462829	129.248664139	-5.58659536525	
4.95	0.0	0.0	0.0 	0.0 	159.0 	20.0 	0.0 	0.0 	0.0 	-0.0 	20.0 	0.0 	0.0 	0.0 	4.25158273436	4.41842656188	129.180844075	-5.60712674958	
4.96666666667	0.0	0.0	0.0 	0.0 	159.333333333 	20.0 	0.0 	0.0 	0.0 	-0.0 	20.0 	0.0 	0.0 	0.0 	4.27753322557	4.4184281732	129.112610022	-5.6277833419	
4.98333333333	0.0	0.0	0.0 	0.0 	159.666666667 	20.0 	0.0 	0.0 	0.0 	-0.0 	20.0 	0.0 	0.0 	0.0 	4.30290703919	4.41842951597	129.043971186	-5.64856237447	
5.0	0.0	0.0	0.0 	0.0 	160.0 	20.0 	0.0 	0.0 	0.0 	-0.0 	20.0 	0.0 	0.0 	0.0 	4.32771699029	4.41843063494	128.974936564	-5.66946113874	
5.01666666667	0.0	0.0	0.0 	0.0 	160.333333333 	20.0 	0.0 	0.0 	0.0 	-0.0 	20.0 	0.0 	0.0 	0.0 	4.35197560915	4.41843156742	128.905514956	-5.69047698438	
5.03333333333	0.0	0.0	0.0 	0.0 	160.666666667 	20.0 	0.0 	0.0 	0.0 	-0.0 	20.0 	0.0 	0.0 	0.0 	4.37569514758	4.41843234448	128.835714963	-5.71160731828	
5.05	0.0	0.0	0.0 	0.0 	161.0 	20.0 	0.0 	0.0 	0.0 	-0.0 	20.0 	0.0 	0.0 	0.0 	4.39888758516	4.41843299204	128.765544997	-5.73284960356	
5.06666666667	0.0	0.0	0.0 	0.0 	161.333333333 	20.0 	0.0 	0.0 	0.0 	-0.0 	20.0 	0.0 	0.0 	0.0 	4.42156463524	4.41843353167	128.69501328	-5.75420135855	
5.08333333333	0.0	0.0	0.0 	0.0 	161.666666667 	20.0 	0.0 	0.0 	0.0 	-0.0 	20.0 	0.0 	0.0 	0.0 	4.44373775087	4.41843398136	128.624127853	-5.77566015573	
5.1	0.0	0.0	0.0 	0.0 	162.0 	20.0 	0.0 	0.0 	0.0 	-0.0 	20.0 	0.0 	0.0 	0.0 	4.4654181306	4.4184343561	128.552896579	-5.79722362072	
5.11666666667	0.0	0.0	0.0 	0.0 	162.333333333 	20.0 	0.0 	0.0 	0.0 	-0.0 	20.0 	0.0 	0.0 	0.0 	4.48661672412	4.41843466838	128.481327142	-5.81888943118	
5.13333333333	0.0	0.0	0.0 	0.0 	162.666666667 	20.0 	0.0 	0.0 	0.0 	-0.0 	20.0 	0.0 	0.0 	0.0 	4.50734423777	4.41843492862	128.40942706	-5.8406553158	
5.15	0.0	0.0	0.0 	0.0 	163.0 	20.0 	0.0 	0.0 	0.0 	-0.0 	20.0 	0.0 	0.0 	0.0 	4.52761114002	4.41843514549	128.33720368	-5.86251905327	
5.16666666667	0.0	0.0	0.0 	0.0 	163.333333333 	20.0 	0.0 	0.0 	0.0 	-0.0 	20.0 	0.0 	0.0 	0.0 	4.54742766666	4.41843532621	128.264664188	-5.88447847121	
5.18333333333	0.0	0.0	0.0 	0.0 	163.666666667 	20.0 	0.0 	0.0 	0.0 	-0.0 	20.0 	0.0 	0.0 	0.0 	4.56680382603	4.41843547681	128.191815608	-5.90653144519	
5.2	0.0	0.0	0.0 	0.0 	164.0 	20.0 	0.0 	0.0 	0.0 	-0.0 	20.0 	0.0 	0.0 	0.0 	4.58574940409	4.41843560231	128.11866481	-5.92867589768	
5.21666666667	0.0	0.0	0.0 	0.0 	164.333333333 	20.0 	0.0 	0.0 	0.0 	-0.0 	20.0 	0.0 	0.0 	0.0 	4.60427396931	4.41843570689	128.045218511	-5.95090979708	
5.23333333333	0.0	0.0	0.0 	0.0 	164.666666667 	20.0 	0.0 	0.0 	0.0 	-0.0 	20.0 	0.0 	0.0 	0.0 	4.62238687752	4.41843579404	127.971483276	-5.97323115674	
5.25	0.0	0.0	0.0 	0.0 	165.0 	20.0 	0.0 	0.0 	0.0 	-0.0 	20.0 	0.0 	0.0 	0.0 	4.64009727665	4.41843586667	127.897465528	-5.99563803398	
5.26666666667	0.0	0.0	0.0 	0.0 	165.333333333 	20.0 	0.0 	0.0 	0.0 	-0.0 	20.0 	0.0 	0.0 	0.0 	4.65741411137	4.4184359272	127.823171544	-6.01812852915	
5.28333333333	0.0	0.0	0.0 	0.0 	165.666666667 	20.0 	0.0 	0.0 	0.0 	-0.0 	20.0 	0.0 	0.0 	0.0 	4.67434612753	4.41843597763	127.748607464	-6.04070078469	
5.3	0.0	0.0	0.0 	0.0 	166.0 	20.0 	0.0 	0.0 	0.0 	-0.0 	20.0 	0.0 	0.0 	0.0 	4.69090187667	4.41843601966	127.673779289	-6.06335298423	
5.31666666667	0.0	0.0	0.0 	0.0 	166.333333333 	20.0 	0.0 	0.0 	0.0 	-0.0 	20.0 	0.0 	0.0 	0.0 	4.70708972027	4.41843605469	127.598692888	-6.08608335166	
5.33333333333	0.0	0.0	0.0 	0.0 	166.666666667 	20.0 	0.0 	0.0 	0.0 	-0.0 	20.0 	0.0 	0.0 	0.0 	4.72291783401	4.41843608387	127.523354001	-6.10889015028	
5.35	0.0	0.0	0.0 	0.0 	167.0 	20.0 	0.0 	0.0 	0.0 	-0.0 	20.0 	0.0 	0.0 	0.0 	4.73839421189	4.4184361082	127.447768238	-6.13177168194	
5.36666666667	0.0	0.0	0.0 	0.0 	167.333333333 	20.0 	0.0 	0.0 	0.0 	-0.0 	20.0 	0.0 	0.0 	0.0 	4.75352667027	4.41843612846	127.371941084	-6.15472628614	
5.38333333333	0.0	0.0	0.0 	0.0 	167.666666667 	20.0 	0.0 	0.0 	0.0 	-0.0 	20.0 	0.0 	0.0 	0.0 	4.76832285179	4.41843614536	127.295877905	-6.17775233927	
5.4	0.0	0.0	0.0 	0.0 	168.0 	20.0 	0.0 	0.0 	0.0 	-0.0 	20.0 	0.0 	0.0 	0.0 	4.78279022927	4.41843615943	127.219583945	-6.20084825375	
5.41666666667	0.0	0.0	0.0 	0.0 	168.333333333 	20.0 	0.0 	0.0 	0.0 	-0.0 	20.0 	0.0 	0.0 	0.0 	4.79693610948	4.41843617116	127.143064334	-6.22401247726	
5.43333333333	0.0	0.0	0.0 	0.0 	168.666666667 	20.0 	0.0 	0.0 	0.0 	-0.0 	20.0 	0.0 	0.0 	0.0 	4.8107676368	4.41843618094	127.066324084	-6.24724349195	
5.45	0.0	0.0	0.0 	0.0 	169.0 	20.0 	0.0 	0.0 	0.0 	-0.0 	20.0 	0.0 	0.0 	0.0 	4.82429179684	4.41843618908	126.989368101	-6.27053981366	
5.46666666667	0.0	0.0	0.0 	0.0 	169.333333333 	20.0 	0.0 	0.0 	0.0 	-0.0 	20.0 	0.0 	0.0 	0.0 	4.83751542	4.41843619587	126.912201176	-6.29389999122	
5.48333333333	0.0	0.0	0.0 	0.0 	169.666666667 	20.0 	0.0 	0.0 	0.0 	-0.0 	20.0 	0.0 	0.0 	0.0 	4.85044518486	4.41843620153	126.834828	-6.31732260569	
5.5	0.0	0.0	0.0 	0.0 	170.0 	20.0 	0.0 	0.0 	0.0 	-0.0 	20.0 	0.0 	0.0 	0.0 	4.86308762161	4.41843620624	126.757253153	-6.34080626963	
5.51666666667	0.0	0.0	0.0 	0.0 	170.333333333 	20.0 	0.0 	0.0 	0.0 	-0.0 	20.0 	0.0 	0.0 	0.0 	4.87544911532	4.41843621017	126.67948112	-6.36434962645	
5.53333333333	0.0	0.0	0.0 	0.0 	170.666666667 	20.0 	0.0 	0.0 	0.0 	-0.0 	20.0 	0.0 	0.0 	0.0 	4.88753590917	4.41843621344	126.60151628	-6.38795134968	
5.55	0.0	0.0	0.0 	0.0 	171.0 	20.0 	0.0 	0.0 	0.0 	-0.0 	20.0 	0.0 	0.0 	0.0 	4.89935410761	4.41843621617	126.523362919	-6.41161014232	
5.56666666667	0.0	0.0	0.0 	0.0 	171.333333333 	20.0 	0.0 	0.0 	0.0 	-0.0 	20.0 	0.0 	0.0 	0.0 	4.91090967941	4.41843621844	126.445025226	-6.43532473619	
5.58333333333	0.0	0.0	0.0 	0.0 	171.666666667 	20.0 	0.0 	0.0 	0.0 	-0.0 	20.0 	0.0 	0.0 	0.0 	4.92220846073	4.41843622034	126.366507298	-6.4590938913	
5.6	0.0	0.0	0.0 	0.0 	172.0 	20.0 	0.0 	0.0 	0.0 	-0.0 	20.0 	0.0 	0.0 	0.0 	4.93325615802	4.41843622192	126.287813139	-6.48291639519	
5.61666666667	0.0	0.0	0.0 	0.0 	172.333333333 	20.0 	0.0 	0.0 	0.0 	-0.0 	20.0 	0.0 	0.0 	0.0 	4.94405835092	4.41843622323	126.208946666	-6.50679106234	
5.63333333333	0.0	0.0	0.0 	0.0 	172.666666667 	20.0 	0.0 	0.0 	0.0 	-0.0 	20.0 	0.0 	0.0 	0.0 	4.95462049509	4.41843622433	126.129911708	-6.5307167336	
5.65	0.0	0.0	0.0 	0.0 	173.0 	20.0 	0.0 	0.0 	0.0 	-0.0 	20.0 	0.0 	0.0 	0.0 	4.96494792495	4.41843622524	126.05071201	-6.55469227555	
5.66666666667	0.0	0.0	0.0 	0.0 	173.333333333 	20.0 	0.0 	0.0 	0.0 	-0.0 	20.0 	0.0 	0.0 	0.0 	4.97504585637	4.418436226	125.971351231	-6.57871657995	
5.68333333333	0.0	0.0	0.0 	0.0 	173.666666667 	20.0 	0.0 	0.0 	0.0 	-0.0 	20.0 	0.0 	0.0 	0.0 	4.98491938931	4.41843622664	125.891832953	-6.60278856322	
5.7	0.0	0.0	0.0 	0.0 	174.0 	20.0 	0.0 	0.0 	0.0 	-0.0 	20.0 	0.0 	0.0 	0.0 	4.99457351041	4.41843622717	125.812160674	-6.62690716582	
5.71666666667	0.0	0.0	0.0 	0.0 	174.333333333 	20.0 	0.0 	0.0 	0.0 	-0.0 	20.0 	0.0 	0.0 	0.0 	5.00401309548	4.41843622761	125.732337816	-6.65107135178	
5.73333333333	0.0	0.0	0.0 	0.0 	174.666666667 	20.0 	0.0 	0.0 	0.0 	-0.0 	20.0 	0.0 	0.0 	0.0 	5.013242912	4.41843622797	125.652367727	-6.67528010813	
5.75	0.0	0.0	0.0 	0.0 	175.0 	20.0 	0.0 	0.0 	0.0 	-0.0 	20.0 	0.0 	0.0 	0.0 	5.02226762148	4.41843622828	125.572253678	-6.69953244443	
5.76666666667	0.0	0.0	0.0 	0.0 	175.333333333 	20.0 	0.0 	0.0 	0.0 	-0.0 	20.0 	0.0 	0.0 	0.0 	5.03109178186	4.41843622854	125.491998868	-6.72382739225	
5.78333333333	0.0	0.0	0.0 	0.0 	175.666666667 	20.0 	0.0 	0.0 	0.0 	-0.0 	20.0 	0.0 	0.0 	0.0 	5.03971984979	4.41843622875	125.411606425	-6.74816400465	
5.8	0.0	0.0	0.0 	0.0 	176.0 	20.0 	0.0 	0.0 	0.0 	-0.0 	20.0 	0.0 	0.0 	0.0 	5.04815618288	4.41843622892	125.331079408	-6.77254135577	
5.81666666667	0.0	0.0	0.0 	0.0 	176.333333333 	20.0 	0.0 	0.0 	0.0 	-0.0 	20.0 	0.0 	0.0 	0.0 	5.0564050419	4.41843622907	125.250420806	-6.79695854029	
5.83333333333	0.0	0.0	0.0 	0.0 	176.666666667 	20.0 	0.0 	0.0 	0.0 	-0.0 	20.0 	0.0 	0.0 	0.0 	5.06447059294	4.4184362292	125.169633545	-6.82141467304	
5.85	0.0	0.0	0.0 	0.0 	177.0 	20.0 	0.0 	0.0 	0.0 	-0.0 	20.0 	0.0 	0.0 	0.0 	5.07235690951	4.4184362293	125.088720483	-6.8459088885	
5.86666666667	0.0	0.0	0.0 	0.0 	177.333333333 	20.0 	0.0 	0.0 	0.0 	-0.0 	20.0 	0.0 	0.0 	0.0 	5.0800679746	4.41843622938	125.007684416	-6.87044034039	
5.88333333333	0.0	0.0	0.0 	0.0 	177.666666667 	20.0 	0.0 	0.0 	0.0 	-0.0 	20.0 	0.0 	0.0 	0.0 	5.0876076827	4.41843622945	124.926528078	-6.89500820123	
5.9	0.0	0.0	0.0 	0.0 	178.0 	20.0 	0.0 	0.0 	0.0 	-0.0 	20.0 	0.0 	0.0 	0.0 	5.09497984172	4.41843622951	124.84525414	-6.91961166193	
5.91666666667	0.0	0.0	0.0 	0.0 	178.333333333 	20.0 	0.0 	0.0 	0.0 	-0.0 	20.0 	0.0 	0.0 	0.0 	5.10218817498	4.41843622956	124.763865217	-6.9442499314	
5.93333333333	0.0	0.0	0.0 	0.0 	178.666666667 	20.0 	0.0 	0.0 	0.0 	-0.0 	20.0 	0.0 	0.0 	0.0 	5.10923632307	4.4184362296	124.682363863	-6.96892223609	
5.95	0.0	0.0	0.0 	0.0 	179.0 	20.0 	0.0 	0.0 	0.0 	-0.0 	20.0 	0.0 	0.0 	0.0 	5.11612784564	4.41843622964	124.600752577	-6.99362781968	
5.96666666667	0.0	0.0	0.0 	0.0 	179.333333333 	20.0 	0.0 	0.0 	0.0 	-0.0 	20.0 	0.0 	0.0 	0.0 	5.12286622326	4.41843622967	124.519033802	-7.01836594263	
5.98333333333	0.0	0.0	0.0 	0.0 	179.666666667 	20.0 	0.0 	0.0 	0.0 	-0.0 	20.0 	0.0 	0.0 	0.0 	5.12945485916	4.41843622969	124.437209927	-7.04313588185	
6.0	0.0	0.0	0.0 	0.0 	180.0 	20.0 	0.0 	0.0 	0.0 	-0.0 	20.0 	0.0 	0.0 	0.0 	5.13589708093	4.41843622971	124.355283287	-7.06793693031	
6.01666666667	0.0	0.0	0.0 	0.0 	180.333333333 	20.0 	0.0 	0.0 	0.0 	-0.0 	20.0 	0.0 	0.0 	0.0 	5.14219614221	4.41843622973	124.273256166	-7.09276839669	
6.03333333333	0.0	0.0	0.0 	0.0 	180.666666667 	20.0 	0.0 	0.0 	0.0 	-0.0 	20.0 	0.0 	0.0 	0.0 	5.14835522436	4.41843622974	124.191130797	-7.11762960503	
6.05	0.0	0.0	0.0 	0.0 	181.0 	20.0 	0.0 	0.0 	0.0 	-0.0 	20.0 	0.0 	0.0 	0.0 	5.15437743801	4.41843622975	124.108909362	-7.14251989442	
6.06666666667	0.0	0.0	0.0 	0.0 	181.333333333 	20.0 	0.0 	0.0 	0.0 	-0.0 	20.0 	0.0 	0.0 	0.0 	5.16026582469	4.41843622976	124.026593998	-7.16743861859	
6.08333333333	0.0	0.0	0.0 	0.0 	181.666666667 	20.0 	0.0 	0.0 	0.0 	-0.0 	20.0 	0.0 	0.0 	0.0 	5.16602335834	4.41843622977	123.944186791	-7.19238514567	
6.1	0.0	0.0	0.0 	0.0 	182.0 	20.0 	0.0 	0.0 	0.0 	-0.0 	20.0 	0.0 	0.0 	0.0 	5.17165294679	4.41843622978	123.861689781	-7.21735885782	
6.11666666667	0.0	0.0	0.0 	0.0 	182.333333333 	20.0 	0.0 	0.0 	0.0 	-0.0 	20.0 	0.0 	0.0 	0.0 	5.17715743328	4.41843622978	123.779104966	-7.24235915091	
6.13333333333	0.0	0.0	0.0 	0.0 	182.666666667 	20.0 	0.0 	0.0 	0.0 	-0.0 	20.0 	0.0 	0.0 	0.0 	5.18253959784	4.41843622979	123.696434295	-7.26738543428	
6.15	0.0	0.0	0.0 	0.0 	183.0 	20.0 	0.0 	0.0 	0.0 	-0.0 	20.0 	0.0 	0.0 	0.0 	5.18780215875	4.41843622979	123.613679677	-7.29243713034	
6.16666666667	0.0	0.0	0.0 	0.0 	183.333333333 	20.0 	0.0 	0.0 	0.0 	-0.0 	20.0 	0.0 	0.0 	0.0 	5.19294777386	4.41843622979	123.530842978	-7.31751367438	
6.18333333333	0.0	0.0	0.0 	0.0 	183.666666667 	20.0 	0.0 	0.0 	0.0 	-0.0 	20.0 	0.0 	0.0 	0.0 	5.19797904197	4.4184362298	123.447926021	-7.34261451422	
6.2	0.0	0.0	0.0 	0.0 	184.0 	20.0 	0.0 	0.0 	0.0 	-0.0 	20.0 	0.0 	0.0 	0.0 	5.20289850412	4.4184362298	123.36493059	-7.36773910995	
6.21666666667	0.0	0.0	0.0 	0.0 	184.333333333 	20.0 	0.0 	0.0 	0.0 	-0.0 	20.0 	0.0 	0.0 	0.0 	5.20770864489	4.4184362298	123.281858429	-7.39288693367	
6.23333333333	0.0	0.0	0.0 	0.0 	184.666666667 	20.0 	0.0 	0.0 	0.0 	-0.0 	20.0 	0.0 	0.0 	0.0 	5.21241189364	4.4184362298	123.198711242	-7.41805746919	
6.25	0.0	0.0	0.0 	0.0 	185.0 	20.0 	0.0 	0.0 	0.0 	-0.0 	20.0 	0.0 	0.0 	0.0 	5.21701062575	4.4184362298	123.115490698	-7.44325021181	
6.26666666667	0.0	0.0	0.0 	0.0 	185.333333333 	20.0 	0.0 	0.0 	0.0 	-0.0 	20.0 	0.0 	0.0 	0.0 	5.22150716382	4.4184362298	123.032198425	-7.46846466804	
6.28333333333	0.0	0.0	0.0 	0.0 	185.666666667 	20.0 	0.0 	0.0 	0.0 	-0.0 	20.0 	0.0 	0.0 	0.0 	5.22590377881	4.41843622981	122.948836019	-7.49370035535	
6.3	0.0	0.0	0.0 	0.0 	186.0 	20.0 	0.0 	0.0 	0.0 	-0.0 	20.0 	0.0 	0.0 	0.0 	5.23020269126	4.41843622981	122.865405038	-7.51895680195	
6.31666666667	0.0	0.0	0.0 	0.0 	186.333333333 	20.0 	0.0 	0.0 	0.0 	-0.0 	20.0 	0.0 	0.0 	0.0 	5.23440607231	4.41843622981	122.781907006	-7.54423354651	
6.33333333333	0.0	0.0	0.0 	0.0 	186.666666667 	20.0 	0.0 	0.0 	0.0 	-0.0 	20.0 	0.0 	0.0 	0.0 	5.2385160449	4.41843622981	122.698343412	-7.56953013797	
6.35	0.0	0.0	0.0 	0.0 	187.0 	20.0 	0.0 	0.0 	0.0 	-0.0 	20.0 	0.0 	0.0 	0.0 	5.24253468476	4.41843622981	122.614715713	-7.59484613528	
6.36666666667	0.0	0.0	0.0 	0.0 	187.333333333 	20.0 	0.0 	0.0 	0.0 	-0.0 	20.0 	0.0 	0.0 	0.0 	5.24646402151	4.41843622981	122.531025335	-7.62018110721	
6.38333333333	0.0	0.0	0.0 	0.0 	187.666666667 	20.0 	0.0 	0.0 	0.0 	-0.0 	20.0 	0.0 	0.0 	0.0 	5.25030603967	4.41843622981	122.44727367	-7.6455346321	
6.4	0.0	0.0	0.0 	0.0 	188.0 	20.0 	0.0 	0.0 	0.0 	-0.0 	20.0 	0.0 	0.0 	0.0 	5.25406267965	4.41843622981	122.36346208	-7.67090629765	
6.41666666667	0.0	0.0	0.0 	0.0 	188.333333333 	20.0 	0.0 	0.0 	0.0 	-0.0 	20.0 	0.0 	0.0 	0.0 	5.25773583874	4.41843622981	122.279591896	-7.69629570075	
6.43333333333	0.0	0.0	0.0 	0.0 	188.666666667 	20.0 	0.0 	0.0 	0.0 	-0.0 	20.0 	0.0 	0.0 	0.0 	5.26132737207	4.41843622981	122.195664421	-7.72170244723	
6.45	0.0	0.0	0.0 	0.0 	189.0 	20.0 	0.0 	0.0 	0.0 	-0.0 	20.0 	0.0 	0.0 	0.0 	5.26483909356	4.41843622981	122.111680928	-7.74712615167	
6.46666666667	0.0	0.0	0.0 	0.0 	189.333333333 	20.0 	0.0 	0.0 	0.0 	-0.0 	20.0 	0.0 	0.0 	0.0 	5.26827277678	4.41843622981	122.027642662	-7.77256643724	
6.48333333333	0.0	0.0	0.0 	0.0 	189.666666667 	20.0 	0.0 	0.0 	0.0 	-0.0 	20.0 	0.0 	0.0 	0.0 	5.27163015594	4.41843622981	121.943550839	-7.79802293546	
6.5	0.0	0.0	0.0 	0.0 	190.0 	20.0 	0.0 	0.0 	0.0 	-0.0 	20.0 	0.0 	0.0 	0.0 	5.27491292666	4.41843622981	121.859406651	-7.82349528605	
6.51666666667	0.0	0.0	0.0 	0.0 	190.333333333 	20.0 	0.0 	0.0 	0.0 	-0.0 	20.0 	0.0 	0.0 	0.0 	5.27812274693	4.41843622981	121.77521126	-7.84898313674	
6.53333333333	0.0	0.0	0.0 	0.0 	190.666666667 	20.0 	0.0 	0.0 	0.0 	-0.0 	20.0 	0.0 	0.0 	0.0 	5.28126123786	4.41843622981	121.690965805	-7.87448614308	
6.55	0.0	0.0	0.0 	0.0 	191.0 	20.0 	0.0 	0.0 	0.0 	-0.0 	20.0 	0.0 	0.0 	0.0 	5.28432998455	4.41843622981	121.606671398	-7.90000396829	
6.56666666667	0.0	0.0	0.0 	0.0 	191.333333333 	20.0 	0.0 	0.0 	0.0 	-0.0 	20.0 	0.0 	0.0 	0.0 	5.28733053686	4.41843622981	121.522329126	-7.92553628304	
6.58333333333	0.0	0.0	0.0 	0.0 	191.666666667 	20.0 	0.0 	0.0 	0.0 	-0.0 	20.0 	0.0 	0.0 	0.0 	5.29026441023	4.41843622981	121.437940054	-7.95108276535	
6.6	0.0	0.0	0.0 	0.0 	192.0 	20.0 	0.0 	0.0 	0.0 	-0.0 	20.0 	0.0 	0.0 	0.0 	5.29313308642	4.41843622981	121.353505222	-7.97664310039	
6.61666666667	0.0	0.0	0.0 	0.0 	192.333333333 	20.0 	0.0 	0.0 	0.0 	-0.0 	20.0 	0.0 	0.0 	0.0 	5.29593801425	4.41843622981	121.269025646	-8.00221698032	
6.63333333333	0.0	0.0	0.0 	0.0 	192.666666667 	20.0 	0.0 	0.0 	0.0 	-0.0 	20.0 	0.0 	0.0 	0.0 	5.29868061035	4.41843622981	121.184502321	-8.02780410414	
6.65	0.0	0.0	0.0 	0.0 	193.0 	20.0 	0.0 	0.0 	0.0 	-0.0 	20.0 	0.0 	0.0 	0.0 	5.30136225987	4.41843622981	121.099936219	-8.05340417754	
6.66666666667	0.0	0.0	0.0 	0.0 	193.333333333 	20.0 	0.0 	0.0 	0.0 	-0.0 	20.0 	0.0 	0.0 	0.0 	5.30398431718	4.41843622981	121.01532829	-8.07901691275	
6.68333333333	0.0	0.0	0.0 	0.0 	193.666666667 	20.0 	0.0 	0.0 	0.0 	-0.0 	20.0 	0.0 	0.0 	0.0 	5.30654810654	4.41843622981	120.930679465	-8.10464202841	
6.7	0.0	0.0	0.0 	0.0 	194.0 	20.0 	0.0 	0.0 	0.0 	-0.0 	20.0 	0.0 	0.0 	0.0 	5.30905492281	4.41843622981	120.845990651	-8.13027924938	
6.71666666667	0.0	0.0	0.0 	0.0 	194.333333333 	20.0 	0.0 	0.0 	0.0 	-0.0 	20.0 	0.0 	0.0 	0.0 	5.31150603206	4.41843622981	120.761262738	-8.15592830666	
6.73333333333	0.0	0.0	0.0 	0.0 	194.666666667 	20.0 	0.0 	0.0 	0.0 	-0.0 	20.0 	0.0 	0.0 	0.0 	5.3139026722	4.41843622981	120.676496594	-8.18158893723	
6.75	0.0	0.0	0.0 	0.0 	195.0 	20.0 	0.0 	0.0 	0.0 	-0.0 	20.0 	0.0 	0.0 	0.0 	5.31624605368	4.41843622981	120.591693069	-8.2072608839	
6.76666666667	0.0	0.0	0.0 	0.0 	195.333333333 	20.0 	0.0 	0.0 	0.0 	-0.0 	20.0 	0.0 	0.0 	0.0 	5.31853736002	4.41843622981	120.506852993	-8.23294389519	
6.78333333333	0.0	0.0	0.0 	0.0 	195.666666667 	20.0 	0.0 	0.0 	0.0 	-0.0 	20.0 	0.0 	0.0 	0.0 	5.32077774843	4.41843622981	120.42197718	-8.25863772524	
6.8	0.0	0.0	0.0 	0.0 	196.0 	20.0 	0.0 	0.0 	0.0 	-0.0 	20.0 	0.0 	0.0 	0.0 	5.32296835044	4.41843622981	120.337066422	-8.28434213361	
6.81666666667	0.0	0.0	0.0 	0.0 	196.333333333 	20.0 	0.0 	0.0 	0.0 	-0.0 	20.0 	0.0 	0.0 	0.0 	5.3251102724	4.41843622981	120.252121498	-8.31005688525	
6.83333333333	0.0	0.0	0.0 	0.0 	196.666666667 	20.0 	0.0 	0.0 	0.0 	-0.0 	20.0 	0.0 	0.0 	0.0 	5.3272045961	4.41843622981	120.167143164	-8.33578175029	
6.85	0.0	0.0	0.0 	0.0 	197.0 	20.0 	0.0 	0.0 	0.0 	-0.0 	20.0 	0.0 	0.0 	0.0 	5.32925237926	4.41843622981	120.082132166	-8.361516504	
6.86666666667	0.0	0.0	0.0 	0.0 	197.333333333 	20.0 	0.0 	0.0 	0.0 	-0.0 	20.0 	0.0 	0.0 	0.0 	5.33125465614	4.41843622981	119.997089227	-8.38726092663	
6.88333333333	0.0	0.0	0.0 	0.0 	197.666666667 	20.0 	0.0 	0.0 	0.0 	-0.0 	20.0 	0.0 	0.0 	0.0 	5.33321243798	4.41843622981	119.912015058	-8.41301480331	
6.9	0.0	0.0	0.0 	0.0 	198.0 	20.0 	0.0 	0.0 	0.0 	-0.0 	20.0 	0.0 	0.0 	0.0 	5.33512671355	4.41843622981	119.826910353	-8.43877792395	
6.91666666667	0.0	0.0	0.0 	0.0 	198.333333333 	20.0 	0.0 	0.0 	0.0 	-0.0 	20.0 	0.0 	0.0 	0.0 	5.33699844966	4.41843622981	119.741775791	-8.46455008313	
6.93333333333	0.0	0.0	0.0 	0.0 	198.666666667 	20.0 	0.0 	0.0 	0.0 	-0.0 	20.0 	0.0 	0.0 	0.0 	5.33882859164	4.41843622981	119.656612034	-8.49033108	
6.95	0.0	0.0	0.0 	0.0 	199.0 	20.0 	0.0 	0.0 	0.0 	-0.0 	20.0 	0.0 	0.0 	0.0 	5.3406180638	4.41843622981	119.571419733	-8.51612071816	
6.96666666667	0.0	0.0	0.0 	0.0 	199.333333333 	20.0 	0.0 	0.0 	0.0 	-0.0 	20.0 	0.0 	0.0 	0.0 	5.34236776991	4.41843622981	119.48619952	-8.54191880558	
6.98333333333	0.0	0.0	0.0 	0.0 	199.666666667 	20.0 	0.0 	0.0 	0.0 	-0.0 	20.0 	0.0 	0.0 	0.0 	5.34407859366	4.41843622981	119.400952017	-8.56772515451	
7.0	0.0	0.0	0.0 	0.0 	200.0 	20.0 	0.0 	0.0 	0.0 	-0.0 	20.0 	0.0 	0.0 	0.0 	5.3457513991	4.41843622981	119.315677829	-8.59353958135	
7.01666666667	0.0	0.0	0.0 	0.0 	200.333333333 	20.0 	0.0 	0.0 	0.0 	-0.0 	20.0 	0.0 	0.0 	0.0 	5.3473870311	4.41843622981	119.230377551	-8.61936190659	
7.03333333333	0.0	0.0	0.0 	0.0 	200.666666667 	20.0 	0.0 	0.0 	0.0 	-0.0 	20.0 	0.0 	0.0 	0.0 	5.34898631571	4.41843622981	119.145051761	-8.64519195471	
7.05	0.0	0.0	0.0 	0.0 	201.0 	20.0 	0.0 	0.0 	0.0 	-0.0 	20.0 	0.0 	0.0 	0.0 	5.35055006066	4.41843622981	119.059701026	-8.6710295541	
7.06666666667	0.0	0.0	0.0 	0.0 	201.333333333 	20.0 	0.0 	0.0 	0.0 	-0.0 	20.0 	0.0 	0.0 	0.0 	5.35207905573	4.41843622981	118.974325902	-8.69687453695	
7.08333333333	0.0	0.0	0.0 	0.0 	201.666666667 	20.0 	0.0 	0.0 	0.0 	-0.0 	20.0 	0.0 	0.0 	0.0 	5.35357407313	4.41843622981	118.888926929	-8.72272673918	
7.1	0.0	0.0	0.0 	0.0 	202.0 	20.0 	0.0 	0.0 	0.0 	-0.0 	20.0 	0.0 	0.0 	0.0 	5.35503586792	4.41843622981	118.803504637	-8.74858600036	
7.11666666667	0.0	0.0	0.0 	0.0 	202.333333333 	20.0 	0.0 	0.0 	0.0 	-0.0 	20.0 	0.0 	0.0 	0.0 	5.35646517838	4.41843622981	118.718059546	-8.77445216362	
7.13333333333	0.0	0.0	0.0 	0.0 	202.666666667 	20.0 	0.0 	0.0 	0.0 	-0.0 	20.0 	0.0 	0.0 	0.0 	5.35786272639	4.41843622981	118.632592162	-8.80032507559	
7.15	0.0	0.0	0.0 	0.0 	203.0 	20.0 	0.0 	0.0 	0.0 	-0.0 	20.0 	0.0 	0.0 	0.0 	5.35922921778	4.41843622981	118.547102979	-8.82620458629	
7.16666666667	0.0	0.0	0.0 	0.0 	203.333333333 	20.0 	0.0 	0.0 	0.0 	-0.0 	20.0 	0.0 	0.0 	0.0 	5.36056534269	4.41843622981	118.461592483	-8.85209054909	
7.18333333333	0.0	0.0	0.0 	0.0 	203.666666667 	20.0 	0.0 	0.0 	0.0 	-0.0 	20.0 	0.0 	0.0 	0.0 	5.36187177593	4.41843622981	118.376061147	-8.87798282061	
7.2	0.0	0.0	0.0 	0.0 	204.0 	20.0 	0.0 	0.0 	0.0 	-0.0 	20.0 	0.0 	0.0 	0.0 	5.36314917733	4.41843622981	118.290509435	-8.90388126064	
7.21666666667	0.0	0.0	0.0 	0.0 	204.333333333 	20.0 	0.0 	0.0 	0.0 	-0.0 	20.0 	0.0 	0.0 	0.0 	5.36439819202	4.41843622981	118.204937798	-8.92978573212	
7.23333333333	0.0	0.0	0.0 	0.0 	204.666666667 	20.0 	0.0 	0.0 	0.0 	-0.0 	20.0 	0.0 	0.0 	0.0 	5.36561945084	4.41843622981	118.11934668	-8.95569610101	
7.25	0.0	0.0	0.0 	0.0 	205.0 	20.0 	0.0 	0.0 	0.0 	-0.0 	20.0 	0.0 	0.0 	0.0 	5.36681357057	4.41843622981	118.033736514	-8.98161223626	
7.26666666667	0.0	0.0	0.0 	0.0 	205.333333333 	20.0 	0.0 	0.0 	0.0 	-0.0 	20.0 	0.0 	0.0 	0.0 	5.36798115431	4.41843622981	117.948107722	-9.00753400973	
7.28333333333	0.0	0.0	0.0 	0.0 	205.666666667 	20.0 	0.0 	0.0 	0.0 	-0.0 	20.0 	0.0 	0.0 	0.0 	5.36912279174	4.41843622981	117.86246072	-9.03346129612	
7.3	0.0	0.0	0.0 	0.0 	206.0 	20.0 	0.0 	0.0 	0.0 	-0.0 	20.0 	0.0 	0.0 	0.0 	5.37023905945	4.41843622981	117.776795911	-9.05939397292	
7.31666666667	0.0	0.0	0.0 	0.0 	206.333333333 	20.0 	0.0 	0.0 	0.0 	-0.0 	20.0 	0.0 	0.0 	0.0 	5.37133052121	4.41843622981	117.691113691	-9.08533192035	
7.33333333333	0.0	0.0	0.0 	0.0 	206.666666667 	20.0 	0.0 	0.0 	0.0 	-0.0 	20.0 	0.0 	0.0 	0.0 	5.37239772826	4.41843622981	117.605414448	-9.11127502128	
7.35	0.0	0.0	0.0 	0.0 	207.0 	20.0 	0.0 	0.0 	0.0 	-0.0 	20.0 	0.0 	0.0 	0.0 	5.37344121961	4.41843622981	117.519698559	-9.13722316119	
7.36666666667	0.0	0.0	0.0 	0.0 	207.333333333 	20.0 	0.0 	0.0 	0.0 	-0.0 	20.0 	0.0 	0.0 	0.0 	5.37446152225	4.41843622981	117.433966394	-9.16317622811	
7.38333333333	0.0	0.0	0.0 	0.0 	207.666666667 	20.0 	0.0 	0.0 	0.0 	-0.0 	20.0 	0.0 	0.0 	0.0 	5.37545915151	4.41843622981	117.348218316	-9.18913411253	
7.4	0.0	0.0	0.0 	0.0 	208.0 	20.0 	0.0 	0.0 	0.0 	-0.0 	20.0 	0.0 	0.0 	0.0 	5.37643461122	4.41843622981	117.262454677	-9.21509670741	
7.41666666667	0.0	0.0	0.0 	0.0 	208.333333333 	20.0 	0.0 	0.0 	0.0 	-0.0 	20.0 	0.0 	0.0 	0.0 	5.37738839406	4.41843622981	117.176675823	-9.24106390808	
7.43333333333	0.0	0.0	0.0 	0.0 	208.666666667 	20.0 	0.0 	0.0 	0.0 	-0.0 	20.0 	0.0 	0.0 	0.0 	5.37832098172	4.41843622981	117.090882093	-9.26703561217	
7.45	0.0	0.0	0.0 	0.0 	209.0 	20.0 	0.0 	0.0 	0.0 	-0.0 	20.0 	0.0 	0.0 	0.0 	5.37923284521	4.41843622981	117.005073818	-9.29301171962	
7.46666666667	0.0	0.0	0.0 	0.0 	209.333333333 	20.0 	0.0 	0.0 	0.0 	-0.0 	20.0 	0.0 	0.0 	0.0 	5.38012444506	4.41843622981	116.919251319	-9.31899213257	
7.48333333333	0.0	0.0	0.0 	0.0 	209.666666667 	20.0 	0.0 	0.0 	0.0 	-0.0 	20.0 	0.0 	0.0 	0.0 	5.38099623159	4.41843622981	116.833414915	-9.34497675534	
7.5	0.0	0.0	0.0 	0.0 	210.0 	20.0 	0.0 	0.0 	0.0 	-0.0 	20.0 	0.0 	0.0 	0.0 	5.38184864508	4.41843622981	116.747564912	-9.37096549438	
7.51666666667	0.0	0.0	0.0 	0.0 	210.333333333 	20.0 	0.0 	0.0 	0.0 	-0.0 	20.0 	0.0 	0.0 	0.0 	5.38268211605	4.41843622981	116.661701615	-9.39695825822	
7.53333333333	0.0	0.0	0.0 	0.0 	210.666666667 	20.0 	0.0 	0.0 	0.0 	-0.0 	20.0 	0.0 	0.0 	0.0 	5.38349706544	4.41843622981	116.575825317	-9.42295495742	
7.55	0.0	0.0	0.0 	0.0 	211.0 	20.0 	0.0 	0.0 	0.0 	-0.0 	20.0 	0.0 	0.0 	0.0 	5.38429390485	4.41843622981	116.489936309	-9.44895550453	
7.56666666667	0.0	0.0	0.0 	0.0 	211.333333333 	20.0 	0.0 	0.0 	0.0 	-0.0 	20.0 	0.0 	0.0 	0.0 	5.38507303671	4.41843622981	116.404034872	-9.47495981404	
7.58333333333	0.0	0.0	0.0 	0.0 	211.666666667 	20.0 	0.0 	0.0 	0.0 	-0.0 	20.0 	0.0 	0.0 	0.0 	5.38583485453	4.41843622981	116.318121282	-9.50096780233	
7.6	0.0	0.0	0.0 	0.0 	212.0 	20.0 	0.0 	0.0 	0.0 	-0.0 	20.0 	0.0 	0.0 	0.0 	5.38657974307	4.41843622981	116.23219581	-9.52697938766	
7.61666666667	0.0	0.0	0.0 	0.0 	212.333333333 	20.0 	0.0 	0.0 	0.0 	-0.0 	20.0 	0.0 	0.0 	0.0 	5.38730807853	4.41843622981	116.146258721	-9.5529944901	
7.63333333333	0.0	0.0	0.0 	0.0 	212.666666667 	20.0 	0.0 	0.0 	0.0 	-0.0 	20.0 	0.0 	0.0 	0.0 	5.38802022875	4.41843622981	116.060310271	-9.57901303148	
7.65	0.0	0.0	0.0 	0.0 	213.0 	20.0 	0.0 	0.0 	0.0 	-0.0 	20.0 	0.0 	0.0 	0.0 	5.38871655342	4.41843622981	115.974350713	-9.60503493539	
7.66666666667	0.0	0.0	0.0 	0.0 	213.333333333 	20.0 	0.0 	0.0 	0.0 	-0.0 	20.0 	0.0 	0.0 	0.0 	5.3893974042	4.41843622981	115.888380295	-9.6310601271	
7.68333333333	0.0	0.0	0.0 	0.0 	213.666666667 	20.0 	0.0 	0.0 	0.0 	-0.0 	20.0 	0.0 	0.0 	0.0 	5.39006312497	4.41843622981	115.802399257	-9.65708853355	
7.7	0.0	0.0	0.0 	0.0 	214.0 	20.0 	0.0 	0.0 	0.0 	-0.0 	20.0 	0.0 	0.0 	0.0 	5.39071405194	4.41843622981	115.716407836	-9.6831200833	
7.71666666667	0.0	0.0	0.0 	0.0 	214.333333333 	20.0 	0.0 	0.0 	0.0 	-0.0 	20.0 	0.0 	0.0 	0.0 	5.39135051387	4.41843622981	115.630406262	-9.7091547065	
7.73333333333	0.0	0.0	0.0 	0.0 	214.666666667 	20.0 	0.0 	0.0 	0.0 	-0.0 	20.0 	0.0 	0.0 	0.0 	5.3919728322	4.41843622981	115.544394761	-9.73519233485	
7.75	0.0	0.0	0.0 	0.0 	215.0 	20.0 	0.0 	0.0 	0.0 	-0.0 	20.0 	0.0 	0.0 	0.0 	5.39258132123	4.41843622981	115.458373553	-9.76123290157	
7.76666666667	0.0	0.0	0.0 	0.0 	215.333333333 	20.0 	0.0 	0.0 	0.0 	-0.0 	20.0 	0.0 	0.0 	0.0 	5.39317628829	4.41843622981	115.372342855	-9.78727634136	
7.78333333333	0.0	0.0	0.0 	0.0 	215.666666667 	20.0 	0.0 	0.0 	0.0 	-0.0 	20.0 	0.0 	0.0 	0.0 	5.39375803385	4.41843622981	115.286302877	-9.81332259039	
7.8	0.0	0.0	0.0 	0.0 	216.0 	20.0 	0.0 	0.0 	0.0 	-0.0 	20.0 	0.0 	0.0 	0.0 	5.39432685174	4.41843622981	115.200253825	-9.83937158621	
7.81666666667	0.0	0.0	0.0 	0.0 	216.333333333 	20.0 	0.0 	0.0 	0.0 	-0.0 	20.0 	0.0 	0.0 	0.0 	5.39488302923	4.41843622981	115.114195901	-9.86542326779	
7.83333333333	0.0	0.0	0.0 	0.0 	216.666666667 	20.0 	0.0 	0.0 	0.0 	-0.0 	20.0 	0.0 	0.0 	0.0 	5.39542684722	4.41843622981	115.028129302	-9.89147757544	
7.85	0.0	0.0	0.0 	0.0 	217.0 	20.0 	0.0 	0.0 	0.0 	-0.0 	20.0 	0.0 	0.0 	0.0 	5.39595858036	4.41843622981	114.942054222	-9.91753445082	
7.86666666667	0.0	0.0	0.0 	0.0 	217.333333333 	20.0 	0.0 	0.0 	0.0 	-0.0 	20.0 	0.0 	0.0 	0.0 	5.39647849721	4.41843622981	114.855970847	-9.94359383685	
7.88333333333	0.0	0.0	0.0 	0.0 	217.666666667 	20.0 	0.0 	0.0 	0.0 	-0.0 	20.0 	0.0 	0.0 	0.0 	5.39698686036	4.41843622981	114.769879364	-9.96965567775	
7.9	0.0	0.0	0.0 	0.0 	218.0 	20.0 	0.0 	0.0 	0.0 	-0.0 	20.0 	0.0 	0.0 	0.0 	5.39748392654	4.41843622981	114.683779951	-9.99571991896	
7.91666666667	0.0	0.0	0.0 	0.0 	218.333333333 	20.0 	0.0 	0.0 	0.0 	-0.0 	20.0 	0.0 	0.0 	0.0 	5.39796994681	4.41843622981	114.597672786	-10.0217865072	
7.93333333333	0.0	0.0	0.0 	0.0 	218.666666667 	20.0 	0.0 	0.0 	0.0 	-0.0 	20.0 	0.0 	0.0 	0.0 	5.39844516663	4.41843622981	114.511558039	-10.0478553902	
7.95	0.0	0.0	0.0 	0.0 	219.0 	20.0 	0.0 	0.0 	0.0 	-0.0 	20.0 	0.0 	0.0 	0.0 	5.39890982601	4.41843622981	114.425435881	-10.073926517	
7.96666666667	0.0	0.0	0.0 	0.0 	219.333333333 	20.0 	0.0 	0.0 	0.0 	-0.0 	20.0 	0.0 	0.0 	0.0 	5.39936415963	4.41843622981	114.339306475	-10.0999998378	
7.98333333333	0.0	0.0	0.0 	0.0 	219.666666667 	20.0 	0.0 	0.0 	0.0 	-0.0 	20.0 	0.0 	0.0 	0.0 	5.39980839694	4.41843622981	114.253169983	-10.1260753038	
8.0	0.0	0.0	0.0 	0.0 	220.0 	20.0 	0.0 	0.0 	0.0 	-0.0 	20.0 	0.0 	0.0 	0.0 	5.40024276231	4.41843622981	114.167026562	-10.1521528673	
8.01666666667	0.0	0.0	0.0 	0.0 	220.333333333 	20.0 	0.0 	0.0 	0.0 	-0.0 	20.0 	0.0 	0.0 	0.0 	5.40066747512	4.41843622981	114.080876366	-10.1782324817	
8.03333333333	0.0	0.0	0.0 	0.0 	220.666666667 	20.0 	0.0 	0.0 	0.0 	-0.0 	20.0 	0.0 	0.0 	0.0 	5.40108274987	4.41843622981	113.994719546	-10.2043141015	
8.05	0.0	0.0	0.0 	0.0 	221.0 	20.0 	0.0 	0.0 	0.0 	-0.0 	20.0 	0.0 	0.0 	0.0 	5.40148879629	4.41843622981	113.908556248	-10.2303976821	
8.06666666667	0.0	0.0	0.0 	0.0 	221.333333333 	20.0 	0.0 	0.0 	0.0 	-0.0 	20.0 	0.0 	0.0 	0.0 	5.40188581945	4.41843622981	113.822386618	-10.2564831799	
8.08333333333	0.0	0.0	0.0 	0.0 	221.666666667 	20.0 	0.0 	0.0 	0.0 	-0.0 	20.0 	0.0 	0.0 	0.0 	5.40227401988	4.41843622981	113.736210795	-10.2825705523	
8.1	0.0	0.0	0.0 	0.0 	222.0 	20.0 	0.0 	0.0 	0.0 	-0.0 	20.0 	0.0 	0.0 	0.0 	5.40265359363	4.41843622981	113.650028917	-10.3086597576	
8.11666666667	0.0	0.0	0.0 	0.0 	222.333333333 	20.0 	0.0 	0.0 	0.0 	-0.0 	20.0 	0.0 	0.0 	0.0 	5.40302473241	4.41843622981	113.563841118	-10.3347507551	
8.13333333333	0.0	0.0	0.0 	0.0 	222.666666667 	20.0 	0.0 	0.0 	0.0 	-0.0 	20.0 	0.0 	0.0 	0.0 	5.40338762366	4.41843622981	113.477647531	-10.3608435051	
8.15	0.0	0.0	0.0 	0.0 	223.0 	20.0 	0.0 	0.0 	0.0 	-0.0 	20.0 	0.0 	0.0 	0.0 	5.40374245066	4.41843622981	113.391448284	-10.3869379685	
8.16666666667	0.0	0.0	0.0 	0.0 	223.333333333 	20.0 	0.0 	0.0 	0.0 	-0.0 	20.0 	0.0 	0.0 	0.0 	5.40408939262	4.41843622981	113.305243502	-10.4130341072	
8.18333333333	0.0	0.0	0.0 	0.0 	223.666666667 	20.0 	0.0 	0.0 	0.0 	-0.0 	20.0 	0.0 	0.0 	0.0 	5.40442862476	4.41843622981	113.219033309	-10.4391318841	
8.2	0.0	0.0	0.0 	0.0 	224.0 	20.0 	0.0 	0.0 	0.0 	-0.0 	20.0 	0.0 	0.0 	0.0 	5.4047603184	4.41843622981	113.132817825	-10.4652312627	
8.21666666667	0.0	0.0	0.0 	0.0 	224.333333333 	20.0 	0.0 	0.0 	0.0 	-0.0 	20.0 	0.0 	0.0 	0.0 	5.40508464107	4.41843622981	113.046597168	-10.4913322075	
8.23333333333	0.0	0.0	0.0 	0.0 	224.666666667 	20.0 	0.0 	0.0 	0.0 	-0.0 	20.0 	0.0 	0.0 	0.0 	5.40540175658	4.41843622981	112.960371452	-10.5174346836	
8.25	0.0	0.0	0.0 	0.0 	225.0 	20.0 	0.0 	0.0 	0.0 	-0.0 	20.0 	0.0 	0.0 	0.0 	5.40571182507	4.41843622981	112.874140789	-10.543538657	
8.26666666667	0.0	0.0	0.0 	0.0 	225.333333333 	20.0 	0.0 	0.0 	0.0 	-0.0 	20.0 	0.0 	0.0 	0.0 	5.40601500315	4.41843622981	112.787905291	-10.5696440945	
8.28333333333	0.0	0.0	0.0 	0.0 	225.666666667 	20.0 	0.0 	0.0 	0.0 	-0.0 	20.0 	0.0 	0.0 	0.0 	5.40631144394	4.41843622981	112.701665064	-10.5957509634	
8.3	0.0	0.0	0.0 	0.0 	226.0 	20.0 	0.0 	0.0 	0.0 	-0.0 	20.0 	0.0 	0.0 	0.0 	5.40660129716	4.41843622981	112.615420213	-10.6218592321	
8.31666666667	0.0	0.0	0.0 	0.0 	226.333333333 	20.0 	0.0 	0.0 	0.0 	-0.0 	20.0 	0.0 	0.0 	0.0 	5.40688470919	4.41843622981	112.529170841	-10.6479688693	
8.33333333333	0.0	0.0	0.0 	0.0 	226.666666667 	20.0 	0.0 	0.0 	0.0 	-0.0 	20.0 	0.0 	0.0 	0.0 	5.40716182318	4.41843622981	112.442917049	-10.6740798447	
8.35	0.0	0.0	0.0 	0.0 	227.0 	20.0 	0.0 	0.0 	0.0 	-0.0 	20.0 	0.0 	0.0 	0.0 	5.40743277908	4.41843622981	112.356658934	-10.7001921286	
8.36666666667	0.0	0.0	0.0 	0.0 	227.333333333 	20.0 	0.0 	0.0 	0.0 	-0.0 	20.0 	0.0 	0.0 	0.0 	5.40769771374	4.41843622981	112.270396594	-10.7263056918	
8.38333333333	0.0	0.0	0.0 	0.0 	227.666666667 	20.0 	0.0 	0.0 	0.0 	-0.0 	20.0 	0.0 	0.0 	0.0 	5.40795676096	4.41843622981	112.184130121	-10.7524205059	
8.4	0.0	0.0	0.0 	0.0 	228.0 	20.0 	0.0 	0.0 	0.0 	-0.0 	20.0 	0.0 	0.0 	0.0 	5.40821005158	4.41843622981	112.097859607	-10.7785365431	
8.41666666667	0.0	0.0	0.0 	0.0 	228.333333333 	20.0 	0.0 	0.0 	0.0 	-0.0 	20.0 	0.0 	0.0 	0.0 	5.40845771351	4.41843622981	112.011585143	-10.8046537763	
8.43333333333	0.0	0.0	0.0 	0.0 	228.666666667 	20.0 	0.0 	0.0 	0.0 	-0.0 	20.0 	0.0 	0.0 	0.0 	5.40869987185	4.41843622981	111.925306816	-10.8307721789	
8.45	0.0	0.0	0.0 	0.0 	229.0 	20.0 	0.0 	0.0 	0.0 	-0.0 	20.0 	0.0 	0.0 	0.0 	5.40893664889	4.41843622981	111.839024713	-10.8568917249	
8.46666666667	0.0	0.0	0.0 	0.0 	229.333333333 	20.0 	0.0 	0.0 	0.0 	-0.0 	20.0 	0.0 	0.0 	0.0 	5.40916816422	4.41843622981	111.752738916	-10.8830123888	
8.48333333333	0.0	0.0	0.0 	0.0 	229.666666667 	20.0 	0.0 	0.0 	0.0 	-0.0 	20.0 	0.0 	0.0 	0.0 	5.40939453477	4.41843622981	111.666449508	-10.9091341459	
8.5	0.0	0.0	0.0 	0.0 	230.0 	20.0 	0.0 	0.0 	0.0 	-0.0 	20.0 	0.0 	0.0 	0.0 	5.40961587485	4.41843622981	111.580156569	-10.9352569718	
8.51666666667	0.0	0.0	0.0 	0.0 	230.333333333 	20.0 	0.0 	0.0 	0.0 	-0.0 	20.0 	0.0 	0.0 	0.0 	5.40983229627	4.41843622981	111.493860178	-10.9613808428	
8.53333333333	0.0	0.0	0.0 	0.0 	230.666666667 	20.0 	0.0 	0.0 	0.0 	-0.0 	20.0 	0.0 	0.0 	0.0 	5.41004390833	4.41843622981	111.407560411	-10.9875057357	
8.55	0.0	0.0	0.0 	0.0 	231.0 	20.0 	0.0 	0.0 	0.0 	-0.0 	20.0 	0.0 	0.0 	0.0 	5.41025081789	4.41843622981	111.321257344	-11.0136316278	
8.56666666667	0.0	0.0	0.0 	0.0 	231.333333333 	20.0 	0.0 	0.0 	0.0 	-0.0 	20.0 	0.0 	0.0 	0.0 	5.41045312946	4.41843622981	111.23495105	-11.0397584968	
8.58333333333	0.0	0.0	0.0 	0.0 	231.666666667 	20.0 	0.0 	0.0 	0.0 	-0.0 	20.0 	0.0 	0.0 	0.0 	5.41065094523	4.41843622981	111.1486416	-11.065886321	
8.6	0.0	0.0	0.0 	0.0 	232.0 	20.0 	0.0 	0.0 	0.0 	-0.0 	20.0 	0.0 	0.0 	0.0 	5.41084436508	4.41843622981	111.062329064	-11.0920150792	
8.61666666667	0.0	0.0	0.0 	0.0 	232.333333333 	20.0 	0.0 	0.0 	0.0 	-0.0 	20.0 	0.0 	0.0 	0.0 	5.41103348672	4.41843622981	110.976013512	-11.1181447508	
8.63333333333	0.0	0.0	0.0 	0.0 	232.666666667 	20.0 	0.0 	0.0 	0.0 	-0.0 	20.0 	0.0 	0.0 	0.0 	5.41121840565	4.41843622981	110.88969501	-11.1442753152	
8.65	0.0	0.0	0.0 	0.0 	233.0 	20.0 	0.0 	0.0 	0.0 	-0.0 	20.0 	0.0 	0.0 	0.0 	5.41139921527	4.41843622981	110.803373624	-11.1704067528	
8.66666666667	0.0	0.0	0.0 	0.0 	233.333333333 	20.0 	0.0 	0.0 	0.0 	-0.0 	20.0 	0.0 	0.0 	0.0 	5.41157600691	4.41843622981	110.717049418	-11.1965390442	
8.68333333333	0.0	0.0	0.0 	0.0 	233.666666667 	20.0 	0.0 	0.0 	0.0 	-0.0 	20.0 	0.0 	0.0 	0.0 	5.41174886983	4.41843622981	110.630722454	-11.2226721702	
8.7	0.0	0.0	0.0 	0.0 	234.0 	20.0 	0.0 	0.0 	0.0 	-0.0 	20.0 	0.0 	0.0 	0.0 	5.41191789137	4.41843622981	110.544392794	-11.2488061125	
8.71666666667	0.0	0.0	0.0 	0.0 	234.333333333 	20.0 	0.0 	0.0 	0.0 	-0.0 	20.0 	0.0 	0.0 	0.0 	5.41208315686	4.41843622981	110.458060498	-11.2749408528	
8.73333333333	0.0	0.0	0.0 	0.0 	234.666666667 	20.0 	0.0 	0.0 	0.0 	-0.0 	20.0 	0.0 	0.0 	0.0 	5.41224474979	4.41843622981	110.371725624	-11.3010763735	
8.75	0.0	0.0	0.0 	0.0 	235.0 	20.0 	0.0 	0.0 	0.0 	-0.0 	20.0 	0.0 	0.0 	0.0 	5.41240275177	4.41843622981	110.28538823	-11.3272126571	
8.76666666667	0.0	0.0	0.0 	0.0 	235.333333333 	20.0 	0.0 	0.0 	0.0 	-0.0 	20.0 	0.0 	0.0 	0.0 	5.41255724259	4.41843622981	110.199048371	-11.3533496868	
8.78333333333	0.0	0.0	0.0 	0.0 	235.666666667 	20.0 	0.0 	0.0 	0.0 	-0.0 	20.0 	0.0 	0.0 	0.0 	5.41270830028	4.41843622981	110.112706102	-11.3794874459	
8.8	0.0	0.0	0.0 	0.0 	236.0 	20.0 	0.0 	0.0 	0.0 	-0.0 	20.0 	0.0 	0.0 	0.0 	5.41285600113	4.41843622981	110.026361478	-11.4056259183	
8.81666666667	0.0	0.0	0.0 	0.0 	236.333333333 	20.0 	0.0 	0.0 	0.0 	-0.0 	20.0 	0.0 	0.0 	0.0 	5.41300041975	4.41843622981	109.94001455	-11.4317650881	
8.83333333333	0.0	0.0	0.0 	0.0 	236.666666667 	20.0 	0.0 	0.0 	0.0 	-0.0 	20.0 	0.0 	0.0 	0.0 	5.41314162906	4.41843622981	109.853665369	-11.4579049397	
8.85	0.0	0.0	0.0 	0.0 	237.0 	20.0 	0.0 	0.0 	0.0 	-0.0 	20.0 	0.0 	0.0 	0.0 	5.41327970038	4.41843622981	109.767313986	-11.4840454581	
8.86666666667	0.0	0.0	0.0 	0.0 	237.333333333 	20.0 	0.0 	0.0 	0.0 	-0.0 	20.0 	0.0 	0.0 	0.0 	5.41341470346	4.41843622981	109.680960449	-11.5101866284	
8.88333333333	0.0	0.0	0.0 	0.0 	237.666666667 	20.0 	0.0 	0.0 	0.0 	-0.0 	20.0 	0.0 	0.0 	0.0 	5.41354670646	4.41843622981	109.594604807	-11.5363284362	
8.9	0.0	0.0	0.0 	0.0 	238.0 	20.0 	0.0 	0.0 	0.0 	-0.0 	20.0 	0.0 	0.0 	0.0 	5.41367577607	4.41843622981	109.508247105	-11.5624708672	
8.91666666667	0.0	0.0	0.0 	0.0 	238.333333333 	20.0 	0.0 	0.0 	0.0 	-0.0 	20.0 	0.0 	0.0 	0.0 	5.41380197746	4.41843622981	109.421887391	-11.5886139077	
8.93333333333	0.0	0.0	0.0 	0.0 	238.666666667 	20.0 	0.0 	0.0 	0.0 	-0.0 	20.0 	0.0 	0.0 	0.0 	5.41392537438	4.41843622981	109.335525708	-11.614757544	
8.95	0.0	0.0	0.0 	0.0 	239.0 	20.0 	0.0 	0.0 	0.0 	-0.0 	20.0 	0.0 	0.0 	0.0 	5.41404602914	4.41843622981	109.2491621	-11.640901763	
8.96666666667	0.0	0.0	0.0 	0.0 	239.333333333 	20.0 	0.0 	0.0 	0.0 	-0.0 	20.0 	0.0 	0.0 	0.0 	5.41416400269	4.41843622981	109.162796611	-11.6670465516	
8.98333333333	0.0	0.0	0.0 	0.0 	239.666666667 	20.0 	0.0 	0.0 	0.0 	-0.0 	20.0 	0.0 	0.0 	0.0 	5.4142793546	4.41843622981	109.076429281	-11.6931918973	
9.0	0.0	0.0	0.0 	0.0 	240.0 	20.0 	0.0 	0.0 	0.0 	-0.0 	20.0 	0.0 	0.0 	0.0 	5.41439214313	4.41843622981	108.990060153	-11.7193377876	
9.01666666667	0.0	0.0	0.0 	0.0 	240.333333333 	20.0 	0.0 	0.0 	0.0 	-0.0 	20.0 	0.0 	0.0 	0.0 	5.41450242526	4.41843622981	108.903689265	-11.7454842105	
9.03333333333	0.0	0.0	0.0 	0.0 	240.666666667 	20.0 	0.0 	0.0 	0.0 	-0.0 	20.0 	0.0 	0.0 	0.0 	5.41461025667	4.41843622981	108.817316657	-11.7716311541	
9.05	0.0	0.0	0.0 	0.0 	241.0 	20.0 	0.0 	0.0 	0.0 	-0.0 	20.0 	0.0 	0.0 	0.0 	5.41471569182	4.41843622981	108.730942367	-11.7977786069	
9.06666666667	0.0	0.0	0.0 	0.0 	241.333333333 	20.0 	0.0 	0.0 	0.0 	-0.0 	20.0 	0.0 	0.0 	0.0 	5.41481878398	4.41843622981	108.644566433	-11.8239265574	
9.08333333333	0.0	0.0	0.0 	0.0 	241.666666667 	20.0 	0.0 	0.0 	0.0 	-0.0 	20.0 	0.0 	0.0 	0.0 	5.41491958519	4.41843622981	108.558188891	-11.8500749948	
9.1	0.0	0.0	0.0 	0.0 	242.0 	20.0 	0.0 	0.0 	0.0 	-0.0 	20.0 	0.0 	0.0 	0.0 	5.41501814638	4.41843622981	108.471809776	-11.8762239081	
9.11666666667	0.0	0.0	0.0 	0.0 	242.333333333 	20.0 	0.0 	0.0 	0.0 	-0.0 	20.0 	0.0 	0.0 	0.0 	5.41511451732	4.41843622981	108.385429124	-11.9023732867	
9.13333333333	0.0	0.0	0.0 	0.0 	242.666666667 	20.0 	0.0 	0.0 	0.0 	-0.0 	20.0 	0.0 	0.0 	0.0 	5.41520874669	4.41843622981	108.299046969	-11.9285231204	
9.15	0.0	0.0	0.0 	0.0 	243.0 	20.0 	0.0 	0.0 	0.0 	-0.0 	20.0 	0.0 	0.0 	0.0 	5.41530088207	4.41843622981	108.212663345	-11.954673399	
9.16666666667	0.0	0.0	0.0 	0.0 	243.333333333 	20.0 	0.0 	0.0 	0.0 	-0.0 	20.0 	0.0 	0.0 	0.0 	5.41539096999	4.41843622981	108.126278283	-11.9808241126	
9.18333333333	0.0	0.0	0.0 	0.0 	243.666666667 	20.0 	0.0 	0.0 	0.0 	-0.0 	20.0 	0.0 	0.0 	0.0 	5.41547905596	4.41843622981	108.039891816	-12.0069752516	
9.2	0.0	0.0	0.0 	0.0 	244.0 	20.0 	0.0 	0.0 	0.0 	-0.0 	20.0 	0.0 	0.0 	0.0 	5.41556518447	4.41843622981	107.953503975	-12.0331268065	
9.21666666667	0.0	0.0	0.0 	0.0 	244.333333333 	20.0 	0.0 	0.0 	0.0 	-0.0 	20.0 	0.0 	0.0 	0.0 	5.41564939901	4.41843622981	107.867114791	-12.0592787681	
9.23333333333	0.0	0.0	0.0 	0.0 	244.666666667 	20.0 	0.0 	0.0 	0.0 	-0.0 	20.0 	0.0 	0.0 	0.0 	5.41573174211	4.41843622981	107.780724294	-12.0854311273	
9.25	0.0	0.0	0.0 	0.0 	245.0 	20.0 	0.0 	0.0 	0.0 	-0.0 	20.0 	0.0 	0.0 	0.0 	5.41581225537	4.41843622981	107.694332512	-12.1115838753	
9.26666666667	0.0	0.0	0.0 	0.0 	245.333333333 	20.0 	0.0 	0.0 	0.0 	-0.0 	20.0 	0.0 	0.0 	0.0 	5.41589097944	4.41843622981	107.607939474	-12.1377370035	
9.28333333333	0.0	0.0	0.0 	0.0 	245.666666667 	20.0 	0.0 	0.0 	0.0 	-0.0 	20.0 	0.0 	0.0 	0.0 	5.41596795409	4.41843622981	107.521545208	-12.1638905034	
9.3	0.0	0.0	0.0 	0.0 	246.0 	20.0 	0.0 	0.0 	0.0 	-0.0 	20.0 	0.0 	0.0 	0.0 	5.4160432182	4.41843622981	107.435149742	-12.1900443667	
9.31666666667	0.0	0.0	0.0 	0.0 	246.333333333 	20.0 	0.0 	0.0 	0.0 	-0.0 	20.0 	0.0 	0.0 	0.0 	5.41611680976	4.41843622981	107.348753102	-12.2161985854	
9.33333333333	0.0	0.0	0.0 	0.0 	246.666666667 	20.0 	0.0 	0.0 	0.0 	-0.0 	20.0 	0.0 	0.0 	0.0 	5.41618876596	4.41843622981	107.262355314	-12.2423531515	
9.35	0.0	0.0	0.0 	0.0 	247.0 	20.0 	0.0 	0.0 	0.0 	-0.0 	20.0 	0.0 	0.0 	0.0 	5.41625912313	4.41843622981	107.175956404	-12.2685080574	
9.36666666667	0.0	0.0	0.0 	0.0 	247.333333333 	20.0 	0.0 	0.0 	0.0 	-0.0 	20.0 	0.0 	0.0 	0.0 	5.41632791681	4.41843622981	107.089556396	-12.2946632955	
9.38333333333	0.0	0.0	0.0 	0.0 	247.666666667 	20.0 	0.0 	0.0 	0.0 	-0.0 	20.0 	0.0 	0.0 	0.0 	5.41639518174	4.41843622981	107.003155315	-12.3208188585	
9.4	0.0	0.0	0.0 	0.0 	248.0 	20.0 	0.0 	0.0 	0.0 	-0.0 	20.0 	0.0 	0.0 	0.0 	5.4164609519	4.41843622981	106.916753186	-12.346974739	
9.41666666667	0.0	0.0	0.0 	0.0 	248.333333333 	20.0 	0.0 	0.0 	0.0 	-0.0 	20.0 	0.0 	0.0 	0.0 	5.41652526049	4.41843622981	106.83035003	-12.3731309301	
9.43333333333	0.0	0.0	0.0 	0.0 	248.666666667 	20.0 	0.0 	0.0 	0.0 	-0.0 	20.0 	0.0 	0.0 	0.0 	5.41658814001	4.41843622981	106.743945871	-12.3992874248	
9.45	0.0	0.0	0.0 	0.0 	249.0 	20.0 	0.0 	0.0 	0.0 	-0.0 	20.0 	0.0 	0.0 	0.0 	5.4166496222	4.41843622981	106.657540732	-12.4254442164	
9.46666666667	0.0	0.0	0.0 	0.0 	249.333333333 	20.0 	0.0 	0.0 	0.0 	-0.0 	20.0 	0.0 	0.0 	0.0 	5.41670973813	4.41843622981	106.571134633	-12.4516012983	
9.48333333333	0.0	0.0	0.0 	0.0 	249.666666667 	20.0 	0.0 	0.0 	0.0 	-0.0 	20.0 	0.0 	0.0 	0.0 	5.41676851814	4.41843622981	106.484727597	-12.4777586641	
9.5	0.0	0.0	0.0 	0.0 	250.0 	20.0 	0.0 	0.0 	0.0 	-0.0 	20.0 	0.0 	0.0 	0.0 	5.41682599193	4.41843622981	106.398319644	-12.5039163074	
9.51666666667	0.0	0.0	0.0 	0.0 	250.333333333 	20.0 	0.0 	0.0 	0.0 	-0.0 	20.0 	0.0 	0.0 	0.0 	5.41688218852	4.41843622981	106.311910795	-12.5300742221	
9.53333333333	0.0	0.0	0.0 	0.0 	250.666666667 	20.0 	0.0 	0.0 	0.0 	-0.0 	20.0 	0.0 	0.0 	0.0 	5.41693713631	4.41843622981	106.225501069	-12.5562324021	
9.55	0.0	0.0	0.0 	0.0 	251.0 	20.0 	0.0 	0.0 	0.0 	-0.0 	20.0 	0.0 	0.0 	0.0 	5.41699086303	4.41843622981	106.139090487	-12.5823908415	
9.56666666667	0.0	0.0	0.0 	0.0 	251.333333333 	20.0 	0.0 	0.0 	0.0 	-0.0 	20.0 	0.0 	0.0 	0.0 	5.41704339582	4.41843622981	106.052679066	-12.6085495347	
9.58333333333	0.0	0.0	0.0 	0.0 	251.666666667 	20.0 	0.0 	0.0 	0.0 	-0.0 	20.0 	0.0 	0.0 	0.0 	5.41709476122	4.41843622981	105.966266826	-12.6347084758	
9.6	0.0	0.0	0.0 	0.0 	252.0 	20.0 	0.0 	0.0 	0.0 	-0.0 	20.0 	0.0 	0.0 	0.0 	5.41714498516	4.41843622981	105.879853784	-12.6608676595	
9.61666666667	0.0	0.0	0.0 	0.0 	252.333333333 	20.0 	0.0 	0.0 	0.0 	-0.0 	20.0 	0.0 	0.0 	0.0 	5.41719409302	4.41843622981	105.793439959	-12.6870270804	
9.63333333333	0.0	0.0	0.0 	0.0 	252.666666667 	20.0 	0.0 	0.0 	0.0 	-0.0 	20.0 	0.0 	0.0 	0.0 	5.41724210959	4.41843622981	105.707025369	-12.7131867331	
9.65	0.0	0.0	0.0 	0.0 	253.0 	20.0 	0.0 	0.0 	0.0 	-0.0 	20.0 	0.0 	0.0 	0.0 	5.41728905913	4.41843622981	105.620610029	-12.7393466125	
9.66666666667	0.0	0.0	0.0 	0.0 	253.333333333 	20.0 	0.0 	0.0 	0.0 	-0.0 	20.0 	0.0 	0.0 	0.0 	5.41733496534	4.41843622981	105.534193957	-12.7655067136	
9.68333333333	0.0	0.0	0.0 	0.0 	253.666666667 	20.0 	0.0 	0.0 	0.0 	-0.0 	20.0 	0.0 	0.0 	0.0 	5.41737985141	4.41843622981	105.447777169	-12.7916670315	
9.7	0.0	0.0	0.0 	0.0 	254.0 	20.0 	0.0 	0.0 	0.0 	-0.0 	20.0 	0.0 	0.0 	0.0 	5.41742374002	4.41843622981	105.361359681	-12.8178275613	
9.71666666667	0.0	0.0	0.0 	0.0 	254.333333333 	20.0 	0.0 	0.0 	0.0 	-0.0 	20.0 	0.0 	0.0 	0.0 	5.41746665332	4.41843622981	105.274941509	-12.8439882983	
9.73333333333	0.0	0.0	0.0 	0.0 	254.666666667 	20.0 	0.0 	0.0 	0.0 	-0.0 	20.0 	0.0 	0.0 	0.0 	5.417508613	4.41843622981	105.188522667	-12.870149238	
9.75	0.0	0.0	0.0 	0.0 	255.0 	20.0 	0.0 	0.0 	0.0 	-0.0 	20.0 	0.0 	0.0 	0.0 	5.41754964024	4.41843622981	105.102103171	-12.8963103758	
9.76666666667	0.0	0.0	0.0 	0.0 	255.333333333 	20.0 	0.0 	0.0 	0.0 	-0.0 	20.0 	0.0 	0.0 	0.0 	5.41758975576	4.41843622981	105.015683035	-12.9224717072	
9.78333333333	0.0	0.0	0.0 	0.0 	255.666666667 	20.0 	0.0 	0.0 	0.0 	-0.0 	20.0 	0.0 	0.0 	0.0 	5.41762897982	4.41843622981	104.929262273	-12.9486332281	
9.8	0.0	0.0	0.0 	0.0 	256.0 	20.0 	0.0 	0.0 	0.0 	-0.0 	20.0 	0.0 	0.0 	0.0 	5.41766733224	4.41843622981	104.842840899	-12.9747949342	
9.81666666667	0.0	0.0	0.0 	0.0 	256.333333333 	20.0 	0.0 	0.0 	0.0 	-0.0 	20.0 	0.0 	0.0 	0.0 	5.41770483239	4.41843622981	104.756418927	-13.0009568214	
9.83333333333	0.0	0.0	0.0 	0.0 	256.666666667 	20.0 	0.0 	0.0 	0.0 	-0.0 	20.0 	0.0 	0.0 	0.0 	5.41774149919	4.41843622981	104.66999637	-13.0271188857	
9.85	0.0	0.0	0.0 	0.0 	257.0 	20.0 	0.0 	0.0 	0.0 	-0.0 	20.0 	0.0 	0.0 	0.0 	5.41777735118	4.41843622981	104.583573241	-13.053281123	
9.86666666667	0.0	0.0	0.0 	0.0 	257.333333333 	20.0 	0.0 	0.0 	0.0 	-0.0 	20.0 	0.0 	0.0 	0.0 	5.41781240646	4.41843622981	104.497149554	-13.0794435297	
9.88333333333	0.0	0.0	0.0 	0.0 	257.666666667 	20.0 	0.0 	0.0 	0.0 	-0.0 	20.0 	0.0 	0.0 	0.0 	5.41784668273	4.41843622981	104.410725319	-13.1056061019	
9.9	0.0	0.0	0.0 	0.0 	258.0 	20.0 	0.0 	0.0 	0.0 	-0.0 	20.0 	0.0 	0.0 	0.0 	5.41788019731	4.41843622981	104.32430055	-13.1317688359	
9.91666666667	0.0	0.0	0.0 	0.0 	258.333333333 	20.0 	0.0 	0.0 	0.0 	-0.0 	20.0 	0.0 	0.0 	0.0 	5.41791296712	4.41843622981	104.237875258	-13.1579317282	
9.93333333333	0.0	0.0	0.0 	0.0 	258.666666667 	20.0 	0.0 	0.0 	0.0 	-0.0 	20.0 	0.0 	0.0 	0.0 	5.41794500871	4.41843622981	104.151449454	-13.1840947751	
9.95	0.0	0.0	0.0 	0.0 	259.0 	20.0 	0.0 	0.0 	0.0 	-0.0 	20.0 	0.0 	0.0 	0.0 	5.41797633827	4.41843622981	104.065023151	-13.2102579734	
9.96666666667	0.0	0.0	0.0 	0.0 	259.333333333 	20.0 	0.0 	0.0 	0.0 	-0.0 	20.0 	0.0 	0.0 	0.0 	5.41800697161	4.41843622981	103.97859636	-13.2364213196	
9.98333333333	0.0	0.0	0.0 	0.0 	259.666666667 	20.0 	0.0 	0.0 	0.0 	-0.0 	20.0 	0.0 	0.0 	0.0 	5.41803692421	4.41843622981	103.892169091	-13.2625848105	
