0.0166666666667	0.0	0.0	0.0 	0.0 	60.2333333333 	14.0 	0.0 	0.0 	0.0 	0.0 	14.0 	0.0 	0.0 	0.0 	0.0	0.557096774194	140.0	-21.6129032258	
0.0333333333333	0.0	0.0	0.0 	0.0 	60.4666666667 	14.0 	0.0 	0.0 	0.0 	-0.0 	14.0 	0.0 	0.0 	0.0 	0.0	0.557096774194	140.0	-21.6129032258	
0.05	0.0	0.0	0.0 	0.0 	60.7 	14.0 	0.0 	0.0 	0.0 	-0.0 	14.0 	0.0 	0.0 	0.0 	0.0	0.557096774194	140.0	-21.6129032258	
0.0666666666667	0.0	0.0	0.0 	0.0 	60.9333333333 	14.0 	0.0 	0.0 	0.0 	-0.0 	14.0 	0.0 	0.0 	0.0 	0.0	0.557096774194	140.0	-21.6129032258	
0.0833333333333	0.0	0.0	0.0 	0.0 	61.1666666667 	14.0 	0.0 	0.0 	0.0 	-0.0 	14.0 	0.0 	0.0 	0.0 	0.0	0.557096774194	140.0	-21.6129032258	
0.1	0.0	0.0	0.0 	0.0 	61.4 	14.0 	0.0 	0.0 	0.0 	-0.0 	14.0 	0.0 	0.0 	0.0 	0.0	0.557096774194	140.0	-21.6129032258	
0.116666666667	0.0	0.0	0.0 	0.0 	61.6333333333 	14.0 	0.0 	0.0 	0.0 	-0.0 	14.0 	0.0 	0.0 	0.0 	0.0	0.557096774194	140.0	-21.6129032258	
0.133333333333	0.0	0.0	0.0 	0.0 	61.8666666667 	14.0 	0.0 	0.0 	0.0 	-0.0 	14.0 	0.0 	0.0 	0.0 	0.0	0.557096774194	140.0	-21.6129032258	
0.15	0.0	0.0	0.0 	0.0 	62.1 	14.0 	0.0 	0.0 	0.0 	-0.0 	14.0 	0.0 	0.0 	0.0 	0.0	0.557096774194	140.0	-21.6129032258	
0.166666666667	0.0	0.0	0.0 	0.0 	62.3333333333 	14.0 	0.0 	0.0 	0.0 	-0.0 	14.0 	0.0 	0.0 	0.0 	0.0	0.557096774194	140.0	-21.6129032258	
0.183333333333	0.0	0.0	0.0 	0.0 	62.5666666667 	14.0 	0.0 	0.0 	0.0 	-0.0 	14.0 	0.0 	0.0 	0.0 	0.0	0.557096774194	140.0	-21.6129032258	
0.2	0.0	0.0	0.0 	0.0 	62.8 	14.0 	0.0 	0.0 	0.0 	-0.0 	14.0 	0.0 	0.0 	0.0 	0.0	0.557096774194	140.0	-21.6129032258	
0.216666666667	0.0	0.0	0.0 	0.0 	63.0333333333 	14.0 	0.0 	0.0 	0.0 	-0.0 	14.0 	0.0 	0.0 	0.0 	0.0	0.557096774194	140.0	-21.6129032258	
0.233333333333	0.0	0.0	0.0 	0.0 	63.2666666667 	14.0 	0.0 	0.0 	0.0 	-0.0 	14.0 	0.0 	0.0 	0.0 	0.0	0.557096774194	140.0	-21.6129032258	
0.25	0.0	0.0	0.0 	0.0 	63.5 	14.0 	0.0 	0.0 	0.0 	-0.0 	14.0 	0.0 	0.0 	0.0 	0.0	0.557096774194	140.0	-21.6129032258	
0.266666666667	0.0	0.0	0.0 	0.0 	63.7333333333 	14.0 	0.0 	0.0 	0.0 	-0.0 	14.0 	0.0 	0.0 	0.0 	0.0	0.557096774194	140.0	-21.6129032258	
0.283333333333	0.0	0.0	0.0 	0.0 	63.9666666667 	14.0 	0.0 	0.0 	0.0 	-0.0 	14.0 	0.0 	0.0 	0.0 	0.0	0.557096774194	140.0	-21.6129032258	
0.3	0.0	0.0	0.0 	0.0 	64.2 	14.0 	0.0 	0.0 	0.0 	-0.0 	14.0 	0.0 	0.0 	0.0 	0.0	0.557096774194	140.0	-21.6129032258	
0.316666666667	0.0	0.0	0.0 	0.0 	64.4333333333 	14.0 	0.0 	0.0 	0.0 	-0.0 	14.0 	0.0 	0.0 	0.0 	0.0	0.557096774194	140.0	-21.6129032258	
0.333333333333	0.0	0.0	0.0 	0.0 	64.6666666667 	14.0 	0.0 	0.0 	0.0 	-0.0 	14.0 	0.0 	0.0 	0.0 	0.0	0.557096774194	140.0	-21.6129032258	
0.35	0.0	0.0	0.0 	0.0 	64.9 	14.0 	0.0 	0.0 	0.0 	-0.0 	14.0 	0.0 	0.0 	0.0 	0.0	0.557096774194	140.0	-21.6129032258	
0.366666666667	0.0	0.0	0.0 	0.0 	65.1333333333 	14.0 	0.0 	0.0 	0.0 	-0.0 	14.0 	0.0 	0.0 	0.0 	0.0	0.557096774194	140.0	-21.6129032258	
0.383333333333	0.0	0.0	0.0 	0.0 	65.3666666667 	14.0 	0.0 	0.0 	0.0 	-0.0 	14.0 	0.0 	0.0 	0.0 	0.0	0.557096774194	140.0	-21.6129032258	
0.4	0.0	0.0	0.0 	0.0 	65.6 	14.0 	0.0 	0.0 	0.0 	-0.0 	14.0 	0.0 	0.0 	0.0 	0.0	0.557096774194	140.0	-21.6129032258	
0.416666666667	0.0	0.0	0.0 	0.0 	65.8333333333 	14.0 	0.0 	0.0 	0.0 	-0.0 	14.0 	0.0 	0.0 	0.0 	0.0	0.557096774194	140.0	-21.6129032258	
0.433333333333	0.0	0.0	0.0 	0.0 	66.0666666667 	14.0 	0.0 	0.0 	0.0 	-0.0 	14.0 	0.0 	0.0 	0.0 	0.0	0.557096774194	140.0	-21.6129032258	
0.45	0.0	0.0	0.0 	0.0 	66.3 	14.0 	0.0 	0.0 	0.0 	-0.0 	14.0 	0.0 	0.0 	0.0 	0.0	0.557096774194	140.0	-21.6129032258	
0.466666666667	0.0	0.0	0.0 	0.0 	66.5333333333 	14.0 	0.0 	0.0 	0.0 	-0.0 	14.0 	0.0 	0.0 	0.0 	0.0	0.557096774194	140.0	-21.6129032258	
0.483333333333	0.0	0.0	0.0 	0.0 	66.7666666667 	14.0 	0.0 	0.0 	0.0 	-0.0 	14.0 	0.0 	0.0 	0.0 	0.0	0.557096774194	140.0	-21.6129032258	
0.5	0.0	0.0	0.0 	0.0 	67.0 	14.0 	0.0 	0.0 	0.0 	-0.0 	14.0 	0.0 	0.0 	0.0 	0.0	0.557096774194	140.0	-21.6129032258	
0.516666666667	0.0	0.0	0.0 	0.0 	67.2333333333 	14.0 	0.0 	0.0 	0.0 	-0.0 	14.0 	0.0 	0.0 	0.0 	0.0	0.557096774194	140.0	-21.6129032258	
0.533333333333	0.0	0.0	0.0 	0.0 	67.4666666667 	14.0 	0.0 	0.0 	0.0 	-0.0 	14.0 	0.0 	0.0 	0.0 	0.0	0.557096774194	140.0	-21.6129032258	
0.55	0.0	0.0	0.0 	0.0 	67.7 	14.0 	0.0 	0.0 	0.0 	-0.0 	14.0 	0.0 	0.0 	0.0 	0.0	0.557096774194	140.0	-21.6129032258	
0.566666666667	0.0	0.0	0.0 	0.0 	67.9333333333 	14.0 	0.0 	0.0 	0.0 	-0.0 	14.0 	0.0 	0.0 	0.0 	0.0	0.557096774194	140.0	-21.6129032258	
0.583333333333	0.0	0.0	0.0 	0.0 	68.1666666667 	14.0 	0.0 	0.0 	0.0 	-0.0 	14.0 	0.0 	0.0 	0.0 	0.0	0.557096774194	140.0	-21.6129032258	
0.6	0.0	0.0	0.0 	0.0 	68.4 	14.0 	0.0 	0.0 	0.0 	-0.0 	14.0 	0.0 	0.0 	0.0 	0.0	0.557096774194	140.0	-21.6129032258	
0.616666666667	0.0	0.0	0.0 	0.0 	68.6333333333 	14.0 	0.0 	0.0 	0.0 	-0.0 	14.0 	0.0 	0.0 	0.0 	0.0	0.557096774194	140.0	-21.6129032258	
0.633333333333	0.0	0.0	0.0 	0.0 	68.8666666667 	14.0 	0.0 	0.0 	0.0 	-0.0 	14.0 	0.0 	0.0 	0.0 	0.0	0.557096774194	140.0	-21.6129032258	
0.65	0.0	0.0	0.0 	0.0 	69.1 	14.0 	0.0 	0.0 	0.0 	-0.0 	14.0 	0.0 	0.0 	0.0 	0.0	0.557096774194	140.0	-21.6129032258	
0.666666666667	0.0	0.0	0.0 	0.0 	69.3333333333 	14.0 	0.0 	0.0 	0.0 	-0.0 	14.0 	0.0 	0.0 	0.0 	0.0	0.557096774194	140.0	-21.6129032258	
0.683333333333	0.0	0.0	0.0 	0.0 	69.5666666667 	14.0 	0.0 	0.0 	0.0 	-0.0 	14.0 	0.0 	0.0 	0.0 	0.0	0.557096774194	140.0	-21.6129032258	
0.7	0.0	0.0	0.0 	0.0 	69.8 	14.0 	0.0 	0.0 	0.0 	-0.0 	14.0 	0.0 	0.0 	0.0 	0.0	0.557096774194	140.0	-21.6129032258	
0.716666666667	0.0	0.0	0.0 	0.0 	70.0333333333 	14.0 	0.0 	0.0 	0.0 	-0.0 	14.0 	0.0 	0.0 	0.0 	0.0	0.557096774194	140.0	-21.6129032258	
0.733333333333	0.0	0.0	0.0 	0.0 	70.2666666667 	14.0 	0.0 	0.0 	0.0 	-0.0 	14.0 	0.0 	0.0 	0.0 	0.0	0.557096774194	140.0	-21.6129032258	
0.75	0.0	0.0	0.0 	0.0 	70.5 	14.0 	0.0 	0.0 	0.0 	-0.0 	14.0 	0.0 	0.0 	0.0 	0.0	0.557096774194	140.0	-21.6129032258	
0.766666666667	0.0	0.0	0.0 	0.0 	70.7333333333 	14.0 	0.0 	0.0 	0.0 	-0.0 	14.0 	0.0 	0.0 	0.0 	0.0	0.557096774194	140.0	-21.6129032258	
0.783333333333	0.0	0.0	0.0 	0.0 	70.9666666667 	14.0 	0.0 	0.0 	0.0 	-0.0 	14.0 	0.0 	0.0 	0.0 	0.0	0.557096774194	140.0	-21.6129032258	
0.8	0.0	0.0	0.0 	0.0 	71.2 	14.0 	0.0 	0.0 	0.0 	-0.0 	14.0 	0.0 	0.0 	0.0 	0.0	0.557096774194	140.0	-21.6129032258	
0.816666666667	0.0	0.0	0.0 	0.0 	71.4333333333 	14.0 	0.0 	0.0 	0.0 	-0.0 	14.0 	0.0 	0.0 	0.0 	0.0	0.557096774194	140.0	-21.6129032258	
0.833333333333	0.0	0.0	0.0 	0.0 	71.6666666667 	14.0 	0.0 	0.0 	0.0 	-0.0 	14.0 	0.0 	0.0 	0.0 	0.0	0.557096774194	140.0	-21.6129032258	
0.85	0.0	0.0	0.0 	0.0 	71.9 	14.0 	0.0 	0.0 	0.0 	-0.0 	14.0 	0.0 	0.0 	0.0 	0.0	0.557096774194	140.0	-21.6129032258	
0.866666666667	0.0	0.0	0.0 	0.0 	72.1333333333 	14.0 	0.0 	0.0 	0.0 	-0.0 	14.0 	0.0 	0.0 	0.0 	0.0	0.557096774194	140.0	-21.6129032258	
0.883333333333	0.0	0.0	0.0 	0.0 	72.3666666667 	14.0 	0.0 	0.0 	0.0 	-0.0 	14.0 	0.0 	0.0 	0.0 	0.0	0.557096774194	140.0	-21.6129032258	
0.9	0.0	0.0	0.0 	0.0 	72.6 	14.0 	0.0 	0.0 	0.0 	-0.0 	14.0 	0.0 	0.0 	0.0 	0.0	0.557096774194	140.0	-21.6129032258	
0.916666666667	0.0	0.0	0.0 	0.0 	72.8333333333 	14.0 	0.0 	0.0 	0.0 	-0.0 	14.0 	0.0 	0.0 	0.0 	0.0	0.557096774194	140.0	-21.6129032258	
0.933333333333	0.0	0.0	0.0 	0.0 	73.0666666667 	14.0 	0.0 	0.0 	0.0 	-0.0 	14.0 	0.0 	0.0 	0.0 	0.0	0.557096774194	140.0	-21.6129032258	
0.95	0.0	0.0	0.0 	0.0 	73.3 	14.0 	0.0 	0.0 	0.0 	-0.0 	14.0 	0.0 	0.0 	0.0 	0.0	0.557096774194	140.0	-21.6129032258	
0.966666666667	0.0	0.0	0.0 	0.0 	73.5333333333 	14.0 	0.0 	0.0 	0.0 	-0.0 	14.0 	0.0 	0.0 	0.0 	0.0	0.557096774194	140.0	-21.6129032258	
0.983333333333	0.0	0.0	0.0 	0.0 	73.7666666667 	14.0 	0.0 	0.0 	0.0 	-0.0 	14.0 	0.0 	0.0 	0.0 	0.0	0.557096774194	140.0	-21.6129032258	
1.0	0.0	0.0	0.0 	0.0 	74.0 	14.0 	0.0 	0.0 	0.0 	-0.0 	14.0 	0.0 	0.0 	0.0 	0.0	0.557096774194	140.0	-21.6129032258	
1.01666666667	0.0	0.0	0.0 	0.0 	74.2333333333 	14.0 	0.0 	0.0 	0.0 	-0.0 	14.0 	0.0 	0.0 	0.0 	0.0	0.557096774194	140.0	-21.6129032258	
1.03333333333	0.0	0.0	0.0 	0.0 	74.4666666667 	14.0 	0.0 	0.0 	0.0 	-0.0 	14.0 	0.0 	0.0 	0.0 	0.0	0.557096774194	140.0	-21.6129032258	
1.05	0.0	0.0	0.0 	0.0 	74.7 	14.0 	0.0 	0.0 	0.0 	-0.0 	14.0 	0.0 	0.0 	0.0 	0.0	0.557096774194	140.0	-21.6129032258	
1.06666666667	0.0	0.0	0.0 	0.0 	74.9333333333 	14.0 	0.0 	0.0 	0.0 	-0.0 	14.0 	0.0 	0.0 	0.0 	0.0	0.557096774194	140.0	-21.6129032258	
1.08333333333	0.0	0.0	0.0 	0.0 	75.1666666667 	14.0 	0.0 	0.0 	0.0 	-0.0 	14.0 	0.0 	0.0 	0.0 	0.0	0.557096774194	140.0	-21.6129032258	
1.1	0.0	0.0	0.0 	0.0 	75.4 	14.0 	0.0 	0.0 	0.0 	-0.0 	14.0 	0.0 	0.0 	0.0 	0.0	0.557096774194	140.0	-21.6129032258	
1.11666666667	0.0	0.0	0.0 	0.0 	75.6333333333 	14.0 	0.0 	0.0 	0.0 	-0.0 	14.0 	0.0 	0.0 	0.0 	0.0	0.557096774194	140.0	-21.6129032258	
1.13333333333	0.0	0.0	0.0 	0.0 	75.8666666667 	14.0 	0.0 	0.0 	0.0 	-0.0 	14.0 	0.0 	0.0 	0.0 	0.0	0.557096774194	140.0	-21.6129032258	
1.15	0.0	0.0	0.0 	0.0 	76.1 	14.0 	0.0 	0.0 	0.0 	-0.0 	14.0 	0.0 	0.0 	0.0 	0.0	0.557096774194	140.0	-21.6129032258	
1.16666666667	0.0	0.0	0.0 	0.0 	76.3333333333 	14.0 	0.0 	0.0 	0.0 	-0.0 	14.0 	0.0 	0.0 	0.0 	0.0	0.557096774194	140.0	-21.6129032258	
1.18333333333	0.0	0.0	0.0 	0.0 	76.5666666667 	14.0 	0.0 	0.0 	0.0 	-0.0 	14.0 	0.0 	0.0 	0.0 	0.0	0.557096774194	140.0	-21.6129032258	
1.2	0.0	0.0	0.0 	0.0 	76.8 	14.0 	0.0 	0.0 	0.0 	-0.0 	14.0 	0.0 	0.0 	0.0 	0.0	0.557096774194	140.0	-21.6129032258	
1.21666666667	0.0	0.0	0.0 	0.0 	77.0333333333 	14.0 	0.0 	0.0 	0.0 	-0.0 	14.0 	0.0 	0.0 	0.0 	0.0	0.557096774194	140.0	-21.6129032258	
1.23333333333	0.0	0.0	0.0 	0.0 	77.2666666667 	14.0 	0.0 	0.0 	0.0 	-0.0 	14.0 	0.0 	0.0 	0.0 	0.0	0.557096774194	140.0	-21.6129032258	
1.25	0.0	0.0	0.0 	0.0 	77.5 	14.0 	0.0 	0.0 	0.0 	-0.0 	14.0 	0.0 	0.0 	0.0 	0.0	0.557096774194	140.0	-21.6129032258	
1.26666666667	0.0	0.0	0.0 	0.0 	77.7333333333 	14.0 	0.0 	0.0 	0.0 	-0.0 	14.0 	0.0 	0.0 	0.0 	0.0	0.557096774194	140.0	-21.6129032258	
1.28333333333	0.0	0.0	0.0 	0.0 	77.9666666667 	14.0 	0.0 	0.0 	0.0 	-0.0 	14.0 	0.0 	0.0 	0.0 	0.0	0.557096774194	140.0	-21.6129032258	
1.3	0.0	0.0	0.0 	0.0 	78.2 	14.0 	0.0 	0.0 	0.0 	-0.0 	14.0 	0.0 	0.0 	0.0 	0.0	0.557096774194	140.0	-21.6129032258	
1.31666666667	0.0	0.0	0.0 	0.0 	78.4333333333 	14.0 	0.0 	0.0 	0.0 	-0.0 	14.0 	0.0 	0.0 	0.0 	0.0	0.557096774194	140.0	-21.6129032258	
1.33333333333	0.0	0.0	0.0 	0.0 	78.6666666667 	14.0 	0.0 	0.0 	0.0 	-0.0 	14.0 	0.0 	0.0 	0.0 	0.0	0.557096774194	140.0	-21.6129032258	
1.35	0.0	0.0	0.0 	0.0 	78.9 	14.0 	0.0 	0.0 	0.0 	-0.0 	14.0 	0.0 	0.0 	0.0 	0.0	0.557096774194	140.0	-21.6129032258	
1.36666666667	0.0	0.0	0.0 	0.0 	79.1333333333 	14.0 	0.0 	0.0 	0.0 	-0.0 	14.0 	0.0 	0.0 	0.0 	0.0	0.557096774194	140.0	-21.6129032258	
1.38333333333	0.0	0.0	0.0 	0.0 	79.3666666667 	14.0 	0.0 	0.0 	0.0 	-0.0 	14.0 	0.0 	0.0 	0.0 	0.0	0.557096774194	140.0	-21.6129032258	
1.4	0.0	0.0	0.0 	0.0 	79.6 	14.0 	0.0 	0.0 	0.0 	-0.0 	14.0 	0.0 	0.0 	0.0 	0.0	0.557096774194	140.0	-21.6129032258	
1.41666666667	0.0	0.0	0.0 	0.0 	79.8333333333 	14.0 	0.0 	0.0 	0.0 	-0.0 	14.0 	0.0 	0.0 	0.0 	0.0	0.557096774194	140.0	-21.6129032258	
1.43333333333	0.0	0.0	0.0 	0.0 	80.0666666667 	14.0 	0.0 	0.0 	0.0 	-0.0 	14.0 	0.0 	0.0 	0.0 	0.112466124661	0.931008921874	140.001503715	-21.6117841412	
1.45	0.0	0.0	0.0 	0.0 	80.3 	14.0 	0.0 	0.0 	0.0 	-0.0 	14.0 	0.0 	0.0 	0.0 	0.223987411961	1.24260237827	140.005037587	-21.6105808289	
1.46666666667	0.0	0.0	0.0 	0.0 	80.5333333333 	14.0 	0.0 	0.0 	0.0 	-0.0 	14.0 	0.0 	0.0 	0.0 	0.334571799557	1.50226359194	140.010600693	-21.610198976	
1.48333333333	0.0	0.0	0.0 	0.0 	80.7666666667 	14.0 	0.0 	0.0 	0.0 	-0.0 	14.0 	0.0 	0.0 	0.0 	0.444227158422	1.71471004104	140.017927941	-21.6112608081	
1.5	0.0	0.0	0.0 	0.0 	81.0 	14.0 	0.0 	0.0 	0.0 	-0.0 	14.0 	0.0 	0.0 	0.0 	0.552961293406	1.87471509575	140.026721602	-21.6140188102	
1.51666666667	0.0	0.0	0.0 	0.0 	81.2333333333 	14.0 	0.0 	0.0 	0.0 	-0.0 	14.0 	0.0 	0.0 	0.0 	0.660781943786	2.00325680678	140.036720745	-21.6186344384	
1.53333333333	0.0	0.0	0.0 	0.0 	81.4666666667 	14.0 	0.0 	0.0 	0.0 	-0.0 	14.0 	0.0 	0.0 	0.0 	0.767696783825	2.1108241994	140.047694898	-21.6252130868	
1.55	0.0	0.0	0.0 	0.0 	81.7 	14.0 	0.0 	0.0 	0.0 	-0.0 	14.0 	0.0 	0.0 	0.0 	0.873713423311	2.20341100227	140.059438835	-21.6338228842	
1.56666666667	0.0	0.0	0.0 	0.0 	81.9333333333 	14.0 	0.0 	0.0 	0.0 	-0.0 	14.0 	0.0 	0.0 	0.0 	0.978839408101	2.2847632957	140.071768461	-21.644505889	
1.58333333333	0.0	0.0	0.0 	0.0 	82.1666666667 	14.0 	0.0 	0.0 	0.0 	-0.0 	14.0 	0.0 	0.0 	0.0 	1.08308222066	2.35737846648	140.084517586	-21.657285239	
1.6	0.0	0.0	0.0 	0.0 	82.4 	14.0 	0.0 	0.0 	0.0 	-0.0 	14.0 	0.0 	0.0 	0.0 	1.1864492806	2.42300468527	140.097535356	-21.6721699581	
1.61666666667	0.0	0.0	0.0 	0.0 	82.6333333333 	14.0 	0.0 	0.0 	0.0 	-0.0 	14.0 	0.0 	0.0 	0.0 	1.28894794518	2.48291334884	140.110684192	-21.6891583196	
1.63333333333	0.0	0.0	0.0 	0.0 	82.8666666667 	14.0 	0.0 	0.0 	0.0 	-0.0 	14.0 	0.0 	0.0 	0.0 	1.39058550987	2.53585606741	140.123880102	-21.7082112632	
1.65	0.0	0.0	0.0 	0.0 	83.1 	14.0 	0.0 	0.0 	0.0 	-0.0 	14.0 	0.0 	0.0 	0.0 	1.49136920883	2.57997499955	140.137117397	-21.7292493804	
1.66666666667	0.0	0.0	0.0 	0.0 	83.3333333333 	14.0 	0.0 	0.0 	0.0 	-0.0 	14.0 	0.0 	0.0 	0.0 	1.59130621548	2.61674077634	140.150407054	-21.752201272	
1.68333333333	0.0	0.0	0.0 	0.0 	83.5666666667 	14.0 	0.0 	0.0 	0.0 	-0.0 	14.0 	0.0 	0.0 	0.0 	1.69040364294	2.64737892366	140.163770811	-21.7770034924	
1.7	0.0	0.0	0.0 	0.0 	83.8 	14.0 	0.0 	0.0 	0.0 	-0.0 	14.0 	0.0 	0.0 	0.0 	1.78866854458	2.6729107131	140.177236824	-21.8035999337	
1.71666666667	0.0	0.0	0.0 	0.0 	84.0333333333 	14.0 	0.0 	0.0 	0.0 	-0.0 	14.0 	0.0 	0.0 	0.0 	1.88610791453	2.69418720429	140.190836537	-21.8319409876	
1.73333333333	0.0	0.0	0.0 	0.0 	84.2666666667 	14.0 	0.0 	0.0 	0.0 	-0.0 	14.0 	0.0 	0.0 	0.0 	1.98272868815	2.71191761362	140.20460247	-21.8619826704	
1.75	0.0	0.0	0.0 	0.0 	84.5 	14.0 	0.0 	0.0 	0.0 	-0.0 	14.0 	0.0 	0.0 	0.0 	2.07853774253	2.72669295473	140.218566715	-21.8936858013	
1.76666666667	0.0	0.0	0.0 	0.0 	84.7333333333 	14.0 	0.0 	0.0 	0.0 	-0.0 	14.0 	0.0 	0.0 	0.0 	2.173541897	2.73900573899	140.232759934	-21.9270152739	
1.78333333333	0.0	0.0	0.0 	0.0 	84.9666666667 	14.0 	0.0 	0.0 	0.0 	-0.0 	14.0 	0.0 	0.0 	0.0 	2.26774791358	2.74926639254	140.247210741	-21.9619394286	
1.8	0.0	0.0	0.0 	0.0 	85.2 	14.0 	0.0 	0.0 	0.0 	-0.0 	14.0 	0.0 	0.0 	0.0 	2.36116249751	2.75781693716	140.261945347	-21.9984295237	
1.81666666667	0.0	0.0	0.0 	0.0 	85.4333333333 	14.0 	0.0 	0.0 	0.0 	-0.0 	14.0 	0.0 	0.0 	0.0 	2.45379229766	2.76494239101	140.276987405	-22.0364592927	
1.83333333333	0.0	0.0	0.0 	0.0 	85.6666666667 	14.0 	0.0 	0.0 	0.0 	-0.0 	14.0 	0.0 	0.0 	0.0 	2.54564390709	2.77088026922	140.292357982	-22.0760045768	
1.85	0.0	0.0	0.0 	0.0 	85.9 	14.0 	0.0 	0.0 	0.0 	-0.0 	14.0 	0.0 	0.0 	0.0 	2.63672386342	2.77582850106	140.308075625	-22.1170430183	
1.86666666667	0.0	0.0	0.0 	0.0 	86.1333333333 	14.0 	0.0 	0.0 	0.0 	-0.0 	14.0 	0.0 	0.0 	0.0 	2.72703864939	2.7799520276	140.324156482	-22.1595538063	
1.88333333333	0.0	0.0	0.0 	0.0 	86.3666666667 	14.0 	0.0 	0.0 	0.0 	-0.0 	14.0 	0.0 	0.0 	0.0 	2.81659469326	2.78338829971	140.340614461	-22.2035174637	
1.9	0.0	0.0	0.0 	0.0 	86.6 	14.0 	0.0 	0.0 	0.0 	-0.0 	14.0 	0.0 	0.0 	0.0 	2.90539836928	2.78625185981	140.357461408	-22.248915668	
1.91666666667	0.0	0.0	0.0 	0.0 	86.8333333333 	14.0 	0.0 	0.0 	0.0 	-0.0 	14.0 	0.0 	0.0 	0.0 	2.99345599816	2.78863815988	140.374707291	-22.2957311009	
1.93333333333	0.0	0.0	0.0 	0.0 	87.0666666667 	14.0 	0.0 	0.0 	0.0 	-0.0 	14.0 	0.0 	0.0 	0.0 	3.08077384749	2.79062674328	140.392360381	-22.3439473202	
1.95	0.0	0.0	0.0 	0.0 	87.3 	14.0 	0.0 	0.0 	0.0 	-0.0 	14.0 	0.0 	0.0 	0.0 	3.16735813224	2.79228389611	140.410427435	-22.3935486508	
1.96666666667	0.0	0.0	0.0 	0.0 	87.5333333333 	14.0 	0.0 	0.0 	0.0 	-0.0 	14.0 	0.0 	0.0 	0.0 	3.25321501514	2.79366485681	140.428913857	-22.4445200914	
1.98333333333	0.0	0.0	0.0 	0.0 	87.7666666667 	14.0 	0.0 	0.0 	0.0 	-0.0 	14.0 	0.0 	0.0 	0.0 	3.33835060716	2.79481565739	140.447823856	-22.4968472345	
2.0	0.0	0.0	0.0 	0.0 	88.0 	14.0 	0.0 	0.0 	0.0 	-0.0 	14.0 	0.0 	0.0 	0.0 	3.42277096791	2.79577465787	140.467160593	-22.5505161974	
2.01666666667	0.0	0.0	0.0 	0.0 	88.2333333333 	14.0 	0.0 	0.0 	0.0 	-0.0 	14.0 	0.0 	0.0 	0.0 	3.50648210612	2.79657382493	140.486926305	-22.6055135625	
2.03333333333	0.0	0.0	0.0 	0.0 	88.4666666667 	14.0 	0.0 	0.0 	0.0 	-0.0 	14.0 	0.0 	0.0 	0.0 	3.58948998003	2.79723979749	140.507122427	-22.6618263259	
2.05	0.0	0.0	0.0 	0.0 	88.7 	14.0 	0.0 	0.0 	0.0 	-0.0 	14.0 	0.0 	0.0 	0.0 	3.67180049781	2.79779477462	140.527749693	-22.7194418525	
2.06666666667	0.0	0.0	0.0 	0.0 	88.9333333333 	14.0 	0.0 	0.0 	0.0 	-0.0 	14.0 	0.0 	0.0 	0.0 	3.75341951802	2.79825725556	140.548808234	-22.7783478378	
2.08333333333	0.0	0.0	0.0 	0.0 	89.1666666667 	14.0 	0.0 	0.0 	0.0 	-0.0 	14.0 	0.0 	0.0 	0.0 	3.83435284998	2.79864265635	140.570297658	-22.8385322733	
2.1	0.0	0.0	0.0 	0.0 	89.4 	14.0 	0.0 	0.0 	0.0 	-0.0 	14.0 	0.0 	0.0 	0.0 	3.91460625422	2.79896382367	140.592217122	-22.8999834183	
2.11666666667	0.0	0.0	0.0 	0.0 	89.6333333333 	14.0 	0.0 	0.0 	0.0 	-0.0 	14.0 	0.0 	0.0 	0.0 	3.99418544287	2.7992314631	140.614565401	-22.962689774	
2.13333333333	0.0	0.0	0.0 	0.0 	89.8666666667 	14.0 	0.0 	0.0 	0.0 	-0.0 	14.0 	0.0 	0.0 	0.0 	4.07309608007	2.79945449597	140.637340938	-23.0266400614	
2.15	0.0	0.0	0.0 	0.0 	90.1 	14.0 	0.0 	0.0 	0.0 	-0.0 	14.0 	0.0 	0.0 	0.0 	4.15134378238	2.79964035668	140.660541898	-23.0918232025	
2.16666666667	0.0	0.0	0.0 	0.0 	90.3333333333 	14.0 	0.0 	0.0 	0.0 	-0.0 	14.0 	0.0 	0.0 	0.0 	4.22893411917	2.79979524062	140.684166209	-23.1582283033	
2.18333333333	0.0	0.0	0.0 	0.0 	90.5666666667 	14.0 	0.0 	0.0 	0.0 	-0.0 	14.0 	0.0 	0.0 	0.0 	4.30587261302	2.79992431056	140.708211599	-23.2258446397	
2.2	0.0	0.0	0.0 	0.0 	90.8 	14.0 	0.0 	0.0 	0.0 	-0.0 	14.0 	0.0 	0.0 	0.0 	4.38216474012	2.80003186884	140.732675627	-23.2946616447	
2.21666666667	0.0	0.0	0.0 	0.0 	91.0333333333 	14.0 	0.0 	0.0 	0.0 	-0.0 	14.0 	0.0 	0.0 	0.0 	4.45781593065	2.80012150075	140.757555713	-23.3646688975	
2.23333333333	0.0	0.0	0.0 	0.0 	91.2666666667 	14.0 	0.0 	0.0 	0.0 	-0.0 	14.0 	0.0 	0.0 	0.0 	4.53283156917	2.800196194	140.782849161	-23.4358561141	
2.25	0.0	0.0	0.0 	0.0 	91.5 	14.0 	0.0 	0.0 	0.0 	-0.0 	14.0 	0.0 	0.0 	0.0 	4.60721699501	2.80025843838	140.808553181	-23.5082131391	
2.26666666667	0.0	0.0	0.0 	0.0 	91.7333333333 	14.0 	0.0 	0.0 	0.0 	-0.0 	14.0 	0.0 	0.0 	0.0 	4.68097750264	2.8003103087	140.834664902	-23.5817299384	
2.28333333333	0.0	0.0	0.0 	0.0 	91.9666666667 	14.0 	0.0 	0.0 	0.0 	-0.0 	14.0 	0.0 	0.0 	0.0 	4.75411834205	2.80035353396	140.861181395	-23.6563965927	
2.3	0.0	0.0	0.0 	0.0 	92.2 	14.0 	0.0 	0.0 	0.0 	-0.0 	14.0 	0.0 	0.0 	0.0 	4.82664471912	2.80038955501	140.88809968	-23.7322032927	
2.31666666667	0.0	0.0	0.0 	0.0 	92.4333333333 	14.0 	0.0 	0.0 	0.0 	-0.0 	14.0 	0.0 	0.0 	0.0 	4.89856179601	2.80041957256	140.915416737	-23.8091403336	
2.33333333333	0.0	0.0	0.0 	0.0 	92.6666666667 	14.0 	0.0 	0.0 	0.0 	-0.0 	14.0 	0.0 	0.0 	0.0 	4.96987469149	2.80044458718	140.943129522	-23.8871981115	
2.35	0.0	0.0	0.0 	0.0 	92.9 	14.0 	0.0 	0.0 	0.0 	-0.0 	14.0 	0.0 	0.0 	0.0 	5.04058848134	2.80046543269	140.971234967	-23.9663671192	
2.36666666667	0.0	0.0	0.0 	0.0 	93.1333333333 	14.0 	0.0 	0.0 	0.0 	-0.0 	14.0 	0.0 	0.0 	0.0 	5.11070819871	2.80048280396	140.999729994	-24.0466379435	
2.38333333333	0.0	0.0	0.0 	0.0 	93.3666666667 	14.0 	0.0 	0.0 	0.0 	-0.0 	14.0 	0.0 	0.0 	0.0 	5.18023883444	2.80049728001	141.028611514	-24.1280012617	
2.4	0.0	0.0	0.0 	0.0 	93.6 	14.0 	0.0 	0.0 	0.0 	-0.0 	14.0 	0.0 	0.0 	0.0 	5.24918533745	2.80050934339	141.057876439	-24.2104478399	
2.41666666667	0.0	0.0	0.0 	0.0 	93.8333333333 	14.0 	0.0 	0.0 	0.0 	-0.0 	14.0 	0.0 	0.0 	0.0 	5.31755261511	2.8005193962	141.087521681	-24.29396853	
2.43333333333	0.0	0.0	0.0 	0.0 	94.0666666667 	14.0 	0.0 	0.0 	0.0 	-0.0 	14.0 	0.0 	0.0 	0.0 	5.38534553352	2.80052777355	141.117544159	-24.3785542681	
2.45	0.0	0.0	0.0 	0.0 	94.3 	14.0 	0.0 	0.0 	0.0 	-0.0 	14.0 	0.0 	0.0 	0.0 	5.45256891792	2.80053475467	141.147940799	-24.4641960725	
2.46666666667	0.0	0.0	0.0 	0.0 	94.5333333333 	14.0 	0.0 	0.0 	0.0 	-0.0 	14.0 	0.0 	0.0 	0.0 	5.51922755303	2.80054057227	141.178708539	-24.5508850424	
2.48333333333	0.0	0.0	0.0 	0.0 	94.7666666667 	14.0 	0.0 	0.0 	0.0 	-0.0 	14.0 	0.0 	0.0 	0.0 	5.58532618334	2.80054542027	141.20984433	-24.6386123561	
2.5	0.0	0.0	0.0 	0.0 	95.0 	14.0 	0.0 	0.0 	0.0 	-0.0 	14.0 	0.0 	0.0 	0.0 	5.65086951351	2.80054946027	141.241345138	-24.7273692696	
2.51666666667	0.0	0.0	0.0 	0.0 	95.2333333333 	14.0 	0.0 	0.0 	0.0 	-0.0 	14.0 	0.0 	0.0 	0.0 	5.71586220865	2.80055282694	141.273207947	-24.8171471157	
2.53333333333	0.0	0.0	0.0 	0.0 	95.4666666667 	14.0 	0.0 	0.0 	0.0 	-0.0 	14.0 	0.0 	0.0 	0.0 	5.78030889471	2.80055563249	141.305429755	-24.9079373028	
2.55	0.0	0.0	0.0 	0.0 	95.7 	14.0 	0.0 	0.0 	0.0 	-0.0 	14.0 	0.0 	0.0 	0.0 	5.84421415873	2.80055797046	141.338007584	-24.9997313137	
2.56666666667	0.0	0.0	0.0 	0.0 	95.9333333333 	14.0 	0.0 	0.0 	0.0 	-0.0 	14.0 	0.0 	0.0 	0.0 	5.90758254927	2.80055991876	141.37093847	-25.0925207045	
2.58333333333	0.0	0.0	0.0 	0.0 	96.1666666667 	14.0 	0.0 	0.0 	0.0 	-0.0 	14.0 	0.0 	0.0 	0.0 	5.97041857663	2.80056154235	141.404219474	-25.186297104	
2.6	0.0	0.0	0.0 	0.0 	96.4 	14.0 	0.0 	0.0 	0.0 	-0.0 	14.0 	0.0 	0.0 	0.0 	6.03272671325	2.80056289533	141.437847675	-25.2810522129	
2.61666666667	0.0	0.0	0.0 	0.0 	96.6333333333 	14.0 	0.0 	0.0 	0.0 	-0.0 	14.0 	0.0 	0.0 	0.0 	6.09451139398	2.80056402282	141.471820174	-25.3767778026	
2.63333333333	0.0	0.0	0.0 	0.0 	96.8666666667 	14.0 	0.0 	0.0 	0.0 	-0.0 	14.0 	0.0 	0.0 	0.0 	6.15577701642	2.8005649624	141.506134093	-25.4734657146	
2.65	0.0	0.0	0.0 	0.0 	97.1 	14.0 	0.0 	0.0 	0.0 	-0.0 	14.0 	0.0 	0.0 	0.0 	6.21652794121	2.80056574538	141.540786578	-25.5711078598	
2.66666666667	0.0	0.0	0.0 	0.0 	97.3333333333 	14.0 	0.0 	0.0 	0.0 	-0.0 	14.0 	0.0 	0.0 	0.0 	6.27676849238	2.80056639786	141.575774795	-25.6696962179	
2.68333333333	0.0	0.0	0.0 	0.0 	97.5666666667 	14.0 	0.0 	0.0 	0.0 	-0.0 	14.0 	0.0 	0.0 	0.0 	6.33650295762	2.8005669416	141.611095931	-25.7692228364	
2.7	0.0	0.0	0.0 	0.0 	97.8 	14.0 	0.0 	0.0 	0.0 	-0.0 	14.0 	0.0 	0.0 	0.0 	6.3957355886	2.80056739471	141.646747199	-25.8696798302	
2.71666666667	0.0	0.0	0.0 	0.0 	98.0333333333 	14.0 	0.0 	0.0 	0.0 	-0.0 	14.0 	0.0 	0.0 	0.0 	6.45447060127	2.8005677723	141.68272583	-25.9710593808	
2.73333333333	0.0	0.0	0.0 	0.0 	98.2666666667 	14.0 	0.0 	0.0 	0.0 	-0.0 	14.0 	0.0 	0.0 	0.0 	6.51271217617	2.80056808697	141.719029081	-26.0733537359	
2.75	0.0	0.0	0.0 	0.0 	98.5 	14.0 	0.0 	0.0 	0.0 	-0.0 	14.0 	0.0 	0.0 	0.0 	6.5704644587	2.80056834918	141.755654228	-26.1765552085	
2.76666666667	0.0	0.0	0.0 	0.0 	98.7333333333 	14.0 	0.0 	0.0 	0.0 	-0.0 	14.0 	0.0 	0.0 	0.0 	6.62773155945	2.8005685677	141.792598571	-26.2806561764	
2.78333333333	0.0	0.0	0.0 	0.0 	98.9666666667 	14.0 	0.0 	0.0 	0.0 	-0.0 	14.0 	0.0 	0.0 	0.0 	6.68451755448	2.80056874979	141.829859432	-26.3856490817	
2.8	0.0	0.0	0.0 	0.0 	99.2 	14.0 	0.0 	0.0 	0.0 	-0.0 	14.0 	0.0 	0.0 	0.0 	6.7408264856	2.80056890154	141.867434154	-26.4915264303	
2.81666666667	0.0	0.0	0.0 	0.0 	99.4333333333 	14.0 	0.0 	0.0 	0.0 	-0.0 	14.0 	0.0 	0.0 	0.0 	6.79666236065	2.800569028	141.905320103	-26.5982807911	
2.83333333333	0.0	0.0	0.0 	0.0 	99.6666666667 	14.0 	0.0 	0.0 	0.0 	-0.0 	14.0 	0.0 	0.0 	0.0 	6.85202915382	2.80056913338	141.943514666	-26.7059047955	
2.85	0.0	0.0	0.0 	0.0 	99.9 	14.0 	0.0 	0.0 	0.0 	-0.0 	14.0 	0.0 	0.0 	0.0 	6.90693080592	2.80056922119	141.982015253	-26.8143911369	
2.86666666667	0.0	0.0	0.0 	0.0 	100.133333333 	14.0 	0.0 	0.0 	0.0 	-0.0 	14.0 	0.0 	0.0 	0.0 	6.96137122462	2.80056929437	142.020819293	-26.9237325704	
2.88333333333	0.0	0.0	0.0 	0.0 	100.366666667 	14.0 	0.0 	0.0 	0.0 	-0.0 	14.0 	0.0 	0.0 	0.0 	7.0153542848	2.80056935536	142.059924238	-27.0339219117	
2.9	0.0	0.0	0.0 	0.0 	100.6 	14.0 	0.0 	0.0 	0.0 	-0.0 	14.0 	0.0 	0.0 	0.0 	7.06888382875	2.80056940618	142.099327562	-27.1449520374	
2.91666666667	0.0	0.0	0.0 	0.0 	100.833333333 	14.0 	0.0 	0.0 	0.0 	-0.0 	14.0 	0.0 	0.0 	0.0 	7.1219636665	2.80056944853	142.139026758	-27.2568158834	
2.93333333333	0.0	0.0	0.0 	0.0 	101.066666667 	14.0 	0.0 	0.0 	0.0 	-0.0 	14.0 	0.0 	0.0 	0.0 	7.17459757608	2.80056948382	142.179019342	-27.3695064455	
2.95	0.0	0.0	0.0 	0.0 	101.3 	14.0 	0.0 	0.0 	0.0 	-0.0 	14.0 	0.0 	0.0 	0.0 	7.22678930376	2.80056951323	142.219302849	-27.4830167781	
2.96666666667	0.0	0.0	0.0 	0.0 	101.533333333 	14.0 	0.0 	0.0 	0.0 	-0.0 	14.0 	0.0 	0.0 	0.0 	7.27854256435	2.80056953773	142.259874836	-27.5973399941	
2.98333333333	0.0	0.0	0.0 	0.0 	101.766666667 	14.0 	0.0 	0.0 	0.0 	-0.0 	14.0 	0.0 	0.0 	0.0 	7.32986104145	2.80056955816	142.30073288	-27.7124692643	
3.0	0.0	0.0	0.0 	0.0 	102.0 	14.0 	0.0 	0.0 	0.0 	-0.0 	14.0 	0.0 	0.0 	0.0 	7.38074838771	2.80056957518	142.341874578	-27.8283978167	
3.01666666667	0.0	0.0	0.0 	0.0 	102.233333333 	14.0 	0.0 	0.0 	0.0 	-0.0 	14.0 	0.0 	0.0 	0.0 	7.43120822511	2.80056958936	142.383297546	-27.9451189366	
3.03333333333	0.0	0.0	0.0 	0.0 	102.466666667 	14.0 	0.0 	0.0 	0.0 	-0.0 	14.0 	0.0 	0.0 	0.0 	7.48124414517	2.80056960118	142.424999423	-28.0626259652	
3.05	0.0	0.0	0.0 	0.0 	102.7 	14.0 	0.0 	0.0 	0.0 	-0.0 	14.0 	0.0 	0.0 	0.0 	7.53085970926	2.80056961103	142.466977865	-28.1809123002	
3.06666666667	0.0	0.0	0.0 	0.0 	102.933333333 	14.0 	0.0 	0.0 	0.0 	-0.0 	14.0 	0.0 	0.0 	0.0 	7.58005844883	2.80056961924	142.50923055	-28.2999713943	
3.08333333333	0.0	0.0	0.0 	0.0 	103.166666667 	14.0 	0.0 	0.0 	0.0 	-0.0 	14.0 	0.0 	0.0 	0.0 	7.62884386565	2.80056962608	142.551755173	-28.4197967556	
3.1	0.0	0.0	0.0 	0.0 	103.4 	14.0 	0.0 	0.0 	0.0 	-0.0 	14.0 	0.0 	0.0 	0.0 	7.67721943209	2.80056963178	142.594549449	-28.5403819465	
3.11666666667	0.0	0.0	0.0 	0.0 	103.633333333 	14.0 	0.0 	0.0 	0.0 	-0.0 	14.0 	0.0 	0.0 	0.0 	7.72518859134	2.80056963653	142.637611115	-28.6617205837	
3.13333333333	0.0	0.0	0.0 	0.0 	103.866666667 	14.0 	0.0 	0.0 	0.0 	-0.0 	14.0 	0.0 	0.0 	0.0 	7.77275475764	2.80056964048	142.680937922	-28.7838063372	
3.15	0.0	0.0	0.0 	0.0 	104.1 	14.0 	0.0 	0.0 	0.0 	-0.0 	14.0 	0.0 	0.0 	0.0 	7.81992131659	2.80056964378	142.724527645	-28.9066329305	
3.16666666667	0.0	0.0	0.0 	0.0 	104.333333333 	14.0 	0.0 	0.0 	0.0 	-0.0 	14.0 	0.0 	0.0 	0.0 	7.86669162531	2.80056964653	142.768378074	-29.0301941398	
3.18333333333	0.0	0.0	0.0 	0.0 	104.566666667 	14.0 	0.0 	0.0 	0.0 	-0.0 	14.0 	0.0 	0.0 	0.0 	7.91306901274	2.80056964882	142.812487019	-29.1544837933	
3.2	0.0	0.0	0.0 	0.0 	104.8 	14.0 	0.0 	0.0 	0.0 	-0.0 	14.0 	0.0 	0.0 	0.0 	7.95905677984	2.80056965073	142.856852308	-29.2794957715	
3.21666666667	0.0	0.0	0.0 	0.0 	105.033333333 	14.0 	0.0 	0.0 	0.0 	-0.0 	14.0 	0.0 	0.0 	0.0 	8.00465819985	2.80056965232	142.901471788	-29.4052240059	
3.23333333333	0.0	0.0	0.0 	0.0 	105.266666667 	14.0 	0.0 	0.0 	0.0 	-0.0 	14.0 	0.0 	0.0 	0.0 	8.0498765185	2.80056965365	142.946343323	-29.5316624792	
3.25	0.0	0.0	0.0 	0.0 	105.5 	14.0 	0.0 	0.0 	0.0 	-0.0 	14.0 	0.0 	0.0 	0.0 	8.09471495425	2.80056965475	142.991464796	-29.6588052247	
3.26666666667	0.0	0.0	0.0 	0.0 	105.733333333 	14.0 	0.0 	0.0 	0.0 	-0.0 	14.0 	0.0 	0.0 	0.0 	8.13917669854	2.80056965567	143.036834107	-29.7866463256	
3.28333333333	0.0	0.0	0.0 	0.0 	105.966666667 	14.0 	0.0 	0.0 	0.0 	-0.0 	14.0 	0.0 	0.0 	0.0 	8.18326491597	2.80056965644	143.082449174	-29.9151799151	
3.3	0.0	0.0	0.0 	0.0 	106.2 	14.0 	0.0 	0.0 	0.0 	-0.0 	14.0 	0.0 	0.0 	0.0 	8.22698274459	2.80056965708	143.128307932	-30.0444001755	
3.31666666667	0.0	0.0	0.0 	0.0 	106.433333333 	14.0 	0.0 	0.0 	0.0 	-0.0 	14.0 	0.0 	0.0 	0.0 	8.27033329606	2.80056965761	143.174408335	-30.174301338	
3.33333333333	0.0	0.0	0.0 	0.0 	106.666666667 	14.0 	0.0 	0.0 	0.0 	-0.0 	14.0 	0.0 	0.0 	0.0 	8.3133196559	2.80056965805	143.220748352	-30.3048776822	
3.35	0.0	0.0	0.0 	0.0 	106.9 	14.0 	0.0 	0.0 	0.0 	-0.0 	14.0 	0.0 	0.0 	0.0 	8.35594488373	2.80056965842	143.267325969	-30.4361235359	
3.36666666667	0.0	0.0	0.0 	0.0 	107.133333333 	14.0 	0.0 	0.0 	0.0 	-0.0 	14.0 	0.0 	0.0 	0.0 	8.39821201343	2.80056965873	143.314139192	-30.5680332746	
3.38333333333	0.0	0.0	0.0 	0.0 	107.366666667 	14.0 	0.0 	0.0 	0.0 	-0.0 	14.0 	0.0 	0.0 	0.0 	8.44012405343	2.80056965899	143.36118604	-30.7006013208	
3.4	0.0	0.0	0.0 	0.0 	107.6 	14.0 	0.0 	0.0 	0.0 	-0.0 	14.0 	0.0 	0.0 	0.0 	8.48168398685	2.8005696592	143.408464551	-30.833822144	
3.41666666667	0.0	0.0	0.0 	0.0 	107.833333333 	14.0 	0.0 	0.0 	0.0 	-0.0 	14.0 	0.0 	0.0 	0.0 	8.52289477179	2.80056965938	143.455972778	-30.9676902602	
3.43333333333	0.0	0.0	0.0 	0.0 	108.066666667 	14.0 	0.0 	0.0 	0.0 	-0.0 	14.0 	0.0 	0.0 	0.0 	8.56375934145	2.80056965953	143.503708793	-31.1022002315	
3.45	0.0	0.0	0.0 	0.0 	108.3 	14.0 	0.0 	0.0 	0.0 	-0.0 	14.0 	0.0 	0.0 	0.0 	8.60428060444	2.80056965965	143.551670681	-31.2373466656	
3.46666666667	0.0	0.0	0.0 	0.0 	108.533333333 	14.0 	0.0 	0.0 	0.0 	-0.0 	14.0 	0.0 	0.0 	0.0 	8.64446144489	2.80056965976	143.599856544	-31.3731242155	
3.48333333333	0.0	0.0	0.0 	0.0 	108.766666667 	14.0 	0.0 	0.0 	0.0 	-0.0 	14.0 	0.0 	0.0 	0.0 	8.68430472272	2.80056965984	143.648264501	-31.509527579	
3.5	0.0	0.0	0.0 	0.0 	109.0 	14.0 	0.0 	0.0 	0.0 	-0.0 	14.0 	0.0 	0.0 	0.0 	8.72381327383	2.80056965992	143.696892687	-31.6465514988	
3.51666666667	0.0	0.0	0.0 	0.0 	109.233333333 	14.0 	0.0 	0.0 	0.0 	-0.0 	14.0 	0.0 	0.0 	0.0 	8.76298991029	2.80056965998	143.74573925	-31.7841907615	
3.53333333333	0.0	0.0	0.0 	0.0 	109.466666667 	14.0 	0.0 	0.0 	0.0 	-0.0 	14.0 	0.0 	0.0 	0.0 	8.80183742053	2.80056966003	143.794802357	-31.9224401975	
3.55	0.0	0.0	0.0 	0.0 	109.7 	14.0 	0.0 	0.0 	0.0 	-0.0 	14.0 	0.0 	0.0 	0.0 	8.84035856957	2.80056966007	143.844080188	-32.0612946807	
3.56666666667	0.0	0.0	0.0 	0.0 	109.933333333 	14.0 	0.0 	0.0 	0.0 	-0.0 	14.0 	0.0 	0.0 	0.0 	8.8785560992	2.8005696601	143.893570939	-32.2007491281	
3.58333333333	0.0	0.0	0.0 	0.0 	110.166666667 	14.0 	0.0 	0.0 	0.0 	-0.0 	14.0 	0.0 	0.0 	0.0 	8.91643272818	2.80056966013	143.943272821	-32.3407984992	
3.6	0.0	0.0	0.0 	0.0 	110.4 	14.0 	0.0 	0.0 	0.0 	-0.0 	14.0 	0.0 	0.0 	0.0 	8.95399115241	2.80056966015	143.993184062	-32.4814377962	
3.61666666667	0.0	0.0	0.0 	0.0 	110.633333333 	14.0 	0.0 	0.0 	0.0 	-0.0 	14.0 	0.0 	0.0 	0.0 	8.99123404517	2.80056966017	144.043302901	-32.6226620629	
3.63333333333	0.0	0.0	0.0 	0.0 	110.866666667 	14.0 	0.0 	0.0 	0.0 	-0.0 	14.0 	0.0 	0.0 	0.0 	9.02816405726	2.80056966019	144.093627595	-32.7644663851	
3.65	0.0	0.0	0.0 	0.0 	111.1 	14.0 	0.0 	0.0 	0.0 	-0.0 	14.0 	0.0 	0.0 	0.0 	9.06478381721	2.8005696602	144.144156415	-32.9068458895	
3.66666666667	0.0	0.0	0.0 	0.0 	111.333333333 	14.0 	0.0 	0.0 	0.0 	-0.0 	14.0 	0.0 	0.0 	0.0 	9.10109593148	2.80056966022	144.194887645	-33.0497957441	
3.68333333333	0.0	0.0	0.0 	0.0 	111.566666667 	14.0 	0.0 	0.0 	0.0 	-0.0 	14.0 	0.0 	0.0 	0.0 	9.13710298463	2.80056966023	144.245819585	-33.1933111574	
3.7	0.0	0.0	0.0 	0.0 	111.8 	14.0 	0.0 	0.0 	0.0 	-0.0 	14.0 	0.0 	0.0 	0.0 	9.1728075395	2.80056966023	144.29695055	-33.3373873778	
3.71666666667	0.0	0.0	0.0 	0.0 	112.033333333 	14.0 	0.0 	0.0 	0.0 	-0.0 	14.0 	0.0 	0.0 	0.0 	9.20821213741	2.80056966024	144.348278866	-33.4820196942	
3.73333333333	0.0	0.0	0.0 	0.0 	112.266666667 	14.0 	0.0 	0.0 	0.0 	-0.0 	14.0 	0.0 	0.0 	0.0 	9.24331929831	2.80056966025	144.399802876	-33.6272034347	
3.75	0.0	0.0	0.0 	0.0 	112.5 	14.0 	0.0 	0.0 	0.0 	-0.0 	14.0 	0.0 	0.0 	0.0 	9.27813152101	2.80056966025	144.451520936	-33.7729339667	
3.76666666667	0.0	0.0	0.0 	0.0 	112.733333333 	14.0 	0.0 	0.0 	0.0 	-0.0 	14.0 	0.0 	0.0 	0.0 	9.3126512833	2.80056966025	144.503431416	-33.9192066966	
3.78333333333	0.0	0.0	0.0 	0.0 	112.966666667 	14.0 	0.0 	0.0 	0.0 	-0.0 	14.0 	0.0 	0.0 	0.0 	9.34688104217	2.80056966026	144.555532699	-34.0660170694	
3.8	0.0	0.0	0.0 	0.0 	113.2 	14.0 	0.0 	0.0 	0.0 	-0.0 	14.0 	0.0 	0.0 	0.0 	9.38082323395	2.80056966026	144.607823182	-34.2133605682	
3.81666666667	0.0	0.0	0.0 	0.0 	113.433333333 	14.0 	0.0 	0.0 	0.0 	-0.0 	14.0 	0.0 	0.0 	0.0 	9.41448027454	2.80056966026	144.660301276	-34.3612327142	
3.83333333333	0.0	0.0	0.0 	0.0 	113.666666667 	14.0 	0.0 	0.0 	0.0 	-0.0 	14.0 	0.0 	0.0 	0.0 	9.44785455949	2.80056966026	144.712965404	-34.5096290662	
3.85	0.0	0.0	0.0 	0.0 	113.9 	14.0 	0.0 	0.0 	0.0 	-0.0 	14.0 	0.0 	0.0 	0.0 	9.48094846428	2.80056966027	144.765814004	-34.6585452204	
3.86666666667	0.0	0.0	0.0 	0.0 	114.133333333 	14.0 	0.0 	0.0 	0.0 	-0.0 	14.0 	0.0 	0.0 	0.0 	9.51376434439	2.80056966027	144.818845526	-34.8079768097	
3.88333333333	0.0	0.0	0.0 	0.0 	114.366666667 	14.0 	0.0 	0.0 	0.0 	-0.0 	14.0 	0.0 	0.0 	0.0 	9.54630453553	2.80056966027	144.872058434	-34.957919504	
3.9	0.0	0.0	0.0 	0.0 	114.6 	14.0 	0.0 	0.0 	0.0 	-0.0 	14.0 	0.0 	0.0 	0.0 	9.5785713538	2.80056966027	144.925451202	-35.1083690095	
3.91666666667	0.0	0.0	0.0 	0.0 	114.833333333 	14.0 	0.0 	0.0 	0.0 	-0.0 	14.0 	0.0 	0.0 	0.0 	9.61056709581	2.80056966027	144.979022321	-35.2593210684	
3.93333333333	0.0	0.0	0.0 	0.0 	115.066666667 	14.0 	0.0 	0.0 	0.0 	-0.0 	14.0 	0.0 	0.0 	0.0 	9.64229403891	2.80056966027	145.032770292	-35.4107714587	
3.95	0.0	0.0	0.0 	0.0 	115.3 	14.0 	0.0 	0.0 	0.0 	-0.0 	14.0 	0.0 	0.0 	0.0 	9.67375444129	2.80056966027	145.086693629	-35.5627159939	
3.96666666667	0.0	0.0	0.0 	0.0 	115.533333333 	14.0 	0.0 	0.0 	0.0 	-0.0 	14.0 	0.0 	0.0 	0.0 	9.70495054219	2.80056966027	145.140790859	-35.7151505226	
3.98333333333	0.0	0.0	0.0 	0.0 	115.766666667 	14.0 	0.0 	0.0 	0.0 	-0.0 	14.0 	0.0 	0.0 	0.0 	9.73588456203	2.80056966027	145.195060521	-35.8680709284	
4.0	0.0	0.0	0.0 	0.0 	116.0 	14.0 	0.0 	0.0 	0.0 	-0.0 	14.0 	0.0 	0.0 	0.0 	9.76655870256	2.80056966027	145.249501167	-36.0214731293	
4.01666666667	0.0	0.0	0.0 	0.0 	116.233333333 	14.0 	0.0 	0.0 	0.0 	-0.0 	14.0 	0.0 	0.0 	0.0 	9.79697514707	2.80056966027	145.304111359	-36.1753530778	
4.03333333333	0.0	0.0	0.0 	0.0 	116.466666667 	14.0 	0.0 	0.0 	0.0 	-0.0 	14.0 	0.0 	0.0 	0.0 	9.82713606047	2.80056966027	145.358889674	-36.3297067602	
4.05	0.0	0.0	0.0 	0.0 	116.7 	14.0 	0.0 	0.0 	0.0 	-0.0 	14.0 	0.0 	0.0 	0.0 	9.8570435895	2.80056966027	145.4138347	-36.4845301967	
4.06666666667	0.0	0.0	0.0 	0.0 	116.933333333 	14.0 	0.0 	0.0 	0.0 	-0.0 	14.0 	0.0 	0.0 	0.0 	9.88669986287	2.80056966027	145.468945035	-36.6398194408	
4.08333333333	0.0	0.0	0.0 	0.0 	117.166666667 	14.0 	0.0 	0.0 	0.0 	-0.0 	14.0 	0.0 	0.0 	0.0 	9.91610699139	2.80056966027	145.524219291	-36.7955705793	
4.1	0.0	0.0	0.0 	0.0 	117.4 	14.0 	0.0 	0.0 	0.0 	-0.0 	14.0 	0.0 	0.0 	0.0 	9.94526706815	2.80056966027	145.579656091	-36.9517797317	
4.11666666667	0.0	0.0	0.0 	0.0 	117.633333333 	14.0 	0.0 	0.0 	0.0 	-0.0 	14.0 	0.0 	0.0 	0.0 	9.97418216867	2.80056966027	145.635254069	-37.1084430503	
4.13333333333	0.0	0.0	0.0 	0.0 	117.866666667 	14.0 	0.0 	0.0 	0.0 	-0.0 	14.0 	0.0 	0.0 	0.0 	10.002854351	2.80056966027	145.691011871	-37.2655567194	
4.15	0.0	0.0	0.0 	0.0 	118.1 	14.0 	0.0 	0.0 	0.0 	-0.0 	14.0 	0.0 	0.0 	0.0 	10.0312856559	2.80056966027	145.746928155	-37.4231169558	
4.16666666667	0.0	0.0	0.0 	0.0 	118.333333333 	14.0 	0.0 	0.0 	0.0 	-0.0 	14.0 	0.0 	0.0 	0.0 	10.059478107	2.80056966027	145.803001589	-37.5811200077	
4.18333333333	0.0	0.0	0.0 	0.0 	118.566666667 	14.0 	0.0 	0.0 	0.0 	-0.0 	14.0 	0.0 	0.0 	0.0 	10.087433711	2.80056966027	145.859230852	-37.739562155	
4.2	0.0	0.0	0.0 	0.0 	118.8 	14.0 	0.0 	0.0 	0.0 	-0.0 	14.0 	0.0 	0.0 	0.0 	10.1151544576	2.80056966027	145.915614636	-37.8984397089	
4.21666666667	0.0	0.0	0.0 	0.0 	119.033333333 	14.0 	0.0 	0.0 	0.0 	-0.0 	14.0 	0.0 	0.0 	0.0 	10.1426423199	2.80056966027	145.972151643	-38.0577490114	
4.23333333333	0.0	0.0	0.0 	0.0 	119.266666667 	14.0 	0.0 	0.0 	0.0 	-0.0 	14.0 	0.0 	0.0 	0.0 	10.1698992543	2.80056966027	146.028840585	-38.2174864354	
4.25	0.0	0.0	0.0 	0.0 	119.5 	14.0 	0.0 	0.0 	0.0 	-0.0 	14.0 	0.0 	0.0 	0.0 	10.196927201	2.80056966027	146.085680186	-38.3776483842	
4.26666666667	0.0	0.0	0.0 	0.0 	119.733333333 	14.0 	0.0 	0.0 	0.0 	-0.0 	14.0 	0.0 	0.0 	0.0 	10.2237280836	2.80056966027	146.142669181	-38.5382312914	
4.28333333333	0.0	0.0	0.0 	0.0 	119.966666667 	14.0 	0.0 	0.0 	0.0 	-0.0 	14.0 	0.0 	0.0 	0.0 	10.2503038097	2.80056966027	146.199806313	-38.6992316204	
4.3	0.0	0.0	0.0 	0.0 	120.2 	14.0 	0.0 	0.0 	0.0 	-0.0 	14.0 	0.0 	0.0 	0.0 	10.2766562709	2.80056966027	146.257090339	-38.8606458645	
4.31666666667	0.0	0.0	0.0 	0.0 	120.433333333 	14.0 	0.0 	0.0 	0.0 	-0.0 	14.0 	0.0 	0.0 	0.0 	10.3027873429	2.80056966027	146.314520024	-39.0224705462	
4.33333333333	0.0	0.0	0.0 	0.0 	120.666666667 	14.0 	0.0 	0.0 	0.0 	-0.0 	14.0 	0.0 	0.0 	0.0 	10.3286988855	2.80056966027	146.372094146	-39.1847022176	
4.35	0.0	0.0	0.0 	0.0 	120.9 	14.0 	0.0 	0.0 	0.0 	-0.0 	14.0 	0.0 	0.0 	0.0 	10.3543927431	2.80056966027	146.429811489	-39.3473374594	
4.36666666667	0.0	0.0	0.0 	0.0 	121.133333333 	14.0 	0.0 	0.0 	0.0 	-0.0 	14.0 	0.0 	0.0 	0.0 	10.3798707445	2.80056966027	146.487670852	-39.5103728811	
4.38333333333	0.0	0.0	0.0 	0.0 	121.366666667 	14.0 	0.0 	0.0 	0.0 	-0.0 	14.0 	0.0 	0.0 	0.0 	10.405134703	2.80056966027	146.545671041	-39.673805121	
4.4	0.0	0.0	0.0 	0.0 	121.6 	14.0 	0.0 	0.0 	0.0 	-0.0 	14.0 	0.0 	0.0 	0.0 	10.4301864169	2.80056966027	146.603810873	-39.8376308452	
4.41666666667	0.0	0.0	0.0 	0.0 	121.833333333 	14.0 	0.0 	0.0 	0.0 	-0.0 	14.0 	0.0 	0.0 	0.0 	10.4550276692	2.80056966027	146.662089175	-40.001846748	
4.43333333333	0.0	0.0	0.0 	0.0 	122.066666667 	14.0 	0.0 	0.0 	0.0 	-0.0 	14.0 	0.0 	0.0 	0.0 	10.4796602281	2.80056966027	146.720504783	-40.1664495516	
4.45	0.0	0.0	0.0 	0.0 	122.3 	14.0 	0.0 	0.0 	0.0 	-0.0 	14.0 	0.0 	0.0 	0.0 	10.5040858468	2.80056966027	146.779056545	-40.3314360055	
4.46666666667	0.0	0.0	0.0 	0.0 	122.533333333 	14.0 	0.0 	0.0 	0.0 	-0.0 	14.0 	0.0 	0.0 	0.0 	10.5283062638	2.80056966027	146.837743315	-40.4968028867	
4.48333333333	0.0	0.0	0.0 	0.0 	122.766666667 	14.0 	0.0 	0.0 	0.0 	-0.0 	14.0 	0.0 	0.0 	0.0 	10.552323203	2.80056966027	146.896563961	-40.6625469992	
4.5	0.0	0.0	0.0 	0.0 	123.0 	14.0 	0.0 	0.0 	0.0 	-0.0 	14.0 	0.0 	0.0 	0.0 	10.5761383739	2.80056966027	146.955517357	-40.8286651738	
4.51666666667	0.0	0.0	0.0 	0.0 	123.233333333 	14.0 	0.0 	0.0 	0.0 	-0.0 	14.0 	0.0 	0.0 	0.0 	10.5997534716	2.80056966027	147.014602388	-40.995154268	
4.53333333333	0.0	0.0	0.0 	0.0 	123.466666667 	14.0 	0.0 	0.0 	0.0 	-0.0 	14.0 	0.0 	0.0 	0.0 	10.6231701769	2.80056966027	147.073817947	-41.1620111656	
4.55	0.0	0.0	0.0 	0.0 	123.7 	14.0 	0.0 	0.0 	0.0 	-0.0 	14.0 	0.0 	0.0 	0.0 	10.6463901564	2.80056966027	147.13316294	-41.3292327768	
4.56666666667	0.0	0.0	0.0 	0.0 	123.933333333 	14.0 	0.0 	0.0 	0.0 	-0.0 	14.0 	0.0 	0.0 	0.0 	10.6694150629	2.80056966027	147.192636278	-41.4968160375	
4.58333333333	0.0	0.0	0.0 	0.0 	124.166666667 	14.0 	0.0 	0.0 	0.0 	-0.0 	14.0 	0.0 	0.0 	0.0 	10.6922465353	2.80056966027	147.252236882	-41.6647579094	
4.6	0.0	0.0	0.0 	0.0 	124.4 	14.0 	0.0 	0.0 	0.0 	-0.0 	14.0 	0.0 	0.0 	0.0 	10.7148861986	2.80056966027	147.311963685	-41.83305538	
4.61666666667	0.0	0.0	0.0 	0.0 	124.633333333 	14.0 	0.0 	0.0 	0.0 	-0.0 	14.0 	0.0 	0.0 	0.0 	10.7373356641	2.80056966027	147.371815625	-42.0017054616	
4.63333333333	0.0	0.0	0.0 	0.0 	124.866666667 	14.0 	0.0 	0.0 	0.0 	-0.0 	14.0 	0.0 	0.0 	0.0 	10.7595965298	2.80056966027	147.431791651	-42.1707051921	
4.65	0.0	0.0	0.0 	0.0 	125.1 	14.0 	0.0 	0.0 	0.0 	-0.0 	14.0 	0.0 	0.0 	0.0 	10.7816703801	2.80056966027	147.491890721	-42.340051634	
4.66666666667	0.0	0.0	0.0 	0.0 	125.333333333 	14.0 	0.0 	0.0 	0.0 	-0.0 	14.0 	0.0 	0.0 	0.0 	10.8035587861	2.80056966027	147.552111801	-42.5097418746	
4.68333333333	0.0	0.0	0.0 	0.0 	125.566666667 	14.0 	0.0 	0.0 	0.0 	-0.0 	14.0 	0.0 	0.0 	0.0 	10.8252633058	2.80056966027	147.612453867	-42.6797730255	
4.7	0.0	0.0	0.0 	0.0 	125.8 	14.0 	0.0 	0.0 	0.0 	-0.0 	14.0 	0.0 	0.0 	0.0 	10.846785484	2.80056966027	147.672915901	-42.8501422227	
4.71666666667	0.0	0.0	0.0 	0.0 	126.033333333 	14.0 	0.0 	0.0 	0.0 	-0.0 	14.0 	0.0 	0.0 	0.0 	10.8681268526	2.80056966027	147.733496895	-43.0208466264	
4.73333333333	0.0	0.0	0.0 	0.0 	126.266666667 	14.0 	0.0 	0.0 	0.0 	-0.0 	14.0 	0.0 	0.0 	0.0 	10.8892889305	2.80056966027	147.794195852	-43.1918834203	
4.75	0.0	0.0	0.0 	0.0 	126.5 	14.0 	0.0 	0.0 	0.0 	-0.0 	14.0 	0.0 	0.0 	0.0 	10.910273224	2.80056966027	147.855011778	-43.3632498121	
4.76666666667	0.0	0.0	0.0 	0.0 	126.733333333 	14.0 	0.0 	0.0 	0.0 	-0.0 	14.0 	0.0 	0.0 	0.0 	10.9310812268	2.80056966027	147.915943693	-43.5349430328	
4.78333333333	0.0	0.0	0.0 	0.0 	126.966666667 	14.0 	0.0 	0.0 	0.0 	-0.0 	14.0 	0.0 	0.0 	0.0 	10.9517144197	2.80056966027	147.976990621	-43.7069603366	
4.8	0.0	0.0	0.0 	0.0 	127.2 	14.0 	0.0 	0.0 	0.0 	-0.0 	14.0 	0.0 	0.0 	0.0 	10.9721742715	2.80056966027	148.038151595	-43.8792990009	
4.81666666667	0.0	0.0	0.0 	0.0 	127.433333333 	14.0 	0.0 	0.0 	0.0 	-0.0 	14.0 	0.0 	0.0 	0.0 	10.9924622383	2.80056966027	148.099425659	-44.051956326	
4.83333333333	0.0	0.0	0.0 	0.0 	127.666666667 	14.0 	0.0 	0.0 	0.0 	-0.0 	14.0 	0.0 	0.0 	0.0 	11.0125797642	2.80056966027	148.160811862	-44.2249296347	
4.85	0.0	0.0	0.0 	0.0 	127.9 	14.0 	0.0 	0.0 	0.0 	-0.0 	14.0 	0.0 	0.0 	0.0 	11.0325282811	2.80056966027	148.222309261	-44.3982162725	
4.86666666667	0.0	0.0	0.0 	0.0 	128.133333333 	14.0 	0.0 	0.0 	0.0 	-0.0 	14.0 	0.0 	0.0 	0.0 	11.0523092088	2.80056966027	148.283916923	-44.571813607	
4.88333333333	0.0	0.0	0.0 	0.0 	128.366666667 	14.0 	0.0 	0.0 	0.0 	-0.0 	14.0 	0.0 	0.0 	0.0 	11.0719239553	2.80056966027	148.345633922	-44.745719028	
4.9	0.0	0.0	0.0 	0.0 	128.6 	14.0 	0.0 	0.0 	0.0 	-0.0 	14.0 	0.0 	0.0 	0.0 	11.0913739166	2.80056966027	148.407459338	-44.9199299473	
4.91666666667	0.0	0.0	0.0 	0.0 	128.833333333 	14.0 	0.0 	0.0 	0.0 	-0.0 	14.0 	0.0 	0.0 	0.0 	11.1106604772	2.80056966027	148.469392261	-45.0944437983	
4.93333333333	0.0	0.0	0.0 	0.0 	129.066666667 	14.0 	0.0 	0.0 	0.0 	-0.0 	14.0 	0.0 	0.0 	0.0 	11.1297850098	2.80056966027	148.531431788	-45.2692580362	
4.95	0.0	0.0	0.0 	0.0 	129.3 	14.0 	0.0 	0.0 	0.0 	-0.0 	14.0 	0.0 	0.0 	0.0 	11.1487488756	2.80056966027	148.593577023	-45.4443701373	
4.96666666667	0.0	0.0	0.0 	0.0 	129.533333333 	14.0 	0.0 	0.0 	0.0 	-0.0 	14.0 	0.0 	0.0 	0.0 	11.1675534243	2.80056966027	148.655827078	-45.6197775993	
4.98333333333	0.0	0.0	0.0 	0.0 	129.766666667 	14.0 	0.0 	0.0 	0.0 	-0.0 	14.0 	0.0 	0.0 	0.0 	11.1861999945	2.80056966027	148.718181073	-45.7954779407	
5.0	0.0	0.0	0.0 	0.0 	130.0 	14.0 	0.0 	0.0 	0.0 	-0.0 	14.0 	0.0 	0.0 	0.0 	11.2046899132	2.80056966027	148.780638134	-45.9714687012	
5.01666666667	0.0	0.0	0.0 	0.0 	130.233333333 	14.0 	0.0 	0.0 	0.0 	-0.0 	14.0 	0.0 	0.0 	0.0 	11.2230244966	2.80056966027	148.843197395	-46.1477474408	
5.03333333333	0.0	0.0	0.0 	0.0 	130.466666667 	14.0 	0.0 	0.0 	0.0 	-0.0 	14.0 	0.0 	0.0 	0.0 	11.2412050496	2.80056966027	148.905857999	-46.3243117403	
5.05	0.0	0.0	0.0 	0.0 	130.7 	14.0 	0.0 	0.0 	0.0 	-0.0 	14.0 	0.0 	0.0 	0.0 	11.2592328663	2.80056966027	148.968619092	-46.5011592006	
5.06666666667	0.0	0.0	0.0 	0.0 	130.933333333 	14.0 	0.0 	0.0 	0.0 	-0.0 	14.0 	0.0 	0.0 	0.0 	11.2771092297	2.80056966027	149.031479832	-46.6782874428	
5.08333333333	0.0	0.0	0.0 	0.0 	131.166666667 	14.0 	0.0 	0.0 	0.0 	-0.0 	14.0 	0.0 	0.0 	0.0 	11.2948354123	2.80056966027	149.094439381	-46.8556941082	
5.1	0.0	0.0	0.0 	0.0 	131.4 	14.0 	0.0 	0.0 	0.0 	-0.0 	14.0 	0.0 	0.0 	0.0 	11.3124126758	2.80056966027	149.157496909	-47.0333768575	
5.11666666667	0.0	0.0	0.0 	0.0 	131.633333333 	14.0 	0.0 	0.0 	0.0 	-0.0 	14.0 	0.0 	0.0 	0.0 	11.3298422712	2.80056966027	149.220651593	-47.2113333715	
5.13333333333	0.0	0.0	0.0 	0.0 	131.866666667 	14.0 	0.0 	0.0 	0.0 	-0.0 	14.0 	0.0 	0.0 	0.0 	11.3471254391	2.80056966027	149.283902617	-47.3895613502	
5.15	0.0	0.0	0.0 	0.0 	132.1 	14.0 	0.0 	0.0 	0.0 	-0.0 	14.0 	0.0 	0.0 	0.0 	11.3642634097	2.80056966027	149.347249171	-47.568058513	
5.16666666667	0.0	0.0	0.0 	0.0 	132.333333333 	14.0 	0.0 	0.0 	0.0 	-0.0 	14.0 	0.0 	0.0 	0.0 	11.3812574027	2.80056966027	149.410690452	-47.7468225985	
5.18333333333	0.0	0.0	0.0 	0.0 	132.566666667 	14.0 	0.0 	0.0 	0.0 	-0.0 	14.0 	0.0 	0.0 	0.0 	11.3981086278	2.80056966027	149.474225666	-47.9258513642	
5.2	0.0	0.0	0.0 	0.0 	132.8 	14.0 	0.0 	0.0 	0.0 	-0.0 	14.0 	0.0 	0.0 	0.0 	11.4148182843	2.80056966027	149.537854022	-48.1051425866	
5.21666666667	0.0	0.0	0.0 	0.0 	133.033333333 	14.0 	0.0 	0.0 	0.0 	-0.0 	14.0 	0.0 	0.0 	0.0 	11.4313875616	2.80056966027	149.601574738	-48.2846940606	
5.23333333333	0.0	0.0	0.0 	0.0 	133.266666667 	14.0 	0.0 	0.0 	0.0 	-0.0 	14.0 	0.0 	0.0 	0.0 	11.447817639	2.80056966027	149.665387039	-48.4645036	
5.25	0.0	0.0	0.0 	0.0 	133.5 	14.0 	0.0 	0.0 	0.0 	-0.0 	14.0 	0.0 	0.0 	0.0 	11.4641096859	2.80056966027	149.729290155	-48.6445690366	
5.26666666667	0.0	0.0	0.0 	0.0 	133.733333333 	14.0 	0.0 	0.0 	0.0 	-0.0 	14.0 	0.0 	0.0 	0.0 	11.480264862	2.80056966027	149.793283323	-48.8248882207	
5.28333333333	0.0	0.0	0.0 	0.0 	133.966666667 	14.0 	0.0 	0.0 	0.0 	-0.0 	14.0 	0.0 	0.0 	0.0 	11.4962843171	2.80056966027	149.857365786	-49.0054590206	
5.3	0.0	0.0	0.0 	0.0 	134.2 	14.0 	0.0 	0.0 	0.0 	-0.0 	14.0 	0.0 	0.0 	0.0 	11.5121691914	2.80056966027	149.921536795	-49.1862793223	
5.31666666667	0.0	0.0	0.0 	0.0 	134.433333333 	14.0 	0.0 	0.0 	0.0 	-0.0 	14.0 	0.0 	0.0 	0.0 	11.5279206155	2.80056966027	149.985795605	-49.3673470298	
5.33333333333	0.0	0.0	0.0 	0.0 	134.666666667 	14.0 	0.0 	0.0 	0.0 	-0.0 	14.0 	0.0 	0.0 	0.0 	11.5435397106	2.80056966027	150.050141479	-49.5486600646	
5.35	0.0	0.0	0.0 	0.0 	134.9 	14.0 	0.0 	0.0 	0.0 	-0.0 	14.0 	0.0 	0.0 	0.0 	11.5590275884	2.80056966027	150.114573685	-49.7302163657	
5.36666666667	0.0	0.0	0.0 	0.0 	135.133333333 	14.0 	0.0 	0.0 	0.0 	-0.0 	14.0 	0.0 	0.0 	0.0 	11.5743853512	2.80056966027	150.179091498	-49.9120138893	
5.38333333333	0.0	0.0	0.0 	0.0 	135.366666667 	14.0 	0.0 	0.0 	0.0 	-0.0 	14.0 	0.0 	0.0 	0.0 	11.5896140922	2.80056966027	150.2436942	-50.0940506091	
5.4	0.0	0.0	0.0 	0.0 	135.6 	14.0 	0.0 	0.0 	0.0 	-0.0 	14.0 	0.0 	0.0 	0.0 	11.6047148952	2.80056966027	150.308381075	-50.2763245154	
5.41666666667	0.0	0.0	0.0 	0.0 	135.833333333 	14.0 	0.0 	0.0 	0.0 	-0.0 	14.0 	0.0 	0.0 	0.0 	11.6196888351	2.80056966027	150.373151419	-50.4588336156	
5.43333333333	0.0	0.0	0.0 	0.0 	136.066666667 	14.0 	0.0 	0.0 	0.0 	-0.0 	14.0 	0.0 	0.0 	0.0 	11.6345369777	2.80056966027	150.438004529	-50.6415759339	
5.45	0.0	0.0	0.0 	0.0 	136.3 	14.0 	0.0 	0.0 	0.0 	-0.0 	14.0 	0.0 	0.0 	0.0 	11.6492603798	2.80056966027	150.50293971	-50.824549511	
5.46666666667	0.0	0.0	0.0 	0.0 	136.533333333 	14.0 	0.0 	0.0 	0.0 	-0.0 	14.0 	0.0 	0.0 	0.0 	11.6638600893	2.80056966027	150.567956272	-51.007752404	
5.48333333333	0.0	0.0	0.0 	0.0 	136.766666667 	14.0 	0.0 	0.0 	0.0 	-0.0 	14.0 	0.0 	0.0 	0.0 	11.6783371455	2.80056966027	150.633053532	-51.1911826864	
5.5	0.0	0.0	0.0 	0.0 	137.0 	14.0 	0.0 	0.0 	0.0 	-0.0 	14.0 	0.0 	0.0 	0.0 	11.6926925787	2.80056966027	150.698230812	-51.3748384479	
5.51666666667	0.0	0.0	0.0 	0.0 	137.233333333 	14.0 	0.0 	0.0 	0.0 	-0.0 	14.0 	0.0 	0.0 	0.0 	11.7069274107	2.80056966027	150.76348744	-51.5587177943	
5.53333333333	0.0	0.0	0.0 	0.0 	137.466666667 	14.0 	0.0 	0.0 	0.0 	-0.0 	14.0 	0.0 	0.0 	0.0 	11.7210426546	2.80056966027	150.828822749	-51.7428188472	
5.55	0.0	0.0	0.0 	0.0 	137.7 	14.0 	0.0 	0.0 	0.0 	-0.0 	14.0 	0.0 	0.0 	0.0 	11.7350393153	2.80056966027	150.894236078	-51.927139744	
5.56666666667	0.0	0.0	0.0 	0.0 	137.933333333 	14.0 	0.0 	0.0 	0.0 	-0.0 	14.0 	0.0 	0.0 	0.0 	11.7489183888	2.80056966027	150.959726771	-52.1116786378	
5.58333333333	0.0	0.0	0.0 	0.0 	138.166666667 	14.0 	0.0 	0.0 	0.0 	-0.0 	14.0 	0.0 	0.0 	0.0 	11.762680863	2.80056966027	151.025294179	-52.2964336972	
5.6	0.0	0.0	0.0 	0.0 	138.4 	14.0 	0.0 	0.0 	0.0 	-0.0 	14.0 	0.0 	0.0 	0.0 	11.7763277175	2.80056966027	151.090937658	-52.4814031061	
5.61666666667	0.0	0.0	0.0 	0.0 	138.633333333 	14.0 	0.0 	0.0 	0.0 	-0.0 	14.0 	0.0 	0.0 	0.0 	11.7898599237	2.80056966027	151.156656567	-52.6665850638	
5.63333333333	0.0	0.0	0.0 	0.0 	138.866666667 	14.0 	0.0 	0.0 	0.0 	-0.0 	14.0 	0.0 	0.0 	0.0 	11.8032784447	2.80056966027	151.222450274	-52.8519777847	
5.65	0.0	0.0	0.0 	0.0 	139.1 	14.0 	0.0 	0.0 	0.0 	-0.0 	14.0 	0.0 	0.0 	0.0 	11.8165842355	2.80056966027	151.288318149	-53.0375794981	
5.66666666667	0.0	0.0	0.0 	0.0 	139.333333333 	14.0 	0.0 	0.0 	0.0 	-0.0 	14.0 	0.0 	0.0 	0.0 	11.8297782433	2.80056966027	151.354259571	-53.2233884482	
5.68333333333	0.0	0.0	0.0 	0.0 	139.566666667 	14.0 	0.0 	0.0 	0.0 	-0.0 	14.0 	0.0 	0.0 	0.0 	11.8428614071	2.80056966027	151.42027392	-53.409402894	
5.7	0.0	0.0	0.0 	0.0 	139.8 	14.0 	0.0 	0.0 	0.0 	-0.0 	14.0 	0.0 	0.0 	0.0 	11.8558346582	2.80056966027	151.486360585	-53.5956211092	
5.71666666667	0.0	0.0	0.0 	0.0 	140.033333333 	14.0 	0.0 	0.0 	0.0 	-0.0 	14.0 	0.0 	0.0 	0.0 	11.8686989198	2.80056966027	151.552518958	-53.7820413819	
5.73333333333	0.0	0.0	0.0 	0.0 	140.266666667 	14.0 	0.0 	0.0 	0.0 	-0.0 	14.0 	0.0 	0.0 	0.0 	11.8814551078	2.80056966027	151.618748436	-53.9686620145	
5.75	0.0	0.0	0.0 	0.0 	140.5 	14.0 	0.0 	0.0 	0.0 	-0.0 	14.0 	0.0 	0.0 	0.0 	11.8941041299	2.80056966027	151.685048423	-54.1554813239	
5.76666666667	0.0	0.0	0.0 	0.0 	140.733333333 	14.0 	0.0 	0.0 	0.0 	-0.0 	14.0 	0.0 	0.0 	0.0 	11.9066468865	2.80056966027	151.751418325	-54.3424976408	
5.78333333333	0.0	0.0	0.0 	0.0 	140.966666667 	14.0 	0.0 	0.0 	0.0 	-0.0 	14.0 	0.0 	0.0 	0.0 	11.9190842704	2.80056966027	151.817857555	-54.5297093103	
5.8	0.0	0.0	0.0 	0.0 	141.2 	14.0 	0.0 	0.0 	0.0 	-0.0 	14.0 	0.0 	0.0 	0.0 	11.9314171668	2.80056966027	151.884365531	-54.7171146912	
5.81666666667	0.0	0.0	0.0 	0.0 	141.433333333 	14.0 	0.0 	0.0 	0.0 	-0.0 	14.0 	0.0 	0.0 	0.0 	11.9436464535	2.80056966027	151.950941675	-54.904712156	
5.83333333333	0.0	0.0	0.0 	0.0 	141.666666667 	14.0 	0.0 	0.0 	0.0 	-0.0 	14.0 	0.0 	0.0 	0.0 	11.9557730009	2.80056966027	152.017585416	-55.0925000911	
5.85	0.0	0.0	0.0 	0.0 	141.9 	14.0 	0.0 	0.0 	0.0 	-0.0 	14.0 	0.0 	0.0 	0.0 	11.9677976721	2.80056966027	152.084296184	-55.2804768964	
5.86666666667	0.0	0.0	0.0 	0.0 	142.133333333 	14.0 	0.0 	0.0 	0.0 	-0.0 	14.0 	0.0 	0.0 	0.0 	11.9797213231	2.80056966027	152.151073416	-55.468640985	
5.88333333333	0.0	0.0	0.0 	0.0 	142.366666667 	14.0 	0.0 	0.0 	0.0 	-0.0 	14.0 	0.0 	0.0 	0.0 	11.9915448025	2.80056966027	152.217916555	-55.6569907836	
5.9	0.0	0.0	0.0 	0.0 	142.6 	14.0 	0.0 	0.0 	0.0 	-0.0 	14.0 	0.0 	0.0 	0.0 	12.0032689519	2.80056966027	152.284825047	-55.8455247321	
5.91666666667	0.0	0.0	0.0 	0.0 	142.833333333 	14.0 	0.0 	0.0 	0.0 	-0.0 	14.0 	0.0 	0.0 	0.0 	12.0148946057	2.80056966027	152.351798342	-56.0342412834	
5.93333333333	0.0	0.0	0.0 	0.0 	143.066666667 	14.0 	0.0 	0.0 	0.0 	-0.0 	14.0 	0.0 	0.0 	0.0 	12.0264225914	2.80056966027	152.418835896	-56.2231389034	
5.95	0.0	0.0	0.0 	0.0 	143.3 	14.0 	0.0 	0.0 	0.0 	-0.0 	14.0 	0.0 	0.0 	0.0 	12.0378537295	2.80056966027	152.48593717	-56.412216071	
5.96666666667	0.0	0.0	0.0 	0.0 	143.533333333 	14.0 	0.0 	0.0 	0.0 	-0.0 	14.0 	0.0 	0.0 	0.0 	12.0491888337	2.80056966027	152.553101628	-56.6014712777	
5.98333333333	0.0	0.0	0.0 	0.0 	143.766666667 	14.0 	0.0 	0.0 	0.0 	-0.0 	14.0 	0.0 	0.0 	0.0 	12.0604287107	2.80056966027	152.620328739	-56.7909030279	
6.0	0.0	0.0	0.0 	0.0 	144.0 	14.0 	0.0 	0.0 	0.0 	-0.0 	14.0 	0.0 	0.0 	0.0 	12.0715741605	2.80056966027	152.687617976	-56.9805098383	
6.01666666667	0.0	0.0	0.0 	0.0 	144.233333333 	14.0 	0.0 	0.0 	0.0 	-0.0 	14.0 	0.0 	0.0 	0.0 	12.0826259765	2.80056966027	152.754968819	-57.1702902384	
6.03333333333	0.0	0.0	0.0 	0.0 	144.466666667 	14.0 	0.0 	0.0 	0.0 	-0.0 	14.0 	0.0 	0.0 	0.0 	12.0935849453	2.80056966027	152.822380749	-57.3602427697	
6.05	0.0	0.0	0.0 	0.0 	144.7 	14.0 	0.0 	0.0 	0.0 	-0.0 	14.0 	0.0 	0.0 	0.0 	12.1044518468	2.80056966027	152.889853253	-57.5503659861	
6.06666666667	0.0	0.0	0.0 	0.0 	144.933333333 	14.0 	0.0 	0.0 	0.0 	-0.0 	14.0 	0.0 	0.0 	0.0 	12.1152274546	2.80056966027	152.957385823	-57.7406584538	
6.08333333333	0.0	0.0	0.0 	0.0 	145.166666667 	14.0 	0.0 	0.0 	0.0 	-0.0 	14.0 	0.0 	0.0 	0.0 	12.1259125356	2.80056966027	153.024977953	-57.9311187508	
6.1	0.0	0.0	0.0 	0.0 	145.4 	14.0 	0.0 	0.0 	0.0 	-0.0 	14.0 	0.0 	0.0 	0.0 	12.1365078504	2.80056966027	153.092629143	-58.1217454671	
6.11666666667	0.0	0.0	0.0 	0.0 	145.633333333 	14.0 	0.0 	0.0 	0.0 	-0.0 	14.0 	0.0 	0.0 	0.0 	12.147014153	2.80056966027	153.160338898	-58.3125372048	
6.13333333333	0.0	0.0	0.0 	0.0 	145.866666667 	14.0 	0.0 	0.0 	0.0 	-0.0 	14.0 	0.0 	0.0 	0.0 	12.1574321913	2.80056966027	153.228106724	-58.5034925773	
6.15	0.0	0.0	0.0 	0.0 	146.1 	14.0 	0.0 	0.0 	0.0 	-0.0 	14.0 	0.0 	0.0 	0.0 	12.1677627067	2.80056966027	153.295932135	-58.6946102101	
6.16666666667	0.0	0.0	0.0 	0.0 	146.333333333 	14.0 	0.0 	0.0 	0.0 	-0.0 	14.0 	0.0 	0.0 	0.0 	12.1780064347	2.80056966027	153.363814647	-58.8858887399	
6.18333333333	0.0	0.0	0.0 	0.0 	146.566666667 	14.0 	0.0 	0.0 	0.0 	-0.0 	14.0 	0.0 	0.0 	0.0 	12.1881641042	2.80056966027	153.431753779	-59.077326815	
6.2	0.0	0.0	0.0 	0.0 	146.8 	14.0 	0.0 	0.0 	0.0 	-0.0 	14.0 	0.0 	0.0 	0.0 	12.1982364383	2.80056966027	153.499749056	-59.2689230951	
6.21666666667	0.0	0.0	0.0 	0.0 	147.033333333 	14.0 	0.0 	0.0 	0.0 	-0.0 	14.0 	0.0 	0.0 	0.0 	12.2082241538	2.80056966027	153.567800007	-59.4606762511	
6.23333333333	0.0	0.0	0.0 	0.0 	147.266666667 	14.0 	0.0 	0.0 	0.0 	-0.0 	14.0 	0.0 	0.0 	0.0 	12.2181279617	2.80056966027	153.635906163	-59.652584965	
6.25	0.0	0.0	0.0 	0.0 	147.5 	14.0 	0.0 	0.0 	0.0 	-0.0 	14.0 	0.0 	0.0 	0.0 	12.2279485669	2.80056966027	153.704067061	-59.8446479301	
6.26666666667	0.0	0.0	0.0 	0.0 	147.733333333 	14.0 	0.0 	0.0 	0.0 	-0.0 	14.0 	0.0 	0.0 	0.0 	12.2376866684	2.80056966027	153.772282242	-60.0368638504	
6.28333333333	0.0	0.0	0.0 	0.0 	147.966666667 	14.0 	0.0 	0.0 	0.0 	-0.0 	14.0 	0.0 	0.0 	0.0 	12.2473429593	2.80056966027	153.840551248	-60.2292314409	
6.3	0.0	0.0	0.0 	0.0 	148.2 	14.0 	0.0 	0.0 	0.0 	-0.0 	14.0 	0.0 	0.0 	0.0 	12.2569181268	2.80056966027	153.908873628	-60.4217494275	
6.31666666667	0.0	0.0	0.0 	0.0 	148.433333333 	14.0 	0.0 	0.0 	0.0 	-0.0 	14.0 	0.0 	0.0 	0.0 	12.2664128526	2.80056966027	153.977248934	-60.6144165466	
6.33333333333	0.0	0.0	0.0 	0.0 	148.666666667 	14.0 	0.0 	0.0 	0.0 	-0.0 	14.0 	0.0 	0.0 	0.0 	12.2758278124	2.80056966027	154.04567672	-60.8072315454	
6.35	0.0	0.0	0.0 	0.0 	148.9 	14.0 	0.0 	0.0 	0.0 	-0.0 	14.0 	0.0 	0.0 	0.0 	12.2851636763	2.80056966027	154.114156546	-61.0001931815	
6.36666666667	0.0	0.0	0.0 	0.0 	149.133333333 	14.0 	0.0 	0.0 	0.0 	-0.0 	14.0 	0.0 	0.0 	0.0 	12.2944211088	2.80056966027	154.182687975	-61.193300223	
6.38333333333	0.0	0.0	0.0 	0.0 	149.366666667 	14.0 	0.0 	0.0 	0.0 	-0.0 	14.0 	0.0 	0.0 	0.0 	12.3036007689	2.80056966027	154.251270573	-61.3865514484	
6.4	0.0	0.0	0.0 	0.0 	149.6 	14.0 	0.0 	0.0 	0.0 	-0.0 	14.0 	0.0 	0.0 	0.0 	12.3127033098	2.80056966027	154.31990391	-61.5799456463	
6.41666666667	0.0	0.0	0.0 	0.0 	149.833333333 	14.0 	0.0 	0.0 	0.0 	-0.0 	14.0 	0.0 	0.0 	0.0 	12.3217293796	2.80056966027	154.38858756	-61.7734816157	
6.43333333333	0.0	0.0	0.0 	0.0 	150.066666667 	14.0 	0.0 	0.0 	0.0 	-0.0 	14.0 	0.0 	0.0 	0.0 	12.3306796206	2.80056966027	154.457321101	-61.9671581655	
6.45	0.0	0.0	0.0 	0.0 	150.3 	14.0 	0.0 	0.0 	0.0 	-0.0 	14.0 	0.0 	0.0 	0.0 	12.3395546698	2.80056966027	154.526104113	-62.1609741146	
6.46666666667	0.0	0.0	0.0 	0.0 	150.533333333 	14.0 	0.0 	0.0 	0.0 	-0.0 	14.0 	0.0 	0.0 	0.0 	12.3483551591	2.80056966027	154.59493618	-62.354928292	
6.48333333333	0.0	0.0	0.0 	0.0 	150.766666667 	14.0 	0.0 	0.0 	0.0 	-0.0 	14.0 	0.0 	0.0 	0.0 	12.3570817146	2.80056966027	154.663816891	-62.5490195364	
6.5	0.0	0.0	0.0 	0.0 	151.0 	14.0 	0.0 	0.0 	0.0 	-0.0 	14.0 	0.0 	0.0 	0.0 	12.3657349577	2.80056966027	154.732745836	-62.7432466962	
6.51666666667	0.0	0.0	0.0 	0.0 	151.233333333 	14.0 	0.0 	0.0 	0.0 	-0.0 	14.0 	0.0 	0.0 	0.0 	12.3743155041	2.80056966027	154.801722612	-62.9376086297	
6.53333333333	0.0	0.0	0.0 	0.0 	151.466666667 	14.0 	0.0 	0.0 	0.0 	-0.0 	14.0 	0.0 	0.0 	0.0 	12.3828239646	2.80056966027	154.870746815	-63.1321042046	
6.55	0.0	0.0	0.0 	0.0 	151.7 	14.0 	0.0 	0.0 	0.0 	-0.0 	14.0 	0.0 	0.0 	0.0 	12.3912609449	2.80056966027	154.939818047	-63.3267322982	
6.56666666667	0.0	0.0	0.0 	0.0 	151.933333333 	14.0 	0.0 	0.0 	0.0 	-0.0 	14.0 	0.0 	0.0 	0.0 	12.3996270453	2.80056966027	155.008935914	-63.5214917971	
6.58333333333	0.0	0.0	0.0 	0.0 	152.166666667 	14.0 	0.0 	0.0 	0.0 	-0.0 	14.0 	0.0 	0.0 	0.0 	12.4079228615	2.80056966027	155.078100023	-63.7163815975	
6.6	0.0	0.0	0.0 	0.0 	152.4 	14.0 	0.0 	0.0 	0.0 	-0.0 	14.0 	0.0 	0.0 	0.0 	12.4161489838	2.80056966027	155.147309986	-63.9114006046	
6.61666666667	0.0	0.0	0.0 	0.0 	152.633333333 	14.0 	0.0 	0.0 	0.0 	-0.0 	14.0 	0.0 	0.0 	0.0 	12.4243059977	2.80056966027	155.216565417	-64.106547733	
6.63333333333	0.0	0.0	0.0 	0.0 	152.866666667 	14.0 	0.0 	0.0 	0.0 	-0.0 	14.0 	0.0 	0.0 	0.0 	12.4323944839	2.80056966027	155.285865936	-64.3018219062	
6.65	0.0	0.0	0.0 	0.0 	153.1 	14.0 	0.0 	0.0 	0.0 	-0.0 	14.0 	0.0 	0.0 	0.0 	12.4404150181	2.80056966027	155.355211162	-64.4972220571	
6.66666666667	0.0	0.0	0.0 	0.0 	153.333333333 	14.0 	0.0 	0.0 	0.0 	-0.0 	14.0 	0.0 	0.0 	0.0 	12.4483681711	2.80056966027	155.424600721	-64.6927471272	
6.68333333333	0.0	0.0	0.0 	0.0 	153.566666667 	14.0 	0.0 	0.0 	0.0 	-0.0 	14.0 	0.0 	0.0 	0.0 	12.4562545089	2.80056966027	155.49403424	-64.8883960672	
6.7	0.0	0.0	0.0 	0.0 	153.8 	14.0 	0.0 	0.0 	0.0 	-0.0 	14.0 	0.0 	0.0 	0.0 	12.464074593	2.80056966027	155.563511349	-65.0841678362	
6.71666666667	0.0	0.0	0.0 	0.0 	154.033333333 	14.0 	0.0 	0.0 	0.0 	-0.0 	14.0 	0.0 	0.0 	0.0 	12.4718289799	2.80056966027	155.633031683	-65.2800614025	
6.73333333333	0.0	0.0	0.0 	0.0 	154.266666667 	14.0 	0.0 	0.0 	0.0 	-0.0 	14.0 	0.0 	0.0 	0.0 	12.4795182215	2.80056966027	155.702594878	-65.4760757429	
6.75	0.0	0.0	0.0 	0.0 	154.5 	14.0 	0.0 	0.0 	0.0 	-0.0 	14.0 	0.0 	0.0 	0.0 	12.4871428652	2.80056966027	155.772200575	-65.6722098426	
6.76666666667	0.0	0.0	0.0 	0.0 	154.733333333 	14.0 	0.0 	0.0 	0.0 	-0.0 	14.0 	0.0 	0.0 	0.0 	12.4947034536	2.80056966027	155.841848415	-65.8684626956	
6.78333333333	0.0	0.0	0.0 	0.0 	154.966666667 	14.0 	0.0 	0.0 	0.0 	-0.0 	14.0 	0.0 	0.0 	0.0 	12.5022005248	2.80056966027	155.911538046	-66.0648333043	
6.8	0.0	0.0	0.0 	0.0 	155.2 	14.0 	0.0 	0.0 	0.0 	-0.0 	14.0 	0.0 	0.0 	0.0 	12.5096346126	2.80056966027	155.981269115	-66.2613206793	
6.81666666667	0.0	0.0	0.0 	0.0 	155.433333333 	14.0 	0.0 	0.0 	0.0 	-0.0 	14.0 	0.0 	0.0 	0.0 	12.5170062459	2.80056966027	156.051041276	-66.4579238397	
6.83333333333	0.0	0.0	0.0 	0.0 	155.666666667 	14.0 	0.0 	0.0 	0.0 	-0.0 	14.0 	0.0 	0.0 	0.0 	12.5243159495	2.80056966027	156.120854182	-66.6546418127	
6.85	0.0	0.0	0.0 	0.0 	155.9 	14.0 	0.0 	0.0 	0.0 	-0.0 	14.0 	0.0 	0.0 	0.0 	12.5315642437	2.80056966027	156.190707491	-66.8514736339	
6.86666666667	0.0	0.0	0.0 	0.0 	156.133333333 	14.0 	0.0 	0.0 	0.0 	-0.0 	14.0 	0.0 	0.0 	0.0 	12.5387516444	2.80056966027	156.260600865	-67.0484183467	
6.88333333333	0.0	0.0	0.0 	0.0 	156.366666667 	14.0 	0.0 	0.0 	0.0 	-0.0 	14.0 	0.0 	0.0 	0.0 	12.5458786631	2.80056966027	156.330533965	-67.2454750027	
6.9	0.0	0.0	0.0 	0.0 	156.6 	14.0 	0.0 	0.0 	0.0 	-0.0 	14.0 	0.0 	0.0 	0.0 	12.5529458071	2.80056966027	156.40050646	-67.4426426616	
6.91666666667	0.0	0.0	0.0 	0.0 	156.833333333 	14.0 	0.0 	0.0 	0.0 	-0.0 	14.0 	0.0 	0.0 	0.0 	12.5599535795	2.80056966027	156.470518017	-67.6399203908	
6.93333333333	0.0	0.0	0.0 	0.0 	157.066666667 	14.0 	0.0 	0.0 	0.0 	-0.0 	14.0 	0.0 	0.0 	0.0 	12.5669024789	2.80056966027	156.540568308	-67.8373072655	
6.95	0.0	0.0	0.0 	0.0 	157.3 	14.0 	0.0 	0.0 	0.0 	-0.0 	14.0 	0.0 	0.0 	0.0 	12.5737930001	2.80056966027	156.610657009	-68.0348023688	
6.96666666667	0.0	0.0	0.0 	0.0 	157.533333333 	14.0 	0.0 	0.0 	0.0 	-0.0 	14.0 	0.0 	0.0 	0.0 	12.5806256334	2.80056966027	156.680783796	-68.2324047915	
6.98333333333	0.0	0.0	0.0 	0.0 	157.766666667 	14.0 	0.0 	0.0 	0.0 	-0.0 	14.0 	0.0 	0.0 	0.0 	12.5874008652	2.80056966027	156.750948349	-68.430113632	
7.0	0.0	0.0	0.0 	0.0 	158.0 	14.0 	0.0 	0.0 	0.0 	-0.0 	14.0 	0.0 	0.0 	0.0 	12.5941191778	2.80056966027	156.821150352	-68.6279279962	
7.01666666667	0.0	0.0	0.0 	0.0 	158.233333333 	14.0 	0.0 	0.0 	0.0 	-0.0 	14.0 	0.0 	0.0 	0.0 	12.6007810492	2.80056966027	156.891389489	-68.8258469977	
7.03333333333	0.0	0.0	0.0 	0.0 	158.466666667 	14.0 	0.0 	0.0 	0.0 	-0.0 	14.0 	0.0 	0.0 	0.0 	12.6073869536	2.80056966027	156.961665448	-69.0238697573	
7.05	0.0	0.0	0.0 	0.0 	158.7 	14.0 	0.0 	0.0 	0.0 	-0.0 	14.0 	0.0 	0.0 	0.0 	12.6139373613	2.80056966027	157.031977921	-69.2219954034	
7.06666666667	0.0	0.0	0.0 	0.0 	158.933333333 	14.0 	0.0 	0.0 	0.0 	-0.0 	14.0 	0.0 	0.0 	0.0 	12.6204327385	2.80056966027	157.1023266	-69.4202230717	
7.08333333333	0.0	0.0	0.0 	0.0 	159.166666667 	14.0 	0.0 	0.0 	0.0 	-0.0 	14.0 	0.0 	0.0 	0.0 	12.6268735475	2.80056966027	157.172711182	-69.618551905	
7.1	0.0	0.0	0.0 	0.0 	159.4 	14.0 	0.0 	0.0 	0.0 	-0.0 	14.0 	0.0 	0.0 	0.0 	12.6332602467	2.80056966027	157.243131364	-69.8169810534	
7.11666666667	0.0	0.0	0.0 	0.0 	159.633333333 	14.0 	0.0 	0.0 	0.0 	-0.0 	14.0 	0.0 	0.0 	0.0 	12.6395932907	2.80056966027	157.313586848	-70.0155096742	
7.13333333333	0.0	0.0	0.0 	0.0 	159.866666667 	14.0 	0.0 	0.0 	0.0 	-0.0 	14.0 	0.0 	0.0 	0.0 	12.6458731302	2.80056966027	157.384077337	-70.2141369318	
7.15	0.0	0.0	0.0 	0.0 	160.1 	14.0 	0.0 	0.0 	0.0 	-0.0 	14.0 	0.0 	0.0 	0.0 	12.6521002123	2.80056966027	157.454602537	-70.4128619974	
7.16666666667	0.0	0.0	0.0 	0.0 	160.333333333 	14.0 	0.0 	0.0 	0.0 	-0.0 	14.0 	0.0 	0.0 	0.0 	12.6582749802	2.80056966027	157.525162156	-70.6116840493	
7.18333333333	0.0	0.0	0.0 	0.0 	160.566666667 	14.0 	0.0 	0.0 	0.0 	-0.0 	14.0 	0.0 	0.0 	0.0 	12.6643978733	2.80056966027	157.595755905	-70.8106022728	
7.2	0.0	0.0	0.0 	0.0 	160.8 	14.0 	0.0 	0.0 	0.0 	-0.0 	14.0 	0.0 	0.0 	0.0 	12.6704693275	2.80056966027	157.666383498	-71.00961586	
7.21666666667	0.0	0.0	0.0 	0.0 	161.033333333 	14.0 	0.0 	0.0 	0.0 	-0.0 	14.0 	0.0 	0.0 	0.0 	12.6764897749	2.80056966027	157.737044649	-71.2087240096	
7.23333333333	0.0	0.0	0.0 	0.0 	161.266666667 	14.0 	0.0 	0.0 	0.0 	-0.0 	14.0 	0.0 	0.0 	0.0 	12.682459644	2.80056966027	157.807739078	-71.4079259272	
7.25	0.0	0.0	0.0 	0.0 	161.5 	14.0 	0.0 	0.0 	0.0 	-0.0 	14.0 	0.0 	0.0 	0.0 	12.6883793597	2.80056966027	157.878466505	-71.6072208252	
7.26666666667	0.0	0.0	0.0 	0.0 	161.733333333 	14.0 	0.0 	0.0 	0.0 	-0.0 	14.0 	0.0 	0.0 	0.0 	12.6942493434	2.80056966027	157.949226652	-71.8066079223	
7.28333333333	0.0	0.0	0.0 	0.0 	161.966666667 	14.0 	0.0 	0.0 	0.0 	-0.0 	14.0 	0.0 	0.0 	0.0 	12.7000700129	2.80056966027	158.020019245	-72.0060864439	
7.3	0.0	0.0	0.0 	0.0 	162.2 	14.0 	0.0 	0.0 	0.0 	-0.0 	14.0 	0.0 	0.0 	0.0 	12.7058417824	2.80056966027	158.09084401	-72.2056556221	
7.31666666667	0.0	0.0	0.0 	0.0 	162.433333333 	14.0 	0.0 	0.0 	0.0 	-0.0 	14.0 	0.0 	0.0 	0.0 	12.7115650629	2.80056966027	158.161700678	-72.4053146952	
7.33333333333	0.0	0.0	0.0 	0.0 	162.666666667 	14.0 	0.0 	0.0 	0.0 	-0.0 	14.0 	0.0 	0.0 	0.0 	12.7172402615	2.80056966027	158.232588981	-72.6050629079	
7.35	0.0	0.0	0.0 	0.0 	162.9 	14.0 	0.0 	0.0 	0.0 	-0.0 	14.0 	0.0 	0.0 	0.0 	12.7228677824	2.80056966027	158.303508652	-72.8048995115	
7.36666666667	0.0	0.0	0.0 	0.0 	163.133333333 	14.0 	0.0 	0.0 	0.0 	-0.0 	14.0 	0.0 	0.0 	0.0 	12.7284480259	2.80056966027	158.374459429	-73.0048237633	
7.38333333333	0.0	0.0	0.0 	0.0 	163.366666667 	14.0 	0.0 	0.0 	0.0 	-0.0 	14.0 	0.0 	0.0 	0.0 	12.7339813894	2.80056966027	158.44544105	-73.204834927	
7.4	0.0	0.0	0.0 	0.0 	163.6 	14.0 	0.0 	0.0 	0.0 	-0.0 	14.0 	0.0 	0.0 	0.0 	12.7394682666	2.80056966027	158.516453256	-73.4049322725	
7.41666666667	0.0	0.0	0.0 	0.0 	163.833333333 	14.0 	0.0 	0.0 	0.0 	-0.0 	14.0 	0.0 	0.0 	0.0 	12.7449090481	2.80056966027	158.58749579	-73.6051150756	
7.43333333333	0.0	0.0	0.0 	0.0 	164.066666667 	14.0 	0.0 	0.0 	0.0 	-0.0 	14.0 	0.0 	0.0 	0.0 	12.7503041211	2.80056966027	158.658568397	-73.8053826186	
7.45	0.0	0.0	0.0 	0.0 	164.3 	14.0 	0.0 	0.0 	0.0 	-0.0 	14.0 	0.0 	0.0 	0.0 	12.7556538697	2.80056966027	158.729670824	-74.0057341894	
7.46666666667	0.0	0.0	0.0 	0.0 	164.533333333 	14.0 	0.0 	0.0 	0.0 	-0.0 	14.0 	0.0 	0.0 	0.0 	12.7609586746	2.80056966027	158.800802822	-74.2061690822	
7.48333333333	0.0	0.0	0.0 	0.0 	164.766666667 	14.0 	0.0 	0.0 	0.0 	-0.0 	14.0 	0.0 	0.0 	0.0 	12.7662189134	2.80056966027	158.871964141	-74.4066865969	
7.5	0.0	0.0	0.0 	0.0 	165.0 	14.0 	0.0 	0.0 	0.0 	-0.0 	14.0 	0.0 	0.0 	0.0 	12.7714349604	2.80056966027	158.943154535	-74.6072860395	
7.51666666667	0.0	0.0	0.0 	0.0 	165.233333333 	14.0 	0.0 	0.0 	0.0 	-0.0 	14.0 	0.0 	0.0 	0.0 	12.7766071871	2.80056966027	159.01437376	-74.8079667217	
7.53333333333	0.0	0.0	0.0 	0.0 	165.466666667 	14.0 	0.0 	0.0 	0.0 	-0.0 	14.0 	0.0 	0.0 	0.0 	12.7817359614	2.80056966027	159.085621574	-75.0087279609	
7.55	0.0	0.0	0.0 	0.0 	165.7 	14.0 	0.0 	0.0 	0.0 	-0.0 	14.0 	0.0 	0.0 	0.0 	12.7868216484	2.80056966027	159.156897737	-75.2095690804	
7.56666666667	0.0	0.0	0.0 	0.0 	165.933333333 	14.0 	0.0 	0.0 	0.0 	-0.0 	14.0 	0.0 	0.0 	0.0 	12.7918646102	2.80056966027	159.22820201	-75.4104894091	
7.58333333333	0.0	0.0	0.0 	0.0 	166.166666667 	14.0 	0.0 	0.0 	0.0 	-0.0 	14.0 	0.0 	0.0 	0.0 	12.7968652056	2.80056966027	159.299534157	-75.6114882816	
7.6	0.0	0.0	0.0 	0.0 	166.4 	14.0 	0.0 	0.0 	0.0 	-0.0 	14.0 	0.0 	0.0 	0.0 	12.8018237906	2.80056966027	159.370893944	-75.812565038	
7.61666666667	0.0	0.0	0.0 	0.0 	166.633333333 	14.0 	0.0 	0.0 	0.0 	-0.0 	14.0 	0.0 	0.0 	0.0 	12.8067407181	2.80056966027	159.442281139	-76.013719024	
7.63333333333	0.0	0.0	0.0 	0.0 	166.866666667 	14.0 	0.0 	0.0 	0.0 	-0.0 	14.0 	0.0 	0.0 	0.0 	12.8116163381	2.80056966027	159.513695512	-76.2149495908	
7.65	0.0	0.0	0.0 	0.0 	167.1 	14.0 	0.0 	0.0 	0.0 	-0.0 	14.0 	0.0 	0.0 	0.0 	12.8164509976	2.80056966027	159.585136834	-76.4162560951	
7.66666666667	0.0	0.0	0.0 	0.0 	167.333333333 	14.0 	0.0 	0.0 	0.0 	-0.0 	14.0 	0.0 	0.0 	0.0 	12.8212450407	2.80056966027	159.656604879	-76.6176378988	
7.68333333333	0.0	0.0	0.0 	0.0 	167.566666667 	14.0 	0.0 	0.0 	0.0 	-0.0 	14.0 	0.0 	0.0 	0.0 	12.8259988086	2.80056966027	159.728099423	-76.8190943694	
7.7	0.0	0.0	0.0 	0.0 	167.8 	14.0 	0.0 	0.0 	0.0 	-0.0 	14.0 	0.0 	0.0 	0.0 	12.8307126398	2.80056966027	159.799620242	-77.0206248796	
7.71666666667	0.0	0.0	0.0 	0.0 	168.033333333 	14.0 	0.0 	0.0 	0.0 	-0.0 	14.0 	0.0 	0.0 	0.0 	12.8353868696	2.80056966027	159.871167116	-77.2222288074	
7.73333333333	0.0	0.0	0.0 	0.0 	168.266666667 	14.0 	0.0 	0.0 	0.0 	-0.0 	14.0 	0.0 	0.0 	0.0 	12.8400218309	2.80056966027	159.942739827	-77.423905536	
7.75	0.0	0.0	0.0 	0.0 	168.5 	14.0 	0.0 	0.0 	0.0 	-0.0 	14.0 	0.0 	0.0 	0.0 	12.8446178534	2.80056966027	160.014338156	-77.6256544537	
7.76666666667	0.0	0.0	0.0 	0.0 	168.733333333 	14.0 	0.0 	0.0 	0.0 	-0.0 	14.0 	0.0 	0.0 	0.0 	12.8491752644	2.80056966027	160.08596189	-77.8274749542	
7.78333333333	0.0	0.0	0.0 	0.0 	168.966666667 	14.0 	0.0 	0.0 	0.0 	-0.0 	14.0 	0.0 	0.0 	0.0 	12.8536943882	2.80056966027	160.157610813	-78.0293664361	
7.8	0.0	0.0	0.0 	0.0 	169.2 	14.0 	0.0 	0.0 	0.0 	-0.0 	14.0 	0.0 	0.0 	0.0 	12.8581755465	2.80056966027	160.229284716	-78.231328303	
7.81666666667	0.0	0.0	0.0 	0.0 	169.433333333 	14.0 	0.0 	0.0 	0.0 	-0.0 	14.0 	0.0 	0.0 	0.0 	12.8626190582	2.80056966027	160.300983388	-78.4333599636	
7.83333333333	0.0	0.0	0.0 	0.0 	169.666666667 	14.0 	0.0 	0.0 	0.0 	-0.0 	14.0 	0.0 	0.0 	0.0 	12.8670252395	2.80056966027	160.37270662	-78.6354608315	
7.85	0.0	0.0	0.0 	0.0 	169.9 	14.0 	0.0 	0.0 	0.0 	-0.0 	14.0 	0.0 	0.0 	0.0 	12.8713944042	2.80056966027	160.444454207	-78.8376303255	
7.86666666667	0.0	0.0	0.0 	0.0 	170.133333333 	14.0 	0.0 	0.0 	0.0 	-0.0 	14.0 	0.0 	0.0 	0.0 	12.8757268631	2.80056966027	160.516225944	-79.0398678688	
7.88333333333	0.0	0.0	0.0 	0.0 	170.366666667 	14.0 	0.0 	0.0 	0.0 	-0.0 	14.0 	0.0 	0.0 	0.0 	12.8800229247	2.80056966027	160.588021628	-79.2421728899	
7.9	0.0	0.0	0.0 	0.0 	170.6 	14.0 	0.0 	0.0 	0.0 	-0.0 	14.0 	0.0 	0.0 	0.0 	12.8842828947	2.80056966027	160.659841058	-79.4445448219	
7.91666666667	0.0	0.0	0.0 	0.0 	170.833333333 	14.0 	0.0 	0.0 	0.0 	-0.0 	14.0 	0.0 	0.0 	0.0 	12.8885070763	2.80056966027	160.731684035	-79.6469831026	
7.93333333333	0.0	0.0	0.0 	0.0 	171.066666667 	14.0 	0.0 	0.0 	0.0 	-0.0 	14.0 	0.0 	0.0 	0.0 	12.8926957703	2.80056966027	160.80355036	-79.8494871746	
7.95	0.0	0.0	0.0 	0.0 	171.3 	14.0 	0.0 	0.0 	0.0 	-0.0 	14.0 	0.0 	0.0 	0.0 	12.8968492746	2.80056966027	160.875439837	-80.0520564852	
7.96666666667	0.0	0.0	0.0 	0.0 	171.533333333 	14.0 	0.0 	0.0 	0.0 	-0.0 	14.0 	0.0 	0.0 	0.0 	12.9009678851	2.80056966027	160.947352272	-80.2546904864	
7.98333333333	0.0	0.0	0.0 	0.0 	171.766666667 	14.0 	0.0 	0.0 	0.0 	-0.0 	14.0 	0.0 	0.0 	0.0 	12.9050518947	2.80056966027	161.019287473	-80.4573886346	
8.0	0.0	0.0	0.0 	0.0 	172.0 	14.0 	0.0 	0.0 	0.0 	-0.0 	14.0 	0.0 	0.0 	0.0 	12.9091015942	2.80056966027	161.091245247	-80.660150391	
8.01666666667	0.0	0.0	0.0 	0.0 	172.233333333 	14.0 	0.0 	0.0 	0.0 	-0.0 	14.0 	0.0 	0.0 	0.0 	12.9131172719	2.80056966027	161.163225405	-80.8629752212	
8.03333333333	0.0	0.0	0.0 	0.0 	172.466666667 	14.0 	0.0 	0.0 	0.0 	-0.0 	14.0 	0.0 	0.0 	0.0 	12.9170992135	2.80056966027	161.235227759	-81.0658625952	
8.05	0.0	0.0	0.0 	0.0 	172.7 	14.0 	0.0 	0.0 	0.0 	-0.0 	14.0 	0.0 	0.0 	0.0 	12.9210477025	2.80056966027	161.307252123	-81.2688119877	
8.06666666667	0.0	0.0	0.0 	0.0 	172.933333333 	14.0 	0.0 	0.0 	0.0 	-0.0 	14.0 	0.0 	0.0 	0.0 	12.9249630199	2.80056966027	161.379298312	-81.4718228777	
8.08333333333	0.0	0.0	0.0 	0.0 	173.166666667 	14.0 	0.0 	0.0 	0.0 	-0.0 	14.0 	0.0 	0.0 	0.0 	12.9288454444	2.80056966027	161.451366142	-81.6748947484	
8.1	0.0	0.0	0.0 	0.0 	173.4 	14.0 	0.0 	0.0 	0.0 	-0.0 	14.0 	0.0 	0.0 	0.0 	12.9326952523	2.80056966027	161.523455431	-81.8780270877	
8.11666666667	0.0	0.0	0.0 	0.0 	173.633333333 	14.0 	0.0 	0.0 	0.0 	-0.0 	14.0 	0.0 	0.0 	0.0 	12.9365127177	2.80056966027	161.595566	-82.0812193874	
8.13333333333	0.0	0.0	0.0 	0.0 	173.866666667 	14.0 	0.0 	0.0 	0.0 	-0.0 	14.0 	0.0 	0.0 	0.0 	12.9402981122	2.80056966027	161.66769767	-82.2844711438	
8.15	0.0	0.0	0.0 	0.0 	174.1 	14.0 	0.0 	0.0 	0.0 	-0.0 	14.0 	0.0 	0.0 	0.0 	12.9440517053	2.80056966027	161.739850262	-82.4877818575	
8.16666666667	0.0	0.0	0.0 	0.0 	174.333333333 	14.0 	0.0 	0.0 	0.0 	-0.0 	14.0 	0.0 	0.0 	0.0 	12.9477737641	2.80056966027	161.812023602	-82.6911510332	
8.18333333333	0.0	0.0	0.0 	0.0 	174.566666667 	14.0 	0.0 	0.0 	0.0 	-0.0 	14.0 	0.0 	0.0 	0.0 	12.9514645537	2.80056966027	161.884217516	-82.8945781796	
8.2	0.0	0.0	0.0 	0.0 	174.8 	14.0 	0.0 	0.0 	0.0 	-0.0 	14.0 	0.0 	0.0 	0.0 	12.9551243365	2.80056966027	161.956431829	-83.0980628099	
8.21666666667	0.0	0.0	0.0 	0.0 	175.033333333 	14.0 	0.0 	0.0 	0.0 	-0.0 	14.0 	0.0 	0.0 	0.0 	12.9587533733	2.80056966027	162.028666372	-83.301604441	
8.23333333333	0.0	0.0	0.0 	0.0 	175.266666667 	14.0 	0.0 	0.0 	0.0 	-0.0 	14.0 	0.0 	0.0 	0.0 	12.9623519222	2.80056966027	162.100920973	-83.5052025941	
8.25	0.0	0.0	0.0 	0.0 	175.5 	14.0 	0.0 	0.0 	0.0 	-0.0 	14.0 	0.0 	0.0 	0.0 	12.9659202394	2.80056966027	162.173195465	-83.7088567943	
8.26666666667	0.0	0.0	0.0 	0.0 	175.733333333 	14.0 	0.0 	0.0 	0.0 	-0.0 	14.0 	0.0 	0.0 	0.0 	12.9694585788	2.80056966027	162.24548968	-83.9125665708	
8.28333333333	0.0	0.0	0.0 	0.0 	175.966666667 	14.0 	0.0 	0.0 	0.0 	-0.0 	14.0 	0.0 	0.0 	0.0 	12.9729671924	2.80056966027	162.317803453	-84.1163314567	
8.3	0.0	0.0	0.0 	0.0 	176.2 	14.0 	0.0 	0.0 	0.0 	-0.0 	14.0 	0.0 	0.0 	0.0 	12.9764463298	2.80056966027	162.39013662	-84.320150989	
8.31666666667	0.0	0.0	0.0 	0.0 	176.433333333 	14.0 	0.0 	0.0 	0.0 	-0.0 	14.0 	0.0 	0.0 	0.0 	12.9798962387	2.80056966027	162.462489017	-84.5240247086	
8.33333333333	0.0	0.0	0.0 	0.0 	176.666666667 	14.0 	0.0 	0.0 	0.0 	-0.0 	14.0 	0.0 	0.0 	0.0 	12.9833171646	2.80056966027	162.534860482	-84.7279521604	
8.35	0.0	0.0	0.0 	0.0 	176.9 	14.0 	0.0 	0.0 	0.0 	-0.0 	14.0 	0.0 	0.0 	0.0 	12.986709351	2.80056966027	162.607250857	-84.9319328927	
8.36666666667	0.0	0.0	0.0 	0.0 	177.133333333 	14.0 	0.0 	0.0 	0.0 	-0.0 	14.0 	0.0 	0.0 	0.0 	12.9900730394	2.80056966027	162.679659981	-85.1359664582	
8.38333333333	0.0	0.0	0.0 	0.0 	177.366666667 	14.0 	0.0 	0.0 	0.0 	-0.0 	14.0 	0.0 	0.0 	0.0 	12.9934084691	2.80056966027	162.752087698	-85.3400524128	
8.4	0.0	0.0	0.0 	0.0 	177.6 	14.0 	0.0 	0.0 	0.0 	-0.0 	14.0 	0.0 	0.0 	0.0 	12.9967158777	2.80056966027	162.82453385	-85.5441903166	
8.41666666667	0.0	0.0	0.0 	0.0 	177.833333333 	14.0 	0.0 	0.0 	0.0 	-0.0 	14.0 	0.0 	0.0 	0.0 	12.9999955004	2.80056966027	162.896998284	-85.748379733	
8.43333333333	0.0	0.0	0.0 	0.0 	178.066666667 	14.0 	0.0 	0.0 	0.0 	-0.0 	14.0 	0.0 	0.0 	0.0 	13.0032475707	2.80056966027	162.969480846	-85.9526202293	
8.45	0.0	0.0	0.0 	0.0 	178.3 	14.0 	0.0 	0.0 	0.0 	-0.0 	14.0 	0.0 	0.0 	0.0 	13.0064723201	2.80056966027	163.041981383	-86.1569113763	
8.46666666667	0.0	0.0	0.0 	0.0 	178.533333333 	14.0 	0.0 	0.0 	0.0 	-0.0 	14.0 	0.0 	0.0 	0.0 	13.0096699781	2.80056966027	163.114499744	-86.3612527486	
8.48333333333	0.0	0.0	0.0 	0.0 	178.766666667 	14.0 	0.0 	0.0 	0.0 	-0.0 	14.0 	0.0 	0.0 	0.0 	13.0128407723	2.80056966027	163.18703578	-86.5656439242	
8.5	0.0	0.0	0.0 	0.0 	179.0 	14.0 	0.0 	0.0 	0.0 	-0.0 	14.0 	0.0 	0.0 	0.0 	13.0159849284	2.80056966027	163.259589342	-86.7700844846	
8.51666666667	0.0	0.0	0.0 	0.0 	179.233333333 	14.0 	0.0 	0.0 	0.0 	-0.0 	14.0 	0.0 	0.0 	0.0 	13.0191026702	2.80056966027	163.332160283	-86.9745740151	
8.53333333333	0.0	0.0	0.0 	0.0 	179.466666667 	14.0 	0.0 	0.0 	0.0 	-0.0 	14.0 	0.0 	0.0 	0.0 	13.0221942196	2.80056966027	163.404748456	-87.1791121042	
8.55	0.0	0.0	0.0 	0.0 	179.7 	14.0 	0.0 	0.0 	0.0 	-0.0 	14.0 	0.0 	0.0 	0.0 	13.0252597966	2.80056966027	163.477353718	-87.383698344	
8.56666666667	0.0	0.0	0.0 	0.0 	179.933333333 	14.0 	0.0 	0.0 	0.0 	-0.0 	14.0 	0.0 	0.0 	0.0 	13.0282996195	2.80056966027	163.549975925	-87.5883323299	
8.58333333333	0.0	0.0	0.0 	0.0 	180.166666667 	14.0 	0.0 	0.0 	0.0 	-0.0 	14.0 	0.0 	0.0 	0.0 	13.0313139045	2.80056966027	163.622614933	-87.7930136608	
8.6	0.0	0.0	0.0 	0.0 	180.4 	14.0 	0.0 	0.0 	0.0 	-0.0 	14.0 	0.0 	0.0 	0.0 	13.0343028663	2.80056966027	163.695270603	-87.997741939	
8.61666666667	0.0	0.0	0.0 	0.0 	180.633333333 	14.0 	0.0 	0.0 	0.0 	-0.0 	14.0 	0.0 	0.0 	0.0 	13.0372667176	2.80056966027	163.767942794	-88.20251677	
8.63333333333	0.0	0.0	0.0 	0.0 	180.866666667 	14.0 	0.0 	0.0 	0.0 	-0.0 	14.0 	0.0 	0.0 	0.0 	13.0402056693	2.80056966027	163.840631367	-88.4073377629	
8.65	0.0	0.0	0.0 	0.0 	181.1 	14.0 	0.0 	0.0 	0.0 	-0.0 	14.0 	0.0 	0.0 	0.0 	13.0431199306	2.80056966027	163.913336184	-88.6122045296	
8.66666666667	0.0	0.0	0.0 	0.0 	181.333333333 	14.0 	0.0 	0.0 	0.0 	-0.0 	14.0 	0.0 	0.0 	0.0 	13.0460097089	2.80056966027	163.98605711	-88.8171166859	
8.68333333333	0.0	0.0	0.0 	0.0 	181.566666667 	14.0 	0.0 	0.0 	0.0 	-0.0 	14.0 	0.0 	0.0 	0.0 	13.04887521	2.80056966027	164.058794009	-89.0220738502	
8.7	0.0	0.0	0.0 	0.0 	181.8 	14.0 	0.0 	0.0 	0.0 	-0.0 	14.0 	0.0 	0.0 	0.0 	13.0517166378	2.80056966027	164.131546746	-89.2270756444	
8.71666666667	0.0	0.0	0.0 	0.0 	182.033333333 	14.0 	0.0 	0.0 	0.0 	-0.0 	14.0 	0.0 	0.0 	0.0 	13.0545341945	2.80056966027	164.204315189	-89.4321216937	
8.73333333333	0.0	0.0	0.0 	0.0 	182.266666667 	14.0 	0.0 	0.0 	0.0 	-0.0 	14.0 	0.0 	0.0 	0.0 	13.0573280807	2.80056966027	164.277099206	-89.6372116263	
8.75	0.0	0.0	0.0 	0.0 	182.5 	14.0 	0.0 	0.0 	0.0 	-0.0 	14.0 	0.0 	0.0 	0.0 	13.0600984952	2.80056966027	164.349898665	-89.8423450734	
8.76666666667	0.0	0.0	0.0 	0.0 	182.733333333 	14.0 	0.0 	0.0 	0.0 	-0.0 	14.0 	0.0 	0.0 	0.0 	13.0628456352	2.80056966027	164.422713437	-90.0475216696	
8.78333333333	0.0	0.0	0.0 	0.0 	182.966666667 	14.0 	0.0 	0.0 	0.0 	-0.0 	14.0 	0.0 	0.0 	0.0 	13.0655696962	2.80056966027	164.495543394	-90.2527410522	
8.8	0.0	0.0	0.0 	0.0 	183.2 	14.0 	0.0 	0.0 	0.0 	-0.0 	14.0 	0.0 	0.0 	0.0 	13.0682708722	2.80056966027	164.568388408	-90.4580028619	
8.81666666667	0.0	0.0	0.0 	0.0 	183.433333333 	14.0 	0.0 	0.0 	0.0 	-0.0 	14.0 	0.0 	0.0 	0.0 	13.0709493554	2.80056966027	164.641248352	-90.6633067423	
8.83333333333	0.0	0.0	0.0 	0.0 	183.666666667 	14.0 	0.0 	0.0 	0.0 	-0.0 	14.0 	0.0 	0.0 	0.0 	13.0736053364	2.80056966027	164.714123101	-90.8686523398	
8.85	0.0	0.0	0.0 	0.0 	183.9 	14.0 	0.0 	0.0 	0.0 	-0.0 	14.0 	0.0 	0.0 	0.0 	13.0762390044	2.80056966027	164.787012531	-91.074039304	
8.86666666667	0.0	0.0	0.0 	0.0 	184.133333333 	14.0 	0.0 	0.0 	0.0 	-0.0 	14.0 	0.0 	0.0 	0.0 	13.0788505466	2.80056966027	164.859916518	-91.2794672874	
8.88333333333	0.0	0.0	0.0 	0.0 	184.366666667 	14.0 	0.0 	0.0 	0.0 	-0.0 	14.0 	0.0 	0.0 	0.0 	13.081440149	2.80056966027	164.93283494	-91.4849359454	
8.9	0.0	0.0	0.0 	0.0 	184.6 	14.0 	0.0 	0.0 	0.0 	-0.0 	14.0 	0.0 	0.0 	0.0 	13.084007996	2.80056966027	165.005767675	-91.6904449363	
8.91666666667	0.0	0.0	0.0 	0.0 	184.833333333 	14.0 	0.0 	0.0 	0.0 	-0.0 	14.0 	0.0 	0.0 	0.0 	13.0865542703	2.80056966027	165.078714604	-91.8959939212	
8.93333333333	0.0	0.0	0.0 	0.0 	185.066666667 	14.0 	0.0 	0.0 	0.0 	-0.0 	14.0 	0.0 	0.0 	0.0 	13.0890791531	2.80056966027	165.151675607	-92.1015825642	
8.95	0.0	0.0	0.0 	0.0 	185.3 	14.0 	0.0 	0.0 	0.0 	-0.0 	14.0 	0.0 	0.0 	0.0 	13.0915828242	2.80056966027	165.224650566	-92.307210532	
8.96666666667	0.0	0.0	0.0 	0.0 	185.533333333 	14.0 	0.0 	0.0 	0.0 	-0.0 	14.0 	0.0 	0.0 	0.0 	13.0940654617	2.80056966027	165.297639364	-92.5128774943	
8.98333333333	0.0	0.0	0.0 	0.0 	185.766666667 	14.0 	0.0 	0.0 	0.0 	-0.0 	14.0 	0.0 	0.0 	0.0 	13.0965272424	2.80056966027	165.370641884	-92.7185831236	
9.0	0.0	0.0	0.0 	0.0 	186.0 	14.0 	0.0 	0.0 	0.0 	-0.0 	14.0 	0.0 	0.0 	0.0 	13.0989683415	2.80056966027	165.443658011	-92.9243270949	
9.01666666667	0.0	0.0	0.0 	0.0 	186.233333333 	14.0 	0.0 	0.0 	0.0 	-0.0 	14.0 	0.0 	0.0 	0.0 	13.1013889326	2.80056966027	165.516687631	-93.1301090861	
9.03333333333	0.0	0.0	0.0 	0.0 	186.466666667 	14.0 	0.0 	0.0 	0.0 	-0.0 	14.0 	0.0 	0.0 	0.0 	13.1037891882	2.80056966027	165.589730631	-93.3359287778	
9.05	0.0	0.0	0.0 	0.0 	186.7 	14.0 	0.0 	0.0 	0.0 	-0.0 	14.0 	0.0 	0.0 	0.0 	13.106169279	2.80056966027	165.662786897	-93.5417858534	
9.06666666667	0.0	0.0	0.0 	0.0 	186.933333333 	14.0 	0.0 	0.0 	0.0 	-0.0 	14.0 	0.0 	0.0 	0.0 	13.1085293745	2.80056966027	165.735856319	-93.7476799987	
9.08333333333	0.0	0.0	0.0 	0.0 	187.166666667 	14.0 	0.0 	0.0 	0.0 	-0.0 	14.0 	0.0 	0.0 	0.0 	13.1108696427	2.80056966027	165.808938787	-93.9536109024	
9.1	0.0	0.0	0.0 	0.0 	187.4 	14.0 	0.0 	0.0 	0.0 	-0.0 	14.0 	0.0 	0.0 	0.0 	13.11319025	2.80056966027	165.88203419	-94.1595782555	
9.11666666667	0.0	0.0	0.0 	0.0 	187.633333333 	14.0 	0.0 	0.0 	0.0 	-0.0 	14.0 	0.0 	0.0 	0.0 	13.1154913617	2.80056966027	165.955142419	-94.365581752	
9.13333333333	0.0	0.0	0.0 	0.0 	187.866666667 	14.0 	0.0 	0.0 	0.0 	-0.0 	14.0 	0.0 	0.0 	0.0 	13.1177731416	2.80056966027	166.028263368	-94.5716210881	
9.15	0.0	0.0	0.0 	0.0 	188.1 	14.0 	0.0 	0.0 	0.0 	-0.0 	14.0 	0.0 	0.0 	0.0 	13.1200357521	2.80056966027	166.101396929	-94.7776959627	
9.16666666667	0.0	0.0	0.0 	0.0 	188.333333333 	14.0 	0.0 	0.0 	0.0 	-0.0 	14.0 	0.0 	0.0 	0.0 	13.1222793541	2.80056966027	166.174542996	-94.9838060774	
9.18333333333	0.0	0.0	0.0 	0.0 	188.566666667 	14.0 	0.0 	0.0 	0.0 	-0.0 	14.0 	0.0 	0.0 	0.0 	13.1245041075	2.80056966027	166.247701465	-95.189951136	
9.2	0.0	0.0	0.0 	0.0 	188.8 	14.0 	0.0 	0.0 	0.0 	-0.0 	14.0 	0.0 	0.0 	0.0 	13.1267101706	2.80056966027	166.32087223	-95.3961308449	
9.21666666667	0.0	0.0	0.0 	0.0 	189.033333333 	14.0 	0.0 	0.0 	0.0 	-0.0 	14.0 	0.0 	0.0 	0.0 	13.1288977003	2.80056966027	166.394055189	-95.6023449132	
9.23333333333	0.0	0.0	0.0 	0.0 	189.266666667 	14.0 	0.0 	0.0 	0.0 	-0.0 	14.0 	0.0 	0.0 	0.0 	13.1310668524	2.80056966027	166.46725024	-95.808593052	
9.25	0.0	0.0	0.0 	0.0 	189.5 	14.0 	0.0 	0.0 	0.0 	-0.0 	14.0 	0.0 	0.0 	0.0 	13.1332177813	2.80056966027	166.54045728	-96.0148749753	
9.26666666667	0.0	0.0	0.0 	0.0 	189.733333333 	14.0 	0.0 	0.0 	0.0 	-0.0 	14.0 	0.0 	0.0 	0.0 	13.1353506401	2.80056966027	166.613676209	-96.2211903991	
9.28333333333	0.0	0.0	0.0 	0.0 	189.966666667 	14.0 	0.0 	0.0 	0.0 	-0.0 	14.0 	0.0 	0.0 	0.0 	13.1374655805	2.80056966027	166.686906927	-96.427539042	
9.3	0.0	0.0	0.0 	0.0 	190.2 	14.0 	0.0 	0.0 	0.0 	-0.0 	14.0 	0.0 	0.0 	0.0 	13.1395627531	2.80056966027	166.760149335	-96.633920625	
9.31666666667	0.0	0.0	0.0 	0.0 	190.433333333 	14.0 	0.0 	0.0 	0.0 	-0.0 	14.0 	0.0 	0.0 	0.0 	13.1416423072	2.80056966027	166.833403335	-96.8403348713	
9.33333333333	0.0	0.0	0.0 	0.0 	190.666666667 	14.0 	0.0 	0.0 	0.0 	-0.0 	14.0 	0.0 	0.0 	0.0 	13.1437043908	2.80056966027	166.90666883	-97.0467815065	
9.35	0.0	0.0	0.0 	0.0 	190.9 	14.0 	0.0 	0.0 	0.0 	-0.0 	14.0 	0.0 	0.0 	0.0 	13.1457491507	2.80056966027	166.979945722	-97.2532602585	
9.36666666667	0.0	0.0	0.0 	0.0 	191.133333333 	14.0 	0.0 	0.0 	0.0 	-0.0 	14.0 	0.0 	0.0 	0.0 	13.1477767323	2.80056966027	167.053233916	-97.4597708575	
9.38333333333	0.0	0.0	0.0 	0.0 	191.366666667 	14.0 	0.0 	0.0 	0.0 	-0.0 	14.0 	0.0 	0.0 	0.0 	13.1497872801	2.80056966027	167.126533318	-97.666313036	
9.4	0.0	0.0	0.0 	0.0 	191.6 	14.0 	0.0 	0.0 	0.0 	-0.0 	14.0 	0.0 	0.0 	0.0 	13.1517809371	2.80056966027	167.199843833	-97.8728865286	
9.41666666667	0.0	0.0	0.0 	0.0 	191.833333333 	14.0 	0.0 	0.0 	0.0 	-0.0 	14.0 	0.0 	0.0 	0.0 	13.1537578452	2.80056966027	167.273165367	-98.0794910722	
9.43333333333	0.0	0.0	0.0 	0.0 	192.066666667 	14.0 	0.0 	0.0 	0.0 	-0.0 	14.0 	0.0 	0.0 	0.0 	13.1557181452	2.80056966027	167.346497828	-98.286126406	
9.45	0.0	0.0	0.0 	0.0 	192.3 	14.0 	0.0 	0.0 	0.0 	-0.0 	14.0 	0.0 	0.0 	0.0 	13.1576619765	2.80056966027	167.419841125	-98.4927922714	
9.46666666667	0.0	0.0	0.0 	0.0 	192.533333333 	14.0 	0.0 	0.0 	0.0 	-0.0 	14.0 	0.0 	0.0 	0.0 	13.1595894775	2.80056966027	167.493195166	-98.6994884118	
9.48333333333	0.0	0.0	0.0 	0.0 	192.766666667 	14.0 	0.0 	0.0 	0.0 	-0.0 	14.0 	0.0 	0.0 	0.0 	13.1615007854	2.80056966027	167.566559861	-98.9062145729	
9.5	0.0	0.0	0.0 	0.0 	193.0 	14.0 	0.0 	0.0 	0.0 	-0.0 	14.0 	0.0 	0.0 	0.0 	13.1633960363	2.80056966027	167.63993512	-99.1129705025	
9.51666666667	0.0	0.0	0.0 	0.0 	193.233333333 	14.0 	0.0 	0.0 	0.0 	-0.0 	14.0 	0.0 	0.0 	0.0 	13.1652753649	2.80056966027	167.713320855	-99.3197559505	
9.53333333333	0.0	0.0	0.0 	0.0 	193.466666667 	14.0 	0.0 	0.0 	0.0 	-0.0 	14.0 	0.0 	0.0 	0.0 	13.1671389052	2.80056966027	167.786716978	-99.5265706689	
9.55	0.0	0.0	0.0 	0.0 	193.7 	14.0 	0.0 	0.0 	0.0 	-0.0 	14.0 	0.0 	0.0 	0.0 	13.1689867898	2.80056966027	167.860123402	-99.7334144118	
9.56666666667	0.0	0.0	0.0 	0.0 	193.933333333 	14.0 	0.0 	0.0 	0.0 	-0.0 	14.0 	0.0 	0.0 	0.0 	13.1708191501	2.80056966027	167.933540039	-99.9402869354	
9.58333333333	0.0	0.0	0.0 	0.0 	194.166666667 	14.0 	0.0 	0.0 	0.0 	-0.0 	14.0 	0.0 	0.0 	0.0 	13.1726361166	2.80056966027	168.006966804	-100.147187998	
9.6	0.0	0.0	0.0 	0.0 	194.4 	14.0 	0.0 	0.0 	0.0 	-0.0 	14.0 	0.0 	0.0 	0.0 	13.1744378186	2.80056966027	168.080403613	-100.354117359	
9.61666666667	0.0	0.0	0.0 	0.0 	194.633333333 	14.0 	0.0 	0.0 	0.0 	-0.0 	14.0 	0.0 	0.0 	0.0 	13.1762243843	2.80056966027	168.15385038	-100.561074782	
9.63333333333	0.0	0.0	0.0 	0.0 	194.866666667 	14.0 	0.0 	0.0 	0.0 	-0.0 	14.0 	0.0 	0.0 	0.0 	13.177995941	2.80056966027	168.227307022	-100.768060031	
9.65	0.0	0.0	0.0 	0.0 	195.1 	14.0 	0.0 	0.0 	0.0 	-0.0 	14.0 	0.0 	0.0 	0.0 	13.1797526147	2.80056966027	168.300773456	-100.975072871	
9.66666666667	0.0	0.0	0.0 	0.0 	195.333333333 	14.0 	0.0 	0.0 	0.0 	-0.0 	14.0 	0.0 	0.0 	0.0 	13.1814945304	2.80056966027	168.3742496	-101.182113072	
9.68333333333	0.0	0.0	0.0 	0.0 	195.566666667 	14.0 	0.0 	0.0 	0.0 	-0.0 	14.0 	0.0 	0.0 	0.0 	13.1832218121	2.80056966027	168.447735372	-101.389180403	
9.7	0.0	0.0	0.0 	0.0 	195.8 	14.0 	0.0 	0.0 	0.0 	-0.0 	14.0 	0.0 	0.0 	0.0 	13.1849345828	2.80056966027	168.521230691	-101.596274636	
9.71666666667	0.0	0.0	0.0 	0.0 	196.033333333 	14.0 	0.0 	0.0 	0.0 	-0.0 	14.0 	0.0 	0.0 	0.0 	13.1866329643	2.80056966027	168.594735477	-101.803395545	
9.73333333333	0.0	0.0	0.0 	0.0 	196.266666667 	14.0 	0.0 	0.0 	0.0 	-0.0 	14.0 	0.0 	0.0 	0.0 	13.1883170776	2.80056966027	168.668249651	-102.010542907	
9.75	0.0	0.0	0.0 	0.0 	196.5 	14.0 	0.0 	0.0 	0.0 	-0.0 	14.0 	0.0 	0.0 	0.0 	13.1899870426	2.80056966027	168.741773134	-102.217716498	
9.76666666667	0.0	0.0	0.0 	0.0 	196.733333333 	14.0 	0.0 	0.0 	0.0 	-0.0 	14.0 	0.0 	0.0 	0.0 	13.191642978	2.80056966027	168.815305847	-102.424916099	
9.78333333333	0.0	0.0	0.0 	0.0 	196.966666667 	14.0 	0.0 	0.0 	0.0 	-0.0 	14.0 	0.0 	0.0 	0.0 	13.1932850017	2.80056966027	168.888847713	-102.632141491	
9.8	0.0	0.0	0.0 	0.0 	197.2 	14.0 	0.0 	0.0 	0.0 	-0.0 	14.0 	0.0 	0.0 	0.0 	13.1949132307	2.80056966027	168.962398656	-102.839392458	
9.81666666667	0.0	0.0	0.0 	0.0 	197.433333333 	14.0 	0.0 	0.0 	0.0 	-0.0 	14.0 	0.0 	0.0 	0.0 	13.1965277808	2.80056966027	169.035958598	-103.046668784	
9.83333333333	0.0	0.0	0.0 	0.0 	197.666666667 	14.0 	0.0 	0.0 	0.0 	-0.0 	14.0 	0.0 	0.0 	0.0 	13.1981287669	2.80056966027	169.109527464	-103.253970256	
9.85	0.0	0.0	0.0 	0.0 	197.9 	14.0 	0.0 	0.0 	0.0 	-0.0 	14.0 	0.0 	0.0 	0.0 	13.199716303	2.80056966027	169.183105179	-103.461296664	
9.86666666667	0.0	0.0	0.0 	0.0 	198.133333333 	14.0 	0.0 	0.0 	0.0 	-0.0 	14.0 	0.0 	0.0 	0.0 	13.2012905021	2.80056966027	169.25669167	-103.668647798	
9.88333333333	0.0	0.0	0.0 	0.0 	198.366666667 	14.0 	0.0 	0.0 	0.0 	-0.0 	14.0 	0.0 	0.0 	0.0 	13.2028514762	2.80056966027	169.330286861	-103.876023449	
9.9	0.0	0.0	0.0 	0.0 	198.6 	14.0 	0.0 	0.0 	0.0 	-0.0 	14.0 	0.0 	0.0 	0.0 	13.2043993364	2.80056966027	169.403890681	-104.083423413	
9.91666666667	0.0	0.0	0.0 	0.0 	198.833333333 	14.0 	0.0 	0.0 	0.0 	-0.0 	14.0 	0.0 	0.0 	0.0 	13.205934193	2.80056966027	169.477503056	-104.290847484	
9.93333333333	0.0	0.0	0.0 	0.0 	199.066666667 	14.0 	0.0 	0.0 	0.0 	-0.0 	14.0 	0.0 	0.0 	0.0 	13.207456155	2.80056966027	169.551123915	-104.498295461	
9.95	0.0	0.0	0.0 	0.0 	199.3 	14.0 	0.0 	0.0 	0.0 	-0.0 	14.0 	0.0 	0.0 	0.0 	13.208965331	2.80056966027	169.624753186	-104.705767142	
9.96666666667	0.0	0.0	0.0 	0.0 	199.533333333 	14.0 	0.0 	0.0 	0.0 	-0.0 	14.0 	0.0 	0.0 	0.0 	13.2104618282	2.80056966027	169.698390799	-104.913262329	
9.98333333333	0.0	0.0	0.0 	0.0 	199.766666667 	14.0 	0.0 	0.0 	0.0 	-0.0 	14.0 	0.0 	0.0 	0.0 	13.2119457532	2.80056966027	169.772036684	-105.120780823	
