0.0166666666667	0.0	0.0	0.0 	0.0 	80.2 	12.0 	0.0 	0.0 	0.0 	0.0 	12.0 	0.0 	0.0 	0.0 	0.0	-1.46870967742	160.0	-5.67741935484	
0.0333333333333	0.0	0.0	0.0 	0.0 	80.4 	12.0 	0.0 	0.0 	0.0 	-0.0 	12.0 	0.0 	0.0 	0.0 	0.0	-1.46870967742	160.0	-5.67741935484	
0.05	0.0	0.0	0.0 	0.0 	80.6 	12.0 	0.0 	0.0 	0.0 	-0.0 	12.0 	0.0 	0.0 	0.0 	0.0	-1.46870967742	160.0	-5.67741935484	
0.0666666666667	0.0	0.0	0.0 	0.0 	80.8 	12.0 	0.0 	0.0 	0.0 	-0.0 	12.0 	0.0 	0.0 	0.0 	0.0	-1.46870967742	160.0	-5.67741935484	
0.0833333333333	0.0	0.0	0.0 	0.0 	81.0 	12.0 	0.0 	0.0 	0.0 	-0.0 	12.0 	0.0 	0.0 	0.0 	0.0	-1.46870967742	160.0	-5.67741935484	
0.1	0.0	0.0	0.0 	0.0 	81.2 	12.0 	0.0 	0.0 	0.0 	-0.0 	12.0 	0.0 	0.0 	0.0 	0.0	-1.46870967742	160.0	-5.67741935484	
0.116666666667	0.0	0.0	0.0 	0.0 	81.4 	12.0 	0.0 	0.0 	0.0 	-0.0 	12.0 	0.0 	0.0 	0.0 	0.0	-1.46870967742	160.0	-5.67741935484	
0.133333333333	0.0	0.0	0.0 	0.0 	81.6 	12.0 	0.0 	0.0 	0.0 	-0.0 	12.0 	0.0 	0.0 	0.0 	0.0	-1.46870967742	160.0	-5.67741935484	
0.15	0.0	0.0	0.0 	0.0 	81.8 	12.0 	0.0 	0.0 	0.0 	-0.0 	12.0 	0.0 	0.0 	0.0 	0.0	-1.46870967742	160.0	-5.67741935484	
0.166666666667	0.0	0.0	0.0 	0.0 	82.0 	12.0 	0.0 	0.0 	0.0 	-0.0 	12.0 	0.0 	0.0 	0.0 	0.0	-1.46870967742	160.0	-5.67741935484	
0.183333333333	0.0	0.0	0.0 	0.0 	82.2 	12.0 	0.0 	0.0 	0.0 	-0.0 	12.0 	0.0 	0.0 	0.0 	0.0	-1.46870967742	160.0	-5.67741935484	
0.2	0.0	0.0	0.0 	0.0 	82.4 	12.0 	0.0 	0.0 	0.0 	-0.0 	12.0 	0.0 	0.0 	0.0 	0.0	-1.46870967742	160.0	-5.67741935484	
0.216666666667	0.0	0.0	0.0 	0.0 	82.6 	12.0 	0.0 	0.0 	0.0 	-0.0 	12.0 	0.0 	0.0 	0.0 	0.0	-1.46870967742	160.0	-5.67741935484	
0.233333333333	0.0	0.0	0.0 	0.0 	82.8 	12.0 	0.0 	0.0 	0.0 	-0.0 	12.0 	0.0 	0.0 	0.0 	0.0	-1.46870967742	160.0	-5.67741935484	
0.25	0.0	0.0	0.0 	0.0 	83.0 	12.0 	0.0 	0.0 	0.0 	-0.0 	12.0 	0.0 	0.0 	0.0 	0.0	-1.46870967742	160.0	-5.67741935484	
0.266666666667	0.0	0.0	0.0 	0.0 	83.2 	12.0 	0.0 	0.0 	0.0 	-0.0 	12.0 	0.0 	0.0 	0.0 	0.0	-1.46870967742	160.0	-5.67741935484	
0.283333333333	0.0	0.0	0.0 	0.0 	83.4 	12.0 	0.0 	0.0 	0.0 	-0.0 	12.0 	0.0 	0.0 	0.0 	0.0	-1.46870967742	160.0	-5.67741935484	
0.3	0.0	0.0	0.0 	0.0 	83.6 	12.0 	0.0 	0.0 	0.0 	-0.0 	12.0 	0.0 	0.0 	0.0 	0.0	-1.46870967742	160.0	-5.67741935484	
0.316666666667	0.0	0.0	0.0 	0.0 	83.8 	12.0 	0.0 	0.0 	0.0 	-0.0 	12.0 	0.0 	0.0 	0.0 	0.0	-1.46870967742	160.0	-5.67741935484	
0.333333333333	0.0	0.0	0.0 	0.0 	84.0 	12.0 	0.0 	0.0 	0.0 	-0.0 	12.0 	0.0 	0.0 	0.0 	0.0	-1.46870967742	160.0	-5.67741935484	
0.35	0.0	0.0	0.0 	0.0 	84.2 	12.0 	0.0 	0.0 	0.0 	-0.0 	12.0 	0.0 	0.0 	0.0 	0.0	-1.46870967742	160.0	-5.67741935484	
0.366666666667	0.0	0.0	0.0 	0.0 	84.4 	12.0 	0.0 	0.0 	0.0 	-0.0 	12.0 	0.0 	0.0 	0.0 	0.0	-1.46870967742	160.0	-5.67741935484	
0.383333333333	0.0	0.0	0.0 	0.0 	84.6 	12.0 	0.0 	0.0 	0.0 	-0.0 	12.0 	0.0 	0.0 	0.0 	0.0	-1.46870967742	160.0	-5.67741935484	
0.4	0.0	0.0	0.0 	0.0 	84.8 	12.0 	0.0 	0.0 	0.0 	-0.0 	12.0 	0.0 	0.0 	0.0 	0.0	-1.46870967742	160.0	-5.67741935484	
0.416666666667	0.0	0.0	0.0 	0.0 	85.0 	12.0 	0.0 	0.0 	0.0 	-0.0 	12.0 	0.0 	0.0 	0.0 	0.0	-1.46870967742	160.0	-5.67741935484	
0.433333333333	0.0	0.0	0.0 	0.0 	85.2 	12.0 	0.0 	0.0 	0.0 	-0.0 	12.0 	0.0 	0.0 	0.0 	0.0	-1.46870967742	160.0	-5.67741935484	
0.45	0.0	0.0	0.0 	0.0 	85.4 	12.0 	0.0 	0.0 	0.0 	-0.0 	12.0 	0.0 	0.0 	0.0 	0.0	-1.46870967742	160.0	-5.67741935484	
0.466666666667	0.0	0.0	0.0 	0.0 	85.6 	12.0 	0.0 	0.0 	0.0 	-0.0 	12.0 	0.0 	0.0 	0.0 	0.0	-1.46870967742	160.0	-5.67741935484	
0.483333333333	0.0	0.0	0.0 	0.0 	85.8 	12.0 	0.0 	0.0 	0.0 	-0.0 	12.0 	0.0 	0.0 	0.0 	0.0	-1.46870967742	160.0	-5.67741935484	
0.5	0.0	0.0	0.0 	0.0 	86.0 	12.0 	0.0 	0.0 	0.0 	-0.0 	12.0 	0.0 	0.0 	0.0 	0.0	-1.46870967742	160.0	-5.67741935484	
0.516666666667	0.0	0.0	0.0 	0.0 	86.2 	12.0 	0.0 	0.0 	0.0 	-0.0 	12.0 	0.0 	0.0 	0.0 	0.0	-1.46870967742	160.0	-5.67741935484	
0.533333333333	0.0	0.0	0.0 	0.0 	86.4 	12.0 	0.0 	0.0 	0.0 	-0.0 	12.0 	0.0 	0.0 	0.0 	0.0	-1.46870967742	160.0	-5.67741935484	
0.55	0.0	0.0	0.0 	0.0 	86.6 	12.0 	0.0 	0.0 	0.0 	-0.0 	12.0 	0.0 	0.0 	0.0 	0.0	-1.46870967742	160.0	-5.67741935484	
0.566666666667	0.0	0.0	0.0 	0.0 	86.8 	12.0 	0.0 	0.0 	0.0 	-0.0 	12.0 	0.0 	0.0 	0.0 	0.0	-1.46870967742	160.0	-5.67741935484	
0.583333333333	0.0	0.0	0.0 	0.0 	87.0 	12.0 	0.0 	0.0 	0.0 	-0.0 	12.0 	0.0 	0.0 	0.0 	0.0	-1.46870967742	160.0	-5.67741935484	
0.6	0.0	0.0	0.0 	0.0 	87.2 	12.0 	0.0 	0.0 	0.0 	-0.0 	12.0 	0.0 	0.0 	0.0 	0.0	-1.46870967742	160.0	-5.67741935484	
0.616666666667	0.0	0.0	0.0 	0.0 	87.4 	12.0 	0.0 	0.0 	0.0 	-0.0 	12.0 	0.0 	0.0 	0.0 	0.0	-1.46870967742	160.0	-5.67741935484	
0.633333333333	0.0	0.0	0.0 	0.0 	87.6 	12.0 	0.0 	0.0 	0.0 	-0.0 	12.0 	0.0 	0.0 	0.0 	0.0	-1.46870967742	160.0	-5.67741935484	
0.65	0.0	0.0	0.0 	0.0 	87.8 	12.0 	0.0 	0.0 	0.0 	-0.0 	12.0 	0.0 	0.0 	0.0 	0.0	-1.46870967742	160.0	-5.67741935484	
0.666666666667	0.0	0.0	0.0 	0.0 	88.0 	12.0 	0.0 	0.0 	0.0 	-0.0 	12.0 	0.0 	0.0 	0.0 	0.0	-1.46870967742	160.0	-5.67741935484	
0.683333333333	0.0	0.0	0.0 	0.0 	88.2 	12.0 	0.0 	0.0 	0.0 	-0.0 	12.0 	0.0 	0.0 	0.0 	0.0	-1.46870967742	160.0	-5.67741935484	
0.7	0.0	0.0	0.0 	0.0 	88.4 	12.0 	0.0 	0.0 	0.0 	-0.0 	12.0 	0.0 	0.0 	0.0 	0.0	-1.46870967742	160.0	-5.67741935484	
0.716666666667	0.0	0.0	0.0 	0.0 	88.6 	12.0 	0.0 	0.0 	0.0 	-0.0 	12.0 	0.0 	0.0 	0.0 	0.0	-1.46870967742	160.0	-5.67741935484	
0.733333333333	0.0	0.0	0.0 	0.0 	88.8 	12.0 	0.0 	0.0 	0.0 	-0.0 	12.0 	0.0 	0.0 	0.0 	0.0	-1.46870967742	160.0	-5.67741935484	
0.75	0.0	0.0	0.0 	0.0 	89.0 	12.0 	0.0 	0.0 	0.0 	-0.0 	12.0 	0.0 	0.0 	0.0 	0.0	-1.46870967742	160.0	-5.67741935484	
0.766666666667	0.0	0.0	0.0 	0.0 	89.2 	12.0 	0.0 	0.0 	0.0 	-0.0 	12.0 	0.0 	0.0 	0.0 	0.0	-1.46870967742	160.0	-5.67741935484	
0.783333333333	0.0	0.0	0.0 	0.0 	89.4 	12.0 	0.0 	0.0 	0.0 	-0.0 	12.0 	0.0 	0.0 	0.0 	0.0	-1.46870967742	160.0	-5.67741935484	
0.8	0.0	0.0	0.0 	0.0 	89.6 	12.0 	0.0 	0.0 	0.0 	-0.0 	12.0 	0.0 	0.0 	0.0 	0.0	-1.46870967742	160.0	-5.67741935484	
0.816666666667	0.0	0.0	0.0 	0.0 	89.8 	12.0 	0.0 	0.0 	0.0 	-0.0 	12.0 	0.0 	0.0 	0.0 	0.0	-1.46870967742	160.0	-5.67741935484	
0.833333333333	0.0	0.0	0.0 	0.0 	90.0 	12.0 	0.0 	0.0 	0.0 	-0.0 	12.0 	0.0 	0.0 	0.0 	0.0	-1.46870967742	160.0	-5.67741935484	
0.85	0.0	0.0	0.0 	0.0 	90.2 	12.0 	0.0 	0.0 	0.0 	-0.0 	12.0 	0.0 	0.0 	0.0 	0.0	-1.46870967742	160.0	-5.67741935484	
0.866666666667	0.0	0.0	0.0 	0.0 	90.4 	12.0 	0.0 	0.0 	0.0 	-0.0 	12.0 	0.0 	0.0 	0.0 	0.0	-1.46870967742	160.0	-5.67741935484	
0.883333333333	0.0	0.0	0.0 	0.0 	90.6 	12.0 	0.0 	0.0 	0.0 	-0.0 	12.0 	0.0 	0.0 	0.0 	0.0	-1.46870967742	160.0	-5.67741935484	
0.9	0.0	0.0	0.0 	0.0 	90.8 	12.0 	0.0 	0.0 	0.0 	-0.0 	12.0 	0.0 	0.0 	0.0 	0.0	-1.46870967742	160.0	-5.67741935484	
0.916666666667	0.0	0.0	0.0 	0.0 	91.0 	12.0 	0.0 	0.0 	0.0 	-0.0 	12.0 	0.0 	0.0 	0.0 	0.0	-1.46870967742	160.0	-5.67741935484	
0.933333333333	0.0	0.0	0.0 	0.0 	91.2 	12.0 	0.0 	0.0 	0.0 	-0.0 	12.0 	0.0 	0.0 	0.0 	0.0	-1.46870967742	160.0	-5.67741935484	
0.95	0.0	0.0	0.0 	0.0 	91.4 	12.0 	0.0 	0.0 	0.0 	-0.0 	12.0 	0.0 	0.0 	0.0 	0.0	-1.46870967742	160.0	-5.67741935484	
0.966666666667	0.0	0.0	0.0 	0.0 	91.6 	12.0 	0.0 	0.0 	0.0 	-0.0 	12.0 	0.0 	0.0 	0.0 	0.0	-1.46870967742	160.0	-5.67741935484	
0.983333333333	0.0	0.0	0.0 	0.0 	91.8 	12.0 	0.0 	0.0 	0.0 	-0.0 	12.0 	0.0 	0.0 	0.0 	0.0	-1.46870967742	160.0	-5.67741935484	
1.0	0.0	0.0	0.0 	0.0 	92.0 	12.0 	0.0 	0.0 	0.0 	-0.0 	12.0 	0.0 	0.0 	0.0 	0.0	-1.46870967742	160.0	-5.67741935484	
1.01666666667	0.0	0.0	0.0 	0.0 	92.2 	12.0 	0.0 	0.0 	0.0 	-0.0 	12.0 	0.0 	0.0 	0.0 	0.0	-1.46870967742	160.0	-5.67741935484	
1.03333333333	0.0	0.0	0.0 	0.0 	92.4 	12.0 	0.0 	0.0 	0.0 	-0.0 	12.0 	0.0 	0.0 	0.0 	0.0	-1.46870967742	160.0	-5.67741935484	
1.05	0.0	0.0	0.0 	0.0 	92.6 	12.0 	0.0 	0.0 	0.0 	-0.0 	12.0 	0.0 	0.0 	0.0 	0.0	-1.46870967742	160.0	-5.67741935484	
1.06666666667	0.0	0.0	0.0 	0.0 	92.8 	12.0 	0.0 	0.0 	0.0 	-0.0 	12.0 	0.0 	0.0 	0.0 	0.0	-1.46870967742	160.0	-5.67741935484	
1.08333333333	0.0	0.0	0.0 	0.0 	93.0 	12.0 	0.0 	0.0 	0.0 	-0.0 	12.0 	0.0 	0.0 	0.0 	0.0	-1.46870967742	160.0	-5.67741935484	
1.1	0.0	0.0	0.0 	0.0 	93.2 	12.0 	0.0 	0.0 	0.0 	-0.0 	12.0 	0.0 	0.0 	0.0 	0.0	-1.46870967742	160.0	-5.67741935484	
1.11666666667	0.0	0.0	0.0 	0.0 	93.4 	12.0 	0.0 	0.0 	0.0 	-0.0 	12.0 	0.0 	0.0 	0.0 	0.0	-1.46870967742	160.0	-5.67741935484	
1.13333333333	0.0	0.0	0.0 	0.0 	93.6 	12.0 	0.0 	0.0 	0.0 	-0.0 	12.0 	0.0 	0.0 	0.0 	0.0	-1.46870967742	160.0	-5.67741935484	
1.15	0.0	0.0	0.0 	0.0 	93.8 	12.0 	0.0 	0.0 	0.0 	-0.0 	12.0 	0.0 	0.0 	0.0 	0.0	-1.46870967742	160.0	-5.67741935484	
1.16666666667	0.0	0.0	0.0 	0.0 	94.0 	12.0 	0.0 	0.0 	0.0 	-0.0 	12.0 	0.0 	0.0 	0.0 	0.0	-1.46870967742	160.0	-5.67741935484	
1.18333333333	0.0	0.0	0.0 	0.0 	94.2 	12.0 	0.0 	0.0 	0.0 	-0.0 	12.0 	0.0 	0.0 	0.0 	0.0	-1.46870967742	160.0	-5.67741935484	
1.2	0.0	0.0	0.0 	0.0 	94.4 	12.0 	0.0 	0.0 	0.0 	-0.0 	12.0 	0.0 	0.0 	0.0 	0.0	-1.46870967742	160.0	-5.67741935484	
1.21666666667	0.0	0.0	0.0 	0.0 	94.6 	12.0 	0.0 	0.0 	0.0 	-0.0 	12.0 	0.0 	0.0 	0.0 	0.0	-1.46870967742	160.0	-5.67741935484	
1.23333333333	0.0	0.0	0.0 	0.0 	94.8 	12.0 	0.0 	0.0 	0.0 	-0.0 	12.0 	0.0 	0.0 	0.0 	0.0	-1.46870967742	160.0	-5.67741935484	
1.25	0.0	0.0	0.0 	0.0 	95.0 	12.0 	0.0 	0.0 	0.0 	-0.0 	12.0 	0.0 	0.0 	0.0 	0.0	-1.46870967742	160.0	-5.67741935484	
1.26666666667	0.0	0.0	0.0 	0.0 	95.2 	12.0 	0.0 	0.0 	0.0 	-0.0 	12.0 	0.0 	0.0 	0.0 	0.0	-1.46870967742	160.0	-5.67741935484	
1.28333333333	0.0	0.0	0.0 	0.0 	95.4 	12.0 	0.0 	0.0 	0.0 	-0.0 	12.0 	0.0 	0.0 	0.0 	0.0	-1.46870967742	160.0	-5.67741935484	
1.3	0.0	0.0	0.0 	0.0 	95.6 	12.0 	0.0 	0.0 	0.0 	-0.0 	12.0 	0.0 	0.0 	0.0 	0.0	-1.46870967742	160.0	-5.67741935484	
1.31666666667	0.0	0.0	0.0 	0.0 	95.8 	12.0 	0.0 	0.0 	0.0 	-0.0 	12.0 	0.0 	0.0 	0.0 	0.0	-1.46870967742	160.0	-5.67741935484	
1.33333333333	0.0	0.0	0.0 	0.0 	96.0 	12.0 	0.0 	0.0 	0.0 	-0.0 	12.0 	0.0 	0.0 	0.0 	0.0	-1.46870967742	160.0	-5.67741935484	
1.35	0.0	0.0	0.0 	0.0 	96.2 	12.0 	0.0 	0.0 	0.0 	-0.0 	12.0 	0.0 	0.0 	0.0 	0.0	-1.46870967742	160.0	-5.67741935484	
1.36666666667	0.0	0.0	0.0 	0.0 	96.4 	12.0 	0.0 	0.0 	0.0 	-0.0 	12.0 	0.0 	0.0 	0.0 	0.0	-1.46870967742	160.0	-5.67741935484	
1.38333333333	0.0	0.0	0.0 	0.0 	96.6 	12.0 	0.0 	0.0 	0.0 	-0.0 	12.0 	0.0 	0.0 	0.0 	0.0	-1.46870967742	160.0	-5.67741935484	
1.4	0.0	0.0	0.0 	0.0 	96.8 	12.0 	0.0 	0.0 	0.0 	-0.0 	12.0 	0.0 	0.0 	0.0 	0.0	-1.46870967742	160.0	-5.67741935484	
1.41666666667	0.0	0.0	0.0 	0.0 	97.0 	12.0 	0.0 	0.0 	0.0 	-0.0 	12.0 	0.0 	0.0 	0.0 	0.0	-1.46870967742	160.0	-5.67741935484	
1.43333333333	0.0	0.0	0.0 	0.0 	97.2 	12.0 	0.0 	0.0 	0.0 	-0.0 	12.0 	0.0 	0.0 	0.0 	0.0	-1.46870967742	160.0	-5.67741935484	
1.45	0.0	0.0	0.0 	0.0 	97.4 	12.0 	0.0 	0.0 	0.0 	-0.0 	12.0 	0.0 	0.0 	0.0 	0.0	-1.46870967742	160.0	-5.67741935484	
1.46666666667	0.0	0.0	0.0 	0.0 	97.6 	12.0 	0.0 	0.0 	0.0 	-0.0 	12.0 	0.0 	0.0 	0.0 	0.0	-1.46870967742	160.0	-5.67741935484	
1.48333333333	0.0	0.0	0.0 	0.0 	97.8 	12.0 	0.0 	0.0 	0.0 	-0.0 	12.0 	0.0 	0.0 	0.0 	0.0	-1.46870967742	160.0	-5.67741935484	
1.5	0.0	0.0	0.0 	0.0 	98.0 	12.0 	0.0 	0.0 	0.0 	-0.0 	12.0 	0.0 	0.0 	0.0 	0.0	-1.46870967742	160.0	-5.67741935484	
1.51666666667	0.0	0.0	0.0 	0.0 	98.2 	12.0 	0.0 	0.0 	0.0 	-0.0 	12.0 	0.0 	0.0 	0.0 	0.0	-1.46870967742	160.0	-5.67741935484	
1.53333333333	0.0	0.0	0.0 	0.0 	98.4 	12.0 	0.0 	0.0 	0.0 	-0.0 	12.0 	0.0 	0.0 	0.0 	0.0	-1.46870967742	160.0	-5.67741935484	
1.55	0.0	0.0	0.0 	0.0 	98.6 	12.0 	0.0 	0.0 	0.0 	-0.0 	12.0 	0.0 	0.0 	0.0 	0.0	-1.46870967742	160.0	-5.67741935484	
1.56666666667	0.0	0.0	0.0 	0.0 	98.8 	12.0 	0.0 	0.0 	0.0 	-0.0 	12.0 	0.0 	0.0 	0.0 	0.0	-1.46870967742	160.0	-5.67741935484	
1.58333333333	0.0	0.0	0.0 	0.0 	99.0 	12.0 	0.0 	0.0 	0.0 	-0.0 	12.0 	0.0 	0.0 	0.0 	0.0	-1.46870967742	160.0	-5.67741935484	
1.6	0.0	0.0	0.0 	0.0 	99.2 	12.0 	0.0 	0.0 	0.0 	-0.0 	12.0 	0.0 	0.0 	0.0 	0.0	-1.46870967742	160.0	-5.67741935484	
1.61666666667	0.0	0.0	0.0 	0.0 	99.4 	12.0 	0.0 	0.0 	0.0 	-0.0 	12.0 	0.0 	0.0 	0.0 	0.0	-1.46870967742	160.0	-5.67741935484	
1.63333333333	0.0	0.0	0.0 	0.0 	99.6 	12.0 	0.0 	0.0 	0.0 	-0.0 	12.0 	0.0 	0.0 	0.0 	0.0	-1.46870967742	160.0	-5.67741935484	
1.65	0.0	0.0	0.0 	0.0 	99.8 	12.0 	0.0 	0.0 	0.0 	-0.0 	12.0 	0.0 	0.0 	0.0 	0.0	-1.46870967742	160.0	-5.67741935484	
1.66666666667	0.0	0.0	0.0 	0.0 	100.0 	12.0 	0.0 	0.0 	0.0 	-0.0 	12.0 	0.0 	0.0 	0.0 	0.0813648293963	-1.46870967742	159.99865098	-5.67728115746	
1.68333333333	0.0	0.0	0.0 	0.0 	100.2 	12.0 	0.0 	0.0 	0.0 	-0.0 	12.0 	0.0 	0.0 	0.0 	0.1614056117	-1.46870967742	159.995974892	-5.67700701158	
1.7	0.0	0.0	0.0 	0.0 	100.4 	12.0 	0.0 	0.0 	0.0 	-0.0 	12.0 	0.0 	0.0 	0.0 	0.240143893085	-1.46870967742	159.991993331	-5.67659912949	
1.71666666667	0.0	0.0	0.0 	0.0 	100.6 	12.0 	0.0 	0.0 	0.0 	-0.0 	12.0 	0.0 	0.0 	0.0 	0.317600869103	-1.46870967742	159.986727542	-5.67605968747	
1.73333333333	0.0	0.0	0.0 	0.0 	100.8 	12.0 	0.0 	0.0 	0.0 	-0.0 	12.0 	0.0 	0.0 	0.0 	0.393797390393	-1.46870967742	159.980198423	-5.67539082639	
1.75	0.0	0.0	0.0 	0.0 	101.0 	12.0 	0.0 	0.0 	0.0 	-0.0 	12.0 	0.0 	0.0 	0.0 	0.468753968292	-1.46870967742	159.972426532	-5.67459465229	
1.76666666667	0.0	0.0	0.0 	0.0 	101.2 	12.0 	0.0 	0.0 	0.0 	-0.0 	12.0 	0.0 	0.0 	0.0 	0.542490780356	-1.46870967742	159.963432092	-5.67367323692	
1.78333333333	0.0	0.0	0.0 	0.0 	101.4 	12.0 	0.0 	0.0 	0.0 	-0.0 	12.0 	0.0 	0.0 	0.0 	0.615027675794	-1.46870967742	159.953234997	-5.67262861833	
1.8	0.0	0.0	0.0 	0.0 	101.6 	12.0 	0.0 	0.0 	0.0 	-0.0 	12.0 	0.0 	0.0 	0.0 	0.686384180808	-1.46870967742	159.94185482	-5.6714628014	
1.81666666667	0.0	0.0	0.0 	0.0 	101.8 	12.0 	0.0 	0.0 	0.0 	-0.0 	12.0 	0.0 	0.0 	0.0 	0.756579503849	-1.46870967742	159.929310811	-5.6701777584	
1.83333333333	0.0	0.0	0.0 	0.0 	102.0 	12.0 	0.0 	0.0 	0.0 	-0.0 	12.0 	0.0 	0.0 	0.0 	0.825632540795	-1.46870967742	159.915621911	-5.66877542947	
1.85	0.0	0.0	0.0 	0.0 	102.2 	12.0 	0.0 	0.0 	0.0 	-0.0 	12.0 	0.0 	0.0 	0.0 	0.893561880026	-1.46870967742	159.900806749	-5.66725772322	
1.86666666667	0.0	0.0	0.0 	0.0 	102.4 	12.0 	0.0 	0.0 	0.0 	-0.0 	12.0 	0.0 	0.0 	0.0 	0.960385807438	-1.46870967742	159.884883653	-5.66562651716	
1.88333333333	0.0	0.0	0.0 	0.0 	102.6 	12.0 	0.0 	0.0 	0.0 	-0.0 	12.0 	0.0 	0.0 	0.0 	1.02612231136	-1.46870967742	159.867870654	-5.66388365829	
1.9	0.0	0.0	0.0 	0.0 	102.8 	12.0 	0.0 	0.0 	0.0 	-0.0 	12.0 	0.0 	0.0 	0.0 	1.09078908739	-1.46870967742	159.849785485	-5.66203096352	
1.91666666667	0.0	0.0	0.0 	0.0 	103.0 	12.0 	0.0 	0.0 	0.0 	-0.0 	12.0 	0.0 	0.0 	0.0 	1.15440354319	-1.46870967742	159.830645596	-5.66007022021	
1.93333333333	0.0	0.0	0.0 	0.0 	103.2 	12.0 	0.0 	0.0 	0.0 	-0.0 	12.0 	0.0 	0.0 	0.0 	1.21698280312	-1.46870967742	159.810468149	-5.65800318663	
1.95	0.0	0.0	0.0 	0.0 	103.4 	12.0 	0.0 	0.0 	0.0 	-0.0 	12.0 	0.0 	0.0 	0.0 	1.27854371288	-1.46870967742	159.789270029	-5.65583159244	
1.96666666667	0.0	0.0	0.0 	0.0 	103.6 	12.0 	0.0 	0.0 	0.0 	-0.0 	12.0 	0.0 	0.0 	0.0 	1.33910284406	-1.46870967742	159.767067845	-5.65355713915	
1.98333333333	0.0	0.0	0.0 	0.0 	103.8 	12.0 	0.0 	0.0 	0.0 	-0.0 	12.0 	0.0 	0.0 	0.0 	1.39867649857	-1.46870967742	159.743877936	-5.65118150057	
2.0	0.0	0.0	0.0 	0.0 	104.0 	12.0 	0.0 	0.0 	0.0 	-0.0 	12.0 	0.0 	0.0 	0.0 	1.45728071303	-1.46870967742	159.719716375	-5.64870632331	
2.01666666667	0.0	0.0	0.0 	0.0 	104.2 	12.0 	0.0 	0.0 	0.0 	-0.0 	12.0 	0.0 	0.0 	0.0 	1.51493126311	-1.46870967742	159.694598975	-5.64613322713	
2.03333333333	0.0	0.0	0.0 	0.0 	104.4 	12.0 	0.0 	0.0 	0.0 	-0.0 	12.0 	0.0 	0.0 	0.0 	1.57164366775	-1.46870967742	159.668541288	-5.64346380549	
2.05	0.0	0.0	0.0 	0.0 	104.6 	12.0 	0.0 	0.0 	0.0 	-0.0 	12.0 	0.0 	0.0 	0.0 	1.62743319336	-1.46870967742	159.641558617	-5.64069962587	
2.06666666667	0.0	0.0	0.0 	0.0 	104.8 	12.0 	0.0 	0.0 	0.0 	-0.0 	12.0 	0.0 	0.0 	0.0 	1.68231485793	-1.46870967742	159.613666014	-5.63784223027	
2.08333333333	0.0	0.0	0.0 	0.0 	105.0 	12.0 	0.0 	0.0 	0.0 	-0.0 	12.0 	0.0 	0.0 	0.0 	1.73630343505	-1.46870967742	159.584878286	-5.6348931356	
2.1	0.0	0.0	0.0 	0.0 	105.2 	12.0 	0.0 	0.0 	0.0 	-0.0 	12.0 	0.0 	0.0 	0.0 	1.78941345789	-1.46870967742	159.555209999	-5.63185383406	
2.11666666667	0.0	0.0	0.0 	0.0 	105.4 	12.0 	0.0 	0.0 	0.0 	-0.0 	12.0 	0.0 	0.0 	0.0 	1.84165922314	-1.46870967742	159.524675483	-5.62872579359	
2.13333333333	0.0	0.0	0.0 	0.0 	105.6 	12.0 	0.0 	0.0 	0.0 	-0.0 	12.0 	0.0 	0.0 	0.0 	1.89305479484	-1.46870967742	159.493288834	-5.62551045824	
2.15	0.0	0.0	0.0 	0.0 	105.8 	12.0 	0.0 	0.0 	0.0 	-0.0 	12.0 	0.0 	0.0 	0.0 	1.94361400815	-1.46870967742	159.461063918	-5.62220924855	
2.16666666667	0.0	0.0	0.0 	0.0 	106.0 	12.0 	0.0 	0.0 	0.0 	-0.0 	12.0 	0.0 	0.0 	0.0 	1.99335047311	-1.46870967742	159.428014377	-5.61882356195	
2.18333333333	0.0	0.0	0.0 	0.0 	106.2 	12.0 	0.0 	0.0 	0.0 	-0.0 	12.0 	0.0 	0.0 	0.0 	2.04227757827	-1.46870967742	159.39415363	-5.61535477314	
2.2	0.0	0.0	0.0 	0.0 	106.4 	12.0 	0.0 	0.0 	0.0 	-0.0 	12.0 	0.0 	0.0 	0.0 	2.09040849432	-1.46870967742	159.359494877	-5.61180423443	
2.21666666667	0.0	0.0	0.0 	0.0 	106.6 	12.0 	0.0 	0.0 	0.0 	-0.0 	12.0 	0.0 	0.0 	0.0 	2.13775617762	-1.46870967742	159.324051105	-5.60817327613	
2.23333333333	0.0	0.0	0.0 	0.0 	106.8 	12.0 	0.0 	0.0 	0.0 	-0.0 	12.0 	0.0 	0.0 	0.0 	2.18433337368	-1.46870967742	159.287835088	-5.60446320692	
2.25	0.0	0.0	0.0 	0.0 	107.0 	12.0 	0.0 	0.0 	0.0 	-0.0 	12.0 	0.0 	0.0 	0.0 	2.23015262061	-1.46870967742	159.250859392	-5.60067531415	
2.26666666667	0.0	0.0	0.0 	0.0 	107.2 	12.0 	0.0 	0.0 	0.0 	-0.0 	12.0 	0.0 	0.0 	0.0 	2.27522625251	-1.46870967742	159.213136381	-5.59681086426	
2.28333333333	0.0	0.0	0.0 	0.0 	107.4 	12.0 	0.0 	0.0 	0.0 	-0.0 	12.0 	0.0 	0.0 	0.0 	2.31956640273	-1.46870967742	159.174678214	-5.59287110304	
2.3	0.0	0.0	0.0 	0.0 	107.6 	12.0 	0.0 	0.0 	0.0 	-0.0 	12.0 	0.0 	0.0 	0.0 	2.3631850072	-1.46870967742	159.135496855	-5.58885725605	
2.31666666667	0.0	0.0	0.0 	0.0 	107.8 	12.0 	0.0 	0.0 	0.0 	-0.0 	12.0 	0.0 	0.0 	0.0 	2.40609380761	-1.46870967742	159.095604073	-5.58477052887	
2.33333333333	0.0	0.0	0.0 	0.0 	108.0 	12.0 	0.0 	0.0 	0.0 	-0.0 	12.0 	0.0 	0.0 	0.0 	2.44830435457	-1.46870967742	159.055011445	-5.58061210748	
2.35	0.0	0.0	0.0 	0.0 	108.2 	12.0 	0.0 	0.0 	0.0 	-0.0 	12.0 	0.0 	0.0 	0.0 	2.48982801074	-1.46870967742	159.013730359	-5.57638315857	
2.36666666667	0.0	0.0	0.0 	0.0 	108.4 	12.0 	0.0 	0.0 	0.0 	-0.0 	12.0 	0.0 	0.0 	0.0 	2.53067595388	-1.46870967742	158.971772018	-5.57208482981	
2.38333333333	0.0	0.0	0.0 	0.0 	108.6 	12.0 	0.0 	0.0 	0.0 	-0.0 	12.0 	0.0 	0.0 	0.0 	2.57085917982	-1.46870967742	158.929147443	-5.56771825023	
2.4	0.0	0.0	0.0 	0.0 	108.8 	12.0 	0.0 	0.0 	0.0 	-0.0 	12.0 	0.0 	0.0 	0.0 	2.61038850551	-1.46870967742	158.885867477	-5.56328453048	
2.41666666667	0.0	0.0	0.0 	0.0 	109.0 	12.0 	0.0 	0.0 	0.0 	-0.0 	12.0 	0.0 	0.0 	0.0 	2.64927457182	-1.46870967742	158.841942783	-5.55878476311	
2.43333333333	0.0	0.0	0.0 	0.0 	109.2 	12.0 	0.0 	0.0 	0.0 	-0.0 	12.0 	0.0 	0.0 	0.0 	2.68752784651	-1.46870967742	158.797383855	-5.55422002293	
2.45	0.0	0.0	0.0 	0.0 	109.4 	12.0 	0.0 	0.0 	0.0 	-0.0 	12.0 	0.0 	0.0 	0.0 	2.72515862696	-1.46870967742	158.752201012	-5.54959136722	
2.46666666667	0.0	0.0	0.0 	0.0 	109.6 	12.0 	0.0 	0.0 	0.0 	-0.0 	12.0 	0.0 	0.0 	0.0 	2.762177043	-1.46870967742	158.706404407	-5.5448998361	
2.48333333333	0.0	0.0	0.0 	0.0 	109.8 	12.0 	0.0 	0.0 	0.0 	-0.0 	12.0 	0.0 	0.0 	0.0 	2.79859305962	-1.46870967742	158.660004029	-5.54014645272	
2.5	0.0	0.0	0.0 	0.0 	110.0 	12.0 	0.0 	0.0 	0.0 	-0.0 	12.0 	0.0 	0.0 	0.0 	2.83441647965	-1.46870967742	158.613009702	-5.5353322236	
2.51666666667	0.0	0.0	0.0 	0.0 	110.2 	12.0 	0.0 	0.0 	0.0 	-0.0 	12.0 	0.0 	0.0 	0.0 	2.86965694639	-1.46870967742	158.565431092	-5.53045813889	
2.53333333333	0.0	0.0	0.0 	0.0 	110.4 	12.0 	0.0 	0.0 	0.0 	-0.0 	12.0 	0.0 	0.0 	0.0 	2.90432394621	-1.46870967742	158.517277707	-5.52552517262	
2.55	0.0	0.0	0.0 	0.0 	110.6 	12.0 	0.0 	0.0 	0.0 	-0.0 	12.0 	0.0 	0.0 	0.0 	2.93842681113	-1.46870967742	158.4685589	-5.52053428296	
2.56666666667	0.0	0.0	0.0 	0.0 	110.8 	12.0 	0.0 	0.0 	0.0 	-0.0 	12.0 	0.0 	0.0 	0.0 	2.97197472129	-1.46870967742	158.419283872	-5.51548641249	
2.58333333333	0.0	0.0	0.0 	0.0 	111.0 	12.0 	0.0 	0.0 	0.0 	-0.0 	12.0 	0.0 	0.0 	0.0 	3.00497670745	-1.46870967742	158.369461674	-5.51038248847	
2.6	0.0	0.0	0.0 	0.0 	111.2 	12.0 	0.0 	0.0 	0.0 	-0.0 	12.0 	0.0 	0.0 	0.0 	3.03744165342	-1.46870967742	158.319101212	-5.50522342305	
2.61666666667	0.0	0.0	0.0 	0.0 	111.4 	12.0 	0.0 	0.0 	0.0 	-0.0 	12.0 	0.0 	0.0 	0.0 	3.06937829843	-1.46870967742	158.268211243	-5.50001011355	
2.63333333333	0.0	0.0	0.0 	0.0 	111.6 	12.0 	0.0 	0.0 	0.0 	-0.0 	12.0 	0.0 	0.0 	0.0 	3.1007952395	-1.46870967742	158.216800384	-5.49474344267	
2.65	0.0	0.0	0.0 	0.0 	111.8 	12.0 	0.0 	0.0 	0.0 	-0.0 	12.0 	0.0 	0.0 	0.0 	3.13170093377	-1.46870967742	158.164877112	-5.48942427877	
2.66666666667	0.0	0.0	0.0 	0.0 	112.0 	12.0 	0.0 	0.0 	0.0 	-0.0 	12.0 	0.0 	0.0 	0.0 	3.16210370072	-1.46870967742	158.112449766	-5.48405347607	
2.68333333333	0.0	0.0	0.0 	0.0 	112.2 	12.0 	0.0 	0.0 	0.0 	-0.0 	12.0 	0.0 	0.0 	0.0 	3.19201172449	-1.46870967742	158.059526548	-5.47863187487	
2.7	0.0	0.0	0.0 	0.0 	112.4 	12.0 	0.0 	0.0 	0.0 	-0.0 	12.0 	0.0 	0.0 	0.0 	3.22143305601	-1.46870967742	158.006115527	-5.47316030182	
2.71666666667	0.0	0.0	0.0 	0.0 	112.6 	12.0 	0.0 	0.0 	0.0 	-0.0 	12.0 	0.0 	0.0 	0.0 	3.2503756152	-1.46870967742	157.952224642	-5.46763957012	
2.73333333333	0.0	0.0	0.0 	0.0 	112.8 	12.0 	0.0 	0.0 	0.0 	-0.0 	12.0 	0.0 	0.0 	0.0 	3.27884719312	-1.46870967742	157.8978617	-5.46207047971	
2.75	0.0	0.0	0.0 	0.0 	113.0 	12.0 	0.0 	0.0 	0.0 	-0.0 	12.0 	0.0 	0.0 	0.0 	3.30685545402	-1.46870967742	157.843034385	-5.45645381755	
2.76666666667	0.0	0.0	0.0 	0.0 	113.2 	12.0 	0.0 	0.0 	0.0 	-0.0 	12.0 	0.0 	0.0 	0.0 	3.33440793744	-1.46870967742	157.787750253	-5.45079035775	
2.78333333333	0.0	0.0	0.0 	0.0 	113.4 	12.0 	0.0 	0.0 	0.0 	-0.0 	12.0 	0.0 	0.0 	0.0 	3.36151206025	-1.46870967742	157.732016737	-5.44508086187	
2.8	0.0	0.0	0.0 	0.0 	113.6 	12.0 	0.0 	0.0 	0.0 	-0.0 	12.0 	0.0 	0.0 	0.0 	3.38817511858	-1.46870967742	157.67584115	-5.43932607903	
2.81666666667	0.0	0.0	0.0 	0.0 	113.8 	12.0 	0.0 	0.0 	0.0 	-0.0 	12.0 	0.0 	0.0 	0.0 	3.41440428988	-1.46870967742	157.619230686	-5.4335267462	
2.83333333333	0.0	0.0	0.0 	0.0 	114.0 	12.0 	0.0 	0.0 	0.0 	-0.0 	12.0 	0.0 	0.0 	0.0 	3.44020663477	-1.46870967742	157.562192423	-5.42768358834	
2.85	0.0	0.0	0.0 	0.0 	114.2 	12.0 	0.0 	0.0 	0.0 	-0.0 	12.0 	0.0 	0.0 	0.0 	3.46558909898	-1.46870967742	157.50473332	-5.4217973186	
2.86666666667	0.0	0.0	0.0 	0.0 	114.4 	12.0 	0.0 	0.0 	0.0 	-0.0 	12.0 	0.0 	0.0 	0.0 	3.49055851522	-1.46870967742	157.446860228	-5.41586863856	
2.88333333333	0.0	0.0	0.0 	0.0 	114.6 	12.0 	0.0 	0.0 	0.0 	-0.0 	12.0 	0.0 	0.0 	0.0 	3.515121605	-1.46870967742	157.388579882	-5.40989823834	
2.9	0.0	0.0	0.0 	0.0 	114.8 	12.0 	0.0 	0.0 	0.0 	-0.0 	12.0 	0.0 	0.0 	0.0 	3.53928498045	-1.46870967742	157.329898909	-5.40388679686	
2.91666666667	0.0	0.0	0.0 	0.0 	115.0 	12.0 	0.0 	0.0 	0.0 	-0.0 	12.0 	0.0 	0.0 	0.0 	3.56305514613	-1.46870967742	157.27082383	-5.39783498198	
2.93333333333	0.0	0.0	0.0 	0.0 	115.2 	12.0 	0.0 	0.0 	0.0 	-0.0 	12.0 	0.0 	0.0 	0.0 	3.5864385007	-1.46870967742	157.211361058	-5.3917434507	
2.95	0.0	0.0	0.0 	0.0 	115.4 	12.0 	0.0 	0.0 	0.0 	-0.0 	12.0 	0.0 	0.0 	0.0 	3.60944133875	-1.46870967742	157.1515169	-5.38561284932	
2.96666666667	0.0	0.0	0.0 	0.0 	115.6 	12.0 	0.0 	0.0 	0.0 	-0.0 	12.0 	0.0 	0.0 	0.0 	3.6320698524	-1.46870967742	157.091297565	-5.37944381362	
2.98333333333	0.0	0.0	0.0 	0.0 	115.8 	12.0 	0.0 	0.0 	0.0 	-0.0 	12.0 	0.0 	0.0 	0.0 	3.65433013302	-1.46870967742	157.030709156	-5.37323696906	
3.0	0.0	0.0	0.0 	0.0 	116.0 	12.0 	0.0 	0.0 	0.0 	-0.0 	12.0 	0.0 	0.0 	0.0 	3.67622817285	-1.46870967742	156.96975768	-5.36699293088	
3.01666666667	0.0	0.0	0.0 	0.0 	116.2 	12.0 	0.0 	0.0 	0.0 	-0.0 	12.0 	0.0 	0.0 	0.0 	3.69776986662	-1.46870967742	156.908449045	-5.36071230435	
3.03333333333	0.0	0.0	0.0 	0.0 	116.4 	12.0 	0.0 	0.0 	0.0 	-0.0 	12.0 	0.0 	0.0 	0.0 	3.71896101315	-1.46870967742	156.846789063	-5.35439568486	
3.05	0.0	0.0	0.0 	0.0 	116.6 	12.0 	0.0 	0.0 	0.0 	-0.0 	12.0 	0.0 	0.0 	0.0 	3.73980731687	-1.46870967742	156.784783451	-5.34804365812	
3.06666666667	0.0	0.0	0.0 	0.0 	116.8 	12.0 	0.0 	0.0 	0.0 	-0.0 	12.0 	0.0 	0.0 	0.0 	3.76031438941	-1.46870967742	156.722437835	-5.34165680031	
3.08333333333	0.0	0.0	0.0 	0.0 	117.0 	12.0 	0.0 	0.0 	0.0 	-0.0 	12.0 	0.0 	0.0 	0.0 	3.78048775105	-1.46870967742	156.659757746	-5.33523567825	
3.1	0.0	0.0	0.0 	0.0 	117.2 	12.0 	0.0 	0.0 	0.0 	-0.0 	12.0 	0.0 	0.0 	0.0 	3.80033283226	-1.46870967742	156.596748628	-5.3287808495	
3.11666666667	0.0	0.0	0.0 	0.0 	117.4 	12.0 	0.0 	0.0 	0.0 	-0.0 	12.0 	0.0 	0.0 	0.0 	3.81985497515	-1.46870967742	156.533415834	-5.32229286258	
3.13333333333	0.0	0.0	0.0 	0.0 	117.6 	12.0 	0.0 	0.0 	0.0 	-0.0 	12.0 	0.0 	0.0 	0.0 	3.83905943487	-1.46870967742	156.469764633	-5.31577225708	
3.15	0.0	0.0	0.0 	0.0 	117.8 	12.0 	0.0 	0.0 	0.0 	-0.0 	12.0 	0.0 	0.0 	0.0 	3.85795138108	-1.46870967742	156.405800206	-5.30921956378	
3.16666666667	0.0	0.0	0.0 	0.0 	118.0 	12.0 	0.0 	0.0 	0.0 	-0.0 	12.0 	0.0 	0.0 	0.0 	3.87653589929	-1.46870967742	156.341527649	-5.30263530486	
3.18333333333	0.0	0.0	0.0 	0.0 	118.2 	12.0 	0.0 	0.0 	0.0 	-0.0 	12.0 	0.0 	0.0 	0.0 	3.89481799226	-1.46870967742	156.276951976	-5.29601999398	
3.2	0.0	0.0	0.0 	0.0 	118.4 	12.0 	0.0 	0.0 	0.0 	-0.0 	12.0 	0.0 	0.0 	0.0 	3.91280258137	-1.46870967742	156.212078122	-5.28937413645	
3.21666666667	0.0	0.0	0.0 	0.0 	118.6 	12.0 	0.0 	0.0 	0.0 	-0.0 	12.0 	0.0 	0.0 	0.0 	3.93049450786	-1.46870967742	156.146910937	-5.28269822935	
3.23333333333	0.0	0.0	0.0 	0.0 	118.8 	12.0 	0.0 	0.0 	0.0 	-0.0 	12.0 	0.0 	0.0 	0.0 	3.94789853424	-1.46870967742	156.081455195	-5.27599276168	
3.25	0.0	0.0	0.0 	0.0 	119.0 	12.0 	0.0 	0.0 	0.0 	-0.0 	12.0 	0.0 	0.0 	0.0 	3.9650193455	-1.46870967742	156.015715591	-5.26925821448	
3.26666666667	0.0	0.0	0.0 	0.0 	119.2 	12.0 	0.0 	0.0 	0.0 	-0.0 	12.0 	0.0 	0.0 	0.0 	3.98186155037	-1.46870967742	155.949696746	-5.26249506095	
3.28333333333	0.0	0.0	0.0 	0.0 	119.4 	12.0 	0.0 	0.0 	0.0 	-0.0 	12.0 	0.0 	0.0 	0.0 	3.99842968263	-1.46870967742	155.883403203	-5.25570376661	
3.3	0.0	0.0	0.0 	0.0 	119.6 	12.0 	0.0 	0.0 	0.0 	-0.0 	12.0 	0.0 	0.0 	0.0 	4.01472820223	-1.46870967742	155.816839432	-5.2488847894	
3.31666666667	0.0	0.0	0.0 	0.0 	119.8 	12.0 	0.0 	0.0 	0.0 	-0.0 	12.0 	0.0 	0.0 	0.0 	4.03076149657	-1.46870967742	155.750009831	-5.24203857978	
3.33333333333	0.0	0.0	0.0 	0.0 	120.0 	12.0 	0.0 	0.0 	0.0 	-0.0 	12.0 	0.0 	0.0 	0.0 	4.04653388167	-1.46870967742	155.682918725	-5.23516558092	
3.35	0.0	0.0	0.0 	0.0 	120.2 	12.0 	0.0 	0.0 	0.0 	-0.0 	12.0 	0.0 	0.0 	0.0 	4.06204960328	-1.46870967742	155.615570371	-5.22826622876	
3.36666666667	0.0	0.0	0.0 	0.0 	120.4 	12.0 	0.0 	0.0 	0.0 	-0.0 	12.0 	0.0 	0.0 	0.0 	4.07731283808	-1.46870967742	155.547968953	-5.22134095214	
3.38333333333	0.0	0.0	0.0 	0.0 	120.6 	12.0 	0.0 	0.0 	0.0 	-0.0 	12.0 	0.0 	0.0 	0.0 	4.09232769478	-1.46870967742	155.480118591	-5.21439017293	
3.4	0.0	0.0	0.0 	0.0 	120.8 	12.0 	0.0 	0.0 	0.0 	-0.0 	12.0 	0.0 	0.0 	0.0 	4.10709821524	-1.46870967742	155.412023335	-5.20741430614	
3.41666666667	0.0	0.0	0.0 	0.0 	121.0 	12.0 	0.0 	0.0 	0.0 	-0.0 	12.0 	0.0 	0.0 	0.0 	4.12162837551	-1.46870967742	155.343687171	-5.20041376001	
3.43333333333	0.0	0.0	0.0 	0.0 	121.2 	12.0 	0.0 	0.0 	0.0 	-0.0 	12.0 	0.0 	0.0 	0.0 	4.13592208699	-1.46870967742	155.275114018	-5.19338893614	
3.45	0.0	0.0	0.0 	0.0 	121.4 	12.0 	0.0 	0.0 	0.0 	-0.0 	12.0 	0.0 	0.0 	0.0 	4.14998319738	-1.46870967742	155.206307733	-5.18634022962	
3.46666666667	0.0	0.0	0.0 	0.0 	121.6 	12.0 	0.0 	0.0 	0.0 	-0.0 	12.0 	0.0 	0.0 	0.0 	4.16381549181	-1.46870967742	155.137272111	-5.17926802907	
3.48333333333	0.0	0.0	0.0 	0.0 	121.8 	12.0 	0.0 	0.0 	0.0 	-0.0 	12.0 	0.0 	0.0 	0.0 	4.17742269378	-1.46870967742	155.068010883	-5.17217271683	
3.5	0.0	0.0	0.0 	0.0 	122.0 	12.0 	0.0 	0.0 	0.0 	-0.0 	12.0 	0.0 	0.0 	0.0 	4.19080846622	-1.46870967742	154.99852772	-5.16505466897	
3.51666666667	0.0	0.0	0.0 	0.0 	122.2 	12.0 	0.0 	0.0 	0.0 	-0.0 	12.0 	0.0 	0.0 	0.0 	4.20397641244	-1.46870967742	154.928826233	-5.15791425549	
3.53333333333	0.0	0.0	0.0 	0.0 	122.4 	12.0 	0.0 	0.0 	0.0 	-0.0 	12.0 	0.0 	0.0 	0.0 	4.21693007712	-1.46870967742	154.858909977	-5.15075184034	
3.55	0.0	0.0	0.0 	0.0 	122.6 	12.0 	0.0 	0.0 	0.0 	-0.0 	12.0 	0.0 	0.0 	0.0 	4.22967294725	-1.46870967742	154.788782445	-5.14356778154	
3.56666666667	0.0	0.0	0.0 	0.0 	122.8 	12.0 	0.0 	0.0 	0.0 	-0.0 	12.0 	0.0 	0.0 	0.0 	4.2422084531	-1.46870967742	154.718447075	-5.1363624313	
3.58333333333	0.0	0.0	0.0 	0.0 	123.0 	12.0 	0.0 	0.0 	0.0 	-0.0 	12.0 	0.0 	0.0 	0.0 	4.25453996908	-1.46870967742	154.647907251	-5.12913613611	
3.6	0.0	0.0	0.0 	0.0 	123.2 	12.0 	0.0 	0.0 	0.0 	-0.0 	12.0 	0.0 	0.0 	0.0 	4.26667081473	-1.46870967742	154.577166298	-5.12188923679	
3.61666666667	0.0	0.0	0.0 	0.0 	123.4 	12.0 	0.0 	0.0 	0.0 	-0.0 	12.0 	0.0 	0.0 	0.0 	4.27860425554	-1.46870967742	154.50622749	-5.11462206863	
3.63333333333	0.0	0.0	0.0 	0.0 	123.6 	12.0 	0.0 	0.0 	0.0 	-0.0 	12.0 	0.0 	0.0 	0.0 	4.29034350388	-1.46870967742	154.435094046	-5.10733496148	
3.65	0.0	0.0	0.0 	0.0 	123.8 	12.0 	0.0 	0.0 	0.0 	-0.0 	12.0 	0.0 	0.0 	0.0 	4.30189171982	-1.46870967742	154.363769134	-5.10002823979	
3.66666666667	0.0	0.0	0.0 	0.0 	124.0 	12.0 	0.0 	0.0 	0.0 	-0.0 	12.0 	0.0 	0.0 	0.0 	4.31325201205	-1.46870967742	154.29225587	-5.09270222275	
3.68333333333	0.0	0.0	0.0 	0.0 	124.2 	12.0 	0.0 	0.0 	0.0 	-0.0 	12.0 	0.0 	0.0 	0.0 	4.32442743862	-1.46870967742	154.220557319	-5.08535722436	
3.7	0.0	0.0	0.0 	0.0 	124.4 	12.0 	0.0 	0.0 	0.0 	-0.0 	12.0 	0.0 	0.0 	0.0 	4.33542100786	-1.46870967742	154.148676495	-5.0779935535	
3.71666666667	0.0	0.0	0.0 	0.0 	124.6 	12.0 	0.0 	0.0 	0.0 	-0.0 	12.0 	0.0 	0.0 	0.0 	4.34623567913	-1.46870967742	154.076616365	-5.07061151402	
3.73333333333	0.0	0.0	0.0 	0.0 	124.8 	12.0 	0.0 	0.0 	0.0 	-0.0 	12.0 	0.0 	0.0 	0.0 	4.35687436361	-1.46870967742	154.004379847	-5.06321140484	
3.75	0.0	0.0	0.0 	0.0 	125.0 	12.0 	0.0 	0.0 	0.0 	-0.0 	12.0 	0.0 	0.0 	0.0 	4.36733992515	-1.46870967742	153.931969811	-5.05579352001	
3.76666666667	0.0	0.0	0.0 	0.0 	125.2 	12.0 	0.0 	0.0 	0.0 	-0.0 	12.0 	0.0 	0.0 	0.0 	4.37763518096	-1.46870967742	153.85938908	-5.04835814878	
3.78333333333	0.0	0.0	0.0 	0.0 	125.4 	12.0 	0.0 	0.0 	0.0 	-0.0 	12.0 	0.0 	0.0 	0.0 	4.38776290243	-1.46870967742	153.786640434	-5.04090557571	
3.8	0.0	0.0	0.0 	0.0 	125.6 	12.0 	0.0 	0.0 	0.0 	-0.0 	12.0 	0.0 	0.0 	0.0 	4.39772581582	-1.46870967742	153.713726603	-5.03343608073	
3.81666666667	0.0	0.0	0.0 	0.0 	125.8 	12.0 	0.0 	0.0 	0.0 	-0.0 	12.0 	0.0 	0.0 	0.0 	4.40752660307	-1.46870967742	153.640650276	-5.02594993921	
3.83333333333	0.0	0.0	0.0 	0.0 	126.0 	12.0 	0.0 	0.0 	0.0 	-0.0 	12.0 	0.0 	0.0 	0.0 	4.41716790245	-1.46870967742	153.567414097	-5.01844742204	
3.85	0.0	0.0	0.0 	0.0 	126.2 	12.0 	0.0 	0.0 	0.0 	-0.0 	12.0 	0.0 	0.0 	0.0 	4.42665230928	-1.46870967742	153.494020668	-5.01092879569	
3.86666666667	0.0	0.0	0.0 	0.0 	126.4 	12.0 	0.0 	0.0 	0.0 	-0.0 	12.0 	0.0 	0.0 	0.0 	4.43598237669	-1.46870967742	153.420472547	-5.00339432231	
3.88333333333	0.0	0.0	0.0 	0.0 	126.6 	12.0 	0.0 	0.0 	0.0 	-0.0 	12.0 	0.0 	0.0 	0.0 	4.44516061623	-1.46870967742	153.346772252	-4.99584425978	
3.9	0.0	0.0	0.0 	0.0 	126.8 	12.0 	0.0 	0.0 	0.0 	-0.0 	12.0 	0.0 	0.0 	0.0 	4.45418949859	-1.46870967742	153.272922259	-4.98827886178	
3.91666666667	0.0	0.0	0.0 	0.0 	127.0 	12.0 	0.0 	0.0 	0.0 	-0.0 	12.0 	0.0 	0.0 	0.0 	4.46307145426	-1.46870967742	153.198925005	-4.98069837786	
3.93333333333	0.0	0.0	0.0 	0.0 	127.2 	12.0 	0.0 	0.0 	0.0 	-0.0 	12.0 	0.0 	0.0 	0.0 	4.47180887416	-1.46870967742	153.124782884	-4.97310305352	
3.95	0.0	0.0	0.0 	0.0 	127.4 	12.0 	0.0 	0.0 	0.0 	-0.0 	12.0 	0.0 	0.0 	0.0 	4.48040411033	-1.46870967742	153.050498256	-4.96549313025	
3.96666666667	0.0	0.0	0.0 	0.0 	127.6 	12.0 	0.0 	0.0 	0.0 	-0.0 	12.0 	0.0 	0.0 	0.0 	4.48885947651	-1.46870967742	152.976073439	-4.95786884563	
3.98333333333	0.0	0.0	0.0 	0.0 	127.8 	12.0 	0.0 	0.0 	0.0 	-0.0 	12.0 	0.0 	0.0 	0.0 	4.49717724881	-1.46870967742	152.901510713	-4.95023043335	
4.0	0.0	0.0	0.0 	0.0 	128.0 	12.0 	0.0 	0.0 	0.0 	-0.0 	12.0 	0.0 	0.0 	0.0 	4.50535966628	-1.46870967742	152.826812325	-4.94257812331	
4.01666666667	0.0	0.0	0.0 	0.0 	128.2 	12.0 	0.0 	0.0 	0.0 	-0.0 	12.0 	0.0 	0.0 	0.0 	4.51340893156	-1.46870967742	152.75198048	-4.93491214167	
4.03333333333	0.0	0.0	0.0 	0.0 	128.4 	12.0 	0.0 	0.0 	0.0 	-0.0 	12.0 	0.0 	0.0 	0.0 	4.52132721141	-1.46870967742	152.677017351	-4.92723271091	
4.05	0.0	0.0	0.0 	0.0 	128.6 	12.0 	0.0 	0.0 	0.0 	-0.0 	12.0 	0.0 	0.0 	0.0 	4.52911663737	-1.46870967742	152.601925074	-4.91954004989	
4.06666666667	0.0	0.0	0.0 	0.0 	128.8 	12.0 	0.0 	0.0 	0.0 	-0.0 	12.0 	0.0 	0.0 	0.0 	4.53677930626	-1.46870967742	152.526705751	-4.91183437389	
4.08333333333	0.0	0.0	0.0 	0.0 	129.0 	12.0 	0.0 	0.0 	0.0 	-0.0 	12.0 	0.0 	0.0 	0.0 	4.5443172808	-1.46870967742	152.451361449	-4.90411589472	
4.1	0.0	0.0	0.0 	0.0 	129.2 	12.0 	0.0 	0.0 	0.0 	-0.0 	12.0 	0.0 	0.0 	0.0 	4.55173259015	-1.46870967742	152.375894202	-4.89638482072	
4.11666666667	0.0	0.0	0.0 	0.0 	129.4 	12.0 	0.0 	0.0 	0.0 	-0.0 	12.0 	0.0 	0.0 	0.0 	4.55902723041	-1.46870967742	152.30030601	-4.88864135684	
4.13333333333	0.0	0.0	0.0 	0.0 	129.6 	12.0 	0.0 	0.0 	0.0 	-0.0 	12.0 	0.0 	0.0 	0.0 	4.56620316524	-1.46870967742	152.224598842	-4.8808857047	
4.15	0.0	0.0	0.0 	0.0 	129.8 	12.0 	0.0 	0.0 	0.0 	-0.0 	12.0 	0.0 	0.0 	0.0 	4.57326232634	-1.46870967742	152.148774635	-4.87311806265	
4.16666666667	0.0	0.0	0.0 	0.0 	130.0 	12.0 	0.0 	0.0 	0.0 	-0.0 	12.0 	0.0 	0.0 	0.0 	4.58020661394	-1.46870967742	152.072835291	-4.86533862579	
4.18333333333	0.0	0.0	0.0 	0.0 	130.2 	12.0 	0.0 	0.0 	0.0 	-0.0 	12.0 	0.0 	0.0 	0.0 	4.58703789739	-1.46870967742	151.996782686	-4.85754758607	
4.2	0.0	0.0	0.0 	0.0 	130.4 	12.0 	0.0 	0.0 	0.0 	-0.0 	12.0 	0.0 	0.0 	0.0 	4.59375801559	-1.46870967742	151.920618662	-4.84974513228	
4.21666666667	0.0	0.0	0.0 	0.0 	130.6 	12.0 	0.0 	0.0 	0.0 	-0.0 	12.0 	0.0 	0.0 	0.0 	4.60036877754	-1.46870967742	151.844345032	-4.84193145018	
4.23333333333	0.0	0.0	0.0 	0.0 	130.8 	12.0 	0.0 	0.0 	0.0 	-0.0 	12.0 	0.0 	0.0 	0.0 	4.60687196279	-1.46870967742	151.76796358	-4.83410672249	
4.25	0.0	0.0	0.0 	0.0 	131.0 	12.0 	0.0 	0.0 	0.0 	-0.0 	12.0 	0.0 	0.0 	0.0 	4.61326932193	-1.46870967742	151.69147606	-4.82627112894	
4.26666666667	0.0	0.0	0.0 	0.0 	131.2 	12.0 	0.0 	0.0 	0.0 	-0.0 	12.0 	0.0 	0.0 	0.0 	4.61956257705	-1.46870967742	151.614884199	-4.81842484635	
4.28333333333	0.0	0.0	0.0 	0.0 	131.4 	12.0 	0.0 	0.0 	0.0 	-0.0 	12.0 	0.0 	0.0 	0.0 	4.62575342226	-1.46870967742	151.538189695	-4.81056804868	
4.3	0.0	0.0	0.0 	0.0 	131.6 	12.0 	0.0 	0.0 	0.0 	-0.0 	12.0 	0.0 	0.0 	0.0 	4.63184352405	-1.46870967742	151.461394217	-4.80270090703	
4.31666666667	0.0	0.0	0.0 	0.0 	131.8 	12.0 	0.0 	0.0 	0.0 	-0.0 	12.0 	0.0 	0.0 	0.0 	4.63783452182	-1.46870967742	151.384499409	-4.79482358972	
4.33333333333	0.0	0.0	0.0 	0.0 	132.0 	12.0 	0.0 	0.0 	0.0 	-0.0 	12.0 	0.0 	0.0 	0.0 	4.58641194964	-1.47979730289	151.308375485	-4.78787720245	
4.35	0.0	0.0	0.0 	0.0 	132.2 	12.0 	0.0 	0.0 	0.0 	-0.0 	12.0 	0.0 	0.0 	0.0 	4.53498937746	-1.49100924215	151.233032782	-4.78185303912	
4.36666666667	0.0	0.0	0.0 	0.0 	132.4 	12.0 	0.0 	0.0 	0.0 	-0.0 	12.0 	0.0 	0.0 	0.0 	4.48356680528	-1.50234831439	151.158481651	-4.77674217821	
4.38333333333	0.0	0.0	0.0 	0.0 	132.6 	12.0 	0.0 	0.0 	0.0 	-0.0 	12.0 	0.0 	0.0 	0.0 	4.4321442331	-1.51381743583	151.084732459	-4.7725354776	
4.4	0.0	0.0	0.0 	0.0 	132.8 	12.0 	0.0 	0.0 	0.0 	-0.0 	12.0 	0.0 	0.0 	0.0 	4.38072166093	-1.52541962418	151.011795586	-4.76922356937	
4.41666666667	0.0	0.0	0.0 	0.0 	133.0 	12.0 	0.0 	0.0 	0.0 	-0.0 	12.0 	0.0 	0.0 	0.0 	4.32929908875	-1.53715800341	150.93968142	-4.76679685437	
4.43333333333	0.0	0.0	0.0 	0.0 	133.2 	12.0 	0.0 	0.0 	0.0 	-0.0 	12.0 	0.0 	0.0 	0.0 	4.27787651657	-1.54903580883	150.868400358	-4.76524549666	
4.45	0.0	0.0	0.0 	0.0 	133.4 	12.0 	0.0 	0.0 	0.0 	-0.0 	12.0 	0.0 	0.0 	0.0 	4.22645394439	-1.56105639241	150.7979628	-4.76455941777	
4.46666666667	0.0	0.0	0.0 	0.0 	133.6 	12.0 	0.0 	0.0 	0.0 	-0.0 	12.0 	0.0 	0.0 	0.0 	4.17503137221	-1.57322322845	150.728379149	-4.76472829078	
4.48333333333	0.0	0.0	0.0 	0.0 	133.8 	12.0 	0.0 	0.0 	0.0 	-0.0 	12.0 	0.0 	0.0 	0.0 	4.12360880003	-1.58553991965	150.659659805	-4.76574153423	
4.5	0.0	0.0	0.0 	0.0 	134.0 	12.0 	0.0 	0.0 	0.0 	-0.0 	12.0 	0.0 	0.0 	0.0 	4.07218622785	-1.59801020349	150.591815165	-4.76758830582	
4.51666666667	0.0	0.0	0.0 	0.0 	134.2 	12.0 	0.0 	0.0 	0.0 	-0.0 	12.0 	0.0 	0.0 	0.0 	4.02076365568	-1.61063795903	150.524855617	-4.77025749598	
4.53333333333	0.0	0.0	0.0 	0.0 	134.4 	12.0 	0.0 	0.0 	0.0 	-0.0 	12.0 	0.0 	0.0 	0.0 	3.9693410835	-1.62342721415	150.458791537	-4.77373772114	
4.55	0.0	0.0	0.0 	0.0 	134.6 	12.0 	0.0 	0.0 	0.0 	-0.0 	12.0 	0.0 	0.0 	0.0 	3.91791851132	-1.63638215329	150.393633286	-4.77801731688	
4.56666666667	0.0	0.0	0.0 	0.0 	134.8 	12.0 	0.0 	0.0 	0.0 	-0.0 	12.0 	0.0 	0.0 	0.0 	3.86649593914	-1.64950712565	150.329391205	-4.78308433081	
4.58333333333	0.0	0.0	0.0 	0.0 	135.0 	12.0 	0.0 	0.0 	0.0 	-0.0 	12.0 	0.0 	0.0 	0.0 	3.81507336696	-1.66280665396	150.266075609	-4.78892651525	
4.6	0.0	0.0	0.0 	0.0 	135.2 	12.0 	0.0 	0.0 	0.0 	-0.0 	12.0 	0.0 	0.0 	0.0 	3.76365079478	-1.67628544381	150.203696786	-4.79553131965	
4.61666666667	0.0	0.0	0.0 	0.0 	135.4 	12.0 	0.0 	0.0 	0.0 	-0.0 	12.0 	0.0 	0.0 	0.0 	3.71222822261	-1.68994839369	150.142264991	-4.80288588282	
4.63333333333	0.0	0.0	0.0 	0.0 	135.6 	12.0 	0.0 	0.0 	0.0 	-0.0 	12.0 	0.0 	0.0 	0.0 	3.66080565043	-1.70380060565	150.081790436	-4.81097702485	
4.65	0.0	0.0	0.0 	0.0 	135.8 	12.0 	0.0 	0.0 	0.0 	-0.0 	12.0 	0.0 	0.0 	0.0 	3.60938307825	-1.71784739673	150.022283292	-4.8197912388	
4.66666666667	0.0	0.0	0.0 	0.0 	136.0 	12.0 	0.0 	0.0 	0.0 	-0.0 	12.0 	0.0 	0.0 	0.0 	3.55796050607	-1.73209431125	149.963753676	-4.82931468212	
4.68333333333	0.0	0.0	0.0 	0.0 	136.2 	12.0 	0.0 	0.0 	0.0 	-0.0 	12.0 	0.0 	0.0 	0.0 	3.50653793389	-1.7465471339	149.906211649	-4.83953316777	
4.7	0.0	0.0	0.0 	0.0 	136.4 	12.0 	0.0 	0.0 	0.0 	-0.0 	12.0 	0.0 	0.0 	0.0 	3.45511536171	-1.76121190387	149.849667208	-4.85043215511	
4.71666666667	0.0	0.0	0.0 	0.0 	136.6 	12.0 	0.0 	0.0 	0.0 	-0.0 	12.0 	0.0 	0.0 	0.0 	3.40369278953	-1.77609492999	149.794130279	-4.86199674037	
4.73333333333	0.0	0.0	0.0 	0.0 	136.8 	12.0 	0.0 	0.0 	0.0 	-0.0 	12.0 	0.0 	0.0 	0.0 	3.35227021736	-1.79120280704	149.739610707	-4.87421164694	
4.75	0.0	0.0	0.0 	0.0 	137.0 	12.0 	0.0 	0.0 	0.0 	-0.0 	12.0 	0.0 	0.0 	0.0 	3.30084764518	-1.80654243327	149.686118251	-4.88706121525	
4.76666666667	0.0	0.0	0.0 	0.0 	137.2 	12.0 	0.0 	0.0 	0.0 	-0.0 	12.0 	0.0 	0.0 	0.0 	3.249425073	-1.82212102935	149.633662574	-4.90052939236	
4.78333333333	0.0	0.0	0.0 	0.0 	137.4 	12.0 	0.0 	0.0 	0.0 	-0.0 	12.0 	0.0 	0.0 	0.0 	3.19800250082	-1.83794615873	149.582253234	-4.91459972114	
4.8	0.0	0.0	0.0 	0.0 	137.6 	12.0 	0.0 	0.0 	0.0 	-0.0 	12.0 	0.0 	0.0 	0.0 	3.14657992864	-1.85402574971	149.531899671	-4.92925532918	
4.81666666667	0.0	0.0	0.0 	0.0 	137.8 	12.0 	0.0 	0.0 	0.0 	-0.0 	12.0 	0.0 	0.0 	0.0 	3.09515735646	-1.87036811931	149.482611202	-4.94447891724	
4.83333333333	0.0	0.0	0.0 	0.0 	138.0 	12.0 	0.0 	0.0 	0.0 	-0.0 	12.0 	0.0 	0.0 	0.0 	3.04373478429	-1.88698199908	149.434397004	-4.96025274739	
4.85	0.0	0.0	0.0 	0.0 	138.2 	12.0 	0.0 	0.0 	0.0 	-0.0 	12.0 	0.0 	0.0 	0.0 	2.99231221211	-1.9038765631	149.387266105	-4.97655863067	
4.86666666667	0.0	0.0	0.0 	0.0 	138.4 	12.0 	0.0 	0.0 	0.0 	-0.0 	12.0 	0.0 	0.0 	0.0 	2.94088963993	-1.92106145844	149.341227371	-4.99337791441	
4.88333333333	0.0	0.0	0.0 	0.0 	138.6 	12.0 	0.0 	0.0 	0.0 	-0.0 	12.0 	0.0 	0.0 	0.0 	2.88946706775	-1.93854683819	149.296289492	-5.01069146909	
4.9	0.0	0.0	0.0 	0.0 	138.8 	12.0 	0.0 	0.0 	0.0 	-0.0 	12.0 	0.0 	0.0 	0.0 	2.83804449557	-1.95634339755	149.252460963	-5.02847967473	
4.91666666667	0.0	0.0	0.0 	0.0 	139.0 	12.0 	0.0 	0.0 	0.0 	-0.0 	12.0 	0.0 	0.0 	0.0 	2.78662192339	-1.97446241304	149.209750076	-5.04672240694	
4.93333333333	0.0	0.0	0.0 	0.0 	139.2 	12.0 	0.0 	0.0 	0.0 	-0.0 	12.0 	0.0 	0.0 	0.0 	2.73519935121	-1.99291578547	149.168164896	-5.06539902234	
4.95	0.0	0.0	0.0 	0.0 	139.4 	12.0 	0.0 	0.0 	0.0 	-0.0 	12.0 	0.0 	0.0 	0.0 	2.68377677904	-2.01171608687	149.127713245	-5.08448834365	
4.96666666667	0.0	0.0	0.0 	0.0 	139.6 	12.0 	0.0 	0.0 	0.0 	-0.0 	12.0 	0.0 	0.0 	0.0 	2.63235420686	-2.03087661191	149.088402682	-5.10396864421	
4.98333333333	0.0	0.0	0.0 	0.0 	139.8 	12.0 	0.0 	0.0 	0.0 	-0.0 	12.0 	0.0 	0.0 	0.0 	2.58093163468	-2.05041143441	149.050240486	-5.12381763205	
5.0	0.0	0.0	0.0 	0.0 	140.0 	12.0 	0.0 	0.0 	0.0 	-0.0 	12.0 	0.0 	0.0 	0.0 	2.5295090625	-2.07033546939	149.013233624	-5.14401243339	
5.01666666667	0.0	0.0	0.0 	0.0 	140.2 	12.0 	0.0 	0.0 	0.0 	-0.0 	12.0 	0.0 	0.0 	0.0 	2.47808649032	-2.09066454152	148.977388737	-5.16452957569	
5.03333333333	0.0	0.0	0.0 	0.0 	140.4 	12.0 	0.0 	0.0 	0.0 	-0.0 	12.0 	0.0 	0.0 	0.0 	2.42666391814	-2.11141546057	148.942712106	-5.18534497015	
5.05	0.0	0.0	0.0 	0.0 	140.6 	12.0 	0.0 	0.0 	0.0 	-0.0 	12.0 	0.0 	0.0 	0.0 	2.37524134597	-2.13260610498	148.909209628	-5.2064338937	
5.06666666667	0.0	0.0	0.0 	0.0 	140.8 	12.0 	0.0 	0.0 	0.0 	-0.0 	12.0 	0.0 	0.0 	0.0 	2.32381877379	-2.15425551432	148.876886783	-5.22777097046	
5.08333333333	0.0	0.0	0.0 	0.0 	141.0 	12.0 	0.0 	0.0 	0.0 	-0.0 	12.0 	0.0 	0.0 	0.0 	2.27239620161	-2.17638399213	148.845748603	-5.24933015271	
5.1	0.0	0.0	0.0 	0.0 	141.2 	12.0 	0.0 	0.0 	0.0 	-0.0 	12.0 	0.0 	0.0 	0.0 	2.22097362943	-2.19901322032	148.815799635	-5.27108470131	
5.11666666667	0.0	0.0	0.0 	0.0 	141.4 	12.0 	0.0 	0.0 	0.0 	-0.0 	12.0 	0.0 	0.0 	0.0 	2.16955105725	-2.22216638679	148.787043902	-5.29300716573	
5.13333333333	0.0	0.0	0.0 	0.0 	141.6 	12.0 	0.0 	0.0 	0.0 	-0.0 	12.0 	0.0 	0.0 	0.0 	2.11812848507	-2.24586832826	148.759484864	-5.31506936352	
5.15	0.0	0.0	0.0 	0.0 	141.8 	12.0 	0.0 	0.0 	0.0 	-0.0 	12.0 	0.0 	0.0 	0.0 	2.06670591289	-2.27014569035	148.733125367	-5.33724235949	
5.16666666667	0.0	0.0	0.0 	0.0 	142.0 	12.0 	0.0 	0.0 	0.0 	-0.0 	12.0 	0.0 	0.0 	0.0 	2.01528334072	-2.29502710761	148.707967601	-5.35949644441	
5.18333333333	0.0	0.0	0.0 	0.0 	142.2 	12.0 	0.0 	0.0 	0.0 	-0.0 	12.0 	0.0 	0.0 	0.0 	1.96386076854	-2.32054340656	148.684013041	-5.38180111352	
5.2	0.0	0.0	0.0 	0.0 	142.4 	12.0 	0.0 	0.0 	0.0 	-0.0 	12.0 	0.0 	0.0 	0.0 	1.91243819636	-2.34672783521	148.661262392	-5.40412504477	
5.21666666667	0.0	0.0	0.0 	0.0 	142.6 	12.0 	0.0 	0.0 	0.0 	-0.0 	12.0 	0.0 	0.0 	0.0 	1.86101562418	-2.37361632357	148.639715522	-5.42643607706	
5.23333333333	0.0	0.0	0.0 	0.0 	142.8 	12.0 	0.0 	0.0 	0.0 	-0.0 	12.0 	0.0 	0.0 	0.0 	1.809593052	-2.40124778002	148.619371397	-5.44870118845	
5.25	0.0	0.0	0.0 	0.0 	143.0 	12.0 	0.0 	0.0 	0.0 	-0.0 	12.0 	0.0 	0.0 	0.0 	1.75817047982	-2.4296644299	148.600228001	-5.47088647469	
5.26666666667	0.0	0.0	0.0 	0.0 	143.2 	12.0 	0.0 	0.0 	0.0 	-0.0 	12.0 	0.0 	0.0 	0.0 	1.70674790764	-2.45891220352	148.582282258	-5.49295712821	
5.28333333333	0.0	0.0	0.0 	0.0 	143.4 	12.0 	0.0 	0.0 	0.0 	-0.0 	12.0 	0.0 	0.0 	0.0 	1.65532533547	-2.4890411827	148.565529935	-5.51487741789	
5.3	0.0	0.0	0.0 	0.0 	143.6 	12.0 	0.0 	0.0 	0.0 	-0.0 	12.0 	0.0 	0.0 	0.0 	1.60390276329	-2.52010611663	148.549965545	-5.53661066997	
5.31666666667	0.0	0.0	0.0 	0.0 	143.8 	12.0 	0.0 	0.0 	0.0 	-0.0 	12.0 	0.0 	0.0 	0.0 	1.55248019111	-2.55216702042	148.535582239	-5.55811925055	
5.33333333333	0.0	0.0	0.0 	0.0 	144.0 	12.0 	0.0 	0.0 	0.0 	-0.0 	12.0 	0.0 	0.0 	0.0 	1.50105761893	-2.58528987279	148.522371679	-5.5793645503	
5.35	0.0	0.0	0.0 	0.0 	144.2 	12.0 	0.0 	0.0 	0.0 	-0.0 	12.0 	0.0 	0.0 	0.0 	1.44963504675	-2.61954743328	148.510323907	-5.60030697206	
5.36666666667	0.0	0.0	0.0 	0.0 	144.4 	12.0 	0.0 	0.0 	0.0 	-0.0 	12.0 	0.0 	0.0 	0.0 	1.39821247457	-2.65502020437	148.499427197	-5.62090592217	
5.38333333333	0.0	0.0	0.0 	0.0 	144.6 	12.0 	0.0 	0.0 	0.0 	-0.0 	12.0 	0.0 	0.0 	0.0 	1.3467899024	-2.69179757055	148.489667886	-5.64111980687	
5.4	0.0	0.0	0.0 	0.0 	144.8 	12.0 	0.0 	0.0 	0.0 	-0.0 	12.0 	0.0 	0.0 	0.0 	1.29536733022	-2.72997915484	148.481030192	-5.66090603491	
5.41666666667	0.0	0.0	0.0 	0.0 	145.0 	12.0 	0.0 	0.0 	0.0 	-0.0 	12.0 	0.0 	0.0 	0.0 	1.24394475804	-2.76967644454	148.473496006	-5.68022102855	
5.43333333333	0.0	0.0	0.0 	0.0 	145.2 	12.0 	0.0 	0.0 	0.0 	-0.0 	12.0 	0.0 	0.0 	0.0 	1.19252218586	-2.81101475305	148.467044666	-5.69902024484	
5.45	0.0	0.0	0.0 	0.0 	145.4 	12.0 	0.0 	0.0 	0.0 	-0.0 	12.0 	0.0 	0.0 	0.0 	1.14109961368	-2.85413560463	148.461652694	-5.71725821059	
5.46666666667	0.0	0.0	0.0 	0.0 	145.6 	12.0 	0.0 	0.0 	0.0 	-0.0 	12.0 	0.0 	0.0 	0.0 	1.0896770415	-2.8991996565	148.457293507	-5.7348885744	
5.48333333333	0.0	0.0	0.0 	0.0 	145.8 	12.0 	0.0 	0.0 	0.0 	-0.0 	12.0 	0.0 	0.0 	0.0 	1.03825446932	-2.94639031045	148.453937089	-5.75186418106	
5.5	0.0	0.0	0.0 	0.0 	146.0 	12.0 	0.0 	0.0 	0.0 	-0.0 	12.0 	0.0 	0.0 	0.0 	0.986831897146	-2.99591821878	148.451549618	-5.76813717441	
5.51666666667	0.0	0.0	0.0 	0.0 	146.2 	12.0 	0.0 	0.0 	0.0 	-0.0 	12.0 	0.0 	0.0 	0.0 	0.935409324968	-3.04166432129	148.449994311	-5.78364955549	
5.53333333333	0.0	0.0	0.0 	0.0 	146.4 	12.0 	0.0 	0.0 	0.0 	-0.0 	12.0 	0.0 	0.0 	0.0 	0.883986752789	-3.07453226572	148.449007043	-5.79834955234	
5.55	0.0	0.0	0.0 	0.0 	146.6 	12.0 	0.0 	0.0 	0.0 	-0.0 	12.0 	0.0 	0.0 	0.0 	0.832564180611	-3.09659900028	148.448382919	-5.81221157883	
5.56666666667	0.0	0.0	0.0 	0.0 	146.8 	12.0 	0.0 	0.0 	0.0 	-0.0 	12.0 	0.0 	0.0 	0.0 	0.781141608432	-3.10959776818	148.447966447	-5.82522394259	
5.58333333333	0.0	0.0	0.0 	0.0 	147.0 	12.0 	0.0 	0.0 	0.0 	-0.0 	12.0 	0.0 	0.0 	0.0 	0.729719036254	-3.11497684497	148.447642785	-5.837381619	
5.6	0.0	0.0	0.0 	0.0 	147.2 	12.0 	0.0 	0.0 	0.0 	-0.0 	12.0 	0.0 	0.0 	0.0 	0.678296464075	-3.11394845982	148.447330308	-5.84868224072	
5.61666666667	0.0	0.0	0.0 	0.0 	147.4 	12.0 	0.0 	0.0 	0.0 	-0.0 	12.0 	0.0 	0.0 	0.0 	0.626873891897	-3.10752947202	148.446974489	-5.85912407815	
5.63333333333	0.0	0.0	0.0 	0.0 	147.6 	12.0 	0.0 	0.0 	0.0 	-0.0 	12.0 	0.0 	0.0 	0.0 	0.575451319718	-3.09657513688	148.446542878	-5.86870521682	
5.65	0.0	0.0	0.0 	0.0 	147.8 	12.0 	0.0 	0.0 	0.0 	-0.0 	12.0 	0.0 	0.0 	0.0 	0.52402874754	-3.08180708721	148.446021033	-5.87742342523	
5.66666666667	0.0	0.0	0.0 	0.0 	148.0 	12.0 	0.0 	0.0 	0.0 	-0.0 	12.0 	0.0 	0.0 	0.0 	0.472606175361	-3.06383647738	148.445409183	-5.88527639525	
5.68333333333	0.0	0.0	0.0 	0.0 	148.2 	12.0 	0.0 	0.0 	0.0 	-0.0 	12.0 	0.0 	0.0 	0.0 	0.421183603183	-3.04318308531	148.444719489	-5.89226215832	
5.7	0.0	0.0	0.0 	0.0 	148.4 	12.0 	0.0 	0.0 	0.0 	-0.0 	12.0 	0.0 	0.0 	0.0 	0.369761031004	-3.02029103999	148.443973777	-5.89837955862	
5.71666666667	0.0	0.0	0.0 	0.0 	148.6 	12.0 	0.0 	0.0 	0.0 	-0.0 	12.0 	0.0 	0.0 	0.0 	0.318338458826	-3.15936078468	148.444068043	-5.90368436211	
5.73333333333	0.0	0.0	0.0 	0.0 	148.8 	12.0 	0.0 	0.0 	0.0 	-0.0 	12.0 	0.0 	0.0 	0.0 	0.266915886647	-3.32089505977	148.444861421	-5.90806164183	
5.75	0.0	0.0	0.0 	0.0 	149.0 	12.0 	0.0 	0.0 	0.0 	-0.0 	12.0 	0.0 	0.0 	0.0 	0.215493314469	-3.51354965529	148.446166733	-5.9114075989	
5.76666666667	0.0	0.0	0.0 	0.0 	149.2 	12.0 	0.0 	0.0 	0.0 	-0.0 	12.0 	0.0 	0.0 	0.0 	0.164070742291	-3.75217688279	148.447734555	-5.91364802096	
5.78333333333	0.0	0.0	0.0 	0.0 	149.4 	12.0 	0.0 	0.0 	0.0 	-0.0 	12.0 	0.0 	0.0 	0.0 	0.112648170112	-4.06559395802	148.449232812	-5.91477944392	
5.8	0.0	0.0	0.0 	0.0 	149.6 	12.0 	0.0 	0.0 	0.0 	-0.0 	12.0 	0.0 	0.0 	0.0 	0.0612255979336	-4.36260775301	148.45019145	-5.91512913626	
5.81666666667	0.0	0.0	0.0 	0.0 	149.8 	12.0 	0.0 	0.0 	0.0 	-0.0 	12.0 	0.0 	0.0 	0.0 	0.00980302575509	-4.60475309002	148.450353888	-5.91514668828	
5.83333333333	0.0	0.0	0.0 	0.0 	150.0 	12.0 	0.0 	0.0 	0.0 	-0.0 	12.0 	0.0 	0.0 	0.0 	0.0910083308478	-4.8012297301	148.451864712	-5.91501211133	
5.85	0.0	0.0	0.0 	0.0 	150.2 	12.0 	0.0 	0.0 	0.0 	-0.0 	12.0 	0.0 	0.0 	0.0 	0.170892184781	-4.9649602635	148.45462255	-5.91430036109	
5.86666666667	0.0	0.0	0.0 	0.0 	150.4 	12.0 	0.0 	0.0 	0.0 	-0.0 	12.0 	0.0 	0.0 	0.0 	0.249476091486	-5.10140237466	148.458469819	-5.91272335739	
5.88333333333	0.0	0.0	0.0 	0.0 	150.6 	12.0 	0.0 	0.0 	0.0 	-0.0 	12.0 	0.0 	0.0 	0.0 	0.326781204958	-5.21510413397	148.463242337	-5.9100992687	
5.9	0.0	0.0	0.0 	0.0 	150.8 	12.0 	0.0 	0.0 	0.0 	-0.0 	12.0 	0.0 	0.0 	0.0 	0.402828334956	-5.30985560006	148.468793066	-5.90632241888	
5.91666666667	0.0	0.0	0.0 	0.0 	151.0 	12.0 	0.0 	0.0 	0.0 	-0.0 	12.0 	0.0 	0.0 	0.0 	0.477637952602	-5.38881515513	148.475000886	-5.90133898246	
5.93333333333	0.0	0.0	0.0 	0.0 	151.2 	12.0 	0.0 	0.0 	0.0 	-0.0 	12.0 	0.0 	0.0 	0.0 	0.551230195893	-5.45461478436	148.481771517	-5.89512909937	
5.95	0.0	0.0	0.0 	0.0 	151.4 	12.0 	0.0 	0.0 	0.0 	-0.0 	12.0 	0.0 	0.0 	0.0 	0.62362487512	-5.50944780871	148.489034809	-5.88769441139	
5.96666666667	0.0	0.0	0.0 	0.0 	151.6 	12.0 	0.0 	0.0 	0.0 	-0.0 	12.0 	0.0 	0.0 	0.0 	0.694841478202	-5.55514199568	148.49674072	-5.87904968207	
5.98333333333	0.0	0.0	0.0 	0.0 	151.8 	12.0 	0.0 	0.0 	0.0 	-0.0 	12.0 	0.0 	0.0 	0.0 	0.764899175932	-5.59322048481	148.504855154	-5.86921730592	
6.0	0.0	0.0	0.0 	0.0 	152.0 	12.0 	0.0 	0.0 	0.0 	-0.0 	12.0 	0.0 	0.0 	0.0 	0.833816827137	-5.62495255909	148.513356191	-5.85822378502	
6.01666666667	0.0	0.0	0.0 	0.0 	152.2 	12.0 	0.0 	0.0 	0.0 	-0.0 	12.0 	0.0 	0.0 	0.0 	0.901612983756	-5.65139595433	148.522230913	-5.84609751073	
6.03333333333	0.0	0.0	0.0 	0.0 	152.4 	12.0 	0.0 	0.0 	0.0 	-0.0 	12.0 	0.0 	0.0 	0.0 	0.968305895832	-5.67343211702	148.53147283	-5.83286739586	
6.05	0.0	0.0	0.0 	0.0 	152.6 	12.0 	0.0 	0.0 	0.0 	-0.0 	12.0 	0.0 	0.0 	0.0 	1.03391351642	-5.69179558593	148.541079873	-5.81856205317	
6.06666666667	0.0	0.0	0.0 	0.0 	152.8 	12.0 	0.0 	0.0 	0.0 	-0.0 	12.0 	0.0 	0.0 	0.0 	1.09845350645	-5.70709847669	148.551052852	-5.80320932091	
6.08333333333	0.0	0.0	0.0 	0.0 	153.0 	12.0 	0.0 	0.0 	0.0 	-0.0 	12.0 	0.0 	0.0 	0.0 	1.16194323941	-5.71985088566	148.561394308	-5.7868360068	
6.1	0.0	0.0	0.0 	0.0 	153.2 	12.0 	0.0 	0.0 	0.0 	-0.0 	12.0 	0.0 	0.0 	0.0 	1.22439980612	-5.73047789313	148.572107673	-5.76946776763	
6.11666666667	0.0	0.0	0.0 	0.0 	153.4 	12.0 	0.0 	0.0 	0.0 	-0.0 	12.0 	0.0 	0.0 	0.0 	1.28584001925	-5.73933373269	148.583196665	-5.75112907246	
6.13333333333	0.0	0.0	0.0 	0.0 	153.6 	12.0 	0.0 	0.0 	0.0 	-0.0 	12.0 	0.0 	0.0 	0.0 	1.34628041789	-5.74671359899	148.594664877	-5.73184321593	
6.15	0.0	0.0	0.0 	0.0 	153.8 	12.0 	0.0 	0.0 	0.0 	-0.0 	12.0 	0.0 	0.0 	0.0 	1.40573727198	-5.75286348758	148.6065155	-5.71163236102	
6.16666666667	0.0	0.0	0.0 	0.0 	154.0 	12.0 	0.0 	0.0 	0.0 	-0.0 	12.0 	0.0 	0.0 	0.0 	1.46422658671	-5.75798839473	148.618751148	-5.69051759794	
6.18333333333	0.0	0.0	0.0 	0.0 	154.2 	12.0 	0.0 	0.0 	0.0 	-0.0 	12.0 	0.0 	0.0 	0.0 	1.52176410682	-5.76225915069	148.631373767	-5.66851901104	
6.2	0.0	0.0	0.0 	0.0 	154.4 	12.0 	0.0 	0.0 	0.0 	-0.0 	12.0 	0.0 	0.0 	0.0 	1.57836532083	-5.76581811399	148.64438459	-5.64565574856	
6.21666666667	0.0	0.0	0.0 	0.0 	154.6 	12.0 	0.0 	0.0 	0.0 	-0.0 	12.0 	0.0 	0.0 	0.0 	1.63404546522	-5.76878391674	148.657784139	-5.62194609194	
6.23333333333	0.0	0.0	0.0 	0.0 	154.8 	12.0 	0.0 	0.0 	0.0 	-0.0 	12.0 	0.0 	0.0 	0.0 	1.68881952851	-5.77125541903	148.671572242	-5.59740752293	
6.25	0.0	0.0	0.0 	0.0 	155.0 	12.0 	0.0 	0.0 	0.0 	-0.0 	12.0 	0.0 	0.0 	0.0 	1.74270225535	-5.77331500428	148.685748081	-5.57205678712	
6.26666666667	0.0	0.0	0.0 	0.0 	155.2 	12.0 	0.0 	0.0 	0.0 	-0.0 	12.0 	0.0 	0.0 	0.0 	1.7957081504	-5.77503132531	148.700310236	-5.54590995349	
6.28333333333	0.0	0.0	0.0 	0.0 	155.4 	12.0 	0.0 	0.0 	0.0 	-0.0 	12.0 	0.0 	0.0 	0.0 	1.84785148234	-5.77646159284	148.715256745	-5.51898246948	
6.3	0.0	0.0	0.0 	0.0 	155.6 	12.0 	0.0 	0.0 	0.0 	-0.0 	12.0 	0.0 	0.0 	0.0 	1.89914628761	-5.77765348245	148.73058516	-5.4912892117	
6.31666666667	0.0	0.0	0.0 	0.0 	155.8 	12.0 	0.0 	0.0 	0.0 	-0.0 	12.0 	0.0 	0.0 	0.0 	1.94960637427	-5.77864672379	148.746292605	-5.46284453209	
6.33333333333	0.0	0.0	0.0 	0.0 	156.0 	12.0 	0.0 	0.0 	0.0 	-0.0 	12.0 	0.0 	0.0 	0.0 	1.99924532566	-5.77947442491	148.762375828	-5.43366230006	
6.35	0.0	0.0	0.0 	0.0 	156.2 	12.0 	0.0 	0.0 	0.0 	-0.0 	12.0 	0.0 	0.0 	0.0 	2.04807650409	-5.78016417584	148.778831257	-5.40375594043	
6.36666666667	0.0	0.0	0.0 	0.0 	156.4 	12.0 	0.0 	0.0 	0.0 	-0.0 	12.0 	0.0 	0.0 	0.0 	2.09611305442	-5.78073896828	148.795655044	-5.37313846772	
6.38333333333	0.0	0.0	0.0 	0.0 	156.6 	12.0 	0.0 	0.0 	0.0 	-0.0 	12.0 	0.0 	0.0 	0.0 	2.1433679076	-5.78121796198	148.812843108	-5.34182251696	
6.4	0.0	0.0	0.0 	0.0 	156.8 	12.0 	0.0 	0.0 	0.0 	-0.0 	12.0 	0.0 	0.0 	0.0 	2.18985378417	-5.7816171234	148.830391179	-5.3098203713	
6.41666666667	0.0	0.0	0.0 	0.0 	157.0 	12.0 	0.0 	0.0 	0.0 	-0.0 	12.0 	0.0 	0.0 	0.0 	2.23558319765	-5.78194975792	148.848294827	-5.27714398669	
6.43333333333	0.0	0.0	0.0 	0.0 	157.2 	12.0 	0.0 	0.0 	0.0 	-0.0 	12.0 	0.0 	0.0 	0.0 	2.28056845795	-5.78222695335	148.866549499	-5.24380501398	
6.45	0.0	0.0	0.0 	0.0 	157.4 	12.0 	0.0 	0.0 	0.0 	-0.0 	12.0 	0.0 	0.0 	0.0 	2.32482167465	-5.78245794954	148.885150541	-5.20981481858	
6.46666666667	0.0	0.0	0.0 	0.0 	157.6 	12.0 	0.0 	0.0 	0.0 	-0.0 	12.0 	0.0 	0.0 	0.0 	2.36835476026	-5.78265044636	148.904093229	-5.17518449803	
6.48333333333	0.0	0.0	0.0 	0.0 	157.8 	12.0 	0.0 	0.0 	0.0 	-0.0 	12.0 	0.0 	0.0 	0.0 	2.41117943345	-5.78281086038	148.923372783	-5.13992489765	
6.5	0.0	0.0	0.0 	0.0 	158.0 	12.0 	0.0 	0.0 	0.0 	-0.0 	12.0 	0.0 	0.0 	0.0 	2.4533072222	-5.78294453874	148.942984391	-5.10404662451	
6.51666666667	0.0	0.0	0.0 	0.0 	158.2 	12.0 	0.0 	0.0 	0.0 	-0.0 	12.0 	0.0 	0.0 	0.0 	2.49474946688	-5.78305593736	148.962923222	-5.06756005988	
6.53333333333	0.0	0.0	0.0 	0.0 	158.4 	12.0 	0.0 	0.0 	0.0 	-0.0 	12.0 	0.0 	0.0 	0.0 	2.53551732332	-5.78314876955	148.983184439	-5.03047537035	
6.55	0.0	0.0	0.0 	0.0 	158.6 	12.0 	0.0 	0.0 	0.0 	-0.0 	12.0 	0.0 	0.0 	0.0 	2.57562176583	-5.78322612971	149.003763216	-4.99280251778	
6.56666666667	0.0	0.0	0.0 	0.0 	158.8 	12.0 	0.0 	0.0 	0.0 	-0.0 	12.0 	0.0 	0.0 	0.0 	2.61507359011	-5.78329059651	149.024654739	-4.95455126823	
6.58333333333	0.0	0.0	0.0 	0.0 	159.0 	12.0 	0.0 	0.0 	0.0 	-0.0 	12.0 	0.0 	0.0 	0.0 	2.6538834162	-5.78334431884	149.045854225	-4.91573119999	
6.6	0.0	0.0	0.0 	0.0 	159.2 	12.0 	0.0 	0.0 	0.0 	-0.0 	12.0 	0.0 	0.0 	0.0 	2.69206169132	-5.78338908745	149.067356919	-4.87635171075	
6.61666666667	0.0	0.0	0.0 	0.0 	159.4 	12.0 	0.0 	0.0 	0.0 	-0.0 	12.0 	0.0 	0.0 	0.0 	2.72961869267	-5.78342639462	149.089158109	-4.83642202417	
6.63333333333	0.0	0.0	0.0 	0.0 	159.6 	12.0 	0.0 	0.0 	0.0 	-0.0 	12.0 	0.0 	0.0 	0.0 	2.76656453022	-5.78345748393	149.111253122	-4.79595119579	
6.65	0.0	0.0	0.0 	0.0 	159.8 	12.0 	0.0 	0.0 	0.0 	-0.0 	12.0 	0.0 	0.0 	0.0 	2.80290914941	-5.78348339169	149.133637338	-4.75494811838	
6.66666666667	0.0	0.0	0.0 	0.0 	160.0 	12.0 	0.0 	0.0 	0.0 	-0.0 	12.0 	0.0 	0.0 	0.0 	2.83866233386	-5.78350498149	149.156306185	-4.71342152689	
6.68333333333	0.0	0.0	0.0 	0.0 	160.2 	12.0 	0.0 	0.0 	0.0 	-0.0 	12.0 	0.0 	0.0 	0.0 	2.87383370795	-5.78352297299	149.179255145	-4.67138000295	
6.7	0.0	0.0	0.0 	0.0 	160.4 	12.0 	0.0 	0.0 	0.0 	-0.0 	12.0 	0.0 	0.0 	0.0 	2.90843273947	-5.78353796591	149.202479757	-4.62883197903	
6.71666666667	0.0	0.0	0.0 	0.0 	160.6 	12.0 	0.0 	0.0 	0.0 	-0.0 	12.0 	0.0 	0.0 	0.0 	2.94246874214	-5.78355046001	149.225975617	-4.5857857423	
6.73333333333	0.0	0.0	0.0 	0.0 	160.8 	12.0 	0.0 	0.0 	0.0 	-0.0 	12.0 	0.0 	0.0 	0.0 	2.97595087809	-5.78356087175	149.249738383	-4.54224943818	
6.75	0.0	0.0	0.0 	0.0 	161.0 	12.0 	0.0 	0.0 	0.0 	-0.0 	12.0 	0.0 	0.0 	0.0 	3.00888816039	-5.78356954821	149.273763768	-4.49823107372	
6.76666666667	0.0	0.0	0.0 	0.0 	161.2 	12.0 	0.0 	0.0 	0.0 	-0.0 	12.0 	0.0 	0.0 	0.0 	3.04128945542	-5.78357677859	149.298047549	-4.45373852071	
6.78333333333	0.0	0.0	0.0 	0.0 	161.4 	12.0 	0.0 	0.0 	0.0 	-0.0 	12.0 	0.0 	0.0 	0.0 	3.07316348528	-5.78358280391	149.322585565	-4.40877951864	
6.8	0.0	0.0	0.0 	0.0 	161.6 	12.0 	0.0 	0.0 	0.0 	-0.0 	12.0 	0.0 	0.0 	0.0 	3.10451883014	-5.78358782501	149.347373712	-4.36336167748	
6.81666666667	0.0	0.0	0.0 	0.0 	161.8 	12.0 	0.0 	0.0 	0.0 	-0.0 	12.0 	0.0 	0.0 	0.0 	3.13536393054	-5.78359200925	149.372407951	-4.31749248036	
6.83333333333	0.0	0.0	0.0 	0.0 	162.0 	12.0 	0.0 	0.0 	0.0 	-0.0 	12.0 	0.0 	0.0 	0.0 	3.16570708968	-5.78359549613	149.397684303	-4.27117928609	
6.85	0.0	0.0	0.0 	0.0 	162.2 	12.0 	0.0 	0.0 	0.0 	-0.0 	12.0 	0.0 	0.0 	0.0 	3.19555647562	-5.78359840185	149.42319885	-4.22442933154	
6.86666666667	0.0	0.0	0.0 	0.0 	162.4 	12.0 	0.0 	0.0 	0.0 	-0.0 	12.0 	0.0 	0.0 	0.0 	3.22492012352	-5.78360082329	149.448947733	-4.17724973399	
6.88333333333	0.0	0.0	0.0 	0.0 	162.6 	12.0 	0.0 	0.0 	0.0 	-0.0 	12.0 	0.0 	0.0 	0.0 	3.25380593778	-5.78360284116	149.474927154	-4.12964749337	
6.9	0.0	0.0	0.0 	0.0 	162.8 	12.0 	0.0 	0.0 	0.0 	-0.0 	12.0 	0.0 	0.0 	0.0 	3.28222169418	-5.78360452272	149.501133375	-4.08162949438	
6.91666666667	0.0	0.0	0.0 	0.0 	163.0 	12.0 	0.0 	0.0 	0.0 	-0.0 	12.0 	0.0 	0.0 	0.0 	3.31017504194	-5.78360592401	149.527562715	-4.03320250857	
6.93333333333	0.0	0.0	0.0 	0.0 	163.2 	12.0 	0.0 	0.0 	0.0 	-0.0 	12.0 	0.0 	0.0 	0.0 	3.33767350582	-5.78360709176	149.554211554	-3.9843731964	
6.95	0.0	0.0	0.0 	0.0 	163.4 	12.0 	0.0 	0.0 	0.0 	-0.0 	12.0 	0.0 	0.0 	0.0 	3.36472448814	-5.78360806488	149.581076327	-3.9351481091	
6.96666666667	9.04559493337e-07	2.31793370168e-07	0.0 	0.0 	163.5991825 	11.9019 	0.0 	0.0 	0.0 	0.0 	11.95095 	-5.88599999891 	0.0 	0.0 	3.39133527075	-5.78360887582	149.608153527	-3.88553369068	
6.98333333333	9.04559493337e-07	4.32457173397e-07	0.0 	0.0 	163.79673 	11.8038 	0.0 	0.0 	0.0 	0.0 	11.85285 	-5.88599999891 	0.0 	0.0 	3.417513017	-5.7836095516	149.635439702	-3.83553627969	
7.0	9.04559493337e-07	6.02724818397e-07	0.0 	0.0 	163.9926425 	11.7057000001 	0.0 	0.0 	0.0 	0.0 	11.75475 	-5.88599999891 	0.0 	0.0 	3.44326477368	-5.78361011475	149.662931456	-3.78516211109	
7.01666666667	9.04559493337e-07	7.44114576865e-07	0.0 	0.0 	164.18692 	11.6076000001 	0.0 	0.0 	0.0 	0.0 	11.6566500001 	-5.88599999891 	0.0 	0.0 	3.4685974729	-5.78361058404	149.690625448	-3.73441731795	
7.03333333333	9.04559493337e-07	8.58705543316e-07	0.0 	0.0 	164.3795625 	11.5095000001 	0.0 	0.0 	0.0 	0.0 	11.5585500001 	-5.88599999891 	0.0 	0.0 	3.49351793397	-5.78361097511	149.71851839	-3.68330793321	
7.05	9.04559493337e-07	9.48946478255e-07	0.0 	0.0 	164.57057 	11.4114000001 	0.0 	0.0 	0.0 	0.0 	11.4604500001 	-5.88599999891 	0.0 	0.0 	3.51803286523	-5.78361130101	149.746607048	-3.63183989137	
7.06666666667	9.04559493337e-07	1.01749610955e-06	0.0 	0.0 	164.7599425 	11.3133000001 	0.0 	0.0 	0.0 	0.0 	11.3623500001 	-5.88599999891 	0.0 	0.0 	3.54214886585	-5.78361157259	149.774888238	-3.58001903009	
7.08333333333	-4.41602085758e-07	7.2213889991e-07	0.0 	0.0 	164.94768 	11.2152000001 	0.0 	0.0 	0.0 	0.0 	11.2642500001 	-5.88599999979 	0.0 	0.0 	3.56587242761	-5.78361179891	149.80335883	-3.52785109187	
7.1	-4.41602085758e-07	4.56870156634e-07	0.0 	0.0 	165.1337825 	11.1171000001 	0.0 	0.0 	0.0 	0.0 	11.1661500001 	-5.88599999979 	0.0 	0.0 	3.58920993666	-5.7836119875	149.832015743	-3.47534172556	
7.11666666667	-4.41602085758e-07	2.2320962302e-07	0.0 	0.0 	165.31825 	11.0190000001 	0.0 	0.0 	0.0 	0.0 	11.0680500001 	-5.88599999979 	0.0 	0.0 	3.61216767522	-5.78361214467	149.860855946	-3.42249648796	
7.13333333333	-4.41602085758e-07	2.13473435707e-08	0.0 	0.0 	165.5010825 	10.9209000001 	0.0 	0.0 	0.0 	0.0 	10.9699500001 	-5.88599999979 	0.0 	0.0 	3.63475182329	-5.78361227564	149.889876459	-3.36932084532	
7.15	-4.41602085758e-07	-1.4956309267e-07	0.0 	0.0 	165.68228 	10.8228000001 	0.0 	0.0 	0.0 	-0.0 	10.8718500001 	-5.88599999979 	0.0 	0.0 	3.65696846029	-5.78361238478	149.919074347	-3.31582017484	
7.16666666667	-4.41602085758e-07	-2.9114489929e-07	0.0 	0.0 	165.8618425 	10.7247000001 	0.0 	0.0 	0.0 	-0.0 	10.7737500001 	-5.88599999979 	0.0 	0.0 	3.67882356671	-5.78361247573	149.948446726	-3.26199976614	
7.18333333333	-1.13852438307e-07	-3.21586739338e-07	0.0 	0.0 	166.03977 	10.6266000001 	0.0 	0.0 	0.0 	-0.0 	10.6756500001 	-5.88599999999 	0.0 	0.0 	3.70032302573	-5.78361255153	149.977990756	-3.20786482266	
7.2	-1.13852438307e-07	-3.38687468468e-07	0.0 	0.0 	166.2160625 	10.5285000001 	0.0 	0.0 	0.0 	-0.0 	10.5775500001 	-5.88599999999 	0.0 	0.0 	3.72147262478	-5.78361261469	150.007703644	-3.15342046315	
7.21666666667	-1.13852438307e-07	-3.44914438851e-07	0.0 	0.0 	166.39072 	10.4304000001 	0.0 	0.0 	0.0 	-0.0 	10.4794500001 	-5.88599999999 	0.0 	0.0 	3.74227805714	-5.78361266732	150.037582644	-3.09867172298	
7.23333333333	-1.13852438307e-07	-3.42519653381e-07	0.0 	0.0 	166.5637425 	10.3323000001 	0.0 	0.0 	0.0 	-0.0 	10.3813500001 	-5.88599999999 	0.0 	0.0 	3.7627449234	-5.78361271118	150.067625052	-3.04362355555	
7.25	-1.13852438307e-07	-3.33517844171e-07	0.0 	0.0 	166.73513 	10.2342000001 	0.0 	0.0 	0.0 	-0.0 	10.2832500001 	-5.88599999999 	0.0 	0.0 	3.78287873304	-5.78361274774	150.097828211	-2.98828083361	
7.26666666667	-1.13852438307e-07	-3.196768981e-07	0.0 	0.0 	166.9048825 	10.1361000001 	0.0 	0.0 	0.0 	-0.0 	10.1851500001 	-5.88599999999 	0.0 	0.0 	3.80268490589	-5.78361277819	150.128189503	-2.93264835059	
7.28333333333	-1.13852438307e-07	-3.02518150526e-07	0.0 	0.0 	167.073 	10.0380000001 	0.0 	0.0 	0.0 	-0.0 	10.0870500001 	-5.88599999999 	0.0 	0.0 	3.82216877357	-5.78361280358	150.158706357	-2.8767308219	
7.3	1.15082088534e-06	4.07482215343e-08	0.0 	0.0 	167.2394825 	9.93990000016 	0.0 	0.0 	0.0 	0.0 	9.98895000016 	-5.88599999913 	0.0 	0.0 	3.84133558093	-5.78361282473	150.18937624	-2.82053288618	
7.31666666667	1.15082088534e-06	3.41469430625e-07	0.0 	0.0 	167.40433 	9.84180000018 	0.0 	0.0 	0.0 	0.0 	9.89085000017 	-5.88599999913 	0.0 	0.0 	3.86019048748	-5.78361284236	150.220196664	-2.76405910658	
7.33333333333	1.15082088534e-06	5.9982060063e-07	0.0 	0.0 	167.5675425 	9.74370000019 	0.0 	0.0 	0.0 	0.0 	9.79275000019 	-5.88599999913 	0.0 	0.0 	3.87873856879	-5.78361285705	150.251165177	-2.70731397197	
7.35	1.15082088534e-06	8.17261516281e-07	0.0 	0.0 	167.72912 	9.64560000021 	0.0 	0.0 	0.0 	0.0 	9.6946500002 	-5.88599999913 	0.0 	0.0 	3.8969848178	-5.78361286929	150.282279371	-2.65030189818	
7.36666666667	1.15082088534e-06	9.96201956194e-07	0.0 	0.0 	167.8890625 	9.54750000022 	0.0 	0.0 	0.0 	0.0 	9.59655000021 	-5.88599999913 	0.0 	0.0 	3.91493414622	-5.78361287949	150.313536875	-2.59302722914	
7.38333333333	1.15082088534e-06	1.13971263866e-06	0.0 	0.0 	168.04737 	9.44940000024 	0.0 	0.0 	0.0 	0.0 	9.49845000023 	-5.88599999913 	0.0 	0.0 	3.93259138584	-5.78361288799	150.344935357	-2.53549423811	
7.4	1.15082088534e-06	1.25128055028e-06	0.0 	0.0 	168.2040425 	9.35130000025 	0.0 	0.0 	0.0 	0.0 	9.40035000024 	-5.88599999913 	0.0 	0.0 	3.9499612898	-5.78361289507	150.376472523	-2.47770712878	
7.41666666667	7.62205680623e-07	1.23502367105e-06	0.0 	0.0 	168.35908 	9.25320000025 	0.0 	0.0 	0.0 	0.0 	9.30225000025 	-5.88599999971 	0.0 	0.0 	3.9670485339	-5.78361290098	150.408146116	-2.41967003645	
7.43333333333	7.62205680623e-07	1.20764902745e-06	0.0 	0.0 	168.5124825 	9.15510000026 	0.0 	0.0 	0.0 	0.0 	9.20415000026 	-5.88599999971 	0.0 	0.0 	3.98385771786	-5.7836129059	150.439953916	-2.36138702911	
7.45	7.62205680623e-07	1.17251357406e-06	0.0 	0.0 	168.66425 	9.05700000026 	0.0 	0.0 	0.0 	0.0 	9.10605000026 	-5.88599999971 	0.0 	0.0 	4.00039336655	-5.78361291	150.471893739	-2.30286210855	
7.46666666667	7.62205680623e-07	1.13246147602e-06	0.0 	0.0 	168.8143825 	8.95890000027 	0.0 	0.0 	0.0 	0.0 	9.00795000027 	-5.88599999971 	0.0 	0.0 	4.01665993119	-5.78361291341	150.503963437	-2.24409921143	
7.48333333333	7.62205680623e-07	1.08985060643e-06	0.0 	0.0 	168.96288 	8.86080000027 	0.0 	0.0 	0.0 	0.0 	8.90985000027 	-5.88599999971 	0.0 	0.0 	4.03266179058	-5.78361291626	150.536160897	-2.18510221035	
7.5	7.62205680623e-07	1.04658827857e-06	0.0 	0.0 	169.1097425 	8.76270000028 	0.0 	0.0 	0.0 	0.0 	8.81175000028 	-5.88599999971 	0.0 	0.0 	4.04840325225	-5.78361291863	150.568484039	-2.1258749149	
7.51666666667	7.62205680623e-07	1.00417301829e-06	0.0 	0.0 	169.25497 	8.66460000028 	0.0 	0.0 	0.0 	0.0 	8.71365000028 	-5.88599999971 	0.0 	0.0 	4.06388855366	-5.78361292061	150.600930818	-2.06642107265	
7.53333333333	-2.29489412335e-06	1.80357887506e-07	0.0 	0.0 	169.3985625 	8.56650000032 	0.0 	0.0 	0.0 	0.0 	8.6155500003 	-5.88599999809 	0.0 	0.0 	4.07912186328	-5.78361292226	150.633499222	-2.0067443702	
7.55	-2.29489412335e-06	-5.35450464192e-07	0.0 	0.0 	169.54052 	8.46840000035 	0.0 	0.0 	0.0 	-0.0 	8.51745000033 	-5.88599999809 	0.0 	0.0 	4.09410728178	-5.78361292363	150.666187272	-1.94684843416	
7.56666666667	-2.29489412335e-06	-1.14518455111e-06	0.0 	0.0 	169.6808425 	8.37030000038 	0.0 	0.0 	0.0 	-0.0 	8.41935000036 	-5.88599999809 	0.0 	0.0 	4.10884884307	-5.78361292477	150.698993022	-1.88673683211	
7.58333333333	-2.29489412335e-06	-1.6536568926e-06	0.0 	0.0 	169.81953 	8.27220000041 	0.0 	0.0 	0.0 	-0.0 	8.3212500004 	-5.88599999809 	0.0 	0.0 	4.12335051544	-5.78361292573	150.731914555	-1.82641307359	
7.6	-2.29489412335e-06	-2.06776162072e-06	0.0 	0.0 	169.9565825 	8.17410000044 	0.0 	0.0 	0.0 	-0.0 	8.22315000043 	-5.88599999809 	0.0 	0.0 	4.13761620259	-5.78361292652	150.764949987	-1.76588061102	
7.61666666667	-2.29489412335e-06	-2.39579067571e-06	0.0 	0.0 	170.092 	8.07600000047 	0.0 	0.0 	0.0 	-0.0 	8.12505000046 	-5.88599999809 	0.0 	0.0 	4.1516497447	-5.78361292718	150.798097466	-1.70514284062	
7.63333333333	-2.29489412335e-06	-2.64686017608e-06	0.0 	0.0 	170.2257825 	7.97790000051 	0.0 	0.0 	0.0 	-0.0 	8.02695000049 	-5.88599999809 	0.0 	0.0 	4.16545491946	-5.78361292773	150.831355168	-1.64420310338	
7.65	-5.74625705989e-08	-2.25709826432e-06	0.0 	0.0 	170.35793 	7.87980000051 	0.0 	0.0 	0.0 	-0.0 	7.92885000051 	-5.886 	0.0 	0.0 	4.17903544308	-5.78361292819	150.864721299	-1.58306468589	
7.66666666667	-5.74625705989e-08	-1.88629416727e-06	0.0 	0.0 	170.4884425 	7.78170000051 	0.0 	0.0 	0.0 	-0.0 	7.83075000051 	-5.886 	0.0 	0.0 	4.19239497131	-5.78361292858	150.898194095	-1.52173082128	
7.68333333333	-5.74625705989e-08	-1.54177000467e-06	0.0 	0.0 	170.61732 	7.68360000051 	0.0 	0.0 	0.0 	-0.0 	7.73265000051 	-5.886 	0.0 	0.0 	4.20553710038	-5.7836129289	150.931771819	-1.46020469004	
7.7	-5.74625705989e-08	-1.22837917134e-06	0.0 	0.0 	170.7445625 	7.58550000051 	0.0 	0.0 	0.0 	-0.0 	7.63455000051 	-5.886 	0.0 	0.0 	4.21846536804	-5.78361292916	150.965452766	-1.39848942094	
7.71666666667	-5.74625705989e-08	-9.48910131732e-07	0.0 	0.0 	170.87017 	7.48740000051 	0.0 	0.0 	0.0 	-0.0 	7.53645000051 	-5.886 	0.0 	0.0 	4.23118325444	-5.78361292938	150.999235253	-1.3365880918	
7.73333333333	-5.74625705989e-08	-7.04463889752e-07	0.0 	0.0 	170.9941425 	7.38930000051 	0.0 	0.0 	0.0 	-0.0 	7.43835000051 	-5.886 	0.0 	0.0 	4.24369418311	-5.78361292957	151.033117631	-1.27450373038	
7.75	-3.93137866952e-07	-5.80816055685e-07	0.0 	0.0 	171.11648 	7.29120000051 	0.0 	0.0 	0.0 	-0.0 	7.34025000051 	-5.88599999997 	0.0 	0.0 	4.25600152186	-5.78361292972	151.067098272	-1.21223931515	
7.76666666667	-3.93137866952e-07	-4.79124040884e-07	0.0 	0.0 	171.2371825 	7.19310000051 	0.0 	0.0 	0.0 	-0.0 	7.24215000051 	-5.88599999997 	0.0 	0.0 	4.26810858371	-5.78361292985	151.101175578	-1.14979777612	
7.78333333333	-3.93137866952e-07	-3.97625661479e-07	0.0 	0.0 	171.35625 	7.09500000051 	0.0 	0.0 	0.0 	-0.0 	7.14405000051 	-5.88599999997 	0.0 	0.0 	4.28001862775	-5.78361292996	151.135347976	-1.08718199563	
7.8	-3.93137866952e-07	-3.34324173861e-07	0.0 	0.0 	171.4736825 	6.99690000051 	0.0 	0.0 	0.0 	-0.0 	7.04595000051 	-5.88599999997 	0.0 	0.0 	4.29173486006	-5.78361293005	151.169613918	-1.0243948091	
7.81666666667	-3.93137866952e-07	-2.87103448866e-07	0.0 	0.0 	171.58948 	6.89880000051 	0.0 	0.0 	0.0 	-0.0 	6.94785000051 	-5.88599999997 	0.0 	0.0 	4.30326043451	-5.78361293012	151.203971882	-0.961439005811	
7.83333333333	-3.93137866952e-07	-2.5382096256e-07	0.0 	0.0 	171.7036425 	6.80070000051 	0.0 	0.0 	0.0 	-0.0 	6.84975000051 	-5.88599999997 	0.0 	0.0 	4.31459845369	-5.78361293018	151.238420371	-0.898317329665	
7.85	-3.93137866952e-07	-2.32380688935e-07	0.0 	0.0 	171.81617 	6.70260000051 	0.0 	0.0 	0.0 	-0.0 	6.75165000051 	-5.88599999997 	0.0 	0.0 	4.32575196967	-5.78361293023	151.272957912	-0.835032479904	
7.86666666667	-4.41660959768e-08	-1.31364122376e-07	0.0 	0.0 	171.9270625 	6.60450000051 	0.0 	0.0 	0.0 	-0.0 	6.65355000051 	-5.886 	0.0 	0.0 	4.33672398486	-5.78361293028	151.307583055	-0.771587111845	
7.88333333333	-4.41660959768e-08	-5.03513449683e-08	0.0 	0.0 	172.03632 	6.50640000051 	0.0 	0.0 	0.0 	-0.0 	6.55545000051 	-5.886 	0.0 	0.0 	4.34751745282	-5.78361293031	151.342294375	-0.707983837598	
7.9	-4.41660959768e-08	1.26268465538e-08	0.0 	0.0 	172.1439425 	6.40830000051 	0.0 	0.0 	0.0 	0.0 	6.45735000051 	-5.886 	0.0 	0.0 	4.35813527905	-5.78361293034	151.377090469	-0.644225226765	
7.91666666667	-4.41660959768e-08	5.96601655294e-08	0.0 	0.0 	172.24993 	6.31020000051 	0.0 	0.0 	0.0 	0.0 	6.35925000051 	-5.886 	0.0 	0.0 	4.36858032175	-5.78361293037	151.411969958	-0.580313807134	
7.93333333333	-4.41660959768e-08	9.28664170634e-08	0.0 	0.0 	172.3542825 	6.21210000051 	0.0 	0.0 	0.0 	0.0 	6.26115000051 	-5.886 	0.0 	0.0 	4.37885539263	-5.78361293039	151.446931486	-0.516252065357	
7.95	-4.41660959768e-08	1.1431899597e-07	0.0 	0.0 	172.457 	6.11400000051 	0.0 	0.0 	0.0 	0.0 	6.16305000051 	-5.886 	0.0 	0.0 	4.38896325763	-5.78361293041	151.481973716	-0.45204244762	
7.96666666667	-3.90252825316e-07	3.73073611056e-08	0.0 	0.0 	172.5580825 	6.01590000051 	0.0 	0.0 	0.0 	0.0 	6.06495000051 	-5.88599999999 	0.0 	0.0 	4.39890663769	-5.78361293042	151.517095336	-0.387687360305	
7.98333333333	-3.90252825316e-07	-3.57379117397e-08	0.0 	0.0 	172.65753 	5.91780000051 	0.0 	0.0 	0.0 	-0.0 	5.96685000051 	-5.88599999999 	0.0 	0.0 	4.40868820947	-5.78361293043	151.552295053	-0.323189170634	
8.0	-3.90252825316e-07	-1.03426589244e-07	0.0 	0.0 	172.7553425 	5.81970000051 	0.0 	0.0 	0.0 	-0.0 	5.86875000051 	-5.88599999999 	0.0 	0.0 	4.41831060606	-5.78361293044	151.587571598	-0.258550207305	
8.01666666667	-3.90252825316e-07	-1.64848634187e-07	0.0 	0.0 	172.85152 	5.72160000051 	0.0 	0.0 	0.0 	-0.0 	5.77065000051 	-5.88599999999 	0.0 	0.0 	4.42777641772	-5.78361293045	151.622923719	-0.193772761124	
8.03333333333	-3.90252825316e-07	-2.19494599991e-07	0.0 	0.0 	172.9460625 	5.62350000051 	0.0 	0.0 	0.0 	-0.0 	5.67255000051 	-5.88599999999 	0.0 	0.0 	4.43708819255	-5.78361293046	151.658350187	-0.128859085618	
8.05	-3.90252825316e-07	-2.6718141803e-07	0.0 	0.0 	173.03897 	5.52540000051 	0.0 	0.0 	0.0 	-0.0 	5.57445000051 	-5.88599999999 	0.0 	0.0 	4.44624843718	-5.78361293046	151.693849792	-0.0638113976415	
8.06666666667	-3.90252825316e-07	-3.07984683488e-07	0.0 	0.0 	173.1302425 	5.42730000051 	0.0 	0.0 	0.0 	-0.0 	5.47635000051 	-5.88599999999 	0.0 	0.0 	4.45525961747	-5.78361293047	151.729421344	0.00136812202445	
8.08333333333	2.54062400842e-06	4.08859094995e-07	0.0 	0.0 	173.21988 	5.32920000052 	0.0 	0.0 	0.0 	0.0 	5.37825000051 	-5.88599999964 	0.0 	0.0 	4.46412415913	-5.78361293047	151.765063671	0.0666773280876	
8.1	2.54062400842e-06	1.03103067686e-06	0.0 	0.0 	173.3078825 	5.23110000052 	0.0 	0.0 	0.0 	0.0 	5.28015000052 	-5.88599999964 	0.0 	0.0 	4.4728444484	-5.78361293048	151.800775623	0.132114110165	
8.11666666667	2.54062400842e-06	1.56038844442e-06	0.0 	0.0 	173.39425 	5.13300000053 	0.0 	0.0 	0.0 	0.0 	5.18205000053 	-5.88599999964 	0.0 	0.0 	4.48142283271	-5.78361293048	151.836556066	0.197676392218	
8.13333333333	2.54062400842e-06	2.00127307566e-06	0.0 	0.0 	173.4789825 	5.03490000054 	0.0 	0.0 	0.0 	0.0 	5.08395000053 	-5.88599999964 	0.0 	0.0 	4.48986162126	-5.78361293048	151.872403886	0.263362131988	
8.15	2.54062400842e-06	2.35981338151e-06	0.0 	0.0 	173.56208 	4.93680000054 	0.0 	0.0 	0.0 	0.0 	4.98585000054 	-5.88599999964 	0.0 	0.0 	4.49816308569	-5.78361293048	151.908317987	0.329169320453	
8.16666666667	2.54062400842e-06	2.64333245064e-06	0.0 	0.0 	173.6435425 	4.83870000055 	0.0 	0.0 	0.0 	0.0 	4.88775000054 	-5.88599999964 	0.0 	0.0 	4.50632946067	-5.78361293048	151.944297289	0.395095981282	
8.18333333333	2.54062400842e-06	2.8598500904e-06	0.0 	0.0 	173.72337 	4.74060000055 	0.0 	0.0 	0.0 	0.0 	4.78965000055 	-5.88599999964 	0.0 	0.0 	4.51436294451	-5.78361293049	151.980340731	0.461140170305	
8.2	8.22672419395e-07	2.57745035146e-06	0.0 	0.0 	173.8015625 	4.64250000055 	0.0 	0.0 	0.0 	0.0 	4.69155000055 	-5.88599999998 	0.0 	0.0 	4.52226569975	-5.78361293049	152.016447271	0.527299974991	
8.21666666667	8.22672419395e-07	2.3037537434e-06	0.0 	0.0 	173.87812 	4.54440000055 	0.0 	0.0 	0.0 	0.0 	4.59345000055 	-5.88599999998 	0.0 	0.0 	4.53003985371	-5.78361293049	152.052615881	0.593573513928	
8.23333333333	8.22672419395e-07	2.04535508078e-06	0.0 	0.0 	173.9530425 	4.44630000055 	0.0 	0.0 	0.0 	0.0 	4.49535000055 	-5.88599999998 	0.0 	0.0 	4.53768749914	-5.78361293049	152.088845551	0.659958936325	
8.25	8.22672419395e-07	1.80688728409e-06	0.0 	0.0 	174.02633 	4.34820000056 	0.0 	0.0 	0.0 	0.0 	4.39725000055 	-5.88599999998 	0.0 	0.0 	4.54521069469	-5.78361293049	152.125135287	0.726454421504	
8.26666666667	8.22672419395e-07	1.59131802713e-06	0.0 	0.0 	174.0979825 	4.25010000056 	0.0 	0.0 	0.0 	0.0 	4.29915000056 	-5.88599999998 	0.0 	0.0 	4.55261146554	-5.78361293049	152.161484112	0.793058178419	
8.28333333333	8.22672419395e-07	1.40023167774e-06	0.0 	0.0 	174.168 	4.15200000056 	0.0 	0.0 	0.0 	0.0 	4.20105000056 	-5.88599999998 	0.0 	0.0 	4.55989180389	-5.78361293049	152.197891065	0.859768445166	
8.3	3.98810595319e-06	2.04523337317e-06	0.0 	0.0 	174.2363825 	4.05390000056 	0.0 	0.0 	0.0 	0.0 	4.10295000056 	-5.8859999997 	0.0 	0.0 	4.56705366955	-5.78361293049	152.2343552	0.926583488515	
8.31666666667	3.98810595319e-06	2.60582445526e-06	0.0 	0.0 	174.30313 	3.95580000057 	0.0 	0.0 	0.0 	0.0 	4.00485000056 	-5.8859999997 	0.0 	0.0 	4.57409899042	-5.78361293049	152.270875585	0.993501603441	
8.33333333333	3.98810595319e-06	3.08347884069e-06	0.0 	0.0 	174.368242501 	3.85770000057 	0.0 	0.0 	0.0 	0.0 	3.90675000057 	-5.8859999997 	0.0 	0.0 	4.58102966301	-5.78361293049	152.307451306	1.06052111266	
8.35	3.98810595319e-06	3.48193058666e-06	0.0 	0.0 	174.431720001 	3.75960000058 	0.0 	0.0 	0.0 	0.0 	3.80865000057 	-5.8859999997 	0.0 	0.0 	4.58784755301	-5.78361293049	152.344081463	1.12764036619	
8.36666666667	3.98810595319e-06	3.80654867e-06	0.0 	0.0 	174.493562501 	3.66150000058 	0.0 	0.0 	0.0 	0.0 	3.71055000058 	-5.8859999997 	0.0 	0.0 	4.59455449572	-5.78361293049	152.380765168	1.1948577409	
8.38333333333	3.98810595319e-06	4.06380134968e-06	0.0 	0.0 	174.553770001 	3.56340000059 	0.0 	0.0 	0.0 	0.0 	3.61245000058 	-5.8859999997 	0.0 	0.0 	4.60115229658	-5.78361293049	152.417501552	1.26217164005	
8.4	3.98810595319e-06	4.26080669529e-06	0.0 	0.0 	174.612342501 	3.46530000059 	0.0 	0.0 	0.0 	0.0 	3.51435000059 	-5.8859999997 	0.0 	0.0 	4.60764273164	-5.78361293049	152.454289756	1.32958049292	
8.41666666667	5.38849014183e-06	4.76381238829e-06	0.0 	0.0 	174.669280001 	3.3672000006 	0.0 	0.0 	0.0 	0.0 	3.41625000059 	-5.88599999973 	0.0 	0.0 	4.61402754808	-5.78361293049	152.491128938	1.39708275432	
8.43333333333	5.38849014183e-06	5.17316298016e-06	0.0 	0.0 	174.724582501 	3.2691000006 	0.0 	0.0 	0.0 	0.0 	3.3181500006 	-5.88599999973 	0.0 	0.0 	4.62030846462	-5.78361293049	152.528018268	1.46467690423	
8.45	5.38849014183e-06	5.49713866267e-06	0.0 	0.0 	174.778250001 	3.1710000006 	0.0 	0.0 	0.0 	0.0 	3.2200500006 	-5.88599999973 	0.0 	0.0 	4.62648717202	-5.78361293049	152.56495693	1.53236144733	
8.46666666667	5.38849014183e-06	5.74482455033e-06	0.0 	0.0 	174.830282501 	3.07290000061 	0.0 	0.0 	0.0 	0.0 	3.12195000061 	-5.88599999973 	0.0 	0.0 	4.63256533353	-5.78361293049	152.60194412	1.60013491267	
8.48333333333	5.38849014183e-06	5.92564566301e-06	0.0 	0.0 	174.880680001 	2.97480000061 	0.0 	0.0 	0.0 	0.0 	3.02385000061 	-5.88599999973 	0.0 	0.0 	4.63854458532	-5.78361293049	152.63897905	1.66799585322	
8.5	5.38849014183e-06	6.04899591529e-06	0.0 	0.0 	174.929442501 	2.87670000062 	0.0 	0.0 	0.0 	0.0 	2.92575000062 	-5.88599999973 	0.0 	0.0 	4.64442653695	-5.78361293049	152.676060943	1.73594284549	
8.51666666667	5.38849014183e-06	6.12395155539e-06	0.0 	0.0 	174.976570001 	2.77860000062 	0.0 	0.0 	0.0 	0.0 	2.82765000062 	-5.88599999973 	0.0 	0.0 	4.65021277178	-5.78361293049	152.713189034	1.80397448917	
8.53333333333	4.67086948024e-06	5.97516871277e-06	0.0 	0.0 	175.022062501 	2.68050000062 	0.0 	0.0 	0.0 	0.0 	2.72955000062 	-5.88599999992 	0.0 	0.0 	4.65590484741	-5.78361293049	152.750362571	1.87208940674	
8.55	4.67086948024e-06	5.81910265871e-06	0.0 	0.0 	175.065920001 	2.58240000063 	0.0 	0.0 	0.0 	0.0 	2.63145000062 	-5.88599999992 	0.0 	0.0 	4.66150429609	-5.78361293049	152.787580816	1.94028624307	
8.56666666667	4.67086948024e-06	5.66226917999e-06	0.0 	0.0 	175.108142501 	2.48430000063 	0.0 	0.0 	0.0 	0.0 	2.53335000063 	-5.88599999992 	0.0 	0.0 	4.66701262513	-5.78361293049	152.824843039	2.00856366511	
8.58333333333	4.67086948024e-06	5.50974199337e-06	0.0 	0.0 	175.148730001 	2.38620000063 	0.0 	0.0 	0.0 	0.0 	2.43525000063 	-5.88599999992 	0.0 	0.0 	4.67243131732	-5.78361293049	152.862148527	2.07692036148	
8.6	4.67086948024e-06	5.3653186577e-06	0.0 	0.0 	175.187682501 	2.28810000063 	0.0 	0.0 	0.0 	0.0 	2.33715000063 	-5.88599999992 	0.0 	0.0 	4.67776183131	-5.78361293049	152.899496574	2.14535504216	
8.61666666667	4.67086948024e-06	5.23168903576e-06	0.0 	0.0 	175.225000001 	2.19000000063 	0.0 	0.0 	0.0 	0.0 	2.23905000063 	-5.88599999992 	0.0 	0.0 	4.68300560204	-5.78361293049	152.936886488	2.21386643812	
8.63333333333	4.67086948024e-06	5.11060046765e-06	0.0 	0.0 	175.260682501 	2.09190000063 	0.0 	0.0 	0.0 	0.0 	2.14095000063 	-5.88599999992 	0.0 	0.0 	4.68816404106	-5.78361293049	152.974317589	2.28245330096	
8.65	6.84005365896e-06	5.5588686798e-06	0.0 	0.0 	175.294730001 	1.99380000063 	0.0 	0.0 	0.0 	0.0 	2.04285000063 	-5.88599999994 	0.0 	0.0 	4.69323853698	-5.78361293049	153.011789205	2.35111440262	
8.66666666667	6.84005365896e-06	5.94631357482e-06	0.0 	0.0 	175.327142501 	1.89570000063 	0.0 	0.0 	0.0 	0.0 	1.94475000063 	-5.88599999994 	0.0 	0.0 	4.6982304558	-5.78361293049	153.049300677	2.41984853502	
8.68333333333	6.84005365896e-06	6.27451274609e-06	0.0 	0.0 	175.357920001 	1.79760000064 	0.0 	0.0 	0.0 	0.0 	1.84665000063 	-5.88599999994 	0.0 	0.0 	4.7031411413	-5.78361293049	153.086851357	2.48865450971	
8.7	6.84005365896e-06	6.54654025735e-06	0.0 	0.0 	175.387062501 	1.69950000064 	0.0 	0.0 	0.0 	0.0 	1.74855000064 	-5.88599999994 	0.0 	0.0 	4.70797191538	-5.78361293049	153.124440607	2.55753115763	
8.71666666667	6.84005365896e-06	6.76653387238e-06	0.0 	0.0 	175.414570001 	1.60140000064 	0.0 	0.0 	0.0 	0.0 	1.65045000064 	-5.88599999994 	0.0 	0.0 	4.71272407843	-5.78361293049	153.162067798	2.6264773287	
8.73333333333	6.84005365896e-06	6.93932641735e-06	0.0 	0.0 	175.440442501 	1.50330000064 	0.0 	0.0 	0.0 	0.0 	1.55235000064 	-5.88599999994 	0.0 	0.0 	4.7173989097	-5.78361293049	153.199732315	2.69549189158	
8.75	6.84005365896e-06	7.07013836601e-06	0.0 	0.0 	175.464680001 	1.40520000064 	0.0 	0.0 	0.0 	0.0 	1.45425000064 	-5.88599999994 	0.0 	0.0 	4.7219976676	-5.78361293049	153.237433548	2.76457373333	
8.76666666667	6.50122337595e-06	7.0775022191e-06	0.0 	0.0 	175.487282501 	1.30710000064 	0.0 	0.0 	0.0 	0.0 	1.35615000064 	-5.88599999999 	0.0 	0.0 	4.72652159007	-5.78361293049	153.275170902	2.83372175912	
8.78333333333	6.50122337595e-06	7.0652004914e-06	0.0 	0.0 	175.508250001 	1.20900000064 	0.0 	0.0 	0.0 	0.0 	1.25805000064 	-5.88599999999 	0.0 	0.0 	4.73097189491	-5.78361293049	153.312943787	2.90293489194	
8.8	6.50122337595e-06	7.03804236758e-06	0.0 	0.0 	175.527582501 	1.11090000064 	0.0 	0.0 	0.0 	0.0 	1.15995000064 	-5.88599999999 	0.0 	0.0 	4.73534978008	-5.78361293049	153.350751627	2.97221207232	
8.81666666667	6.50122337595e-06	7.00021922812e-06	0.0 	0.0 	175.545280001 	1.01280000064 	0.0 	0.0 	0.0 	0.0 	1.06185000064 	-5.88599999999 	0.0 	0.0 	4.73965642408	-5.78361293049	153.388593851	3.04155225799	
8.83333333333	6.50122337595e-06	6.95531267467e-06	0.0 	0.0 	175.561342501 	0.91470000064 	0.0 	0.0 	0.0 	0.0 	0.96375000064 	-5.88599999999 	0.0 	0.0 	4.74389298621	-5.78361293049	153.4264699	3.11095442369	
8.85	6.50122337595e-06	6.95531267467e-06	0.0 	0.0 	175.561342501 	0.0 	0.0 	0.0 	0.0 	0.0 	0.0 	0.0 	0.0 	0.0 	0.0	-5.78361293049	153.4264699	3.11095442369	
8.86666666667	6.50122337595e-06	6.95531267467e-06	0.0 	0.0 	175.561342501 	0.0 	0.0 	0.0 	0.0 	0.0 	0.0 	0.0 	0.0 	0.0 	0.0	-5.78361293049	153.4264699	3.11095442369	
8.88333333333	6.50122337595e-06	6.95531267467e-06	0.0 	0.0 	175.561342501 	0.0 	0.0 	0.0 	0.0 	0.0 	0.0 	0.0 	0.0 	0.0 	0.0	-5.78361293049	153.4264699	3.11095442369	
8.9	6.50122337595e-06	6.95531267467e-06	0.0 	0.0 	175.561342501 	0.0 	0.0 	0.0 	0.0 	0.0 	0.0 	0.0 	0.0 	0.0 	0.0	-5.78361293049	153.4264699	3.11095442369	
8.91666666667	6.50122337595e-06	6.95531267467e-06	0.0 	0.0 	175.561342501 	0.0 	0.0 	0.0 	0.0 	0.0 	0.0 	0.0 	0.0 	0.0 	0.0	-5.78361293049	153.4264699	3.11095442369	
8.93333333333	6.50122337595e-06	6.95531267467e-06	0.0 	0.0 	175.561342501 	0.0 	0.0 	0.0 	0.0 	0.0 	0.0 	0.0 	0.0 	0.0 	0.0	-5.78361293049	153.4264699	3.11095442369	
8.95	6.50122337595e-06	6.95531267467e-06	0.0 	0.0 	175.561342501 	0.0 	0.0 	0.0 	0.0 	0.0 	0.0 	0.0 	0.0 	0.0 	0.0	-5.78361293049	153.4264699	3.11095442369	
8.96666666667	6.50122337595e-06	6.95531267467e-06	0.0 	0.0 	175.561342501 	0.0 	0.0 	0.0 	0.0 	0.0 	0.0 	0.0 	0.0 	0.0 	0.0	-5.78361293049	153.4264699	3.11095442369	
8.98333333333	6.50122337595e-06	6.95531267467e-06	0.0 	0.0 	175.561342501 	0.0 	0.0 	0.0 	0.0 	0.0 	0.0 	0.0 	0.0 	0.0 	0.0	-5.78361293049	153.4264699	3.11095442369	
9.0	6.50122337595e-06	6.95531267467e-06	0.0 	0.0 	175.561342501 	0.0 	0.0 	0.0 	0.0 	0.0 	0.0 	0.0 	0.0 	0.0 	0.0	-5.78361293049	153.4264699	3.11095442369	
9.01666666667	6.50122337595e-06	6.95531267467e-06	0.0 	0.0 	175.561342501 	0.0 	0.0 	0.0 	0.0 	0.0 	0.0 	0.0 	0.0 	0.0 	0.0	-5.78361293049	153.4264699	3.11095442369	
9.03333333333	6.50122337595e-06	6.95531267467e-06	0.0 	0.0 	175.561342501 	0.0 	0.0 	0.0 	0.0 	0.0 	0.0 	0.0 	0.0 	0.0 	0.0	-5.78361293049	153.4264699	3.11095442369	
9.05	6.50122337595e-06	6.95531267467e-06	0.0 	0.0 	175.561342501 	0.0 	0.0 	0.0 	0.0 	0.0 	0.0 	0.0 	0.0 	0.0 	0.0	-5.78361293049	153.4264699	3.11095442369	
9.06666666667	6.50122337595e-06	6.95531267467e-06	0.0 	0.0 	175.561342501 	0.0 	0.0 	0.0 	0.0 	0.0 	0.0 	0.0 	0.0 	0.0 	0.0	-5.78361293049	153.4264699	3.11095442369	
9.08333333333	6.50122337595e-06	6.95531267467e-06	0.0 	0.0 	175.561342501 	0.0 	0.0 	0.0 	0.0 	0.0 	0.0 	0.0 	0.0 	0.0 	0.0	-5.78361293049	153.4264699	3.11095442369	
9.1	6.50122337595e-06	6.95531267467e-06	0.0 	0.0 	175.561342501 	0.0 	0.0 	0.0 	0.0 	0.0 	0.0 	0.0 	0.0 	0.0 	0.0	-5.78361293049	153.4264699	3.11095442369	
9.11666666667	6.50122337595e-06	6.95531267467e-06	0.0 	0.0 	175.561342501 	0.0 	0.0 	0.0 	0.0 	0.0 	0.0 	0.0 	0.0 	0.0 	0.0	-5.78361293049	153.4264699	3.11095442369	
9.13333333333	6.50122337595e-06	6.95531267467e-06	0.0 	0.0 	175.561342501 	0.0 	0.0 	0.0 	0.0 	0.0 	0.0 	0.0 	0.0 	0.0 	0.0	-5.78361293049	153.4264699	3.11095442369	
9.15	6.50122337595e-06	6.95531267467e-06	0.0 	0.0 	175.561342501 	0.0 	0.0 	0.0 	0.0 	0.0 	0.0 	0.0 	0.0 	0.0 	0.0	-5.78361293049	153.4264699	3.11095442369	
9.16666666667	6.50122337595e-06	6.95531267467e-06	0.0 	0.0 	175.561342501 	0.0 	0.0 	0.0 	0.0 	0.0 	0.0 	0.0 	0.0 	0.0 	0.0	-5.78361293049	153.4264699	3.11095442369	
9.18333333333	6.50122337595e-06	6.95531267467e-06	0.0 	0.0 	175.561342501 	0.0 	0.0 	0.0 	0.0 	0.0 	0.0 	0.0 	0.0 	0.0 	0.0	-5.78361293049	153.4264699	3.11095442369	
9.2	6.50122337595e-06	6.95531267467e-06	0.0 	0.0 	175.561342501 	0.0 	0.0 	0.0 	0.0 	0.0 	0.0 	0.0 	0.0 	0.0 	0.0	-5.78361293049	153.4264699	3.11095442369	
9.21666666667	6.50122337595e-06	6.95531267467e-06	0.0 	0.0 	175.561342501 	0.0 	0.0 	0.0 	0.0 	0.0 	0.0 	0.0 	0.0 	0.0 	0.0	-5.78361293049	153.4264699	3.11095442369	
9.23333333333	6.50122337595e-06	6.95531267467e-06	0.0 	0.0 	175.561342501 	0.0 	0.0 	0.0 	0.0 	0.0 	0.0 	0.0 	0.0 	0.0 	0.0	-5.78361293049	153.4264699	3.11095442369	
9.25	6.50122337595e-06	6.95531267467e-06	0.0 	0.0 	175.561342501 	0.0 	0.0 	0.0 	0.0 	0.0 	0.0 	0.0 	0.0 	0.0 	0.0	-5.78361293049	153.4264699	3.11095442369	
9.26666666667	6.50122337595e-06	6.95531267467e-06	0.0 	0.0 	175.561342501 	0.0 	0.0 	0.0 	0.0 	0.0 	0.0 	0.0 	0.0 	0.0 	0.0	-5.78361293049	153.4264699	3.11095442369	
9.28333333333	6.50122337595e-06	6.95531267467e-06	0.0 	0.0 	175.561342501 	0.0 	0.0 	0.0 	0.0 	0.0 	0.0 	0.0 	0.0 	0.0 	0.0	-5.78361293049	153.4264699	3.11095442369	
9.3	6.50122337595e-06	6.95531267467e-06	0.0 	0.0 	175.561342501 	0.0 	0.0 	0.0 	0.0 	0.0 	0.0 	0.0 	0.0 	0.0 	0.0	-5.78361293049	153.4264699	3.11095442369	
9.31666666667	6.50122337595e-06	6.95531267467e-06	0.0 	0.0 	175.561342501 	0.0 	0.0 	0.0 	0.0 	0.0 	0.0 	0.0 	0.0 	0.0 	0.0	-5.78361293049	153.4264699	3.11095442369	
9.33333333333	6.50122337595e-06	6.95531267467e-06	0.0 	0.0 	175.561342501 	0.0 	0.0 	0.0 	0.0 	0.0 	0.0 	0.0 	0.0 	0.0 	0.0	-5.78361293049	153.4264699	3.11095442369	
9.35	6.50122337595e-06	6.95531267467e-06	0.0 	0.0 	175.561342501 	0.0 	0.0 	0.0 	0.0 	0.0 	0.0 	0.0 	0.0 	0.0 	0.0	-5.78361293049	153.4264699	3.11095442369	
9.36666666667	6.50122337595e-06	6.95531267467e-06	0.0 	0.0 	175.561342501 	0.0 	0.0 	0.0 	0.0 	0.0 	0.0 	0.0 	0.0 	0.0 	0.0	-5.78361293049	153.4264699	3.11095442369	
9.38333333333	6.50122337595e-06	6.95531267467e-06	0.0 	0.0 	175.561342501 	0.0 	0.0 	0.0 	0.0 	0.0 	0.0 	0.0 	0.0 	0.0 	0.0	-5.78361293049	153.4264699	3.11095442369	
9.4	6.50122337595e-06	6.95531267467e-06	0.0 	0.0 	175.561342501 	0.0 	0.0 	0.0 	0.0 	0.0 	0.0 	0.0 	0.0 	0.0 	0.0	-5.78361293049	153.4264699	3.11095442369	
9.41666666667	6.50122337595e-06	6.95531267467e-06	0.0 	0.0 	175.561342501 	0.0 	0.0 	0.0 	0.0 	0.0 	0.0 	0.0 	0.0 	0.0 	0.0	-5.78361293049	153.4264699	3.11095442369	
9.43333333333	6.50122337595e-06	6.95531267467e-06	0.0 	0.0 	175.561342501 	0.0 	0.0 	0.0 	0.0 	0.0 	0.0 	0.0 	0.0 	0.0 	0.0	-5.78361293049	153.4264699	3.11095442369	
9.45	6.50122337595e-06	6.95531267467e-06	0.0 	0.0 	175.561342501 	0.0 	0.0 	0.0 	0.0 	0.0 	0.0 	0.0 	0.0 	0.0 	0.0	-5.78361293049	153.4264699	3.11095442369	
9.46666666667	6.50122337595e-06	6.95531267467e-06	0.0 	0.0 	175.561342501 	0.0 	0.0 	0.0 	0.0 	0.0 	0.0 	0.0 	0.0 	0.0 	0.0	-5.78361293049	153.4264699	3.11095442369	
9.48333333333	6.50122337595e-06	6.95531267467e-06	0.0 	0.0 	175.561342501 	0.0 	0.0 	0.0 	0.0 	0.0 	0.0 	0.0 	0.0 	0.0 	0.0	-5.78361293049	153.4264699	3.11095442369	
9.5	6.50122337595e-06	6.95531267467e-06	0.0 	0.0 	175.561342501 	0.0 	0.0 	0.0 	0.0 	0.0 	0.0 	0.0 	0.0 	0.0 	0.0	-5.78361293049	153.4264699	3.11095442369	
9.51666666667	6.50122337595e-06	6.95531267467e-06	0.0 	0.0 	175.561342501 	0.0 	0.0 	0.0 	0.0 	0.0 	0.0 	0.0 	0.0 	0.0 	0.0	-5.78361293049	153.4264699	3.11095442369	
9.53333333333	6.50122337595e-06	6.95531267467e-06	0.0 	0.0 	175.561342501 	0.0 	0.0 	0.0 	0.0 	0.0 	0.0 	0.0 	0.0 	0.0 	0.0	-5.78361293049	153.4264699	3.11095442369	
9.55	6.50122337595e-06	6.95531267467e-06	0.0 	0.0 	175.561342501 	0.0 	0.0 	0.0 	0.0 	0.0 	0.0 	0.0 	0.0 	0.0 	0.0	-5.78361293049	153.4264699	3.11095442369	
9.56666666667	6.50122337595e-06	6.95531267467e-06	0.0 	0.0 	175.561342501 	0.0 	0.0 	0.0 	0.0 	0.0 	0.0 	0.0 	0.0 	0.0 	0.0	-5.78361293049	153.4264699	3.11095442369	
9.58333333333	6.50122337595e-06	6.95531267467e-06	0.0 	0.0 	175.561342501 	0.0 	0.0 	0.0 	0.0 	0.0 	0.0 	0.0 	0.0 	0.0 	0.0	-5.78361293049	153.4264699	3.11095442369	
9.6	6.50122337595e-06	6.95531267467e-06	0.0 	0.0 	175.561342501 	0.0 	0.0 	0.0 	0.0 	0.0 	0.0 	0.0 	0.0 	0.0 	0.0	-5.78361293049	153.4264699	3.11095442369	
9.61666666667	6.50122337595e-06	6.95531267467e-06	0.0 	0.0 	175.561342501 	0.0 	0.0 	0.0 	0.0 	0.0 	0.0 	0.0 	0.0 	0.0 	0.0	-5.78361293049	153.4264699	3.11095442369	
9.63333333333	6.50122337595e-06	6.95531267467e-06	0.0 	0.0 	175.561342501 	0.0 	0.0 	0.0 	0.0 	0.0 	0.0 	0.0 	0.0 	0.0 	0.0	-5.78361293049	153.4264699	3.11095442369	
9.65	6.50122337595e-06	6.95531267467e-06	0.0 	0.0 	175.561342501 	0.0 	0.0 	0.0 	0.0 	0.0 	0.0 	0.0 	0.0 	0.0 	0.0	-5.78361293049	153.4264699	3.11095442369	
9.66666666667	6.50122337595e-06	6.95531267467e-06	0.0 	0.0 	175.561342501 	0.0 	0.0 	0.0 	0.0 	0.0 	0.0 	0.0 	0.0 	0.0 	0.0	-5.78361293049	153.4264699	3.11095442369	
9.68333333333	6.50122337595e-06	6.95531267467e-06	0.0 	0.0 	175.561342501 	0.0 	0.0 	0.0 	0.0 	0.0 	0.0 	0.0 	0.0 	0.0 	0.0	-5.78361293049	153.4264699	3.11095442369	
9.7	6.50122337595e-06	6.95531267467e-06	0.0 	0.0 	175.561342501 	0.0 	0.0 	0.0 	0.0 	0.0 	0.0 	0.0 	0.0 	0.0 	0.0	-5.78361293049	153.4264699	3.11095442369	
9.71666666667	6.50122337595e-06	6.95531267467e-06	0.0 	0.0 	175.561342501 	0.0 	0.0 	0.0 	0.0 	0.0 	0.0 	0.0 	0.0 	0.0 	0.0	-5.78361293049	153.4264699	3.11095442369	
9.73333333333	6.50122337595e-06	6.95531267467e-06	0.0 	0.0 	175.561342501 	0.0 	0.0 	0.0 	0.0 	0.0 	0.0 	0.0 	0.0 	0.0 	0.0	-5.78361293049	153.4264699	3.11095442369	
9.75	6.50122337595e-06	6.95531267467e-06	0.0 	0.0 	175.561342501 	0.0 	0.0 	0.0 	0.0 	0.0 	0.0 	0.0 	0.0 	0.0 	0.0	-5.78361293049	153.4264699	3.11095442369	
9.76666666667	6.50122337595e-06	6.95531267467e-06	0.0 	0.0 	175.561342501 	0.0 	0.0 	0.0 	0.0 	0.0 	0.0 	0.0 	0.0 	0.0 	0.0	-5.78361293049	153.4264699	3.11095442369	
9.78333333333	6.50122337595e-06	6.95531267467e-06	0.0 	0.0 	175.561342501 	0.0 	0.0 	0.0 	0.0 	0.0 	0.0 	0.0 	0.0 	0.0 	0.0	-5.78361293049	153.4264699	3.11095442369	
9.8	6.50122337595e-06	6.95531267467e-06	0.0 	0.0 	175.561342501 	0.0 	0.0 	0.0 	0.0 	0.0 	0.0 	0.0 	0.0 	0.0 	0.0	-5.78361293049	153.4264699	3.11095442369	
9.81666666667	6.50122337595e-06	6.95531267467e-06	0.0 	0.0 	175.561342501 	0.0 	0.0 	0.0 	0.0 	0.0 	0.0 	0.0 	0.0 	0.0 	0.0	-5.78361293049	153.4264699	3.11095442369	
9.83333333333	6.50122337595e-06	6.95531267467e-06	0.0 	0.0 	175.561342501 	0.0 	0.0 	0.0 	0.0 	0.0 	0.0 	0.0 	0.0 	0.0 	0.0	-5.78361293049	153.4264699	3.11095442369	
9.85	6.50122337595e-06	6.95531267467e-06	0.0 	0.0 	175.561342501 	0.0 	0.0 	0.0 	0.0 	0.0 	0.0 	0.0 	0.0 	0.0 	0.0	-5.78361293049	153.4264699	3.11095442369	
9.86666666667	6.50122337595e-06	6.95531267467e-06	0.0 	0.0 	175.561342501 	0.0 	0.0 	0.0 	0.0 	0.0 	0.0 	0.0 	0.0 	0.0 	0.0	-5.78361293049	153.4264699	3.11095442369	
9.88333333333	6.50122337595e-06	6.95531267467e-06	0.0 	0.0 	175.561342501 	0.0 	0.0 	0.0 	0.0 	0.0 	0.0 	0.0 	0.0 	0.0 	0.0	-5.78361293049	153.4264699	3.11095442369	
9.9	6.50122337595e-06	6.95531267467e-06	0.0 	0.0 	175.561342501 	0.0 	0.0 	0.0 	0.0 	0.0 	0.0 	0.0 	0.0 	0.0 	0.0	-5.78361293049	153.4264699	3.11095442369	
9.91666666667	6.50122337595e-06	6.95531267467e-06	0.0 	0.0 	175.561342501 	0.0 	0.0 	0.0 	0.0 	0.0 	0.0 	0.0 	0.0 	0.0 	0.0	-5.78361293049	153.4264699	3.11095442369	
9.93333333333	6.50122337595e-06	6.95531267467e-06	0.0 	0.0 	175.561342501 	0.0 	0.0 	0.0 	0.0 	0.0 	0.0 	0.0 	0.0 	0.0 	0.0	-5.78361293049	153.4264699	3.11095442369	
9.95	6.50122337595e-06	6.95531267467e-06	0.0 	0.0 	175.561342501 	0.0 	0.0 	0.0 	0.0 	0.0 	0.0 	0.0 	0.0 	0.0 	0.0	-5.78361293049	153.4264699	3.11095442369	
9.96666666667	6.50122337595e-06	6.95531267467e-06	0.0 	0.0 	175.561342501 	0.0 	0.0 	0.0 	0.0 	0.0 	0.0 	0.0 	0.0 	0.0 	0.0	-5.78361293049	153.4264699	3.11095442369	
9.98333333333	6.50122337595e-06	6.95531267467e-06	0.0 	0.0 	175.561342501 	0.0 	0.0 	0.0 	0.0 	0.0 	0.0 	0.0 	0.0 	0.0 	0.0	-5.78361293049	153.4264699	3.11095442369	
