0.0166666666667	0.0	0.0	0.0 	0.0 	60.3333333333 	20.0 	0.0 	0.0 	0.0 	0.0 	20.0 	0.0 	0.0 	0.0 	0.0	0.354516129032	140.0	-15.7419354839	
0.0333333333333	0.0	0.0	0.0 	0.0 	60.6666666667 	20.0 	0.0 	0.0 	0.0 	-0.0 	20.0 	0.0 	0.0 	0.0 	0.0	0.354516129032	140.0	-15.7419354839	
0.05	0.0	0.0	0.0 	0.0 	61.0 	20.0 	0.0 	0.0 	0.0 	-0.0 	20.0 	0.0 	0.0 	0.0 	0.0	0.354516129032	140.0	-15.7419354839	
0.0666666666667	0.0	0.0	0.0 	0.0 	61.3333333333 	20.0 	0.0 	0.0 	0.0 	-0.0 	20.0 	0.0 	0.0 	0.0 	0.0	0.354516129032	140.0	-15.7419354839	
0.0833333333333	0.0	0.0	0.0 	0.0 	61.6666666667 	20.0 	0.0 	0.0 	0.0 	-0.0 	20.0 	0.0 	0.0 	0.0 	0.0	0.354516129032	140.0	-15.7419354839	
0.1	0.0	0.0	0.0 	0.0 	62.0 	20.0 	0.0 	0.0 	0.0 	-0.0 	20.0 	0.0 	0.0 	0.0 	0.0	0.354516129032	140.0	-15.7419354839	
0.116666666667	0.0	0.0	0.0 	0.0 	62.3333333333 	20.0 	0.0 	0.0 	0.0 	-0.0 	20.0 	0.0 	0.0 	0.0 	0.0	0.354516129032	140.0	-15.7419354839	
0.133333333333	0.0	0.0	0.0 	0.0 	62.6666666667 	20.0 	0.0 	0.0 	0.0 	-0.0 	20.0 	0.0 	0.0 	0.0 	0.0	0.354516129032	140.0	-15.7419354839	
0.15	0.0	0.0	0.0 	0.0 	63.0 	20.0 	0.0 	0.0 	0.0 	-0.0 	20.0 	0.0 	0.0 	0.0 	0.0	0.354516129032	140.0	-15.7419354839	
0.166666666667	0.0	0.0	0.0 	0.0 	63.3333333333 	20.0 	0.0 	0.0 	0.0 	-0.0 	20.0 	0.0 	0.0 	0.0 	0.0	0.354516129032	140.0	-15.7419354839	
0.183333333333	0.0	0.0	0.0 	0.0 	63.6666666667 	20.0 	0.0 	0.0 	0.0 	-0.0 	20.0 	0.0 	0.0 	0.0 	0.0	0.354516129032	140.0	-15.7419354839	
0.2	0.0	0.0	0.0 	0.0 	64.0 	20.0 	0.0 	0.0 	0.0 	-0.0 	20.0 	0.0 	0.0 	0.0 	0.0	0.354516129032	140.0	-15.7419354839	
0.216666666667	0.0	0.0	0.0 	0.0 	64.3333333333 	20.0 	0.0 	0.0 	0.0 	-0.0 	20.0 	0.0 	0.0 	0.0 	0.0	0.354516129032	140.0	-15.7419354839	
0.233333333333	0.0	0.0	0.0 	0.0 	64.6666666667 	20.0 	0.0 	0.0 	0.0 	-0.0 	20.0 	0.0 	0.0 	0.0 	0.0	0.354516129032	140.0	-15.7419354839	
0.25	0.0	0.0	0.0 	0.0 	65.0 	20.0 	0.0 	0.0 	0.0 	-0.0 	20.0 	0.0 	0.0 	0.0 	0.0	0.354516129032	140.0	-15.7419354839	
0.266666666667	0.0	0.0	0.0 	0.0 	65.3333333333 	20.0 	0.0 	0.0 	0.0 	-0.0 	20.0 	0.0 	0.0 	0.0 	0.0	0.354516129032	140.0	-15.7419354839	
0.283333333333	0.0	0.0	0.0 	0.0 	65.6666666667 	20.0 	0.0 	0.0 	0.0 	-0.0 	20.0 	0.0 	0.0 	0.0 	0.0	0.354516129032	140.0	-15.7419354839	
0.3	0.0	0.0	0.0 	0.0 	66.0 	20.0 	0.0 	0.0 	0.0 	-0.0 	20.0 	0.0 	0.0 	0.0 	0.0	0.354516129032	140.0	-15.7419354839	
0.316666666667	0.0	0.0	0.0 	0.0 	66.3333333333 	20.0 	0.0 	0.0 	0.0 	-0.0 	20.0 	0.0 	0.0 	0.0 	0.0	0.354516129032	140.0	-15.7419354839	
0.333333333333	0.0	0.0	0.0 	0.0 	66.6666666667 	20.0 	0.0 	0.0 	0.0 	-0.0 	20.0 	0.0 	0.0 	0.0 	0.0	0.354516129032	140.0	-15.7419354839	
0.35	0.0	0.0	0.0 	0.0 	67.0 	20.0 	0.0 	0.0 	0.0 	-0.0 	20.0 	0.0 	0.0 	0.0 	0.0	0.354516129032	140.0	-15.7419354839	
0.366666666667	0.0	0.0	0.0 	0.0 	67.3333333333 	20.0 	0.0 	0.0 	0.0 	-0.0 	20.0 	0.0 	0.0 	0.0 	0.0	0.354516129032	140.0	-15.7419354839	
0.383333333333	0.0	0.0	0.0 	0.0 	67.6666666667 	20.0 	0.0 	0.0 	0.0 	-0.0 	20.0 	0.0 	0.0 	0.0 	0.0	0.354516129032	140.0	-15.7419354839	
0.4	0.0	0.0	0.0 	0.0 	68.0 	20.0 	0.0 	0.0 	0.0 	-0.0 	20.0 	0.0 	0.0 	0.0 	0.0	0.354516129032	140.0	-15.7419354839	
0.416666666667	0.0	0.0	0.0 	0.0 	68.3333333333 	20.0 	0.0 	0.0 	0.0 	-0.0 	20.0 	0.0 	0.0 	0.0 	0.0	0.354516129032	140.0	-15.7419354839	
0.433333333333	0.0	0.0	0.0 	0.0 	68.6666666667 	20.0 	0.0 	0.0 	0.0 	-0.0 	20.0 	0.0 	0.0 	0.0 	0.0	0.354516129032	140.0	-15.7419354839	
0.45	0.0	0.0	0.0 	0.0 	69.0 	20.0 	0.0 	0.0 	0.0 	-0.0 	20.0 	0.0 	0.0 	0.0 	0.0	0.354516129032	140.0	-15.7419354839	
0.466666666667	0.0	0.0	0.0 	0.0 	69.3333333333 	20.0 	0.0 	0.0 	0.0 	-0.0 	20.0 	0.0 	0.0 	0.0 	0.0	0.354516129032	140.0	-15.7419354839	
0.483333333333	0.0	0.0	0.0 	0.0 	69.6666666667 	20.0 	0.0 	0.0 	0.0 	-0.0 	20.0 	0.0 	0.0 	0.0 	0.0	0.354516129032	140.0	-15.7419354839	
0.5	0.0	0.0	0.0 	0.0 	70.0 	20.0 	0.0 	0.0 	0.0 	-0.0 	20.0 	0.0 	0.0 	0.0 	0.0	0.354516129032	140.0	-15.7419354839	
0.516666666667	0.0	0.0	0.0 	0.0 	70.3333333333 	20.0 	0.0 	0.0 	0.0 	-0.0 	20.0 	0.0 	0.0 	0.0 	0.0	0.354516129032	140.0	-15.7419354839	
0.533333333333	0.0	0.0	0.0 	0.0 	70.6666666667 	20.0 	0.0 	0.0 	0.0 	-0.0 	20.0 	0.0 	0.0 	0.0 	0.0	0.354516129032	140.0	-15.7419354839	
0.55	0.0	0.0	0.0 	0.0 	71.0 	20.0 	0.0 	0.0 	0.0 	-0.0 	20.0 	0.0 	0.0 	0.0 	0.0	0.354516129032	140.0	-15.7419354839	
0.566666666667	0.0	0.0	0.0 	0.0 	71.3333333333 	20.0 	0.0 	0.0 	0.0 	-0.0 	20.0 	0.0 	0.0 	0.0 	0.0	0.354516129032	140.0	-15.7419354839	
0.583333333333	0.0	0.0	0.0 	0.0 	71.6666666667 	20.0 	0.0 	0.0 	0.0 	-0.0 	20.0 	0.0 	0.0 	0.0 	0.0	0.354516129032	140.0	-15.7419354839	
0.6	0.0	0.0	0.0 	0.0 	72.0 	20.0 	0.0 	0.0 	0.0 	-0.0 	20.0 	0.0 	0.0 	0.0 	0.0	0.354516129032	140.0	-15.7419354839	
0.616666666667	0.0	0.0	0.0 	0.0 	72.3333333333 	20.0 	0.0 	0.0 	0.0 	-0.0 	20.0 	0.0 	0.0 	0.0 	0.0	0.354516129032	140.0	-15.7419354839	
0.633333333333	0.0	0.0	0.0 	0.0 	72.6666666667 	20.0 	0.0 	0.0 	0.0 	-0.0 	20.0 	0.0 	0.0 	0.0 	0.0	0.354516129032	140.0	-15.7419354839	
0.65	0.0	0.0	0.0 	0.0 	73.0 	20.0 	0.0 	0.0 	0.0 	-0.0 	20.0 	0.0 	0.0 	0.0 	0.0	0.354516129032	140.0	-15.7419354839	
0.666666666667	0.0	0.0	0.0 	0.0 	73.3333333333 	20.0 	0.0 	0.0 	0.0 	-0.0 	20.0 	0.0 	0.0 	0.0 	0.0	0.354516129032	140.0	-15.7419354839	
0.683333333333	0.0	0.0	0.0 	0.0 	73.6666666667 	20.0 	0.0 	0.0 	0.0 	-0.0 	20.0 	0.0 	0.0 	0.0 	0.0	0.354516129032	140.0	-15.7419354839	
0.7	0.0	0.0	0.0 	0.0 	74.0 	20.0 	0.0 	0.0 	0.0 	-0.0 	20.0 	0.0 	0.0 	0.0 	0.0	0.354516129032	140.0	-15.7419354839	
0.716666666667	0.0	0.0	0.0 	0.0 	74.3333333333 	20.0 	0.0 	0.0 	0.0 	-0.0 	20.0 	0.0 	0.0 	0.0 	0.0	0.354516129032	140.0	-15.7419354839	
0.733333333333	0.0	0.0	0.0 	0.0 	74.6666666667 	20.0 	0.0 	0.0 	0.0 	-0.0 	20.0 	0.0 	0.0 	0.0 	0.0	0.354516129032	140.0	-15.7419354839	
0.75	0.0	0.0	0.0 	0.0 	75.0 	20.0 	0.0 	0.0 	0.0 	-0.0 	20.0 	0.0 	0.0 	0.0 	0.0	0.354516129032	140.0	-15.7419354839	
0.766666666667	0.0	0.0	0.0 	0.0 	75.3333333333 	20.0 	0.0 	0.0 	0.0 	-0.0 	20.0 	0.0 	0.0 	0.0 	0.0	0.354516129032	140.0	-15.7419354839	
0.783333333333	0.0	0.0	0.0 	0.0 	75.6666666667 	20.0 	0.0 	0.0 	0.0 	-0.0 	20.0 	0.0 	0.0 	0.0 	0.0	0.354516129032	140.0	-15.7419354839	
0.8	0.0	0.0	0.0 	0.0 	76.0 	20.0 	0.0 	0.0 	0.0 	-0.0 	20.0 	0.0 	0.0 	0.0 	0.0	0.354516129032	140.0	-15.7419354839	
0.816666666667	0.0	0.0	0.0 	0.0 	76.3333333333 	20.0 	0.0 	0.0 	0.0 	-0.0 	20.0 	0.0 	0.0 	0.0 	0.0	0.354516129032	140.0	-15.7419354839	
0.833333333333	0.0	0.0	0.0 	0.0 	76.6666666667 	20.0 	0.0 	0.0 	0.0 	-0.0 	20.0 	0.0 	0.0 	0.0 	0.0	0.354516129032	140.0	-15.7419354839	
0.85	0.0	0.0	0.0 	0.0 	77.0 	20.0 	0.0 	0.0 	0.0 	-0.0 	20.0 	0.0 	0.0 	0.0 	0.0	0.354516129032	140.0	-15.7419354839	
0.866666666667	0.0	0.0	0.0 	0.0 	77.3333333333 	20.0 	0.0 	0.0 	0.0 	-0.0 	20.0 	0.0 	0.0 	0.0 	0.0	0.354516129032	140.0	-15.7419354839	
0.883333333333	0.0	0.0	0.0 	0.0 	77.6666666667 	20.0 	0.0 	0.0 	0.0 	-0.0 	20.0 	0.0 	0.0 	0.0 	0.0	0.354516129032	140.0	-15.7419354839	
0.9	0.0	0.0	0.0 	0.0 	78.0 	20.0 	0.0 	0.0 	0.0 	-0.0 	20.0 	0.0 	0.0 	0.0 	0.0	0.354516129032	140.0	-15.7419354839	
0.916666666667	0.0	0.0	0.0 	0.0 	78.3333333333 	20.0 	0.0 	0.0 	0.0 	-0.0 	20.0 	0.0 	0.0 	0.0 	0.0	0.354516129032	140.0	-15.7419354839	
0.933333333333	0.0	0.0	0.0 	0.0 	78.6666666667 	20.0 	0.0 	0.0 	0.0 	-0.0 	20.0 	0.0 	0.0 	0.0 	0.0	0.354516129032	140.0	-15.7419354839	
0.95	0.0	0.0	0.0 	0.0 	79.0 	20.0 	0.0 	0.0 	0.0 	-0.0 	20.0 	0.0 	0.0 	0.0 	0.0	0.354516129032	140.0	-15.7419354839	
0.966666666667	0.0	0.0	0.0 	0.0 	79.3333333333 	20.0 	0.0 	0.0 	0.0 	-0.0 	20.0 	0.0 	0.0 	0.0 	0.0	0.354516129032	140.0	-15.7419354839	
0.983333333333	0.0	0.0	0.0 	0.0 	79.6666666667 	20.0 	0.0 	0.0 	0.0 	-0.0 	20.0 	0.0 	0.0 	0.0 	0.0	0.354516129032	140.0	-15.7419354839	
1.0	0.0	0.0	0.0 	0.0 	80.0 	20.0 	0.0 	0.0 	0.0 	-0.0 	20.0 	0.0 	0.0 	0.0 	0.0	0.354516129032	140.0	-15.7419354839	
1.01666666667	0.0	0.0	0.0 	0.0 	80.3333333333 	20.0 	0.0 	0.0 	0.0 	-0.0 	20.0 	0.0 	0.0 	0.0 	0.0971689497717	0.354516129032	140.000562182	-15.7404167096	
1.03333333333	0.0	0.0	0.0 	0.0 	80.6666666667 	20.0 	0.0 	0.0 	0.0 	-0.0 	20.0 	0.0 	0.0 	0.0 	0.193787719189	0.354516129032	140.001683362	-15.7373877605	
1.05	0.0	0.0	0.0 	0.0 	81.0 	20.0 	0.0 	0.0 	0.0 	-0.0 	20.0 	0.0 	0.0 	0.0 	0.289859423427	0.354516129032	140.003360376	-15.7328571873	
1.06666666667	0.0	0.0	0.0 	0.0 	81.3333333333 	20.0 	0.0 	0.0 	0.0 	-0.0 	20.0 	0.0 	0.0 	0.0 	0.385387160025	0.354516129032	140.005590076	-15.7268334924	
1.08333333333	0.0	0.0	0.0 	0.0 	81.6666666667 	20.0 	0.0 	0.0 	0.0 	-0.0 	20.0 	0.0 	0.0 	0.0 	0.480374008982	0.354516129032	140.008369332	-15.71932513	
1.1	0.0	0.0	0.0 	0.0 	82.0 	20.0 	0.0 	0.0 	0.0 	-0.0 	20.0 	0.0 	0.0 	0.0 	0.574823032858	0.354516129032	140.011695035	-15.7103405065	
1.11666666667	0.0	0.0	0.0 	0.0 	82.3333333333 	20.0 	0.0 	0.0 	0.0 	-0.0 	20.0 	0.0 	0.0 	0.0 	0.668737276873	0.354516129032	140.015564088	-15.6998879805	
1.13333333333	0.0	0.0	0.0 	0.0 	82.6666666667 	20.0 	0.0 	0.0 	0.0 	-0.0 	20.0 	0.0 	0.0 	0.0 	0.762119769004	0.354516129032	140.019973416	-15.6879758634	
1.15	0.0	0.0	0.0 	0.0 	83.0 	20.0 	0.0 	0.0 	0.0 	-0.0 	20.0 	0.0 	0.0 	0.0 	0.854973520083	0.354516129032	140.02491996	-15.6746124197	
1.16666666667	0.0	0.0	0.0 	0.0 	83.3333333333 	20.0 	0.0 	0.0 	0.0 	-0.0 	20.0 	0.0 	0.0 	0.0 	0.947301523897	0.354516129032	140.030400677	-15.6598058669	
1.18333333333	0.0	0.0	0.0 	0.0 	83.6666666667 	20.0 	0.0 	0.0 	0.0 	-0.0 	20.0 	0.0 	0.0 	0.0 	1.03910675728	0.354516129032	140.036412544	-15.643564376	
1.2	0.0	0.0	0.0 	0.0 	84.0 	20.0 	0.0 	0.0 	0.0 	-0.0 	20.0 	0.0 	0.0 	0.0 	1.1303921802	0.354516129032	140.042952553	-15.6258960718	
1.21666666667	0.0	0.0	0.0 	0.0 	84.3333333333 	20.0 	0.0 	0.0 	0.0 	-0.0 	20.0 	0.0 	0.0 	0.0 	1.2211607359	0.354516129032	140.050017713	-15.606809033	
1.23333333333	0.0	0.0	0.0 	0.0 	84.6666666667 	20.0 	0.0 	0.0 	0.0 	-0.0 	20.0 	0.0 	0.0 	0.0 	1.31141535091	0.354516129032	140.057605051	-15.5863112926	
1.25	0.0	0.0	0.0 	0.0 	85.0 	20.0 	0.0 	0.0 	0.0 	-0.0 	20.0 	0.0 	0.0 	0.0 	1.40115893522	0.354516129032	140.065711611	-15.5644108383	
1.26666666667	0.0	0.0	0.0 	0.0 	85.3333333333 	20.0 	0.0 	0.0 	0.0 	-0.0 	20.0 	0.0 	0.0 	0.0 	1.49039438235	0.354516129032	140.074334452	-15.5411156122	
1.28333333333	0.0	0.0	0.0 	0.0 	85.6666666667 	20.0 	0.0 	0.0 	0.0 	-0.0 	20.0 	0.0 	0.0 	0.0 	1.57912456941	0.354516129032	140.083470652	-15.5164335118	
1.3	0.0	0.0	0.0 	0.0 	86.0 	20.0 	0.0 	0.0 	0.0 	-0.0 	20.0 	0.0 	0.0 	0.0 	1.66735235723	0.354516129032	140.093117303	-15.4903723896	
1.31666666667	0.0	0.0	0.0 	0.0 	86.3333333333 	20.0 	0.0 	0.0 	0.0 	-0.0 	20.0 	0.0 	0.0 	0.0 	1.75508059046	0.354516129032	140.103271516	-15.4629400538	
1.33333333333	0.0	0.0	0.0 	0.0 	86.6666666667 	20.0 	0.0 	0.0 	0.0 	-0.0 	20.0 	0.0 	0.0 	0.0 	1.84231209762	0.354516129032	140.113930416	-15.4341442684	
1.35	0.0	0.0	0.0 	0.0 	87.0 	20.0 	0.0 	0.0 	0.0 	-0.0 	20.0 	0.0 	0.0 	0.0 	1.92904969122	0.354516129032	140.125091146	-15.4039927534	
1.36666666667	0.0	0.0	0.0 	0.0 	87.3333333333 	20.0 	0.0 	0.0 	0.0 	-0.0 	20.0 	0.0 	0.0 	0.0 	2.01529616786	0.354516129032	140.136750864	-15.372493185	
1.38333333333	0.0	0.0	0.0 	0.0 	87.6666666667 	20.0 	0.0 	0.0 	0.0 	-0.0 	20.0 	0.0 	0.0 	0.0 	2.10105430828	0.354516129032	140.148906746	-15.339653196	
1.4	0.0	0.0	0.0 	0.0 	88.0 	20.0 	0.0 	0.0 	0.0 	-0.0 	20.0 	0.0 	0.0 	0.0 	2.18632687749	0.354516129032	140.161555981	-15.3054803761	
1.41666666667	0.0	0.0	0.0 	0.0 	88.3333333333 	20.0 	0.0 	0.0 	0.0 	-0.0 	20.0 	0.0 	0.0 	0.0 	2.27111662485	0.354516129032	140.174695777	-15.2699822718	
1.43333333333	0.0	0.0	0.0 	0.0 	88.6666666667 	20.0 	0.0 	0.0 	0.0 	-0.0 	20.0 	0.0 	0.0 	0.0 	2.35542628414	0.354516129032	140.188323356	-15.2331663871	
1.45	0.0	0.0	0.0 	0.0 	89.0 	20.0 	0.0 	0.0 	0.0 	-0.0 	20.0 	0.0 	0.0 	0.0 	2.43925857367	0.354516129032	140.202435956	-15.1950401833	
1.46666666667	0.0	0.0	0.0 	0.0 	89.3333333333 	20.0 	0.0 	0.0 	0.0 	-0.0 	20.0 	0.0 	0.0 	0.0 	2.52261619636	0.354516129032	140.217030831	-15.1556110797	
1.48333333333	0.0	0.0	0.0 	0.0 	89.6666666667 	20.0 	0.0 	0.0 	0.0 	-0.0 	20.0 	0.0 	0.0 	0.0 	2.60550183982	0.354516129032	140.232105249	-15.1148864533	
1.5	0.0	0.0	0.0 	0.0 	90.0 	20.0 	0.0 	0.0 	0.0 	-0.0 	20.0 	0.0 	0.0 	0.0 	2.68791817643	0.354516129032	140.247656497	-15.0728736396	
1.51666666667	0.0	0.0	0.0 	0.0 	90.3333333333 	20.0 	0.0 	0.0 	0.0 	-0.0 	20.0 	0.0 	0.0 	0.0 	2.76986786347	0.354516129032	140.263681873	-15.0295799324	
1.53333333333	0.0	0.0	0.0 	0.0 	90.6666666667 	20.0 	0.0 	0.0 	0.0 	-0.0 	20.0 	0.0 	0.0 	0.0 	2.85135354315	0.354516129032	140.280178694	-14.9850125842	
1.55	0.0	0.0	0.0 	0.0 	91.0 	20.0 	0.0 	0.0 	0.0 	-0.0 	20.0 	0.0 	0.0 	0.0 	2.93237784272	0.354516129032	140.297144289	-14.9391788065	
1.56666666667	0.0	0.0	0.0 	0.0 	91.3333333333 	20.0 	0.0 	0.0 	0.0 	-0.0 	20.0 	0.0 	0.0 	0.0 	3.01294337457	0.354516129032	140.314576006	-14.8920857701	
1.58333333333	0.0	0.0	0.0 	0.0 	91.6666666667 	20.0 	0.0 	0.0 	0.0 	-0.0 	20.0 	0.0 	0.0 	0.0 	3.09305273628	0.354516129032	140.332471204	-14.8437406048	
1.6	0.0	0.0	0.0 	0.0 	92.0 	20.0 	0.0 	0.0 	0.0 	-0.0 	20.0 	0.0 	0.0 	0.0 	3.17270851075	0.354516129032	140.350827259	-14.7941504004	
1.61666666667	0.0	0.0	0.0 	0.0 	92.3333333333 	20.0 	0.0 	0.0 	0.0 	-0.0 	20.0 	0.0 	0.0 	0.0 	3.25191326621	0.354516129032	140.369641563	-14.7433222065	
1.63333333333	0.0	0.0	0.0 	0.0 	92.6666666667 	20.0 	0.0 	0.0 	0.0 	-0.0 	20.0 	0.0 	0.0 	0.0 	3.33066955639	0.354516129032	140.388911519	-14.6912630327	
1.65	0.0	0.0	0.0 	0.0 	93.0 	20.0 	0.0 	0.0 	0.0 	-0.0 	20.0 	0.0 	0.0 	0.0 	3.40897992055	0.354516129032	140.408634549	-14.6379798488	
1.66666666667	0.0	0.0	0.0 	0.0 	93.3333333333 	20.0 	0.0 	0.0 	0.0 	-0.0 	20.0 	0.0 	0.0 	0.0 	3.48684688355	0.354516129032	140.428808087	-14.5834795854	
1.68333333333	0.0	0.0	0.0 	0.0 	93.6666666667 	20.0 	0.0 	0.0 	0.0 	-0.0 	20.0 	0.0 	0.0 	0.0 	3.56427295599	0.354516129032	140.449429581	-14.5277691337	
1.7	0.0	0.0	0.0 	0.0 	94.0 	20.0 	0.0 	0.0 	0.0 	-0.0 	20.0 	0.0 	0.0 	0.0 	3.64126063423	0.354516129032	140.470496497	-14.4708553459	
1.71666666667	0.0	0.0	0.0 	0.0 	94.3333333333 	20.0 	0.0 	0.0 	0.0 	-0.0 	20.0 	0.0 	0.0 	0.0 	3.71781240051	0.354516129032	140.492006311	-14.4127450354	
1.73333333333	0.0	0.0	0.0 	0.0 	94.6666666667 	20.0 	0.0 	0.0 	0.0 	-0.0 	20.0 	0.0 	0.0 	0.0 	3.79393072299	0.354516129032	140.513956516	-14.3534449771	
1.75	0.0	0.0	0.0 	0.0 	95.0 	20.0 	0.0 	0.0 	0.0 	-0.0 	20.0 	0.0 	0.0 	0.0 	3.86961805588	0.354516129032	140.536344618	-14.2929619073	
1.76666666667	0.0	0.0	0.0 	0.0 	95.3333333333 	20.0 	0.0 	0.0 	0.0 	-0.0 	20.0 	0.0 	0.0 	0.0 	3.94487683949	0.354516129032	140.559168139	-14.2313025245	
1.78333333333	0.0	0.0	0.0 	0.0 	95.6666666667 	20.0 	0.0 	0.0 	0.0 	-0.0 	20.0 	0.0 	0.0 	0.0 	4.01970950031	0.354516129032	140.582424612	-14.168473489	
1.8	0.0	0.0	0.0 	0.0 	96.0 	20.0 	0.0 	0.0 	0.0 	-0.0 	20.0 	0.0 	0.0 	0.0 	4.09411845108	0.354516129032	140.606111586	-14.1044814236	
1.81666666667	0.0	0.0	0.0 	0.0 	96.3333333333 	20.0 	0.0 	0.0 	0.0 	-0.0 	20.0 	0.0 	0.0 	0.0 	4.1681060909	0.354516129032	140.630226624	-14.0393329134	
1.83333333333	0.0	0.0	0.0 	0.0 	96.6666666667 	20.0 	0.0 	0.0 	0.0 	-0.0 	20.0 	0.0 	0.0 	0.0 	4.24167480527	0.354516129032	140.654767302	-13.9730345063	
1.85	0.0	0.0	0.0 	0.0 	97.0 	20.0 	0.0 	0.0 	0.0 	-0.0 	20.0 	0.0 	0.0 	0.0 	4.31482696619	0.354516129032	140.67973121	-13.9055927132	
1.86666666667	0.0	0.0	0.0 	0.0 	97.3333333333 	20.0 	0.0 	0.0 	0.0 	-0.0 	20.0 	0.0 	0.0 	0.0 	4.38756493223	0.354516129032	140.705115951	-13.837014008	
1.88333333333	0.0	0.0	0.0 	0.0 	97.6666666667 	20.0 	0.0 	0.0 	0.0 	-0.0 	20.0 	0.0 	0.0 	0.0 	4.4598910486	0.354516129032	140.730919144	-13.767304828	
1.9	0.0	0.0	0.0 	0.0 	98.0 	20.0 	0.0 	0.0 	0.0 	-0.0 	20.0 	0.0 	0.0 	0.0 	4.53180764722	0.354516129032	140.757138417	-13.6964715742	
1.91666666667	0.0	0.0	0.0 	0.0 	98.3333333333 	20.0 	0.0 	0.0 	0.0 	-0.0 	20.0 	0.0 	0.0 	0.0 	4.60331704685	0.354516129032	140.783771416	-13.6245206111	
1.93333333333	0.0	0.0	0.0 	0.0 	98.6666666667 	20.0 	0.0 	0.0 	0.0 	-0.0 	20.0 	0.0 	0.0 	0.0 	4.67442155307	0.354516129032	140.810815798	-13.5514582673	
1.95	0.0	0.0	0.0 	0.0 	99.0 	20.0 	0.0 	0.0 	0.0 	-0.0 	20.0 	0.0 	0.0 	0.0 	4.74512345843	0.354516129032	140.838269234	-13.4772908355	
1.96666666667	0.0	0.0	0.0 	0.0 	99.3333333333 	20.0 	0.0 	0.0 	0.0 	-0.0 	20.0 	0.0 	0.0 	0.0 	4.8154250425	0.354516129032	140.866129407	-13.4020245729	
1.98333333333	0.0	0.0	0.0 	0.0 	99.6666666667 	20.0 	0.0 	0.0 	0.0 	-0.0 	20.0 	0.0 	0.0 	0.0 	4.88532857194	0.354516129032	140.894394015	-13.3256657012	
2.0	0.0	0.0	0.0 	0.0 	100.0 	20.0 	0.0 	0.0 	0.0 	-0.0 	20.0 	0.0 	0.0 	0.0 	4.95483630057	0.354516129032	140.923060767	-13.2482204068	
2.01666666667	0.0	0.0	0.0 	0.0 	100.333333333 	20.0 	0.0 	0.0 	0.0 	-0.0 	20.0 	0.0 	0.0 	0.0 	5.02395046946	0.354516129032	140.952127387	-13.1696948411	
2.03333333333	0.0	0.0	0.0 	0.0 	100.666666667 	20.0 	0.0 	0.0 	0.0 	-0.0 	20.0 	0.0 	0.0 	0.0 	5.09267330699	0.354516129032	140.981591611	-13.0900951208	
2.05	0.0	0.0	0.0 	0.0 	101.0 	20.0 	0.0 	0.0 	0.0 	-0.0 	20.0 	0.0 	0.0 	0.0 	5.1610070289	0.354516129032	141.011451187	-13.0094273279	
2.06666666667	0.0	0.0	0.0 	0.0 	101.333333333 	20.0 	0.0 	0.0 	0.0 	-0.0 	20.0 	0.0 	0.0 	0.0 	5.22895383842	0.354516129032	141.041703877	-12.9276975098	
2.08333333333	0.0	0.0	0.0 	0.0 	101.666666667 	20.0 	0.0 	0.0 	0.0 	-0.0 	20.0 	0.0 	0.0 	0.0 	5.29651592628	0.354516129032	141.072347455	-12.8449116799	
2.1	0.0	0.0	0.0 	0.0 	102.0 	20.0 	0.0 	0.0 	0.0 	-0.0 	20.0 	0.0 	0.0 	0.0 	5.3636954708	0.354516129032	141.103379707	-12.7610758174	
2.11666666667	0.0	0.0	0.0 	0.0 	102.333333333 	20.0 	0.0 	0.0 	0.0 	-0.0 	20.0 	0.0 	0.0 	0.0 	5.430494638	0.354516129032	141.134798433	-12.6761958677	
2.13333333333	0.0	0.0	0.0 	0.0 	102.666666667 	20.0 	0.0 	0.0 	0.0 	-0.0 	20.0 	0.0 	0.0 	0.0 	5.4969155816	0.354516129032	141.166601445	-12.5902777425	
2.15	0.0	0.0	0.0 	0.0 	103.0 	20.0 	0.0 	0.0 	0.0 	-0.0 	20.0 	0.0 	0.0 	0.0 	5.56296044315	0.354516129032	141.198786567	-12.5033273201	
2.16666666667	0.0	0.0	0.0 	0.0 	103.333333333 	20.0 	0.0 	0.0 	0.0 	-0.0 	20.0 	0.0 	0.0 	0.0 	5.62863135206	0.354516129032	141.231351635	-12.4153504454	
2.18333333333	0.0	0.0	0.0 	0.0 	103.666666667 	20.0 	0.0 	0.0 	0.0 	-0.0 	20.0 	0.0 	0.0 	0.0 	5.69393042568	0.354516129032	141.264294498	-12.3263529304	
2.2	0.0	0.0	0.0 	0.0 	104.0 	20.0 	0.0 	0.0 	0.0 	-0.0 	20.0 	0.0 	0.0 	0.0 	5.63251964942	0.365301434026	141.297829662	-12.238671861	
2.21666666667	0.0	0.0	0.0 	0.0 	104.333333333 	20.0 	0.0 	0.0 	0.0 	-0.0 	20.0 	0.0 	0.0 	0.0 	5.57110887317	0.37620433008	141.33194276	-12.1523135607	
2.23333333333	0.0	0.0	0.0 	0.0 	104.666666667 	20.0 	0.0 	0.0 	0.0 	-0.0 	20.0 	0.0 	0.0 	0.0 	5.50969809691	0.387227409623	141.366619198	-12.0672842623	
2.25	0.0	0.0	0.0 	0.0 	105.0 	20.0 	0.0 	0.0 	0.0 	-0.0 	20.0 	0.0 	0.0 	0.0 	5.44828732066	0.398373351774	141.401844154	-11.9835901041	
2.26666666667	0.0	0.0	0.0 	0.0 	105.333333333 	20.0 	0.0 	0.0 	0.0 	-0.0 	20.0 	0.0 	0.0 	0.0 	5.3868765444	0.409644926242	141.437602569	-11.9012371245	
2.28333333333	0.0	0.0	0.0 	0.0 	105.666666667 	20.0 	0.0 	0.0 	0.0 	-0.0 	20.0 	0.0 	0.0 	0.0 	5.32546576814	0.421044997461	141.473879145	-11.8202312576	
2.3	0.0	0.0	0.0 	0.0 	106.0 	20.0 	0.0 	0.0 	0.0 	-0.0 	20.0 	0.0 	0.0 	0.0 	5.26405499189	0.432576528961	141.510658342	-11.7405783276	
2.31666666667	0.0	0.0	0.0 	0.0 	106.333333333 	20.0 	0.0 	0.0 	0.0 	-0.0 	20.0 	0.0 	0.0 	0.0 	5.20264421563	0.444242587987	141.547924372	-11.6622840435	
2.33333333333	0.0	0.0	0.0 	0.0 	106.666666667 	20.0 	0.0 	0.0 	0.0 	-0.0 	20.0 	0.0 	0.0 	0.0 	5.14123343938	0.456046350403	141.585661194	-11.5853539934	
2.35	0.0	0.0	0.0 	0.0 	107.0 	20.0 	0.0 	0.0 	0.0 	-0.0 	20.0 	0.0 	0.0 	0.0 	5.07982266312	0.467991105875	141.623852512	-11.5097936387	
2.36666666667	0.0	0.0	0.0 	0.0 	107.333333333 	20.0 	0.0 	0.0 	0.0 	-0.0 	20.0 	0.0 	0.0 	0.0 	5.01841188687	0.480080263377	141.662481768	-11.4356083079	
2.38333333333	0.0	0.0	0.0 	0.0 	107.666666667 	20.0 	0.0 	0.0 	0.0 	-0.0 	20.0 	0.0 	0.0 	0.0 	4.95700111061	0.492317357031	141.701532139	-11.36280319	
2.4	0.0	0.0	0.0 	0.0 	108.0 	20.0 	0.0 	0.0 	0.0 	-0.0 	20.0 	0.0 	0.0 	0.0 	4.89559033435	0.50470605231	141.740986531	-11.2913833277	
2.41666666667	0.0	0.0	0.0 	0.0 	108.333333333 	20.0 	0.0 	0.0 	0.0 	-0.0 	20.0 	0.0 	0.0 	0.0 	4.8341795581	0.517250152625	141.780827575	-11.2213536107	
2.43333333333	0.0	0.0	0.0 	0.0 	108.666666667 	20.0 	0.0 	0.0 	0.0 	-0.0 	20.0 	0.0 	0.0 	0.0 	4.77276878184	0.529953606338	141.821037619	-11.1527187676	
2.45	0.0	0.0	0.0 	0.0 	109.0 	20.0 	0.0 	0.0 	0.0 	-0.0 	20.0 	0.0 	0.0 	0.0 	4.71135800559	0.542820514219	141.861598731	-11.0854833588	
2.46666666667	0.0	0.0	0.0 	0.0 	109.333333333 	20.0 	0.0 	0.0 	0.0 	-0.0 	20.0 	0.0 	0.0 	0.0 	4.64994722933	0.555855137396	141.902492683	-11.0196517681	
2.48333333333	0.0	0.0	0.0 	0.0 	109.666666667 	20.0 	0.0 	0.0 	0.0 	-0.0 	20.0 	0.0 	0.0 	0.0 	4.58853645308	0.569061905823	141.943700955	-10.9552281939	
2.5	0.0	0.0	0.0 	0.0 	110.0 	20.0 	0.0 	0.0 	0.0 	-0.0 	20.0 	0.0 	0.0 	0.0 	4.52712567682	0.582445427319	141.985204723	-10.8922166409	
2.51666666667	0.0	0.0	0.0 	0.0 	110.333333333 	20.0 	0.0 	0.0 	0.0 	-0.0 	20.0 	0.0 	0.0 	0.0 	4.46571490056	0.59601049722	142.026984858	-10.8306209099	
2.53333333333	0.0	0.0	0.0 	0.0 	110.666666667 	20.0 	0.0 	0.0 	0.0 	-0.0 	20.0 	0.0 	0.0 	0.0 	4.40430412431	0.609762108692	142.069021919	-10.7704445889	
2.55	0.0	0.0	0.0 	0.0 	111.0 	20.0 	0.0 	0.0 	0.0 	-0.0 	20.0 	0.0 	0.0 	0.0 	4.34289334805	0.623705463765	142.111296147	-10.7116910419	
2.56666666667	0.0	0.0	0.0 	0.0 	111.333333333 	20.0 	0.0 	0.0 	0.0 	-0.0 	20.0 	0.0 	0.0 	0.0 	4.2814825718	0.637845985149	142.153787459	-10.6543633986	
2.58333333333	0.0	0.0	0.0 	0.0 	111.666666667 	20.0 	0.0 	0.0 	0.0 	-0.0 	20.0 	0.0 	0.0 	0.0 	4.22007179554	0.652189328892	142.196475443	-10.5984645428	
2.6	0.0	0.0	0.0 	0.0 	112.0 	20.0 	0.0 	0.0 	0.0 	-0.0 	20.0 	0.0 	0.0 	0.0 	4.15866101929	0.666741397963	142.239339354	-10.5439971006	
2.61666666667	0.0	0.0	0.0 	0.0 	112.333333333 	20.0 	0.0 	0.0 	0.0 	-0.0 	20.0 	0.0 	0.0 	0.0 	4.09725024303	0.68150835684	142.282358103	-10.4909634277	
2.63333333333	0.0	0.0	0.0 	0.0 	112.666666667 	20.0 	0.0 	0.0 	0.0 	-0.0 	20.0 	0.0 	0.0 	0.0 	4.03583946677	0.696496647185	142.325510255	-10.4393655961	
2.65	0.0	0.0	0.0 	0.0 	113.0 	20.0 	0.0 	0.0 	0.0 	-0.0 	20.0 	0.0 	0.0 	0.0 	3.97442869052	0.711713004714	142.368774024	-10.3892053802	
2.66666666667	0.0	0.0	0.0 	0.0 	113.333333333 	20.0 	0.0 	0.0 	0.0 	-0.0 	20.0 	0.0 	0.0 	0.0 	3.91301791426	0.727164477375	142.412127262	-10.3404842423	
2.68333333333	0.0	0.0	0.0 	0.0 	113.666666667 	20.0 	0.0 	0.0 	0.0 	-0.0 	20.0 	0.0 	0.0 	0.0 	3.85160713801	0.742858444947	142.455547459	-10.293203317	
2.7	0.0	0.0	0.0 	0.0 	114.0 	20.0 	0.0 	0.0 	0.0 	-0.0 	20.0 	0.0 	0.0 	0.0 	3.79019636175	0.758802640202	142.499011729	-10.247363395	
2.71666666667	0.0	0.0	0.0 	0.0 	114.333333333 	20.0 	0.0 	0.0 	0.0 	-0.0 	20.0 	0.0 	0.0 	0.0 	3.7287855855	0.775005171785	142.542496812	-10.2029649056	
2.73333333333	0.0	0.0	0.0 	0.0 	114.666666667 	20.0 	0.0 	0.0 	0.0 	-0.0 	20.0 	0.0 	0.0 	0.0 	3.66737480924	0.791474548972	142.585979063	-10.1600078993	
2.75	0.0	0.0	0.0 	0.0 	115.0 	20.0 	0.0 	0.0 	0.0 	-0.0 	20.0 	0.0 	0.0 	0.0 	3.60596403298	0.808219708507	142.629434447	-10.1184920278	
2.76666666667	0.0	0.0	0.0 	0.0 	115.333333333 	20.0 	0.0 	0.0 	0.0 	-0.0 	20.0 	0.0 	0.0 	0.0 	3.54455325673	0.825250043722	142.672838531	-10.0784165244	
2.78333333333	0.0	0.0	0.0 	0.0 	115.666666667 	20.0 	0.0 	0.0 	0.0 	-0.0 	20.0 	0.0 	0.0 	0.0 	3.48314248047	0.842575436178	142.716166481	-10.0397801825	
2.8	0.0	0.0	0.0 	0.0 	116.0 	20.0 	0.0 	0.0 	0.0 	-0.0 	20.0 	0.0 	0.0 	0.0 	3.42173170422	0.860206290098	142.759393055	-10.0025813327	
2.81666666667	0.0	0.0	0.0 	0.0 	116.333333333 	20.0 	0.0 	0.0 	0.0 	-0.0 	20.0 	0.0 	0.0 	0.0 	3.36032092796	0.878153569887	142.802492593	-9.96681781946	
2.83333333333	0.0	0.0	0.0 	0.0 	116.666666667 	20.0 	0.0 	0.0 	0.0 	-0.0 	20.0 	0.0 	0.0 	0.0 	3.29891015171	0.89642884108	142.845439018	-9.93248697512	
2.85	0.0	0.0	0.0 	0.0 	117.0 	20.0 	0.0 	0.0 	0.0 	-0.0 	20.0 	0.0 	0.0 	0.0 	3.23749937545	0.91504431511	142.888205824	-9.89958559352	
2.86666666667	0.0	0.0	0.0 	0.0 	117.333333333 	20.0 	0.0 	0.0 	0.0 	-0.0 	20.0 	0.0 	0.0 	0.0 	3.17608859919	0.934012898308	142.930766074	-9.86810990133	
2.88333333333	0.0	0.0	0.0 	0.0 	117.666666667 	20.0 	0.0 	0.0 	0.0 	-0.0 	20.0 	0.0 	0.0 	0.0 	3.11467782294	0.95334824565	142.973092395	-9.83805552787	
2.9	0.0	0.0	0.0 	0.0 	118.0 	20.0 	0.0 	0.0 	0.0 	-0.0 	20.0 	0.0 	0.0 	0.0 	3.05326704668	0.973064819802	143.015156969	-9.80941747301	
2.91666666667	0.0	0.0	0.0 	0.0 	118.333333333 	20.0 	0.0 	0.0 	0.0 	-0.0 	20.0 	0.0 	0.0 	0.0 	2.99185627043	0.993177956097	143.056931533	-9.78219007303	
2.93333333333	0.0	0.0	0.0 	0.0 	118.666666667 	20.0 	0.0 	0.0 	0.0 	-0.0 	20.0 	0.0 	0.0 	0.0 	2.93044549417	1.01370393419	143.098387374	-9.75636696434	
2.95	0.0	0.0	0.0 	0.0 	119.0 	20.0 	0.0 	0.0 	0.0 	-0.0 	20.0 	0.0 	0.0 	0.0 	2.86903471792	1.0346600572	143.139495322	-9.73194104483	
2.96666666667	0.0	0.0	0.0 	0.0 	119.333333333 	20.0 	0.0 	0.0 	0.0 	-0.0 	20.0 	0.0 	0.0 	0.0 	2.80762394166	1.05606473936	143.180225751	-9.70890443265	
2.98333333333	0.0	0.0	0.0 	0.0 	119.666666667 	20.0 	0.0 	0.0 	0.0 	-0.0 	20.0 	0.0 	0.0 	0.0 	2.7462131654	1.07793760323	143.220548576	-9.68724842234	
3.0	0.0	0.0	0.0 	0.0 	120.0 	20.0 	0.0 	0.0 	0.0 	-0.0 	20.0 	0.0 	0.0 	0.0 	2.68480238915	1.10029958773	143.260433249	-9.66696343788	
3.01666666667	0.0	0.0	0.0 	0.0 	120.333333333 	20.0 	0.0 	0.0 	0.0 	-0.0 	20.0 	0.0 	0.0 	0.0 	2.62339161289	1.12317306867	143.299848762	-9.64803898261	
3.03333333333	0.0	0.0	0.0 	0.0 	120.666666667 	20.0 	0.0 	0.0 	0.0 	-0.0 	20.0 	0.0 	0.0 	0.0 	2.56198083664	1.14658199319	143.338763645	-9.63046358561	
3.05	0.0	0.0	0.0 	0.0 	121.0 	20.0 	0.0 	0.0 	0.0 	-0.0 	20.0 	0.0 	0.0 	0.0 	2.50057006038	1.1705520305	143.377145972	-9.61422474433	
3.06666666667	0.0	0.0	0.0 	0.0 	121.333333333 	20.0 	0.0 	0.0 	0.0 	-0.0 	20.0 	0.0 	0.0 	0.0 	2.43915928413	1.19511074103	143.41496336	-9.5993088631	
3.08333333333	0.0	0.0	0.0 	0.0 	121.666666667 	20.0 	0.0 	0.0 	0.0 	-0.0 	20.0 	0.0 	0.0 	0.0 	2.37774850787	1.22028776684	143.452182979	-9.5857011871	
3.1	0.0	0.0	0.0 	0.0 	122.0 	20.0 	0.0 	0.0 	0.0 	-0.0 	20.0 	0.0 	0.0 	0.0 	2.31633773161	1.24611504674	143.488771558	-9.57338573151	
3.11666666667	0.0	0.0	0.0 	0.0 	122.333333333 	20.0 	0.0 	0.0 	0.0 	-0.0 	20.0 	0.0 	0.0 	0.0 	2.25492695536	1.27262705983	143.524695397	-9.56234520526	
3.13333333333	0.0	0.0	0.0 	0.0 	122.666666667 	20.0 	0.0 	0.0 	0.0 	-0.0 	20.0 	0.0 	0.0 	0.0 	2.1935161791	1.29986110221	143.559920379	-9.55256092902	
3.15	0.0	0.0	0.0 	0.0 	123.0 	20.0 	0.0 	0.0 	0.0 	-0.0 	20.0 	0.0 	0.0 	0.0 	2.13210540285	1.32785760245	143.59441199	-9.54401274669	
3.16666666667	0.0	0.0	0.0 	0.0 	123.333333333 	20.0 	0.0 	0.0 	0.0 	-0.0 	20.0 	0.0 	0.0 	0.0 	2.07069462659	1.35666048254	143.628135336	-9.53667892995	
3.18333333333	0.0	0.0	0.0 	0.0 	123.666666667 	20.0 	0.0 	0.0 	0.0 	-0.0 	20.0 	0.0 	0.0 	0.0 	2.00928385034	1.38631757223	143.661055175	-9.53053607511	
3.2	0.0	0.0	0.0 	0.0 	124.0 	20.0 	0.0 	0.0 	0.0 	-0.0 	20.0 	0.0 	0.0 	0.0 	1.94787307408	1.41688108681	143.693135944	-9.52555899146	
3.21666666667	0.0	0.0	0.0 	0.0 	124.333333333 	20.0 	0.0 	0.0 	0.0 	-0.0 	20.0 	0.0 	0.0 	0.0 	1.88646229782	1.44840818017	143.7243418	-9.52172058033	
3.23333333333	0.0	0.0	0.0 	0.0 	124.666666667 	20.0 	0.0 	0.0 	0.0 	-0.0 	20.0 	0.0 	0.0 	0.0 	1.82505152157	1.48096158785	143.754636669	-9.51899170381	
3.25	0.0	0.0	0.0 	0.0 	125.0 	20.0 	0.0 	0.0 	0.0 	-0.0 	20.0 	0.0 	0.0 	0.0 	1.76364074531	1.51461037833	143.783984298	-9.51734104215	
3.26666666667	0.0	0.0	0.0 	0.0 	125.333333333 	20.0 	0.0 	0.0 	0.0 	-0.0 	20.0 	0.0 	0.0 	0.0 	1.70222996906	1.54943083505	143.812348322	-9.51673493859	
3.28333333333	0.0	0.0	0.0 	0.0 	125.666666667 	20.0 	0.0 	0.0 	0.0 	-0.0 	20.0 	0.0 	0.0 	0.0 	1.6408191928	1.58550749765	143.839692349	-9.51713723027	
3.3	0.0	0.0	0.0 	0.0 	126.0 	20.0 	0.0 	0.0 	0.0 	-0.0 	20.0 	0.0 	0.0 	0.0 	1.57940841655	1.6229343979	143.865980053	-9.51850906368	
3.31666666667	0.0	0.0	0.0 	0.0 	126.333333333 	20.0 	0.0 	0.0 	0.0 	-0.0 	20.0 	0.0 	0.0 	0.0 	1.51799764029	1.66181653605	143.891175285	-9.52080869305	
3.33333333333	0.0	0.0	0.0 	0.0 	126.666666667 	20.0 	0.0 	0.0 	0.0 	-0.0 	20.0 	0.0 	0.0 	0.0 	1.45658686403	1.70227165576	143.915242216	-9.52399125962	
3.35	0.0	0.0	0.0 	0.0 	127.0 	20.0 	0.0 	0.0 	0.0 	-0.0 	20.0 	0.0 	0.0 	0.0 	1.39517608778	1.74443239315	143.938145498	-9.52800854998	
3.36666666667	0.0	0.0	0.0 	0.0 	127.333333333 	20.0 	0.0 	0.0 	0.0 	-0.0 	20.0 	0.0 	0.0 	0.0 	1.33376531152	1.78844889888	143.959850462	-9.53280873077	
3.38333333333	0.0	0.0	0.0 	0.0 	127.666666667 	20.0 	0.0 	0.0 	0.0 	-0.0 	20.0 	0.0 	0.0 	0.0 	1.27235453527	1.83449206383	143.980323353	-9.53833605753	
3.4	0.0	0.0	0.0 	0.0 	128.0 	20.0 	0.0 	0.0 	0.0 	-0.0 	20.0 	0.0 	0.0 	0.0 	1.21094375901	1.88275752331	143.999531614	-9.5445305548	
3.41666666667	0.0	0.0	0.0 	0.0 	128.333333333 	20.0 	0.0 	0.0 	0.0 	-0.0 	20.0 	0.0 	0.0 	0.0 	1.14953298276	1.93347067641	144.017444238	-9.5513276645	
3.43333333333	0.0	0.0	0.0 	0.0 	128.666666667 	20.0 	0.0 	0.0 	0.0 	-0.0 	20.0 	0.0 	0.0 	0.0 	1.0881222065	1.98689304635	144.034032182	-9.55865785984	
3.45	0.0	0.0	0.0 	0.0 	129.0 	20.0 	0.0 	0.0 	0.0 	-0.0 	20.0 	0.0 	0.0 	0.0 	1.02671143024	2.04333043536	144.049268884	-9.56644622169	
3.46666666667	0.0	0.0	0.0 	0.0 	129.333333333 	20.0 	0.0 	0.0 	0.0 	-0.0 	20.0 	0.0 	0.0 	0.0 	0.965300653989	2.10314351861	144.063130893	-9.57461197536	
3.48333333333	0.0	0.0	0.0 	0.0 	129.666666667 	20.0 	0.0 	0.0 	0.0 	-0.0 	20.0 	0.0 	0.0 	0.0 	0.903889877734	2.1667618079	144.075598652	-9.58306798652	
3.5	0.0	0.0	0.0 	0.0 	130.0 	20.0 	0.0 	0.0 	0.0 	-0.0 	20.0 	0.0 	0.0 	0.0 	0.842479101478	2.23470235881	144.086657473	-9.59172021743	
3.51666666667	0.0	0.0	0.0 	0.0 	130.333333333 	20.0 	0.0 	0.0 	0.0 	-0.0 	20.0 	0.0 	0.0 	0.0 	0.781068325222	2.30759529603	144.096298761	-9.60046714906	
3.53333333333	0.0	0.0	0.0 	0.0 	130.666666667 	20.0 	0.0 	0.0 	0.0 	-0.0 	20.0 	0.0 	0.0 	0.0 	0.719657548966	2.38621937317	144.104521574	-9.60919918215	
3.55	0.0	0.0	0.0 	0.0 	131.0 	20.0 	0.0 	0.0 	0.0 	-0.0 	20.0 	0.0 	0.0 	0.0 	0.658246772711	2.46840312324	144.111361667	-9.61777654383	
3.56666666667	0.0	0.0	0.0 	0.0 	131.333333333 	20.0 	0.0 	0.0 	0.0 	-0.0 	20.0 	0.0 	0.0 	0.0 	0.596835996455	2.53897368966	144.116999798	-9.6259716393	
3.58333333333	0.0	0.0	0.0 	0.0 	131.666666667 	20.0 	0.0 	0.0 	0.0 	-0.0 	20.0 	0.0 	0.0 	0.0 	0.535425220199	2.59993890337	144.121600472	-9.63361802238	
3.6	0.0	0.0	0.0 	0.0 	132.0 	20.0 	0.0 	0.0 	0.0 	-0.0 	20.0 	0.0 	0.0 	0.0 	0.474014443944	2.65297278834	144.125308906	-9.64059378915	
3.61666666667	0.0	0.0	0.0 	0.0 	132.333333333 	20.0 	0.0 	0.0 	0.0 	-0.0 	20.0 	0.0 	0.0 	0.0 	0.412603667688	2.6994716735	144.128251166	-9.64680929357	
3.63333333333	0.0	0.0	0.0 	0.0 	132.666666667 	20.0 	0.0 	0.0 	0.0 	-0.0 	20.0 	0.0 	0.0 	0.0 	0.351192891432	2.74060087187	144.130535861	-9.6521981982	
3.65	0.0	0.0	0.0 	0.0 	133.0 	20.0 	0.0 	0.0 	0.0 	-0.0 	20.0 	0.0 	0.0 	0.0 	0.289782115176	2.77733351196	144.132256476	-9.65671101349	
3.66666666667	0.0	0.0	0.0 	0.0 	133.333333333 	20.0 	0.0 	0.0 	0.0 	-0.0 	20.0 	0.0 	0.0 	0.0 	0.385310289501	2.81048284142	144.134344169	-9.66278403111	
3.68333333333	0.0	0.0	0.0 	0.0 	133.666666667 	20.0 	0.0 	0.0 	0.0 	-0.0 	20.0 	0.0 	0.0 	0.0 	0.480297573707	2.83810728264	144.136736436	-9.67042316955	
3.7	0.0	0.0	0.0 	0.0 	134.0 	20.0 	0.0 	0.0 	0.0 	-0.0 	20.0 	0.0 	0.0 	0.0 	0.574747030367	2.86112765032	144.13938796	-9.67962800023	
3.71666666667	0.0	0.0	0.0 	0.0 	134.333333333 	20.0 	0.0 	0.0 	0.0 	-0.0 	20.0 	0.0 	0.0 	0.0 	0.668661704716	2.88031129005	144.142266757	-9.69039411979	
3.73333333333	0.0	0.0	0.0 	0.0 	134.666666667 	20.0 	0.0 	0.0 	0.0 	-0.0 	20.0 	0.0 	0.0 	0.0 	0.762044624744	2.89629765649	144.145351037	-9.70271467603	
3.75	0.0	0.0	0.0 	0.0 	135.0 	20.0 	0.0 	0.0 	0.0 	-0.0 	20.0 	0.0 	0.0 	0.0 	0.854898801298	2.90961962853	144.148626698	-9.71658134397	
3.76666666667	0.0	0.0	0.0 	0.0 	135.333333333 	20.0 	0.0 	0.0 	0.0 	-0.0 	20.0 	0.0 	0.0 	0.0 	0.947227228176	2.92072127189	144.152085339	-9.73198494662	
3.78333333333	0.0	0.0	0.0 	0.0 	135.666666667 	20.0 	0.0 	0.0 	0.0 	-0.0 	20.0 	0.0 	0.0 	0.0 	1.03903288223	2.92997264136	144.155722717	-9.74891584758	
3.8	0.0	0.0	0.0 	0.0 	136.0 	20.0 	0.0 	0.0 	0.0 	-0.0 	20.0 	0.0 	0.0 	0.0 	1.13031872344	2.93768211592	144.15953755	-9.76736419734	
3.81666666667	0.0	0.0	0.0 	0.0 	136.333333333 	20.0 	0.0 	0.0 	0.0 	-0.0 	20.0 	0.0 	0.0 	0.0 	1.22108769505	2.94410667806	144.163530604	-9.78732008634	
3.83333333333	0.0	0.0	0.0 	0.0 	136.666666667 	20.0 	0.0 	0.0 	0.0 	-0.0 	20.0 	0.0 	0.0 	0.0 	1.31134272363	2.94946047983	144.167704002	-9.80877363851	
3.85	0.0	0.0	0.0 	0.0 	137.0 	20.0 	0.0 	0.0 	0.0 	-0.0 	20.0 	0.0 	0.0 	0.0 	1.40108671917	2.95392198131	144.172060704	-9.83171506713	
3.86666666667	0.0	0.0	0.0 	0.0 	137.333333333 	20.0 	0.0 	0.0 	0.0 	-0.0 	20.0 	0.0 	0.0 	0.0 	1.49032257519	2.95763989921	144.176604127	-9.85613470667	
3.88333333333	0.0	0.0	0.0 	0.0 	137.666666667 	20.0 	0.0 	0.0 	0.0 	-0.0 	20.0 	0.0 	0.0 	0.0 	1.57905316882	2.96073816413	144.181337871	-9.88202302953	
3.9	0.0	0.0	0.0 	0.0 	138.0 	20.0 	0.0 	0.0 	0.0 	-0.0 	20.0 	0.0 	0.0 	0.0 	1.66728136093	2.96332005156	144.186265516	-9.90937065318	
3.91666666667	0.0	0.0	0.0 	0.0 	138.333333333 	20.0 	0.0 	0.0 	0.0 	-0.0 	20.0 	0.0 	0.0 	0.0 	1.75500999614	2.96547162442	144.191390494	-9.93816834135	
3.93333333333	0.0	0.0	0.0 	0.0 	138.666666667 	20.0 	0.0 	0.0 	0.0 	-0.0 	20.0 	0.0 	0.0 	0.0 	1.84224190302	2.9672646018	144.196715998	-9.96840700152	
3.95	0.0	0.0	0.0 	0.0 	139.0 	20.0 	0.0 	0.0 	0.0 	-0.0 	20.0 	0.0 	0.0 	0.0 	1.92897989407	2.96875874962	144.202244928	-10.0000776802	
3.96666666667	0.0	0.0	0.0 	0.0 	139.333333333 	20.0 	0.0 	0.0 	0.0 	-0.0 	20.0 	0.0 	0.0 	0.0 	2.0152267659	2.9700038728	144.207979861	-10.0331715572	
3.98333333333	0.0	0.0	0.0 	0.0 	139.666666667 	20.0 	0.0 	0.0 	0.0 	-0.0 	20.0 	0.0 	0.0 	0.0 	2.10098529928	2.97104147546	144.213923042	-10.0676799384	
4.0	0.0	0.0	0.0 	0.0 	140.0 	20.0 	0.0 	0.0 	0.0 	-0.0 	20.0 	0.0 	0.0 	0.0 	2.18625825923	2.97190614433	144.220076389	-10.1035942498	
4.01666666667	0.0	0.0	0.0 	0.0 	140.333333333 	20.0 	0.0 	0.0 	0.0 	-0.0 	20.0 	0.0 	0.0 	0.0 	2.27104839511	2.97262670173	144.226441498	-10.14090603	
4.03333333333	0.0	0.0	0.0 	0.0 	140.666666667 	20.0 	0.0 	0.0 	0.0 	-0.0 	20.0 	0.0 	0.0 	0.0 	2.35535844073	2.97322716623	144.233019668	-10.1796069238	
4.05	0.0	0.0	0.0 	0.0 	141.0 	20.0 	0.0 	0.0 	0.0 	-0.0 	20.0 	0.0 	0.0 	0.0 	2.4391911144	2.97372755331	144.239811914	-10.219688676	
4.06666666667	0.0	0.0	0.0 	0.0 	141.333333333 	20.0 	0.0 	0.0 	0.0 	-0.0 	20.0 	0.0 	0.0 	0.0 	2.52254911905	2.97414454254	144.246818997	-10.2611431253	
4.08333333333	0.0	0.0	0.0 	0.0 	141.666666667 	20.0 	0.0 	0.0 	0.0 	-0.0 	20.0 	0.0 	0.0 	0.0 	2.6054351423	2.97449203357	144.254041439	-10.303962199	
4.1	0.0	0.0	0.0 	0.0 	142.0 	20.0 	0.0 	0.0 	0.0 	-0.0 	20.0 	0.0 	0.0 	0.0 	2.68785185656	2.97478160943	144.261479554	-10.3481379075	
4.11666666667	0.0	0.0	0.0 	0.0 	142.333333333 	20.0 	0.0 	0.0 	0.0 	-0.0 	20.0 	0.0 	0.0 	0.0 	2.76980191911	2.97502292264	144.269133465	-10.3936623399	
4.13333333333	0.0	0.0	0.0 	0.0 	142.666666667 	20.0 	0.0 	0.0 	0.0 	-0.0 	20.0 	0.0 	0.0 	0.0 	2.85128797217	2.97522401699	144.277003126	-10.4405276596	
4.15	0.0	0.0	0.0 	0.0 	143.0 	20.0 	0.0 	0.0 	0.0 	-0.0 	20.0 	0.0 	0.0 	0.0 	2.93231264301	2.97539159561	144.28508834	-10.4887261005	
4.16666666667	0.0	0.0	0.0 	0.0 	143.333333333 	20.0 	0.0 	0.0 	0.0 	-0.0 	20.0 	0.0 	0.0 	0.0 	3.01287854403	2.97553124446	144.293388782	-10.5382499632	
4.18333333333	0.0	0.0	0.0 	0.0 	143.666666667 	20.0 	0.0 	0.0 	0.0 	-0.0 	20.0 	0.0 	0.0 	0.0 	3.09298827282	2.9756476185	144.301904009	-10.5890916121	
4.2	0.0	0.0	0.0 	0.0 	144.0 	20.0 	0.0 	0.0 	0.0 	-0.0 	20.0 	0.0 	0.0 	0.0 	3.17264441228	2.97574459687	144.310633477	-10.6412434725	
4.21666666667	0.0	0.0	0.0 	0.0 	144.333333333 	20.0 	0.0 	0.0 	0.0 	-0.0 	20.0 	0.0 	0.0 	0.0 	3.25184953068	2.97582541218	144.319576556	-10.6946980279	
4.23333333333	0.0	0.0	0.0 	0.0 	144.666666667 	20.0 	0.0 	0.0 	0.0 	-0.0 	20.0 	0.0 	0.0 	0.0 	3.33060618174	2.97589275827	144.328732542	-10.7494478176	
4.25	0.0	0.0	0.0 	0.0 	145.0 	20.0 	0.0 	0.0 	0.0 	-0.0 	20.0 	0.0 	0.0 	0.0 	3.40891690473	2.97594888001	144.338100662	-10.805485435	
4.26666666667	0.0	0.0	0.0 	0.0 	145.333333333 	20.0 	0.0 	0.0 	0.0 	-0.0 	20.0 	0.0 	0.0 	0.0 	3.48678422454	2.97599564813	144.34768009	-10.8628035256	
4.28333333333	0.0	0.0	0.0 	0.0 	145.666666667 	20.0 	0.0 	0.0 	0.0 	-0.0 	20.0 	0.0 	0.0 	0.0 	3.56421065176	2.97603462156	144.357469952	-10.9213947852	
4.3	0.0	0.0	0.0 	0.0 	146.0 	20.0 	0.0 	0.0 	0.0 	-0.0 	20.0 	0.0 	0.0 	0.0 	3.64119868277	2.97606709942	144.367469335	-10.9812519585	
4.31666666667	0.0	0.0	0.0 	0.0 	146.333333333 	20.0 	0.0 	0.0 	0.0 	-0.0 	20.0 	0.0 	0.0 	0.0 	3.71775079982	2.9760941643	144.377677289	-11.042367838	
4.33333333333	0.0	0.0	0.0 	0.0 	146.666666667 	20.0 	0.0 	0.0 	0.0 	-0.0 	20.0 	0.0 	0.0 	0.0 	3.79386947109	2.97611671837	144.388092838	-11.1047352627	
4.35	0.0	0.0	0.0 	0.0 	147.0 	20.0 	0.0 	0.0 	0.0 	-0.0 	20.0 	0.0 	0.0 	0.0 	3.8695571508	2.97613551343	144.398714982	-11.1683471169	
4.36666666667	0.0	0.0	0.0 	0.0 	147.333333333 	20.0 	0.0 	0.0 	0.0 	-0.0 	20.0 	0.0 	0.0 	0.0 	3.94481627926	2.97615117598	144.4095427	-11.2331963294	
4.38333333333	0.0	0.0	0.0 	0.0 	147.666666667 	20.0 	0.0 	0.0 	0.0 	-0.0 	20.0 	0.0 	0.0 	0.0 	4.01964928297	2.9761642281	144.420574957	-11.2992758729	
4.4	0.0	0.0	0.0 	0.0 	148.0 	20.0 	0.0 	0.0 	0.0 	-0.0 	20.0 	0.0 	0.0 	0.0 	4.0940585747	2.97617510487	144.431810705	-11.3665787627	
4.41666666667	0.0	0.0	0.0 	0.0 	148.333333333 	20.0 	0.0 	0.0 	0.0 	-0.0 	20.0 	0.0 	0.0 	0.0 	4.16804655355	2.97618416884	144.443248884	-11.4350980566	
4.43333333333	0.0	0.0	0.0 	0.0 	148.666666667 	20.0 	0.0 	0.0 	0.0 	-0.0 	20.0 	0.0 	0.0 	0.0 	4.24161560503	2.97619172215	144.454888429	-11.5048268537	
4.45	0.0	0.0	0.0 	0.0 	149.0 	20.0 	0.0 	0.0 	0.0 	-0.0 	20.0 	0.0 	0.0 	0.0 	4.31476810114	2.97619801658	144.466728267	-11.5757582943	
4.46666666667	0.0	0.0	0.0 	0.0 	149.333333333 	20.0 	0.0 	0.0 	0.0 	-0.0 	20.0 	0.0 	0.0 	0.0 	4.38750640048	2.97620326194	144.478767323	-11.6478855593	
4.48333333333	0.0	0.0	0.0 	0.0 	149.666666667 	20.0 	0.0 	0.0 	0.0 	-0.0 	20.0 	0.0 	0.0 	0.0 	4.45983284826	2.97620763307	144.491004518	-11.7212018696	
4.5	0.0	0.0	0.0 	0.0 	150.0 	20.0 	0.0 	0.0 	0.0 	-0.0 	20.0 	0.0 	0.0 	0.0 	4.53174977642	2.97621127567	144.503438772	-11.7957004855	
4.51666666667	0.0	0.0	0.0 	0.0 	150.333333333 	20.0 	0.0 	0.0 	0.0 	-0.0 	20.0 	0.0 	0.0 	0.0 	4.60325950372	2.97621431118	144.516069006	-11.8713747069	
4.53333333333	0.0	0.0	0.0 	0.0 	150.666666667 	20.0 	0.0 	0.0 	0.0 	-0.0 	20.0 	0.0 	0.0 	0.0 	4.67436433575	2.97621684077	144.528894139	-11.9482178721	
4.55	0.0	0.0	0.0 	0.0 	151.0 	20.0 	0.0 	0.0 	0.0 	-0.0 	20.0 	0.0 	0.0 	0.0 	4.74506656508	2.97621894876	144.541913095	-12.0262233583	
4.56666666667	0.0	0.0	0.0 	0.0 	151.333333333 	20.0 	0.0 	0.0 	0.0 	-0.0 	20.0 	0.0 	0.0 	0.0 	4.81536847129	2.97622070542	144.555124798	-12.1053845805	
4.58333333333	0.0	0.0	0.0 	0.0 	151.666666667 	20.0 	0.0 	0.0 	0.0 	-0.0 	20.0 	0.0 	0.0 	0.0 	4.88527232104	2.9762221693	144.568528176	-12.1856949917	
4.6	0.0	0.0	0.0 	0.0 	152.0 	20.0 	0.0 	0.0 	0.0 	-0.0 	20.0 	0.0 	0.0 	0.0 	4.95478036817	2.9762233892	144.582122158	-12.2671480825	
4.61666666667	0.0	0.0	0.0 	0.0 	152.333333333 	20.0 	0.0 	0.0 	0.0 	-0.0 	20.0 	0.0 	0.0 	0.0 	5.02389485376	2.97622440579	144.59590568	-12.3497373807	
4.63333333333	0.0	0.0	0.0 	0.0 	152.666666667 	20.0 	0.0 	0.0 	0.0 	-0.0 	20.0 	0.0 	0.0 	0.0 	5.09261800619	2.97622525294	144.609877679	-12.433456451	
4.65	0.0	0.0	0.0 	0.0 	153.0 	20.0 	0.0 	0.0 	0.0 	-0.0 	20.0 	0.0 	0.0 	0.0 	5.16095204122	2.97622595891	144.624037098	-12.5182988949	
4.66666666667	0.0	0.0	0.0 	0.0 	153.333333333 	20.0 	0.0 	0.0 	0.0 	-0.0 	20.0 	0.0 	0.0 	0.0 	5.22889916208	2.97622654721	144.638382884	-12.6042583505	
4.68333333333	0.0	0.0	0.0 	0.0 	153.666666667 	20.0 	0.0 	0.0 	0.0 	-0.0 	20.0 	0.0 	0.0 	0.0 	5.29646155952	2.97622703746	144.652913988	-12.6913284918	
4.7	0.0	0.0	0.0 	0.0 	154.0 	20.0 	0.0 	0.0 	0.0 	-0.0 	20.0 	0.0 	0.0 	0.0 	5.36364141188	2.976227446	144.667629368	-12.7795030292	
4.71666666667	0.0	0.0	0.0 	0.0 	154.333333333 	20.0 	0.0 	0.0 	0.0 	-0.0 	20.0 	0.0 	0.0 	0.0 	5.43044088516	2.97622778645	144.682527984	-12.8687757086	
4.73333333333	0.0	0.0	0.0 	0.0 	154.666666667 	20.0 	0.0 	0.0 	0.0 	-0.0 	20.0 	0.0 	0.0 	0.0 	5.49686213312	2.97622807016	144.697608804	-12.9591403115	
4.75	0.0	0.0	0.0 	0.0 	155.0 	20.0 	0.0 	0.0 	0.0 	-0.0 	20.0 	0.0 	0.0 	0.0 	5.5629072973	2.97622830659	144.7128708	-13.0505906547	
4.76666666667	0.0	0.0	0.0 	0.0 	155.333333333 	20.0 	0.0 	0.0 	0.0 	-0.0 	20.0 	0.0 	0.0 	0.0 	5.62857850712	2.97622850361	144.728312948	-13.1431205901	
4.78333333333	0.0	0.0	0.0 	0.0 	155.666666667 	20.0 	0.0 	0.0 	0.0 	-0.0 	20.0 	0.0 	0.0 	0.0 	5.69387787996	2.97622866779	144.743934231	-13.2367240046	
4.8	0.0	0.0	0.0 	0.0 	156.0 	20.0 	0.0 	0.0 	0.0 	-0.0 	20.0 	0.0 	0.0 	0.0 	5.75880752118	2.97622880461	144.759733638	-13.3313948197	
4.81666666667	0.0	0.0	0.0 	0.0 	156.333333333 	20.0 	0.0 	0.0 	0.0 	-0.0 	20.0 	0.0 	0.0 	0.0 	5.82336952426	2.97622891863	144.77571016	-13.4271269913	
4.83333333333	0.0	0.0	0.0 	0.0 	156.666666667 	20.0 	0.0 	0.0 	0.0 	-0.0 	20.0 	0.0 	0.0 	0.0 	5.88756597079	2.97622901365	144.791862798	-13.5239145096	
4.85	0.0	0.0	0.0 	0.0 	157.0 	20.0 	0.0 	0.0 	0.0 	-0.0 	20.0 	0.0 	0.0 	0.0 	5.95139893059	2.97622909282	144.808190554	-13.621751399	
4.86666666667	0.0	0.0	0.0 	0.0 	157.333333333 	20.0 	0.0 	0.0 	0.0 	-0.0 	20.0 	0.0 	0.0 	0.0 	6.01487046176	2.97622915881	144.824692439	-13.7206317177	
4.88333333333	0.0	0.0	0.0 	0.0 	157.666666667 	20.0 	0.0 	0.0 	0.0 	-0.0 	20.0 	0.0 	0.0 	0.0 	6.07798261074	2.97622921379	144.841367468	-13.8205495574	
4.9	0.0	0.0	0.0 	0.0 	158.0 	20.0 	0.0 	0.0 	0.0 	-0.0 	20.0 	0.0 	0.0 	0.0 	6.1407374124	2.97622925961	144.858214661	-13.9214990436	
4.91666666667	0.0	0.0	0.0 	0.0 	158.333333333 	20.0 	0.0 	0.0 	0.0 	-0.0 	20.0 	0.0 	0.0 	0.0 	6.20313689006	2.9762292978	144.875233043	-14.0234743347	
4.93333333333	0.0	0.0	0.0 	0.0 	158.666666667 	20.0 	0.0 	0.0 	0.0 	-0.0 	20.0 	0.0 	0.0 	0.0 	6.26518305562	2.97622932962	144.892421647	-14.1264696226	
4.95	0.0	0.0	0.0 	0.0 	159.0 	20.0 	0.0 	0.0 	0.0 	-0.0 	20.0 	0.0 	0.0 	0.0 	6.32687790955	2.97622935613	144.909779509	-14.2304791318	
4.96666666667	0.0	0.0	0.0 	0.0 	159.333333333 	20.0 	0.0 	0.0 	0.0 	-0.0 	20.0 	0.0 	0.0 	0.0 	6.38822344102	2.97622937823	144.92730567	-14.3354971195	
4.98333333333	0.0	0.0	0.0 	0.0 	159.666666667 	20.0 	0.0 	0.0 	0.0 	-0.0 	20.0 	0.0 	0.0 	0.0 	6.44922162793	2.97622939664	144.944999179	-14.4415178758	
5.0	0.0	0.0	0.0 	0.0 	160.0 	20.0 	0.0 	0.0 	0.0 	-0.0 	20.0 	0.0 	0.0 	0.0 	6.50987443698	2.97622941199	144.962859088	-14.5485357226	
5.01666666667	0.0	0.0	0.0 	0.0 	160.333333333 	20.0 	0.0 	0.0 	0.0 	-0.0 	20.0 	0.0 	0.0 	0.0 	6.57018382373	2.97622942478	144.980884454	-14.6565450144	
5.03333333333	0.0	0.0	0.0 	0.0 	160.666666667 	20.0 	0.0 	0.0 	0.0 	-0.0 	20.0 	0.0 	0.0 	0.0 	6.63015173267	2.97622943543	144.999074343	-14.7655401375	
5.05	0.0	0.0	0.0 	0.0 	161.0 	20.0 	0.0 	0.0 	0.0 	-0.0 	20.0 	0.0 	0.0 	0.0 	6.68978009729	2.97622944431	145.017427821	-14.87551551	
5.06666666667	0.0	0.0	0.0 	0.0 	161.333333333 	20.0 	0.0 	0.0 	0.0 	-0.0 	20.0 	0.0 	0.0 	0.0 	6.74907084012	2.97622945171	145.035943963	-14.9864655815	
5.08333333333	0.0	0.0	0.0 	0.0 	161.666666667 	20.0 	0.0 	0.0 	0.0 	-0.0 	20.0 	0.0 	0.0 	0.0 	6.8080258728	2.97622945788	145.054621848	-15.0983848332	
5.1	0.0	0.0	0.0 	0.0 	162.0 	20.0 	0.0 	0.0 	0.0 	-0.0 	20.0 	0.0 	0.0 	0.0 	6.86664709617	2.97622946302	145.07346056	-15.2112677776	
5.11666666667	0.0	0.0	0.0 	0.0 	162.333333333 	20.0 	0.0 	0.0 	0.0 	-0.0 	20.0 	0.0 	0.0 	0.0 	6.92493640028	2.9762294673	145.09245919	-15.325108958	
5.13333333333	0.0	0.0	0.0 	0.0 	162.666666667 	20.0 	0.0 	0.0 	0.0 	-0.0 	20.0 	0.0 	0.0 	0.0 	6.9828956645	2.97622947087	145.11161683	-15.4399029487	
5.15	0.0	0.0	0.0 	0.0 	163.0 	20.0 	0.0 	0.0 	0.0 	-0.0 	20.0 	0.0 	0.0 	0.0 	7.04052675754	2.97622947384	145.130932582	-15.555644355	
5.16666666667	0.0	0.0	0.0 	0.0 	163.333333333 	20.0 	0.0 	0.0 	0.0 	-0.0 	20.0 	0.0 	0.0 	0.0 	7.09783153755	2.97622947632	145.15040555	-15.6723278125	
5.18333333333	0.0	0.0	0.0 	0.0 	163.666666667 	20.0 	0.0 	0.0 	0.0 	-0.0 	20.0 	0.0 	0.0 	0.0 	7.15481185213	2.97622947839	145.170034843	-15.789947987	
5.2	0.0	0.0	0.0 	0.0 	164.0 	20.0 	0.0 	0.0 	0.0 	-0.0 	20.0 	0.0 	0.0 	0.0 	7.21146953844	2.97622948011	145.189819577	-15.9084995749	
5.21666666667	0.0	0.0	0.0 	0.0 	164.333333333 	20.0 	0.0 	0.0 	0.0 	-0.0 	20.0 	0.0 	0.0 	0.0 	7.26780642325	2.97622948154	145.209758872	-16.0279773024	
5.23333333333	0.0	0.0	0.0 	0.0 	164.666666667 	20.0 	0.0 	0.0 	0.0 	-0.0 	20.0 	0.0 	0.0 	0.0 	7.32382432295	2.97622948274	145.229851852	-16.1483759255	
5.25	0.0	0.0	0.0 	0.0 	165.0 	20.0 	0.0 	0.0 	0.0 	-0.0 	20.0 	0.0 	0.0 	0.0 	7.37952504368	2.97622948374	145.250097648	-16.2696902301	
5.26666666667	0.0	0.0	0.0 	0.0 	165.333333333 	20.0 	0.0 	0.0 	0.0 	-0.0 	20.0 	0.0 	0.0 	0.0 	7.43491038133	2.97622948456	145.270495393	-16.3919150315	
5.28333333333	0.0	0.0	0.0 	0.0 	165.666666667 	20.0 	0.0 	0.0 	0.0 	-0.0 	20.0 	0.0 	0.0 	0.0 	7.48998212164	2.97622948526	145.291044229	-16.5150451744	
5.3	0.0	0.0	0.0 	0.0 	166.0 	20.0 	0.0 	0.0 	0.0 	-0.0 	20.0 	0.0 	0.0 	0.0 	7.54474204022	2.97622948583	145.311743298	-16.6390755326	
5.31666666667	0.0	0.0	0.0 	0.0 	166.333333333 	20.0 	0.0 	0.0 	0.0 	-0.0 	20.0 	0.0 	0.0 	0.0 	7.59919190264	2.97622948631	145.332591752	-16.764001009	
5.33333333333	0.0	0.0	0.0 	0.0 	166.666666667 	20.0 	0.0 	0.0 	0.0 	-0.0 	20.0 	0.0 	0.0 	0.0 	7.65333346447	2.97622948671	145.353588743	-16.8898165354	
5.35	0.0	0.0	0.0 	0.0 	167.0 	20.0 	0.0 	0.0 	0.0 	-0.0 	20.0 	0.0 	0.0 	0.0 	7.70716847134	2.97622948705	145.374733431	-17.0165170721	
5.36666666667	0.0	0.0	0.0 	0.0 	167.333333333 	20.0 	0.0 	0.0 	0.0 	-0.0 	20.0 	0.0 	0.0 	0.0 	7.76069865899	2.97622948733	145.396024979	-17.1440976083	
5.38333333333	0.0	0.0	0.0 	0.0 	167.666666667 	20.0 	0.0 	0.0 	0.0 	-0.0 	20.0 	0.0 	0.0 	0.0 	7.81392575334	2.97622948756	145.417462556	-17.2725531612	
5.4	0.0	0.0	0.0 	0.0 	168.0 	20.0 	0.0 	0.0 	0.0 	-0.0 	20.0 	0.0 	0.0 	0.0 	7.86685147054	2.97622948775	145.439045336	-17.4018787764	
5.41666666667	0.0	0.0	0.0 	0.0 	168.333333333 	20.0 	0.0 	0.0 	0.0 	-0.0 	20.0 	0.0 	0.0 	0.0 	7.91947751701	2.97622948791	145.460772496	-17.5320695276	
5.43333333333	0.0	0.0	0.0 	0.0 	168.666666667 	20.0 	0.0 	0.0 	0.0 	-0.0 	20.0 	0.0 	0.0 	0.0 	7.97180558951	2.97622948804	145.482643218	-17.6631205162	
5.45	0.0	0.0	0.0 	0.0 	169.0 	20.0 	0.0 	0.0 	0.0 	-0.0 	20.0 	0.0 	0.0 	0.0 	8.02383737522	2.97622948816	145.50465669	-17.7950268715	
5.46666666667	0.0	0.0	0.0 	0.0 	169.333333333 	20.0 	0.0 	0.0 	0.0 	-0.0 	20.0 	0.0 	0.0 	0.0 	8.07557455172	2.97622948825	145.526812103	-17.9277837503	
5.48333333333	0.0	0.0	0.0 	0.0 	169.666666667 	20.0 	0.0 	0.0 	0.0 	-0.0 	20.0 	0.0 	0.0 	0.0 	8.12701878714	2.97622948833	145.549108654	-18.0613863369	
5.5	0.0	0.0	0.0 	0.0 	170.0 	20.0 	0.0 	0.0 	0.0 	-0.0 	20.0 	0.0 	0.0 	0.0 	8.17817174012	2.97622948839	145.571545543	-18.1958298427	
5.51666666667	0.0	0.0	0.0 	0.0 	170.333333333 	20.0 	0.0 	0.0 	0.0 	-0.0 	20.0 	0.0 	0.0 	0.0 	8.22903505995	2.97622948845	145.594121977	-18.3311095065	
5.53333333333	0.0	0.0	0.0 	0.0 	170.666666667 	20.0 	0.0 	0.0 	0.0 	-0.0 	20.0 	0.0 	0.0 	0.0 	8.27961038655	2.97622948849	145.616837164	-18.4672205938	
5.55	0.0	0.0	0.0 	0.0 	171.0 	20.0 	0.0 	0.0 	0.0 	-0.0 	20.0 	0.0 	0.0 	0.0 	8.32989935057	2.97622948853	145.63969032	-18.604158397	
5.56666666667	0.0	0.0	0.0 	0.0 	171.333333333 	20.0 	0.0 	0.0 	0.0 	-0.0 	20.0 	0.0 	0.0 	0.0 	8.37990357343	2.97622948856	145.662680663	-18.7419182351	
5.58333333333	0.0	0.0	0.0 	0.0 	171.666666667 	20.0 	0.0 	0.0 	0.0 	-0.0 	20.0 	0.0 	0.0 	0.0 	8.42962466735	2.97622948859	145.685807415	-18.8804954538	
5.6	0.0	0.0	0.0 	0.0 	172.0 	20.0 	0.0 	0.0 	0.0 	-0.0 	20.0 	0.0 	0.0 	0.0 	8.47906423544	2.97622948861	145.709069806	-19.0198854249	
5.61666666667	0.0	0.0	0.0 	0.0 	172.333333333 	20.0 	0.0 	0.0 	0.0 	-0.0 	20.0 	0.0 	0.0 	0.0 	8.52822387174	2.97622948862	145.732467067	-19.1600835465	
5.63333333333	0.0	0.0	0.0 	0.0 	172.666666667 	20.0 	0.0 	0.0 	0.0 	-0.0 	20.0 	0.0 	0.0 	0.0 	8.57710516123	2.97622948864	145.755998434	-19.3010852428	
5.65	0.0	0.0	0.0 	0.0 	173.0 	20.0 	0.0 	0.0 	0.0 	-0.0 	20.0 	0.0 	0.0 	0.0 	8.62570967995	2.97622948865	145.779663148	-19.4428859639	
5.66666666667	0.0	0.0	0.0 	0.0 	173.333333333 	20.0 	0.0 	0.0 	0.0 	-0.0 	20.0 	0.0 	0.0 	0.0 	8.674038995	2.97622948866	145.803460454	-19.5854811856	
5.68333333333	0.0	0.0	0.0 	0.0 	173.666666667 	20.0 	0.0 	0.0 	0.0 	-0.0 	20.0 	0.0 	0.0 	0.0 	8.72209466462	2.97622948867	145.827389601	-19.7288664094	
5.7	0.0	0.0	0.0 	0.0 	174.0 	20.0 	0.0 	0.0 	0.0 	-0.0 	20.0 	0.0 	0.0 	0.0 	8.76987823821	2.97622948868	145.851449843	-19.8730371622	
5.71666666667	0.0	0.0	0.0 	0.0 	174.333333333 	20.0 	0.0 	0.0 	0.0 	-0.0 	20.0 	0.0 	0.0 	0.0 	8.8173912564	2.97622948868	145.875640437	-20.0179889963	
5.73333333333	0.0	0.0	0.0 	0.0 	174.666666667 	20.0 	0.0 	0.0 	0.0 	-0.0 	20.0 	0.0 	0.0 	0.0 	8.86463525112	2.97622948869	145.899960645	-20.1637174891	
5.75	0.0	0.0	0.0 	0.0 	175.0 	20.0 	0.0 	0.0 	0.0 	-0.0 	20.0 	0.0 	0.0 	0.0 	8.91161174559	2.97622948869	145.924409734	-20.310218243	
5.76666666667	0.0	0.0	0.0 	0.0 	175.333333333 	20.0 	0.0 	0.0 	0.0 	-0.0 	20.0 	0.0 	0.0 	0.0 	8.95832225442	2.9762294887	145.948986974	-20.4574868856	
5.78333333333	0.0	0.0	0.0 	0.0 	175.666666667 	20.0 	0.0 	0.0 	0.0 	-0.0 	20.0 	0.0 	0.0 	0.0 	9.00476828367	2.9762294887	145.973691639	-20.6055190688	
5.8	0.0	0.0	0.0 	0.0 	176.0 	20.0 	0.0 	0.0 	0.0 	-0.0 	20.0 	0.0 	0.0 	0.0 	9.05095133083	2.9762294887	145.998523007	-20.7543104695	
5.81666666667	0.0	0.0	0.0 	0.0 	176.333333333 	20.0 	0.0 	0.0 	0.0 	-0.0 	20.0 	0.0 	0.0 	0.0 	9.09687288494	2.9762294887	146.023480361	-20.9038567889	
5.83333333333	0.0	0.0	0.0 	0.0 	176.666666667 	20.0 	0.0 	0.0 	0.0 	-0.0 	20.0 	0.0 	0.0 	0.0 	9.14253442659	2.97622948871	146.048562989	-21.0541537525	
5.85	0.0	0.0	0.0 	0.0 	177.0 	20.0 	0.0 	0.0 	0.0 	-0.0 	20.0 	0.0 	0.0 	0.0 	9.18793742801	2.97622948871	146.07377018	-21.2051971103	
5.86666666667	0.0	0.0	0.0 	0.0 	177.333333333 	20.0 	0.0 	0.0 	0.0 	-0.0 	20.0 	0.0 	0.0 	0.0 	9.23308335308	2.97622948871	146.099101229	-21.3569826359	
5.88333333333	0.0	0.0	0.0 	0.0 	177.666666667 	20.0 	0.0 	0.0 	0.0 	-0.0 	20.0 	0.0 	0.0 	0.0 	9.27797365738	2.97622948871	146.124555435	-21.5095061271	
5.9	0.0	0.0	0.0 	0.0 	178.0 	20.0 	0.0 	0.0 	0.0 	-0.0 	20.0 	0.0 	0.0 	0.0 	9.32260978827	2.97622948871	146.150132101	-21.6627634056	
5.91666666667	0.0	0.0	0.0 	0.0 	178.333333333 	20.0 	0.0 	0.0 	0.0 	-0.0 	20.0 	0.0 	0.0 	0.0 	9.3669931849	2.97622948871	146.175830533	-21.8167503165	
5.93333333333	0.0	0.0	0.0 	0.0 	178.666666667 	20.0 	0.0 	0.0 	0.0 	-0.0 	20.0 	0.0 	0.0 	0.0 	9.41112527829	2.97622948871	146.201650042	-21.9714627286	
5.95	0.0	0.0	0.0 	0.0 	179.0 	20.0 	0.0 	0.0 	0.0 	-0.0 	20.0 	0.0 	0.0 	0.0 	9.45500749132	2.97622948871	146.227589942	-22.1268965341	
5.96666666667	0.0	0.0	0.0 	0.0 	179.333333333 	20.0 	0.0 	0.0 	0.0 	-0.0 	20.0 	0.0 	0.0 	0.0 	9.49864123886	2.97622948871	146.253649552	-22.2830476482	
5.98333333333	0.0	0.0	0.0 	0.0 	179.666666667 	20.0 	0.0 	0.0 	0.0 	-0.0 	20.0 	0.0 	0.0 	0.0 	9.54202792774	2.97622948871	146.279828193	-22.4399120097	
6.0	0.0	0.0	0.0 	0.0 	180.0 	20.0 	0.0 	0.0 	0.0 	-0.0 	20.0 	0.0 	0.0 	0.0 	9.58516895682	2.97622948871	146.306125193	-22.5974855799	
6.01666666667	0.0	0.0	0.0 	0.0 	180.333333333 	20.0 	0.0 	0.0 	0.0 	-0.0 	20.0 	0.0 	0.0 	0.0 	9.62806571707	2.97622948871	146.33253988	-22.7557643433	
6.03333333333	0.0	0.0	0.0 	0.0 	180.666666667 	20.0 	0.0 	0.0 	0.0 	-0.0 	20.0 	0.0 	0.0 	0.0 	9.67071959154	2.97622948871	146.359071588	-22.9147443069	
6.05	0.0	0.0	0.0 	0.0 	181.0 	20.0 	0.0 	0.0 	0.0 	-0.0 	20.0 	0.0 	0.0 	0.0 	9.7131319555	2.97622948871	146.385719655	-23.0744215006	
6.06666666667	0.0	0.0	0.0 	0.0 	181.333333333 	20.0 	0.0 	0.0 	0.0 	-0.0 	20.0 	0.0 	0.0 	0.0 	9.75530417639	2.97622948871	146.412483422	-23.2347919766	
6.08333333333	0.0	0.0	0.0 	0.0 	181.666666667 	20.0 	0.0 	0.0 	0.0 	-0.0 	20.0 	0.0 	0.0 	0.0 	9.79723761393	2.97622948871	146.439362233	-23.3958518093	
6.1	0.0	0.0	0.0 	0.0 	182.0 	20.0 	0.0 	0.0 	0.0 	-0.0 	20.0 	0.0 	0.0 	0.0 	9.83893362014	2.97622948871	146.466355438	-23.5575970957	
6.11666666667	0.0	0.0	0.0 	0.0 	182.333333333 	20.0 	0.0 	0.0 	0.0 	-0.0 	20.0 	0.0 	0.0 	0.0 	9.88039353936	2.97622948871	146.493462389	-23.7200239545	
6.13333333333	0.0	0.0	0.0 	0.0 	182.666666667 	20.0 	0.0 	0.0 	0.0 	-0.0 	20.0 	0.0 	0.0 	0.0 	9.92161870837	2.97622948871	146.520682441	-23.8831285267	
6.15	0.0	0.0	0.0 	0.0 	183.0 	20.0 	0.0 	0.0 	0.0 	-0.0 	20.0 	0.0 	0.0 	0.0 	9.96261045632	2.97622948871	146.548014955	-24.046906975	
6.16666666667	0.0	0.0	0.0 	0.0 	183.333333333 	20.0 	0.0 	0.0 	0.0 	-0.0 	20.0 	0.0 	0.0 	0.0 	10.0033701049	2.97622948871	146.575459293	-24.2113554838	
6.18333333333	0.0	0.0	0.0 	0.0 	183.666666667 	20.0 	0.0 	0.0 	0.0 	-0.0 	20.0 	0.0 	0.0 	0.0 	10.0438989682	2.97622948871	146.603014822	-24.3764702592	
6.2	0.0	0.0	0.0 	0.0 	184.0 	20.0 	0.0 	0.0 	0.0 	-0.0 	20.0 	0.0 	0.0 	0.0 	10.084198353	2.97622948871	146.630680913	-24.5422475287	
6.21666666667	0.0	0.0	0.0 	0.0 	184.333333333 	20.0 	0.0 	0.0 	0.0 	-0.0 	20.0 	0.0 	0.0 	0.0 	10.1242695587	2.97622948871	146.65845694	-24.7086835412	
6.23333333333	0.0	0.0	0.0 	0.0 	184.666666667 	20.0 	0.0 	0.0 	0.0 	-0.0 	20.0 	0.0 	0.0 	0.0 	10.1641138772	2.97622948871	146.68634228	-24.8757745668	
6.25	0.0	0.0	0.0 	0.0 	185.0 	20.0 	0.0 	0.0 	0.0 	-0.0 	20.0 	0.0 	0.0 	0.0 	10.2037325931	2.97622948871	146.714336315	-25.0435168968	
6.26666666667	0.0	0.0	0.0 	0.0 	185.333333333 	20.0 	0.0 	0.0 	0.0 	-0.0 	20.0 	0.0 	0.0 	0.0 	10.2431269839	2.97622948871	146.742438428	-25.2119068434	
6.28333333333	0.0	0.0	0.0 	0.0 	185.666666667 	20.0 	0.0 	0.0 	0.0 	-0.0 	20.0 	0.0 	0.0 	0.0 	10.2822983197	2.97622948871	146.770648008	-25.3809407398	
6.3	0.0	0.0	0.0 	0.0 	186.0 	20.0 	0.0 	0.0 	0.0 	-0.0 	20.0 	0.0 	0.0 	0.0 	10.3212478635	2.97622948871	146.798964447	-25.5506149398	
6.31666666667	0.0	0.0	0.0 	0.0 	186.333333333 	20.0 	0.0 	0.0 	0.0 	-0.0 	20.0 	0.0 	0.0 	0.0 	10.359976871	2.97622948871	146.827387139	-25.720925818	
6.33333333333	0.0	0.0	0.0 	0.0 	186.666666667 	20.0 	0.0 	0.0 	0.0 	-0.0 	20.0 	0.0 	0.0 	0.0 	10.398486591	2.97622948871	146.855915482	-25.8918697695	
6.35	0.0	0.0	0.0 	0.0 	187.0 	20.0 	0.0 	0.0 	0.0 	-0.0 	20.0 	0.0 	0.0 	0.0 	10.4367782651	2.97622948871	146.88454888	-26.0634432097	
6.36666666667	0.0	0.0	0.0 	0.0 	187.333333333 	20.0 	0.0 	0.0 	0.0 	-0.0 	20.0 	0.0 	0.0 	0.0 	10.4748531279	2.97622948871	146.913286736	-26.2356425744	
6.38333333333	0.0	0.0	0.0 	0.0 	187.666666667 	20.0 	0.0 	0.0 	0.0 	-0.0 	20.0 	0.0 	0.0 	0.0 	10.512712407	2.97622948871	146.942128459	-26.4084643195	
6.4	0.0	0.0	0.0 	0.0 	188.0 	20.0 	0.0 	0.0 	0.0 	-0.0 	20.0 	0.0 	0.0 	0.0 	10.5503573231	2.97622948871	146.971073461	-26.5819049211	
6.41666666667	0.0	0.0	0.0 	0.0 	188.333333333 	20.0 	0.0 	0.0 	0.0 	-0.0 	20.0 	0.0 	0.0 	0.0 	10.5877890898	2.97622948871	147.000121158	-26.7559608752	
6.43333333333	0.0	0.0	0.0 	0.0 	188.666666667 	20.0 	0.0 	0.0 	0.0 	-0.0 	20.0 	0.0 	0.0 	0.0 	10.6250089142	2.97622948871	147.029270968	-26.9306286975	
6.45	0.0	0.0	0.0 	0.0 	189.0 	20.0 	0.0 	0.0 	0.0 	-0.0 	20.0 	0.0 	0.0 	0.0 	10.6620179961	2.97622948871	147.058522313	-27.1059049236	
6.46666666667	0.0	0.0	0.0 	0.0 	189.333333333 	20.0 	0.0 	0.0 	0.0 	-0.0 	20.0 	0.0 	0.0 	0.0 	10.6988175289	2.97622948871	147.087874617	-27.2817861086	
6.48333333333	0.0	0.0	0.0 	0.0 	189.666666667 	20.0 	0.0 	0.0 	0.0 	-0.0 	20.0 	0.0 	0.0 	0.0 	10.7354086991	2.97622948871	147.11732731	-27.4582688273	
6.5	0.0	0.0	0.0 	0.0 	190.0 	20.0 	0.0 	0.0 	0.0 	-0.0 	20.0 	0.0 	0.0 	0.0 	10.7717926863	2.97622948871	147.146879822	-27.6353496737	
6.51666666667	0.0	0.0	0.0 	0.0 	190.333333333 	20.0 	0.0 	0.0 	0.0 	-0.0 	20.0 	0.0 	0.0 	0.0 	10.8079706638	2.97622948871	147.176531589	-27.813025261	
6.53333333333	0.0	0.0	0.0 	0.0 	190.666666667 	20.0 	0.0 	0.0 	0.0 	-0.0 	20.0 	0.0 	0.0 	0.0 	10.843943798	2.97622948871	147.206282049	-27.9912922219	
6.55	0.0	0.0	0.0 	0.0 	191.0 	20.0 	0.0 	0.0 	0.0 	-0.0 	20.0 	0.0 	0.0 	0.0 	10.8797132486	2.97622948871	147.236130643	-28.1701472079	
6.56666666667	0.0	0.0	0.0 	0.0 	191.333333333 	20.0 	0.0 	0.0 	0.0 	-0.0 	20.0 	0.0 	0.0 	0.0 	10.915280169	2.97622948871	147.266076814	-28.3495868895	
6.58333333333	0.0	0.0	0.0 	0.0 	191.666666667 	20.0 	0.0 	0.0 	0.0 	-0.0 	20.0 	0.0 	0.0 	0.0 	10.950645706	2.97622948871	147.296120012	-28.5296079562	
6.6	0.0	0.0	0.0 	0.0 	192.0 	20.0 	0.0 	0.0 	0.0 	-0.0 	20.0 	0.0 	0.0 	0.0 	10.9858109997	2.97622948871	147.326259685	-28.7102071161	
6.61666666667	0.0	0.0	0.0 	0.0 	192.333333333 	20.0 	0.0 	0.0 	0.0 	-0.0 	20.0 	0.0 	0.0 	0.0 	11.020777184	2.97622948871	147.356495289	-28.8913810959	
6.63333333333	0.0	0.0	0.0 	0.0 	192.666666667 	20.0 	0.0 	0.0 	0.0 	-0.0 	20.0 	0.0 	0.0 	0.0 	11.0555453862	2.97622948871	147.38682628	-29.0731266411	
6.65	0.0	0.0	0.0 	0.0 	193.0 	20.0 	0.0 	0.0 	0.0 	-0.0 	20.0 	0.0 	0.0 	0.0 	11.0901167274	2.97622948871	147.417252117	-29.2554405152	
6.66666666667	0.0	0.0	0.0 	0.0 	193.333333333 	20.0 	0.0 	0.0 	0.0 	-0.0 	20.0 	0.0 	0.0 	0.0 	11.1244923222	2.97622948871	147.447772264	-29.4383195004	
6.68333333333	0.0	0.0	0.0 	0.0 	193.666666667 	20.0 	0.0 	0.0 	0.0 	-0.0 	20.0 	0.0 	0.0 	0.0 	11.1586732789	2.97622948871	147.478386187	-29.621760397	
6.7	0.0	0.0	0.0 	0.0 	194.0 	20.0 	0.0 	0.0 	0.0 	-0.0 	20.0 	0.0 	0.0 	0.0 	11.1926606996	2.97622948871	147.509093355	-29.8057600234	
6.71666666667	0.0	0.0	0.0 	0.0 	194.333333333 	20.0 	0.0 	0.0 	0.0 	-0.0 	20.0 	0.0 	0.0 	0.0 	11.2264556801	2.97622948871	147.539893239	-29.9903152159	
6.73333333333	0.0	0.0	0.0 	0.0 	194.666666667 	20.0 	0.0 	0.0 	0.0 	-0.0 	20.0 	0.0 	0.0 	0.0 	11.2600593101	2.97622948871	147.570785316	-30.175422829	
6.75	0.0	0.0	0.0 	0.0 	195.0 	20.0 	0.0 	0.0 	0.0 	-0.0 	20.0 	0.0 	0.0 	0.0 	11.2934726729	2.97622948871	147.601769062	-30.3610797347	
6.76666666667	0.0	0.0	0.0 	0.0 	195.333333333 	20.0 	0.0 	0.0 	0.0 	-0.0 	20.0 	0.0 	0.0 	0.0 	11.3266968459	2.97622948871	147.632843959	-30.5472828229	
6.78333333333	0.0	0.0	0.0 	0.0 	195.666666667 	20.0 	0.0 	0.0 	0.0 	-0.0 	20.0 	0.0 	0.0 	0.0 	11.3597329003	2.97622948871	147.664009491	-30.734029001	
6.8	0.0	0.0	0.0 	0.0 	196.0 	20.0 	0.0 	0.0 	0.0 	-0.0 	20.0 	0.0 	0.0 	0.0 	11.3925819012	2.97622948871	147.695265144	-30.9213151941	
6.81666666667	0.0	0.0	0.0 	0.0 	196.333333333 	20.0 	0.0 	0.0 	0.0 	-0.0 	20.0 	0.0 	0.0 	0.0 	11.4252449078	2.97622948871	147.726610409	-31.1091383445	
6.83333333333	0.0	0.0	0.0 	0.0 	196.666666667 	20.0 	0.0 	0.0 	0.0 	-0.0 	20.0 	0.0 	0.0 	0.0 	11.4577229731	2.97622948871	147.758044778	-31.297495412	
6.85	0.0	0.0	0.0 	0.0 	197.0 	20.0 	0.0 	0.0 	0.0 	-0.0 	20.0 	0.0 	0.0 	0.0 	11.4900171444	2.97622948871	147.789567745	-31.4863833733	
6.86666666667	0.0	0.0	0.0 	0.0 	197.333333333 	20.0 	0.0 	0.0 	0.0 	-0.0 	20.0 	0.0 	0.0 	0.0 	11.5221284629	2.97622948871	147.821178811	-31.6757992226	
6.88333333333	0.0	0.0	0.0 	0.0 	197.666666667 	20.0 	0.0 	0.0 	0.0 	-0.0 	20.0 	0.0 	0.0 	0.0 	11.5540579638	2.97622948871	147.852877475	-31.8657399708	
6.9	0.0	0.0	0.0 	0.0 	198.0 	20.0 	0.0 	0.0 	0.0 	-0.0 	20.0 	0.0 	0.0 	0.0 	11.5858066767	2.97622948871	147.884663243	-32.056202646	
6.91666666667	0.0	0.0	0.0 	0.0 	198.333333333 	20.0 	0.0 	0.0 	0.0 	-0.0 	20.0 	0.0 	0.0 	0.0 	11.6173756252	2.97622948871	147.91653562	-32.247184293	
6.93333333333	0.0	0.0	0.0 	0.0 	198.666666667 	20.0 	0.0 	0.0 	0.0 	-0.0 	20.0 	0.0 	0.0 	0.0 	11.6487658272	2.97622948871	147.948494116	-32.4386819732	
6.95	0.0	0.0	0.0 	0.0 	199.0 	20.0 	0.0 	0.0 	0.0 	-0.0 	20.0 	0.0 	0.0 	0.0 	11.6799782946	2.97622948871	147.980538244	-32.6306927649	
6.96666666667	0.0	0.0	0.0 	0.0 	199.333333333 	20.0 	0.0 	0.0 	0.0 	-0.0 	20.0 	0.0 	0.0 	0.0 	11.711014034	2.97622948871	148.012667519	-32.8232137628	
6.98333333333	0.0	0.0	0.0 	0.0 	199.666666667 	20.0 	0.0 	0.0 	0.0 	-0.0 	20.0 	0.0 	0.0 	0.0 	11.7418740458	2.97622948871	148.044881459	-33.0162420779	
7.0	0.0	0.0	0.0 	0.0 	200.0 	20.0 	0.0 	0.0 	0.0 	-0.0 	20.0 	0.0 	0.0 	0.0 	11.7725593252	2.97622948871	148.077179584	-33.209774838	
7.01666666667	0.0	0.0	0.0 	0.0 	200.333333333 	20.0 	0.0 	0.0 	0.0 	-0.0 	20.0 	0.0 	0.0 	0.0 	11.8030708614	2.97622948871	148.109561417	-33.4038091866	
7.03333333333	0.0	0.0	0.0 	0.0 	200.666666667 	20.0 	0.0 	0.0 	0.0 	-0.0 	20.0 	0.0 	0.0 	0.0 	11.8334096383	2.97622948871	148.142026486	-33.5983422838	
7.05	0.0	0.0	0.0 	0.0 	201.0 	20.0 	0.0 	0.0 	0.0 	-0.0 	20.0 	0.0 	0.0 	0.0 	11.863576634	2.97622948871	148.174574317	-33.7933713056	
7.06666666667	0.0	0.0	0.0 	0.0 	201.333333333 	20.0 	0.0 	0.0 	0.0 	-0.0 	20.0 	0.0 	0.0 	0.0 	11.8935728211	2.97622948871	148.207204444	-33.9888934441	
7.08333333333	0.0	0.0	0.0 	0.0 	201.666666667 	20.0 	0.0 	0.0 	0.0 	-0.0 	20.0 	0.0 	0.0 	0.0 	11.9233991667	2.97622948871	148.239916399	-34.1849059071	
7.1	0.0	0.0	0.0 	0.0 	202.0 	20.0 	0.0 	0.0 	0.0 	-0.0 	20.0 	0.0 	0.0 	0.0 	11.9530566326	2.97622948871	148.27270972	-34.3814059185	
7.11666666667	0.0	0.0	0.0 	0.0 	202.333333333 	20.0 	0.0 	0.0 	0.0 	-0.0 	20.0 	0.0 	0.0 	0.0 	11.982546175	2.97622948871	148.305583946	-34.5783907175	
7.13333333333	0.0	0.0	0.0 	0.0 	202.666666667 	20.0 	0.0 	0.0 	0.0 	-0.0 	20.0 	0.0 	0.0 	0.0 	12.0118687446	2.97622948871	148.338538619	-34.7758575594	
7.15	0.0	0.0	0.0 	0.0 	203.0 	20.0 	0.0 	0.0 	0.0 	-0.0 	20.0 	0.0 	0.0 	0.0 	12.0410252869	2.97622948871	148.371573282	-34.9738037148	
7.16666666667	0.0	0.0	0.0 	0.0 	203.333333333 	20.0 	0.0 	0.0 	0.0 	-0.0 	20.0 	0.0 	0.0 	0.0 	12.0700167418	2.97622948871	148.404687485	-35.1722264697	
7.18333333333	0.0	0.0	0.0 	0.0 	203.666666667 	20.0 	0.0 	0.0 	0.0 	-0.0 	20.0 	0.0 	0.0 	0.0 	12.0988440443	2.97622948871	148.437880775	-35.3711231256	
7.2	0.0	0.0	0.0 	0.0 	204.0 	20.0 	0.0 	0.0 	0.0 	-0.0 	20.0 	0.0 	0.0 	0.0 	12.1275081237	2.97622948871	148.471152705	-35.5704909992	
7.21666666667	0.0	0.0	0.0 	0.0 	204.333333333 	20.0 	0.0 	0.0 	0.0 	-0.0 	20.0 	0.0 	0.0 	0.0 	12.1560099042	2.97622948871	148.50450283	-35.7703274224	
7.23333333333	0.0	0.0	0.0 	0.0 	204.666666667 	20.0 	0.0 	0.0 	0.0 	-0.0 	20.0 	0.0 	0.0 	0.0 	12.1843503047	2.97622948871	148.537930707	-35.9706297422	
7.25	0.0	0.0	0.0 	0.0 	205.0 	20.0 	0.0 	0.0 	0.0 	-0.0 	20.0 	0.0 	0.0 	0.0 	12.2125302391	2.97622948871	148.571435896	-36.1713953208	
7.26666666667	0.0	0.0	0.0 	0.0 	205.333333333 	20.0 	0.0 	0.0 	0.0 	-0.0 	20.0 	0.0 	0.0 	0.0 	12.2405506158	2.97622948871	148.60501796	-36.372621535	
7.28333333333	0.0	0.0	0.0 	0.0 	205.666666667 	20.0 	0.0 	0.0 	0.0 	-0.0 	20.0 	0.0 	0.0 	0.0 	12.2684123383	2.97622948871	148.638676462	-36.5743057767	
7.3	0.0	0.0	0.0 	0.0 	206.0 	20.0 	0.0 	0.0 	0.0 	-0.0 	20.0 	0.0 	0.0 	0.0 	12.296116305	2.97622948871	148.67241097	-36.7764454526	
7.31666666667	0.0	0.0	0.0 	0.0 	206.333333333 	20.0 	0.0 	0.0 	0.0 	-0.0 	20.0 	0.0 	0.0 	0.0 	12.323663409	2.97622948871	148.706221055	-36.9790379838	
7.33333333333	0.0	0.0	0.0 	0.0 	206.666666667 	20.0 	0.0 	0.0 	0.0 	-0.0 	20.0 	0.0 	0.0 	0.0 	12.3510545386	2.97622948871	148.740106286	-37.1820808064	
7.35	0.0	0.0	0.0 	0.0 	207.0 	20.0 	0.0 	0.0 	0.0 	-0.0 	20.0 	0.0 	0.0 	0.0 	12.3782905768	2.97622948871	148.774066241	-37.3855713706	
7.36666666667	0.0	0.0	0.0 	0.0 	207.333333333 	20.0 	0.0 	0.0 	0.0 	-0.0 	20.0 	0.0 	0.0 	0.0 	12.4053724019	2.97622948871	148.808100494	-37.5895071414	
7.38333333333	0.0	0.0	0.0 	0.0 	207.666666667 	20.0 	0.0 	0.0 	0.0 	-0.0 	20.0 	0.0 	0.0 	0.0 	12.4323008869	2.97622948871	148.842208626	-37.7938855979	
7.4	0.0	0.0	0.0 	0.0 	208.0 	20.0 	0.0 	0.0 	0.0 	-0.0 	20.0 	0.0 	0.0 	0.0 	12.4590769001	2.97622948871	148.876390218	-37.9987042336	
7.41666666667	0.0	0.0	0.0 	0.0 	208.333333333 	20.0 	0.0 	0.0 	0.0 	-0.0 	20.0 	0.0 	0.0 	0.0 	12.4857013049	2.97622948871	148.910644855	-38.2039605562	
7.43333333333	0.0	0.0	0.0 	0.0 	208.666666667 	20.0 	0.0 	0.0 	0.0 	-0.0 	20.0 	0.0 	0.0 	0.0 	12.5121749596	2.97622948871	148.944972122	-38.4096520874	
7.45	0.0	0.0	0.0 	0.0 	209.0 	20.0 	0.0 	0.0 	0.0 	-0.0 	20.0 	0.0 	0.0 	0.0 	12.5384987178	2.97622948871	148.979371609	-38.615776363	
7.46666666667	0.0	0.0	0.0 	0.0 	209.333333333 	20.0 	0.0 	0.0 	0.0 	-0.0 	20.0 	0.0 	0.0 	0.0 	12.5646734283	2.97622948871	149.013842906	-38.8223309328	
7.48333333333	0.0	0.0	0.0 	0.0 	209.666666667 	20.0 	0.0 	0.0 	0.0 	-0.0 	20.0 	0.0 	0.0 	0.0 	12.5906999349	2.97622948871	149.048385607	-39.0293133605	
7.5	0.0	0.0	0.0 	0.0 	210.0 	20.0 	0.0 	0.0 	0.0 	-0.0 	20.0 	0.0 	0.0 	0.0 	12.6165790768	2.97622948871	149.082999308	-39.2367212234	
7.51666666667	0.0	0.0	0.0 	0.0 	210.333333333 	20.0 	0.0 	0.0 	0.0 	-0.0 	20.0 	0.0 	0.0 	0.0 	12.6423116885	2.97622948871	149.117683607	-39.4445521127	
7.53333333333	0.0	0.0	0.0 	0.0 	210.666666667 	20.0 	0.0 	0.0 	0.0 	-0.0 	20.0 	0.0 	0.0 	0.0 	12.6678985994	2.97622948871	149.152438103	-39.6528036332	
7.55	0.0	0.0	0.0 	0.0 	211.0 	20.0 	0.0 	0.0 	0.0 	-0.0 	20.0 	0.0 	0.0 	0.0 	12.6933406348	2.97622948871	149.1872624	-39.8614734032	
7.56666666667	0.0	0.0	0.0 	0.0 	211.333333333 	20.0 	0.0 	0.0 	0.0 	-0.0 	20.0 	0.0 	0.0 	0.0 	12.7186386147	2.97622948871	149.222156102	-40.0705590546	
7.58333333333	0.0	0.0	0.0 	0.0 	211.666666667 	20.0 	0.0 	0.0 	0.0 	-0.0 	20.0 	0.0 	0.0 	0.0 	12.743793355	2.97622948871	149.257118817	-40.2800582325	
7.6	0.0	0.0	0.0 	0.0 	212.0 	20.0 	0.0 	0.0 	0.0 	-0.0 	20.0 	0.0 	0.0 	0.0 	12.7688056666	2.97622948871	149.292150153	-40.4899685956	
7.61666666667	0.0	0.0	0.0 	0.0 	212.333333333 	20.0 	0.0 	0.0 	0.0 	-0.0 	20.0 	0.0 	0.0 	0.0 	12.793676356	2.97622948871	149.327249722	-40.7002878158	
7.63333333333	0.0	0.0	0.0 	0.0 	212.666666667 	20.0 	0.0 	0.0 	0.0 	-0.0 	20.0 	0.0 	0.0 	0.0 	12.818406225	2.97622948871	149.362417137	-40.9110135779	
7.65	0.0	0.0	0.0 	0.0 	213.0 	20.0 	0.0 	0.0 	0.0 	-0.0 	20.0 	0.0 	0.0 	0.0 	12.842996071	2.97622948871	149.397652015	-41.1221435801	
7.66666666667	0.0	0.0	0.0 	0.0 	213.333333333 	20.0 	0.0 	0.0 	0.0 	-0.0 	20.0 	0.0 	0.0 	0.0 	12.8674466869	2.97622948871	149.432953974	-41.3336755336	
7.68333333333	0.0	0.0	0.0 	0.0 	213.666666667 	20.0 	0.0 	0.0 	0.0 	-0.0 	20.0 	0.0 	0.0 	0.0 	12.8917588609	2.97622948871	149.468322633	-41.5456071624	
7.7	0.0	0.0	0.0 	0.0 	214.0 	20.0 	0.0 	0.0 	0.0 	-0.0 	20.0 	0.0 	0.0 	0.0 	12.9159333769	2.97622948871	149.503757615	-41.7579362037	
7.71666666667	0.0	0.0	0.0 	0.0 	214.333333333 	20.0 	0.0 	0.0 	0.0 	-0.0 	20.0 	0.0 	0.0 	0.0 	12.9399710144	2.97622948871	149.539258545	-41.9706604071	
7.73333333333	0.0	0.0	0.0 	0.0 	214.666666667 	20.0 	0.0 	0.0 	0.0 	-0.0 	20.0 	0.0 	0.0 	0.0 	12.9638725484	2.97622948871	149.574825049	-42.1837775353	
7.75	0.0	0.0	0.0 	0.0 	215.0 	20.0 	0.0 	0.0 	0.0 	-0.0 	20.0 	0.0 	0.0 	0.0 	12.9876387495	2.97622948871	149.610456755	-42.3972853635	
7.76666666667	0.0	0.0	0.0 	0.0 	215.333333333 	20.0 	0.0 	0.0 	0.0 	-0.0 	20.0 	0.0 	0.0 	0.0 	13.011270384	2.97622948871	149.646153295	-42.6111816794	
7.78333333333	0.0	0.0	0.0 	0.0 	215.666666667 	20.0 	0.0 	0.0 	0.0 	-0.0 	20.0 	0.0 	0.0 	0.0 	13.0347682138	2.97622948871	149.681914302	-42.8254642835	
7.8	0.0	0.0	0.0 	0.0 	216.0 	20.0 	0.0 	0.0 	0.0 	-0.0 	20.0 	0.0 	0.0 	0.0 	13.0581329965	2.97622948871	149.71773941	-43.0401309884	
7.81666666667	0.0	0.0	0.0 	0.0 	216.333333333 	20.0 	0.0 	0.0 	0.0 	-0.0 	20.0 	0.0 	0.0 	0.0 	13.0813654855	2.97622948871	149.753628257	-43.2551796195	
7.83333333333	0.0	0.0	0.0 	0.0 	216.666666667 	20.0 	0.0 	0.0 	0.0 	-0.0 	20.0 	0.0 	0.0 	0.0 	13.1044664298	2.97622948871	149.789580481	-43.4706080142	
7.85	0.0	0.0	0.0 	0.0 	217.0 	20.0 	0.0 	0.0 	0.0 	-0.0 	20.0 	0.0 	0.0 	0.0 	13.1274365742	2.97622948871	149.825595724	-43.6864140222	
7.86666666667	0.0	0.0	0.0 	0.0 	217.333333333 	20.0 	0.0 	0.0 	0.0 	-0.0 	20.0 	0.0 	0.0 	0.0 	13.1502766593	2.97622948871	149.861673629	-43.9025955055	
7.88333333333	0.0	0.0	0.0 	0.0 	217.666666667 	20.0 	0.0 	0.0 	0.0 	-0.0 	20.0 	0.0 	0.0 	0.0 	13.1729874216	2.97622948871	149.897813842	-44.119150338	
7.9	0.0	0.0	0.0 	0.0 	218.0 	20.0 	0.0 	0.0 	0.0 	-0.0 	20.0 	0.0 	0.0 	0.0 	13.1955695933	2.97622948871	149.934016008	-44.3360764059	
7.91666666667	0.0	0.0	0.0 	0.0 	218.333333333 	20.0 	0.0 	0.0 	0.0 	-0.0 	20.0 	0.0 	0.0 	0.0 	13.2180239024	2.97622948871	149.970279779	-44.5533716072	
7.93333333333	0.0	0.0	0.0 	0.0 	218.666666667 	20.0 	0.0 	0.0 	0.0 	-0.0 	20.0 	0.0 	0.0 	0.0 	13.240351073	2.97622948871	150.006604804	-44.7710338517	
7.95	0.0	0.0	0.0 	0.0 	219.0 	20.0 	0.0 	0.0 	0.0 	-0.0 	20.0 	0.0 	0.0 	0.0 	13.262551825	2.97622948871	150.042990737	-44.9890610613	
7.96666666667	0.0	0.0	0.0 	0.0 	219.333333333 	20.0 	0.0 	0.0 	0.0 	-0.0 	20.0 	0.0 	0.0 	0.0 	13.284626874	2.97622948871	150.079437233	-45.2074511695	
7.98333333333	0.0	0.0	0.0 	0.0 	219.666666667 	20.0 	0.0 	0.0 	0.0 	-0.0 	20.0 	0.0 	0.0 	0.0 	13.3065769319	2.97622948871	150.11594395	-45.4262021215	
8.0	0.0	0.0	0.0 	0.0 	220.0 	20.0 	0.0 	0.0 	0.0 	-0.0 	20.0 	0.0 	0.0 	0.0 	13.3284027063	2.97622948871	150.152510545	-45.6453118742	
8.01666666667	0.0	0.0	0.0 	0.0 	220.333333333 	20.0 	0.0 	0.0 	0.0 	-0.0 	20.0 	0.0 	0.0 	0.0 	13.350104901	2.97622948871	150.189136681	-45.864778396	
8.03333333333	0.0	0.0	0.0 	0.0 	220.666666667 	20.0 	0.0 	0.0 	0.0 	-0.0 	20.0 	0.0 	0.0 	0.0 	13.3716842158	2.97622948871	150.22582202	-46.0845996669	
8.05	0.0	0.0	0.0 	0.0 	221.0 	20.0 	0.0 	0.0 	0.0 	-0.0 	20.0 	0.0 	0.0 	0.0 	13.3931413462	2.97622948871	150.262566226	-46.3047736782	
8.06666666667	0.0	0.0	0.0 	0.0 	221.333333333 	20.0 	0.0 	0.0 	0.0 	-0.0 	20.0 	0.0 	0.0 	0.0 	13.4144769843	2.97622948871	150.299368968	-46.5252984327	
8.08333333333	0.0	0.0	0.0 	0.0 	221.666666667 	20.0 	0.0 	0.0 	0.0 	-0.0 	20.0 	0.0 	0.0 	0.0 	13.4356918178	2.97622948871	150.336229912	-46.7461719444	
8.1	0.0	0.0	0.0 	0.0 	222.0 	20.0 	0.0 	0.0 	0.0 	-0.0 	20.0 	0.0 	0.0 	0.0 	13.4567865308	2.97622948871	150.37314873	-46.9673922387	
8.11666666667	0.0	0.0	0.0 	0.0 	222.333333333 	20.0 	0.0 	0.0 	0.0 	-0.0 	20.0 	0.0 	0.0 	0.0 	13.4777618034	2.97622948871	150.410125093	-47.188957352	
8.13333333333	0.0	0.0	0.0 	0.0 	222.666666667 	20.0 	0.0 	0.0 	0.0 	-0.0 	20.0 	0.0 	0.0 	0.0 	13.4986183119	2.97622948871	150.447158677	-47.4108653319	
8.15	0.0	0.0	0.0 	0.0 	223.0 	20.0 	0.0 	0.0 	0.0 	-0.0 	20.0 	0.0 	0.0 	0.0 	13.5193567288	2.97622948871	150.484249157	-47.6331142371	
8.16666666667	0.0	0.0	0.0 	0.0 	223.333333333 	20.0 	0.0 	0.0 	0.0 	-0.0 	20.0 	0.0 	0.0 	0.0 	13.5399777226	2.97622948871	150.52139621	-47.8557021372	
8.18333333333	0.0	0.0	0.0 	0.0 	223.666666667 	20.0 	0.0 	0.0 	0.0 	-0.0 	20.0 	0.0 	0.0 	0.0 	13.5604819584	2.97622948871	150.558599517	-48.0786271128	
8.2	0.0	0.0	0.0 	0.0 	224.0 	20.0 	0.0 	0.0 	0.0 	-0.0 	20.0 	0.0 	0.0 	0.0 	13.580870097	2.97622948871	150.59585876	-48.3018872554	
8.21666666667	0.0	0.0	0.0 	0.0 	224.333333333 	20.0 	0.0 	0.0 	0.0 	-0.0 	20.0 	0.0 	0.0 	0.0 	13.601142796	2.97622948871	150.63317362	-48.5254806671	
8.23333333333	0.0	0.0	0.0 	0.0 	224.666666667 	20.0 	0.0 	0.0 	0.0 	-0.0 	20.0 	0.0 	0.0 	0.0 	13.621300709	2.97622948871	150.670543784	-48.7494054611	
8.25	0.0	0.0	0.0 	0.0 	225.0 	20.0 	0.0 	0.0 	0.0 	-0.0 	20.0 	0.0 	0.0 	0.0 	13.6413444858	2.97622948871	150.707968938	-48.9736597609	
8.26666666667	0.0	0.0	0.0 	0.0 	225.333333333 	20.0 	0.0 	0.0 	0.0 	-0.0 	20.0 	0.0 	0.0 	0.0 	13.6612747727	2.97622948871	150.745448772	-49.1982417009	
8.28333333333	0.0	0.0	0.0 	0.0 	225.666666667 	20.0 	0.0 	0.0 	0.0 	-0.0 	20.0 	0.0 	0.0 	0.0 	13.6810922123	2.97622948871	150.782982974	-49.423149426	
8.3	0.0	0.0	0.0 	0.0 	226.0 	20.0 	0.0 	0.0 	0.0 	-0.0 	20.0 	0.0 	0.0 	0.0 	13.7007974437	2.97622948871	150.820571238	-49.6483810914	
8.31666666667	0.0	0.0	0.0 	0.0 	226.333333333 	20.0 	0.0 	0.0 	0.0 	-0.0 	20.0 	0.0 	0.0 	0.0 	13.720391102	2.97622948871	150.858213257	-49.8739348631	
8.33333333333	0.0	0.0	0.0 	0.0 	226.666666667 	20.0 	0.0 	0.0 	0.0 	-0.0 	20.0 	0.0 	0.0 	0.0 	13.739873819	2.97622948871	150.895908728	-50.0998089173	
8.35	0.0	0.0	0.0 	0.0 	227.0 	20.0 	0.0 	0.0 	0.0 	-0.0 	20.0 	0.0 	0.0 	0.0 	13.759246223	2.97622948871	150.933657346	-50.3260014404	
8.36666666667	0.0	0.0	0.0 	0.0 	227.333333333 	20.0 	0.0 	0.0 	0.0 	-0.0 	20.0 	0.0 	0.0 	0.0 	13.7785089384	2.97622948871	150.971458813	-50.5525106293	
8.38333333333	0.0	0.0	0.0 	0.0 	227.666666667 	20.0 	0.0 	0.0 	0.0 	-0.0 	20.0 	0.0 	0.0 	0.0 	13.7976625864	2.97622948871	151.009312827	-50.7793346909	
8.4	0.0	0.0	0.0 	0.0 	228.0 	20.0 	0.0 	0.0 	0.0 	-0.0 	20.0 	0.0 	0.0 	0.0 	13.8167077846	2.97622948871	151.047219092	-51.0064718425	
8.41666666667	0.0	0.0	0.0 	0.0 	228.333333333 	20.0 	0.0 	0.0 	0.0 	-0.0 	20.0 	0.0 	0.0 	0.0 	13.8356451469	2.97622948871	151.085177312	-51.2339203113	
8.43333333333	0.0	0.0	0.0 	0.0 	228.666666667 	20.0 	0.0 	0.0 	0.0 	-0.0 	20.0 	0.0 	0.0 	0.0 	13.854475284	2.97622948871	151.123187193	-51.4616783345	
8.45	0.0	0.0	0.0 	0.0 	229.0 	20.0 	0.0 	0.0 	0.0 	-0.0 	20.0 	0.0 	0.0 	0.0 	13.8731988029	2.97622948871	151.161248441	-51.6897441595	
8.46666666667	0.0	0.0	0.0 	0.0 	229.333333333 	20.0 	0.0 	0.0 	0.0 	-0.0 	20.0 	0.0 	0.0 	0.0 	13.8918163074	2.97622948871	151.199360767	-51.9181160434	
8.48333333333	0.0	0.0	0.0 	0.0 	229.666666667 	20.0 	0.0 	0.0 	0.0 	-0.0 	20.0 	0.0 	0.0 	0.0 	13.9103283977	2.97622948871	151.237523881	-52.1467922533	
8.5	0.0	0.0	0.0 	0.0 	230.0 	20.0 	0.0 	0.0 	0.0 	-0.0 	20.0 	0.0 	0.0 	0.0 	13.9287356707	2.97622948871	151.275737496	-52.3757710661	
8.51666666667	0.0	0.0	0.0 	0.0 	230.333333333 	20.0 	0.0 	0.0 	0.0 	-0.0 	20.0 	0.0 	0.0 	0.0 	13.9470387199	2.97622948871	151.314001325	-52.6050507684	
8.53333333333	0.0	0.0	0.0 	0.0 	230.666666667 	20.0 	0.0 	0.0 	0.0 	-0.0 	20.0 	0.0 	0.0 	0.0 	13.9652381353	2.97622948871	151.352315085	-52.8346296565	
8.55	0.0	0.0	0.0 	0.0 	231.0 	20.0 	0.0 	0.0 	0.0 	-0.0 	20.0 	0.0 	0.0 	0.0 	13.9833345039	2.97622948871	151.390678492	-53.0645060365	
8.56666666667	0.0	0.0	0.0 	0.0 	231.333333333 	20.0 	0.0 	0.0 	0.0 	-0.0 	20.0 	0.0 	0.0 	0.0 	14.001328409	2.97622948871	151.429091265	-53.2946782239	
8.58333333333	0.0	0.0	0.0 	0.0 	231.666666667 	20.0 	0.0 	0.0 	0.0 	-0.0 	20.0 	0.0 	0.0 	0.0 	14.0192204308	2.97622948871	151.467553125	-53.5251445438	
8.6	0.0	0.0	0.0 	0.0 	232.0 	20.0 	0.0 	0.0 	0.0 	-0.0 	20.0 	0.0 	0.0 	0.0 	14.0370111461	2.97622948871	151.506063795	-53.7559033307	
8.61666666667	0.0	0.0	0.0 	0.0 	232.333333333 	20.0 	0.0 	0.0 	0.0 	-0.0 	20.0 	0.0 	0.0 	0.0 	14.0547011287	2.97622948871	151.544622997	-53.9869529288	
8.63333333333	0.0	0.0	0.0 	0.0 	232.666666667 	20.0 	0.0 	0.0 	0.0 	-0.0 	20.0 	0.0 	0.0 	0.0 	14.0722909488	2.97622948871	151.583230457	-54.2182916915	
8.65	0.0	0.0	0.0 	0.0 	233.0 	20.0 	0.0 	0.0 	0.0 	-0.0 	20.0 	0.0 	0.0 	0.0 	14.0897811736	2.97622948871	151.621885901	-54.4499179813	
8.66666666667	0.0	0.0	0.0 	0.0 	233.333333333 	20.0 	0.0 	0.0 	0.0 	-0.0 	20.0 	0.0 	0.0 	0.0 	14.1071723669	2.97622948871	151.660589058	-54.6818301704	
8.68333333333	0.0	0.0	0.0 	0.0 	233.666666667 	20.0 	0.0 	0.0 	0.0 	-0.0 	20.0 	0.0 	0.0 	0.0 	14.1244650896	2.97622948871	151.699339658	-54.9140266399	
8.7	0.0	0.0	0.0 	0.0 	234.0 	20.0 	0.0 	0.0 	0.0 	-0.0 	20.0 	0.0 	0.0 	0.0 	14.1416598991	2.97622948871	151.738137433	-55.1465057802	
8.71666666667	0.0	0.0	0.0 	0.0 	234.333333333 	20.0 	0.0 	0.0 	0.0 	-0.0 	20.0 	0.0 	0.0 	0.0 	14.1587573499	2.97622948871	151.776982114	-55.3792659909	
8.73333333333	0.0	0.0	0.0 	0.0 	234.666666667 	20.0 	0.0 	0.0 	0.0 	-0.0 	20.0 	0.0 	0.0 	0.0 	14.1757579932	2.97622948871	151.815873437	-55.6123056804	
8.75	0.0	0.0	0.0 	0.0 	235.0 	20.0 	0.0 	0.0 	0.0 	-0.0 	20.0 	0.0 	0.0 	0.0 	14.1926623772	2.97622948871	151.854811136	-55.8456232663	
8.76666666667	0.0	0.0	0.0 	0.0 	235.333333333 	20.0 	0.0 	0.0 	0.0 	-0.0 	20.0 	0.0 	0.0 	0.0 	14.2094710468	2.97622948871	151.893794951	-56.0792171751	
8.78333333333	0.0	0.0	0.0 	0.0 	235.666666667 	20.0 	0.0 	0.0 	0.0 	-0.0 	20.0 	0.0 	0.0 	0.0 	14.2261845441	2.97622948871	151.932824619	-56.3130858424	
8.8	0.0	0.0	0.0 	0.0 	236.0 	20.0 	0.0 	0.0 	0.0 	-0.0 	20.0 	0.0 	0.0 	0.0 	14.2428034079	2.97622948871	151.971899882	-56.5472277123	
8.81666666667	0.0	0.0	0.0 	0.0 	236.333333333 	20.0 	0.0 	0.0 	0.0 	-0.0 	20.0 	0.0 	0.0 	0.0 	14.259328174	2.97622948871	152.01102048	-56.7816412379	
8.83333333333	0.0	0.0	0.0 	0.0 	236.666666667 	20.0 	0.0 	0.0 	0.0 	-0.0 	20.0 	0.0 	0.0 	0.0 	14.2757593752	2.97622948871	152.050186157	-57.0163248812	
8.85	0.0	0.0	0.0 	0.0 	237.0 	20.0 	0.0 	0.0 	0.0 	-0.0 	20.0 	0.0 	0.0 	0.0 	14.2920975413	2.97622948871	152.089396659	-57.2512771127	
8.86666666667	0.0	0.0	0.0 	0.0 	237.333333333 	20.0 	0.0 	0.0 	0.0 	-0.0 	20.0 	0.0 	0.0 	0.0 	14.308343199	2.97622948871	152.12865173	-57.4864964116	
8.88333333333	0.0	0.0	0.0 	0.0 	237.666666667 	20.0 	0.0 	0.0 	0.0 	-0.0 	20.0 	0.0 	0.0 	0.0 	14.3244968722	2.97622948871	152.167951119	-57.7219812657	
8.9	0.0	0.0	0.0 	0.0 	238.0 	20.0 	0.0 	0.0 	0.0 	-0.0 	20.0 	0.0 	0.0 	0.0 	14.3405590817	2.97622948871	152.207294575	-57.9577301715	
8.91666666667	0.0	0.0	0.0 	0.0 	238.333333333 	20.0 	0.0 	0.0 	0.0 	-0.0 	20.0 	0.0 	0.0 	0.0 	14.3565303454	2.97622948871	152.246681848	-58.1937416338	
8.93333333333	0.0	0.0	0.0 	0.0 	238.666666667 	20.0 	0.0 	0.0 	0.0 	-0.0 	20.0 	0.0 	0.0 	0.0 	14.3724111781	2.97622948871	152.286112691	-58.4300141661	
8.95	0.0	0.0	0.0 	0.0 	239.0 	20.0 	0.0 	0.0 	0.0 	-0.0 	20.0 	0.0 	0.0 	0.0 	14.388202092	2.97622948871	152.325586856	-58.6665462902	
8.96666666667	0.0	0.0	0.0 	0.0 	239.333333333 	20.0 	0.0 	0.0 	0.0 	-0.0 	20.0 	0.0 	0.0 	0.0 	14.4039035961	2.97622948871	152.365104098	-58.9033365361	
8.98333333333	0.0	0.0	0.0 	0.0 	239.666666667 	20.0 	0.0 	0.0 	0.0 	-0.0 	20.0 	0.0 	0.0 	0.0 	14.4195161968	2.97622948871	152.404664173	-59.1403834424	
9.0	0.0	0.0	0.0 	0.0 	240.0 	20.0 	0.0 	0.0 	0.0 	-0.0 	20.0 	0.0 	0.0 	0.0 	14.4350403973	2.97622948871	152.44426684	-59.3776855559	
9.01666666667	0.0	0.0	0.0 	0.0 	240.333333333 	20.0 	0.0 	0.0 	0.0 	-0.0 	20.0 	0.0 	0.0 	0.0 	14.4504766983	2.97622948871	152.483911856	-59.6152414316	
9.03333333333	0.0	0.0	0.0 	0.0 	240.666666667 	20.0 	0.0 	0.0 	0.0 	-0.0 	20.0 	0.0 	0.0 	0.0 	14.4658255973	2.97622948871	152.523598981	-59.8530496325	
9.05	0.0	0.0	0.0 	0.0 	241.0 	20.0 	0.0 	0.0 	0.0 	-0.0 	20.0 	0.0 	0.0 	0.0 	14.4810875894	2.97622948871	152.563327979	-60.0911087301	
9.06666666667	0.0	0.0	0.0 	0.0 	241.333333333 	20.0 	0.0 	0.0 	0.0 	-0.0 	20.0 	0.0 	0.0 	0.0 	14.4962631665	2.97622948871	152.60309861	-60.3294173037	
9.08333333333	0.0	0.0	0.0 	0.0 	241.666666667 	20.0 	0.0 	0.0 	0.0 	-0.0 	20.0 	0.0 	0.0 	0.0 	14.511352818	2.97622948871	152.64291064	-60.5679739408	
9.1	0.0	0.0	0.0 	0.0 	242.0 	20.0 	0.0 	0.0 	0.0 	-0.0 	20.0 	0.0 	0.0 	0.0 	14.5263570303	2.97622948871	152.682763834	-60.8067772368	
9.11666666667	0.0	0.0	0.0 	0.0 	242.333333333 	20.0 	0.0 	0.0 	0.0 	-0.0 	20.0 	0.0 	0.0 	0.0 	14.5412762873	2.97622948871	152.72265796	-61.0458257951	
9.13333333333	0.0	0.0	0.0 	0.0 	242.666666667 	20.0 	0.0 	0.0 	0.0 	-0.0 	20.0 	0.0 	0.0 	0.0 	14.55611107	2.97622948871	152.762592785	-61.2851182269	
9.15	0.0	0.0	0.0 	0.0 	243.0 	20.0 	0.0 	0.0 	0.0 	-0.0 	20.0 	0.0 	0.0 	0.0 	14.5708618566	2.97622948871	152.802568078	-61.5246531516	
9.16666666667	0.0	0.0	0.0 	0.0 	243.333333333 	20.0 	0.0 	0.0 	0.0 	-0.0 	20.0 	0.0 	0.0 	0.0 	14.5855291228	2.97622948871	152.842583612	-61.764429196	
9.18333333333	0.0	0.0	0.0 	0.0 	243.666666667 	20.0 	0.0 	0.0 	0.0 	-0.0 	20.0 	0.0 	0.0 	0.0 	14.6001133415	2.97622948871	152.882639157	-62.0044449949	
9.2	0.0	0.0	0.0 	0.0 	244.0 	20.0 	0.0 	0.0 	0.0 	-0.0 	20.0 	0.0 	0.0 	0.0 	14.6146149828	2.97622948871	152.922734488	-62.2446991908	
9.21666666667	0.0	0.0	0.0 	0.0 	244.333333333 	20.0 	0.0 	0.0 	0.0 	-0.0 	20.0 	0.0 	0.0 	0.0 	14.6290345144	2.97622948871	152.962869379	-62.4851904338	
9.23333333333	0.0	0.0	0.0 	0.0 	244.666666667 	20.0 	0.0 	0.0 	0.0 	-0.0 	20.0 	0.0 	0.0 	0.0 	14.6433724012	2.97622948871	153.003043606	-62.7259173818	
9.25	0.0	0.0	0.0 	0.0 	245.0 	20.0 	0.0 	0.0 	0.0 	-0.0 	20.0 	0.0 	0.0 	0.0 	14.6576291054	2.97622948871	153.043256947	-62.9668787002	
9.26666666667	0.0	0.0	0.0 	0.0 	245.333333333 	20.0 	0.0 	0.0 	0.0 	-0.0 	20.0 	0.0 	0.0 	0.0 	14.6718050867	2.97622948871	153.083509179	-63.208073062	
9.28333333333	0.0	0.0	0.0 	0.0 	245.666666667 	20.0 	0.0 	0.0 	0.0 	-0.0 	20.0 	0.0 	0.0 	0.0 	14.6859008022	2.97622948871	153.123800083	-63.4494991476	
9.3	0.0	0.0	0.0 	0.0 	246.0 	20.0 	0.0 	0.0 	0.0 	-0.0 	20.0 	0.0 	0.0 	0.0 	14.6999167064	2.97622948871	153.16412944	-63.691155645	
9.31666666667	0.0	0.0	0.0 	0.0 	246.333333333 	20.0 	0.0 	0.0 	0.0 	-0.0 	20.0 	0.0 	0.0 	0.0 	14.713853251	2.97622948871	153.204497032	-63.9330412496	
9.33333333333	0.0	0.0	0.0 	0.0 	246.666666667 	20.0 	0.0 	0.0 	0.0 	-0.0 	20.0 	0.0 	0.0 	0.0 	14.7277108856	2.97622948871	153.244902642	-64.1751546642	
9.35	0.0	0.0	0.0 	0.0 	247.0 	20.0 	0.0 	0.0 	0.0 	-0.0 	20.0 	0.0 	0.0 	0.0 	14.7414900568	2.97622948871	153.285346056	-64.4174945989	
9.36666666667	0.0	0.0	0.0 	0.0 	247.333333333 	20.0 	0.0 	0.0 	0.0 	-0.0 	20.0 	0.0 	0.0 	0.0 	14.755191209	2.97622948871	153.325827059	-64.660059771	
9.38333333333	0.0	0.0	0.0 	0.0 	247.666666667 	20.0 	0.0 	0.0 	0.0 	-0.0 	20.0 	0.0 	0.0 	0.0 	14.7688147839	2.97622948871	153.366345439	-64.9028489053	
9.4	0.0	0.0	0.0 	0.0 	248.0 	20.0 	0.0 	0.0 	0.0 	-0.0 	20.0 	0.0 	0.0 	0.0 	14.7823612208	2.97622948871	153.406900983	-65.1458607337	
9.41666666667	0.0	0.0	0.0 	0.0 	248.333333333 	20.0 	0.0 	0.0 	0.0 	-0.0 	20.0 	0.0 	0.0 	0.0 	14.7958309563	2.97622948871	153.447493481	-65.3890939953	
9.43333333333	0.0	0.0	0.0 	0.0 	248.666666667 	20.0 	0.0 	0.0 	0.0 	-0.0 	20.0 	0.0 	0.0 	0.0 	14.8092244249	2.97622948871	153.488122725	-65.6325474362	
9.45	0.0	0.0	0.0 	0.0 	249.0 	20.0 	0.0 	0.0 	0.0 	-0.0 	20.0 	0.0 	0.0 	0.0 	14.8225420583	2.97622948871	153.528788505	-65.8762198099	
9.46666666667	0.0	0.0	0.0 	0.0 	249.333333333 	20.0 	0.0 	0.0 	0.0 	-0.0 	20.0 	0.0 	0.0 	0.0 	14.8357842859	2.97622948871	153.569490616	-66.1201098767	
9.48333333333	0.0	0.0	0.0 	0.0 	249.666666667 	20.0 	0.0 	0.0 	0.0 	-0.0 	20.0 	0.0 	0.0 	0.0 	14.8489515347	2.97622948871	153.610228852	-66.3642164039	
9.5	0.0	0.0	0.0 	0.0 	250.0 	20.0 	0.0 	0.0 	0.0 	-0.0 	20.0 	0.0 	0.0 	0.0 	14.8620442292	2.97622948871	153.651003007	-66.6085381661	
9.51666666667	0.0	0.0	0.0 	0.0 	250.333333333 	20.0 	0.0 	0.0 	0.0 	-0.0 	20.0 	0.0 	0.0 	0.0 	14.8750627915	2.97622948871	153.691812879	-66.8530739444	
9.53333333333	0.0	0.0	0.0 	0.0 	250.666666667 	20.0 	0.0 	0.0 	0.0 	-0.0 	20.0 	0.0 	0.0 	0.0 	14.8880076415	2.97622948871	153.732658265	-67.0978225271	
9.55	0.0	0.0	0.0 	0.0 	251.0 	20.0 	0.0 	0.0 	0.0 	-0.0 	20.0 	0.0 	0.0 	0.0 	14.9008791964	2.97622948871	153.773538964	-67.3427827093	
9.56666666667	0.0	0.0	0.0 	0.0 	251.333333333 	20.0 	0.0 	0.0 	0.0 	-0.0 	20.0 	0.0 	0.0 	0.0 	14.9136778713	2.97622948871	153.814454777	-67.587953293	
9.58333333333	0.0	0.0	0.0 	0.0 	251.666666667 	20.0 	0.0 	0.0 	0.0 	-0.0 	20.0 	0.0 	0.0 	0.0 	14.9264040788	2.97622948871	153.855405504	-67.8333330867	
9.6	0.0	0.0	0.0 	0.0 	252.0 	20.0 	0.0 	0.0 	0.0 	-0.0 	20.0 	0.0 	0.0 	0.0 	14.9390582292	2.97622948871	153.896390948	-68.0789209059	
9.61666666667	0.0	0.0	0.0 	0.0 	252.333333333 	20.0 	0.0 	0.0 	0.0 	-0.0 	20.0 	0.0 	0.0 	0.0 	14.9516407305	2.97622948871	153.937410912	-68.3247155727	
9.63333333333	0.0	0.0	0.0 	0.0 	252.666666667 	20.0 	0.0 	0.0 	0.0 	-0.0 	20.0 	0.0 	0.0 	0.0 	14.9641519885	2.97622948871	153.9784652	-68.570715916	
9.65	0.0	0.0	0.0 	0.0 	253.0 	20.0 	0.0 	0.0 	0.0 	-0.0 	20.0 	0.0 	0.0 	0.0 	14.9765924065	2.97622948871	154.01955362	-68.8169207712	
9.66666666667	0.0	0.0	0.0 	0.0 	253.333333333 	20.0 	0.0 	0.0 	0.0 	-0.0 	20.0 	0.0 	0.0 	0.0 	14.9889623855	2.97622948871	154.060675976	-69.0633289803	
9.68333333333	0.0	0.0	0.0 	0.0 	253.666666667 	20.0 	0.0 	0.0 	0.0 	-0.0 	20.0 	0.0 	0.0 	0.0 	15.0012623245	2.97622948871	154.101832077	-69.309939392	
9.7	0.0	0.0	0.0 	0.0 	254.0 	20.0 	0.0 	0.0 	0.0 	-0.0 	20.0 	0.0 	0.0 	0.0 	15.01349262	2.97622948871	154.143021733	-69.5567508613	
9.71666666667	0.0	0.0	0.0 	0.0 	254.333333333 	20.0 	0.0 	0.0 	0.0 	-0.0 	20.0 	0.0 	0.0 	0.0 	15.0256536664	2.97622948871	154.184244752	-69.8037622498	
9.73333333333	0.0	0.0	0.0 	0.0 	254.666666667 	20.0 	0.0 	0.0 	0.0 	-0.0 	20.0 	0.0 	0.0 	0.0 	15.0377458557	2.97622948871	154.225500946	-70.0509724255	
9.75	0.0	0.0	0.0 	0.0 	255.0 	20.0 	0.0 	0.0 	0.0 	-0.0 	20.0 	0.0 	0.0 	0.0 	15.0497695778	2.97622948871	154.266790128	-70.298380263	
9.76666666667	0.0	0.0	0.0 	0.0 	255.333333333 	20.0 	0.0 	0.0 	0.0 	-0.0 	20.0 	0.0 	0.0 	0.0 	15.0617252203	2.97622948871	154.30811211	-70.545984643	
9.78333333333	0.0	0.0	0.0 	0.0 	255.666666667 	20.0 	0.0 	0.0 	0.0 	-0.0 	20.0 	0.0 	0.0 	0.0 	15.0736131689	2.97622948871	154.349466706	-70.7937844526	
9.8	0.0	0.0	0.0 	0.0 	256.0 	20.0 	0.0 	0.0 	0.0 	-0.0 	20.0 	0.0 	0.0 	0.0 	15.0854338066	2.97622948871	154.390853733	-71.0417785854	
9.81666666667	0.0	0.0	0.0 	0.0 	256.333333333 	20.0 	0.0 	0.0 	0.0 	-0.0 	20.0 	0.0 	0.0 	0.0 	15.0971875148	2.97622948871	154.432273006	-71.2899659411	
9.83333333333	0.0	0.0	0.0 	0.0 	256.666666667 	20.0 	0.0 	0.0 	0.0 	-0.0 	20.0 	0.0 	0.0 	0.0 	15.1088746722	2.97622948871	154.473724343	-71.5383454255	
9.85	0.0	0.0	0.0 	0.0 	257.0 	20.0 	0.0 	0.0 	0.0 	-0.0 	20.0 	0.0 	0.0 	0.0 	15.1204956558	2.97622948871	154.515207562	-71.786915951	
9.86666666667	0.0	0.0	0.0 	0.0 	257.333333333 	20.0 	0.0 	0.0 	0.0 	-0.0 	20.0 	0.0 	0.0 	0.0 	15.1320508402	2.97622948871	154.556722482	-72.0356764356	
9.88333333333	0.0	0.0	0.0 	0.0 	257.666666667 	20.0 	0.0 	0.0 	0.0 	-0.0 	20.0 	0.0 	0.0 	0.0 	15.143540598	2.97622948871	154.598268926	-72.284625804	
9.9	0.0	0.0	0.0 	0.0 	258.0 	20.0 	0.0 	0.0 	0.0 	-0.0 	20.0 	0.0 	0.0 	0.0 	15.1549652997	2.97622948871	154.639846712	-72.5337629866	
9.91666666667	0.0	0.0	0.0 	0.0 	258.333333333 	20.0 	0.0 	0.0 	0.0 	-0.0 	20.0 	0.0 	0.0 	0.0 	15.1663253135	2.97622948871	154.681455666	-72.78308692	
9.93333333333	0.0	0.0	0.0 	0.0 	258.666666667 	20.0 	0.0 	0.0 	0.0 	-0.0 	20.0 	0.0 	0.0 	0.0 	15.1776210058	2.97622948871	154.723095609	-73.0325965468	
9.95	0.0	0.0	0.0 	0.0 	259.0 	20.0 	0.0 	0.0 	0.0 	-0.0 	20.0 	0.0 	0.0 	0.0 	15.1888527407	2.97622948871	154.764766366	-73.2822908156	
9.96666666667	0.0	0.0	0.0 	0.0 	259.333333333 	20.0 	0.0 	0.0 	0.0 	-0.0 	20.0 	0.0 	0.0 	0.0 	15.2000208805	2.97622948871	154.806467763	-73.5321686809	
9.98333333333	0.0	0.0	0.0 	0.0 	259.666666667 	20.0 	0.0 	0.0 	0.0 	-0.0 	20.0 	0.0 	0.0 	0.0 	15.2111257851	2.97622948871	154.848199627	-73.7822291032	
