0.0166666666667	0.0	0.0	0.0 	0.0 	80.4 	24.0 	0.0 	0.0 	0.0 	0.0 	24.0 	0.0 	0.0 	0.0 	0.0	-1.26612903226	160.0	-5.67741935484	
0.0333333333333	0.0	0.0	0.0 	0.0 	80.8 	24.0 	0.0 	0.0 	0.0 	-0.0 	24.0 	0.0 	0.0 	0.0 	0.0	-1.26612903226	160.0	-5.67741935484	
0.05	0.0	0.0	0.0 	0.0 	81.2 	24.0 	0.0 	0.0 	0.0 	-0.0 	24.0 	0.0 	0.0 	0.0 	0.0	-1.26612903226	160.0	-5.67741935484	
0.0666666666667	0.0	0.0	0.0 	0.0 	81.6 	24.0 	0.0 	0.0 	0.0 	-0.0 	24.0 	0.0 	0.0 	0.0 	0.0	-1.26612903226	160.0	-5.67741935484	
0.0833333333333	0.0	0.0	0.0 	0.0 	82.0 	24.0 	0.0 	0.0 	0.0 	-0.0 	24.0 	0.0 	0.0 	0.0 	0.0	-1.26612903226	160.0	-5.67741935484	
0.1	0.0	0.0	0.0 	0.0 	82.4 	24.0 	0.0 	0.0 	0.0 	-0.0 	24.0 	0.0 	0.0 	0.0 	0.0	-1.26612903226	160.0	-5.67741935484	
0.116666666667	0.0	0.0	0.0 	0.0 	82.8 	24.0 	0.0 	0.0 	0.0 	-0.0 	24.0 	0.0 	0.0 	0.0 	0.0	-1.26612903226	160.0	-5.67741935484	
0.133333333333	0.0	0.0	0.0 	0.0 	83.2 	24.0 	0.0 	0.0 	0.0 	-0.0 	24.0 	0.0 	0.0 	0.0 	0.0	-1.26612903226	160.0	-5.67741935484	
0.15	0.0	0.0	0.0 	0.0 	83.6 	24.0 	0.0 	0.0 	0.0 	-0.0 	24.0 	0.0 	0.0 	0.0 	0.0	-1.26612903226	160.0	-5.67741935484	
0.166666666667	0.0	0.0	0.0 	0.0 	84.0 	24.0 	0.0 	0.0 	0.0 	-0.0 	24.0 	0.0 	0.0 	0.0 	0.0	-1.26612903226	160.0	-5.67741935484	
0.183333333333	0.0	0.0	0.0 	0.0 	84.4 	24.0 	0.0 	0.0 	0.0 	-0.0 	24.0 	0.0 	0.0 	0.0 	0.0	-1.26612903226	160.0	-5.67741935484	
0.2	0.0	0.0	0.0 	0.0 	84.8 	24.0 	0.0 	0.0 	0.0 	-0.0 	24.0 	0.0 	0.0 	0.0 	0.0	-1.26612903226	160.0	-5.67741935484	
0.216666666667	0.0	0.0	0.0 	0.0 	85.2 	24.0 	0.0 	0.0 	0.0 	-0.0 	24.0 	0.0 	0.0 	0.0 	0.0	-1.26612903226	160.0	-5.67741935484	
0.233333333333	0.0	0.0	0.0 	0.0 	85.6 	24.0 	0.0 	0.0 	0.0 	-0.0 	24.0 	0.0 	0.0 	0.0 	0.0	-1.26612903226	160.0	-5.67741935484	
0.25	0.0	0.0	0.0 	0.0 	86.0 	24.0 	0.0 	0.0 	0.0 	-0.0 	24.0 	0.0 	0.0 	0.0 	0.0	-1.26612903226	160.0	-5.67741935484	
0.266666666667	0.0	0.0	0.0 	0.0 	86.4 	24.0 	0.0 	0.0 	0.0 	-0.0 	24.0 	0.0 	0.0 	0.0 	0.0	-1.26612903226	160.0	-5.67741935484	
0.283333333333	0.0	0.0	0.0 	0.0 	86.8 	24.0 	0.0 	0.0 	0.0 	-0.0 	24.0 	0.0 	0.0 	0.0 	0.0	-1.26612903226	160.0	-5.67741935484	
0.3	0.0	0.0	0.0 	0.0 	87.2 	24.0 	0.0 	0.0 	0.0 	-0.0 	24.0 	0.0 	0.0 	0.0 	0.0	-1.26612903226	160.0	-5.67741935484	
0.316666666667	0.0	0.0	0.0 	0.0 	87.6 	24.0 	0.0 	0.0 	0.0 	-0.0 	24.0 	0.0 	0.0 	0.0 	0.0	-1.26612903226	160.0	-5.67741935484	
0.333333333333	0.0	0.0	0.0 	0.0 	88.0 	24.0 	0.0 	0.0 	0.0 	-0.0 	24.0 	0.0 	0.0 	0.0 	0.0	-1.26612903226	160.0	-5.67741935484	
0.35	0.0	0.0	0.0 	0.0 	88.4 	24.0 	0.0 	0.0 	0.0 	-0.0 	24.0 	0.0 	0.0 	0.0 	0.0	-1.26612903226	160.0	-5.67741935484	
0.366666666667	0.0	0.0	0.0 	0.0 	88.8 	24.0 	0.0 	0.0 	0.0 	-0.0 	24.0 	0.0 	0.0 	0.0 	0.0	-1.26612903226	160.0	-5.67741935484	
0.383333333333	0.0	0.0	0.0 	0.0 	89.2 	24.0 	0.0 	0.0 	0.0 	-0.0 	24.0 	0.0 	0.0 	0.0 	0.0	-1.26612903226	160.0	-5.67741935484	
0.4	0.0	0.0	0.0 	0.0 	89.6 	24.0 	0.0 	0.0 	0.0 	-0.0 	24.0 	0.0 	0.0 	0.0 	0.0	-1.26612903226	160.0	-5.67741935484	
0.416666666667	0.0	0.0	0.0 	0.0 	90.0 	24.0 	0.0 	0.0 	0.0 	-0.0 	24.0 	0.0 	0.0 	0.0 	0.0	-1.26612903226	160.0	-5.67741935484	
0.433333333333	0.0	0.0	0.0 	0.0 	90.4 	24.0 	0.0 	0.0 	0.0 	-0.0 	24.0 	0.0 	0.0 	0.0 	0.0	-1.26612903226	160.0	-5.67741935484	
0.45	0.0	0.0	0.0 	0.0 	90.8 	24.0 	0.0 	0.0 	0.0 	-0.0 	24.0 	0.0 	0.0 	0.0 	0.0	-1.26612903226	160.0	-5.67741935484	
0.466666666667	0.0	0.0	0.0 	0.0 	91.2 	24.0 	0.0 	0.0 	0.0 	-0.0 	24.0 	0.0 	0.0 	0.0 	0.0	-1.26612903226	160.0	-5.67741935484	
0.483333333333	0.0	0.0	0.0 	0.0 	91.6 	24.0 	0.0 	0.0 	0.0 	-0.0 	24.0 	0.0 	0.0 	0.0 	0.0	-1.26612903226	160.0	-5.67741935484	
0.5	0.0	0.0	0.0 	0.0 	92.0 	24.0 	0.0 	0.0 	0.0 	-0.0 	24.0 	0.0 	0.0 	0.0 	0.0	-1.26612903226	160.0	-5.67741935484	
0.516666666667	0.0	0.0	0.0 	0.0 	92.4 	24.0 	0.0 	0.0 	0.0 	-0.0 	24.0 	0.0 	0.0 	0.0 	0.0	-1.26612903226	160.0	-5.67741935484	
0.533333333333	0.0	0.0	0.0 	0.0 	92.8 	24.0 	0.0 	0.0 	0.0 	-0.0 	24.0 	0.0 	0.0 	0.0 	0.0	-1.26612903226	160.0	-5.67741935484	
0.55	0.0	0.0	0.0 	0.0 	93.2 	24.0 	0.0 	0.0 	0.0 	-0.0 	24.0 	0.0 	0.0 	0.0 	0.0	-1.26612903226	160.0	-5.67741935484	
0.566666666667	0.0	0.0	0.0 	0.0 	93.6 	24.0 	0.0 	0.0 	0.0 	-0.0 	24.0 	0.0 	0.0 	0.0 	0.0	-1.26612903226	160.0	-5.67741935484	
0.583333333333	0.0	0.0	0.0 	0.0 	94.0 	24.0 	0.0 	0.0 	0.0 	-0.0 	24.0 	0.0 	0.0 	0.0 	0.0	-1.26612903226	160.0	-5.67741935484	
0.6	0.0	0.0	0.0 	0.0 	94.4 	24.0 	0.0 	0.0 	0.0 	-0.0 	24.0 	0.0 	0.0 	0.0 	0.0	-1.26612903226	160.0	-5.67741935484	
0.616666666667	0.0	0.0	0.0 	0.0 	94.8 	24.0 	0.0 	0.0 	0.0 	-0.0 	24.0 	0.0 	0.0 	0.0 	0.0	-1.26612903226	160.0	-5.67741935484	
0.633333333333	0.0	0.0	0.0 	0.0 	95.2 	24.0 	0.0 	0.0 	0.0 	-0.0 	24.0 	0.0 	0.0 	0.0 	0.0	-1.26612903226	160.0	-5.67741935484	
0.65	0.0	0.0	0.0 	0.0 	95.6 	24.0 	0.0 	0.0 	0.0 	-0.0 	24.0 	0.0 	0.0 	0.0 	0.0	-1.26612903226	160.0	-5.67741935484	
0.666666666667	0.0	0.0	0.0 	0.0 	96.0 	24.0 	0.0 	0.0 	0.0 	-0.0 	24.0 	0.0 	0.0 	0.0 	0.0	-1.26612903226	160.0	-5.67741935484	
0.683333333333	0.0	0.0	0.0 	0.0 	96.4 	24.0 	0.0 	0.0 	0.0 	-0.0 	24.0 	0.0 	0.0 	0.0 	0.0	-1.26612903226	160.0	-5.67741935484	
0.7	0.0	0.0	0.0 	0.0 	96.8 	24.0 	0.0 	0.0 	0.0 	-0.0 	24.0 	0.0 	0.0 	0.0 	0.0	-1.26612903226	160.0	-5.67741935484	
0.716666666667	0.0	0.0	0.0 	0.0 	97.2 	24.0 	0.0 	0.0 	0.0 	-0.0 	24.0 	0.0 	0.0 	0.0 	0.0	-1.26612903226	160.0	-5.67741935484	
0.733333333333	0.0	0.0	0.0 	0.0 	97.6 	24.0 	0.0 	0.0 	0.0 	-0.0 	24.0 	0.0 	0.0 	0.0 	0.0	-1.26612903226	160.0	-5.67741935484	
0.75	0.0	0.0	0.0 	0.0 	98.0 	24.0 	0.0 	0.0 	0.0 	-0.0 	24.0 	0.0 	0.0 	0.0 	0.0	-1.26612903226	160.0	-5.67741935484	
0.766666666667	0.0	0.0	0.0 	0.0 	98.4 	24.0 	0.0 	0.0 	0.0 	-0.0 	24.0 	0.0 	0.0 	0.0 	0.0	-1.26612903226	160.0	-5.67741935484	
0.783333333333	0.0	0.0	0.0 	0.0 	98.8 	24.0 	0.0 	0.0 	0.0 	-0.0 	24.0 	0.0 	0.0 	0.0 	0.0	-1.26612903226	160.0	-5.67741935484	
0.8	0.0	0.0	0.0 	0.0 	99.2 	24.0 	0.0 	0.0 	0.0 	-0.0 	24.0 	0.0 	0.0 	0.0 	0.0	-1.26612903226	160.0	-5.67741935484	
0.816666666667	0.0	0.0	0.0 	0.0 	99.6 	24.0 	0.0 	0.0 	0.0 	-0.0 	24.0 	0.0 	0.0 	0.0 	0.0	-1.26612903226	160.0	-5.67741935484	
0.833333333333	0.0	0.0	0.0 	0.0 	100.0 	24.0 	0.0 	0.0 	0.0 	-0.0 	24.0 	0.0 	0.0 	0.0 	0.0306849315068	-1.57725453036	159.999488595	-5.67742265764	
0.85	0.0	0.0	0.0 	0.0 	100.4 	24.0 	0.0 	0.0 	0.0 	-0.0 	24.0 	0.0 	0.0 	0.0 	0.061196121849	-1.83652577877	159.998504458	-5.67769050612	
0.866666666667	0.0	0.0	0.0 	0.0 	100.8 	24.0 	0.0 	0.0 	0.0 	-0.0 	24.0 	0.0 	0.0 	0.0 	0.0915345547664	-2.05258515246	159.997152543	-5.67839740478	
0.883333333333	0.0	0.0	0.0 	0.0 	101.2 	24.0 	0.0 	0.0 	0.0 	-0.0 	24.0 	0.0 	0.0 	0.0 	0.121701208429	-2.23263463052	159.995552448	-5.67964396604	
0.9	0.0	0.0	0.0 	0.0 	101.6 	24.0 	0.0 	0.0 	0.0 	-0.0 	24.0 	0.0 	0.0 	0.0 	0.151697055468	-2.38267586225	159.993812645	-5.68147844316	
0.916666666667	0.0	0.0	0.0 	0.0 	102.0 	24.0 	0.0 	0.0 	0.0 	-0.0 	24.0 	0.0 	0.0 	0.0 	0.181523063008	-2.50771022201	159.992020778	-5.68391609855	
0.933333333333	0.0	0.0	0.0 	0.0 	102.4 	24.0 	0.0 	0.0 	0.0 	-0.0 	24.0 	0.0 	0.0 	0.0 	0.211180192697	-2.61190552182	159.990242418	-5.68695345115	
0.95	0.0	0.0	0.0 	0.0 	102.8 	24.0 	0.0 	0.0 	0.0 	-0.0 	24.0 	0.0 	0.0 	0.0 	0.240669400738	-2.69873493833	159.988523544	-5.69057765458	
0.966666666667	0.0	0.0	0.0 	0.0 	103.2 	24.0 	0.0 	0.0 	0.0 	-0.0 	24.0 	0.0 	0.0 	0.0 	0.269991637921	-2.77109278542	159.986894228	-5.69477218378	
0.983333333333	0.0	0.0	0.0 	0.0 	103.6 	24.0 	0.0 	0.0 	0.0 	-0.0 	24.0 	0.0 	0.0 	0.0 	0.299147849652	-2.83139099132	159.98537231	-5.69952001929	
1.0	0.0	0.0	0.0 	0.0 	104.0 	24.0 	0.0 	0.0 	0.0 	-0.0 	24.0 	0.0 	0.0 	0.0 	0.328138975982	-2.88163949625	159.983966588	-5.70480525544	
1.01666666667	0.0	0.0	0.0 	0.0 	104.4 	24.0 	0.0 	0.0 	0.0 	-0.0 	24.0 	0.0 	0.0 	0.0 	0.356965951643	-2.92351325035	159.982679399	-5.71061377435	
1.03333333333	0.0	0.0	0.0 	0.0 	104.8 	24.0 	0.0 	0.0 	0.0 	-0.0 	24.0 	0.0 	0.0 	0.0 	0.385629706072	-2.95840804543	159.981508616	-5.71693340048	
1.05	0.0	0.0	0.0 	0.0 	105.2 	24.0 	0.0 	0.0 	0.0 	-0.0 	24.0 	0.0 	0.0 	0.0 	0.414131163444	-2.98748704134	159.980449155	-5.72375379019	
1.06666666667	0.0	0.0	0.0 	0.0 	105.6 	24.0 	0.0 	0.0 	0.0 	-0.0 	24.0 	0.0 	0.0 	0.0 	0.442471242702	-3.01171953792	159.979494093	-5.73106620516	
1.08333333333	0.0	0.0	0.0 	0.0 	106.0 	24.0 	0.0 	0.0 	0.0 	-0.0 	24.0 	0.0 	0.0 	0.0 	0.470650857583	-3.03191328508	159.978635472	-5.73886325236	
1.1	0.0	0.0	0.0 	0.0 	106.4 	24.0 	0.0 	0.0 	0.0 	-0.0 	24.0 	0.0 	0.0 	0.0 	0.498670916654	-3.04874140771	159.977864877	-5.74713863321	
1.11666666667	0.0	0.0	0.0 	0.0 	106.8 	24.0 	0.0 	0.0 	0.0 	-0.0 	24.0 	0.0 	0.0 	0.0 	0.526532323336	-3.06276484323	159.977173837	-5.75588692122	
1.13333333333	0.0	0.0	0.0 	0.0 	107.2 	24.0 	0.0 	0.0 	0.0 	-0.0 	24.0 	0.0 	0.0 	0.0 	0.554235975935	-3.0744510395	159.976554098	-5.76510337453	
1.15	0.0	0.0	0.0 	0.0 	107.6 	24.0 	0.0 	0.0 	0.0 	-0.0 	24.0 	0.0 	0.0 	0.0 	0.581782767669	-3.0841895364	159.975997801	-5.77478378302	
1.16666666667	0.0	0.0	0.0 	0.0 	108.0 	24.0 	0.0 	0.0 	0.0 	-0.0 	24.0 	0.0 	0.0 	0.0 	0.609173586702	-3.09230495047	159.975497591	-5.78492434653	
1.18333333333	0.0	0.0	0.0 	0.0 	108.4 	24.0 	0.0 	0.0 	0.0 	-0.0 	24.0 	0.0 	0.0 	0.0 	0.636409316165	-3.09906779554	159.975046673	-5.79552157942	
1.2	0.0	0.0	0.0 	0.0 	108.8 	24.0 	0.0 	0.0 	0.0 	-0.0 	24.0 	0.0 	0.0 	0.0 	0.663490834192	-3.10470349976	159.974638839	-5.8065722368	
1.21666666667	0.0	0.0	0.0 	0.0 	109.2 	24.0 	0.0 	0.0 	0.0 	-0.0 	24.0 	0.0 	0.0 	0.0 	0.690419013944	-3.10939991994	159.974268461	-5.81807325812	
1.23333333333	0.0	0.0	0.0 	0.0 	109.6 	24.0 	0.0 	0.0 	0.0 	-0.0 	24.0 	0.0 	0.0 	0.0 	0.717194723637	-3.11331360343	159.97393048	-5.8300217243	
1.25	0.0	0.0	0.0 	0.0 	110.0 	24.0 	0.0 	0.0 	0.0 	-0.0 	24.0 	0.0 	0.0 	0.0 	0.743818826571	-3.11657500633	159.973620369	-5.84241482542	
1.26666666667	0.0	0.0	0.0 	0.0 	110.4 	24.0 	0.0 	0.0 	0.0 	-0.0 	24.0 	0.0 	0.0 	0.0 	0.77029218116	-3.11929284209	159.973334103	-5.85524983647	
1.28333333333	0.0	0.0	0.0 	0.0 	110.8 	24.0 	0.0 	0.0 	0.0 	-0.0 	24.0 	0.0 	0.0 	0.0 	0.796615640957	-3.12155770522	159.973068119	-5.86852409923	
1.3	0.0	0.0	0.0 	0.0 	111.2 	24.0 	0.0 	0.0 	0.0 	-0.0 	24.0 	0.0 	0.0 	0.0 	0.822790054679	-3.12344509116	159.972819272	-5.88223500877	
1.31666666667	0.0	0.0	0.0 	0.0 	111.6 	24.0 	0.0 	0.0 	0.0 	-0.0 	24.0 	0.0 	0.0 	0.0 	0.848816266242	-3.12501791277	159.972584801	-5.89638000335	
1.33333333333	0.0	0.0	0.0 	0.0 	112.0 	24.0 	0.0 	0.0 	0.0 	-0.0 	24.0 	0.0 	0.0 	0.0 	0.87469511478	-3.12632859745	159.972362286	-5.91095655699	
1.35	0.0	0.0	0.0 	0.0 	112.4 	24.0 	0.0 	0.0 	0.0 	-0.0 	24.0 	0.0 	0.0 	0.0 	0.900427434678	-3.12742083469	159.972149615	-5.92596217391	
1.36666666667	0.0	0.0	0.0 	0.0 	112.8 	24.0 	0.0 	0.0 	0.0 	-0.0 	24.0 	0.0 	0.0 	0.0 	0.926014055596	-3.12833103238	159.971944947	-5.94139438436	
1.38333333333	0.0	0.0	0.0 	0.0 	113.2 	24.0 	0.0 	0.0 	0.0 	-0.0 	24.0 	0.0 	0.0 	0.0 	0.951455802496	-3.12908953046	159.971746682	-5.95725074159	
1.4	0.0	0.0	0.0 	0.0 	113.6 	24.0 	0.0 	0.0 	0.0 	-0.0 	24.0 	0.0 	0.0 	0.0 	0.976753495669	-3.12972161219	159.971553436	-5.97352881949	
1.41666666667	0.0	0.0	0.0 	0.0 	114.0 	24.0 	0.0 	0.0 	0.0 	-0.0 	24.0 	0.0 	0.0 	0.0 	1.00190795076	-3.13024834697	159.971364007	-5.99022621085	
1.43333333333	0.0	0.0	0.0 	0.0 	114.4 	24.0 	0.0 	0.0 	0.0 	-0.0 	24.0 	0.0 	0.0 	0.0 	1.0269199788	-3.13068729262	159.971177362	-6.00734052611	
1.45	0.0	0.0	0.0 	0.0 	114.8 	24.0 	0.0 	0.0 	0.0 	-0.0 	24.0 	0.0 	0.0 	0.0 	1.05179038623	-3.13105308066	159.970992608	-6.02486939226	
1.46666666667	0.0	0.0	0.0 	0.0 	115.2 	24.0 	0.0 	0.0 	0.0 	-0.0 	24.0 	0.0 	0.0 	0.0 	1.07651997491	-3.13135790403	159.97080898	-6.04281045213	
1.48333333333	0.0	0.0	0.0 	0.0 	115.6 	24.0 	0.0 	0.0 	0.0 	-0.0 	24.0 	0.0 	0.0 	0.0 	1.10110954217	-3.1316119235	159.970625818	-6.06116136379	
1.5	0.0	0.0	0.0 	0.0 	116.0 	24.0 	0.0 	0.0 	0.0 	-0.0 	24.0 	0.0 	0.0 	0.0 	1.12555988084	-3.13182360639	159.97044256	-6.0799198	
1.51666666667	0.0	0.0	0.0 	0.0 	116.4 	24.0 	0.0 	0.0 	0.0 	-0.0 	24.0 	0.0 	0.0 	0.0 	1.14987177923	-3.1320000088	159.970258725	-6.09908344791	
1.53333333333	0.0	0.0	0.0 	0.0 	116.8 	24.0 	0.0 	0.0 	0.0 	-0.0 	24.0 	0.0 	0.0 	0.0 	1.17404602121	-3.13214701081	159.9700739	-6.1186500087	
1.55	0.0	0.0	0.0 	0.0 	117.2 	24.0 	0.0 	0.0 	0.0 	-0.0 	24.0 	0.0 	0.0 	0.0 	1.19808338621	-3.13226951249	159.969887738	-6.13861719732	
1.56666666667	0.0	0.0	0.0 	0.0 	117.6 	24.0 	0.0 	0.0 	0.0 	-0.0 	24.0 	0.0 	0.0 	0.0 	1.22198464923	-3.13237159721	159.969699941	-6.15898274229	
1.58333333333	0.0	0.0	0.0 	0.0 	118.0 	24.0 	0.0 	0.0 	0.0 	-0.0 	24.0 	0.0 	0.0 	0.0 	1.24575058089	-3.13245666782	159.969510257	-6.17974438549	
1.6	0.0	0.0	0.0 	0.0 	118.4 	24.0 	0.0 	0.0 	0.0 	-0.0 	24.0 	0.0 	0.0 	0.0 	1.26938194747	-3.13252755999	159.969318476	-6.20089988202	
1.61666666667	0.0	0.0	0.0 	0.0 	118.8 	24.0 	0.0 	0.0 	0.0 	-0.0 	24.0 	0.0 	0.0 	0.0 	1.29287951087	-3.13258663681	159.969124417	-6.22244700001	
1.63333333333	0.0	0.0	0.0 	0.0 	119.2 	24.0 	0.0 	0.0 	0.0 	-0.0 	24.0 	0.0 	0.0 	0.0 	1.31624402871	-3.13263586748	159.968927931	-6.24438352054	
1.65	0.0	0.0	0.0 	0.0 	119.6 	24.0 	0.0 	0.0 	0.0 	-0.0 	24.0 	0.0 	0.0 	0.0 	1.3394762543	-3.13267689304	159.968728893	-6.26670723749	
1.66666666667	0.0	0.0	0.0 	0.0 	120.0 	24.0 	0.0 	0.0 	0.0 	-0.0 	24.0 	0.0 	0.0 	0.0 	1.36257693669	-3.13271108101	159.968527198	-6.28941595741	
1.68333333333	0.0	0.0	0.0 	0.0 	120.4 	24.0 	0.0 	0.0 	0.0 	-0.0 	24.0 	0.0 	0.0 	0.0 	1.3855468207	-3.13273957099	159.968322761	-6.31250749947	
1.7	0.0	0.0	0.0 	0.0 	120.8 	24.0 	0.0 	0.0 	0.0 	-0.0 	24.0 	0.0 	0.0 	0.0 	1.40838664692	-3.13276331263	159.968115512	-6.33597969531	
1.71666666667	0.0	0.0	0.0 	0.0 	121.2 	24.0 	0.0 	0.0 	0.0 	-0.0 	24.0 	0.0 	0.0 	0.0 	1.43109715176	-3.13278309734	159.967905393	-6.35983038897	
1.73333333333	0.0	0.0	0.0 	0.0 	121.6 	24.0 	0.0 	0.0 	0.0 	-0.0 	24.0 	0.0 	0.0 	0.0 	1.45367906743	-3.13279958459	159.967692357	-6.3840574368	
1.75	0.0	0.0	0.0 	0.0 	122.0 	24.0 	0.0 	0.0 	0.0 	-0.0 	24.0 	0.0 	0.0 	0.0 	1.47613312202	-3.13281332397	159.967476369	-6.40865870738	
1.76666666667	0.0	0.0	0.0 	0.0 	122.4 	24.0 	0.0 	0.0 	0.0 	-0.0 	24.0 	0.0 	0.0 	0.0 	1.4984600395	-3.13282477345	159.9672574	-6.43363208142	
1.78333333333	0.0	0.0	0.0 	0.0 	122.8 	24.0 	0.0 	0.0 	0.0 	-0.0 	24.0 	0.0 	0.0 	0.0 	1.52066053974	-3.13283431468	159.967035428	-6.45897545169	
1.8	0.0	0.0	0.0 	0.0 	123.2 	24.0 	0.0 	0.0 	0.0 	-0.0 	24.0 	0.0 	0.0 	0.0 	1.54273533851	-3.13284226571	159.966810439	-6.48468672295	
1.81666666667	0.0	0.0	0.0 	0.0 	123.6 	24.0 	0.0 	0.0 	0.0 	-0.0 	24.0 	0.0 	0.0 	0.0 	1.56468514755	-3.13284889157	159.966582421	-6.51076381187	
1.83333333333	0.0	0.0	0.0 	0.0 	124.0 	24.0 	0.0 	0.0 	0.0 	-0.0 	24.0 	0.0 	0.0 	0.0 	1.58651067457	-3.13285441312	159.966351369	-6.53720464695	
1.85	0.0	0.0	0.0 	0.0 	124.4 	24.0 	0.0 	0.0 	0.0 	-0.0 	24.0 	0.0 	0.0 	0.0 	1.60821262326	-3.13285901441	159.966117279	-6.56400716844	
1.86666666667	0.0	0.0	0.0 	0.0 	124.8 	24.0 	0.0 	0.0 	0.0 	-0.0 	24.0 	0.0 	0.0 	0.0 	1.62979169334	-3.13286284882	159.965880153	-6.59116932828	
1.88333333333	0.0	0.0	0.0 	0.0 	125.2 	24.0 	0.0 	0.0 	0.0 	-0.0 	24.0 	0.0 	0.0 	0.0 	1.65124858055	-3.13286604416	159.965639993	-6.61868909006	
1.9	0.0	0.0	0.0 	0.0 	125.6 	24.0 	0.0 	0.0 	0.0 	-0.0 	24.0 	0.0 	0.0 	0.0 	1.67258397672	-3.13286870694	159.965396804	-6.64656442888	
1.91666666667	0.0	0.0	0.0 	0.0 	126.0 	24.0 	0.0 	0.0 	0.0 	-0.0 	24.0 	0.0 	0.0 	0.0 	1.69379856973	-3.13287092593	159.965150592	-6.67479333134	
1.93333333333	0.0	0.0	0.0 	0.0 	126.4 	24.0 	0.0 	0.0 	0.0 	-0.0 	24.0 	0.0 	0.0 	0.0 	1.71489304358	-3.13287277508	159.964901368	-6.70337379546	
1.95	0.0	0.0	0.0 	0.0 	126.8 	24.0 	0.0 	0.0 	0.0 	-0.0 	24.0 	0.0 	0.0 	0.0 	1.7358680784	-3.13287431604	159.96464914	-6.73230383059	
1.96666666667	0.0	0.0	0.0 	0.0 	127.2 	24.0 	0.0 	0.0 	0.0 	-0.0 	24.0 	0.0 	0.0 	0.0 	1.75672435047	-3.13287560018	159.964393919	-6.76158145737	
1.98333333333	0.0	0.0	0.0 	0.0 	127.6 	24.0 	0.0 	0.0 	0.0 	-0.0 	24.0 	0.0 	0.0 	0.0 	1.77746253223	-3.13287667029	159.964135716	-6.79120470765	
2.0	0.0	0.0	0.0 	0.0 	128.0 	24.0 	0.0 	0.0 	0.0 	-0.0 	24.0 	0.0 	0.0 	0.0 	1.79808329232	-3.13287756205	159.963874545	-6.82117162445	
2.01666666667	0.0	0.0	0.0 	0.0 	128.4 	24.0 	0.0 	0.0 	0.0 	-0.0 	24.0 	0.0 	0.0 	0.0 	1.8185872956	-3.13287830519	159.963610419	-6.85148026186	
2.03333333333	0.0	0.0	0.0 	0.0 	128.8 	24.0 	0.0 	0.0 	0.0 	-0.0 	24.0 	0.0 	0.0 	0.0 	1.83897520315	-3.13287892447	159.96334335	-6.88212868499	
2.05	0.0	0.0	0.0 	0.0 	129.2 	24.0 	0.0 	0.0 	0.0 	-0.0 	24.0 	0.0 	0.0 	0.0 	1.85924767232	-3.13287944053	159.963073353	-6.91311496992	
2.06666666667	0.0	0.0	0.0 	0.0 	129.6 	24.0 	0.0 	0.0 	0.0 	-0.0 	24.0 	0.0 	0.0 	0.0 	1.87940535673	-3.13287987059	159.962800442	-6.94443720362	
2.08333333333	0.0	0.0	0.0 	0.0 	130.0 	24.0 	0.0 	0.0 	0.0 	-0.0 	24.0 	0.0 	0.0 	0.0 	1.89944890631	-3.13288022896	159.962524632	-6.97609348389	
2.1	0.0	0.0	0.0 	0.0 	130.4 	24.0 	0.0 	0.0 	0.0 	-0.0 	24.0 	0.0 	0.0 	0.0 	1.91937896729	-3.13288052761	159.962245938	-7.00808191933	
2.11666666667	0.0	0.0	0.0 	0.0 	130.8 	24.0 	0.0 	0.0 	0.0 	-0.0 	24.0 	0.0 	0.0 	0.0 	1.93919618227	-3.13288077649	159.961964374	-7.04040062922	
2.13333333333	0.0	0.0	0.0 	0.0 	131.2 	24.0 	0.0 	0.0 	0.0 	-0.0 	24.0 	0.0 	0.0 	0.0 	1.95890119019	-3.13288098388	159.961679956	-7.0730477435	
2.15	0.0	0.0	0.0 	0.0 	131.6 	24.0 	0.0 	0.0 	0.0 	-0.0 	24.0 	0.0 	0.0 	0.0 	1.97849462637	-3.13288115671	159.961392699	-7.10602140271	
2.16666666667	0.0	0.0	0.0 	0.0 	132.0 	24.0 	0.0 	0.0 	0.0 	-0.0 	24.0 	0.0 	0.0 	0.0 	1.99797712255	-3.13288130074	159.961102618	-7.13931975792	
2.18333333333	0.0	0.0	0.0 	0.0 	132.4 	24.0 	0.0 	0.0 	0.0 	-0.0 	24.0 	0.0 	0.0 	0.0 	2.01734930688	-3.13288142076	159.960809728	-7.17294097064	
2.2	0.0	0.0	0.0 	0.0 	132.8 	24.0 	0.0 	0.0 	0.0 	-0.0 	24.0 	0.0 	0.0 	0.0 	2.03661180396	-3.13288152077	159.960514045	-7.20688321283	
2.21666666667	0.0	0.0	0.0 	0.0 	133.2 	24.0 	0.0 	0.0 	0.0 	-0.0 	24.0 	0.0 	0.0 	0.0 	2.05576523484	-3.13288160412	159.960215585	-7.24114466679	
2.23333333333	0.0	0.0	0.0 	0.0 	133.6 	24.0 	0.0 	0.0 	0.0 	-0.0 	24.0 	0.0 	0.0 	0.0 	2.07481021707	-3.13288167358	159.959914361	-7.27572352509	
2.25	0.0	0.0	0.0 	0.0 	134.0 	24.0 	0.0 	0.0 	0.0 	-0.0 	24.0 	0.0 	0.0 	0.0 	2.0937473647	-3.13288173146	159.959610391	-7.31061799056	
2.26666666667	0.0	0.0	0.0 	0.0 	134.4 	24.0 	0.0 	0.0 	0.0 	-0.0 	24.0 	0.0 	0.0 	0.0 	2.1125772883	-3.13288177969	159.959303688	-7.3458262762	
2.28333333333	0.0	0.0	0.0 	0.0 	134.8 	24.0 	0.0 	0.0 	0.0 	-0.0 	24.0 	0.0 	0.0 	0.0 	2.13130059498	-3.13288181989	159.958994268	-7.38134660512	
2.3	0.0	0.0	0.0 	0.0 	135.2 	24.0 	0.0 	0.0 	0.0 	-0.0 	24.0 	0.0 	0.0 	0.0 	2.14991788841	-3.13288185338	159.958682147	-7.41717721051	
2.31666666667	0.0	0.0	0.0 	0.0 	135.6 	24.0 	0.0 	0.0 	0.0 	-0.0 	24.0 	0.0 	0.0 	0.0 	2.16842976886	-3.13288188129	159.95836734	-7.45331633554	
2.33333333333	0.0	0.0	0.0 	0.0 	136.0 	24.0 	0.0 	0.0 	0.0 	-0.0 	24.0 	0.0 	0.0 	0.0 	2.18683683318	-3.13288190455	159.95804986	-7.48976223334	
2.35	0.0	0.0	0.0 	0.0 	136.4 	24.0 	0.0 	0.0 	0.0 	-0.0 	24.0 	0.0 	0.0 	0.0 	2.20513967486	-3.13288192394	159.957729725	-7.52651316694	
2.36666666667	0.0	0.0	0.0 	0.0 	136.8 	24.0 	0.0 	0.0 	0.0 	-0.0 	24.0 	0.0 	0.0 	0.0 	2.223338884	-3.13288194009	159.957406948	-7.56356740919	
2.38333333333	0.0	0.0	0.0 	0.0 	137.2 	24.0 	0.0 	0.0 	0.0 	-0.0 	24.0 	0.0 	0.0 	0.0 	2.2414350474	-3.13288195355	159.957081544	-7.60092324272	
2.4	0.0	0.0	0.0 	0.0 	137.6 	24.0 	0.0 	0.0 	0.0 	-0.0 	24.0 	0.0 	0.0 	0.0 	2.2594287485	-3.13288196477	159.956753529	-7.6385789599	
2.41666666667	0.0	0.0	0.0 	0.0 	138.0 	24.0 	0.0 	0.0 	0.0 	-0.0 	24.0 	0.0 	0.0 	0.0 	2.27732056746	-3.13288197412	159.956422916	-7.67653286275	
2.43333333333	0.0	0.0	0.0 	0.0 	138.4 	24.0 	0.0 	0.0 	0.0 	-0.0 	24.0 	0.0 	0.0 	0.0 	2.29511108114	-3.13288198191	159.956089721	-7.71478326292	
2.45	0.0	0.0	0.0 	0.0 	138.8 	24.0 	0.0 	0.0 	0.0 	-0.0 	24.0 	0.0 	0.0 	0.0 	2.31280086315	-3.1328819884	159.955753958	-7.7533284816	
2.46666666667	0.0	0.0	0.0 	0.0 	139.2 	24.0 	0.0 	0.0 	0.0 	-0.0 	24.0 	0.0 	0.0 	0.0 	2.33039048383	-3.13288199381	159.955415642	-7.79216684951	
2.48333333333	0.0	0.0	0.0 	0.0 	139.6 	24.0 	0.0 	0.0 	0.0 	-0.0 	24.0 	0.0 	0.0 	0.0 	2.34788051032	-3.13288199832	159.955074786	-7.8312967068	
2.5	0.0	0.0	0.0 	0.0 	140.0 	24.0 	0.0 	0.0 	0.0 	-0.0 	24.0 	0.0 	0.0 	0.0 	2.36527150651	-3.13288200207	159.954731406	-7.87071640304	
2.51666666667	0.0	0.0	0.0 	0.0 	140.4 	24.0 	0.0 	0.0 	0.0 	-0.0 	24.0 	0.0 	0.0 	0.0 	2.38256403314	-3.13288200521	159.954385516	-7.91042429712	
2.53333333333	0.0	0.0	0.0 	0.0 	140.8 	24.0 	0.0 	0.0 	0.0 	-0.0 	24.0 	0.0 	0.0 	0.0 	2.39975864775	-3.13288200781	159.95403713	-7.95041875723	
2.55	0.0	0.0	0.0 	0.0 	141.2 	24.0 	0.0 	0.0 	0.0 	-0.0 	24.0 	0.0 	0.0 	0.0 	2.41685590472	-3.13288200999	159.953686261	-7.99069816082	
2.56666666667	0.0	0.0	0.0 	0.0 	141.6 	24.0 	0.0 	0.0 	0.0 	-0.0 	24.0 	0.0 	0.0 	0.0 	2.43385635531	-3.1328820118	159.953332925	-8.03126089451	
2.58333333333	0.0	0.0	0.0 	0.0 	142.0 	24.0 	0.0 	0.0 	0.0 	-0.0 	24.0 	0.0 	0.0 	0.0 	2.45076054763	-3.13288201331	159.952977134	-8.07210535405	
2.6	0.0	0.0	0.0 	0.0 	142.4 	24.0 	0.0 	0.0 	0.0 	-0.0 	24.0 	0.0 	0.0 	0.0 	2.46756902672	-3.13288201457	159.952618904	-8.11322994427	
2.61666666667	0.0	0.0	0.0 	0.0 	142.8 	24.0 	0.0 	0.0 	0.0 	-0.0 	24.0 	0.0 	0.0 	0.0 	2.48428233452	-3.13288201562	159.952258247	-8.15463307906	
2.63333333333	0.0	0.0	0.0 	0.0 	143.2 	24.0 	0.0 	0.0 	0.0 	-0.0 	24.0 	0.0 	0.0 	0.0 	2.50090100988	-3.13288201649	159.951895178	-8.19631318127	
2.65	0.0	0.0	0.0 	0.0 	143.6 	24.0 	0.0 	0.0 	0.0 	-0.0 	24.0 	0.0 	0.0 	0.0 	2.51742558864	-3.13288201722	159.951529709	-8.23826868267	
2.66666666667	0.0	0.0	0.0 	0.0 	144.0 	24.0 	0.0 	0.0 	0.0 	-0.0 	24.0 	0.0 	0.0 	0.0 	2.53385660357	-3.13288201782	159.951161856	-8.28049802393	
2.68333333333	0.0	0.0	0.0 	0.0 	144.4 	24.0 	0.0 	0.0 	0.0 	-0.0 	24.0 	0.0 	0.0 	0.0 	2.55019458445	-3.13288201833	159.95079163	-8.32299965455	
2.7	0.0	0.0	0.0 	0.0 	144.8 	24.0 	0.0 	0.0 	0.0 	-0.0 	24.0 	0.0 	0.0 	0.0 	2.56644005803	-3.13288201875	159.950419046	-8.36577203278	
2.71666666667	0.0	0.0	0.0 	0.0 	145.2 	24.0 	0.0 	0.0 	0.0 	-0.0 	24.0 	0.0 	0.0 	0.0 	2.58259354812	-3.1328820191	159.950044117	-8.40881362564	
2.73333333333	0.0	0.0	0.0 	0.0 	145.6 	24.0 	0.0 	0.0 	0.0 	-0.0 	24.0 	0.0 	0.0 	0.0 	2.59865557552	-3.1328820194	159.949666856	-8.4521229088	
2.75	0.0	0.0	0.0 	0.0 	146.0 	24.0 	0.0 	0.0 	0.0 	-0.0 	24.0 	0.0 	0.0 	0.0 	2.6146266581	-3.13288201964	159.949287277	-8.49569836657	
2.76666666667	0.0	0.0	0.0 	0.0 	146.4 	24.0 	0.0 	0.0 	0.0 	-0.0 	24.0 	0.0 	0.0 	0.0 	2.63050731081	-3.13288201984	159.948905392	-8.53953849184	
2.78333333333	0.0	0.0	0.0 	0.0 	146.8 	24.0 	0.0 	0.0 	0.0 	-0.0 	24.0 	0.0 	0.0 	0.0 	2.64629804567	-3.13288202001	159.948521214	-8.58364178604	
2.8	0.0	0.0	0.0 	0.0 	147.2 	24.0 	0.0 	0.0 	0.0 	-0.0 	24.0 	0.0 	0.0 	0.0 	2.66199937181	-3.13288202015	159.948134758	-8.62800675909	
2.81666666667	0.0	0.0	0.0 	0.0 	147.6 	24.0 	0.0 	0.0 	0.0 	-0.0 	24.0 	0.0 	0.0 	0.0 	2.67761179546	-3.13288202027	159.947746034	-8.67263192932	
2.83333333333	0.0	0.0	0.0 	0.0 	148.0 	24.0 	0.0 	0.0 	0.0 	-0.0 	24.0 	0.0 	0.0 	0.0 	2.69313581999	-3.13288202037	159.947355057	-8.71751582348	
2.85	0.0	0.0	0.0 	0.0 	148.4 	24.0 	0.0 	0.0 	0.0 	-0.0 	24.0 	0.0 	0.0 	0.0 	2.70857194594	-3.13288202045	159.946961839	-8.76265697665	
2.86666666667	0.0	0.0	0.0 	0.0 	148.8 	24.0 	0.0 	0.0 	0.0 	-0.0 	24.0 	0.0 	0.0 	0.0 	2.723920671	-3.13288202052	159.946566393	-8.80805393219	
2.88333333333	0.0	0.0	0.0 	0.0 	149.2 	24.0 	0.0 	0.0 	0.0 	-0.0 	24.0 	0.0 	0.0 	0.0 	2.73918249003	-3.13288202057	159.946168731	-8.85370524174	
2.9	0.0	0.0	0.0 	0.0 	149.6 	24.0 	0.0 	0.0 	0.0 	-0.0 	24.0 	0.0 	0.0 	0.0 	2.75435789511	-3.13288202062	159.945768866	-8.89960946511	
2.91666666667	0.0	0.0	0.0 	0.0 	150.0 	24.0 	0.0 	0.0 	0.0 	-0.0 	24.0 	0.0 	0.0 	0.0 	2.76944737552	-3.13288202066	159.945366811	-8.94576517028	
2.93333333333	0.0	0.0	0.0 	0.0 	150.4 	24.0 	0.0 	0.0 	0.0 	-0.0 	24.0 	0.0 	0.0 	0.0 	2.78445141778	-3.13288202069	159.944962577	-8.99217093333	
2.95	0.0	0.0	0.0 	0.0 	150.8 	24.0 	0.0 	0.0 	0.0 	-0.0 	24.0 	0.0 	0.0 	0.0 	2.79937050564	-3.13288202072	159.944556177	-9.03882533841	
2.96666666667	0.0	0.0	0.0 	0.0 	151.2 	24.0 	0.0 	0.0 	0.0 	-0.0 	24.0 	0.0 	0.0 	0.0 	2.81420512013	-3.13288202074	159.944147624	-9.08572697769	
2.98333333333	0.0	0.0	0.0 	0.0 	151.6 	24.0 	0.0 	0.0 	0.0 	-0.0 	24.0 	0.0 	0.0 	0.0 	2.82895573954	-3.13288202076	159.943736929	-9.1328744513	
3.0	0.0	0.0	0.0 	0.0 	152.0 	24.0 	0.0 	0.0 	0.0 	-0.0 	24.0 	0.0 	0.0 	0.0 	2.84362283946	-3.13288202078	159.943324105	-9.1802663673	
3.01666666667	0.0	0.0	0.0 	0.0 	152.4 	24.0 	0.0 	0.0 	0.0 	-0.0 	24.0 	0.0 	0.0 	0.0 	2.85820689279	-3.13288202079	159.942909164	-9.22790134164	
3.03333333333	0.0	0.0	0.0 	0.0 	152.8 	24.0 	0.0 	0.0 	0.0 	-0.0 	24.0 	0.0 	0.0 	0.0 	2.87270836975	-3.1328820208	159.942492117	-9.27577799808	
3.05	0.0	0.0	0.0 	0.0 	153.2 	24.0 	0.0 	0.0 	0.0 	-0.0 	24.0 	0.0 	0.0 	0.0 	2.88712773788	-3.13288202081	159.942072978	-9.32389496822	
3.06666666667	0.0	0.0	0.0 	0.0 	153.6 	24.0 	0.0 	0.0 	0.0 	-0.0 	24.0 	0.0 	0.0 	0.0 	2.90146546211	-3.13288202082	159.941651756	-9.37225089136	
3.08333333333	0.0	0.0	0.0 	0.0 	154.0 	24.0 	0.0 	0.0 	0.0 	-0.0 	24.0 	0.0 	0.0 	0.0 	2.91572200469	-3.13288202083	159.941228465	-9.42084441452	
3.1	0.0	0.0	0.0 	0.0 	154.4 	24.0 	0.0 	0.0 	0.0 	-0.0 	24.0 	0.0 	0.0 	0.0 	2.92989782531	-3.13288202083	159.940803116	-9.4696741924	
3.11666666667	0.0	0.0	0.0 	0.0 	154.8 	24.0 	0.0 	0.0 	0.0 	-0.0 	24.0 	0.0 	0.0 	0.0 	2.943993381	-3.13288202084	159.940375721	-9.5187388873	
3.13333333333	0.0	0.0	0.0 	0.0 	155.2 	24.0 	0.0 	0.0 	0.0 	-0.0 	24.0 	0.0 	0.0 	0.0 	2.95800912624	-3.13288202084	159.939946291	-9.56803716909	
3.15	0.0	0.0	0.0 	0.0 	155.6 	24.0 	0.0 	0.0 	0.0 	-0.0 	24.0 	0.0 	0.0 	0.0 	2.97194551292	-3.13288202084	159.939514837	-9.61756771518	
3.16666666667	0.0	0.0	0.0 	0.0 	156.0 	24.0 	0.0 	0.0 	0.0 	-0.0 	24.0 	0.0 	0.0 	0.0 	2.98580299038	-3.13288202085	159.939081372	-9.66732921046	
3.18333333333	0.0	0.0	0.0 	0.0 	156.4 	24.0 	0.0 	0.0 	0.0 	-0.0 	24.0 	0.0 	0.0 	0.0 	2.99958200541	-3.13288202085	159.938645907	-9.71732034728	
3.2	0.0	0.0	0.0 	0.0 	156.8 	24.0 	0.0 	0.0 	0.0 	-0.0 	24.0 	0.0 	0.0 	0.0 	3.01328300228	-3.13288202085	159.938208452	-9.76753982539	
3.21666666667	0.0	0.0	0.0 	0.0 	157.2 	24.0 	0.0 	0.0 	0.0 	-0.0 	24.0 	0.0 	0.0 	0.0 	3.02690642272	-3.13288202085	159.93776902	-9.81798635189	
3.23333333333	0.0	0.0	0.0 	0.0 	157.6 	24.0 	0.0 	0.0 	0.0 	-0.0 	24.0 	0.0 	0.0 	0.0 	3.04045270599	-3.13288202085	159.937327621	-9.86865864121	
3.25	0.0	0.0	0.0 	0.0 	158.0 	24.0 	0.0 	0.0 	0.0 	-0.0 	24.0 	0.0 	0.0 	0.0 	3.05392228884	-3.13288202085	159.936884267	-9.91955541506	
3.26666666667	0.0	0.0	0.0 	0.0 	158.4 	24.0 	0.0 	0.0 	0.0 	-0.0 	24.0 	0.0 	0.0 	0.0 	3.06731560556	-3.13288202085	159.936438968	-9.97067540239	
3.28333333333	0.0	0.0	0.0 	0.0 	158.8 	24.0 	0.0 	0.0 	0.0 	-0.0 	24.0 	0.0 	0.0 	0.0 	3.08063308798	-3.13288202085	159.935991736	-10.0220173393	
3.3	0.0	0.0	0.0 	0.0 	159.2 	24.0 	0.0 	0.0 	0.0 	-0.0 	24.0 	0.0 	0.0 	0.0 	3.09387516547	-3.13288202086	159.935542582	-10.0735799692	
3.31666666667	0.0	0.0	0.0 	0.0 	159.6 	24.0 	0.0 	0.0 	0.0 	-0.0 	24.0 	0.0 	0.0 	0.0 	3.10704226499	-3.13288202086	159.935091516	-10.1253620424	
3.33333333333	0.0	0.0	0.0 	0.0 	160.0 	24.0 	0.0 	0.0 	0.0 	-0.0 	24.0 	0.0 	0.0 	0.0 	3.12013481107	-3.13288202086	159.934638549	-10.1773623164	
3.35	0.0	0.0	0.0 	0.0 	160.4 	24.0 	0.0 	0.0 	0.0 	-0.0 	24.0 	0.0 	0.0 	0.0 	3.13315322584	-3.13288202086	159.934183692	-10.2295795558	
3.36666666667	0.0	0.0	0.0 	0.0 	160.8 	24.0 	0.0 	0.0 	0.0 	-0.0 	24.0 	0.0 	0.0 	0.0 	3.14609792904	-3.13288202086	159.933726956	-10.2820125321	
3.38333333333	0.0	0.0	0.0 	0.0 	161.2 	24.0 	0.0 	0.0 	0.0 	-0.0 	24.0 	0.0 	0.0 	0.0 	3.15896933802	-3.13288202086	159.933268352	-10.3346600236	
3.4	0.0	0.0	0.0 	0.0 	161.6 	24.0 	0.0 	0.0 	0.0 	-0.0 	24.0 	0.0 	0.0 	0.0 	3.1717678678	-3.13288202086	159.932807889	-10.387520816	
3.41666666667	0.0	0.0	0.0 	0.0 	162.0 	24.0 	0.0 	0.0 	0.0 	-0.0 	24.0 	0.0 	0.0 	0.0 	3.18449393101	-3.13288202086	159.932345579	-10.4405937013	
3.43333333333	0.0	0.0	0.0 	0.0 	162.4 	24.0 	0.0 	0.0 	0.0 	-0.0 	24.0 	0.0 	0.0 	0.0 	3.19714793798	-3.13288202086	159.931881432	-10.4938774787	
3.45	0.0	0.0	0.0 	0.0 	162.8 	24.0 	0.0 	0.0 	0.0 	-0.0 	24.0 	0.0 	0.0 	0.0 	3.20973029669	-3.13288202086	159.931415458	-10.5473709542	
3.46666666667	0.0	0.0	0.0 	0.0 	163.2 	24.0 	0.0 	0.0 	0.0 	-0.0 	24.0 	0.0 	0.0 	0.0 	3.22224141281	-3.13288202086	159.930947668	-10.6010729404	
3.48333333333	0.0	0.0	0.0 	0.0 	163.6 	24.0 	0.0 	0.0 	0.0 	-0.0 	24.0 	0.0 	0.0 	0.0 	3.23468168975	-3.13288202086	159.930478072	-10.6549822566	
3.5	0.0	0.0	0.0 	0.0 	164.0 	24.0 	0.0 	0.0 	0.0 	-0.0 	24.0 	0.0 	0.0 	0.0 	3.24705152858	-3.13288202086	159.93000668	-10.709097729	
3.51666666667	0.0	0.0	0.0 	0.0 	164.4 	24.0 	0.0 	0.0 	0.0 	-0.0 	24.0 	0.0 	0.0 	0.0 	3.25935132814	-3.13288202086	159.929533502	-10.7634181903	
3.53333333333	0.0	0.0	0.0 	0.0 	164.8 	24.0 	0.0 	0.0 	0.0 	-0.0 	24.0 	0.0 	0.0 	0.0 	3.27158148501	-3.13288202086	159.929058549	-10.8179424798	
3.55	0.0	0.0	0.0 	0.0 	165.2 	24.0 	0.0 	0.0 	0.0 	-0.0 	24.0 	0.0 	0.0 	0.0 	3.2837423935	-3.13288202086	159.928581831	-10.8726694434	
3.56666666667	0.0	0.0	0.0 	0.0 	165.6 	24.0 	0.0 	0.0 	0.0 	-0.0 	24.0 	0.0 	0.0 	0.0 	3.2958344457	-3.13288202086	159.928103357	-10.9275979336	
3.58333333333	0.0	0.0	0.0 	0.0 	166.0 	24.0 	0.0 	0.0 	0.0 	-0.0 	24.0 	0.0 	0.0 	0.0 	3.30785803148	-3.13288202086	159.927623137	-10.9827268093	
3.6	0.0	0.0	0.0 	0.0 	166.4 	24.0 	0.0 	0.0 	0.0 	-0.0 	24.0 	0.0 	0.0 	0.0 	3.31981353852	-3.13288202086	159.927141182	-11.0380549358	
3.61666666667	0.0	0.0	0.0 	0.0 	166.8 	24.0 	0.0 	0.0 	0.0 	-0.0 	24.0 	0.0 	0.0 	0.0 	3.33170135227	-3.13288202086	159.926657501	-11.0935811851	
3.63333333333	0.0	0.0	0.0 	0.0 	167.2 	24.0 	0.0 	0.0 	0.0 	-0.0 	24.0 	0.0 	0.0 	0.0 	3.34352185603	-3.13288202086	159.926172104	-11.1493044353	
3.65	0.0	0.0	0.0 	0.0 	167.6 	24.0 	0.0 	0.0 	0.0 	-0.0 	24.0 	0.0 	0.0 	0.0 	3.35527543091	-3.13288202086	159.925685001	-11.205223571	
3.66666666667	0.0	0.0	0.0 	0.0 	168.0 	24.0 	0.0 	0.0 	0.0 	-0.0 	24.0 	0.0 	0.0 	0.0 	3.36696245587	-3.13288202086	159.9251962	-11.261337483	
3.68333333333	0.0	0.0	0.0 	0.0 	168.4 	24.0 	0.0 	0.0 	0.0 	-0.0 	24.0 	0.0 	0.0 	0.0 	3.37858330772	-3.13288202086	159.924705713	-11.3176450686	
3.7	0.0	0.0	0.0 	0.0 	168.8 	24.0 	0.0 	0.0 	0.0 	-0.0 	24.0 	0.0 	0.0 	0.0 	3.39013836113	-3.13288202086	159.924213549	-11.374145231	
3.71666666667	0.0	0.0	0.0 	0.0 	169.2 	24.0 	0.0 	0.0 	0.0 	-0.0 	24.0 	0.0 	0.0 	0.0 	3.40162798868	-3.13288202086	159.923719716	-11.43083688	
3.73333333333	0.0	0.0	0.0 	0.0 	169.6 	24.0 	0.0 	0.0 	0.0 	-0.0 	24.0 	0.0 	0.0 	0.0 	3.4130525608	-3.13288202086	159.923224225	-11.4877189314	
3.75	0.0	0.0	0.0 	0.0 	170.0 	24.0 	0.0 	0.0 	0.0 	-0.0 	24.0 	0.0 	0.0 	0.0 	3.42441244584	-3.13288202086	159.922727085	-11.5447903069	
3.76666666667	0.0	0.0	0.0 	0.0 	170.4 	24.0 	0.0 	0.0 	0.0 	-0.0 	24.0 	0.0 	0.0 	0.0 	3.43570801008	-3.13288202086	159.922228304	-11.6020499347	
3.78333333333	0.0	0.0	0.0 	0.0 	170.8 	24.0 	0.0 	0.0 	0.0 	-0.0 	24.0 	0.0 	0.0 	0.0 	3.44693961769	-3.13288202086	159.921727894	-11.6594967489	
3.8	0.0	0.0	0.0 	0.0 	171.2 	24.0 	0.0 	0.0 	0.0 	-0.0 	24.0 	0.0 	0.0 	0.0 	3.45810763081	-3.13288202086	159.921225862	-11.7171296895	
3.81666666667	0.0	0.0	0.0 	0.0 	171.6 	24.0 	0.0 	0.0 	0.0 	-0.0 	24.0 	0.0 	0.0 	0.0 	3.46921240952	-3.13288202086	159.920722217	-11.7749477028	
3.83333333333	0.0	0.0	0.0 	0.0 	172.0 	24.0 	0.0 	0.0 	0.0 	-0.0 	24.0 	0.0 	0.0 	0.0 	3.48025431186	-3.13288202086	159.92021697	-11.8329497408	
3.85	0.0	0.0	0.0 	0.0 	172.4 	24.0 	0.0 	0.0 	0.0 	-0.0 	24.0 	0.0 	0.0 	0.0 	3.49123369384	-3.13288202086	159.919710129	-11.8911347616	
3.86666666667	0.0	0.0	0.0 	0.0 	172.8 	24.0 	0.0 	0.0 	0.0 	-0.0 	24.0 	0.0 	0.0 	0.0 	3.50215090946	-3.13288202086	159.919201703	-11.949501729	
3.88333333333	0.0	0.0	0.0 	0.0 	173.2 	24.0 	0.0 	0.0 	0.0 	-0.0 	24.0 	0.0 	0.0 	0.0 	3.5130063107	-3.13288202086	159.918691701	-12.008049613	
3.9	0.0	0.0	0.0 	0.0 	173.6 	24.0 	0.0 	0.0 	0.0 	-0.0 	24.0 	0.0 	0.0 	0.0 	3.52380024757	-3.13288202086	159.918180132	-12.0667773891	
3.91666666667	0.0	0.0	0.0 	0.0 	174.0 	24.0 	0.0 	0.0 	0.0 	-0.0 	24.0 	0.0 	0.0 	0.0 	3.53453306809	-3.13288202086	159.917667005	-12.1256840387	
3.93333333333	0.0	0.0	0.0 	0.0 	174.4 	24.0 	0.0 	0.0 	0.0 	-0.0 	24.0 	0.0 	0.0 	0.0 	3.54520511829	-3.13288202086	159.917152328	-12.1847685491	
3.95	0.0	0.0	0.0 	0.0 	174.8 	24.0 	0.0 	0.0 	0.0 	-0.0 	24.0 	0.0 	0.0 	0.0 	3.55581674228	-3.13288202086	159.916636111	-12.2440299131	
3.96666666667	0.0	0.0	0.0 	0.0 	175.2 	24.0 	0.0 	0.0 	0.0 	-0.0 	24.0 	0.0 	0.0 	0.0 	3.56636828219	-3.13288202086	159.916118362	-12.3034671295	
3.98333333333	0.0	0.0	0.0 	0.0 	175.6 	24.0 	0.0 	0.0 	0.0 	-0.0 	24.0 	0.0 	0.0 	0.0 	3.57686007822	-3.13288202086	159.91559909	-12.3630792025	
4.0	0.0	0.0	0.0 	0.0 	176.0 	24.0 	0.0 	0.0 	0.0 	-0.0 	24.0 	0.0 	0.0 	0.0 	3.58729246864	-3.13288202086	159.915078304	-12.4228651422	
4.01666666667	0.0	0.0	0.0 	0.0 	176.4 	24.0 	0.0 	0.0 	0.0 	-0.0 	24.0 	0.0 	0.0 	0.0 	3.59766578982	-3.13288202086	159.914556011	-12.4828239639	
4.03333333333	0.0	0.0	0.0 	0.0 	176.8 	24.0 	0.0 	0.0 	0.0 	-0.0 	24.0 	0.0 	0.0 	0.0 	3.60798037622	-3.13288202086	159.914032221	-12.5429546889	
4.05	0.0	0.0	0.0 	0.0 	177.2 	24.0 	0.0 	0.0 	0.0 	-0.0 	24.0 	0.0 	0.0 	0.0 	3.61823656039	-3.13288202086	159.913506942	-12.6032563438	
4.06666666667	0.0	0.0	0.0 	0.0 	177.6 	24.0 	0.0 	0.0 	0.0 	-0.0 	24.0 	0.0 	0.0 	0.0 	3.62843467302	-3.13288202086	159.912980183	-12.6637279608	
4.08333333333	0.0	0.0	0.0 	0.0 	178.0 	24.0 	0.0 	0.0 	0.0 	-0.0 	24.0 	0.0 	0.0 	0.0 	3.6385750429	-3.13288202086	159.912451952	-12.7243685775	
4.1	0.0	0.0	0.0 	0.0 	178.4 	24.0 	0.0 	0.0 	0.0 	-0.0 	24.0 	0.0 	0.0 	0.0 	3.648657997	-3.13288202086	159.911922256	-12.7851772371	
4.11666666667	0.0	0.0	0.0 	0.0 	178.8 	24.0 	0.0 	0.0 	0.0 	-0.0 	24.0 	0.0 	0.0 	0.0 	3.6586838604	-3.13288202086	159.911391106	-12.8461529881	
4.13333333333	0.0	0.0	0.0 	0.0 	179.2 	24.0 	0.0 	0.0 	0.0 	-0.0 	24.0 	0.0 	0.0 	0.0 	3.66865295635	-3.13288202086	159.910858507	-12.9072948844	
4.15	0.0	0.0	0.0 	0.0 	179.6 	24.0 	0.0 	0.0 	0.0 	-0.0 	24.0 	0.0 	0.0 	0.0 	3.67856560627	-3.13288202086	159.91032447	-12.9686019853	
4.16666666667	0.0	0.0	0.0 	0.0 	180.0 	24.0 	0.0 	0.0 	0.0 	-0.0 	24.0 	0.0 	0.0 	0.0 	3.68842212978	-3.13288202086	159.909789002	-13.0300733553	
4.18333333333	0.0	0.0	0.0 	0.0 	180.4 	24.0 	0.0 	0.0 	0.0 	-0.0 	24.0 	0.0 	0.0 	0.0 	3.69822284466	-3.13288202086	159.909252111	-13.0917080644	
4.2	0.0	0.0	0.0 	0.0 	180.8 	24.0 	0.0 	0.0 	0.0 	-0.0 	24.0 	0.0 	0.0 	0.0 	3.70796806691	-3.13288202086	159.908713806	-13.1535051876	
4.21666666667	0.0	0.0	0.0 	0.0 	181.2 	24.0 	0.0 	0.0 	0.0 	-0.0 	24.0 	0.0 	0.0 	0.0 	3.71765811073	-3.13288202086	159.908174093	-13.2154638055	
4.23333333333	0.0	0.0	0.0 	0.0 	181.6 	24.0 	0.0 	0.0 	0.0 	-0.0 	24.0 	0.0 	0.0 	0.0 	3.72729328855	-3.13288202086	159.907632982	-13.2775830036	
4.25	0.0	0.0	0.0 	0.0 	182.0 	24.0 	0.0 	0.0 	0.0 	-0.0 	24.0 	0.0 	0.0 	0.0 	3.73687391103	-3.13288202086	159.90709048	-13.3398618727	
4.26666666667	0.0	0.0	0.0 	0.0 	182.4 	24.0 	0.0 	0.0 	0.0 	-0.0 	24.0 	0.0 	0.0 	0.0 	3.74640028706	-3.13288202086	159.906546595	-13.4022995086	
4.28333333333	0.0	0.0	0.0 	0.0 	182.8 	24.0 	0.0 	0.0 	0.0 	-0.0 	24.0 	0.0 	0.0 	0.0 	3.75587272379	-3.13288202086	159.906001335	-13.4648950126	
4.3	0.0	0.0	0.0 	0.0 	183.2 	24.0 	0.0 	0.0 	0.0 	-0.0 	24.0 	0.0 	0.0 	0.0 	3.76529152663	-3.13288202086	159.905454707	-13.5276474906	
4.31666666667	0.0	0.0	0.0 	0.0 	183.6 	24.0 	0.0 	0.0 	0.0 	-0.0 	24.0 	0.0 	0.0 	0.0 	3.77465699927	-3.13288202086	159.90490672	-13.5905560539	
4.33333333333	0.0	0.0	0.0 	0.0 	184.0 	24.0 	0.0 	0.0 	0.0 	-0.0 	24.0 	0.0 	0.0 	0.0 	3.78396944366	-3.13288202086	159.904357381	-13.6536198188	
4.35	0.0	0.0	0.0 	0.0 	184.4 	24.0 	0.0 	0.0 	0.0 	-0.0 	24.0 	0.0 	0.0 	0.0 	3.79322916005	-3.13288202086	159.903806697	-13.7168379063	
4.36666666667	0.0	0.0	0.0 	0.0 	184.8 	24.0 	0.0 	0.0 	0.0 	-0.0 	24.0 	0.0 	0.0 	0.0 	3.80243644699	-3.13288202086	159.903254677	-13.7802094429	
4.38333333333	0.0	0.0	0.0 	0.0 	185.2 	24.0 	0.0 	0.0 	0.0 	-0.0 	24.0 	0.0 	0.0 	0.0 	3.81159160136	-3.13288202086	159.902701328	-13.8437335595	
4.4	0.0	0.0	0.0 	0.0 	185.6 	24.0 	0.0 	0.0 	0.0 	-0.0 	24.0 	0.0 	0.0 	0.0 	3.82069491832	-3.13288202086	159.902146657	-13.9074093924	
4.41666666667	0.0	0.0	0.0 	0.0 	186.0 	24.0 	0.0 	0.0 	0.0 	-0.0 	24.0 	0.0 	0.0 	0.0 	3.82974669138	-3.13288202086	159.901590672	-13.9712360824	
4.43333333333	0.0	0.0	0.0 	0.0 	186.4 	24.0 	0.0 	0.0 	0.0 	-0.0 	24.0 	0.0 	0.0 	0.0 	3.8387472124	-3.13288202086	159.90103338	-14.0352127754	
4.45	0.0	0.0	0.0 	0.0 	186.8 	24.0 	0.0 	0.0 	0.0 	-0.0 	24.0 	0.0 	0.0 	0.0 	3.84769677156	-3.13288202086	159.90047479	-14.0993386221	
4.46666666667	0.0	0.0	0.0 	0.0 	187.2 	24.0 	0.0 	0.0 	0.0 	-0.0 	24.0 	0.0 	0.0 	0.0 	3.85659565742	-3.13288202086	159.899914907	-14.1636127779	
4.48333333333	0.0	0.0	0.0 	0.0 	187.6 	24.0 	0.0 	0.0 	0.0 	-0.0 	24.0 	0.0 	0.0 	0.0 	3.8654441569	-3.13288202086	159.89935374	-14.2280344031	
4.5	0.0	0.0	0.0 	0.0 	188.0 	24.0 	0.0 	0.0 	0.0 	-0.0 	24.0 	0.0 	0.0 	0.0 	3.87424255528	-3.13288202086	159.898791295	-14.2926026627	
4.51666666667	0.0	0.0	0.0 	0.0 	188.4 	24.0 	0.0 	0.0 	0.0 	-0.0 	24.0 	0.0 	0.0 	0.0 	3.88299113624	-3.13288202086	159.89822758	-14.3573167265	
4.53333333333	0.0	0.0	0.0 	0.0 	188.8 	24.0 	0.0 	0.0 	0.0 	-0.0 	24.0 	0.0 	0.0 	0.0 	3.89169018187	-3.13288202086	159.897662603	-14.4221757689	
4.55	0.0	0.0	0.0 	0.0 	189.2 	24.0 	0.0 	0.0 	0.0 	-0.0 	24.0 	0.0 	0.0 	0.0 	3.90033997262	-3.13288202086	159.897096369	-14.4871789689	
4.56666666667	0.0	0.0	0.0 	0.0 	189.6 	24.0 	0.0 	0.0 	0.0 	-0.0 	24.0 	0.0 	0.0 	0.0 	3.90894078738	-3.13288202086	159.896528887	-14.5523255105	
4.58333333333	0.0	0.0	0.0 	0.0 	190.0 	24.0 	0.0 	0.0 	0.0 	-0.0 	24.0 	0.0 	0.0 	0.0 	3.91749290347	-3.13288202086	159.895960164	-14.6176145819	
4.6	0.0	0.0	0.0 	0.0 	190.4 	24.0 	0.0 	0.0 	0.0 	-0.0 	24.0 	0.0 	0.0 	0.0 	3.92599659662	-3.13288202086	159.895390206	-14.6830453761	
4.61666666667	0.0	0.0	0.0 	0.0 	190.8 	24.0 	0.0 	0.0 	0.0 	-0.0 	24.0 	0.0 	0.0 	0.0 	3.93445214101	-3.13288202086	159.89481902	-14.7486170908	
4.63333333333	0.0	0.0	0.0 	0.0 	191.2 	24.0 	0.0 	0.0 	0.0 	-0.0 	24.0 	0.0 	0.0 	0.0 	3.94285980925	-3.13288202086	159.894246614	-14.8143289279	
4.65	0.0	0.0	0.0 	0.0 	191.6 	24.0 	0.0 	0.0 	0.0 	-0.0 	24.0 	0.0 	0.0 	0.0 	3.95121987243	-3.13288202086	159.893672994	-14.8801800941	
4.66666666667	0.0	0.0	0.0 	0.0 	192.0 	24.0 	0.0 	0.0 	0.0 	-0.0 	24.0 	0.0 	0.0 	0.0 	3.95953260009	-3.13288202086	159.893098168	-14.9461698006	
4.68333333333	0.0	0.0	0.0 	0.0 	192.4 	24.0 	0.0 	0.0 	0.0 	-0.0 	24.0 	0.0 	0.0 	0.0 	3.96779826026	-3.13288202086	159.892522141	-15.0122972628	
4.7	0.0	0.0	0.0 	0.0 	192.8 	24.0 	0.0 	0.0 	0.0 	-0.0 	24.0 	0.0 	0.0 	0.0 	3.97601711942	-3.13288202086	159.891944921	-15.0785617008	
4.71666666667	0.0	0.0	0.0 	0.0 	193.2 	24.0 	0.0 	0.0 	0.0 	-0.0 	24.0 	0.0 	0.0 	0.0 	3.98418944258	-3.13288202086	159.891366515	-15.144962339	
4.73333333333	0.0	0.0	0.0 	0.0 	193.6 	24.0 	0.0 	0.0 	0.0 	-0.0 	24.0 	0.0 	0.0 	0.0 	3.99231549323	-3.13288202086	159.890786929	-15.2114984062	
4.75	0.0	0.0	0.0 	0.0 	194.0 	24.0 	0.0 	0.0 	0.0 	-0.0 	24.0 	0.0 	0.0 	0.0 	4.00039553336	-3.13288202086	159.89020617	-15.2781691357	
4.76666666667	0.0	0.0	0.0 	0.0 	194.4 	24.0 	0.0 	0.0 	0.0 	-0.0 	24.0 	0.0 	0.0 	0.0 	4.00842982349	-3.13288202086	159.889624245	-15.344973765	
4.78333333333	0.0	0.0	0.0 	0.0 	194.8 	24.0 	0.0 	0.0 	0.0 	-0.0 	24.0 	0.0 	0.0 	0.0 	4.01641862266	-3.13288202086	159.88904116	-15.4119115358	
4.8	0.0	0.0	0.0 	0.0 	195.2 	24.0 	0.0 	0.0 	0.0 	-0.0 	24.0 	0.0 	0.0 	0.0 	4.02436218845	-3.13288202086	159.888456922	-15.4789816944	
4.81666666667	0.0	0.0	0.0 	0.0 	195.6 	24.0 	0.0 	0.0 	0.0 	-0.0 	24.0 	0.0 	0.0 	0.0 	4.03226077697	-3.13288202086	159.887871537	-15.5461834911	
4.83333333333	0.0	0.0	0.0 	0.0 	196.0 	24.0 	0.0 	0.0 	0.0 	-0.0 	24.0 	0.0 	0.0 	0.0 	4.04011464289	-3.13288202086	159.887285011	-15.6135161806	
4.85	0.0	0.0	0.0 	0.0 	196.4 	24.0 	0.0 	0.0 	0.0 	-0.0 	24.0 	0.0 	0.0 	0.0 	4.04792403943	-3.13288202086	159.886697353	-15.6809790218	
4.86666666667	0.0	0.0	0.0 	0.0 	196.8 	24.0 	0.0 	0.0 	0.0 	-0.0 	24.0 	0.0 	0.0 	0.0 	4.05568921839	-3.13288202086	159.886108566	-15.7485712778	
4.88333333333	0.0	0.0	0.0 	0.0 	197.2 	24.0 	0.0 	0.0 	0.0 	-0.0 	24.0 	0.0 	0.0 	0.0 	4.06341043012	-3.13288202086	159.885518659	-15.8162922157	
4.9	0.0	0.0	0.0 	0.0 	197.6 	24.0 	0.0 	0.0 	0.0 	-0.0 	24.0 	0.0 	0.0 	0.0 	4.07108792358	-3.13288202086	159.884927637	-15.884141107	
4.91666666667	0.0	0.0	0.0 	0.0 	198.0 	24.0 	0.0 	0.0 	0.0 	-0.0 	24.0 	0.0 	0.0 	0.0 	4.07872194629	-3.13288202086	159.884335507	-15.9521172272	
4.93333333333	0.0	0.0	0.0 	0.0 	198.4 	24.0 	0.0 	0.0 	0.0 	-0.0 	24.0 	0.0 	0.0 	0.0 	4.0863127444	-3.13288202086	159.883742275	-16.0202198558	
4.95	0.0	0.0	0.0 	0.0 	198.8 	24.0 	0.0 	0.0 	0.0 	-0.0 	24.0 	0.0 	0.0 	0.0 	4.09386056265	-3.13288202086	159.883147948	-16.0884482767	
4.96666666667	0.0	0.0	0.0 	0.0 	199.2 	24.0 	0.0 	0.0 	0.0 	-0.0 	24.0 	0.0 	0.0 	0.0 	4.1013656444	-3.13288202086	159.88255253	-16.1568017776	
4.98333333333	0.0	0.0	0.0 	0.0 	199.6 	24.0 	0.0 	0.0 	0.0 	-0.0 	24.0 	0.0 	0.0 	0.0 	4.10882823162	-3.13288202086	159.88195603	-16.2252796501	
5.0	0.0	0.0	0.0 	0.0 	200.0 	24.0 	0.0 	0.0 	0.0 	-0.0 	24.0 	0.0 	0.0 	0.0 	4.11624856492	-3.13288202086	159.881358452	-16.2938811902	
5.01666666667	0.0	0.0	0.0 	0.0 	200.4 	24.0 	0.0 	0.0 	0.0 	-0.0 	24.0 	0.0 	0.0 	0.0 	4.12362688355	-3.13288202086	159.880759803	-16.3626056976	
5.03333333333	0.0	0.0	0.0 	0.0 	200.8 	24.0 	0.0 	0.0 	0.0 	-0.0 	24.0 	0.0 	0.0 	0.0 	4.13096342539	-3.13288202086	159.880160089	-16.4314524761	
5.05	0.0	0.0	0.0 	0.0 	201.2 	24.0 	0.0 	0.0 	0.0 	-0.0 	24.0 	0.0 	0.0 	0.0 	4.138258427	-3.13288202086	159.879559315	-16.5004208333	
5.06666666667	0.0	0.0	0.0 	0.0 	201.6 	24.0 	0.0 	0.0 	0.0 	-0.0 	24.0 	0.0 	0.0 	0.0 	4.14551212358	-3.13288202086	159.878957489	-16.5695100808	
5.08333333333	0.0	0.0	0.0 	0.0 	202.0 	24.0 	0.0 	0.0 	0.0 	-0.0 	24.0 	0.0 	0.0 	0.0 	4.152724749	-3.13288202086	159.878354616	-16.6387195343	
5.1	0.0	0.0	0.0 	0.0 	202.4 	24.0 	0.0 	0.0 	0.0 	-0.0 	24.0 	0.0 	0.0 	0.0 	4.15989653581	-3.13288202086	159.877750701	-16.7080485129	
5.11666666667	0.0	0.0	0.0 	0.0 	202.8 	24.0 	0.0 	0.0 	0.0 	-0.0 	24.0 	0.0 	0.0 	0.0 	4.16702771524	-3.13288202086	159.877145751	-16.7774963401	
5.13333333333	0.0	0.0	0.0 	0.0 	203.2 	24.0 	0.0 	0.0 	0.0 	-0.0 	24.0 	0.0 	0.0 	0.0 	4.17411851722	-3.13288202086	159.876539772	-16.8470623428	
5.15	0.0	0.0	0.0 	0.0 	203.6 	24.0 	0.0 	0.0 	0.0 	-0.0 	24.0 	0.0 	0.0 	0.0 	4.18116917036	-3.13288202086	159.875932769	-16.9167458519	
5.16666666667	0.0	0.0	0.0 	0.0 	204.0 	24.0 	0.0 	0.0 	0.0 	-0.0 	24.0 	0.0 	0.0 	0.0 	4.188179902	-3.13288202086	159.875324749	-16.9865462022	
5.18333333333	0.0	0.0	0.0 	0.0 	204.4 	24.0 	0.0 	0.0 	0.0 	-0.0 	24.0 	0.0 	0.0 	0.0 	4.19515093817	-3.13288202086	159.874715716	-17.0564627319	
5.2	0.0	0.0	0.0 	0.0 	204.8 	24.0 	0.0 	0.0 	0.0 	-0.0 	24.0 	0.0 	0.0 	0.0 	4.20208250364	-3.13288202086	159.874105677	-17.1264947834	
5.21666666667	0.0	0.0	0.0 	0.0 	205.2 	24.0 	0.0 	0.0 	0.0 	-0.0 	24.0 	0.0 	0.0 	0.0 	4.20897482188	-3.13288202086	159.873494638	-17.1966417025	
5.23333333333	0.0	0.0	0.0 	0.0 	205.6 	24.0 	0.0 	0.0 	0.0 	-0.0 	24.0 	0.0 	0.0 	0.0 	4.21582811513	-3.13288202086	159.872882603	-17.2669028388	
5.25	0.0	0.0	0.0 	0.0 	206.0 	24.0 	0.0 	0.0 	0.0 	-0.0 	24.0 	0.0 	0.0 	0.0 	4.22264260434	-3.13288202086	159.872269579	-17.3372775456	
5.26666666667	0.0	0.0	0.0 	0.0 	206.4 	24.0 	0.0 	0.0 	0.0 	-0.0 	24.0 	0.0 	0.0 	0.0 	4.22941850923	-3.13288202086	159.871655572	-17.4077651799	
5.28333333333	0.0	0.0	0.0 	0.0 	206.8 	24.0 	0.0 	0.0 	0.0 	-0.0 	24.0 	0.0 	0.0 	0.0 	4.23615604826	-3.13288202086	159.871040587	-17.4783651022	
5.3	0.0	0.0	0.0 	0.0 	207.2 	24.0 	0.0 	0.0 	0.0 	-0.0 	24.0 	0.0 	0.0 	0.0 	4.24285543867	-3.13288202086	159.870424628	-17.5490766768	
5.31666666667	0.0	0.0	0.0 	0.0 	207.6 	24.0 	0.0 	0.0 	0.0 	-0.0 	24.0 	0.0 	0.0 	0.0 	4.24951689646	-3.13288202086	159.869807703	-17.6198992715	
5.33333333333	0.0	0.0	0.0 	0.0 	208.0 	24.0 	0.0 	0.0 	0.0 	-0.0 	24.0 	0.0 	0.0 	0.0 	4.25614063641	-3.13288202086	159.869189816	-17.6908322576	
5.35	0.0	0.0	0.0 	0.0 	208.4 	24.0 	0.0 	0.0 	0.0 	-0.0 	24.0 	0.0 	0.0 	0.0 	4.26272687208	-3.13288202086	159.868570973	-17.7618750102	
5.36666666667	0.0	0.0	0.0 	0.0 	208.8 	24.0 	0.0 	0.0 	0.0 	-0.0 	24.0 	0.0 	0.0 	0.0 	4.26927581581	-3.13288202086	159.86795118	-17.8330269077	
5.38333333333	0.0	0.0	0.0 	0.0 	209.2 	24.0 	0.0 	0.0 	0.0 	-0.0 	24.0 	0.0 	0.0 	0.0 	4.27578767878	-3.13288202086	159.867330441	-17.9042873322	
5.4	0.0	0.0	0.0 	0.0 	209.6 	24.0 	0.0 	0.0 	0.0 	-0.0 	24.0 	0.0 	0.0 	0.0 	4.28226267091	-3.13288202086	159.866708761	-17.9756556691	
5.41666666667	0.0	0.0	0.0 	0.0 	210.0 	24.0 	0.0 	0.0 	0.0 	-0.0 	24.0 	0.0 	0.0 	0.0 	4.288701001	-3.13288202086	159.866086148	-18.0471313074	
5.43333333333	0.0	0.0	0.0 	0.0 	210.4 	24.0 	0.0 	0.0 	0.0 	-0.0 	24.0 	0.0 	0.0 	0.0 	4.29510287661	-3.13288202086	159.865462604	-18.1187136396	
5.45	0.0	0.0	0.0 	0.0 	210.8 	24.0 	0.0 	0.0 	0.0 	-0.0 	24.0 	0.0 	0.0 	0.0 	4.30146850416	-3.13288202086	159.864838137	-18.1904020616	
5.46666666667	0.0	0.0	0.0 	0.0 	211.2 	24.0 	0.0 	0.0 	0.0 	-0.0 	24.0 	0.0 	0.0 	0.0 	4.30779808888	-3.13288202086	159.864212751	-18.2621959726	
5.48333333333	0.0	0.0	0.0 	0.0 	211.6 	24.0 	0.0 	0.0 	0.0 	-0.0 	24.0 	0.0 	0.0 	0.0 	4.31409183486	-3.13288202086	159.863586451	-18.3340947754	
5.5	0.0	0.0	0.0 	0.0 	212.0 	24.0 	0.0 	0.0 	0.0 	-0.0 	24.0 	0.0 	0.0 	0.0 	4.32034994502	-3.13288202086	159.862959243	-18.4060978761	
5.51666666667	0.0	0.0	0.0 	0.0 	212.4 	24.0 	0.0 	0.0 	0.0 	-0.0 	24.0 	0.0 	0.0 	0.0 	4.32657262113	-3.13288202086	159.862331131	-18.4782046842	
5.53333333333	0.0	0.0	0.0 	0.0 	212.8 	24.0 	0.0 	0.0 	0.0 	-0.0 	24.0 	0.0 	0.0 	0.0 	4.33276006382	-3.13288202086	159.861702121	-18.5504146124	
5.55	0.0	0.0	0.0 	0.0 	213.2 	24.0 	0.0 	0.0 	0.0 	-0.0 	24.0 	0.0 	0.0 	0.0 	4.33891247259	-3.13288202086	159.861072218	-18.6227270768	
5.56666666667	0.0	0.0	0.0 	0.0 	213.6 	24.0 	0.0 	0.0 	0.0 	-0.0 	24.0 	0.0 	0.0 	0.0 	4.34503004581	-3.13288202086	159.860441426	-18.6951414969	
5.58333333333	0.0	0.0	0.0 	0.0 	214.0 	24.0 	0.0 	0.0 	0.0 	-0.0 	24.0 	0.0 	0.0 	0.0 	4.35111298071	-3.13288202086	159.859809752	-18.7676572954	
5.6	0.0	0.0	0.0 	0.0 	214.4 	24.0 	0.0 	0.0 	0.0 	-0.0 	24.0 	0.0 	0.0 	0.0 	4.35716147342	-3.13288202086	159.859177199	-18.8402738983	
5.61666666667	0.0	0.0	0.0 	0.0 	214.8 	24.0 	0.0 	0.0 	0.0 	-0.0 	24.0 	0.0 	0.0 	0.0 	4.36317571896	-3.13288202086	159.858543773	-18.9129907349	
5.63333333333	0.0	0.0	0.0 	0.0 	215.2 	24.0 	0.0 	0.0 	0.0 	-0.0 	24.0 	0.0 	0.0 	0.0 	4.36915591124	-3.13288202086	159.85790948	-18.9858072375	
5.65	0.0	0.0	0.0 	0.0 	215.6 	24.0 	0.0 	0.0 	0.0 	-0.0 	24.0 	0.0 	0.0 	0.0 	4.37510224306	-3.13288202086	159.857274322	-19.0587228419	
5.66666666667	0.0	0.0	0.0 	0.0 	216.0 	24.0 	0.0 	0.0 	0.0 	-0.0 	24.0 	0.0 	0.0 	0.0 	4.38101490616	-3.13288202086	159.856638307	-19.1317369869	
5.68333333333	0.0	0.0	0.0 	0.0 	216.4 	24.0 	0.0 	0.0 	0.0 	-0.0 	24.0 	0.0 	0.0 	0.0 	4.38689409117	-3.13288202086	159.856001438	-19.2048491146	
5.7	0.0	0.0	0.0 	0.0 	216.8 	24.0 	0.0 	0.0 	0.0 	-0.0 	24.0 	0.0 	0.0 	0.0 	4.39273998764	-3.13288202086	159.85536372	-19.2780586703	
5.71666666667	0.0	0.0	0.0 	0.0 	217.2 	24.0 	0.0 	0.0 	0.0 	-0.0 	24.0 	0.0 	0.0 	0.0 	4.39855278406	-3.13288202086	159.854725159	-19.3513651022	
5.73333333333	0.0	0.0	0.0 	0.0 	217.6 	24.0 	0.0 	0.0 	0.0 	-0.0 	24.0 	0.0 	0.0 	0.0 	4.40433266784	-3.13288202086	159.854085758	-19.4247678619	
5.75	0.0	0.0	0.0 	0.0 	218.0 	24.0 	0.0 	0.0 	0.0 	-0.0 	24.0 	0.0 	0.0 	0.0 	4.41007982533	-3.13288202086	159.853445523	-19.4982664038	
5.76666666667	0.0	0.0	0.0 	0.0 	218.4 	24.0 	0.0 	0.0 	0.0 	-0.0 	24.0 	0.0 	0.0 	0.0 	4.41579444185	-3.13288202086	159.852804458	-19.5718601858	
5.78333333333	0.0	0.0	0.0 	0.0 	218.8 	24.0 	0.0 	0.0 	0.0 	-0.0 	24.0 	0.0 	0.0 	0.0 	4.42147670163	-3.13288202086	159.852162569	-19.6455486685	
5.8	0.0	0.0	0.0 	0.0 	219.2 	24.0 	0.0 	0.0 	0.0 	-0.0 	24.0 	0.0 	0.0 	0.0 	4.42712678788	-3.13288202086	159.851519859	-19.7193313158	
5.81666666667	0.0	0.0	0.0 	0.0 	219.6 	24.0 	0.0 	0.0 	0.0 	-0.0 	24.0 	0.0 	0.0 	0.0 	4.43274488278	-3.13288202086	159.850876334	-19.7932075944	
5.83333333333	0.0	0.0	0.0 	0.0 	220.0 	24.0 	0.0 	0.0 	0.0 	-0.0 	24.0 	0.0 	0.0 	0.0 	4.43833116746	-3.13288202086	159.850231997	-19.8671769742	
5.85	0.0	0.0	0.0 	0.0 	220.4 	24.0 	0.0 	0.0 	0.0 	-0.0 	24.0 	0.0 	0.0 	0.0 	4.44388582204	-3.13288202086	159.849586855	-19.9412389281	
5.86666666667	0.0	0.0	0.0 	0.0 	220.8 	24.0 	0.0 	0.0 	0.0 	-0.0 	24.0 	0.0 	0.0 	0.0 	4.44940902561	-3.13288202086	159.84894091	-20.0153929319	
5.88333333333	0.0	0.0	0.0 	0.0 	221.2 	24.0 	0.0 	0.0 	0.0 	-0.0 	24.0 	0.0 	0.0 	0.0 	4.45490095624	-3.13288202086	159.848294168	-20.0896384643	
5.9	0.0	0.0	0.0 	0.0 	221.6 	24.0 	0.0 	0.0 	0.0 	-0.0 	24.0 	0.0 	0.0 	0.0 	4.46036179101	-3.13288202086	159.847646633	-20.1639750073	
5.91666666667	0.0	0.0	0.0 	0.0 	222.0 	24.0 	0.0 	0.0 	0.0 	-0.0 	24.0 	0.0 	0.0 	0.0 	4.46579170598	-3.13288202086	159.84699831	-20.2384020454	
5.93333333333	0.0	0.0	0.0 	0.0 	222.4 	24.0 	0.0 	0.0 	0.0 	-0.0 	24.0 	0.0 	0.0 	0.0 	4.47119087623	-3.13288202086	159.846349203	-20.3129190662	
5.95	0.0	0.0	0.0 	0.0 	222.8 	24.0 	0.0 	0.0 	0.0 	-0.0 	24.0 	0.0 	0.0 	0.0 	4.47655947583	-3.13288202086	159.845699317	-20.3875255604	
5.96666666667	0.0	0.0	0.0 	0.0 	223.2 	24.0 	0.0 	0.0 	0.0 	-0.0 	24.0 	0.0 	0.0 	0.0 	4.48189767789	-3.13288202086	159.845048656	-20.4622210211	
5.98333333333	0.0	0.0	0.0 	0.0 	223.6 	24.0 	0.0 	0.0 	0.0 	-0.0 	24.0 	0.0 	0.0 	0.0 	4.48720565451	-3.13288202086	159.844397224	-20.5370049448	
6.0	0.0	0.0	0.0 	0.0 	224.0 	24.0 	0.0 	0.0 	0.0 	-0.0 	24.0 	0.0 	0.0 	0.0 	4.49248357683	-3.13288202086	159.843745026	-20.6118768306	
6.01666666667	0.0	0.0	0.0 	0.0 	224.4 	24.0 	0.0 	0.0 	0.0 	-0.0 	24.0 	0.0 	0.0 	0.0 	4.49773161502	-3.13288202086	159.843092066	-20.6868361803	
6.03333333333	0.0	0.0	0.0 	0.0 	224.8 	24.0 	0.0 	0.0 	0.0 	-0.0 	24.0 	0.0 	0.0 	0.0 	4.5029499383	-3.13288202086	159.842438349	-20.7618824988	
6.05	0.0	0.0	0.0 	0.0 	225.2 	24.0 	0.0 	0.0 	0.0 	-0.0 	24.0 	0.0 	0.0 	0.0 	4.5081387149	-3.13288202086	159.841783878	-20.8370152936	
6.06666666667	0.0	0.0	0.0 	0.0 	225.6 	24.0 	0.0 	0.0 	0.0 	-0.0 	24.0 	0.0 	0.0 	0.0 	4.51329811213	-3.13288202086	159.841128659	-20.9122340751	
6.08333333333	0.0	0.0	0.0 	0.0 	226.0 	24.0 	0.0 	0.0 	0.0 	-0.0 	24.0 	0.0 	0.0 	0.0 	4.51842829634	-3.13288202086	159.840472694	-20.9875383564	
6.1	0.0	0.0	0.0 	0.0 	226.4 	24.0 	0.0 	0.0 	0.0 	-0.0 	24.0 	0.0 	0.0 	0.0 	4.52352943293	-3.13288202086	159.839815989	-21.0629276534	
6.11666666667	0.0	0.0	0.0 	0.0 	226.8 	24.0 	0.0 	0.0 	0.0 	-0.0 	24.0 	0.0 	0.0 	0.0 	4.52860168637	-3.13288202086	159.839158547	-21.1384014848	
6.13333333333	0.0	0.0	0.0 	0.0 	227.2 	24.0 	0.0 	0.0 	0.0 	-0.0 	24.0 	0.0 	0.0 	0.0 	4.5336452202	-3.13288202086	159.838500374	-21.2139593719	
6.15	0.0	0.0	0.0 	0.0 	227.6 	24.0 	0.0 	0.0 	0.0 	-0.0 	24.0 	0.0 	0.0 	0.0 	4.53866019703	-3.13288202086	159.837841472	-21.2896008388	
6.16666666667	0.0	0.0	0.0 	0.0 	228.0 	24.0 	0.0 	0.0 	0.0 	-0.0 	24.0 	0.0 	0.0 	0.0 	4.54364677856	-3.13288202086	159.837181846	-21.3653254122	
6.18333333333	0.0	0.0	0.0 	0.0 	228.4 	24.0 	0.0 	0.0 	0.0 	-0.0 	24.0 	0.0 	0.0 	0.0 	4.54860512557	-3.13288202086	159.836521501	-21.4411326216	
6.2	0.0	0.0	0.0 	0.0 	228.8 	24.0 	0.0 	0.0 	0.0 	-0.0 	24.0 	0.0 	0.0 	0.0 	4.55353539792	-3.13288202086	159.83586044	-21.5170219991	
6.21666666667	0.0	0.0	0.0 	0.0 	229.2 	24.0 	0.0 	0.0 	0.0 	-0.0 	24.0 	0.0 	0.0 	0.0 	4.55843775457	-3.13288202086	159.835198667	-21.5929930794	
6.23333333333	0.0	0.0	0.0 	0.0 	229.6 	24.0 	0.0 	0.0 	0.0 	-0.0 	24.0 	0.0 	0.0 	0.0 	4.56331235359	-3.13288202086	159.834536186	-21.6690454	
6.25	0.0	0.0	0.0 	0.0 	230.0 	24.0 	0.0 	0.0 	0.0 	-0.0 	24.0 	0.0 	0.0 	0.0 	4.56815935213	-3.13288202086	159.833873002	-21.7451785008	
6.26666666667	0.0	0.0	0.0 	0.0 	230.4 	24.0 	0.0 	0.0 	0.0 	-0.0 	24.0 	0.0 	0.0 	0.0 	4.57297890649	-3.13288202086	159.833209118	-21.8213919244	
6.28333333333	0.0	0.0	0.0 	0.0 	230.8 	24.0 	0.0 	0.0 	0.0 	-0.0 	24.0 	0.0 	0.0 	0.0 	4.57777117204	-3.13288202086	159.832544538	-21.8976852162	
6.3	0.0	0.0	0.0 	0.0 	231.2 	24.0 	0.0 	0.0 	0.0 	-0.0 	24.0 	0.0 	0.0 	0.0 	4.5825363033	-3.13288202086	159.831879267	-21.9740579237	
6.31666666667	0.0	0.0	0.0 	0.0 	231.6 	24.0 	0.0 	0.0 	0.0 	-0.0 	24.0 	0.0 	0.0 	0.0 	4.58727445391	-3.13288202086	159.831213308	-22.0505095975	
6.33333333333	0.0	0.0	0.0 	0.0 	232.0 	24.0 	0.0 	0.0 	0.0 	-0.0 	24.0 	0.0 	0.0 	0.0 	4.59198577664	-3.13288202086	159.830546664	-22.1270397903	
6.35	0.0	0.0	0.0 	0.0 	232.4 	24.0 	0.0 	0.0 	0.0 	-0.0 	24.0 	0.0 	0.0 	0.0 	4.59667042338	-3.13288202086	159.829879341	-22.2036480576	
6.36666666667	0.0	0.0	0.0 	0.0 	232.8 	24.0 	0.0 	0.0 	0.0 	-0.0 	24.0 	0.0 	0.0 	0.0 	4.60132854519	-3.13288202086	159.829211341	-22.2803339573	
6.38333333333	0.0	0.0	0.0 	0.0 	233.2 	24.0 	0.0 	0.0 	0.0 	-0.0 	24.0 	0.0 	0.0 	0.0 	4.60596029224	-3.13288202086	159.828542669	-22.3570970499	
6.4	0.0	0.0	0.0 	0.0 	233.6 	24.0 	0.0 	0.0 	0.0 	-0.0 	24.0 	0.0 	0.0 	0.0 	4.61056581387	-3.13288202086	159.827873329	-22.4339368982	
6.41666666667	0.0	0.0	0.0 	0.0 	234.0 	24.0 	0.0 	0.0 	0.0 	-0.0 	24.0 	0.0 	0.0 	0.0 	4.61514525858	-3.13288202086	159.827203323	-22.5108530678	
6.43333333333	0.0	0.0	0.0 	0.0 	234.4 	24.0 	0.0 	0.0 	0.0 	-0.0 	24.0 	0.0 	0.0 	0.0 	4.61969877401	-3.13288202086	159.826532657	-22.5878451264	
6.45	0.0	0.0	0.0 	0.0 	234.8 	24.0 	0.0 	0.0 	0.0 	-0.0 	24.0 	0.0 	0.0 	0.0 	4.62422650698	-3.13288202086	159.825861333	-22.6649126443	
6.46666666667	0.0	0.0	0.0 	0.0 	235.2 	24.0 	0.0 	0.0 	0.0 	-0.0 	24.0 	0.0 	0.0 	0.0 	4.62872860347	-3.13288202086	159.825189356	-22.7420551943	
6.48333333333	0.0	0.0	0.0 	0.0 	235.6 	24.0 	0.0 	0.0 	0.0 	-0.0 	24.0 	0.0 	0.0 	0.0 	4.63320520864	-3.13288202086	159.824516728	-22.8192723516	
6.5	0.0	0.0	0.0 	0.0 	236.0 	24.0 	0.0 	0.0 	0.0 	-0.0 	24.0 	0.0 	0.0 	0.0 	4.63765646681	-3.13288202086	159.823843455	-22.8965636937	
6.51666666667	0.0	0.0	0.0 	0.0 	236.4 	24.0 	0.0 	0.0 	0.0 	-0.0 	24.0 	0.0 	0.0 	0.0 	4.64208252152	-3.13288202086	159.823169539	-22.9739288006	
6.53333333333	0.0	0.0	0.0 	0.0 	236.8 	24.0 	0.0 	0.0 	0.0 	-0.0 	24.0 	0.0 	0.0 	0.0 	4.64648351546	-3.13288202086	159.822494984	-23.0513672546	
6.55	0.0	0.0	0.0 	0.0 	237.2 	24.0 	0.0 	0.0 	0.0 	-0.0 	24.0 	0.0 	0.0 	0.0 	4.65085959054	-3.13288202086	159.821819793	-23.1288786405	
6.56666666667	0.0	0.0	0.0 	0.0 	237.6 	24.0 	0.0 	0.0 	0.0 	-0.0 	24.0 	0.0 	0.0 	0.0 	4.65521088783	-3.13288202086	159.821143971	-23.2064625451	
6.58333333333	0.0	0.0	0.0 	0.0 	238.0 	24.0 	0.0 	0.0 	0.0 	-0.0 	24.0 	0.0 	0.0 	0.0 	4.65953754765	-3.13288202086	159.820467521	-23.2841185581	
6.6	0.0	0.0	0.0 	0.0 	238.4 	24.0 	0.0 	0.0 	0.0 	-0.0 	24.0 	0.0 	0.0 	0.0 	4.66383970948	-3.13288202086	159.819790447	-23.361846271	
6.61666666667	0.0	0.0	0.0 	0.0 	238.8 	24.0 	0.0 	0.0 	0.0 	-0.0 	24.0 	0.0 	0.0 	0.0 	4.66811751203	-3.13288202086	159.819112751	-23.439645278	
6.63333333333	0.0	0.0	0.0 	0.0 	239.2 	24.0 	0.0 	0.0 	0.0 	-0.0 	24.0 	0.0 	0.0 	0.0 	4.67237109325	-3.13288202086	159.818434438	-23.5175151752	
6.65	0.0	0.0	0.0 	0.0 	239.6 	24.0 	0.0 	0.0 	0.0 	-0.0 	24.0 	0.0 	0.0 	0.0 	4.67660059025	-3.13288202086	159.81775551	-23.5954555614	
6.66666666667	0.0	0.0	0.0 	0.0 	240.0 	24.0 	0.0 	0.0 	0.0 	-0.0 	24.0 	0.0 	0.0 	0.0 	4.68080613942	-3.13288202086	159.817075973	-23.6734660375	
6.68333333333	0.0	0.0	0.0 	0.0 	240.4 	24.0 	0.0 	0.0 	0.0 	-0.0 	24.0 	0.0 	0.0 	0.0 	4.68498787635	-3.13288202086	159.816395828	-23.7515462065	
6.7	0.0	0.0	0.0 	0.0 	240.8 	24.0 	0.0 	0.0 	0.0 	-0.0 	24.0 	0.0 	0.0 	0.0 	4.68914593586	-3.13288202086	159.815715079	-23.8296956739	
6.71666666667	0.0	0.0	0.0 	0.0 	241.2 	24.0 	0.0 	0.0 	0.0 	-0.0 	24.0 	0.0 	0.0 	0.0 	4.69328045202	-3.13288202086	159.81503373	-23.9079140472	
6.73333333333	0.0	0.0	0.0 	0.0 	241.6 	24.0 	0.0 	0.0 	0.0 	-0.0 	24.0 	0.0 	0.0 	0.0 	4.69739155814	-3.13288202086	159.814351785	-23.9862009364	
6.75	0.0	0.0	0.0 	0.0 	242.0 	24.0 	0.0 	0.0 	0.0 	-0.0 	24.0 	0.0 	0.0 	0.0 	4.70147938676	-3.13288202086	159.813669246	-24.0645559535	
6.76666666667	0.0	0.0	0.0 	0.0 	242.4 	24.0 	0.0 	0.0 	0.0 	-0.0 	24.0 	0.0 	0.0 	0.0 	4.70554406968	-3.13288202086	159.812986117	-24.1429787127	
6.78333333333	0.0	0.0	0.0 	0.0 	242.8 	24.0 	0.0 	0.0 	0.0 	-0.0 	24.0 	0.0 	0.0 	0.0 	4.70958573797	-3.13288202086	159.812302401	-24.2214688305	
6.8	0.0	0.0	0.0 	0.0 	243.2 	24.0 	0.0 	0.0 	0.0 	-0.0 	24.0 	0.0 	0.0 	0.0 	4.71360452192	-3.13288202086	159.811618102	-24.3000259256	
6.81666666667	0.0	0.0	0.0 	0.0 	243.6 	24.0 	0.0 	0.0 	0.0 	-0.0 	24.0 	0.0 	0.0 	0.0 	4.71760055111	-3.13288202086	159.810933222	-24.3786496185	
6.83333333333	0.0	0.0	0.0 	0.0 	244.0 	24.0 	0.0 	0.0 	0.0 	-0.0 	24.0 	0.0 	0.0 	0.0 	4.72157395438	-3.13288202086	159.810247766	-24.4573395324	
6.85	0.0	0.0	0.0 	0.0 	244.4 	24.0 	0.0 	0.0 	0.0 	-0.0 	24.0 	0.0 	0.0 	0.0 	4.72552485984	-3.13288202086	159.809561736	-24.5360952921	
6.86666666667	0.0	0.0	0.0 	0.0 	244.8 	24.0 	0.0 	0.0 	0.0 	-0.0 	24.0 	0.0 	0.0 	0.0 	4.72945339488	-3.13288202086	159.808875136	-24.614916525	
6.88333333333	0.0	0.0	0.0 	0.0 	245.2 	24.0 	0.0 	0.0 	0.0 	-0.0 	24.0 	0.0 	0.0 	0.0 	4.73335968616	-3.13288202086	159.808187969	-24.6938028602	
6.9	0.0	0.0	0.0 	0.0 	245.6 	24.0 	0.0 	0.0 	0.0 	-0.0 	24.0 	0.0 	0.0 	0.0 	4.73724385963	-3.13288202086	159.807500237	-24.7727539293	
6.91666666667	0.0	0.0	0.0 	0.0 	246.0 	24.0 	0.0 	0.0 	0.0 	-0.0 	24.0 	0.0 	0.0 	0.0 	4.74110604052	-3.13288202086	159.806811946	-24.8517693655	
6.93333333333	0.0	0.0	0.0 	0.0 	246.4 	24.0 	0.0 	0.0 	0.0 	-0.0 	24.0 	0.0 	0.0 	0.0 	4.74494635335	-3.13288202086	159.806123096	-24.9308488046	
6.95	0.0	0.0	0.0 	0.0 	246.8 	24.0 	0.0 	0.0 	0.0 	-0.0 	24.0 	0.0 	0.0 	0.0 	4.74876492194	-3.13288202086	159.805433692	-25.009991884	
6.96666666667	0.0	0.0	0.0 	0.0 	247.2 	24.0 	0.0 	0.0 	0.0 	-0.0 	24.0 	0.0 	0.0 	0.0 	4.75256186941	-3.13288202086	159.804743737	-25.0891982435	
6.98333333333	0.0	0.0	0.0 	0.0 	247.6 	24.0 	0.0 	0.0 	0.0 	-0.0 	24.0 	0.0 	0.0 	0.0 	4.75633731819	-3.13288202086	159.804053234	-25.1684675248	
7.0	0.0	0.0	0.0 	0.0 	248.0 	24.0 	0.0 	0.0 	0.0 	-0.0 	24.0 	0.0 	0.0 	0.0 	4.76009138999	-3.13288202086	159.803362186	-25.2477993715	
7.01666666667	0.0	0.0	0.0 	0.0 	248.4 	24.0 	0.0 	0.0 	0.0 	-0.0 	24.0 	0.0 	0.0 	0.0 	4.76382420587	-3.13288202086	159.802670596	-25.3271934295	
7.03333333333	0.0	0.0	0.0 	0.0 	248.8 	24.0 	0.0 	0.0 	0.0 	-0.0 	24.0 	0.0 	0.0 	0.0 	4.76753588616	-3.13288202086	159.801978468	-25.4066493465	
7.05	0.0	0.0	0.0 	0.0 	249.2 	24.0 	0.0 	0.0 	0.0 	-0.0 	24.0 	0.0 	0.0 	0.0 	4.77122655055	-3.13288202086	159.801285803	-25.4861667722	
7.06666666667	0.0	0.0	0.0 	0.0 	249.6 	24.0 	0.0 	0.0 	0.0 	-0.0 	24.0 	0.0 	0.0 	0.0 	4.77489631803	-3.13288202086	159.800592606	-25.5657453584	
7.08333333333	0.0	0.0	0.0 	0.0 	250.0 	24.0 	0.0 	0.0 	0.0 	-0.0 	24.0 	0.0 	0.0 	0.0 	4.77854530691	-3.13288202086	159.799898878	-25.6453847588	
7.1	0.0	0.0	0.0 	0.0 	250.4 	24.0 	0.0 	0.0 	0.0 	-0.0 	24.0 	0.0 	0.0 	0.0 	4.78217363486	-3.13288202086	159.799204625	-25.725084629	
7.11666666667	0.0	0.0	0.0 	0.0 	250.8 	24.0 	0.0 	0.0 	0.0 	-0.0 	24.0 	0.0 	0.0 	0.0 	4.78578141884	-3.13288202086	159.798509847	-25.8048446266	
7.13333333333	0.0	0.0	0.0 	0.0 	251.2 	24.0 	0.0 	0.0 	0.0 	-0.0 	24.0 	0.0 	0.0 	0.0 	4.78936877519	-3.13288202086	159.797814549	-25.8846644113	
7.15	0.0	0.0	0.0 	0.0 	251.6 	24.0 	0.0 	0.0 	0.0 	-0.0 	24.0 	0.0 	0.0 	0.0 	4.79293581957	-3.13288202086	159.797118732	-25.9645436444	
7.16666666667	0.0	0.0	0.0 	0.0 	252.0 	24.0 	0.0 	0.0 	0.0 	-0.0 	24.0 	0.0 	0.0 	0.0 	4.79648266698	-3.13288202086	159.796422401	-26.0444819894	
7.18333333333	0.0	0.0	0.0 	0.0 	252.4 	24.0 	0.0 	0.0 	0.0 	-0.0 	24.0 	0.0 	0.0 	0.0 	4.80000943179	-3.13288202086	159.795725558	-26.1244791116	
7.2	0.0	0.0	0.0 	0.0 	252.8 	24.0 	0.0 	0.0 	0.0 	-0.0 	24.0 	0.0 	0.0 	0.0 	4.8035162277	-3.13288202086	159.795028206	-26.2045346782	
7.21666666667	0.0	0.0	0.0 	0.0 	253.2 	24.0 	0.0 	0.0 	0.0 	-0.0 	24.0 	0.0 	0.0 	0.0 	4.80700316778	-3.13288202086	159.794330347	-26.2846483583	
7.23333333333	0.0	0.0	0.0 	0.0 	253.6 	24.0 	0.0 	0.0 	0.0 	-0.0 	24.0 	0.0 	0.0 	0.0 	4.81047036446	-3.13288202086	159.793631985	-26.3648198227	
7.25	0.0	0.0	0.0 	0.0 	254.0 	24.0 	0.0 	0.0 	0.0 	-0.0 	24.0 	0.0 	0.0 	0.0 	4.81391792952	-3.13288202086	159.792933123	-26.4450487444	
7.26666666667	0.0	0.0	0.0 	0.0 	254.4 	24.0 	0.0 	0.0 	0.0 	-0.0 	24.0 	0.0 	0.0 	0.0 	4.81734597412	-3.13288202086	159.792233763	-26.5253347981	
7.28333333333	0.0	0.0	0.0 	0.0 	254.8 	24.0 	0.0 	0.0 	0.0 	-0.0 	24.0 	0.0 	0.0 	0.0 	4.82075460879	-3.13288202086	159.791533908	-26.6056776601	
7.3	0.0	0.0	0.0 	0.0 	255.2 	24.0 	0.0 	0.0 	0.0 	-0.0 	24.0 	0.0 	0.0 	0.0 	4.82414394342	-3.13288202086	159.790833561	-26.6860770089	
7.31666666667	0.0	0.0	0.0 	0.0 	255.6 	24.0 	0.0 	0.0 	0.0 	-0.0 	24.0 	0.0 	0.0 	0.0 	4.8275140873	-3.13288202086	159.790132725	-26.7665325246	
7.33333333333	0.0	0.0	0.0 	0.0 	256.0 	24.0 	0.0 	0.0 	0.0 	-0.0 	24.0 	0.0 	0.0 	0.0 	4.83086514909	-3.13288202086	159.789431402	-26.8470438893	
7.35	0.0	0.0	0.0 	0.0 	256.4 	24.0 	0.0 	0.0 	0.0 	-0.0 	24.0 	0.0 	0.0 	0.0 	4.83419723683	-3.13288202086	159.788729596	-26.9276107866	
7.36666666667	0.0	0.0	0.0 	0.0 	256.8 	24.0 	0.0 	0.0 	0.0 	-0.0 	24.0 	0.0 	0.0 	0.0 	4.83751045796	-3.13288202086	159.788027309	-27.0082329022	
7.38333333333	0.0	0.0	0.0 	0.0 	257.2 	24.0 	0.0 	0.0 	0.0 	-0.0 	24.0 	0.0 	0.0 	0.0 	4.84080491929	-3.13288202086	159.787324543	-27.0889099234	
7.4	0.0	0.0	0.0 	0.0 	257.6 	24.0 	0.0 	0.0 	0.0 	-0.0 	24.0 	0.0 	0.0 	0.0 	4.84408072705	-3.13288202086	159.786621302	-27.1696415393	
7.41666666667	0.0	0.0	0.0 	0.0 	258.0 	24.0 	0.0 	0.0 	0.0 	-0.0 	24.0 	0.0 	0.0 	0.0 	4.84733798686	-3.13288202086	159.785917588	-27.2504274409	
7.43333333333	0.0	0.0	0.0 	0.0 	258.4 	24.0 	0.0 	0.0 	0.0 	-0.0 	24.0 	0.0 	0.0 	0.0 	4.85057680374	-3.13288202086	159.785213403	-27.3312673206	
7.45	0.0	0.0	0.0 	0.0 	258.8 	24.0 	0.0 	0.0 	0.0 	-0.0 	24.0 	0.0 	0.0 	0.0 	4.85379728211	-3.13288202086	159.784508751	-27.412160873	
7.46666666667	0.0	0.0	0.0 	0.0 	259.2 	24.0 	0.0 	0.0 	0.0 	-0.0 	24.0 	0.0 	0.0 	0.0 	4.85699952581	-3.13288202086	159.783803635	-27.4931077941	
7.48333333333	0.0	0.0	0.0 	0.0 	259.6 	24.0 	0.0 	0.0 	0.0 	-0.0 	24.0 	0.0 	0.0 	0.0 	4.86018363809	-3.13288202086	159.783098056	-27.5741077817	
7.5	0.0	0.0	0.0 	0.0 	260.0 	24.0 	0.0 	0.0 	0.0 	-0.0 	24.0 	0.0 	0.0 	0.0 	4.8633497216	-3.13288202086	159.782392017	-27.6551605353	
7.51666666667	0.0	0.0	0.0 	0.0 	260.4 	24.0 	0.0 	0.0 	0.0 	-0.0 	24.0 	0.0 	0.0 	0.0 	4.86649787842	-3.13288202086	159.781685521	-27.7362657563	
7.53333333333	0.0	0.0	0.0 	0.0 	260.8 	24.0 	0.0 	0.0 	0.0 	-0.0 	24.0 	0.0 	0.0 	0.0 	4.86962821007	-3.13288202086	159.780978571	-27.8174231474	
7.55	0.0	0.0	0.0 	0.0 	261.2 	24.0 	0.0 	0.0 	0.0 	-0.0 	24.0 	0.0 	0.0 	0.0 	4.87274081747	-3.13288202086	159.780271169	-27.8986324134	
7.56666666667	0.0	0.0	0.0 	0.0 	261.6 	24.0 	0.0 	0.0 	0.0 	-0.0 	24.0 	0.0 	0.0 	0.0 	4.87583580097	-3.13288202086	159.779563318	-27.9798932605	
7.58333333333	0.0	0.0	0.0 	0.0 	262.0 	24.0 	0.0 	0.0 	0.0 	-0.0 	24.0 	0.0 	0.0 	0.0 	4.87891326036	-3.13288202086	159.77885502	-28.0612053966	
7.6	0.0	0.0	0.0 	0.0 	262.4 	24.0 	0.0 	0.0 	0.0 	-0.0 	24.0 	0.0 	0.0 	0.0 	4.88197329487	-3.13288202086	159.778146278	-28.1425685314	
7.61666666667	0.0	0.0	0.0 	0.0 	262.8 	24.0 	0.0 	0.0 	0.0 	-0.0 	24.0 	0.0 	0.0 	0.0 	4.88501600315	-3.13288202086	159.777437094	-28.223982376	
7.63333333333	0.0	0.0	0.0 	0.0 	263.2 	24.0 	0.0 	0.0 	0.0 	-0.0 	24.0 	0.0 	0.0 	0.0 	4.88804148331	-3.13288202086	159.77672747	-28.3054466434	
7.65	0.0	0.0	0.0 	0.0 	263.6 	24.0 	0.0 	0.0 	0.0 	-0.0 	24.0 	0.0 	0.0 	0.0 	4.89104983291	-3.13288202086	159.77601741	-28.3869610481	
7.66666666667	0.0	0.0	0.0 	0.0 	264.0 	24.0 	0.0 	0.0 	0.0 	-0.0 	24.0 	0.0 	0.0 	0.0 	4.89404114892	-3.13288202086	159.775306916	-28.4685253061	
7.68333333333	0.0	0.0	0.0 	0.0 	264.4 	24.0 	0.0 	0.0 	0.0 	-0.0 	24.0 	0.0 	0.0 	0.0 	4.8970155278	-3.13288202086	159.77459599	-28.5501391353	
7.7	0.0	0.0	0.0 	0.0 	264.8 	24.0 	0.0 	0.0 	0.0 	-0.0 	24.0 	0.0 	0.0 	0.0 	4.89997306546	-3.13288202086	159.773884635	-28.6318022548	
7.71666666667	0.0	0.0	0.0 	0.0 	265.2 	24.0 	0.0 	0.0 	0.0 	-0.0 	24.0 	0.0 	0.0 	0.0 	4.90291385723	-3.13288202086	159.773172852	-28.7135143857	
7.73333333333	0.0	0.0	0.0 	0.0 	265.6 	24.0 	0.0 	0.0 	0.0 	-0.0 	24.0 	0.0 	0.0 	0.0 	4.90583799795	-3.13288202086	159.772460645	-28.7952752504	
7.75	0.0	0.0	0.0 	0.0 	266.0 	24.0 	0.0 	0.0 	0.0 	-0.0 	24.0 	0.0 	0.0 	0.0 	4.90874558189	-3.13288202086	159.771748016	-28.8770845731	
7.76666666667	0.0	0.0	0.0 	0.0 	266.4 	24.0 	0.0 	0.0 	0.0 	-0.0 	24.0 	0.0 	0.0 	0.0 	4.91163670279	-3.13288202086	159.771034968	-28.9589420792	
7.78333333333	0.0	0.0	0.0 	0.0 	266.8 	24.0 	0.0 	0.0 	0.0 	-0.0 	24.0 	0.0 	0.0 	0.0 	4.91451145388	-3.13288202086	159.770321502	-29.040847496	
7.8	0.0	0.0	0.0 	0.0 	267.2 	24.0 	0.0 	0.0 	0.0 	-0.0 	24.0 	0.0 	0.0 	0.0 	4.91736992784	-3.13288202086	159.769607621	-29.1228005523	
7.81666666667	0.0	0.0	0.0 	0.0 	267.6 	24.0 	0.0 	0.0 	0.0 	-0.0 	24.0 	0.0 	0.0 	0.0 	4.92021221683	-3.13288202086	159.768893327	-29.2048009783	
7.83333333333	0.0	0.0	0.0 	0.0 	268.0 	24.0 	0.0 	0.0 	0.0 	-0.0 	24.0 	0.0 	0.0 	0.0 	4.9230384125	-3.13288202086	159.768178623	-29.2868485057	
7.85	0.0	0.0	0.0 	0.0 	268.4 	24.0 	0.0 	0.0 	0.0 	-0.0 	24.0 	0.0 	0.0 	0.0 	4.92584860597	-3.13288202086	159.767463511	-29.3689428679	
7.86666666667	0.0	0.0	0.0 	0.0 	268.8 	24.0 	0.0 	0.0 	0.0 	-0.0 	24.0 	0.0 	0.0 	0.0 	4.92864288783	-3.13288202086	159.766747993	-29.4510837997	
7.88333333333	0.0	0.0	0.0 	0.0 	269.2 	24.0 	0.0 	0.0 	0.0 	-0.0 	24.0 	0.0 	0.0 	0.0 	4.93142134819	-3.13288202086	159.766032072	-29.5332710374	
7.9	0.0	0.0	0.0 	0.0 	269.6 	24.0 	0.0 	0.0 	0.0 	-0.0 	24.0 	0.0 	0.0 	0.0 	4.93418407663	-3.13288202086	159.76531575	-29.6155043189	
7.91666666667	0.0	0.0	0.0 	0.0 	270.0 	24.0 	0.0 	0.0 	0.0 	-0.0 	24.0 	0.0 	0.0 	0.0 	4.93693116222	-3.13288202086	159.76459903	-29.6977833833	
7.93333333333	0.0	0.0	0.0 	0.0 	270.4 	24.0 	0.0 	0.0 	0.0 	-0.0 	24.0 	0.0 	0.0 	0.0 	4.93966269354	-3.13288202086	159.763881912	-29.7801079716	
7.95	0.0	0.0	0.0 	0.0 	270.8 	24.0 	0.0 	0.0 	0.0 	-0.0 	24.0 	0.0 	0.0 	0.0 	4.94237875866	-3.13288202086	159.7631644	-29.8624778259	
7.96666666667	0.0	0.0	0.0 	0.0 	271.2 	24.0 	0.0 	0.0 	0.0 	-0.0 	24.0 	0.0 	0.0 	0.0 	4.94507944514	-3.13288202086	159.762446497	-29.9448926899	
7.98333333333	0.0	0.0	0.0 	0.0 	271.6 	24.0 	0.0 	0.0 	0.0 	-0.0 	24.0 	0.0 	0.0 	0.0 	4.94776484006	-3.13288202086	159.761728203	-30.0273523089	
8.0	0.0	0.0	0.0 	0.0 	272.0 	24.0 	0.0 	0.0 	0.0 	-0.0 	24.0 	0.0 	0.0 	0.0 	4.95043503001	-3.13288202086	159.761009522	-30.1098564293	
8.01666666667	0.0	0.0	0.0 	0.0 	272.4 	24.0 	0.0 	0.0 	0.0 	-0.0 	24.0 	0.0 	0.0 	0.0 	4.95309010107	-3.13288202086	159.760290455	-30.1924047992	
8.03333333333	0.0	0.0	0.0 	0.0 	272.8 	24.0 	0.0 	0.0 	0.0 	-0.0 	24.0 	0.0 	0.0 	0.0 	4.95573013885	-3.13288202086	159.759571005	-30.274997168	
8.05	0.0	0.0	0.0 	0.0 	273.2 	24.0 	0.0 	0.0 	0.0 	-0.0 	24.0 	0.0 	0.0 	0.0 	4.95835522848	-3.13288202086	159.758851174	-30.3576332867	
8.06666666667	0.0	0.0	0.0 	0.0 	273.6 	24.0 	0.0 	0.0 	0.0 	-0.0 	24.0 	0.0 	0.0 	0.0 	4.96096545458	-3.13288202086	159.758130964	-30.4403129075	
8.08333333333	0.0	0.0	0.0 	0.0 	274.0 	24.0 	0.0 	0.0 	0.0 	-0.0 	24.0 	0.0 	0.0 	0.0 	4.96356090132	-3.13288202086	159.757410377	-30.5230357842	
8.1	0.0	0.0	0.0 	0.0 	274.4 	24.0 	0.0 	0.0 	0.0 	-0.0 	24.0 	0.0 	0.0 	0.0 	4.96614165239	-3.13288202086	159.756689416	-30.6058016717	
8.11666666667	0.0	0.0	0.0 	0.0 	274.8 	24.0 	0.0 	0.0 	0.0 	-0.0 	24.0 	0.0 	0.0 	0.0 	4.96870779097	-3.13288202086	159.755968082	-30.6886103265	
8.13333333333	0.0	0.0	0.0 	0.0 	275.2 	24.0 	0.0 	0.0 	0.0 	-0.0 	24.0 	0.0 	0.0 	0.0 	4.97125939983	-3.13288202086	159.755246377	-30.7714615066	
8.15	0.0	0.0	0.0 	0.0 	275.6 	24.0 	0.0 	0.0 	0.0 	-0.0 	24.0 	0.0 	0.0 	0.0 	4.97379656122	-3.13288202086	159.754524304	-30.8543549711	
8.16666666667	0.0	0.0	0.0 	0.0 	276.0 	24.0 	0.0 	0.0 	0.0 	-0.0 	24.0 	0.0 	0.0 	0.0 	4.97631935694	-3.13288202086	159.753801865	-30.9372904805	
8.18333333333	0.0	0.0	0.0 	0.0 	276.4 	24.0 	0.0 	0.0 	0.0 	-0.0 	24.0 	0.0 	0.0 	0.0 	4.97882786835	-3.13288202086	159.753079062	-31.0202677969	
8.2	0.0	0.0	0.0 	0.0 	276.8 	24.0 	0.0 	0.0 	0.0 	-0.0 	24.0 	0.0 	0.0 	0.0 	4.98132217631	-3.13288202086	159.752355897	-31.1032866836	
8.21666666667	0.0	0.0	0.0 	0.0 	277.2 	24.0 	0.0 	0.0 	0.0 	-0.0 	24.0 	0.0 	0.0 	0.0 	4.98380236125	-3.13288202086	159.751632371	-31.1863469051	
8.23333333333	0.0	0.0	0.0 	0.0 	277.6 	24.0 	0.0 	0.0 	0.0 	-0.0 	24.0 	0.0 	0.0 	0.0 	4.98626850313	-3.13288202086	159.750908488	-31.2694482274	
8.25	0.0	0.0	0.0 	0.0 	278.0 	24.0 	0.0 	0.0 	0.0 	-0.0 	24.0 	0.0 	0.0 	0.0 	4.98872068147	-3.13288202086	159.750184249	-31.3525904177	
8.26666666667	0.0	0.0	0.0 	0.0 	278.4 	24.0 	0.0 	0.0 	0.0 	-0.0 	24.0 	0.0 	0.0 	0.0 	4.99115897532	-3.13288202086	159.749459655	-31.4357732448	
8.28333333333	0.0	0.0	0.0 	0.0 	278.8 	24.0 	0.0 	0.0 	0.0 	-0.0 	24.0 	0.0 	0.0 	0.0 	4.99358346332	-3.13288202086	159.74873471	-31.5189964785	
8.3	0.0	0.0	0.0 	0.0 	279.2 	24.0 	0.0 	0.0 	0.0 	-0.0 	24.0 	0.0 	0.0 	0.0 	4.99599422362	-3.13288202086	159.748009415	-31.60225989	
8.31666666667	0.0	0.0	0.0 	0.0 	279.6 	24.0 	0.0 	0.0 	0.0 	-0.0 	24.0 	0.0 	0.0 	0.0 	4.99839133395	-3.13288202086	159.747283771	-31.6855632518	
8.33333333333	0.0	0.0	0.0 	0.0 	280.0 	24.0 	0.0 	0.0 	0.0 	-0.0 	24.0 	0.0 	0.0 	0.0 	5.0007748716	-3.13288202086	159.746557782	-31.7689063377	
8.35	0.0	0.0	0.0 	0.0 	280.4 	24.0 	0.0 	0.0 	0.0 	-0.0 	24.0 	0.0 	0.0 	0.0 	5.00314491342	-3.13288202086	159.745831448	-31.8522889228	
8.36666666667	0.0	0.0	0.0 	0.0 	280.8 	24.0 	0.0 	0.0 	0.0 	-0.0 	24.0 	0.0 	0.0 	0.0 	5.00550153583	-3.13288202086	159.745104773	-31.9357107835	
8.38333333333	0.0	0.0	0.0 	0.0 	281.2 	24.0 	0.0 	0.0 	0.0 	-0.0 	24.0 	0.0 	0.0 	0.0 	5.00784481481	-3.13288202086	159.744377757	-32.0191716973	
8.4	0.0	0.0	0.0 	0.0 	281.6 	24.0 	0.0 	0.0 	0.0 	-0.0 	24.0 	0.0 	0.0 	0.0 	5.0101748259	-3.13288202086	159.743650403	-32.1026714432	
8.41666666667	0.0	0.0	0.0 	0.0 	282.0 	24.0 	0.0 	0.0 	0.0 	-0.0 	24.0 	0.0 	0.0 	0.0 	5.01249164424	-3.13288202086	159.742922713	-32.1862098013	
8.43333333333	0.0	0.0	0.0 	0.0 	282.4 	24.0 	0.0 	0.0 	0.0 	-0.0 	24.0 	0.0 	0.0 	0.0 	5.01479534452	-3.13288202086	159.742194688	-32.2697865529	
8.45	0.0	0.0	0.0 	0.0 	282.8 	24.0 	0.0 	0.0 	0.0 	-0.0 	24.0 	0.0 	0.0 	0.0 	5.01708600102	-3.13288202086	159.741466331	-32.3534014807	
8.46666666667	0.0	0.0	0.0 	0.0 	283.2 	24.0 	0.0 	0.0 	0.0 	-0.0 	24.0 	0.0 	0.0 	0.0 	5.01936368759	-3.13288202086	159.740737643	-32.4370543684	
8.48333333333	0.0	0.0	0.0 	0.0 	283.6 	24.0 	0.0 	0.0 	0.0 	-0.0 	24.0 	0.0 	0.0 	0.0 	5.02162847766	-3.13288202086	159.740008626	-32.5207450013	
8.5	0.0	0.0	0.0 	0.0 	284.0 	24.0 	0.0 	0.0 	0.0 	-0.0 	24.0 	0.0 	0.0 	0.0 	5.02388044427	-3.13288202086	159.739279282	-32.6044731655	
8.51666666667	0.0	0.0	0.0 	0.0 	284.4 	24.0 	0.0 	0.0 	0.0 	-0.0 	24.0 	0.0 	0.0 	0.0 	5.02611966002	-3.13288202086	159.738549613	-32.6882386485	
8.53333333333	0.0	0.0	0.0 	0.0 	284.8 	24.0 	0.0 	0.0 	0.0 	-0.0 	24.0 	0.0 	0.0 	0.0 	5.02834619711	-3.13288202086	159.737819621	-32.7720412391	
8.55	0.0	0.0	0.0 	0.0 	285.2 	24.0 	0.0 	0.0 	0.0 	-0.0 	24.0 	0.0 	0.0 	0.0 	5.03056012732	-3.13288202086	159.737089308	-32.8558807271	
8.56666666667	0.0	0.0	0.0 	0.0 	285.6 	24.0 	0.0 	0.0 	0.0 	-0.0 	24.0 	0.0 	0.0 	0.0 	5.03276152203	-3.13288202086	159.736358675	-32.9397569037	
8.58333333333	0.0	0.0	0.0 	0.0 	286.0 	24.0 	0.0 	0.0 	0.0 	-0.0 	24.0 	0.0 	0.0 	0.0 	5.03495045222	-3.13288202086	159.735627724	-33.023669561	
8.6	0.0	0.0	0.0 	0.0 	286.4 	24.0 	0.0 	0.0 	0.0 	-0.0 	24.0 	0.0 	0.0 	0.0 	5.03712698848	-3.13288202086	159.734896457	-33.1076184926	
8.61666666667	0.0	0.0	0.0 	0.0 	286.8 	24.0 	0.0 	0.0 	0.0 	-0.0 	24.0 	0.0 	0.0 	0.0 	5.03929120096	-3.13288202086	159.734164876	-33.191603493	
8.63333333333	0.0	0.0	0.0 	0.0 	287.2 	24.0 	0.0 	0.0 	0.0 	-0.0 	24.0 	0.0 	0.0 	0.0 	5.04144315946	-3.13288202086	159.733432983	-33.275624358	
8.65	0.0	0.0	0.0 	0.0 	287.6 	24.0 	0.0 	0.0 	0.0 	-0.0 	24.0 	0.0 	0.0 	0.0 	5.04358293335	-3.13288202086	159.732700779	-33.3596808845	
8.66666666667	0.0	0.0	0.0 	0.0 	288.0 	24.0 	0.0 	0.0 	0.0 	-0.0 	24.0 	0.0 	0.0 	0.0 	5.04571059163	-3.13288202086	159.731968266	-33.4437728707	
8.68333333333	0.0	0.0	0.0 	0.0 	288.4 	24.0 	0.0 	0.0 	0.0 	-0.0 	24.0 	0.0 	0.0 	0.0 	5.04782620289	-3.13288202086	159.731235446	-33.5279001157	
8.7	0.0	0.0	0.0 	0.0 	288.8 	24.0 	0.0 	0.0 	0.0 	-0.0 	24.0 	0.0 	0.0 	0.0 	5.04992983535	-3.13288202086	159.73050232	-33.61206242	
8.71666666667	0.0	0.0	0.0 	0.0 	289.2 	24.0 	0.0 	0.0 	0.0 	-0.0 	24.0 	0.0 	0.0 	0.0 	5.05202155683	-3.13288202086	159.729768891	-33.6962595849	
8.73333333333	0.0	0.0	0.0 	0.0 	289.6 	24.0 	0.0 	0.0 	0.0 	-0.0 	24.0 	0.0 	0.0 	0.0 	5.05410143477	-3.13288202086	159.72903516	-33.7804914132	
8.75	0.0	0.0	0.0 	0.0 	290.0 	24.0 	0.0 	0.0 	0.0 	-0.0 	24.0 	0.0 	0.0 	0.0 	5.05616953624	-3.13288202086	159.728301129	-33.8647577085	
8.76666666667	0.0	0.0	0.0 	0.0 	290.4 	24.0 	0.0 	0.0 	0.0 	-0.0 	24.0 	0.0 	0.0 	0.0 	5.0582259279	-3.13288202086	159.727566799	-33.9490582757	
8.78333333333	0.0	0.0	0.0 	0.0 	290.8 	24.0 	0.0 	0.0 	0.0 	-0.0 	24.0 	0.0 	0.0 	0.0 	5.06027067607	-3.13288202086	159.726832172	-34.0333929207	
8.8	0.0	0.0	0.0 	0.0 	291.2 	24.0 	0.0 	0.0 	0.0 	-0.0 	24.0 	0.0 	0.0 	0.0 	5.06230384668	-3.13288202086	159.72609725	-34.1177614507	
8.81666666667	0.0	0.0	0.0 	0.0 	291.6 	24.0 	0.0 	0.0 	0.0 	-0.0 	24.0 	0.0 	0.0 	0.0 	5.06432550526	-3.13288202086	159.725362035	-34.2021636737	
8.83333333333	0.0	0.0	0.0 	0.0 	292.0 	24.0 	0.0 	0.0 	0.0 	-0.0 	24.0 	0.0 	0.0 	0.0 	5.06633571701	-3.13288202086	159.724626528	-34.2865993989	
8.85	0.0	0.0	0.0 	0.0 	292.4 	24.0 	0.0 	0.0 	0.0 	-0.0 	24.0 	0.0 	0.0 	0.0 	5.06833454674	-3.13288202086	159.72389073	-34.3710684367	
8.86666666667	0.0	0.0	0.0 	0.0 	292.8 	24.0 	0.0 	0.0 	0.0 	-0.0 	24.0 	0.0 	0.0 	0.0 	5.0703220589	-3.13288202086	159.723154644	-34.4555705984	
8.88333333333	0.0	0.0	0.0 	0.0 	293.2 	24.0 	0.0 	0.0 	0.0 	-0.0 	24.0 	0.0 	0.0 	0.0 	5.07229831756	-3.13288202086	159.722418271	-34.5401056966	
8.9	0.0	0.0	0.0 	0.0 	293.6 	24.0 	0.0 	0.0 	0.0 	-0.0 	24.0 	0.0 	0.0 	0.0 	5.07426338645	-3.13288202086	159.721681613	-34.6246735446	
8.91666666667	0.0	0.0	0.0 	0.0 	294.0 	24.0 	0.0 	0.0 	0.0 	-0.0 	24.0 	0.0 	0.0 	0.0 	5.07621732892	-3.13288202086	159.720944672	-34.7092739571	
8.93333333333	0.0	0.0	0.0 	0.0 	294.4 	24.0 	0.0 	0.0 	0.0 	-0.0 	24.0 	0.0 	0.0 	0.0 	5.07816020797	-3.13288202086	159.720207448	-34.7939067497	
8.95	0.0	0.0	0.0 	0.0 	294.8 	24.0 	0.0 	0.0 	0.0 	-0.0 	24.0 	0.0 	0.0 	0.0 	5.08009208624	-3.13288202086	159.719469944	-34.8785717391	
8.96666666667	0.0	0.0	0.0 	0.0 	295.2 	24.0 	0.0 	0.0 	0.0 	-0.0 	24.0 	0.0 	0.0 	0.0 	5.08201302603	-3.13288202086	159.71873216	-34.9632687429	
8.98333333333	0.0	0.0	0.0 	0.0 	295.6 	24.0 	0.0 	0.0 	0.0 	-0.0 	24.0 	0.0 	0.0 	0.0 	5.08392308926	-3.13288202086	159.7179941	-35.0479975799	
9.0	0.0	0.0	0.0 	0.0 	296.0 	24.0 	0.0 	0.0 	0.0 	-0.0 	24.0 	0.0 	0.0 	0.0 	5.08582233752	-3.13288202086	159.717255764	-35.1327580698	
9.01666666667	0.0	0.0	0.0 	0.0 	296.4 	24.0 	0.0 	0.0 	0.0 	-0.0 	24.0 	0.0 	0.0 	0.0 	5.08771083205	-3.13288202086	159.716517153	-35.2175500334	
9.03333333333	0.0	0.0	0.0 	0.0 	296.8 	24.0 	0.0 	0.0 	0.0 	-0.0 	24.0 	0.0 	0.0 	0.0 	5.08958863373	-3.13288202086	159.71577827	-35.3023732925	
9.05	0.0	0.0	0.0 	0.0 	297.2 	24.0 	0.0 	0.0 	0.0 	-0.0 	24.0 	0.0 	0.0 	0.0 	5.09145580311	-3.13288202086	159.715039116	-35.38722767	
9.06666666667	0.0	0.0	0.0 	0.0 	297.6 	24.0 	0.0 	0.0 	0.0 	-0.0 	24.0 	0.0 	0.0 	0.0 	5.09331240039	-3.13288202086	159.714299693	-35.4721129896	
9.08333333333	0.0	0.0	0.0 	0.0 	298.0 	24.0 	0.0 	0.0 	0.0 	-0.0 	24.0 	0.0 	0.0 	0.0 	5.09515848543	-3.13288202086	159.713560001	-35.557029076	
9.1	0.0	0.0	0.0 	0.0 	298.4 	24.0 	0.0 	0.0 	0.0 	-0.0 	24.0 	0.0 	0.0 	0.0 	5.09699411775	-3.13288202086	159.712820043	-35.6419757552	
9.11666666667	0.0	0.0	0.0 	0.0 	298.8 	24.0 	0.0 	0.0 	0.0 	-0.0 	24.0 	0.0 	0.0 	0.0 	5.09881935653	-3.13288202086	159.71207982	-35.7269528539	
9.13333333333	0.0	0.0	0.0 	0.0 	299.2 	24.0 	0.0 	0.0 	0.0 	-0.0 	24.0 	0.0 	0.0 	0.0 	5.10063426063	-3.13288202086	159.711339334	-35.8119601998	
9.15	0.0	0.0	0.0 	0.0 	299.6 	24.0 	0.0 	0.0 	0.0 	-0.0 	24.0 	0.0 	0.0 	0.0 	5.10243888856	-3.13288202086	159.710598585	-35.8969976218	
9.16666666667	0.0	0.0	0.0 	0.0 	300.0 	24.0 	0.0 	0.0 	0.0 	-0.0 	24.0 	0.0 	0.0 	0.0 	5.10423329851	-3.13288202086	159.709857576	-35.9820649494	
9.18333333333	0.0	0.0	0.0 	0.0 	300.4 	24.0 	0.0 	0.0 	0.0 	-0.0 	24.0 	0.0 	0.0 	0.0 	5.10601754833	-3.13288202086	159.709116308	-36.0671620134	
9.2	0.0	0.0	0.0 	0.0 	300.8 	24.0 	0.0 	0.0 	0.0 	-0.0 	24.0 	0.0 	0.0 	0.0 	5.10779169554	-3.13288202086	159.708374783	-36.1522886454	
9.21666666667	0.0	0.0	0.0 	0.0 	301.2 	24.0 	0.0 	0.0 	0.0 	-0.0 	24.0 	0.0 	0.0 	0.0 	5.10955579736	-3.13288202086	159.707633001	-36.237444678	
9.23333333333	0.0	0.0	0.0 	0.0 	301.6 	24.0 	0.0 	0.0 	0.0 	-0.0 	24.0 	0.0 	0.0 	0.0 	5.11130991065	-3.13288202086	159.706890965	-36.3226299446	
9.25	0.0	0.0	0.0 	0.0 	302.0 	24.0 	0.0 	0.0 	0.0 	-0.0 	24.0 	0.0 	0.0 	0.0 	5.11305409198	-3.13288202086	159.706148675	-36.4078442799	
9.26666666667	0.0	0.0	0.0 	0.0 	302.4 	24.0 	0.0 	0.0 	0.0 	-0.0 	24.0 	0.0 	0.0 	0.0 	5.11478839758	-3.13288202086	159.705406134	-36.4930875192	
9.28333333333	0.0	0.0	0.0 	0.0 	302.8 	24.0 	0.0 	0.0 	0.0 	-0.0 	24.0 	0.0 	0.0 	0.0 	5.11651288336	-3.13288202086	159.704663342	-36.5783594988	
9.3	0.0	0.0	0.0 	0.0 	303.2 	24.0 	0.0 	0.0 	0.0 	-0.0 	24.0 	0.0 	0.0 	0.0 	5.11822760493	-3.13288202086	159.703920302	-36.663660056	
9.31666666667	0.0	0.0	0.0 	0.0 	303.6 	24.0 	0.0 	0.0 	0.0 	-0.0 	24.0 	0.0 	0.0 	0.0 	5.11993261758	-3.13288202086	159.703177013	-36.748989029	
9.33333333333	0.0	0.0	0.0 	0.0 	304.0 	24.0 	0.0 	0.0 	0.0 	-0.0 	24.0 	0.0 	0.0 	0.0 	5.12162797628	-3.13288202086	159.702433479	-36.834346257	
9.35	0.0	0.0	0.0 	0.0 	304.4 	24.0 	0.0 	0.0 	0.0 	-0.0 	24.0 	0.0 	0.0 	0.0 	5.12331373568	-3.13288202086	159.7016897	-36.9197315798	
9.36666666667	0.0	0.0	0.0 	0.0 	304.8 	24.0 	0.0 	0.0 	0.0 	-0.0 	24.0 	0.0 	0.0 	0.0 	5.12498995015	-3.13288202086	159.700945678	-37.0051448385	
9.38333333333	0.0	0.0	0.0 	0.0 	305.2 	24.0 	0.0 	0.0 	0.0 	-0.0 	24.0 	0.0 	0.0 	0.0 	5.12665667372	-3.13288202086	159.700201413	-37.0905858749	
9.4	0.0	0.0	0.0 	0.0 	305.6 	24.0 	0.0 	0.0 	0.0 	-0.0 	24.0 	0.0 	0.0 	0.0 	5.12831396013	-3.13288202086	159.699456909	-37.1760545316	
9.41666666667	0.0	0.0	0.0 	0.0 	306.0 	24.0 	0.0 	0.0 	0.0 	-0.0 	24.0 	0.0 	0.0 	0.0 	5.12996186282	-3.13288202086	159.698712164	-37.2615506524	
9.43333333333	0.0	0.0	0.0 	0.0 	306.4 	24.0 	0.0 	0.0 	0.0 	-0.0 	24.0 	0.0 	0.0 	0.0 	5.13160043492	-3.13288202086	159.697967182	-37.3470740817	
9.45	0.0	0.0	0.0 	0.0 	306.8 	24.0 	0.0 	0.0 	0.0 	-0.0 	24.0 	0.0 	0.0 	0.0 	5.13322972926	-3.13288202086	159.697221964	-37.4326246648	
9.46666666667	0.0	0.0	0.0 	0.0 	307.2 	24.0 	0.0 	0.0 	0.0 	-0.0 	24.0 	0.0 	0.0 	0.0 	5.13484979838	-3.13288202086	159.69647651	-37.5182022481	
9.48333333333	0.0	0.0	0.0 	0.0 	307.6 	24.0 	0.0 	0.0 	0.0 	-0.0 	24.0 	0.0 	0.0 	0.0 	5.13646069449	-3.13288202086	159.695730822	-37.6038066786	
9.5	0.0	0.0	0.0 	0.0 	308.0 	24.0 	0.0 	0.0 	0.0 	-0.0 	24.0 	0.0 	0.0 	0.0 	5.13806246956	-3.13288202086	159.694984902	-37.6894378043	
9.51666666667	0.0	0.0	0.0 	0.0 	308.4 	24.0 	0.0 	0.0 	0.0 	-0.0 	24.0 	0.0 	0.0 	0.0 	5.13965517521	-3.13288202086	159.694238751	-37.7750954742	
9.53333333333	0.0	0.0	0.0 	0.0 	308.8 	24.0 	0.0 	0.0 	0.0 	-0.0 	24.0 	0.0 	0.0 	0.0 	5.1412388628	-3.13288202086	159.69349237	-37.8607795378	
9.55	0.0	0.0	0.0 	0.0 	309.2 	24.0 	0.0 	0.0 	0.0 	-0.0 	24.0 	0.0 	0.0 	0.0 	5.1428135834	-3.13288202086	159.69274576	-37.9464898458	
9.56666666667	0.0	0.0	0.0 	0.0 	309.6 	24.0 	0.0 	0.0 	0.0 	-0.0 	24.0 	0.0 	0.0 	0.0 	5.14437938776	-3.13288202086	159.691998923	-38.0322262495	
9.58333333333	0.0	0.0	0.0 	0.0 	310.0 	24.0 	0.0 	0.0 	0.0 	-0.0 	24.0 	0.0 	0.0 	0.0 	5.14593632639	-3.13288202086	159.691251859	-38.1179886012	
9.6	0.0	0.0	0.0 	0.0 	310.4 	24.0 	0.0 	0.0 	0.0 	-0.0 	24.0 	0.0 	0.0 	0.0 	5.14748444947	-3.13288202086	159.690504571	-38.203776754	
9.61666666667	0.0	0.0	0.0 	0.0 	310.8 	24.0 	0.0 	0.0 	0.0 	-0.0 	24.0 	0.0 	0.0 	0.0 	5.14902380693	-3.13288202086	159.68975706	-38.2895905618	
9.63333333333	0.0	0.0	0.0 	0.0 	311.2 	24.0 	0.0 	0.0 	0.0 	-0.0 	24.0 	0.0 	0.0 	0.0 	5.15055444839	-3.13288202086	159.689009326	-38.3754298793	
9.65	0.0	0.0	0.0 	0.0 	311.6 	24.0 	0.0 	0.0 	0.0 	-0.0 	24.0 	0.0 	0.0 	0.0 	5.1520764232	-3.13288202086	159.688261372	-38.4612945621	
9.66666666667	0.0	0.0	0.0 	0.0 	312.0 	24.0 	0.0 	0.0 	0.0 	-0.0 	24.0 	0.0 	0.0 	0.0 	5.15358978044	-3.13288202086	159.687513197	-38.5471844666	
9.68333333333	0.0	0.0	0.0 	0.0 	312.4 	24.0 	0.0 	0.0 	0.0 	-0.0 	24.0 	0.0 	0.0 	0.0 	5.1550945689	-3.13288202086	159.686764804	-38.6330994499	
9.7	0.0	0.0	0.0 	0.0 	312.8 	24.0 	0.0 	0.0 	0.0 	-0.0 	24.0 	0.0 	0.0 	0.0 	5.15659083709	-3.13288202086	159.686016194	-38.71903937	
9.71666666667	0.0	0.0	0.0 	0.0 	313.2 	24.0 	0.0 	0.0 	0.0 	-0.0 	24.0 	0.0 	0.0 	0.0 	5.15807863326	-3.13288202086	159.685267368	-38.8050040858	
9.73333333333	0.0	0.0	0.0 	0.0 	313.6 	24.0 	0.0 	0.0 	0.0 	-0.0 	24.0 	0.0 	0.0 	0.0 	5.15955800539	-3.13288202086	159.684518328	-38.8909934569	
9.75	0.0	0.0	0.0 	0.0 	314.0 	24.0 	0.0 	0.0 	0.0 	-0.0 	24.0 	0.0 	0.0 	0.0 	5.16102900115	-3.13288202086	159.683769073	-38.9770073437	
9.76666666667	0.0	0.0	0.0 	0.0 	314.4 	24.0 	0.0 	0.0 	0.0 	-0.0 	24.0 	0.0 	0.0 	0.0 	5.162491668	-3.13288202086	159.683019607	-39.0630456073	
9.78333333333	0.0	0.0	0.0 	0.0 	314.8 	24.0 	0.0 	0.0 	0.0 	-0.0 	24.0 	0.0 	0.0 	0.0 	5.16394605307	-3.13288202086	159.682269929	-39.1491081098	
9.8	0.0	0.0	0.0 	0.0 	315.2 	24.0 	0.0 	0.0 	0.0 	-0.0 	24.0 	0.0 	0.0 	0.0 	5.16539220328	-3.13288202086	159.681520041	-39.2351947138	
9.81666666667	0.0	0.0	0.0 	0.0 	315.6 	24.0 	0.0 	0.0 	0.0 	-0.0 	24.0 	0.0 	0.0 	0.0 	5.16683016523	-3.13288202086	159.680769945	-39.321305283	
9.83333333333	0.0	0.0	0.0 	0.0 	316.0 	24.0 	0.0 	0.0 	0.0 	-0.0 	24.0 	0.0 	0.0 	0.0 	5.1682599853	-3.13288202086	159.68001964	-39.4074396815	
9.85	0.0	0.0	0.0 	0.0 	316.4 	24.0 	0.0 	0.0 	0.0 	-0.0 	24.0 	0.0 	0.0 	0.0 	5.16968170958	-3.13288202086	159.67926913	-39.4935977746	
9.86666666667	0.0	0.0	0.0 	0.0 	316.8 	24.0 	0.0 	0.0 	0.0 	-0.0 	24.0 	0.0 	0.0 	0.0 	5.17109538392	-3.13288202086	159.678518414	-39.5797794281	
9.88333333333	0.0	0.0	0.0 	0.0 	317.2 	24.0 	0.0 	0.0 	0.0 	-0.0 	24.0 	0.0 	0.0 	0.0 	5.17250105389	-3.13288202086	159.677767494	-39.6659845085	
9.9	0.0	0.0	0.0 	0.0 	317.6 	24.0 	0.0 	0.0 	0.0 	-0.0 	24.0 	0.0 	0.0 	0.0 	5.17389876482	-3.13288202086	159.677016372	-39.7522128831	
9.91666666667	0.0	0.0	0.0 	0.0 	318.0 	24.0 	0.0 	0.0 	0.0 	-0.0 	24.0 	0.0 	0.0 	0.0 	5.17528856177	-3.13288202086	159.676265047	-39.8384644202	
9.93333333333	0.0	0.0	0.0 	0.0 	318.4 	24.0 	0.0 	0.0 	0.0 	-0.0 	24.0 	0.0 	0.0 	0.0 	5.17667048955	-3.13288202086	159.675513522	-39.9247389886	
9.95	0.0	0.0	0.0 	0.0 	318.8 	24.0 	0.0 	0.0 	0.0 	-0.0 	24.0 	0.0 	0.0 	0.0 	5.17804459271	-3.13288202086	159.674761798	-40.0110364578	
9.96666666667	0.0	0.0	0.0 	0.0 	319.2 	24.0 	0.0 	0.0 	0.0 	-0.0 	24.0 	0.0 	0.0 	0.0 	5.17941091557	-3.13288202086	159.674009875	-40.0973566981	
9.98333333333	0.0	0.0	0.0 	0.0 	319.6 	24.0 	0.0 	0.0 	0.0 	-0.0 	24.0 	0.0 	0.0 	0.0 	5.18076950216	-3.13288202086	159.673257755	-40.1836995808	
