0.0166666666667	0.0	0.0	0.0 	0.0 	40.2 	12.0 	0.0 	0.0 	0.0 	0.0 	12.0 	0.0 	0.0 	0.0 	0.0	-1.57	120.0	-5.67741935484	
0.0333333333333	0.0	0.0	0.0 	0.0 	40.4 	12.0 	0.0 	0.0 	0.0 	-0.0 	12.0 	0.0 	0.0 	0.0 	0.0	-1.57	120.0	-5.67741935484	
0.05	0.0	0.0	0.0 	0.0 	40.6 	12.0 	0.0 	0.0 	0.0 	-0.0 	12.0 	0.0 	0.0 	0.0 	0.0	-1.57	120.0	-5.67741935484	
0.0666666666667	0.0	0.0	0.0 	0.0 	40.8 	12.0 	0.0 	0.0 	0.0 	-0.0 	12.0 	0.0 	0.0 	0.0 	0.0	-1.57	120.0	-5.67741935484	
0.0833333333333	0.0	0.0	0.0 	0.0 	41.0 	12.0 	0.0 	0.0 	0.0 	-0.0 	12.0 	0.0 	0.0 	0.0 	0.0	-1.57	120.0	-5.67741935484	
0.1	0.0	0.0	0.0 	0.0 	41.2 	12.0 	0.0 	0.0 	0.0 	-0.0 	12.0 	0.0 	0.0 	0.0 	0.0	-1.57	120.0	-5.67741935484	
0.116666666667	0.0	0.0	0.0 	0.0 	41.4 	12.0 	0.0 	0.0 	0.0 	-0.0 	12.0 	0.0 	0.0 	0.0 	0.0	-1.57	120.0	-5.67741935484	
0.133333333333	0.0	0.0	0.0 	0.0 	41.6 	12.0 	0.0 	0.0 	0.0 	-0.0 	12.0 	0.0 	0.0 	0.0 	0.0	-1.57	120.0	-5.67741935484	
0.15	0.0	0.0	0.0 	0.0 	41.8 	12.0 	0.0 	0.0 	0.0 	-0.0 	12.0 	0.0 	0.0 	0.0 	0.0	-1.57	120.0	-5.67741935484	
0.166666666667	0.0	0.0	0.0 	0.0 	42.0 	12.0 	0.0 	0.0 	0.0 	-0.0 	12.0 	0.0 	0.0 	0.0 	0.0	-1.57	120.0	-5.67741935484	
0.183333333333	0.0	0.0	0.0 	0.0 	42.2 	12.0 	0.0 	0.0 	0.0 	-0.0 	12.0 	0.0 	0.0 	0.0 	0.0	-1.57	120.0	-5.67741935484	
0.2	0.0	0.0	0.0 	0.0 	42.4 	12.0 	0.0 	0.0 	0.0 	-0.0 	12.0 	0.0 	0.0 	0.0 	0.0	-1.57	120.0	-5.67741935484	
0.216666666667	0.0	0.0	0.0 	0.0 	42.6 	12.0 	0.0 	0.0 	0.0 	-0.0 	12.0 	0.0 	0.0 	0.0 	0.0	-1.57	120.0	-5.67741935484	
0.233333333333	0.0	0.0	0.0 	0.0 	42.8 	12.0 	0.0 	0.0 	0.0 	-0.0 	12.0 	0.0 	0.0 	0.0 	0.0	-1.57	120.0	-5.67741935484	
0.25	0.0	0.0	0.0 	0.0 	43.0 	12.0 	0.0 	0.0 	0.0 	-0.0 	12.0 	0.0 	0.0 	0.0 	0.0	-1.57	120.0	-5.67741935484	
0.266666666667	0.0	0.0	0.0 	0.0 	43.2 	12.0 	0.0 	0.0 	0.0 	-0.0 	12.0 	0.0 	0.0 	0.0 	0.0	-1.57	120.0	-5.67741935484	
0.283333333333	0.0	0.0	0.0 	0.0 	43.4 	12.0 	0.0 	0.0 	0.0 	-0.0 	12.0 	0.0 	0.0 	0.0 	0.0	-1.57	120.0	-5.67741935484	
0.3	0.0	0.0	0.0 	0.0 	43.6 	12.0 	0.0 	0.0 	0.0 	-0.0 	12.0 	0.0 	0.0 	0.0 	0.0	-1.57	120.0	-5.67741935484	
0.316666666667	0.0	0.0	0.0 	0.0 	43.8 	12.0 	0.0 	0.0 	0.0 	-0.0 	12.0 	0.0 	0.0 	0.0 	0.0	-1.57	120.0	-5.67741935484	
0.333333333333	0.0	0.0	0.0 	0.0 	44.0 	12.0 	0.0 	0.0 	0.0 	-0.0 	12.0 	0.0 	0.0 	0.0 	0.0	-1.57	120.0	-5.67741935484	
0.35	0.0	0.0	0.0 	0.0 	44.2 	12.0 	0.0 	0.0 	0.0 	-0.0 	12.0 	0.0 	0.0 	0.0 	0.0	-1.57	120.0	-5.67741935484	
0.366666666667	0.0	0.0	0.0 	0.0 	44.4 	12.0 	0.0 	0.0 	0.0 	-0.0 	12.0 	0.0 	0.0 	0.0 	0.0	-1.57	120.0	-5.67741935484	
0.383333333333	0.0	0.0	0.0 	0.0 	44.6 	12.0 	0.0 	0.0 	0.0 	-0.0 	12.0 	0.0 	0.0 	0.0 	0.0	-1.57	120.0	-5.67741935484	
0.4	0.0	0.0	0.0 	0.0 	44.8 	12.0 	0.0 	0.0 	0.0 	-0.0 	12.0 	0.0 	0.0 	0.0 	0.0	-1.57	120.0	-5.67741935484	
0.416666666667	0.0	0.0	0.0 	0.0 	45.0 	12.0 	0.0 	0.0 	0.0 	-0.0 	12.0 	0.0 	0.0 	0.0 	0.0	-1.57	120.0	-5.67741935484	
0.433333333333	0.0	0.0	0.0 	0.0 	45.2 	12.0 	0.0 	0.0 	0.0 	-0.0 	12.0 	0.0 	0.0 	0.0 	0.0	-1.57	120.0	-5.67741935484	
0.45	0.0	0.0	0.0 	0.0 	45.4 	12.0 	0.0 	0.0 	0.0 	-0.0 	12.0 	0.0 	0.0 	0.0 	0.0	-1.57	120.0	-5.67741935484	
0.466666666667	0.0	0.0	0.0 	0.0 	45.6 	12.0 	0.0 	0.0 	0.0 	-0.0 	12.0 	0.0 	0.0 	0.0 	0.0	-1.57	120.0	-5.67741935484	
0.483333333333	0.0	0.0	0.0 	0.0 	45.8 	12.0 	0.0 	0.0 	0.0 	-0.0 	12.0 	0.0 	0.0 	0.0 	0.0	-1.57	120.0	-5.67741935484	
0.5	0.0	0.0	0.0 	0.0 	46.0 	12.0 	0.0 	0.0 	0.0 	-0.0 	12.0 	0.0 	0.0 	0.0 	0.0	-1.57	120.0	-5.67741935484	
0.516666666667	0.0	0.0	0.0 	0.0 	46.2 	12.0 	0.0 	0.0 	0.0 	-0.0 	12.0 	0.0 	0.0 	0.0 	0.0	-1.57	120.0	-5.67741935484	
0.533333333333	0.0	0.0	0.0 	0.0 	46.4 	12.0 	0.0 	0.0 	0.0 	-0.0 	12.0 	0.0 	0.0 	0.0 	0.0	-1.57	120.0	-5.67741935484	
0.55	0.0	0.0	0.0 	0.0 	46.6 	12.0 	0.0 	0.0 	0.0 	-0.0 	12.0 	0.0 	0.0 	0.0 	0.0	-1.57	120.0	-5.67741935484	
0.566666666667	0.0	0.0	0.0 	0.0 	46.8 	12.0 	0.0 	0.0 	0.0 	-0.0 	12.0 	0.0 	0.0 	0.0 	0.0	-1.57	120.0	-5.67741935484	
0.583333333333	0.0	0.0	0.0 	0.0 	47.0 	12.0 	0.0 	0.0 	0.0 	-0.0 	12.0 	0.0 	0.0 	0.0 	0.0	-1.57	120.0	-5.67741935484	
0.6	0.0	0.0	0.0 	0.0 	47.2 	12.0 	0.0 	0.0 	0.0 	-0.0 	12.0 	0.0 	0.0 	0.0 	0.0	-1.57	120.0	-5.67741935484	
0.616666666667	0.0	0.0	0.0 	0.0 	47.4 	12.0 	0.0 	0.0 	0.0 	-0.0 	12.0 	0.0 	0.0 	0.0 	0.0	-1.57	120.0	-5.67741935484	
0.633333333333	0.0	0.0	0.0 	0.0 	47.6 	12.0 	0.0 	0.0 	0.0 	-0.0 	12.0 	0.0 	0.0 	0.0 	0.0	-1.57	120.0	-5.67741935484	
0.65	0.0	0.0	0.0 	0.0 	47.8 	12.0 	0.0 	0.0 	0.0 	-0.0 	12.0 	0.0 	0.0 	0.0 	0.0	-1.57	120.0	-5.67741935484	
0.666666666667	0.0	0.0	0.0 	0.0 	48.0 	12.0 	0.0 	0.0 	0.0 	-0.0 	12.0 	0.0 	0.0 	0.0 	0.0	-1.57	120.0	-5.67741935484	
0.683333333333	0.0	0.0	0.0 	0.0 	48.2 	12.0 	0.0 	0.0 	0.0 	-0.0 	12.0 	0.0 	0.0 	0.0 	0.0	-1.57	120.0	-5.67741935484	
0.7	0.0	0.0	0.0 	0.0 	48.4 	12.0 	0.0 	0.0 	0.0 	-0.0 	12.0 	0.0 	0.0 	0.0 	0.0	-1.57	120.0	-5.67741935484	
0.716666666667	0.0	0.0	0.0 	0.0 	48.6 	12.0 	0.0 	0.0 	0.0 	-0.0 	12.0 	0.0 	0.0 	0.0 	0.0	-1.57	120.0	-5.67741935484	
0.733333333333	0.0	0.0	0.0 	0.0 	48.8 	12.0 	0.0 	0.0 	0.0 	-0.0 	12.0 	0.0 	0.0 	0.0 	0.0	-1.57	120.0	-5.67741935484	
0.75	0.0	0.0	0.0 	0.0 	49.0 	12.0 	0.0 	0.0 	0.0 	-0.0 	12.0 	0.0 	0.0 	0.0 	0.0	-1.57	120.0	-5.67741935484	
0.766666666667	0.0	0.0	0.0 	0.0 	49.2 	12.0 	0.0 	0.0 	0.0 	-0.0 	12.0 	0.0 	0.0 	0.0 	0.0	-1.57	120.0	-5.67741935484	
0.783333333333	0.0	0.0	0.0 	0.0 	49.4 	12.0 	0.0 	0.0 	0.0 	-0.0 	12.0 	0.0 	0.0 	0.0 	0.0	-1.57	120.0	-5.67741935484	
0.8	0.0	0.0	0.0 	0.0 	49.6 	12.0 	0.0 	0.0 	0.0 	-0.0 	12.0 	0.0 	0.0 	0.0 	0.0	-1.57	120.0	-5.67741935484	
0.816666666667	0.0	0.0	0.0 	0.0 	49.8 	12.0 	0.0 	0.0 	0.0 	-0.0 	12.0 	0.0 	0.0 	0.0 	0.0	-1.57	120.0	-5.67741935484	
0.833333333333	0.0	0.0	0.0 	0.0 	50.0 	12.0 	0.0 	0.0 	0.0 	-0.0 	12.0 	0.0 	0.0 	0.0 	0.0	-1.57	120.0	-5.67741935484	
0.85	0.0	0.0	0.0 	0.0 	50.2 	12.0 	0.0 	0.0 	0.0 	-0.0 	12.0 	0.0 	0.0 	0.0 	0.0	-1.57	120.0	-5.67741935484	
0.866666666667	0.0	0.0	0.0 	0.0 	50.4 	12.0 	0.0 	0.0 	0.0 	-0.0 	12.0 	0.0 	0.0 	0.0 	0.0	-1.57	120.0	-5.67741935484	
0.883333333333	0.0	0.0	0.0 	0.0 	50.6 	12.0 	0.0 	0.0 	0.0 	-0.0 	12.0 	0.0 	0.0 	0.0 	0.0	-1.57	120.0	-5.67741935484	
0.9	0.0	0.0	0.0 	0.0 	50.8 	12.0 	0.0 	0.0 	0.0 	-0.0 	12.0 	0.0 	0.0 	0.0 	0.0	-1.57	120.0	-5.67741935484	
0.916666666667	0.0	0.0	0.0 	0.0 	51.0 	12.0 	0.0 	0.0 	0.0 	-0.0 	12.0 	0.0 	0.0 	0.0 	0.0	-1.57	120.0	-5.67741935484	
0.933333333333	0.0	0.0	0.0 	0.0 	51.2 	12.0 	0.0 	0.0 	0.0 	-0.0 	12.0 	0.0 	0.0 	0.0 	0.0	-1.57	120.0	-5.67741935484	
0.95	0.0	0.0	0.0 	0.0 	51.4 	12.0 	0.0 	0.0 	0.0 	-0.0 	12.0 	0.0 	0.0 	0.0 	0.0	-1.57	120.0	-5.67741935484	
0.966666666667	0.0	0.0	0.0 	0.0 	51.6 	12.0 	0.0 	0.0 	0.0 	-0.0 	12.0 	0.0 	0.0 	0.0 	0.0	-1.57	120.0	-5.67741935484	
0.983333333333	0.0	0.0	0.0 	0.0 	51.8 	12.0 	0.0 	0.0 	0.0 	-0.0 	12.0 	0.0 	0.0 	0.0 	0.0	-1.57	120.0	-5.67741935484	
1.0	0.0	0.0	0.0 	0.0 	52.0 	12.0 	0.0 	0.0 	0.0 	-0.0 	12.0 	0.0 	0.0 	0.0 	0.0	-1.57	120.0	-5.67741935484	
1.01666666667	0.0	0.0	0.0 	0.0 	52.2 	12.0 	0.0 	0.0 	0.0 	-0.0 	12.0 	0.0 	0.0 	0.0 	0.0	-1.57	120.0	-5.67741935484	
1.03333333333	0.0	0.0	0.0 	0.0 	52.4 	12.0 	0.0 	0.0 	0.0 	-0.0 	12.0 	0.0 	0.0 	0.0 	0.0	-1.57	120.0	-5.67741935484	
1.05	0.0	0.0	0.0 	0.0 	52.6 	12.0 	0.0 	0.0 	0.0 	-0.0 	12.0 	0.0 	0.0 	0.0 	0.0	-1.57	120.0	-5.67741935484	
1.06666666667	0.0	0.0	0.0 	0.0 	52.8 	12.0 	0.0 	0.0 	0.0 	-0.0 	12.0 	0.0 	0.0 	0.0 	0.0	-1.57	120.0	-5.67741935484	
1.08333333333	0.0	0.0	0.0 	0.0 	53.0 	12.0 	0.0 	0.0 	0.0 	-0.0 	12.0 	0.0 	0.0 	0.0 	0.0	-1.57	120.0	-5.67741935484	
1.1	0.0	0.0	0.0 	0.0 	53.2 	12.0 	0.0 	0.0 	0.0 	-0.0 	12.0 	0.0 	0.0 	0.0 	0.0	-1.57	120.0	-5.67741935484	
1.11666666667	0.0	0.0	0.0 	0.0 	53.4 	12.0 	0.0 	0.0 	0.0 	-0.0 	12.0 	0.0 	0.0 	0.0 	0.0	-1.57	120.0	-5.67741935484	
1.13333333333	0.0	0.0	0.0 	0.0 	53.6 	12.0 	0.0 	0.0 	0.0 	-0.0 	12.0 	0.0 	0.0 	0.0 	0.0	-1.57	120.0	-5.67741935484	
1.15	0.0	0.0	0.0 	0.0 	53.8 	12.0 	0.0 	0.0 	0.0 	-0.0 	12.0 	0.0 	0.0 	0.0 	0.0	-1.57	120.0	-5.67741935484	
1.16666666667	0.0	0.0	0.0 	0.0 	54.0 	12.0 	0.0 	0.0 	0.0 	-0.0 	12.0 	0.0 	0.0 	0.0 	0.0	-1.57	120.0	-5.67741935484	
1.18333333333	0.0	0.0	0.0 	0.0 	54.2 	12.0 	0.0 	0.0 	0.0 	-0.0 	12.0 	0.0 	0.0 	0.0 	0.0	-1.57	120.0	-5.67741935484	
1.2	0.0	0.0	0.0 	0.0 	54.4 	12.0 	0.0 	0.0 	0.0 	-0.0 	12.0 	0.0 	0.0 	0.0 	0.0	-1.57	120.0	-5.67741935484	
1.21666666667	0.0	0.0	0.0 	0.0 	54.6 	12.0 	0.0 	0.0 	0.0 	-0.0 	12.0 	0.0 	0.0 	0.0 	0.0	-1.57	120.0	-5.67741935484	
1.23333333333	0.0	0.0	0.0 	0.0 	54.8 	12.0 	0.0 	0.0 	0.0 	-0.0 	12.0 	0.0 	0.0 	0.0 	0.0	-1.57	120.0	-5.67741935484	
1.25	0.0	0.0	0.0 	0.0 	55.0 	12.0 	0.0 	0.0 	0.0 	-0.0 	12.0 	0.0 	0.0 	0.0 	0.0	-1.57	120.0	-5.67741935484	
1.26666666667	0.0	0.0	0.0 	0.0 	55.2 	12.0 	0.0 	0.0 	0.0 	-0.0 	12.0 	0.0 	0.0 	0.0 	0.0	-1.57	120.0	-5.67741935484	
1.28333333333	0.0	0.0	0.0 	0.0 	55.4 	12.0 	0.0 	0.0 	0.0 	-0.0 	12.0 	0.0 	0.0 	0.0 	0.0	-1.57	120.0	-5.67741935484	
1.3	0.0	0.0	0.0 	0.0 	55.6 	12.0 	0.0 	0.0 	0.0 	-0.0 	12.0 	0.0 	0.0 	0.0 	0.0	-1.57	120.0	-5.67741935484	
1.31666666667	0.0	0.0	0.0 	0.0 	55.8 	12.0 	0.0 	0.0 	0.0 	-0.0 	12.0 	0.0 	0.0 	0.0 	0.0	-1.57	120.0	-5.67741935484	
1.33333333333	0.0	0.0	0.0 	0.0 	56.0 	12.0 	0.0 	0.0 	0.0 	-0.0 	12.0 	0.0 	0.0 	0.0 	0.0	-1.57	120.0	-5.67741935484	
1.35	0.0	0.0	0.0 	0.0 	56.2 	12.0 	0.0 	0.0 	0.0 	-0.0 	12.0 	0.0 	0.0 	0.0 	0.0	-1.57	120.0	-5.67741935484	
1.36666666667	0.0	0.0	0.0 	0.0 	56.4 	12.0 	0.0 	0.0 	0.0 	-0.0 	12.0 	0.0 	0.0 	0.0 	0.0	-1.57	120.0	-5.67741935484	
1.38333333333	0.0	0.0	0.0 	0.0 	56.6 	12.0 	0.0 	0.0 	0.0 	-0.0 	12.0 	0.0 	0.0 	0.0 	0.0	-1.57	120.0	-5.67741935484	
1.4	0.0	0.0	0.0 	0.0 	56.8 	12.0 	0.0 	0.0 	0.0 	-0.0 	12.0 	0.0 	0.0 	0.0 	0.0	-1.57	120.0	-5.67741935484	
1.41666666667	0.0	0.0	0.0 	0.0 	57.0 	12.0 	0.0 	0.0 	0.0 	-0.0 	12.0 	0.0 	0.0 	0.0 	0.0	-1.57	120.0	-5.67741935484	
1.43333333333	0.0	0.0	0.0 	0.0 	57.2 	12.0 	0.0 	0.0 	0.0 	-0.0 	12.0 	0.0 	0.0 	0.0 	0.0	-1.57	120.0	-5.67741935484	
1.45	0.0	0.0	0.0 	0.0 	57.4 	12.0 	0.0 	0.0 	0.0 	-0.0 	12.0 	0.0 	0.0 	0.0 	0.0	-1.57	120.0	-5.67741935484	
1.46666666667	0.0	0.0	0.0 	0.0 	57.6 	12.0 	0.0 	0.0 	0.0 	-0.0 	12.0 	0.0 	0.0 	0.0 	0.0	-1.57	120.0	-5.67741935484	
1.48333333333	0.0	0.0	0.0 	0.0 	57.8 	12.0 	0.0 	0.0 	0.0 	-0.0 	12.0 	0.0 	0.0 	0.0 	0.0	-1.57	120.0	-5.67741935484	
1.5	0.0	0.0	0.0 	0.0 	58.0 	12.0 	0.0 	0.0 	0.0 	-0.0 	12.0 	0.0 	0.0 	0.0 	0.0	-1.57	120.0	-5.67741935484	
1.51666666667	0.0	0.0	0.0 	0.0 	58.2 	12.0 	0.0 	0.0 	0.0 	-0.0 	12.0 	0.0 	0.0 	0.0 	0.0	-1.57	120.0	-5.67741935484	
1.53333333333	0.0	0.0	0.0 	0.0 	58.4 	12.0 	0.0 	0.0 	0.0 	-0.0 	12.0 	0.0 	0.0 	0.0 	0.0	-1.57	120.0	-5.67741935484	
1.55	0.0	0.0	0.0 	0.0 	58.6 	12.0 	0.0 	0.0 	0.0 	-0.0 	12.0 	0.0 	0.0 	0.0 	0.0	-1.57	120.0	-5.67741935484	
1.56666666667	0.0	0.0	0.0 	0.0 	58.8 	12.0 	0.0 	0.0 	0.0 	-0.0 	12.0 	0.0 	0.0 	0.0 	0.0	-1.57	120.0	-5.67741935484	
1.58333333333	0.0	0.0	0.0 	0.0 	59.0 	12.0 	0.0 	0.0 	0.0 	-0.0 	12.0 	0.0 	0.0 	0.0 	0.0	-1.57	120.0	-5.67741935484	
1.6	0.0	0.0	0.0 	0.0 	59.2 	12.0 	0.0 	0.0 	0.0 	-0.0 	12.0 	0.0 	0.0 	0.0 	0.0	-1.57	120.0	-5.67741935484	
1.61666666667	0.0	0.0	0.0 	0.0 	59.4 	12.0 	0.0 	0.0 	0.0 	-0.0 	12.0 	0.0 	0.0 	0.0 	0.0	-1.57	120.0	-5.67741935484	
1.63333333333	0.0	0.0	0.0 	0.0 	59.6 	12.0 	0.0 	0.0 	0.0 	-0.0 	12.0 	0.0 	0.0 	0.0 	0.0	-1.57	120.0	-5.67741935484	
1.65	0.0	0.0	0.0 	0.0 	59.8 	12.0 	0.0 	0.0 	0.0 	-0.0 	12.0 	0.0 	0.0 	0.0 	0.0	-1.57	120.0	-5.67741935484	
1.66666666667	0.0	0.0	0.0 	0.0 	60.0 	12.0 	0.0 	0.0 	0.0 	-0.0 	12.0 	0.0 	0.0 	0.0 	0.117575757576	-1.57	119.998040405	-5.67741779436	
1.68333333333	0.0	0.0	0.0 	0.0 	60.2 	12.0 	0.0 	0.0 	0.0 	-0.0 	12.0 	0.0 	0.0 	0.0 	0.23294251607	-1.57	119.994158031	-5.67741470272	
1.7	0.0	0.0	0.0 	0.0 	60.4 	12.0 	0.0 	0.0 	0.0 	-0.0 	12.0 	0.0 	0.0 	0.0 	0.346141777889	-1.57	119.988389003	-5.67741010869	
1.71666666667	0.0	0.0	0.0 	0.0 	60.6 	12.0 	0.0 	0.0 	0.0 	-0.0 	12.0 	0.0 	0.0 	0.0 	0.457214265698	-1.57	119.980768767	-5.67740404049	
1.73333333333	0.0	0.0	0.0 	0.0 	60.8 	12.0 	0.0 	0.0 	0.0 	-0.0 	12.0 	0.0 	0.0 	0.0 	0.56619993707	-1.57	119.971332105	-5.67739652582	
1.75	0.0	0.0	0.0 	0.0 	61.0 	12.0 	0.0 	0.0 	0.0 	-0.0 	12.0 	0.0 	0.0 	0.0 	0.673137998859	-1.57	119.960113142	-5.67738759186	
1.76666666667	0.0	0.0	0.0 	0.0 	61.2 	12.0 	0.0 	0.0 	0.0 	-0.0 	12.0 	0.0 	0.0 	0.0 	0.778066921304	-1.57	119.947145364	-5.67737726527	
1.78333333333	0.0	0.0	0.0 	0.0 	61.4 	12.0 	0.0 	0.0 	0.0 	-0.0 	12.0 	0.0 	0.0 	0.0 	0.881024451874	-1.57	119.932461628	-5.67736557221	
1.8	0.0	0.0	0.0 	0.0 	61.6 	12.0 	0.0 	0.0 	0.0 	-0.0 	12.0 	0.0 	0.0 	0.0 	0.982047628838	-1.57	119.916094172	-5.67735253837	
1.81666666667	0.0	0.0	0.0 	0.0 	61.8 	12.0 	0.0 	0.0 	0.0 	-0.0 	12.0 	0.0 	0.0 	0.0 	1.0811727946	-1.57	119.898074631	-5.67733818892	
1.83333333333	0.0	0.0	0.0 	0.0 	62.0 	12.0 	0.0 	0.0 	0.0 	-0.0 	12.0 	0.0 	0.0 	0.0 	1.17843560876	-1.57	119.878434044	-5.67732254859	
1.85	0.0	0.0	0.0 	0.0 	62.2 	12.0 	0.0 	0.0 	0.0 	-0.0 	12.0 	0.0 	0.0 	0.0 	1.27387106096	-1.57	119.857202867	-5.67730564163	
1.86666666667	0.0	0.0	0.0 	0.0 	62.4 	12.0 	0.0 	0.0 	0.0 	-0.0 	12.0 	0.0 	0.0 	0.0 	1.36751348345	-1.57	119.834410982	-5.67728749184	
1.88333333333	0.0	0.0	0.0 	0.0 	62.6 	12.0 	0.0 	0.0 	0.0 	-0.0 	12.0 	0.0 	0.0 	0.0 	1.45939656346	-1.57	119.810087714	-5.67726812256	
1.9	0.0	0.0	0.0 	0.0 	62.8 	12.0 	0.0 	0.0 	0.0 	-0.0 	12.0 	0.0 	0.0 	0.0 	1.5495533553	-1.57	119.784261833	-5.67724755672	
1.91666666667	0.0	0.0	0.0 	0.0 	63.0 	12.0 	0.0 	0.0 	0.0 	-0.0 	12.0 	0.0 	0.0 	0.0 	1.63801629226	-1.57	119.75696157	-5.67722581678	
1.93333333333	0.0	0.0	0.0 	0.0 	63.2 	12.0 	0.0 	0.0 	0.0 	-0.0 	12.0 	0.0 	0.0 	0.0 	1.72481719828	-1.57	119.728214626	-5.67720292482	
1.95	0.0	0.0	0.0 	0.0 	63.4 	12.0 	0.0 	0.0 	0.0 	-0.0 	12.0 	0.0 	0.0 	0.0 	1.80998729941	-1.57	119.698048181	-5.67717890246	
1.96666666667	0.0	0.0	0.0 	0.0 	63.6 	12.0 	0.0 	0.0 	0.0 	-0.0 	12.0 	0.0 	0.0 	0.0 	1.89355723499	-1.57	119.666488903	-5.67715377096	
1.98333333333	0.0	0.0	0.0 	0.0 	63.8 	12.0 	0.0 	0.0 	0.0 	-0.0 	12.0 	0.0 	0.0 	0.0 	1.97555706876	-1.57	119.633562963	-5.67712755115	
2.0	0.0	0.0	0.0 	0.0 	64.0 	12.0 	0.0 	0.0 	0.0 	-0.0 	12.0 	0.0 	0.0 	0.0 	2.05601629959	-1.57	119.599296035	-5.67710026347	
2.01666666667	0.0	0.0	0.0 	0.0 	64.2 	12.0 	0.0 	0.0 	0.0 	-0.0 	12.0 	0.0 	0.0 	0.0 	2.13496387214	-1.57	119.563713315	-5.67707192799	
2.03333333333	0.0	0.0	0.0 	0.0 	64.4 	12.0 	0.0 	0.0 	0.0 	-0.0 	12.0 	0.0 	0.0 	0.0 	2.21242818727	-1.57	119.526839524	-5.67704256439	
2.05	0.0	0.0	0.0 	0.0 	64.6 	12.0 	0.0 	0.0 	0.0 	-0.0 	12.0 	0.0 	0.0 	0.0 	2.28843711224	-1.57	119.488698917	-5.677012192	
2.06666666667	0.0	0.0	0.0 	0.0 	64.8 	12.0 	0.0 	0.0 	0.0 	-0.0 	12.0 	0.0 	0.0 	0.0 	2.36301799074	-1.57	119.449315297	-5.67698082976	
2.08333333333	0.0	0.0	0.0 	0.0 	65.0 	12.0 	0.0 	0.0 	0.0 	-0.0 	12.0 	0.0 	0.0 	0.0 	2.43619765273	-1.57	119.408712015	-5.67694849627	
2.1	0.0	0.0	0.0 	0.0 	65.2 	12.0 	0.0 	0.0 	0.0 	-0.0 	12.0 	0.0 	0.0 	0.0 	2.5080024241	-1.57	119.366911988	-5.67691520978	
2.11666666667	0.0	0.0	0.0 	0.0 	65.4 	12.0 	0.0 	0.0 	0.0 	-0.0 	12.0 	0.0 	0.0 	0.0 	2.57845813613	-1.57	119.3239377	-5.6768809882	
2.13333333333	0.0	0.0	0.0 	0.0 	65.6 	12.0 	0.0 	0.0 	0.0 	-0.0 	12.0 	0.0 	0.0 	0.0 	2.64759013479	-1.57	119.279811211	-5.67684584909	
2.15	0.0	0.0	0.0 	0.0 	65.8 	12.0 	0.0 	0.0 	0.0 	-0.0 	12.0 	0.0 	0.0 	0.0 	2.71542328983	-1.57	119.234554171	-5.67680980969	
2.16666666667	0.0	0.0	0.0 	0.0 	66.0 	12.0 	0.0 	0.0 	0.0 	-0.0 	12.0 	0.0 	0.0 	0.0 	2.78198200378	-1.57	119.188187819	-5.67677288691	
2.18333333333	0.0	0.0	0.0 	0.0 	66.2 	12.0 	0.0 	0.0 	0.0 	-0.0 	12.0 	0.0 	0.0 	0.0 	2.84729022068	-1.57	119.140732997	-5.67673509736	
2.2	0.0	0.0	0.0 	0.0 	66.4 	12.0 	0.0 	0.0 	0.0 	-0.0 	12.0 	0.0 	0.0 	0.0 	2.91137143471	-1.57	119.092210155	-5.67669645731	
2.21666666667	0.0	0.0	0.0 	0.0 	66.6 	12.0 	0.0 	0.0 	0.0 	-0.0 	12.0 	0.0 	0.0 	0.0 	2.97424869867	-1.57	119.042639359	-5.67665698275	
2.23333333333	0.0	0.0	0.0 	0.0 	66.8 	12.0 	0.0 	0.0 	0.0 	-0.0 	12.0 	0.0 	0.0 	0.0 	3.03594463221	-1.57	118.992040298	-5.67661668935	
2.25	0.0	0.0	0.0 	0.0 	67.0 	12.0 	0.0 	0.0 	0.0 	-0.0 	12.0 	0.0 	0.0 	0.0 	3.09648143003	-1.57	118.94043229	-5.6765755925	
2.26666666667	0.0	0.0	0.0 	0.0 	67.2 	12.0 	0.0 	0.0 	0.0 	-0.0 	12.0 	0.0 	0.0 	0.0 	3.15588086983	-1.57	118.887834293	-5.6765337073	
2.28333333333	0.0	0.0	0.0 	0.0 	67.4 	12.0 	0.0 	0.0 	0.0 	-0.0 	12.0 	0.0 	0.0 	0.0 	3.21416432015	-1.57	118.834264904	-5.67649104855	
2.3	0.0	0.0	0.0 	0.0 	67.6 	12.0 	0.0 	0.0 	0.0 	-0.0 	12.0 	0.0 	0.0 	0.0 	3.27135274808	-1.57	118.779742376	-5.67644763079	
2.31666666667	0.0	0.0	0.0 	0.0 	67.8 	12.0 	0.0 	0.0 	0.0 	-0.0 	12.0 	0.0 	0.0 	0.0 	3.32746672675	-1.57	118.724284614	-5.67640346828	
2.33333333333	0.0	0.0	0.0 	0.0 	68.0 	12.0 	0.0 	0.0 	0.0 	-0.0 	12.0 	0.0 	0.0 	0.0 	3.38252644279	-1.57	118.667909192	-5.67635857501	
2.35	0.0	0.0	0.0 	0.0 	68.2 	12.0 	0.0 	0.0 	0.0 	-0.0 	12.0 	0.0 	0.0 	0.0 	3.43655170356	-1.57	118.610633348	-5.67631296471	
2.36666666667	0.0	0.0	0.0 	0.0 	68.4 	12.0 	0.0 	0.0 	0.0 	-0.0 	12.0 	0.0 	0.0 	0.0 	3.48956194428	-1.57	118.552474001	-5.67626665086	
2.38333333333	0.0	0.0	0.0 	0.0 	68.6 	12.0 	0.0 	0.0 	0.0 	-0.0 	12.0 	0.0 	0.0 	0.0 	3.54157623503	-1.57	118.493447749	-5.67621964666	
2.4	0.0	0.0	0.0 	0.0 	68.8 	12.0 	0.0 	0.0 	0.0 	-0.0 	12.0 	0.0 	0.0 	0.0 	3.59261328758	-1.57	118.43357088	-5.67617196509	
2.41666666667	0.0	0.0	0.0 	0.0 	69.0 	12.0 	0.0 	0.0 	0.0 	-0.0 	12.0 	0.0 	0.0 	0.0 	3.64269146218	-1.57	118.372859375	-5.67612361889	
2.43333333333	0.0	0.0	0.0 	0.0 	69.2 	12.0 	0.0 	0.0 	0.0 	-0.0 	12.0 	0.0 	0.0 	0.0 	3.6918287741	-1.57	118.311328915	-5.67607462052	
2.45	0.0	0.0	0.0 	0.0 	69.4 	12.0 	0.0 	0.0 	0.0 	-0.0 	12.0 	0.0 	0.0 	0.0 	3.74004290016	-1.57	118.248994886	-5.67602498225	
2.46666666667	0.0	0.0	0.0 	0.0 	69.6 	12.0 	0.0 	0.0 	0.0 	-0.0 	12.0 	0.0 	0.0 	0.0 	3.78735118507	-1.57	118.185872386	-5.67597471611	
2.48333333333	0.0	0.0	0.0 	0.0 	69.8 	12.0 	0.0 	0.0 	0.0 	-0.0 	12.0 	0.0 	0.0 	0.0 	3.83377064765	-1.57	118.121976229	-5.67592383387	
2.5	0.0	0.0	0.0 	0.0 	70.0 	12.0 	0.0 	0.0 	0.0 	-0.0 	12.0 	0.0 	0.0 	0.0 	3.879317987	-1.57	118.05732095	-5.67587234713	
2.51666666667	0.0	0.0	0.0 	0.0 	70.2 	12.0 	0.0 	0.0 	0.0 	-0.0 	12.0 	0.0 	0.0 	0.0 	3.92400958846	-1.57	117.991920811	-5.67582026724	
2.53333333333	0.0	0.0	0.0 	0.0 	70.4 	12.0 	0.0 	0.0 	0.0 	-0.0 	12.0 	0.0 	0.0 	0.0 	3.96786152952	-1.57	117.925789806	-5.67576760533	
2.55	0.0	0.0	0.0 	0.0 	70.6 	12.0 	0.0 	0.0 	0.0 	-0.0 	12.0 	0.0 	0.0 	0.0 	4.01088958563	-1.57	117.858941668	-5.67571437236	
2.56666666667	0.0	0.0	0.0 	0.0 	70.8 	12.0 	0.0 	0.0 	0.0 	-0.0 	12.0 	0.0 	0.0 	0.0 	4.05310923584	-1.57	117.791389868	-5.67566057904	
2.58333333333	0.0	0.0	0.0 	0.0 	71.0 	12.0 	0.0 	0.0 	0.0 	-0.0 	12.0 	0.0 	0.0 	0.0 	4.09453566838	-1.57	117.723147629	-5.6756062359	
2.6	0.0	0.0	0.0 	0.0 	71.2 	12.0 	0.0 	0.0 	0.0 	-0.0 	12.0 	0.0 	0.0 	0.0 	4.13518378613	-1.57	117.654227921	-5.67555135328	
2.61666666667	0.0	0.0	0.0 	0.0 	71.4 	12.0 	0.0 	0.0 	0.0 	-0.0 	12.0 	0.0 	0.0 	0.0 	4.17506821196	-1.57	117.584643473	-5.67549594131	
2.63333333333	0.0	0.0	0.0 	0.0 	71.6 	12.0 	0.0 	0.0 	0.0 	-0.0 	12.0 	0.0 	0.0 	0.0 	4.21420329404	-1.57	117.514406774	-5.67544000993	
2.65	0.0	0.0	0.0 	0.0 	71.8 	12.0 	0.0 	0.0 	0.0 	-0.0 	12.0 	0.0 	0.0 	0.0 	4.25260311094	-1.57	117.443530078	-5.67538356891	
2.66666666667	0.0	0.0	0.0 	0.0 	72.0 	12.0 	0.0 	0.0 	0.0 	-0.0 	12.0 	0.0 	0.0 	0.0 	4.29028147674	-1.57	117.372025409	-5.67532662781	
2.68333333333	0.0	0.0	0.0 	0.0 	72.2 	12.0 	0.0 	0.0 	0.0 	-0.0 	12.0 	0.0 	0.0 	0.0 	4.32725194596	-1.57	117.299904566	-5.67526919604	
2.7	0.0	0.0	0.0 	0.0 	72.4 	12.0 	0.0 	0.0 	0.0 	-0.0 	12.0 	0.0 	0.0 	0.0 	4.36352781849	-1.57	117.227179125	-5.67521128281	
2.71666666667	0.0	0.0	0.0 	0.0 	72.6 	12.0 	0.0 	0.0 	0.0 	-0.0 	12.0 	0.0 	0.0 	0.0 	4.39912214433	-1.57	117.153860446	-5.67515289717	
2.73333333333	0.0	0.0	0.0 	0.0 	72.8 	12.0 	0.0 	0.0 	0.0 	-0.0 	12.0 	0.0 	0.0 	0.0 	4.43404772828	-1.57	117.079959674	-5.67509404799	
2.75	0.0	0.0	0.0 	0.0 	73.0 	12.0 	0.0 	0.0 	0.0 	-0.0 	12.0 	0.0 	0.0 	0.0 	4.4683171346	-1.57	117.005487746	-5.67503474399	
2.76666666667	0.0	0.0	0.0 	0.0 	73.2 	12.0 	0.0 	0.0 	0.0 	-0.0 	12.0 	0.0 	0.0 	0.0 	4.50194269146	-1.57	116.930455391	-5.6749749937	
2.78333333333	0.0	0.0	0.0 	0.0 	73.4 	12.0 	0.0 	0.0 	0.0 	-0.0 	12.0 	0.0 	0.0 	0.0 	4.53493649544	-1.57	116.85487314	-5.67491480552	
2.8	0.0	0.0	0.0 	0.0 	73.6 	12.0 	0.0 	0.0 	0.0 	-0.0 	12.0 	0.0 	0.0 	0.0 	4.56731041583	-1.57	116.778751324	-5.67485418766	
2.81666666667	0.0	0.0	0.0 	0.0 	73.8 	12.0 	0.0 	0.0 	0.0 	-0.0 	12.0 	0.0 	0.0 	0.0 	4.59907609893	-1.57	116.70210008	-5.67479314821	
2.83333333333	0.0	0.0	0.0 	0.0 	74.0 	12.0 	0.0 	0.0 	0.0 	-0.0 	12.0 	0.0 	0.0 	0.0 	4.63024497222	-1.57	116.624929355	-5.67473169508	
2.85	0.0	0.0	0.0 	0.0 	74.2 	12.0 	0.0 	0.0 	0.0 	-0.0 	12.0 	0.0 	0.0 	0.0 	4.6608282485	-1.57	116.547248909	-5.67466983605	
2.86666666667	0.0	0.0	0.0 	0.0 	74.4 	12.0 	0.0 	0.0 	0.0 	-0.0 	12.0 	0.0 	0.0 	0.0 	4.69083692989	-1.57	116.469068318	-5.67460757874	
2.88333333333	0.0	0.0	0.0 	0.0 	74.6 	12.0 	0.0 	0.0 	0.0 	-0.0 	12.0 	0.0 	0.0 	0.0 	4.72028181181	-1.57	116.39039698	-5.67454493063	
2.9	0.0	0.0	0.0 	0.0 	74.8 	12.0 	0.0 	0.0 	0.0 	-0.0 	12.0 	0.0 	0.0 	0.0 	4.74917348687	-1.57	116.311244113	-5.67448189907	
2.91666666667	0.0	0.0	0.0 	0.0 	75.0 	12.0 	0.0 	0.0 	0.0 	-0.0 	12.0 	0.0 	0.0 	0.0 	4.77752234863	-1.57	116.231618766	-5.67441849125	
2.93333333333	0.0	0.0	0.0 	0.0 	75.2 	12.0 	0.0 	0.0 	0.0 	-0.0 	12.0 	0.0 	0.0 	0.0 	4.80533859541	-1.57	116.151529815	-5.67435471426	
2.95	0.0	0.0	0.0 	0.0 	75.4 	12.0 	0.0 	0.0 	0.0 	-0.0 	12.0 	0.0 	0.0 	0.0 	4.83263223392	-1.57	116.07098597	-5.67429057503	
2.96666666667	0.0	0.0	0.0 	0.0 	75.6 	12.0 	0.0 	0.0 	0.0 	-0.0 	12.0 	0.0 	0.0 	0.0 	4.85941308286	-1.57	115.989995777	-5.67422608035	
2.98333333333	0.0	0.0	0.0 	0.0 	75.8 	12.0 	0.0 	0.0 	0.0 	-0.0 	12.0 	0.0 	0.0 	0.0 	4.88569077645	-1.57	115.908567624	-5.67416123692	
3.0	0.0	0.0	0.0 	0.0 	76.0 	12.0 	0.0 	0.0 	0.0 	-0.0 	12.0 	0.0 	0.0 	0.0 	4.91147476793	-1.57	115.826709737	-5.67409605128	
3.01666666667	0.0	0.0	0.0 	0.0 	76.2 	12.0 	0.0 	0.0 	0.0 	-0.0 	12.0 	0.0 	0.0 	0.0 	4.93677433289	-1.57	115.744430191	-5.67403052986	
3.03333333333	0.0	0.0	0.0 	0.0 	76.4 	12.0 	0.0 	0.0 	0.0 	-0.0 	12.0 	0.0 	0.0 	0.0 	4.9615985727	-1.57	115.661736907	-5.67396467896	
3.05	0.0	0.0	0.0 	0.0 	76.6 	12.0 	0.0 	0.0 	0.0 	-0.0 	12.0 	0.0 	0.0 	0.0 	4.9859564177	-1.57	115.57863766	-5.67389850479	
3.06666666667	0.0	0.0	0.0 	0.0 	76.8 	12.0 	0.0 	0.0 	0.0 	-0.0 	12.0 	0.0 	0.0 	0.0 	5.00985663046	-1.57	115.495140076	-5.67383201342	
3.08333333333	0.0	0.0	0.0 	0.0 	77.0 	12.0 	0.0 	0.0 	0.0 	-0.0 	12.0 	0.0 	0.0 	0.0 	5.03330780891	-1.57	115.411251639	-5.67376521079	
3.1	0.0	0.0	0.0 	0.0 	77.2 	12.0 	0.0 	0.0 	0.0 	-0.0 	12.0 	0.0 	0.0 	0.0 	5.05631838947	-1.57	115.326979693	-5.67369810277	
3.11666666667	0.0	0.0	0.0 	0.0 	77.4 	12.0 	0.0 	0.0 	0.0 	-0.0 	12.0 	0.0 	0.0 	0.0 	5.07889665003	-1.57	115.242331442	-5.67363069508	
3.13333333333	0.0	0.0	0.0 	0.0 	77.6 	12.0 	0.0 	0.0 	0.0 	-0.0 	12.0 	0.0 	0.0 	0.0 	5.10105071297	-1.57	115.157313957	-5.67356299337	
3.15	0.0	0.0	0.0 	0.0 	77.8 	12.0 	0.0 	0.0 	0.0 	-0.0 	12.0 	0.0 	0.0 	0.0 	5.12278854806	-1.57	115.071934175	-5.67349500315	
3.16666666667	0.0	0.0	0.0 	0.0 	78.0 	12.0 	0.0 	0.0 	0.0 	-0.0 	12.0 	0.0 	0.0 	0.0 	5.14411797534	-1.57	114.986198903	-5.67342672984	
3.18333333333	0.0	0.0	0.0 	0.0 	78.2 	12.0 	0.0 	0.0 	0.0 	-0.0 	12.0 	0.0 	0.0 	0.0 	5.16504666793	-1.57	114.900114819	-5.67335817876	
3.2	0.0	0.0	0.0 	0.0 	78.4 	12.0 	0.0 	0.0 	0.0 	-0.0 	12.0 	0.0 	0.0 	0.0 	5.18558215477	-1.57	114.813688477	-5.67328935513	
3.21666666667	0.0	0.0	0.0 	0.0 	78.6 	12.0 	0.0 	0.0 	0.0 	-0.0 	12.0 	0.0 	0.0 	0.0 	5.20573182338	-1.57	114.726926307	-5.67322026408	
3.23333333333	0.0	0.0	0.0 	0.0 	78.8 	12.0 	0.0 	0.0 	0.0 	-0.0 	12.0 	0.0 	0.0 	0.0 	5.22550292245	-1.57	114.63983462	-5.67315091062	
3.25	0.0	0.0	0.0 	0.0 	79.0 	12.0 	0.0 	0.0 	0.0 	-0.0 	12.0 	0.0 	0.0 	0.0 	5.24490256452	-1.57	114.552419605	-5.67308129969	
3.26666666667	0.0	0.0	0.0 	0.0 	79.2 	12.0 	0.0 	0.0 	0.0 	-0.0 	12.0 	0.0 	0.0 	0.0 	5.26393772846	-1.57	114.464687337	-5.67301143612	
3.28333333333	0.0	0.0	0.0 	0.0 	79.4 	12.0 	0.0 	0.0 	0.0 	-0.0 	12.0 	0.0 	0.0 	0.0 	5.28261526204	-1.57	114.376643777	-5.67294132465	
3.3	0.0	0.0	0.0 	0.0 	79.6 	12.0 	0.0 	0.0 	0.0 	-0.0 	12.0 	0.0 	0.0 	0.0 	5.30094188439	-1.57	114.288294774	-5.67287096996	
3.31666666667	0.0	0.0	0.0 	0.0 	79.8 	12.0 	0.0 	0.0 	0.0 	-0.0 	12.0 	0.0 	0.0 	0.0 	5.31892418838	-1.57	114.199646065	-5.6728003766	
3.33333333333	0.0	0.0	0.0 	0.0 	80.0 	12.0 	0.0 	0.0 	0.0 	-0.0 	12.0 	0.0 	0.0 	0.0 	5.33656864303	-1.57	114.110703283	-5.67272954907	
3.35	0.0	0.0	0.0 	0.0 	80.2 	12.0 	0.0 	0.0 	0.0 	-0.0 	12.0 	0.0 	0.0 	0.0 	5.35388159579	-1.57	114.021471951	-5.67265849175	
3.36666666667	0.0	0.0	0.0 	0.0 	80.4 	12.0 	0.0 	0.0 	0.0 	-0.0 	12.0 	0.0 	0.0 	0.0 	5.3708692749	-1.57	113.931957492	-5.67258720898	
3.38333333333	0.0	0.0	0.0 	0.0 	80.6 	12.0 	0.0 	0.0 	0.0 	-0.0 	12.0 	0.0 	0.0 	0.0 	5.38753779156	-1.57	113.842165224	-5.67251570497	
3.4	0.0	0.0	0.0 	0.0 	80.8 	12.0 	0.0 	0.0 	0.0 	-0.0 	12.0 	0.0 	0.0 	0.0 	5.40389314214	-1.57	113.752100367	-5.6724439839	
3.41666666667	0.0	0.0	0.0 	0.0 	81.0 	12.0 	0.0 	0.0 	0.0 	-0.0 	12.0 	0.0 	0.0 	0.0 	5.41994121038	-1.57	113.661768042	-5.67237204983	
3.43333333333	0.0	0.0	0.0 	0.0 	81.2 	12.0 	0.0 	0.0 	0.0 	-0.0 	12.0 	0.0 	0.0 	0.0 	5.43568776946	-1.57	113.571173274	-5.67229990678	
3.45	0.0	0.0	0.0 	0.0 	81.4 	12.0 	0.0 	0.0 	0.0 	-0.0 	12.0 	0.0 	0.0 	0.0 	5.45113848409	-1.57	113.480320995	-5.67222755866	
3.46666666667	0.0	0.0	0.0 	0.0 	81.6 	12.0 	0.0 	0.0 	0.0 	-0.0 	12.0 	0.0 	0.0 	0.0 	5.46629891257	-1.57	113.389216042	-5.67215500932	
3.48333333333	0.0	0.0	0.0 	0.0 	81.8 	12.0 	0.0 	0.0 	0.0 	-0.0 	12.0 	0.0 	0.0 	0.0 	5.48117450876	-1.57	113.297863162	-5.67208226256	
3.5	0.0	0.0	0.0 	0.0 	82.0 	12.0 	0.0 	0.0 	0.0 	-0.0 	12.0 	0.0 	0.0 	0.0 	5.49577062405	-1.57	113.206267014	-5.67200932208	
3.51666666667	0.0	0.0	0.0 	0.0 	82.2 	12.0 	0.0 	0.0 	0.0 	-0.0 	12.0 	0.0 	0.0 	0.0 	5.51009250929	-1.57	113.114432168	-5.67193619152	
3.53333333333	0.0	0.0	0.0 	0.0 	82.4 	12.0 	0.0 	0.0 	0.0 	-0.0 	12.0 	0.0 	0.0 	0.0 	5.52414531669	-1.57	113.022363109	-5.67186287444	
3.55	0.0	0.0	0.0 	0.0 	82.6 	12.0 	0.0 	0.0 	0.0 	-0.0 	12.0 	0.0 	0.0 	0.0 	5.53793410165	-1.57	112.930064237	-5.67178937436	
3.56666666667	0.0	0.0	0.0 	0.0 	82.8 	12.0 	0.0 	0.0 	0.0 	-0.0 	12.0 	0.0 	0.0 	0.0 	5.55146382459	-1.57	112.837539869	-5.67171569471	
3.58333333333	0.0	0.0	0.0 	0.0 	83.0 	12.0 	0.0 	0.0 	0.0 	-0.0 	12.0 	0.0 	0.0 	0.0 	5.56473935274	-1.57	112.744794242	-5.67164183887	
3.6	0.0	0.0	0.0 	0.0 	83.2 	12.0 	0.0 	0.0 	0.0 	-0.0 	12.0 	0.0 	0.0 	0.0 	5.57776546187	-1.57	112.651831514	-5.67156781014	
3.61666666667	0.0	0.0	0.0 	0.0 	83.4 	12.0 	0.0 	0.0 	0.0 	-0.0 	12.0 	0.0 	0.0 	0.0 	5.59054683804	-1.57	112.558655763	-5.67149361178	
3.63333333333	0.0	0.0	0.0 	0.0 	83.6 	12.0 	0.0 	0.0 	0.0 	-0.0 	12.0 	0.0 	0.0 	0.0 	5.60308807926	-1.57	112.465270991	-5.67141924697	
3.65	0.0	0.0	0.0 	0.0 	83.8 	12.0 	0.0 	0.0 	0.0 	-0.0 	12.0 	0.0 	0.0 	0.0 	5.61539369717	-1.57	112.371681126	-5.67134471884	
3.66666666667	0.0	0.0	0.0 	0.0 	84.0 	12.0 	0.0 	0.0 	0.0 	-0.0 	12.0 	0.0 	0.0 	0.0 	5.62746811861	-1.57	112.27789002	-5.67127003045	
3.68333333333	0.0	0.0	0.0 	0.0 	84.2 	12.0 	0.0 	0.0 	0.0 	-0.0 	12.0 	0.0 	0.0 	0.0 	5.6393156873	-1.57	112.183901456	-5.67119518482	
3.7	0.0	0.0	0.0 	0.0 	84.4 	12.0 	0.0 	0.0 	0.0 	-0.0 	12.0 	0.0 	0.0 	0.0 	5.65094066529	-1.57	112.089719141	-5.6711201849	
3.71666666667	0.0	0.0	0.0 	0.0 	84.6 	12.0 	0.0 	0.0 	0.0 	-0.0 	12.0 	0.0 	0.0 	0.0 	5.66234723461	-1.57	111.995346717	-5.6710450336	
3.73333333333	0.0	0.0	0.0 	0.0 	84.8 	12.0 	0.0 	0.0 	0.0 	-0.0 	12.0 	0.0 	0.0 	0.0 	5.67353949869	-1.57	111.900787755	-5.67096973375	
3.75	0.0	0.0	0.0 	0.0 	85.0 	12.0 	0.0 	0.0 	0.0 	-0.0 	12.0 	0.0 	0.0 	0.0 	5.68452148386	-1.57	111.806045761	-5.67089428814	
3.76666666667	0.0	0.0	0.0 	0.0 	85.2 	12.0 	0.0 	0.0 	0.0 	-0.0 	12.0 	0.0 	0.0 	0.0 	5.69529714083	-1.57	111.711124172	-5.67081869952	
3.78333333333	0.0	0.0	0.0 	0.0 	85.4 	12.0 	0.0 	0.0 	0.0 	-0.0 	12.0 	0.0 	0.0 	0.0 	5.70587034607	-1.57	111.616026363	-5.67074297057	
3.8	0.0	0.0	0.0 	0.0 	85.6 	12.0 	0.0 	0.0 	0.0 	-0.0 	12.0 	0.0 	0.0 	0.0 	5.7162449032	-1.57	111.520755645	-5.67066710393	
3.81666666667	0.0	0.0	0.0 	0.0 	85.8 	12.0 	0.0 	0.0 	0.0 	-0.0 	12.0 	0.0 	0.0 	0.0 	5.72642454441	-1.57	111.425315266	-5.67059110218	
3.83333333333	0.0	0.0	0.0 	0.0 	86.0 	12.0 	0.0 	0.0 	0.0 	-0.0 	12.0 	0.0 	0.0 	0.0 	5.73641293176	-1.57	111.329708414	-5.67051496787	
3.85	0.0	0.0	0.0 	0.0 	86.2 	12.0 	0.0 	0.0 	0.0 	-0.0 	12.0 	0.0 	0.0 	0.0 	5.7462136585	-1.57	111.233938217	-5.67043870348	
3.86666666667	0.0	0.0	0.0 	0.0 	86.4 	12.0 	0.0 	0.0 	0.0 	-0.0 	12.0 	0.0 	0.0 	0.0 	5.75583025037	-1.57	111.138007743	-5.67036231146	
3.88333333333	0.0	0.0	0.0 	0.0 	86.6 	12.0 	0.0 	0.0 	0.0 	-0.0 	12.0 	0.0 	0.0 	0.0 	5.76526616688	-1.57	111.041920004	-5.6702857942	
3.9	0.0	0.0	0.0 	0.0 	86.8 	12.0 	0.0 	0.0 	0.0 	-0.0 	12.0 	0.0 	0.0 	0.0 	5.77452480253	-1.57	110.945677954	-5.67020915406	
3.91666666667	0.0	0.0	0.0 	0.0 	87.0 	12.0 	0.0 	0.0 	0.0 	-0.0 	12.0 	0.0 	0.0 	0.0 	5.78360948806	-1.57	110.849284493	-5.67013239335	
3.93333333333	0.0	0.0	0.0 	0.0 	87.2 	12.0 	0.0 	0.0 	0.0 	-0.0 	12.0 	0.0 	0.0 	0.0 	5.79252349161	-1.57	110.752742466	-5.67005551433	
3.95	0.0	0.0	0.0 	0.0 	87.4 	12.0 	0.0 	0.0 	0.0 	-0.0 	12.0 	0.0 	0.0 	0.0 	5.80127001995	-1.57	110.656054663	-5.66997851922	
3.96666666667	0.0	0.0	0.0 	0.0 	87.6 	12.0 	0.0 	0.0 	0.0 	-0.0 	12.0 	0.0 	0.0 	0.0 	5.80985221958	-1.57	110.559223823	-5.66990141022	
3.98333333333	0.0	0.0	0.0 	0.0 	87.8 	12.0 	0.0 	0.0 	0.0 	-0.0 	12.0 	0.0 	0.0 	0.0 	5.81827317788	-1.57	110.462252634	-5.66982418944	
4.0	0.0	0.0	0.0 	0.0 	88.0 	12.0 	0.0 	0.0 	0.0 	-0.0 	12.0 	0.0 	0.0 	0.0 	5.82653592423	-1.57	110.365143733	-5.66974685901	
4.01666666667	0.0	0.0	0.0 	0.0 	88.2 	12.0 	0.0 	0.0 	0.0 	-0.0 	12.0 	0.0 	0.0 	0.0 	5.83464343111	-1.57	110.267899707	-5.66966942097	
4.03333333333	0.0	0.0	0.0 	0.0 	88.4 	12.0 	0.0 	0.0 	0.0 	-0.0 	12.0 	0.0 	0.0 	0.0 	5.84259861513	-1.57	110.170523094	-5.66959187734	
4.05	0.0	0.0	0.0 	0.0 	88.6 	12.0 	0.0 	0.0 	0.0 	-0.0 	12.0 	0.0 	0.0 	0.0 	5.85040433812	-1.57	110.073016386	-5.66951423012	
4.06666666667	0.0	0.0	0.0 	0.0 	88.8 	12.0 	0.0 	0.0 	0.0 	-0.0 	12.0 	0.0 	0.0 	0.0 	5.85806340813	-1.57	109.975382027	-5.66943648125	
4.08333333333	0.0	0.0	0.0 	0.0 	89.0 	12.0 	0.0 	0.0 	0.0 	-0.0 	12.0 	0.0 	0.0 	0.0 	5.86557858046	-1.57	109.877622415	-5.66935863264	
4.1	0.0	0.0	0.0 	0.0 	89.2 	12.0 	0.0 	0.0 	0.0 	-0.0 	12.0 	0.0 	0.0 	0.0 	5.87295255865	-1.57	109.779739903	-5.66928068615	
4.11666666667	0.0	0.0	0.0 	0.0 	89.4 	12.0 	0.0 	0.0 	0.0 	-0.0 	12.0 	0.0 	0.0 	0.0 	5.88018799543	-1.57	109.681736801	-5.66920264364	
4.13333333333	0.0	0.0	0.0 	0.0 	89.6 	12.0 	0.0 	0.0 	0.0 	-0.0 	12.0 	0.0 	0.0 	0.0 	5.88728749369	-1.57	109.583615374	-5.6691245069	
4.15	0.0	0.0	0.0 	0.0 	89.8 	12.0 	0.0 	0.0 	0.0 	-0.0 	12.0 	0.0 	0.0 	0.0 	5.89425360745	-1.57	109.485377845	-5.66904627771	
4.16666666667	0.0	0.0	0.0 	0.0 	90.0 	12.0 	0.0 	0.0 	0.0 	-0.0 	12.0 	0.0 	0.0 	0.0 	5.9010888427	-1.57	109.387026395	-5.6689679578	
4.18333333333	0.0	0.0	0.0 	0.0 	90.2 	12.0 	0.0 	0.0 	0.0 	-0.0 	12.0 	0.0 	0.0 	0.0 	5.90779565839	-1.57	109.288563166	-5.66888954887	
4.2	0.0	0.0	0.0 	0.0 	90.4 	12.0 	0.0 	0.0 	0.0 	-0.0 	12.0 	0.0 	0.0 	0.0 	5.8334877796	-1.55742206348	109.191347064	-5.66758927761	
4.21666666667	0.0	0.0	0.0 	0.0 	90.6 	12.0 	0.0 	0.0 	0.0 	-0.0 	12.0 	0.0 	0.0 	0.0 	5.75917990081	-1.54468390723	109.095393455	-5.66508312707	
4.23333333333	0.0	0.0	0.0 	0.0 	90.8 	12.0 	0.0 	0.0 	0.0 	-0.0 	12.0 	0.0 	0.0 	0.0 	5.68487202202	-1.53178139679	109.00071769	-5.6613874834	
4.25	0.0	0.0	0.0 	0.0 	91.0 	12.0 	0.0 	0.0 	0.0 	-0.0 	12.0 	0.0 	0.0 	0.0 	5.61056414323	-1.51871023556	108.907335103	-5.6565191461	
4.26666666667	0.0	0.0	0.0 	0.0 	91.2 	12.0 	0.0 	0.0 	0.0 	-0.0 	12.0 	0.0 	0.0 	0.0 	5.53625626445	-1.50546595622	108.815261004	-5.65049533868	
4.28333333333	0.0	0.0	0.0 	0.0 	91.4 	12.0 	0.0 	0.0 	0.0 	-0.0 	12.0 	0.0 	0.0 	0.0 	5.46194838566	-1.49204391156	108.724510674	-5.64333371957	
4.3	0.0	0.0	0.0 	0.0 	91.6 	12.0 	0.0 	0.0 	0.0 	-0.0 	12.0 	0.0 	0.0 	0.0 	5.38764050687	-1.47843926473	108.635099357	-5.63505239353	
4.31666666667	0.0	0.0	0.0 	0.0 	91.8 	12.0 	0.0 	0.0 	0.0 	-0.0 	12.0 	0.0 	0.0 	0.0 	5.31333262808	-1.46464697872	108.547042253	-5.62566992327	
4.33333333333	0.0	0.0	0.0 	0.0 	92.0 	12.0 	0.0 	0.0 	0.0 	-0.0 	12.0 	0.0 	0.0 	0.0 	5.23902474929	-1.4506618052	108.46035451	-5.61520534152	
4.35	0.0	0.0	0.0 	0.0 	92.2 	12.0 	0.0 	0.0 	0.0 	-0.0 	12.0 	0.0 	0.0 	0.0 	5.16471687051	-1.43647827251	108.375051215	-5.60367816355	
4.36666666667	0.0	0.0	0.0 	0.0 	92.4 	12.0 	0.0 	0.0 	0.0 	-0.0 	12.0 	0.0 	0.0 	0.0 	5.09040899172	-1.42209067283	108.291147389	-5.59110840003	
4.38333333333	0.0	0.0	0.0 	0.0 	92.6 	12.0 	0.0 	0.0 	0.0 	-0.0 	12.0 	0.0 	0.0 	0.0 	5.01610111293	-1.40749304838	108.208657972	-5.5775165703	
4.4	0.0	0.0	0.0 	0.0 	92.8 	12.0 	0.0 	0.0 	0.0 	-0.0 	12.0 	0.0 	0.0 	0.0 	4.94179323414	-1.39267917659	108.127597817	-5.56292371619	
4.41666666667	0.0	0.0	0.0 	0.0 	93.0 	12.0 	0.0 	0.0 	0.0 	-0.0 	12.0 	0.0 	0.0 	0.0 	4.86748535536	-1.3776425542	108.047981678	-5.54735141621	
4.43333333333	0.0	0.0	0.0 	0.0 	93.2 	12.0 	0.0 	0.0 	0.0 	-0.0 	12.0 	0.0 	0.0 	0.0 	4.79317747657	-1.36237638011	107.969824201	-5.53082180023	
4.45	0.0	0.0	0.0 	0.0 	93.4 	12.0 	0.0 	0.0 	0.0 	-0.0 	12.0 	0.0 	0.0 	0.0 	4.71886959778	-1.34687353692	107.893139906	-5.51335756469	
4.46666666667	0.0	0.0	0.0 	0.0 	93.6 	12.0 	0.0 	0.0 	0.0 	-0.0 	12.0 	0.0 	0.0 	0.0 	4.64456171899	-1.33112657099	107.81794318	-5.49498198832	
4.48333333333	0.0	0.0	0.0 	0.0 	93.8 	12.0 	0.0 	0.0 	0.0 	-0.0 	12.0 	0.0 	0.0 	0.0 	4.5702538402	-1.31512767093	107.744248263	-5.47571894835	
4.5	0.0	0.0	0.0 	0.0 	94.0 	12.0 	0.0 	0.0 	0.0 	-0.0 	12.0 	0.0 	0.0 	0.0 	4.49594596142	-1.29886864432	107.672069227	-5.45559293736	
4.51666666667	0.0	0.0	0.0 	0.0 	94.2 	12.0 	0.0 	0.0 	0.0 	-0.0 	12.0 	0.0 	0.0 	0.0 	4.42163808263	-1.28234089256	107.601419969	-5.43462908059	
4.53333333333	0.0	0.0	0.0 	0.0 	94.4 	12.0 	0.0 	0.0 	0.0 	-0.0 	12.0 	0.0 	0.0 	0.0 	4.34733020384	-1.26553538352	107.532314188	-5.41285315398	
4.55	0.0	0.0	0.0 	0.0 	94.6 	12.0 	0.0 	0.0 	0.0 	-0.0 	12.0 	0.0 	0.0 	0.0 	4.27302232505	-1.24844262191	107.464765369	-5.39029160271	
4.56666666667	0.0	0.0	0.0 	0.0 	94.8 	12.0 	0.0 	0.0 	0.0 	-0.0 	12.0 	0.0 	0.0 	0.0 	4.19871444626	-1.2310526171	107.398786763	-5.36697156043	
4.58333333333	0.0	0.0	0.0 	0.0 	95.0 	12.0 	0.0 	0.0 	0.0 	-0.0 	12.0 	0.0 	0.0 	0.0 	4.12440656748	-1.213354848	107.334391368	-5.34292086917	
4.6	0.0	0.0	0.0 	0.0 	95.2 	12.0 	0.0 	0.0 	0.0 	-0.0 	12.0 	0.0 	0.0 	0.0 	4.05009868869	-1.19533822486	107.271591905	-5.31816809985	
4.61666666667	0.0	0.0	0.0 	0.0 	95.4 	12.0 	0.0 	0.0 	0.0 	-0.0 	12.0 	0.0 	0.0 	0.0 	3.9757908099	-1.17699104755	107.210400798	-5.29274257363	
4.63333333333	0.0	0.0	0.0 	0.0 	95.6 	12.0 	0.0 	0.0 	0.0 	-0.0 	12.0 	0.0 	0.0 	0.0 	3.90148293111	-1.15830095988	107.150830141	-5.26667438382	
4.65	0.0	0.0	0.0 	0.0 	95.8 	12.0 	0.0 	0.0 	0.0 	-0.0 	12.0 	0.0 	0.0 	0.0 	3.82717505232	-1.13925489968	107.09289168	-5.23999441866	
4.66666666667	0.0	0.0	0.0 	0.0 	96.0 	12.0 	0.0 	0.0 	0.0 	-0.0 	12.0 	0.0 	0.0 	0.0 	3.75286717354	-1.11983904392	107.036596777	-5.21273438479	
4.68333333333	0.0	0.0	0.0 	0.0 	96.2 	12.0 	0.0 	0.0 	0.0 	-0.0 	12.0 	0.0 	0.0 	0.0 	3.67855929475	-1.10003874847	106.981956381	-5.18492683153	
4.7	0.0	0.0	0.0 	0.0 	96.4 	12.0 	0.0 	0.0 	0.0 	-0.0 	12.0 	0.0 	0.0 	0.0 	3.60425141596	-1.07983848179	106.928980993	-5.15660517593	
4.71666666667	0.0	0.0	0.0 	0.0 	96.6 	12.0 	0.0 	0.0 	0.0 	-0.0 	12.0 	0.0 	0.0 	0.0 	3.52994353717	-1.05922175165	106.877680633	-5.1278037287	
4.73333333333	0.0	0.0	0.0 	0.0 	96.8 	12.0 	0.0 	0.0 	0.0 	-0.0 	12.0 	0.0 	0.0 	0.0 	3.45563565839	-1.03817102435	106.828064793	-5.0985577208	
4.75	0.0	0.0	0.0 	0.0 	97.0 	12.0 	0.0 	0.0 	0.0 	-0.0 	12.0 	0.0 	0.0 	0.0 	3.3813277796	-1.01666763506	106.780142404	-5.06890333106	
4.76666666667	0.0	0.0	0.0 	0.0 	97.2 	12.0 	0.0 	0.0 	0.0 	-0.0 	12.0 	0.0 	0.0 	0.0 	3.30701990081	-0.994691688443	106.733921783	-5.03887771442	
4.78333333333	0.0	0.0	0.0 	0.0 	97.4 	12.0 	0.0 	0.0 	0.0 	-0.0 	12.0 	0.0 	0.0 	0.0 	3.23271202202	-0.972221948007	106.689410585	-5.00851903113	
4.8	0.0	0.0	0.0 	0.0 	97.6 	12.0 	0.0 	0.0 	0.0 	-0.0 	12.0 	0.0 	0.0 	0.0 	3.15840414323	-0.949235712833	106.646615751	-4.97786647664	
4.81666666667	0.0	0.0	0.0 	0.0 	97.8 	12.0 	0.0 	0.0 	0.0 	-0.0 	12.0 	0.0 	0.0 	0.0 	3.08409626445	-0.925708679744	106.60554345	-4.94696031235	
4.83333333333	0.0	0.0	0.0 	0.0 	98.0 	12.0 	0.0 	0.0 	0.0 	-0.0 	12.0 	0.0 	0.0 	0.0 	3.00978838566	-0.901614788887	106.566199011	-4.915841897	
4.85	0.0	0.0	0.0 	0.0 	98.2 	12.0 	0.0 	0.0 	0.0 	-0.0 	12.0 	0.0 	0.0 	0.0 	2.93548050687	-0.876926050256	106.528586863	-4.88455371877	
4.86666666667	0.0	0.0	0.0 	0.0 	98.4 	12.0 	0.0 	0.0 	0.0 	-0.0 	12.0 	0.0 	0.0 	0.0 	2.86117262808	-0.851612348253	106.49271045	-4.85313942798	
4.88333333333	0.0	0.0	0.0 	0.0 	98.6 	12.0 	0.0 	0.0 	0.0 	-0.0 	12.0 	0.0 	0.0 	0.0 	2.78686474929	-0.82564122087	106.458572158	-4.82164387023	
4.9	0.0	0.0	0.0 	0.0 	98.8 	12.0 	0.0 	0.0 	0.0 	-0.0 	12.0 	0.0 	0.0 	0.0 	2.71255687051	-0.798977609438	106.426173225	-4.79011311987	
4.91666666667	0.0	0.0	0.0 	0.0 	99.0 	12.0 	0.0 	0.0 	0.0 	-0.0 	12.0 	0.0 	0.0 	0.0 	2.63824899172	-0.771583574093	106.39551364	-4.75859451372	
4.93333333333	0.0	0.0	0.0 	0.0 	99.2 	12.0 	0.0 	0.0 	0.0 	-0.0 	12.0 	0.0 	0.0 	0.0 	2.56394111293	-0.74341796917	106.366592041	-4.7271366846	
4.95	0.0	0.0	0.0 	0.0 	99.4 	12.0 	0.0 	0.0 	0.0 	-0.0 	12.0 	0.0 	0.0 	0.0 	2.48963323414	-0.71443607157	106.339405599	-4.69578959461	
4.96666666667	0.0	0.0	0.0 	0.0 	99.6 	12.0 	0.0 	0.0 	0.0 	-0.0 	12.0 	0.0 	0.0 	0.0 	2.41532535536	-0.684589153651	106.313949889	-4.66460456759	
4.98333333333	0.0	0.0	0.0 	0.0 	99.8 	12.0 	0.0 	0.0 	0.0 	-0.0 	12.0 	0.0 	0.0 	0.0 	2.34101747657	-0.65382399043	106.290218754	-4.63363432048	
5.0	0.0	0.0	0.0 	0.0 	100.0 	12.0 	0.0 	0.0 	0.0 	-0.0 	12.0 	0.0 	0.0 	0.0 	2.26670959778	-0.622082288571	106.268204144	-4.60293299284	
5.01666666667	0.0	0.0	0.0 	0.0 	100.2 	12.0 	0.0 	0.0 	0.0 	-0.0 	12.0 	0.0 	0.0 	0.0 	2.19240171899	-0.589300021774	106.247895955	-4.57255617388	
5.03333333333	0.0	0.0	0.0 	0.0 	100.4 	12.0 	0.0 	0.0 	0.0 	-0.0 	12.0 	0.0 	0.0 	0.0 	2.1180938402	-0.555406653535	106.229281833	-4.54256092611	
5.05	0.0	0.0	0.0 	0.0 	100.6 	12.0 	0.0 	0.0 	0.0 	-0.0 	12.0 	0.0 	0.0 	0.0 	2.04378596142	-0.52032422358	106.212346972	-4.5130058043	
5.06666666667	0.0	0.0	0.0 	0.0 	100.8 	12.0 	0.0 	0.0 	0.0 	-0.0 	12.0 	0.0 	0.0 	0.0 	1.96947808263	-0.483966268202	106.19707388	-4.48395086846	
5.08333333333	0.0	0.0	0.0 	0.0 	101.0 	12.0 	0.0 	0.0 	0.0 	-0.0 	12.0 	0.0 	0.0 	0.0 	1.89517020384	-0.446236536938	106.183442121	-4.45545768886	
5.1	0.0	0.0	0.0 	0.0 	101.2 	12.0 	0.0 	0.0 	0.0 	-0.0 	12.0 	0.0 	0.0 	0.0 	1.82086232505	-0.407027457649	106.171428029	-4.42758934083	
5.11666666667	0.0	0.0	0.0 	0.0 	101.4 	12.0 	0.0 	0.0 	0.0 	-0.0 	12.0 	0.0 	0.0 	0.0 	1.74655444626	-0.366218288408	106.161004386	-4.40041038619	
5.13333333333	0.0	0.0	0.0 	0.0 	101.6 	12.0 	0.0 	0.0 	0.0 	-0.0 	12.0 	0.0 	0.0 	0.0 	1.67224656748	-0.323672876241	106.152140062	-4.37398683763	
5.15	0.0	0.0	0.0 	0.0 	101.8 	12.0 	0.0 	0.0 	0.0 	-0.0 	12.0 	0.0 	0.0 	0.0 	1.59793868869	-0.279236917912	106.144799606	-4.34838610102	
5.16666666667	0.0	0.0	0.0 	0.0 	102.0 	12.0 	0.0 	0.0 	0.0 	-0.0 	12.0 	0.0 	0.0 	0.0 	1.5236308099	-0.232734583803	106.138942788	-4.32367688928	
5.18333333333	0.0	0.0	0.0 	0.0 	102.2 	12.0 	0.0 	0.0 	0.0 	-0.0 	12.0 	0.0 	0.0 	0.0 	1.44932293111	-0.183964318523	106.134524082	-4.29992909937	
5.2	0.0	0.0	0.0 	0.0 	102.4 	12.0 	0.0 	0.0 	0.0 	-0.0 	12.0 	0.0 	0.0 	0.0 	1.37501505232	-0.132693564992	106.131492071	-4.27721364172	
5.21666666667	0.0	0.0	0.0 	0.0 	102.6 	12.0 	0.0 	0.0 	0.0 	-0.0 	12.0 	0.0 	0.0 	0.0 	1.30070717354	-0.078652062928	106.129788773	-4.25560220732	
5.23333333333	0.0	0.0	0.0 	0.0 	102.8 	12.0 	0.0 	0.0 	0.0 	-0.0 	12.0 	0.0 	0.0 	0.0 	1.22639929475	-0.0215232330886	106.129348872	-4.2351669533	
5.25	0.0	0.0	0.0 	0.0 	103.0 	12.0 	0.0 	0.0 	0.0 	-0.0 	12.0 	0.0 	0.0 	0.0 	1.15209141596	0.039067048646	106.130098828	-4.21598008085	
5.26666666667	0.0	0.0	0.0 	0.0 	103.2 	12.0 	0.0 	0.0 	0.0 	-0.0 	12.0 	0.0 	0.0 	0.0 	1.07778353717	0.103565297447	106.131955854	-4.19811326965	
5.28333333333	0.0	0.0	0.0 	0.0 	103.4 	12.0 	0.0 	0.0 	0.0 	-0.0 	12.0 	0.0 	0.0 	0.0 	1.00347565839	0.172510383566	106.134826731	-4.18163691935	
5.3	0.0	0.0	0.0 	0.0 	103.6 	12.0 	0.0 	0.0 	0.0 	-0.0 	12.0 	0.0 	0.0 	0.0 	0.929167779597	0.246560888096	106.138606436	-4.16661912834	
5.31666666667	0.0	0.0	0.0 	0.0 	103.8 	12.0 	0.0 	0.0 	0.0 	-0.0 	12.0 	0.0 	0.0 	0.0 	0.85485990081	0.326533397281	106.143176538	-4.15312431016	
5.33333333333	0.0	0.0	0.0 	0.0 	104.0 	12.0 	0.0 	0.0 	0.0 	-0.0 	12.0 	0.0 	0.0 	0.0 	0.780552022022	0.413457440294	106.148403347	-4.14121130175	
5.35	0.0	0.0	0.0 	0.0 	104.2 	12.0 	0.0 	0.0 	0.0 	-0.0 	12.0 	0.0 	0.0 	0.0 	0.706244143234	0.508656577176	106.154135746	-4.13093074649	
5.36666666667	0.0	0.0	0.0 	0.0 	104.4 	12.0 	0.0 	0.0 	0.0 	-0.0 	12.0 	0.0 	0.0 	0.0 	0.631936264446	0.613872145333	106.160202724	-4.122321419	
5.38333333333	0.0	0.0	0.0 	0.0 	104.6 	12.0 	0.0 	0.0 	0.0 	-0.0 	12.0 	0.0 	0.0 	0.0 	0.557628385658	0.731459761313	106.166410584	-4.11540496697	
5.4	0.0	0.0	0.0 	0.0 	104.8 	12.0 	0.0 	0.0 	0.0 	-0.0 	12.0 	0.0 	0.0 	0.0 	0.48332050687	0.864716748761	106.172539986	-4.11017821277	
5.41666666667	0.0	0.0	0.0 	0.0 	105.0 	12.0 	0.0 	0.0 	0.0 	-0.0 	12.0 	0.0 	0.0 	0.0 	0.409012628082	1.01846126763	106.178343205	-4.10660155756	
5.43333333333	0.0	0.0	0.0 	0.0 	105.2 	12.0 	0.0 	0.0 	0.0 	-0.0 	12.0 	0.0 	0.0 	0.0 	0.334704749294	1.20013751351	106.183542781	-4.10458089153	
5.45	0.0	0.0	0.0 	0.0 	105.4 	12.0 	0.0 	0.0 	0.0 	-0.0 	12.0 	0.0 	0.0 	0.0 	0.260396870507	1.42214774475	106.187834869	-4.10393813764	
5.46666666667	0.0	0.0	0.0 	0.0 	105.6 	12.0 	0.0 	0.0 	0.0 	-0.0 	12.0 	0.0 	0.0 	0.0 	0.186088991719	1.70751169188	106.190907412	-4.10436083838	
5.48333333333	0.0	0.0	0.0 	0.0 	105.8 	12.0 	0.0 	0.0 	0.0 	-0.0 	12.0 	0.0 	0.0 	0.0 	0.111781112931	2.01641925888	106.192588493	-4.10516383675	
5.5	0.0	0.0	0.0 	0.0 	106.0 	12.0 	0.0 	0.0 	0.0 	-0.0 	12.0 	0.0 	0.0 	0.0 	0.0374732341429	2.28185493169	106.193061699	-4.10557144324	
5.51666666667	0.0	0.0	0.0 	0.0 	106.2 	12.0 	0.0 	0.0 	0.0 	-0.0 	12.0 	0.0 	0.0 	0.0 	0.154344949138	1.98754743592	106.195413939	-4.10661273602	
5.53333333333	0.0	0.0	0.0 	0.0 	106.4 	12.0 	0.0 	0.0 	0.0 	-0.0 	12.0 	0.0 	0.0 	0.0 	0.269020892518	1.74229118944	106.199831849	-4.10737790082	
5.55	0.0	0.0	0.0 	0.0 	106.6 	12.0 	0.0 	0.0 	0.0 	-0.0 	12.0 	0.0 	0.0 	0.0 	0.381542318173	1.53791098404	106.206187449	-4.10716881934	
5.56666666667	0.0	0.0	0.0 	0.0 	106.8 	12.0 	0.0 	0.0 	0.0 	-0.0 	12.0 	0.0 	0.0 	0.0 	0.491949704923	1.36759414621	106.214217916	-4.10551417392	
5.58333333333	0.0	0.0	0.0 	0.0 	107.0 	12.0 	0.0 	0.0 	0.0 	-0.0 	12.0 	0.0 	0.0 	0.0 	0.600282771073	1.22566344801	106.223632656	-4.10212936223	
5.6	0.0	0.0	0.0 	0.0 	107.2 	12.0 	0.0 	0.0 	0.0 	-0.0 	12.0 	0.0 	0.0 	0.0 	0.706580488707	1.10738786618	106.234166995	-4.09686534133	
5.61666666667	0.0	0.0	0.0 	0.0 	107.4 	12.0 	0.0 	0.0 	0.0 	-0.0 	12.0 	0.0 	0.0 	0.0 	0.810881097707	1.00882488133	106.245603206	-4.08966396737	
5.63333333333	0.0	0.0	0.0 	0.0 	107.6 	12.0 	0.0 	0.0 	0.0 	-0.0 	12.0 	0.0 	0.0 	0.0 	0.913222119508	0.926689060614	106.257773964	-4.0805243671	
5.65	0.0	0.0	0.0 	0.0 	107.8 	12.0 	0.0 	0.0 	0.0 	-0.0 	12.0 	0.0 	0.0 	0.0 	1.0136403706	0.858242543352	106.270557569	-4.0694796008	
5.66666666667	0.0	0.0	0.0 	0.0 	108.0 	12.0 	0.0 	0.0 	0.0 	-0.0 	12.0 	0.0 	0.0 	0.0 	1.11217197575	0.801203778967	106.283870161	-4.05658132225	
5.68333333333	0.0	0.0	0.0 	0.0 	108.2 	12.0 	0.0 	0.0 	0.0 	-0.0 	12.0 	0.0 	0.0 	0.0 	1.20885238106	0.753671475313	106.297657537	-4.0418901126	
5.7	0.0	0.0	0.0 	0.0 	108.4 	12.0 	0.0 	0.0 	0.0 	-0.0 	12.0 	0.0 	0.0 	0.0 	1.30371636663	0.714061222268	106.31188778	-4.02546962272	
5.71666666667	0.0	0.0	0.0 	0.0 	108.6 	12.0 	0.0 	0.0 	0.0 	-0.0 	12.0 	0.0 	0.0 	0.0 	1.39679805913	0.681052678064	106.326545109	-4.0073831744	
5.73333333333	0.0	0.0	0.0 	0.0 	108.8 	12.0 	0.0 	0.0 	0.0 	-0.0 	12.0 	0.0 	0.0 	0.0 	1.48813094408	0.653545557893	106.341624964	-3.98769190144	
5.75	0.0	0.0	0.0 	0.0 	109.0 	12.0 	0.0 	0.0 	0.0 	-0.0 	12.0 	0.0 	0.0 	0.0 	1.57774787786	0.630622957752	106.357130229	-3.96645382834	
5.76666666667	2.17905407712e-07	5.58382607261e-08	0.0 	0.0 	109.1991825 	11.9019 	0.0 	0.0 	0.0 	0.0 	11.95095 	-5.88599999994 	0.0 	0.0 	1.66568109955	0.611520790967	106.37306839	-3.94372350379	
5.78333333333	2.17905407712e-07	1.04177511132e-07	0.0 	0.0 	109.39673 	11.8038 	0.0 	0.0 	0.0 	0.0 	11.85285 	-5.88599999994 	0.0 	0.0 	1.75196224253	0.595602318646	106.389449455	-3.91955195101	
5.8	2.17905407712e-07	1.45194426965e-07	0.0 	0.0 	109.5926425 	11.7057 	0.0 	0.0 	0.0 	0.0 	11.75475 	-5.88599999994 	0.0 	0.0 	1.83662234585	0.582336925046	106.406284462	-3.89398679007	
5.81666666667	2.17905407712e-07	1.79254754884e-07	0.0 	0.0 	109.78692 	11.6076 	0.0 	0.0 	0.0 	0.0 	11.65665 	-5.88599999994 	0.0 	0.0 	1.91969186541	0.571282430378	106.423584446	-3.8670724464	
5.83333333333	2.17905407712e-07	2.06859341922e-07	0.0 	0.0 	109.9795625 	11.5095 	0.0 	0.0 	0.0 	0.0 	11.55855 	-5.88599999994 	0.0 	0.0 	2.00120068491	0.562070351489	106.44135975	-3.83885039521	
5.85	2.17905407712e-07	2.28598086432e-07	0.0 	0.0 	110.17057 	11.4114 	0.0 	0.0 	0.0 	0.0 	11.46045 	-5.88599999994 	0.0 	0.0 	2.08117812659	0.554393619081	106.459619585	-3.80935941394	
5.86666666667	2.17905407712e-07	2.45111467217e-07	0.0 	0.0 	110.3599425 	11.3133 	0.0 	0.0 	0.0 	0.0 	11.36235 	-5.88599999994 	0.0 	0.0 	2.15965296178	0.547996342075	106.47837178	-3.77863582749	
5.88333333333	-5.5467038053e-08	1.87007458739e-07	0.0 	0.0 	110.54768 	11.2152 	0.0 	0.0 	0.0 	0.0 	11.26425 	-5.886 	0.0 	0.0 	2.23665342129	0.542665277903	106.497622663	-3.74671373872	
5.9	-5.5467038053e-08	1.34399524144e-07	0.0 	0.0 	110.7337825 	11.1171 	0.0 	0.0 	0.0 	0.0 	11.16615 	-5.886 	0.0 	0.0 	2.3122072055	0.538222724426	106.517377036	-3.71362524097	
5.91666666667	-5.5467038053e-08	8.76950447643e-08	0.0 	0.0 	110.91825 	11.019 	0.0 	0.0 	0.0 	0.0 	11.06805 	-5.886 	0.0 	0.0 	2.38634149436	0.534520596529	106.537638212	-3.67940061165	
5.93333333333	-5.5467038053e-08	4.70252581568e-08	0.0 	0.0 	111.1010825 	10.9209 	0.0 	0.0 	0.0 	0.0 	10.96995 	-5.886 	0.0 	0.0 	2.4590829572	0.531435489948	106.558408092	-3.64406848748	
5.95	-5.5467038053e-08	1.23032892794e-08	0.0 	0.0 	111.28228 	10.8228 	0.0 	0.0 	0.0 	0.0 	10.87185 	-5.886 	0.0 	0.0 	2.53045776224	0.528864567797	106.579687275	-3.60765602213	
5.96666666667	-5.5467038053e-08	-1.67240593297e-08	0.0 	0.0 	111.4618425 	10.7247 	0.0 	0.0 	0.0 	-0.0 	10.77375 	-5.886 	0.0 	0.0 	2.6004915861	0.526722132671	106.601475167	-3.57018902771	
5.98333333333	-1.10673715026e-06	-3.09818938841e-07	0.0 	0.0 	111.63977 	10.6266 	0.0 	0.0 	0.0 	-0.0 	10.67565 	-5.88599999896 	0.0 	0.0 	2.66920962297	0.524936770067	106.623770109	-3.53169210139	
6.0	-1.10673715026e-06	-5.61871164569e-07	0.0 	0.0 	111.8160625 	10.5285 	0.0 	0.0 	0.0 	-0.0 	10.57755 	-5.88599999896 	0.0 	0.0 	2.73663659369	0.523448967896	106.646569497	-3.49218873857	
6.01666666667	-1.10673715026e-06	-7.74238701561e-07	0.0 	0.0 	111.99072 	10.4304000001 	0.0 	0.0 	0.0 	-0.0 	10.4794500001 	-5.88599999896 	0.0 	0.0 	2.80279675466	0.522209132754	106.669869896	-3.45170143374	
6.03333333333	-1.10673715026e-06	-9.49214119252e-07	0.0 	0.0 	112.1637425 	10.3323000001 	0.0 	0.0 	0.0 	-0.0 	10.3813500001 	-5.88599999896 	0.0 	0.0 	2.86771390654	0.521175936802	106.693667156	-3.41025177031	
6.05	-1.10673715026e-06	-1.08974266268e-06	0.0 	0.0 	112.33513 	10.2342000001 	0.0 	0.0 	0.0 	-0.0 	10.2832500001 	-5.88599999896 	0.0 	0.0 	2.93141140284	0.520314940175	106.717956509	-3.36786050059	
6.06666666667	-1.10673715026e-06	-1.19918336158e-06	0.0 	0.0 	112.5048825 	10.1361000001 	0.0 	0.0 	0.0 	-0.0 	10.1851500001 	-5.88599999896 	0.0 	0.0 	2.9939121583	0.519597442987	106.742732667	-3.32454761671	
6.08333333333	-1.10673715026e-06	-1.28111095912e-06	0.0 	0.0 	112.673 	10.0380000001 	0.0 	0.0 	0.0 	-0.0 	10.0870500001 	-5.88599999896 	0.0 	0.0 	3.05523865715	0.518999528663	106.7679899	-3.28033241369	
6.1	1.98464718902e-07	-1.00469768671e-06	0.0 	0.0 	112.8394825 	9.93990000013 	0.0 	0.0 	0.0 	-0.0 	9.98895000013 	-5.88599999997 	0.0 	0.0 	3.11541296116	0.518501266726	106.793722118	-3.23523354532	
6.11666666667	1.98464718902e-07	-7.52878575419e-07	0.0 	0.0 	113.00433 	9.84180000013 	0.0 	0.0 	0.0 	-0.0 	9.89085000013 	-5.88599999997 	0.0 	0.0 	3.17445671765	0.518086048445	106.819922934	-3.18926907366	
6.13333333333	1.98464718902e-07	-5.27989286221e-07	0.0 	0.0 	113.1675425 	9.74370000013 	0.0 	0.0 	0.0 	-0.0 	9.79275000013 	-5.88599999997 	0.0 	0.0 	3.2323911672	0.517740033212	106.846585724	-3.14245651296	
6.15	1.98464718902e-07	-3.30998399433e-07	0.0 	0.0 	113.32912 	9.64560000013 	0.0 	0.0 	0.0 	-0.0 	9.69465000013 	-5.88599999997 	0.0 	0.0 	3.28923715133	0.517451687183	106.873703678	-3.09481286853	
6.16666666667	1.98464718902e-07	-1.61784739724e-07	0.0 	0.0 	113.4890625 	9.54750000013 	0.0 	0.0 	0.0 	-0.0 	9.59655000013 	-5.88599999997 	0.0 	0.0 	3.34501512	0.517211398827	106.901269847	-3.04635467121	
6.18333333333	1.98464718902e-07	-1.93863578673e-08	0.0 	0.0 	113.64737 	9.44940000013 	0.0 	0.0 	0.0 	-0.0 	9.49845000013 	-5.88599999997 	0.0 	0.0 	3.39974513896	0.517011158529	106.929277183	-2.99709800788	
6.2	3.83578212006e-06	1.02984281827e-06	0.0 	0.0 	113.8040425 	9.35130000026 	0.0 	0.0 	0.0 	0.0 	9.40035000019 	-5.88599999245 	0.0 	0.0 	3.45344689696	0.516844291615	106.957718568	-2.9470585486	
6.21666666667	3.83578212006e-06	1.93068103295e-06	0.0 	0.0 	113.95908 	9.25320000038 	0.0 	0.0 	0.0 	0.0 	9.30225000032 	-5.88599999245 	0.0 	0.0 	3.50613971283	0.516705235853	106.986586847	-2.89625157068	
6.23333333333	3.83578212006e-06	2.68836505831e-06	0.0 	0.0 	114.1124825 	9.15510000051 	0.0 	0.0 	0.0 	0.0 	9.20415000045 	-5.88599999245 	0.0 	0.0 	3.55784254247	0.516589356051	107.015874855	-2.84469198008	
6.25	3.83578212006e-06	3.31142696114e-06	0.0 	0.0 	114.26425 	9.05700000064 	0.0 	0.0 	0.0 	0.0 	9.10605000057 	-5.88599999245 	0.0 	0.0 	3.60857398561	0.51649278955	107.045575431	-2.79239433054	
6.26666666667	3.83578212006e-06	3.81068603455e-06	0.0 	0.0 	114.4143825 	8.95890000076 	0.0 	0.0 	0.0 	0.0 	9.0079500007 	-5.88599999245 	0.0 	0.0 	3.65835229255	0.516412317465	107.075681445	-2.73937284063	
6.28333333333	3.83578212006e-06	4.19839606911e-06	0.0 	0.0 	114.56288 	8.86080000089 	0.0 	0.0 	0.0 	0.0 	8.90985000082 	-5.88599999245 	0.0 	0.0 	3.70719537069	0.516345257395	107.106185803	-2.68564140903	
6.3	3.83578212006e-06	4.48753965999e-06	0.0 	0.0 	114.7097425 	8.76270000101 	0.0 	0.0 	0.0 	0.0 	8.81175000095 	-5.88599999245 	0.0 	0.0 	3.755120791	0.516289374003	107.137081471	-2.63121362825	
6.31666666667	1.33430931377e-06	4.05025611319e-06	0.0 	0.0 	114.85497 	8.66460000102 	0.0 	0.0 	0.0 	0.0 	8.71365000102 	-5.88599999932 	0.0 	0.0 	3.80214579432	0.516242804509	107.168361475	-2.57610279704	
6.33333333333	1.33430931377e-06	3.62648802693e-06	0.0 	0.0 	114.9985625 	8.56650000104 	0.0 	0.0 	0.0 	0.0 	8.61555000103 	-5.88599999932 	0.0 	0.0 	3.84828729757	0.516203996598	107.200018918	-2.52032193159	
6.35	1.33430931377e-06	3.2264371753e-06	0.0 	0.0 	115.14052 	8.46840000105 	0.0 	0.0 	0.0 	0.0 	8.51745000104 	-5.88599999932 	0.0 	0.0 	3.89356189986	0.516171656672	107.232046982	-2.46388377564	
6.36666666667	1.33430931377e-06	2.85726876961e-06	0.0 	0.0 	115.2808425 	8.37030000106 	0.0 	0.0 	0.0 	0.0 	8.41935000105 	-5.88599999932 	0.0 	0.0 	3.93798588841	0.516144706734	107.264438934	-2.40680080987	
6.38333333333	1.33430931377e-06	2.52357077221e-06	0.0 	0.0 	115.41953 	8.27220000107 	0.0 	0.0 	0.0 	0.0 	8.32125000106 	-5.88599999932 	0.0 	0.0 	3.98157524445	0.516122248452	107.297188136	-2.34908526028	
6.4	1.33430931377e-06	2.22779040364e-06	0.0 	0.0 	115.5565825 	8.17410000108 	0.0 	0.0 	0.0 	0.0 	8.22315000107 	-5.88599999932 	0.0 	0.0 	4.02434564894	0.516103533217	107.33028804	-2.29074910609	
6.41666666667	1.60344733841e-06	2.03960595276e-06	0.0 	0.0 	115.692 	8.07600000109 	0.0 	0.0 	0.0 	0.0 	8.12505000109 	-5.88599999926 	0.0 	0.0 	4.06631248827	0.516087937188	107.363732198	-2.23180408693	
6.43333333333	1.60344733841e-06	1.88013304663e-06	0.0 	0.0 	115.8257825 	7.97790000111 	0.0 	0.0 	0.0 	0.0 	8.0269500011 	-5.88599999926 	0.0 	0.0 	4.1074908597	0.516074940497	107.397514262	-2.17226170953	
6.45	1.60344733841e-06	1.74789511599e-06	0.0 	0.0 	115.95793 	7.87980000112 	0.0 	0.0 	0.0 	0.0 	7.92885000111 	-5.88599999926 	0.0 	0.0 	4.14789557688	0.516064109921	107.431627983	-2.112133254	
6.46666666667	1.60344733841e-06	1.6408967267e-06	0.0 	0.0 	116.0884425 	7.78170000113 	0.0 	0.0 	0.0 	0.0 	7.83075000112 	-5.88599999926 	0.0 	0.0 	4.18754117513	0.516055084442	107.466067216	-2.05142977969	
6.48333333333	1.60344733841e-06	1.55680268162e-06	0.0 	0.0 	116.21732 	7.68360000114 	0.0 	0.0 	0.0 	0.0 	7.73265000114 	-5.88599999926 	0.0 	0.0 	4.22644191669	0.516047563208	107.500825915	-1.99016213065	
6.5	1.60344733841e-06	1.4930874422e-06	0.0 	0.0 	116.3445625 	7.58550000115 	0.0 	0.0 	0.0 	0.0 	7.63455000115 	-5.88599999926 	0.0 	0.0 	4.26461179583	0.516041295514	107.53589814	-1.92834094085	
6.51666666667	1.60344733841e-06	1.44715687841e-06	0.0 	0.0 	116.47017 	7.48740000117 	0.0 	0.0 	0.0 	0.0 	7.53645000116 	-5.88599999926 	0.0 	0.0 	4.30206454391	0.516036072436	107.571278052	-1.86597663913	
6.53333333333	2.70539253626e-07	1.07488707162e-06	0.0 	0.0 	116.5941425 	7.38930000117 	0.0 	0.0 	0.0 	0.0 	7.43835000117 	-5.88599999999 	0.0 	0.0 	4.3388136343	0.51603171987	107.606959912	-1.80307945385	
6.55	2.70539253626e-07	7.61242102049e-07	0.0 	0.0 	116.71648 	7.29120000117 	0.0 	0.0 	0.0 	0.0 	7.34025000117 	-5.88599999999 	0.0 	0.0 	4.37487228723	0.516028092732	107.642938083	-1.73965941734	
6.56666666667	2.70539253626e-07	5.02832786616e-07	0.0 	0.0 	116.8371825 	7.19310000117 	0.0 	0.0 	0.0 	0.0 	7.24215000117 	-5.88599999999 	0.0 	0.0 	4.41025347456	0.516025070117	107.679207031	-1.67572637025	
6.58333333333	2.70539253626e-07	2.9530639425e-07	0.0 	0.0 	116.95625 	7.09500000117 	0.0 	0.0 	0.0 	0.0 	7.14405000117 	-5.88599999999 	0.0 	0.0 	4.44496992443	0.516022551272	107.715761316	-1.61128996559	
6.6	2.70539253626e-07	1.33699467021e-07	0.0 	0.0 	117.0736825 	6.99690000117 	0.0 	0.0 	0.0 	0.0 	7.04595000117 	-5.88599999999 	0.0 	0.0 	4.47903412585	0.516020452233	107.7525956	-1.54635967269	
6.61666666667	2.70539253626e-07	1.27303417508e-08	0.0 	0.0 	117.18948 	6.89880000117 	0.0 	0.0 	0.0 	0.0 	6.94785000117 	-5.88599999999 	0.0 	0.0 	4.51245833318	0.516018703035	107.78970464	-1.48094478105	
6.63333333333	2.70539253626e-07	-7.29642018379e-08	0.0 	0.0 	117.3036425 	6.80070000117 	0.0 	0.0 	0.0 	-0.0 	6.84975000117 	-5.88599999999 	0.0 	0.0 	4.54525457056	0.51601724537	107.827083291	-1.41505440398	
6.65	3.2244779772e-07	-1.15341425712e-07	0.0 	0.0 	117.41617 	6.70260000117 	0.0 	0.0 	0.0 	-0.0 	6.75165000117 	-5.88599999999 	0.0 	0.0 	4.57743463621	0.516016030648	107.864726499	-1.3486974822	
6.66666666667	3.2244779772e-07	-1.34502860982e-07	0.0 	0.0 	117.527062501 	6.60450000117 	0.0 	0.0 	0.0 	-0.0 	6.65355000117 	-5.88599999999 	0.0 	0.0 	4.60901010668	0.516015018381	107.902629305	-1.28188278727	
6.68333333333	3.2244779772e-07	-1.35073265232e-07	0.0 	0.0 	117.636320001 	6.50640000117 	0.0 	0.0 	0.0 	-0.0 	6.55545000117 	-5.88599999999 	0.0 	0.0 	4.63999234104	0.516014174824	107.940786841	-1.21461892499	
6.7	3.2244779772e-07	-1.21217795308e-07	0.0 	0.0 	117.743942501 	6.40830000117 	0.0 	0.0 	0.0 	-0.0 	6.45735000117 	-5.88599999999 	0.0 	0.0 	4.67039248493	0.516013471861	107.979194328	-1.14691433862	
6.71666666667	3.2244779772e-07	-9.66152563352e-08	0.0 	0.0 	117.849930001 	6.31020000117 	0.0 	0.0 	0.0 	-0.0 	6.35925000117 	-5.88599999999 	0.0 	0.0 	4.70022147461	0.516012886058	108.017847077	-1.07877731212	
6.73333333333	3.2244779772e-07	-6.44525681919e-08	0.0 	0.0 	117.954282501 	6.21210000117 	0.0 	0.0 	0.0 	-0.0 	6.26115000117 	-5.88599999999 	0.0 	0.0 	4.72949004084	0.516012397889	108.056740486	-1.0102159732	
6.75	-7.31274298462e-08	-1.2880200051e-07	0.0 	0.0 	118.057000001 	6.11400000117 	0.0 	0.0 	0.0 	-0.0 	6.16305000117 	-5.886 	0.0 	0.0 	4.7582087128	0.516011991081	108.095870038	-0.941238296399	
6.76666666667	-7.31274298462e-08	-1.76932980223e-07	0.0 	0.0 	118.158082501 	6.01590000117 	0.0 	0.0 	0.0 	-0.0 	6.06495000117 	-5.886 	0.0 	0.0 	4.78638782184	0.516011652075	108.1352313	-0.871852105997	
6.78333333333	-7.31274298462e-08	-2.10990566052e-07	0.0 	0.0 	118.257530001 	5.91780000117 	0.0 	0.0 	0.0 	-0.0 	5.96685000117 	-5.886 	0.0 	0.0 	4.81403750518	0.516011369569	108.174819921	-0.802065078932	
6.8	-7.31274298462e-08	-2.33076972062e-07	0.0 	0.0 	118.355342501 	5.81970000117 	0.0 	0.0 	0.0 	-0.0 	5.86875000117 	-5.886 	0.0 	0.0 	4.84116770963	0.516011134148	108.214631633	-0.731884747612	
6.81666666667	-7.31274298462e-08	-2.45195513526e-07	0.0 	0.0 	118.451520001 	5.72160000117 	0.0 	0.0 	0.0 	-0.0 	5.77065000117 	-5.886 	0.0 	0.0 	4.86778819509	0.516010937964	108.254662247	-0.661318502682	
6.83333333333	-7.31274298462e-08	-2.49210255546e-07	0.0 	0.0 	118.546062501 	5.62350000117 	0.0 	0.0 	0.0 	-0.0 	5.67255000117 	-5.886 	0.0 	0.0 	4.89390853809	0.516010774477	108.294907652	-0.590373595724	
6.85	-7.31274298462e-08	-2.46819092308e-07	0.0 	0.0 	118.638970001 	5.52540000117 	0.0 	0.0 	0.0 	-0.0 	5.57445000117 	-5.886 	0.0 	0.0 	4.91953813525	0.516010638238	108.335363814	-0.519057141905	
6.86666666667	1.82052162992e-06	2.45709495219e-07	0.0 	0.0 	118.730242501 	5.42730000117 	0.0 	0.0 	0.0 	0.0 	5.47635000117 	-5.8859999998 	0.0 	0.0 	4.94468620665	0.516010524705	108.376026775	-0.447376122564	
6.88333333333	1.82052162992e-06	6.76632029761e-07	0.0 	0.0 	118.819880001 	5.32920000118 	0.0 	0.0 	0.0 	0.0 	5.37825000117 	-5.8859999998 	0.0 	0.0 	4.96936179913	0.516010430095	108.41689265	-0.375337387755	
6.9	1.82052162992e-06	1.04634354404e-06	0.0 	0.0 	118.907882501 	5.23110000118 	0.0 	0.0 	0.0 	0.0 	5.28015000118 	-5.8859999998 	0.0 	0.0 	4.99357378957	0.516010351253	108.457957629	-0.30294765873	
6.91666666667	1.82052162992e-06	1.35706303278e-06	0.0 	0.0 	118.994250001 	5.13300000118 	0.0 	0.0 	0.0 	0.0 	5.18205000118 	-5.8859999998 	0.0 	0.0 	5.01733088807	0.516010285551	108.49921797	-0.230213530377	
6.93333333333	1.82052162992e-06	1.61235371772e-06	0.0 	0.0 	119.078982501 	5.03490000119 	0.0 	0.0 	0.0 	0.0 	5.08395000118 	-5.8859999998 	0.0 	0.0 	5.04064164108	0.5160102308	108.540670006	-0.157141473606	
6.95	1.82052162992e-06	1.81670924581e-06	0.0 	0.0 	119.162080001 	4.93680000119 	0.0 	0.0 	0.0 	0.0 	4.98585000119 	-5.8859999998 	0.0 	0.0 	5.06351443449	0.516010185174	108.582310133	-0.0837378376922	
6.96666666667	-7.17817585744e-07	1.32475449306e-06	0.0 	0.0 	119.243542501 	4.83870000119 	0.0 	0.0 	0.0 	0.0 	4.88775000119 	-5.88599999998 	0.0 	0.0 	5.08595749663	0.516010147152	108.62413482	-0.0100088525697	
6.98333333333	-7.17817585744e-07	8.79659182223e-07	0.0 	0.0 	119.323370001 	4.74060000119 	0.0 	0.0 	0.0 	0.0 	4.78965000119 	-5.88599999998 	0.0 	0.0 	5.10797890124	0.516010115467	108.666140599	0.0640393689175	
7.0	-7.17817585744e-07	4.84789167323e-07	0.0 	0.0 	119.401562501 	4.64250000119 	0.0 	0.0 	0.0 	0.0 	4.69155000119 	-5.88599999998 	0.0 	0.0 	5.12958657037	0.516010089063	108.708324068	0.138400828809	
7.01666666667	-7.17817585744e-07	1.41183444742e-07	0.0 	0.0 	119.478120001 	4.54440000119 	0.0 	0.0 	0.0 	0.0 	4.59345000119 	-5.88599999998 	0.0 	0.0 	5.15078827723	0.516010067059	108.750681889	0.213069641862	
7.03333333333	-7.17817585744e-07	-1.51954772461e-07	0.0 	0.0 	119.553042501 	4.44630000119 	0.0 	0.0 	0.0 	-0.0 	4.49535000119 	-5.88599999998 	0.0 	0.0 	5.17159164899	0.516010048723	108.793210787	0.288040033434	
7.05	-7.17817585744e-07	-3.96820103708e-07	0.0 	0.0 	119.626330001 	4.34820000119 	0.0 	0.0 	0.0 	-0.0 	4.39725000119 	-5.88599999998 	0.0 	0.0 	5.19200416952	0.516010033443	108.835907546	0.363306337393	
7.06666666667	-7.17817585744e-07	-5.96621906738e-07	0.0 	0.0 	119.697982501 	4.25010000119 	0.0 	0.0 	0.0 	-0.0 	4.29915000119 	-5.88599999998 	0.0 	0.0 	5.2120331821	0.51601002071	108.878769015	0.438862994081	
7.08333333333	-5.16131191909e-07	-7.03573530636e-07	0.0 	0.0 	119.768000001 	4.15200000119 	0.0 	0.0 	0.0 	-0.0 	4.20105000119 	-5.88599999999 	0.0 	0.0 	5.23168589201	0.516010010099	108.921792098	0.51470454831	
7.1	-5.16131191909e-07	-7.80603466071e-07	0.0 	0.0 	119.836382501 	4.05390000119 	0.0 	0.0 	0.0 	-0.0 	4.10295000119 	-5.88599999999 	0.0 	0.0 	5.25096936919	0.516010001256	108.964973759	0.590825647394	
7.11666666667	-5.16131191909e-07	-8.32036907466e-07	0.0 	0.0 	119.903130001 	3.95580000119 	0.0 	0.0 	0.0 	-0.0 	4.00485000119 	-5.88599999999 	0.0 	0.0 	5.26989055074	0.516009993887	109.008311019	0.667221039226	
7.13333333333	-5.16131191909e-07	-8.62025770936e-07	0.0 	0.0 	119.968242501 	3.85770000119 	0.0 	0.0 	0.0 	-0.0 	3.90675000119 	-5.88599999999 	0.0 	0.0 	5.28845624342	0.516009987746	109.051800955	0.74388557038	
7.15	-5.16131191909e-07	-8.7445793453e-07	0.0 	0.0 	120.031720001 	3.75960000119 	0.0 	0.0 	0.0 	-0.0 	3.80865000119 	-5.88599999999 	0.0 	0.0 	5.30667312612	0.516009982629	109.095440698	0.820814184263	
7.16666666667	-5.16131191909e-07	-8.72895150609e-07	0.0 	0.0 	120.093562501 	3.66150000119 	0.0 	0.0 	0.0 	-0.0 	3.71055000119 	-5.88599999999 	0.0 	0.0 	5.32454775224	0.516009978365	109.139227433	0.898001919288	
7.18333333333	2.68240235237e-06	-4.091089864e-08	0.0 	0.0 	120.153770001 	3.56340000119 	0.0 	0.0 	0.0 	-0.0 	3.61245000119 	-5.88599999992 	0.0 	0.0 	5.34208655204	0.516009974811	109.1831584	0.975443907092	
7.2	2.68240235237e-06	6.8898043573e-07	0.0 	0.0 	120.212342501 	3.4653000012 	0.0 	0.0 	0.0 	0.0 	3.51435000119 	-5.88599999992 	0.0 	0.0 	5.359295835	0.51600997185	109.227230888	1.05313537078	
7.21666666667	2.68240235237e-06	1.31694065476e-06	0.0 	0.0 	120.269280001 	3.3672000012 	0.0 	0.0 	0.0 	0.0 	3.4162500012 	-5.88599999992 	0.0 	0.0 	5.37618179204	0.516009969382	109.271442239	1.13107162322	
7.23333333333	2.68240235237e-06	1.84628050256e-06	0.0 	0.0 	120.324582501 	3.2691000012 	0.0 	0.0 	0.0 	0.0 	3.3181500012 	-5.88599999992 	0.0 	0.0 	5.39275049777	0.516009967325	109.315789843	1.20924806532	
7.25	2.68240235237e-06	2.28264769241e-06	0.0 	0.0 	120.378250001 	3.1710000012 	0.0 	0.0 	0.0 	0.0 	3.2200500012 	-5.88599999992 	0.0 	0.0 	5.40900791266	0.516009965611	109.360271141	1.28766018443	
7.26666666667	2.68240235237e-06	2.63332459767e-06	0.0 	0.0 	120.430282501 	3.0729000012 	0.0 	0.0 	0.0 	0.0 	3.1219500012 	-5.88599999992 	0.0 	0.0 	5.42495988521	0.516009964183	109.40488362	1.36630355265	
7.28333333333	2.68240235237e-06	2.90663287908e-06	0.0 	0.0 	120.480680001 	2.9748000012 	0.0 	0.0 	0.0 	0.0 	3.0238500012 	-5.88599999992 	0.0 	0.0 	5.44061215403	0.516009962993	109.449624817	1.44517382531	
7.3	-9.77123474273e-07	2.17368610014e-06	0.0 	0.0 	120.529442501 	2.8767000012 	0.0 	0.0 	0.0 	0.0 	2.9257500012 	-5.886 	0.0 	0.0 	5.45597034993	0.516009962001	109.494492313	1.52426673933	
7.31666666667	-9.77123474273e-07	1.50718954725e-06	0.0 	0.0 	120.576570001 	2.7786000012 	0.0 	0.0 	0.0 	0.0 	2.8276500012 	-5.886 	0.0 	0.0 	5.4710399979	0.516009961175	109.539483735	1.60357811176	
7.33333333333	-9.77123474273e-07	9.13019936848e-07	0.0 	0.0 	120.622062501 	2.6805000012 	0.0 	0.0 	0.0 	0.0 	2.7295500012 	-5.886 	0.0 	0.0 	5.48582651915	0.516009960486	109.584596755	1.68310383821	
7.35	-9.77123474273e-07	3.93471507186e-07	0.0 	0.0 	120.665920001 	2.5824000012 	0.0 	0.0 	0.0 	0.0 	2.6314500012 	-5.886 	0.0 	0.0 	5.50033523303	0.516009959912	109.629829088	1.76283989144	
7.36666666667	-9.77123474273e-07	-5.2009618973e-08	0.0 	0.0 	120.708142501 	2.4843000012 	0.0 	0.0 	0.0 	-0.0 	2.5333500012 	-5.886 	0.0 	0.0 	5.51457135896	0.516009959434	109.675178493	1.84278231983	
7.38333333333	-9.77123474273e-07	-4.26167299724e-07	0.0 	0.0 	120.748730001 	2.3862000012 	0.0 	0.0 	0.0 	-0.0 	2.4352500012 	-5.886 	0.0 	0.0 	5.52854001827	0.516009959035	109.720642769	1.92292724603	
7.4	-9.77123474273e-07	-7.33356882761e-07	0.0 	0.0 	120.787682501 	2.2881000012 	0.0 	0.0 	0.0 	-0.0 	2.3371500012 	-5.886 	0.0 	0.0 	5.54224623611	0.516009958703	109.76621976	2.00327086555	
7.41666666667	5.35777144273e-06	6.44270306882e-07	0.0 	0.0 	120.825000001 	2.1900000012 	0.0 	0.0 	0.0 	0.0 	2.2390500012 	-5.88599999995 	0.0 	0.0 	5.55569494319	0.516009958427	109.811907347	2.08380944534	
7.43333333333	5.35777144273e-06	1.85922828935e-06	0.0 	0.0 	120.860682501 	2.0919000012 	0.0 	0.0 	0.0 	0.0 	2.1409500012 	-5.88599999995 	0.0 	0.0 	5.56889097759	0.516009958196	109.857703452	2.16453932252	
7.45	5.35777144273e-06	2.91015019931e-06	0.0 	0.0 	120.894730001 	1.99380000121 	0.0 	0.0 	0.0 	0.0 	2.0428500012 	-5.88599999995 	0.0 	0.0 	5.5818390865	0.516009958004	109.903606036	2.24545690301	
7.46666666667	5.35777144273e-06	3.80110284338e-06	0.0 	0.0 	120.927142501 	1.89570000121 	0.0 	0.0 	0.0 	0.0 	1.94475000121 	-5.88599999995 	0.0 	0.0 	5.5945439279	0.516009957844	109.9496131	2.32655866027	
7.48333333333	5.35777144273e-06	4.54023703627e-06	0.0 	0.0 	120.957920001 	1.79760000121 	0.0 	0.0 	0.0 	0.0 	1.84665000121 	-5.88599999995 	0.0 	0.0 	5.60701007229	0.51600995771	109.99572268	2.40784113401	
7.5	5.35777144273e-06	5.13861398596e-06	0.0 	0.0 	120.987062501 	1.69950000121 	0.0 	0.0 	0.0 	0.0 	1.74855000121 	-5.88599999995 	0.0 	0.0 	5.61924200426	0.516009957599	110.041932849	2.48930092893	
7.51666666667	5.35777144273e-06	5.60920479249e-06	0.0 	0.0 	121.014570002 	1.60140000121 	0.0 	0.0 	0.0 	0.0 	1.65045000121 	-5.88599999995 	0.0 	0.0 	5.63124412418	0.516009957506	110.088241719	2.57093471356	
7.53333333333	5.3840249265e-06	5.97278283059e-06	0.0 	0.0 	121.040442502 	1.50330000121 	0.0 	0.0 	0.0 	0.0 	1.55235000121 	-5.88599999999 	0.0 	0.0 	5.64302074973	0.516009957429	110.134647435	2.652739219	
7.55	5.3840249265e-06	6.23615712561e-06	0.0 	0.0 	121.064680002 	1.40520000121 	0.0 	0.0 	0.0 	0.0 	1.45425000121 	-5.88599999999 	0.0 	0.0 	5.65457611746	0.516009957365	110.181148177	2.73471123776	
7.56666666667	5.3840249265e-06	6.41364307303e-06	0.0 	0.0 	121.087282502 	1.30710000121 	0.0 	0.0 	0.0 	0.0 	1.35615000121 	-5.88599999999 	0.0 	0.0 	5.66591438434	0.516009957311	110.227742159	2.81684762262	
7.58333333333	5.3840249265e-06	6.5190191152e-06	0.0 	0.0 	121.108250002 	1.20900000121 	0.0 	0.0 	0.0 	0.0 	1.25805000121 	-5.88599999999 	0.0 	0.0 	5.67703962924	0.516009957266	110.274427631	2.89914528549	
7.6	5.3840249265e-06	6.56521697949e-06	0.0 	0.0 	121.127582502 	1.11090000121 	0.0 	0.0 	0.0 	0.0 	1.15995000121 	-5.88599999999 	0.0 	0.0 	5.68795585439	0.516009957229	110.321202873	2.98160119631	
7.61666666667	5.3840249265e-06	6.56410807266e-06	0.0 	0.0 	121.145280002 	1.01280000121 	0.0 	0.0 	0.0 	0.0 	1.06185000121 	-5.88599999999 	0.0 	0.0 	5.69866698682	0.516009957198	110.368066199	3.06421238192	
7.63333333333	5.3840249265e-06	6.52637107154e-06	0.0 	0.0 	121.161342502 	0.91470000121 	0.0 	0.0 	0.0 	0.0 	0.96375000121 	-5.88599999999 	0.0 	0.0 	5.7091768798	0.516009957172	110.415015953	3.14697592504	
7.65	5.3840249265e-06	6.52637107154e-06	0.0 	0.0 	121.161342502 	0.0 	0.0 	0.0 	0.0 	0.0 	0.0 	0.0 	0.0 	0.0 	0.0	0.516009957172	110.415015953	3.14697592504	
7.66666666667	5.3840249265e-06	6.52637107154e-06	0.0 	0.0 	121.161342502 	0.0 	0.0 	0.0 	0.0 	0.0 	0.0 	0.0 	0.0 	0.0 	0.0	0.516009957172	110.415015953	3.14697592504	
7.68333333333	5.3840249265e-06	6.52637107154e-06	0.0 	0.0 	121.161342502 	0.0 	0.0 	0.0 	0.0 	0.0 	0.0 	0.0 	0.0 	0.0 	0.0	0.516009957172	110.415015953	3.14697592504	
7.7	5.3840249265e-06	6.52637107154e-06	0.0 	0.0 	121.161342502 	0.0 	0.0 	0.0 	0.0 	0.0 	0.0 	0.0 	0.0 	0.0 	0.0	0.516009957172	110.415015953	3.14697592504	
7.71666666667	5.3840249265e-06	6.52637107154e-06	0.0 	0.0 	121.161342502 	0.0 	0.0 	0.0 	0.0 	0.0 	0.0 	0.0 	0.0 	0.0 	0.0	0.516009957172	110.415015953	3.14697592504	
7.73333333333	5.3840249265e-06	6.52637107154e-06	0.0 	0.0 	121.161342502 	0.0 	0.0 	0.0 	0.0 	0.0 	0.0 	0.0 	0.0 	0.0 	0.0	0.516009957172	110.415015953	3.14697592504	
7.75	5.3840249265e-06	6.52637107154e-06	0.0 	0.0 	121.161342502 	0.0 	0.0 	0.0 	0.0 	0.0 	0.0 	0.0 	0.0 	0.0 	0.0	0.516009957172	110.415015953	3.14697592504	
7.76666666667	5.3840249265e-06	6.52637107154e-06	0.0 	0.0 	121.161342502 	0.0 	0.0 	0.0 	0.0 	0.0 	0.0 	0.0 	0.0 	0.0 	0.0	0.516009957172	110.415015953	3.14697592504	
7.78333333333	5.3840249265e-06	6.52637107154e-06	0.0 	0.0 	121.161342502 	0.0 	0.0 	0.0 	0.0 	0.0 	0.0 	0.0 	0.0 	0.0 	0.0	0.516009957172	110.415015953	3.14697592504	
7.8	5.3840249265e-06	6.52637107154e-06	0.0 	0.0 	121.161342502 	0.0 	0.0 	0.0 	0.0 	0.0 	0.0 	0.0 	0.0 	0.0 	0.0	0.516009957172	110.415015953	3.14697592504	
7.81666666667	5.3840249265e-06	6.52637107154e-06	0.0 	0.0 	121.161342502 	0.0 	0.0 	0.0 	0.0 	0.0 	0.0 	0.0 	0.0 	0.0 	0.0	0.516009957172	110.415015953	3.14697592504	
7.83333333333	5.3840249265e-06	6.52637107154e-06	0.0 	0.0 	121.161342502 	0.0 	0.0 	0.0 	0.0 	0.0 	0.0 	0.0 	0.0 	0.0 	0.0	0.516009957172	110.415015953	3.14697592504	
7.85	5.3840249265e-06	6.52637107154e-06	0.0 	0.0 	121.161342502 	0.0 	0.0 	0.0 	0.0 	0.0 	0.0 	0.0 	0.0 	0.0 	0.0	0.516009957172	110.415015953	3.14697592504	
7.86666666667	5.3840249265e-06	6.52637107154e-06	0.0 	0.0 	121.161342502 	0.0 	0.0 	0.0 	0.0 	0.0 	0.0 	0.0 	0.0 	0.0 	0.0	0.516009957172	110.415015953	3.14697592504	
7.88333333333	5.3840249265e-06	6.52637107154e-06	0.0 	0.0 	121.161342502 	0.0 	0.0 	0.0 	0.0 	0.0 	0.0 	0.0 	0.0 	0.0 	0.0	0.516009957172	110.415015953	3.14697592504	
7.9	5.3840249265e-06	6.52637107154e-06	0.0 	0.0 	121.161342502 	0.0 	0.0 	0.0 	0.0 	0.0 	0.0 	0.0 	0.0 	0.0 	0.0	0.516009957172	110.415015953	3.14697592504	
7.91666666667	5.3840249265e-06	6.52637107154e-06	0.0 	0.0 	121.161342502 	0.0 	0.0 	0.0 	0.0 	0.0 	0.0 	0.0 	0.0 	0.0 	0.0	0.516009957172	110.415015953	3.14697592504	
7.93333333333	5.3840249265e-06	6.52637107154e-06	0.0 	0.0 	121.161342502 	0.0 	0.0 	0.0 	0.0 	0.0 	0.0 	0.0 	0.0 	0.0 	0.0	0.516009957172	110.415015953	3.14697592504	
7.95	5.3840249265e-06	6.52637107154e-06	0.0 	0.0 	121.161342502 	0.0 	0.0 	0.0 	0.0 	0.0 	0.0 	0.0 	0.0 	0.0 	0.0	0.516009957172	110.415015953	3.14697592504	
7.96666666667	5.3840249265e-06	6.52637107154e-06	0.0 	0.0 	121.161342502 	0.0 	0.0 	0.0 	0.0 	0.0 	0.0 	0.0 	0.0 	0.0 	0.0	0.516009957172	110.415015953	3.14697592504	
7.98333333333	5.3840249265e-06	6.52637107154e-06	0.0 	0.0 	121.161342502 	0.0 	0.0 	0.0 	0.0 	0.0 	0.0 	0.0 	0.0 	0.0 	0.0	0.516009957172	110.415015953	3.14697592504	
8.0	5.3840249265e-06	6.52637107154e-06	0.0 	0.0 	121.161342502 	0.0 	0.0 	0.0 	0.0 	0.0 	0.0 	0.0 	0.0 	0.0 	0.0	0.516009957172	110.415015953	3.14697592504	
8.01666666667	5.3840249265e-06	6.52637107154e-06	0.0 	0.0 	121.161342502 	0.0 	0.0 	0.0 	0.0 	0.0 	0.0 	0.0 	0.0 	0.0 	0.0	0.516009957172	110.415015953	3.14697592504	
8.03333333333	5.3840249265e-06	6.52637107154e-06	0.0 	0.0 	121.161342502 	0.0 	0.0 	0.0 	0.0 	0.0 	0.0 	0.0 	0.0 	0.0 	0.0	0.516009957172	110.415015953	3.14697592504	
8.05	5.3840249265e-06	6.52637107154e-06	0.0 	0.0 	121.161342502 	0.0 	0.0 	0.0 	0.0 	0.0 	0.0 	0.0 	0.0 	0.0 	0.0	0.516009957172	110.415015953	3.14697592504	
8.06666666667	5.3840249265e-06	6.52637107154e-06	0.0 	0.0 	121.161342502 	0.0 	0.0 	0.0 	0.0 	0.0 	0.0 	0.0 	0.0 	0.0 	0.0	0.516009957172	110.415015953	3.14697592504	
8.08333333333	5.3840249265e-06	6.52637107154e-06	0.0 	0.0 	121.161342502 	0.0 	0.0 	0.0 	0.0 	0.0 	0.0 	0.0 	0.0 	0.0 	0.0	0.516009957172	110.415015953	3.14697592504	
8.1	5.3840249265e-06	6.52637107154e-06	0.0 	0.0 	121.161342502 	0.0 	0.0 	0.0 	0.0 	0.0 	0.0 	0.0 	0.0 	0.0 	0.0	0.516009957172	110.415015953	3.14697592504	
8.11666666667	5.3840249265e-06	6.52637107154e-06	0.0 	0.0 	121.161342502 	0.0 	0.0 	0.0 	0.0 	0.0 	0.0 	0.0 	0.0 	0.0 	0.0	0.516009957172	110.415015953	3.14697592504	
8.13333333333	5.3840249265e-06	6.52637107154e-06	0.0 	0.0 	121.161342502 	0.0 	0.0 	0.0 	0.0 	0.0 	0.0 	0.0 	0.0 	0.0 	0.0	0.516009957172	110.415015953	3.14697592504	
8.15	5.3840249265e-06	6.52637107154e-06	0.0 	0.0 	121.161342502 	0.0 	0.0 	0.0 	0.0 	0.0 	0.0 	0.0 	0.0 	0.0 	0.0	0.516009957172	110.415015953	3.14697592504	
8.16666666667	5.3840249265e-06	6.52637107154e-06	0.0 	0.0 	121.161342502 	0.0 	0.0 	0.0 	0.0 	0.0 	0.0 	0.0 	0.0 	0.0 	0.0	0.516009957172	110.415015953	3.14697592504	
8.18333333333	5.3840249265e-06	6.52637107154e-06	0.0 	0.0 	121.161342502 	0.0 	0.0 	0.0 	0.0 	0.0 	0.0 	0.0 	0.0 	0.0 	0.0	0.516009957172	110.415015953	3.14697592504	
8.2	5.3840249265e-06	6.52637107154e-06	0.0 	0.0 	121.161342502 	0.0 	0.0 	0.0 	0.0 	0.0 	0.0 	0.0 	0.0 	0.0 	0.0	0.516009957172	110.415015953	3.14697592504	
8.21666666667	5.3840249265e-06	6.52637107154e-06	0.0 	0.0 	121.161342502 	0.0 	0.0 	0.0 	0.0 	0.0 	0.0 	0.0 	0.0 	0.0 	0.0	0.516009957172	110.415015953	3.14697592504	
8.23333333333	5.3840249265e-06	6.52637107154e-06	0.0 	0.0 	121.161342502 	0.0 	0.0 	0.0 	0.0 	0.0 	0.0 	0.0 	0.0 	0.0 	0.0	0.516009957172	110.415015953	3.14697592504	
8.25	5.3840249265e-06	6.52637107154e-06	0.0 	0.0 	121.161342502 	0.0 	0.0 	0.0 	0.0 	0.0 	0.0 	0.0 	0.0 	0.0 	0.0	0.516009957172	110.415015953	3.14697592504	
8.26666666667	5.3840249265e-06	6.52637107154e-06	0.0 	0.0 	121.161342502 	0.0 	0.0 	0.0 	0.0 	0.0 	0.0 	0.0 	0.0 	0.0 	0.0	0.516009957172	110.415015953	3.14697592504	
8.28333333333	5.3840249265e-06	6.52637107154e-06	0.0 	0.0 	121.161342502 	0.0 	0.0 	0.0 	0.0 	0.0 	0.0 	0.0 	0.0 	0.0 	0.0	0.516009957172	110.415015953	3.14697592504	
8.3	5.3840249265e-06	6.52637107154e-06	0.0 	0.0 	121.161342502 	0.0 	0.0 	0.0 	0.0 	0.0 	0.0 	0.0 	0.0 	0.0 	0.0	0.516009957172	110.415015953	3.14697592504	
8.31666666667	5.3840249265e-06	6.52637107154e-06	0.0 	0.0 	121.161342502 	0.0 	0.0 	0.0 	0.0 	0.0 	0.0 	0.0 	0.0 	0.0 	0.0	0.516009957172	110.415015953	3.14697592504	
8.33333333333	5.3840249265e-06	6.52637107154e-06	0.0 	0.0 	121.161342502 	0.0 	0.0 	0.0 	0.0 	0.0 	0.0 	0.0 	0.0 	0.0 	0.0	0.516009957172	110.415015953	3.14697592504	
8.35	5.3840249265e-06	6.52637107154e-06	0.0 	0.0 	121.161342502 	0.0 	0.0 	0.0 	0.0 	0.0 	0.0 	0.0 	0.0 	0.0 	0.0	0.516009957172	110.415015953	3.14697592504	
8.36666666667	5.3840249265e-06	6.52637107154e-06	0.0 	0.0 	121.161342502 	0.0 	0.0 	0.0 	0.0 	0.0 	0.0 	0.0 	0.0 	0.0 	0.0	0.516009957172	110.415015953	3.14697592504	
8.38333333333	5.3840249265e-06	6.52637107154e-06	0.0 	0.0 	121.161342502 	0.0 	0.0 	0.0 	0.0 	0.0 	0.0 	0.0 	0.0 	0.0 	0.0	0.516009957172	110.415015953	3.14697592504	
8.4	5.3840249265e-06	6.52637107154e-06	0.0 	0.0 	121.161342502 	0.0 	0.0 	0.0 	0.0 	0.0 	0.0 	0.0 	0.0 	0.0 	0.0	0.516009957172	110.415015953	3.14697592504	
8.41666666667	5.3840249265e-06	6.52637107154e-06	0.0 	0.0 	121.161342502 	0.0 	0.0 	0.0 	0.0 	0.0 	0.0 	0.0 	0.0 	0.0 	0.0	0.516009957172	110.415015953	3.14697592504	
8.43333333333	5.3840249265e-06	6.52637107154e-06	0.0 	0.0 	121.161342502 	0.0 	0.0 	0.0 	0.0 	0.0 	0.0 	0.0 	0.0 	0.0 	0.0	0.516009957172	110.415015953	3.14697592504	
8.45	5.3840249265e-06	6.52637107154e-06	0.0 	0.0 	121.161342502 	0.0 	0.0 	0.0 	0.0 	0.0 	0.0 	0.0 	0.0 	0.0 	0.0	0.516009957172	110.415015953	3.14697592504	
8.46666666667	5.3840249265e-06	6.52637107154e-06	0.0 	0.0 	121.161342502 	0.0 	0.0 	0.0 	0.0 	0.0 	0.0 	0.0 	0.0 	0.0 	0.0	0.516009957172	110.415015953	3.14697592504	
8.48333333333	5.3840249265e-06	6.52637107154e-06	0.0 	0.0 	121.161342502 	0.0 	0.0 	0.0 	0.0 	0.0 	0.0 	0.0 	0.0 	0.0 	0.0	0.516009957172	110.415015953	3.14697592504	
8.5	5.3840249265e-06	6.52637107154e-06	0.0 	0.0 	121.161342502 	0.0 	0.0 	0.0 	0.0 	0.0 	0.0 	0.0 	0.0 	0.0 	0.0	0.516009957172	110.415015953	3.14697592504	
8.51666666667	5.3840249265e-06	6.52637107154e-06	0.0 	0.0 	121.161342502 	0.0 	0.0 	0.0 	0.0 	0.0 	0.0 	0.0 	0.0 	0.0 	0.0	0.516009957172	110.415015953	3.14697592504	
8.53333333333	5.3840249265e-06	6.52637107154e-06	0.0 	0.0 	121.161342502 	0.0 	0.0 	0.0 	0.0 	0.0 	0.0 	0.0 	0.0 	0.0 	0.0	0.516009957172	110.415015953	3.14697592504	
8.55	5.3840249265e-06	6.52637107154e-06	0.0 	0.0 	121.161342502 	0.0 	0.0 	0.0 	0.0 	0.0 	0.0 	0.0 	0.0 	0.0 	0.0	0.516009957172	110.415015953	3.14697592504	
8.56666666667	5.3840249265e-06	6.52637107154e-06	0.0 	0.0 	121.161342502 	0.0 	0.0 	0.0 	0.0 	0.0 	0.0 	0.0 	0.0 	0.0 	0.0	0.516009957172	110.415015953	3.14697592504	
8.58333333333	5.3840249265e-06	6.52637107154e-06	0.0 	0.0 	121.161342502 	0.0 	0.0 	0.0 	0.0 	0.0 	0.0 	0.0 	0.0 	0.0 	0.0	0.516009957172	110.415015953	3.14697592504	
8.6	5.3840249265e-06	6.52637107154e-06	0.0 	0.0 	121.161342502 	0.0 	0.0 	0.0 	0.0 	0.0 	0.0 	0.0 	0.0 	0.0 	0.0	0.516009957172	110.415015953	3.14697592504	
8.61666666667	5.3840249265e-06	6.52637107154e-06	0.0 	0.0 	121.161342502 	0.0 	0.0 	0.0 	0.0 	0.0 	0.0 	0.0 	0.0 	0.0 	0.0	0.516009957172	110.415015953	3.14697592504	
8.63333333333	5.3840249265e-06	6.52637107154e-06	0.0 	0.0 	121.161342502 	0.0 	0.0 	0.0 	0.0 	0.0 	0.0 	0.0 	0.0 	0.0 	0.0	0.516009957172	110.415015953	3.14697592504	
8.65	5.3840249265e-06	6.52637107154e-06	0.0 	0.0 	121.161342502 	0.0 	0.0 	0.0 	0.0 	0.0 	0.0 	0.0 	0.0 	0.0 	0.0	0.516009957172	110.415015953	3.14697592504	
8.66666666667	5.3840249265e-06	6.52637107154e-06	0.0 	0.0 	121.161342502 	0.0 	0.0 	0.0 	0.0 	0.0 	0.0 	0.0 	0.0 	0.0 	0.0	0.516009957172	110.415015953	3.14697592504	
8.68333333333	5.3840249265e-06	6.52637107154e-06	0.0 	0.0 	121.161342502 	0.0 	0.0 	0.0 	0.0 	0.0 	0.0 	0.0 	0.0 	0.0 	0.0	0.516009957172	110.415015953	3.14697592504	
8.7	5.3840249265e-06	6.52637107154e-06	0.0 	0.0 	121.161342502 	0.0 	0.0 	0.0 	0.0 	0.0 	0.0 	0.0 	0.0 	0.0 	0.0	0.516009957172	110.415015953	3.14697592504	
8.71666666667	5.3840249265e-06	6.52637107154e-06	0.0 	0.0 	121.161342502 	0.0 	0.0 	0.0 	0.0 	0.0 	0.0 	0.0 	0.0 	0.0 	0.0	0.516009957172	110.415015953	3.14697592504	
8.73333333333	5.3840249265e-06	6.52637107154e-06	0.0 	0.0 	121.161342502 	0.0 	0.0 	0.0 	0.0 	0.0 	0.0 	0.0 	0.0 	0.0 	0.0	0.516009957172	110.415015953	3.14697592504	
8.75	5.3840249265e-06	6.52637107154e-06	0.0 	0.0 	121.161342502 	0.0 	0.0 	0.0 	0.0 	0.0 	0.0 	0.0 	0.0 	0.0 	0.0	0.516009957172	110.415015953	3.14697592504	
8.76666666667	5.3840249265e-06	6.52637107154e-06	0.0 	0.0 	121.161342502 	0.0 	0.0 	0.0 	0.0 	0.0 	0.0 	0.0 	0.0 	0.0 	0.0	0.516009957172	110.415015953	3.14697592504	
8.78333333333	5.3840249265e-06	6.52637107154e-06	0.0 	0.0 	121.161342502 	0.0 	0.0 	0.0 	0.0 	0.0 	0.0 	0.0 	0.0 	0.0 	0.0	0.516009957172	110.415015953	3.14697592504	
8.8	5.3840249265e-06	6.52637107154e-06	0.0 	0.0 	121.161342502 	0.0 	0.0 	0.0 	0.0 	0.0 	0.0 	0.0 	0.0 	0.0 	0.0	0.516009957172	110.415015953	3.14697592504	
8.81666666667	5.3840249265e-06	6.52637107154e-06	0.0 	0.0 	121.161342502 	0.0 	0.0 	0.0 	0.0 	0.0 	0.0 	0.0 	0.0 	0.0 	0.0	0.516009957172	110.415015953	3.14697592504	
8.83333333333	5.3840249265e-06	6.52637107154e-06	0.0 	0.0 	121.161342502 	0.0 	0.0 	0.0 	0.0 	0.0 	0.0 	0.0 	0.0 	0.0 	0.0	0.516009957172	110.415015953	3.14697592504	
8.85	5.3840249265e-06	6.52637107154e-06	0.0 	0.0 	121.161342502 	0.0 	0.0 	0.0 	0.0 	0.0 	0.0 	0.0 	0.0 	0.0 	0.0	0.516009957172	110.415015953	3.14697592504	
8.86666666667	5.3840249265e-06	6.52637107154e-06	0.0 	0.0 	121.161342502 	0.0 	0.0 	0.0 	0.0 	0.0 	0.0 	0.0 	0.0 	0.0 	0.0	0.516009957172	110.415015953	3.14697592504	
8.88333333333	5.3840249265e-06	6.52637107154e-06	0.0 	0.0 	121.161342502 	0.0 	0.0 	0.0 	0.0 	0.0 	0.0 	0.0 	0.0 	0.0 	0.0	0.516009957172	110.415015953	3.14697592504	
8.9	5.3840249265e-06	6.52637107154e-06	0.0 	0.0 	121.161342502 	0.0 	0.0 	0.0 	0.0 	0.0 	0.0 	0.0 	0.0 	0.0 	0.0	0.516009957172	110.415015953	3.14697592504	
8.91666666667	5.3840249265e-06	6.52637107154e-06	0.0 	0.0 	121.161342502 	0.0 	0.0 	0.0 	0.0 	0.0 	0.0 	0.0 	0.0 	0.0 	0.0	0.516009957172	110.415015953	3.14697592504	
8.93333333333	5.3840249265e-06	6.52637107154e-06	0.0 	0.0 	121.161342502 	0.0 	0.0 	0.0 	0.0 	0.0 	0.0 	0.0 	0.0 	0.0 	0.0	0.516009957172	110.415015953	3.14697592504	
8.95	5.3840249265e-06	6.52637107154e-06	0.0 	0.0 	121.161342502 	0.0 	0.0 	0.0 	0.0 	0.0 	0.0 	0.0 	0.0 	0.0 	0.0	0.516009957172	110.415015953	3.14697592504	
8.96666666667	5.3840249265e-06	6.52637107154e-06	0.0 	0.0 	121.161342502 	0.0 	0.0 	0.0 	0.0 	0.0 	0.0 	0.0 	0.0 	0.0 	0.0	0.516009957172	110.415015953	3.14697592504	
8.98333333333	5.3840249265e-06	6.52637107154e-06	0.0 	0.0 	121.161342502 	0.0 	0.0 	0.0 	0.0 	0.0 	0.0 	0.0 	0.0 	0.0 	0.0	0.516009957172	110.415015953	3.14697592504	
9.0	5.3840249265e-06	6.52637107154e-06	0.0 	0.0 	121.161342502 	0.0 	0.0 	0.0 	0.0 	0.0 	0.0 	0.0 	0.0 	0.0 	0.0	0.516009957172	110.415015953	3.14697592504	
9.01666666667	5.3840249265e-06	6.52637107154e-06	0.0 	0.0 	121.161342502 	0.0 	0.0 	0.0 	0.0 	0.0 	0.0 	0.0 	0.0 	0.0 	0.0	0.516009957172	110.415015953	3.14697592504	
9.03333333333	5.3840249265e-06	6.52637107154e-06	0.0 	0.0 	121.161342502 	0.0 	0.0 	0.0 	0.0 	0.0 	0.0 	0.0 	0.0 	0.0 	0.0	0.516009957172	110.415015953	3.14697592504	
9.05	5.3840249265e-06	6.52637107154e-06	0.0 	0.0 	121.161342502 	0.0 	0.0 	0.0 	0.0 	0.0 	0.0 	0.0 	0.0 	0.0 	0.0	0.516009957172	110.415015953	3.14697592504	
9.06666666667	5.3840249265e-06	6.52637107154e-06	0.0 	0.0 	121.161342502 	0.0 	0.0 	0.0 	0.0 	0.0 	0.0 	0.0 	0.0 	0.0 	0.0	0.516009957172	110.415015953	3.14697592504	
9.08333333333	5.3840249265e-06	6.52637107154e-06	0.0 	0.0 	121.161342502 	0.0 	0.0 	0.0 	0.0 	0.0 	0.0 	0.0 	0.0 	0.0 	0.0	0.516009957172	110.415015953	3.14697592504	
9.1	5.3840249265e-06	6.52637107154e-06	0.0 	0.0 	121.161342502 	0.0 	0.0 	0.0 	0.0 	0.0 	0.0 	0.0 	0.0 	0.0 	0.0	0.516009957172	110.415015953	3.14697592504	
9.11666666667	5.3840249265e-06	6.52637107154e-06	0.0 	0.0 	121.161342502 	0.0 	0.0 	0.0 	0.0 	0.0 	0.0 	0.0 	0.0 	0.0 	0.0	0.516009957172	110.415015953	3.14697592504	
9.13333333333	5.3840249265e-06	6.52637107154e-06	0.0 	0.0 	121.161342502 	0.0 	0.0 	0.0 	0.0 	0.0 	0.0 	0.0 	0.0 	0.0 	0.0	0.516009957172	110.415015953	3.14697592504	
9.15	5.3840249265e-06	6.52637107154e-06	0.0 	0.0 	121.161342502 	0.0 	0.0 	0.0 	0.0 	0.0 	0.0 	0.0 	0.0 	0.0 	0.0	0.516009957172	110.415015953	3.14697592504	
9.16666666667	5.3840249265e-06	6.52637107154e-06	0.0 	0.0 	121.161342502 	0.0 	0.0 	0.0 	0.0 	0.0 	0.0 	0.0 	0.0 	0.0 	0.0	0.516009957172	110.415015953	3.14697592504	
9.18333333333	5.3840249265e-06	6.52637107154e-06	0.0 	0.0 	121.161342502 	0.0 	0.0 	0.0 	0.0 	0.0 	0.0 	0.0 	0.0 	0.0 	0.0	0.516009957172	110.415015953	3.14697592504	
9.2	5.3840249265e-06	6.52637107154e-06	0.0 	0.0 	121.161342502 	0.0 	0.0 	0.0 	0.0 	0.0 	0.0 	0.0 	0.0 	0.0 	0.0	0.516009957172	110.415015953	3.14697592504	
9.21666666667	5.3840249265e-06	6.52637107154e-06	0.0 	0.0 	121.161342502 	0.0 	0.0 	0.0 	0.0 	0.0 	0.0 	0.0 	0.0 	0.0 	0.0	0.516009957172	110.415015953	3.14697592504	
9.23333333333	5.3840249265e-06	6.52637107154e-06	0.0 	0.0 	121.161342502 	0.0 	0.0 	0.0 	0.0 	0.0 	0.0 	0.0 	0.0 	0.0 	0.0	0.516009957172	110.415015953	3.14697592504	
9.25	5.3840249265e-06	6.52637107154e-06	0.0 	0.0 	121.161342502 	0.0 	0.0 	0.0 	0.0 	0.0 	0.0 	0.0 	0.0 	0.0 	0.0	0.516009957172	110.415015953	3.14697592504	
9.26666666667	5.3840249265e-06	6.52637107154e-06	0.0 	0.0 	121.161342502 	0.0 	0.0 	0.0 	0.0 	0.0 	0.0 	0.0 	0.0 	0.0 	0.0	0.516009957172	110.415015953	3.14697592504	
9.28333333333	5.3840249265e-06	6.52637107154e-06	0.0 	0.0 	121.161342502 	0.0 	0.0 	0.0 	0.0 	0.0 	0.0 	0.0 	0.0 	0.0 	0.0	0.516009957172	110.415015953	3.14697592504	
9.3	5.3840249265e-06	6.52637107154e-06	0.0 	0.0 	121.161342502 	0.0 	0.0 	0.0 	0.0 	0.0 	0.0 	0.0 	0.0 	0.0 	0.0	0.516009957172	110.415015953	3.14697592504	
9.31666666667	5.3840249265e-06	6.52637107154e-06	0.0 	0.0 	121.161342502 	0.0 	0.0 	0.0 	0.0 	0.0 	0.0 	0.0 	0.0 	0.0 	0.0	0.516009957172	110.415015953	3.14697592504	
9.33333333333	5.3840249265e-06	6.52637107154e-06	0.0 	0.0 	121.161342502 	0.0 	0.0 	0.0 	0.0 	0.0 	0.0 	0.0 	0.0 	0.0 	0.0	0.516009957172	110.415015953	3.14697592504	
9.35	5.3840249265e-06	6.52637107154e-06	0.0 	0.0 	121.161342502 	0.0 	0.0 	0.0 	0.0 	0.0 	0.0 	0.0 	0.0 	0.0 	0.0	0.516009957172	110.415015953	3.14697592504	
9.36666666667	5.3840249265e-06	6.52637107154e-06	0.0 	0.0 	121.161342502 	0.0 	0.0 	0.0 	0.0 	0.0 	0.0 	0.0 	0.0 	0.0 	0.0	0.516009957172	110.415015953	3.14697592504	
9.38333333333	5.3840249265e-06	6.52637107154e-06	0.0 	0.0 	121.161342502 	0.0 	0.0 	0.0 	0.0 	0.0 	0.0 	0.0 	0.0 	0.0 	0.0	0.516009957172	110.415015953	3.14697592504	
9.4	5.3840249265e-06	6.52637107154e-06	0.0 	0.0 	121.161342502 	0.0 	0.0 	0.0 	0.0 	0.0 	0.0 	0.0 	0.0 	0.0 	0.0	0.516009957172	110.415015953	3.14697592504	
9.41666666667	5.3840249265e-06	6.52637107154e-06	0.0 	0.0 	121.161342502 	0.0 	0.0 	0.0 	0.0 	0.0 	0.0 	0.0 	0.0 	0.0 	0.0	0.516009957172	110.415015953	3.14697592504	
9.43333333333	5.3840249265e-06	6.52637107154e-06	0.0 	0.0 	121.161342502 	0.0 	0.0 	0.0 	0.0 	0.0 	0.0 	0.0 	0.0 	0.0 	0.0	0.516009957172	110.415015953	3.14697592504	
9.45	5.3840249265e-06	6.52637107154e-06	0.0 	0.0 	121.161342502 	0.0 	0.0 	0.0 	0.0 	0.0 	0.0 	0.0 	0.0 	0.0 	0.0	0.516009957172	110.415015953	3.14697592504	
9.46666666667	5.3840249265e-06	6.52637107154e-06	0.0 	0.0 	121.161342502 	0.0 	0.0 	0.0 	0.0 	0.0 	0.0 	0.0 	0.0 	0.0 	0.0	0.516009957172	110.415015953	3.14697592504	
9.48333333333	5.3840249265e-06	6.52637107154e-06	0.0 	0.0 	121.161342502 	0.0 	0.0 	0.0 	0.0 	0.0 	0.0 	0.0 	0.0 	0.0 	0.0	0.516009957172	110.415015953	3.14697592504	
9.5	5.3840249265e-06	6.52637107154e-06	0.0 	0.0 	121.161342502 	0.0 	0.0 	0.0 	0.0 	0.0 	0.0 	0.0 	0.0 	0.0 	0.0	0.516009957172	110.415015953	3.14697592504	
9.51666666667	5.3840249265e-06	6.52637107154e-06	0.0 	0.0 	121.161342502 	0.0 	0.0 	0.0 	0.0 	0.0 	0.0 	0.0 	0.0 	0.0 	0.0	0.516009957172	110.415015953	3.14697592504	
9.53333333333	5.3840249265e-06	6.52637107154e-06	0.0 	0.0 	121.161342502 	0.0 	0.0 	0.0 	0.0 	0.0 	0.0 	0.0 	0.0 	0.0 	0.0	0.516009957172	110.415015953	3.14697592504	
9.55	5.3840249265e-06	6.52637107154e-06	0.0 	0.0 	121.161342502 	0.0 	0.0 	0.0 	0.0 	0.0 	0.0 	0.0 	0.0 	0.0 	0.0	0.516009957172	110.415015953	3.14697592504	
9.56666666667	5.3840249265e-06	6.52637107154e-06	0.0 	0.0 	121.161342502 	0.0 	0.0 	0.0 	0.0 	0.0 	0.0 	0.0 	0.0 	0.0 	0.0	0.516009957172	110.415015953	3.14697592504	
9.58333333333	5.3840249265e-06	6.52637107154e-06	0.0 	0.0 	121.161342502 	0.0 	0.0 	0.0 	0.0 	0.0 	0.0 	0.0 	0.0 	0.0 	0.0	0.516009957172	110.415015953	3.14697592504	
9.6	5.3840249265e-06	6.52637107154e-06	0.0 	0.0 	121.161342502 	0.0 	0.0 	0.0 	0.0 	0.0 	0.0 	0.0 	0.0 	0.0 	0.0	0.516009957172	110.415015953	3.14697592504	
9.61666666667	5.3840249265e-06	6.52637107154e-06	0.0 	0.0 	121.161342502 	0.0 	0.0 	0.0 	0.0 	0.0 	0.0 	0.0 	0.0 	0.0 	0.0	0.516009957172	110.415015953	3.14697592504	
9.63333333333	5.3840249265e-06	6.52637107154e-06	0.0 	0.0 	121.161342502 	0.0 	0.0 	0.0 	0.0 	0.0 	0.0 	0.0 	0.0 	0.0 	0.0	0.516009957172	110.415015953	3.14697592504	
9.65	5.3840249265e-06	6.52637107154e-06	0.0 	0.0 	121.161342502 	0.0 	0.0 	0.0 	0.0 	0.0 	0.0 	0.0 	0.0 	0.0 	0.0	0.516009957172	110.415015953	3.14697592504	
9.66666666667	5.3840249265e-06	6.52637107154e-06	0.0 	0.0 	121.161342502 	0.0 	0.0 	0.0 	0.0 	0.0 	0.0 	0.0 	0.0 	0.0 	0.0	0.516009957172	110.415015953	3.14697592504	
9.68333333333	5.3840249265e-06	6.52637107154e-06	0.0 	0.0 	121.161342502 	0.0 	0.0 	0.0 	0.0 	0.0 	0.0 	0.0 	0.0 	0.0 	0.0	0.516009957172	110.415015953	3.14697592504	
9.7	5.3840249265e-06	6.52637107154e-06	0.0 	0.0 	121.161342502 	0.0 	0.0 	0.0 	0.0 	0.0 	0.0 	0.0 	0.0 	0.0 	0.0	0.516009957172	110.415015953	3.14697592504	
9.71666666667	5.3840249265e-06	6.52637107154e-06	0.0 	0.0 	121.161342502 	0.0 	0.0 	0.0 	0.0 	0.0 	0.0 	0.0 	0.0 	0.0 	0.0	0.516009957172	110.415015953	3.14697592504	
9.73333333333	5.3840249265e-06	6.52637107154e-06	0.0 	0.0 	121.161342502 	0.0 	0.0 	0.0 	0.0 	0.0 	0.0 	0.0 	0.0 	0.0 	0.0	0.516009957172	110.415015953	3.14697592504	
9.75	5.3840249265e-06	6.52637107154e-06	0.0 	0.0 	121.161342502 	0.0 	0.0 	0.0 	0.0 	0.0 	0.0 	0.0 	0.0 	0.0 	0.0	0.516009957172	110.415015953	3.14697592504	
9.76666666667	5.3840249265e-06	6.52637107154e-06	0.0 	0.0 	121.161342502 	0.0 	0.0 	0.0 	0.0 	0.0 	0.0 	0.0 	0.0 	0.0 	0.0	0.516009957172	110.415015953	3.14697592504	
9.78333333333	5.3840249265e-06	6.52637107154e-06	0.0 	0.0 	121.161342502 	0.0 	0.0 	0.0 	0.0 	0.0 	0.0 	0.0 	0.0 	0.0 	0.0	0.516009957172	110.415015953	3.14697592504	
9.8	5.3840249265e-06	6.52637107154e-06	0.0 	0.0 	121.161342502 	0.0 	0.0 	0.0 	0.0 	0.0 	0.0 	0.0 	0.0 	0.0 	0.0	0.516009957172	110.415015953	3.14697592504	
9.81666666667	5.3840249265e-06	6.52637107154e-06	0.0 	0.0 	121.161342502 	0.0 	0.0 	0.0 	0.0 	0.0 	0.0 	0.0 	0.0 	0.0 	0.0	0.516009957172	110.415015953	3.14697592504	
9.83333333333	5.3840249265e-06	6.52637107154e-06	0.0 	0.0 	121.161342502 	0.0 	0.0 	0.0 	0.0 	0.0 	0.0 	0.0 	0.0 	0.0 	0.0	0.516009957172	110.415015953	3.14697592504	
9.85	5.3840249265e-06	6.52637107154e-06	0.0 	0.0 	121.161342502 	0.0 	0.0 	0.0 	0.0 	0.0 	0.0 	0.0 	0.0 	0.0 	0.0	0.516009957172	110.415015953	3.14697592504	
9.86666666667	5.3840249265e-06	6.52637107154e-06	0.0 	0.0 	121.161342502 	0.0 	0.0 	0.0 	0.0 	0.0 	0.0 	0.0 	0.0 	0.0 	0.0	0.516009957172	110.415015953	3.14697592504	
9.88333333333	5.3840249265e-06	6.52637107154e-06	0.0 	0.0 	121.161342502 	0.0 	0.0 	0.0 	0.0 	0.0 	0.0 	0.0 	0.0 	0.0 	0.0	0.516009957172	110.415015953	3.14697592504	
9.9	5.3840249265e-06	6.52637107154e-06	0.0 	0.0 	121.161342502 	0.0 	0.0 	0.0 	0.0 	0.0 	0.0 	0.0 	0.0 	0.0 	0.0	0.516009957172	110.415015953	3.14697592504	
9.91666666667	5.3840249265e-06	6.52637107154e-06	0.0 	0.0 	121.161342502 	0.0 	0.0 	0.0 	0.0 	0.0 	0.0 	0.0 	0.0 	0.0 	0.0	0.516009957172	110.415015953	3.14697592504	
9.93333333333	5.3840249265e-06	6.52637107154e-06	0.0 	0.0 	121.161342502 	0.0 	0.0 	0.0 	0.0 	0.0 	0.0 	0.0 	0.0 	0.0 	0.0	0.516009957172	110.415015953	3.14697592504	
9.95	5.3840249265e-06	6.52637107154e-06	0.0 	0.0 	121.161342502 	0.0 	0.0 	0.0 	0.0 	0.0 	0.0 	0.0 	0.0 	0.0 	0.0	0.516009957172	110.415015953	3.14697592504	
9.96666666667	5.3840249265e-06	6.52637107154e-06	0.0 	0.0 	121.161342502 	0.0 	0.0 	0.0 	0.0 	0.0 	0.0 	0.0 	0.0 	0.0 	0.0	0.516009957172	110.415015953	3.14697592504	
9.98333333333	5.3840249265e-06	6.52637107154e-06	0.0 	0.0 	121.161342502 	0.0 	0.0 	0.0 	0.0 	0.0 	0.0 	0.0 	0.0 	0.0 	0.0	0.516009957172	110.415015953	3.14697592504	
