0.0166666666667	0.0	0.0	0.0 	0.0 	80.2 	12.0 	0.0 	0.0 	0.0 	0.0 	12.0 	0.0 	0.0 	0.0 	0.0	0.759677419355	160.0	-19.935483871	
0.0333333333333	0.0	0.0	0.0 	0.0 	80.4 	12.0 	0.0 	0.0 	0.0 	-0.0 	12.0 	0.0 	0.0 	0.0 	0.0	0.759677419355	160.0	-19.935483871	
0.05	0.0	0.0	0.0 	0.0 	80.6 	12.0 	0.0 	0.0 	0.0 	-0.0 	12.0 	0.0 	0.0 	0.0 	0.0	0.759677419355	160.0	-19.935483871	
0.0666666666667	0.0	0.0	0.0 	0.0 	80.8 	12.0 	0.0 	0.0 	0.0 	-0.0 	12.0 	0.0 	0.0 	0.0 	0.0	0.759677419355	160.0	-19.935483871	
0.0833333333333	0.0	0.0	0.0 	0.0 	81.0 	12.0 	0.0 	0.0 	0.0 	-0.0 	12.0 	0.0 	0.0 	0.0 	0.0	0.759677419355	160.0	-19.935483871	
0.1	0.0	0.0	0.0 	0.0 	81.2 	12.0 	0.0 	0.0 	0.0 	-0.0 	12.0 	0.0 	0.0 	0.0 	0.0	0.759677419355	160.0	-19.935483871	
0.116666666667	0.0	0.0	0.0 	0.0 	81.4 	12.0 	0.0 	0.0 	0.0 	-0.0 	12.0 	0.0 	0.0 	0.0 	0.0	0.759677419355	160.0	-19.935483871	
0.133333333333	0.0	0.0	0.0 	0.0 	81.6 	12.0 	0.0 	0.0 	0.0 	-0.0 	12.0 	0.0 	0.0 	0.0 	0.0	0.759677419355	160.0	-19.935483871	
0.15	0.0	0.0	0.0 	0.0 	81.8 	12.0 	0.0 	0.0 	0.0 	-0.0 	12.0 	0.0 	0.0 	0.0 	0.0	0.759677419355	160.0	-19.935483871	
0.166666666667	0.0	0.0	0.0 	0.0 	82.0 	12.0 	0.0 	0.0 	0.0 	-0.0 	12.0 	0.0 	0.0 	0.0 	0.0	0.759677419355	160.0	-19.935483871	
0.183333333333	0.0	0.0	0.0 	0.0 	82.2 	12.0 	0.0 	0.0 	0.0 	-0.0 	12.0 	0.0 	0.0 	0.0 	0.0	0.759677419355	160.0	-19.935483871	
0.2	0.0	0.0	0.0 	0.0 	82.4 	12.0 	0.0 	0.0 	0.0 	-0.0 	12.0 	0.0 	0.0 	0.0 	0.0	0.759677419355	160.0	-19.935483871	
0.216666666667	0.0	0.0	0.0 	0.0 	82.6 	12.0 	0.0 	0.0 	0.0 	-0.0 	12.0 	0.0 	0.0 	0.0 	0.0	0.759677419355	160.0	-19.935483871	
0.233333333333	0.0	0.0	0.0 	0.0 	82.8 	12.0 	0.0 	0.0 	0.0 	-0.0 	12.0 	0.0 	0.0 	0.0 	0.0	0.759677419355	160.0	-19.935483871	
0.25	0.0	0.0	0.0 	0.0 	83.0 	12.0 	0.0 	0.0 	0.0 	-0.0 	12.0 	0.0 	0.0 	0.0 	0.0	0.759677419355	160.0	-19.935483871	
0.266666666667	0.0	0.0	0.0 	0.0 	83.2 	12.0 	0.0 	0.0 	0.0 	-0.0 	12.0 	0.0 	0.0 	0.0 	0.0	0.759677419355	160.0	-19.935483871	
0.283333333333	0.0	0.0	0.0 	0.0 	83.4 	12.0 	0.0 	0.0 	0.0 	-0.0 	12.0 	0.0 	0.0 	0.0 	0.0	0.759677419355	160.0	-19.935483871	
0.3	0.0	0.0	0.0 	0.0 	83.6 	12.0 	0.0 	0.0 	0.0 	-0.0 	12.0 	0.0 	0.0 	0.0 	0.0	0.759677419355	160.0	-19.935483871	
0.316666666667	0.0	0.0	0.0 	0.0 	83.8 	12.0 	0.0 	0.0 	0.0 	-0.0 	12.0 	0.0 	0.0 	0.0 	0.0	0.759677419355	160.0	-19.935483871	
0.333333333333	0.0	0.0	0.0 	0.0 	84.0 	12.0 	0.0 	0.0 	0.0 	-0.0 	12.0 	0.0 	0.0 	0.0 	0.0	0.759677419355	160.0	-19.935483871	
0.35	0.0	0.0	0.0 	0.0 	84.2 	12.0 	0.0 	0.0 	0.0 	-0.0 	12.0 	0.0 	0.0 	0.0 	0.0	0.759677419355	160.0	-19.935483871	
0.366666666667	0.0	0.0	0.0 	0.0 	84.4 	12.0 	0.0 	0.0 	0.0 	-0.0 	12.0 	0.0 	0.0 	0.0 	0.0	0.759677419355	160.0	-19.935483871	
0.383333333333	0.0	0.0	0.0 	0.0 	84.6 	12.0 	0.0 	0.0 	0.0 	-0.0 	12.0 	0.0 	0.0 	0.0 	0.0	0.759677419355	160.0	-19.935483871	
0.4	0.0	0.0	0.0 	0.0 	84.8 	12.0 	0.0 	0.0 	0.0 	-0.0 	12.0 	0.0 	0.0 	0.0 	0.0	0.759677419355	160.0	-19.935483871	
0.416666666667	0.0	0.0	0.0 	0.0 	85.0 	12.0 	0.0 	0.0 	0.0 	-0.0 	12.0 	0.0 	0.0 	0.0 	0.0	0.759677419355	160.0	-19.935483871	
0.433333333333	0.0	0.0	0.0 	0.0 	85.2 	12.0 	0.0 	0.0 	0.0 	-0.0 	12.0 	0.0 	0.0 	0.0 	0.0	0.759677419355	160.0	-19.935483871	
0.45	0.0	0.0	0.0 	0.0 	85.4 	12.0 	0.0 	0.0 	0.0 	-0.0 	12.0 	0.0 	0.0 	0.0 	0.0	0.759677419355	160.0	-19.935483871	
0.466666666667	0.0	0.0	0.0 	0.0 	85.6 	12.0 	0.0 	0.0 	0.0 	-0.0 	12.0 	0.0 	0.0 	0.0 	0.0	0.759677419355	160.0	-19.935483871	
0.483333333333	0.0	0.0	0.0 	0.0 	85.8 	12.0 	0.0 	0.0 	0.0 	-0.0 	12.0 	0.0 	0.0 	0.0 	0.0	0.759677419355	160.0	-19.935483871	
0.5	0.0	0.0	0.0 	0.0 	86.0 	12.0 	0.0 	0.0 	0.0 	-0.0 	12.0 	0.0 	0.0 	0.0 	0.0	0.759677419355	160.0	-19.935483871	
0.516666666667	0.0	0.0	0.0 	0.0 	86.2 	12.0 	0.0 	0.0 	0.0 	-0.0 	12.0 	0.0 	0.0 	0.0 	0.0	0.759677419355	160.0	-19.935483871	
0.533333333333	0.0	0.0	0.0 	0.0 	86.4 	12.0 	0.0 	0.0 	0.0 	-0.0 	12.0 	0.0 	0.0 	0.0 	0.0	0.759677419355	160.0	-19.935483871	
0.55	0.0	0.0	0.0 	0.0 	86.6 	12.0 	0.0 	0.0 	0.0 	-0.0 	12.0 	0.0 	0.0 	0.0 	0.0	0.759677419355	160.0	-19.935483871	
0.566666666667	0.0	0.0	0.0 	0.0 	86.8 	12.0 	0.0 	0.0 	0.0 	-0.0 	12.0 	0.0 	0.0 	0.0 	0.0	0.759677419355	160.0	-19.935483871	
0.583333333333	0.0	0.0	0.0 	0.0 	87.0 	12.0 	0.0 	0.0 	0.0 	-0.0 	12.0 	0.0 	0.0 	0.0 	0.0	0.759677419355	160.0	-19.935483871	
0.6	0.0	0.0	0.0 	0.0 	87.2 	12.0 	0.0 	0.0 	0.0 	-0.0 	12.0 	0.0 	0.0 	0.0 	0.0	0.759677419355	160.0	-19.935483871	
0.616666666667	0.0	0.0	0.0 	0.0 	87.4 	12.0 	0.0 	0.0 	0.0 	-0.0 	12.0 	0.0 	0.0 	0.0 	0.0	0.759677419355	160.0	-19.935483871	
0.633333333333	0.0	0.0	0.0 	0.0 	87.6 	12.0 	0.0 	0.0 	0.0 	-0.0 	12.0 	0.0 	0.0 	0.0 	0.0	0.759677419355	160.0	-19.935483871	
0.65	0.0	0.0	0.0 	0.0 	87.8 	12.0 	0.0 	0.0 	0.0 	-0.0 	12.0 	0.0 	0.0 	0.0 	0.0	0.759677419355	160.0	-19.935483871	
0.666666666667	0.0	0.0	0.0 	0.0 	88.0 	12.0 	0.0 	0.0 	0.0 	-0.0 	12.0 	0.0 	0.0 	0.0 	0.0	0.759677419355	160.0	-19.935483871	
0.683333333333	0.0	0.0	0.0 	0.0 	88.2 	12.0 	0.0 	0.0 	0.0 	-0.0 	12.0 	0.0 	0.0 	0.0 	0.0	0.759677419355	160.0	-19.935483871	
0.7	0.0	0.0	0.0 	0.0 	88.4 	12.0 	0.0 	0.0 	0.0 	-0.0 	12.0 	0.0 	0.0 	0.0 	0.0	0.759677419355	160.0	-19.935483871	
0.716666666667	0.0	0.0	0.0 	0.0 	88.6 	12.0 	0.0 	0.0 	0.0 	-0.0 	12.0 	0.0 	0.0 	0.0 	0.0	0.759677419355	160.0	-19.935483871	
0.733333333333	0.0	0.0	0.0 	0.0 	88.8 	12.0 	0.0 	0.0 	0.0 	-0.0 	12.0 	0.0 	0.0 	0.0 	0.0	0.759677419355	160.0	-19.935483871	
0.75	0.0	0.0	0.0 	0.0 	89.0 	12.0 	0.0 	0.0 	0.0 	-0.0 	12.0 	0.0 	0.0 	0.0 	0.0	0.759677419355	160.0	-19.935483871	
0.766666666667	0.0	0.0	0.0 	0.0 	89.2 	12.0 	0.0 	0.0 	0.0 	-0.0 	12.0 	0.0 	0.0 	0.0 	0.0	0.759677419355	160.0	-19.935483871	
0.783333333333	0.0	0.0	0.0 	0.0 	89.4 	12.0 	0.0 	0.0 	0.0 	-0.0 	12.0 	0.0 	0.0 	0.0 	0.0	0.759677419355	160.0	-19.935483871	
0.8	0.0	0.0	0.0 	0.0 	89.6 	12.0 	0.0 	0.0 	0.0 	-0.0 	12.0 	0.0 	0.0 	0.0 	0.0	0.759677419355	160.0	-19.935483871	
0.816666666667	0.0	0.0	0.0 	0.0 	89.8 	12.0 	0.0 	0.0 	0.0 	-0.0 	12.0 	0.0 	0.0 	0.0 	0.0	0.759677419355	160.0	-19.935483871	
0.833333333333	0.0	0.0	0.0 	0.0 	90.0 	12.0 	0.0 	0.0 	0.0 	-0.0 	12.0 	0.0 	0.0 	0.0 	0.0	0.759677419355	160.0	-19.935483871	
0.85	0.0	0.0	0.0 	0.0 	90.2 	12.0 	0.0 	0.0 	0.0 	-0.0 	12.0 	0.0 	0.0 	0.0 	0.0	0.759677419355	160.0	-19.935483871	
0.866666666667	0.0	0.0	0.0 	0.0 	90.4 	12.0 	0.0 	0.0 	0.0 	-0.0 	12.0 	0.0 	0.0 	0.0 	0.0	0.759677419355	160.0	-19.935483871	
0.883333333333	0.0	0.0	0.0 	0.0 	90.6 	12.0 	0.0 	0.0 	0.0 	-0.0 	12.0 	0.0 	0.0 	0.0 	0.0	0.759677419355	160.0	-19.935483871	
0.9	0.0	0.0	0.0 	0.0 	90.8 	12.0 	0.0 	0.0 	0.0 	-0.0 	12.0 	0.0 	0.0 	0.0 	0.0	0.759677419355	160.0	-19.935483871	
0.916666666667	0.0	0.0	0.0 	0.0 	91.0 	12.0 	0.0 	0.0 	0.0 	-0.0 	12.0 	0.0 	0.0 	0.0 	0.0	0.759677419355	160.0	-19.935483871	
0.933333333333	0.0	0.0	0.0 	0.0 	91.2 	12.0 	0.0 	0.0 	0.0 	-0.0 	12.0 	0.0 	0.0 	0.0 	0.0	0.759677419355	160.0	-19.935483871	
0.95	0.0	0.0	0.0 	0.0 	91.4 	12.0 	0.0 	0.0 	0.0 	-0.0 	12.0 	0.0 	0.0 	0.0 	0.0	0.759677419355	160.0	-19.935483871	
0.966666666667	0.0	0.0	0.0 	0.0 	91.6 	12.0 	0.0 	0.0 	0.0 	-0.0 	12.0 	0.0 	0.0 	0.0 	0.0	0.759677419355	160.0	-19.935483871	
0.983333333333	0.0	0.0	0.0 	0.0 	91.8 	12.0 	0.0 	0.0 	0.0 	-0.0 	12.0 	0.0 	0.0 	0.0 	0.0	0.759677419355	160.0	-19.935483871	
1.0	0.0	0.0	0.0 	0.0 	92.0 	12.0 	0.0 	0.0 	0.0 	-0.0 	12.0 	0.0 	0.0 	0.0 	0.0	0.759677419355	160.0	-19.935483871	
1.01666666667	0.0	0.0	0.0 	0.0 	92.2 	12.0 	0.0 	0.0 	0.0 	-0.0 	12.0 	0.0 	0.0 	0.0 	0.0	0.759677419355	160.0	-19.935483871	
1.03333333333	0.0	0.0	0.0 	0.0 	92.4 	12.0 	0.0 	0.0 	0.0 	-0.0 	12.0 	0.0 	0.0 	0.0 	0.0	0.759677419355	160.0	-19.935483871	
1.05	0.0	0.0	0.0 	0.0 	92.6 	12.0 	0.0 	0.0 	0.0 	-0.0 	12.0 	0.0 	0.0 	0.0 	0.0	0.759677419355	160.0	-19.935483871	
1.06666666667	0.0	0.0	0.0 	0.0 	92.8 	12.0 	0.0 	0.0 	0.0 	-0.0 	12.0 	0.0 	0.0 	0.0 	0.0	0.759677419355	160.0	-19.935483871	
1.08333333333	0.0	0.0	0.0 	0.0 	93.0 	12.0 	0.0 	0.0 	0.0 	-0.0 	12.0 	0.0 	0.0 	0.0 	0.0	0.759677419355	160.0	-19.935483871	
1.1	0.0	0.0	0.0 	0.0 	93.2 	12.0 	0.0 	0.0 	0.0 	-0.0 	12.0 	0.0 	0.0 	0.0 	0.0	0.759677419355	160.0	-19.935483871	
1.11666666667	0.0	0.0	0.0 	0.0 	93.4 	12.0 	0.0 	0.0 	0.0 	-0.0 	12.0 	0.0 	0.0 	0.0 	0.0	0.759677419355	160.0	-19.935483871	
1.13333333333	0.0	0.0	0.0 	0.0 	93.6 	12.0 	0.0 	0.0 	0.0 	-0.0 	12.0 	0.0 	0.0 	0.0 	0.0	0.759677419355	160.0	-19.935483871	
1.15	0.0	0.0	0.0 	0.0 	93.8 	12.0 	0.0 	0.0 	0.0 	-0.0 	12.0 	0.0 	0.0 	0.0 	0.0	0.759677419355	160.0	-19.935483871	
1.16666666667	0.0	0.0	0.0 	0.0 	94.0 	12.0 	0.0 	0.0 	0.0 	-0.0 	12.0 	0.0 	0.0 	0.0 	0.0	0.759677419355	160.0	-19.935483871	
1.18333333333	0.0	0.0	0.0 	0.0 	94.2 	12.0 	0.0 	0.0 	0.0 	-0.0 	12.0 	0.0 	0.0 	0.0 	0.0	0.759677419355	160.0	-19.935483871	
1.2	0.0	0.0	0.0 	0.0 	94.4 	12.0 	0.0 	0.0 	0.0 	-0.0 	12.0 	0.0 	0.0 	0.0 	0.0	0.759677419355	160.0	-19.935483871	
1.21666666667	0.0	0.0	0.0 	0.0 	94.6 	12.0 	0.0 	0.0 	0.0 	-0.0 	12.0 	0.0 	0.0 	0.0 	0.0	0.759677419355	160.0	-19.935483871	
1.23333333333	0.0	0.0	0.0 	0.0 	94.8 	12.0 	0.0 	0.0 	0.0 	-0.0 	12.0 	0.0 	0.0 	0.0 	0.0	0.759677419355	160.0	-19.935483871	
1.25	0.0	0.0	0.0 	0.0 	95.0 	12.0 	0.0 	0.0 	0.0 	-0.0 	12.0 	0.0 	0.0 	0.0 	0.0	0.759677419355	160.0	-19.935483871	
1.26666666667	0.0	0.0	0.0 	0.0 	95.2 	12.0 	0.0 	0.0 	0.0 	-0.0 	12.0 	0.0 	0.0 	0.0 	0.0	0.759677419355	160.0	-19.935483871	
1.28333333333	0.0	0.0	0.0 	0.0 	95.4 	12.0 	0.0 	0.0 	0.0 	-0.0 	12.0 	0.0 	0.0 	0.0 	0.0	0.759677419355	160.0	-19.935483871	
1.3	0.0	0.0	0.0 	0.0 	95.6 	12.0 	0.0 	0.0 	0.0 	-0.0 	12.0 	0.0 	0.0 	0.0 	0.0	0.759677419355	160.0	-19.935483871	
1.31666666667	0.0	0.0	0.0 	0.0 	95.8 	12.0 	0.0 	0.0 	0.0 	-0.0 	12.0 	0.0 	0.0 	0.0 	0.0	0.759677419355	160.0	-19.935483871	
1.33333333333	0.0	0.0	0.0 	0.0 	96.0 	12.0 	0.0 	0.0 	0.0 	-0.0 	12.0 	0.0 	0.0 	0.0 	0.0	0.759677419355	160.0	-19.935483871	
1.35	0.0	0.0	0.0 	0.0 	96.2 	12.0 	0.0 	0.0 	0.0 	-0.0 	12.0 	0.0 	0.0 	0.0 	0.0	0.759677419355	160.0	-19.935483871	
1.36666666667	0.0	0.0	0.0 	0.0 	96.4 	12.0 	0.0 	0.0 	0.0 	-0.0 	12.0 	0.0 	0.0 	0.0 	0.0	0.759677419355	160.0	-19.935483871	
1.38333333333	0.0	0.0	0.0 	0.0 	96.6 	12.0 	0.0 	0.0 	0.0 	-0.0 	12.0 	0.0 	0.0 	0.0 	0.0	0.759677419355	160.0	-19.935483871	
1.4	0.0	0.0	0.0 	0.0 	96.8 	12.0 	0.0 	0.0 	0.0 	-0.0 	12.0 	0.0 	0.0 	0.0 	0.0	0.759677419355	160.0	-19.935483871	
1.41666666667	0.0	0.0	0.0 	0.0 	97.0 	12.0 	0.0 	0.0 	0.0 	-0.0 	12.0 	0.0 	0.0 	0.0 	0.0	0.759677419355	160.0	-19.935483871	
1.43333333333	0.0	0.0	0.0 	0.0 	97.2 	12.0 	0.0 	0.0 	0.0 	-0.0 	12.0 	0.0 	0.0 	0.0 	0.0	0.759677419355	160.0	-19.935483871	
1.45	0.0	0.0	0.0 	0.0 	97.4 	12.0 	0.0 	0.0 	0.0 	-0.0 	12.0 	0.0 	0.0 	0.0 	0.0	0.759677419355	160.0	-19.935483871	
1.46666666667	0.0	0.0	0.0 	0.0 	97.6 	12.0 	0.0 	0.0 	0.0 	-0.0 	12.0 	0.0 	0.0 	0.0 	0.0	0.759677419355	160.0	-19.935483871	
1.48333333333	0.0	0.0	0.0 	0.0 	97.8 	12.0 	0.0 	0.0 	0.0 	-0.0 	12.0 	0.0 	0.0 	0.0 	0.0	0.759677419355	160.0	-19.935483871	
1.5	0.0	0.0	0.0 	0.0 	98.0 	12.0 	0.0 	0.0 	0.0 	-0.0 	12.0 	0.0 	0.0 	0.0 	0.0	0.759677419355	160.0	-19.935483871	
1.51666666667	0.0	0.0	0.0 	0.0 	98.2 	12.0 	0.0 	0.0 	0.0 	-0.0 	12.0 	0.0 	0.0 	0.0 	0.0	0.759677419355	160.0	-19.935483871	
1.53333333333	0.0	0.0	0.0 	0.0 	98.4 	12.0 	0.0 	0.0 	0.0 	-0.0 	12.0 	0.0 	0.0 	0.0 	0.0	0.759677419355	160.0	-19.935483871	
1.55	0.0	0.0	0.0 	0.0 	98.6 	12.0 	0.0 	0.0 	0.0 	-0.0 	12.0 	0.0 	0.0 	0.0 	0.0	0.759677419355	160.0	-19.935483871	
1.56666666667	0.0	0.0	0.0 	0.0 	98.8 	12.0 	0.0 	0.0 	0.0 	-0.0 	12.0 	0.0 	0.0 	0.0 	0.0	0.759677419355	160.0	-19.935483871	
1.58333333333	0.0	0.0	0.0 	0.0 	99.0 	12.0 	0.0 	0.0 	0.0 	-0.0 	12.0 	0.0 	0.0 	0.0 	0.0	0.759677419355	160.0	-19.935483871	
1.6	0.0	0.0	0.0 	0.0 	99.2 	12.0 	0.0 	0.0 	0.0 	-0.0 	12.0 	0.0 	0.0 	0.0 	0.0	0.759677419355	160.0	-19.935483871	
1.61666666667	0.0	0.0	0.0 	0.0 	99.4 	12.0 	0.0 	0.0 	0.0 	-0.0 	12.0 	0.0 	0.0 	0.0 	0.0	0.759677419355	160.0	-19.935483871	
1.63333333333	0.0	0.0	0.0 	0.0 	99.6 	12.0 	0.0 	0.0 	0.0 	-0.0 	12.0 	0.0 	0.0 	0.0 	0.0	0.759677419355	160.0	-19.935483871	
1.65	0.0	0.0	0.0 	0.0 	99.8 	12.0 	0.0 	0.0 	0.0 	-0.0 	12.0 	0.0 	0.0 	0.0 	0.0	0.759677419355	160.0	-19.935483871	
1.66666666667	0.0	0.0	0.0 	0.0 	100.0 	12.0 	0.0 	0.0 	0.0 	-0.0 	12.0 	0.0 	0.0 	0.0 	0.0963906581741	1.14286472692	160.001461646	-19.9348171853	
1.68333333333	0.0	0.0	0.0 	0.0 	100.2 	12.0 	0.0 	0.0 	0.0 	-0.0 	12.0 	0.0 	0.0 	0.0 	0.192146898004	1.46218748322	160.004645225	-19.9344700545	
1.7	0.0	0.0	0.0 	0.0 	100.4 	12.0 	0.0 	0.0 	0.0 	-0.0 	12.0 	0.0 	0.0 	0.0 	0.287272895065	1.72828978014	160.009373849	-19.935221001	
1.71666666667	0.0	0.0	0.0 	0.0 	100.6 	12.0 	0.0 	0.0 	0.0 	-0.0 	12.0 	0.0 	0.0 	0.0 	0.381772797455	1.94034910426	160.015307164	-19.9375192633	
1.73333333333	0.0	0.0	0.0 	0.0 	100.8 	12.0 	0.0 	0.0 	0.0 	-0.0 	12.0 	0.0 	0.0 	0.0 	0.475650725964	2.09991756061	160.022150597	-19.9415208728	
1.75	0.0	0.0	0.0 	0.0 	101.0 	12.0 	0.0 	0.0 	0.0 	-0.0 	12.0 	0.0 	0.0 	0.0 	0.568910774264	2.22799241184	160.029657453	-19.9473133267	
1.76666666667	0.0	0.0	0.0 	0.0 	101.2 	12.0 	0.0 	0.0 	0.0 	-0.0 	12.0 	0.0 	0.0 	0.0 	0.661557009084	2.33507228926	160.037616905	-19.9549434442	
1.78333333333	0.0	0.0	0.0 	0.0 	101.4 	12.0 	0.0 	0.0 	0.0 	-0.0 	12.0 	0.0 	0.0 	0.0 	0.753593470383	2.4271564107	160.045846041	-19.9644319739	
1.8	0.0	0.0	0.0 	0.0 	101.6 	12.0 	0.0 	0.0 	0.0 	-0.0 	12.0 	0.0 	0.0 	0.0 	0.845024171533	2.5079942873	160.054184296	-19.9757820896	
1.81666666667	0.0	0.0	0.0 	0.0 	101.8 	12.0 	0.0 	0.0 	0.0 	-0.0 	12.0 	0.0 	0.0 	0.0 	0.935853099491	2.58008559311	160.062489407	-19.9889846936	
1.83333333333	0.0	0.0	0.0 	0.0 	102.0 	12.0 	0.0 	0.0 	0.0 	-0.0 	12.0 	0.0 	0.0 	0.0 	1.02608421497	2.64518009993	160.070634364	-20.0040219035	
1.85	0.0	0.0	0.0 	0.0 	102.2 	12.0 	0.0 	0.0 	0.0 	-0.0 	12.0 	0.0 	0.0 	0.0 	1.11572145262	2.70455036903	160.078505065	-20.0208694371	
1.86666666667	0.0	0.0	0.0 	0.0 	102.4 	12.0 	0.0 	0.0 	0.0 	-0.0 	12.0 	0.0 	0.0 	0.0 	1.20476872119	2.75915082134	160.085998465	-20.0394982968	
1.88333333333	0.0	0.0	0.0 	0.0 	102.6 	12.0 	0.0 	0.0 	0.0 	-0.0 	12.0 	0.0 	0.0 	0.0 	1.29322990371	2.80909256191	160.093033791	-20.059871609	
1.9	0.0	0.0	0.0 	0.0 	102.8 	12.0 	0.0 	0.0 	0.0 	-0.0 	12.0 	0.0 	0.0 	0.0 	1.38110885763	2.85071067905	160.099635428	-20.0819231135	
1.91666666667	0.0	0.0	0.0 	0.0 	103.0 	12.0 	0.0 	0.0 	0.0 	-0.0 	12.0 	0.0 	0.0 	0.0 	1.46840941505	2.88539244333	160.105837173	-20.1055977854	
1.93333333333	0.0	0.0	0.0 	0.0 	103.2 	12.0 	0.0 	0.0 	0.0 	-0.0 	12.0 	0.0 	0.0 	0.0 	1.5551353828	2.91429391356	160.111677913	-20.1308500392	
1.95	0.0	0.0	0.0 	0.0 	103.4 	12.0 	0.0 	0.0 	0.0 	-0.0 	12.0 	0.0 	0.0 	0.0 	1.6412905427	2.93837847209	160.117198624	-20.1576419999	
1.96666666667	0.0	0.0	0.0 	0.0 	103.6 	12.0 	0.0 	0.0 	0.0 	-0.0 	12.0 	0.0 	0.0 	0.0 	1.72687865166	2.95844893754	160.122440323	-20.1859419725	
1.98333333333	0.0	0.0	0.0 	0.0 	103.8 	12.0 	0.0 	0.0 	0.0 	-0.0 	12.0 	0.0 	0.0 	0.0 	1.81190344185	2.9751743254	160.127442723	-20.2157231543	
2.0	0.0	0.0	0.0 	0.0 	104.0 	12.0 	0.0 	0.0 	0.0 	-0.0 	12.0 	0.0 	0.0 	0.0 	1.89636862089	2.98911214863	160.132243391	-20.2469625831	
2.01666666667	0.0	0.0	0.0 	0.0 	104.2 	12.0 	0.0 	0.0 	0.0 	-0.0 	12.0 	0.0 	0.0 	0.0 	1.98027787201	3.00072700131	160.136877249	-20.2796402978	
2.03333333333	0.0	0.0	0.0 	0.0 	104.4 	12.0 	0.0 	0.0 	0.0 	-0.0 	12.0 	0.0 	0.0 	0.0 	2.06363485417	3.01040604522	160.141376339	-20.3137386779	
2.05	0.0	0.0	0.0 	0.0 	104.6 	12.0 	0.0 	0.0 	0.0 	-0.0 	12.0 	0.0 	0.0 	0.0 	2.14644320226	3.01847191514	160.145769748	-20.3492419292	
2.06666666667	0.0	0.0	0.0 	0.0 	104.8 	12.0 	0.0 	0.0 	0.0 	-0.0 	12.0 	0.0 	0.0 	0.0 	2.22870652726	3.0251934734	160.150083651	-20.3861356867	
2.08333333333	0.0	0.0	0.0 	0.0 	105.0 	12.0 	0.0 	0.0 	0.0 	-0.0 	12.0 	0.0 	0.0 	0.0 	2.31042841636	3.03079477196	160.154341437	-20.4244067086	
2.1	0.0	0.0	0.0 	0.0 	105.2 	12.0 	0.0 	0.0 	0.0 	-0.0 	12.0 	0.0 	0.0 	0.0 	2.39161243315	3.03546252076	160.158563869	-20.4640426416	
2.11666666667	0.0	0.0	0.0 	0.0 	105.4 	12.0 	0.0 	0.0 	0.0 	-0.0 	12.0 	0.0 	0.0 	0.0 	2.47226211777	3.03935231142	160.162769282	-20.5050318413	
2.13333333333	0.0	0.0	0.0 	0.0 	105.6 	12.0 	0.0 	0.0 	0.0 	-0.0 	12.0 	0.0 	0.0 	0.0 	2.55238098706	3.04259380364	160.166973786	-20.5473632338	
2.15	0.0	0.0	0.0 	0.0 	105.8 	12.0 	0.0 	0.0 	0.0 	-0.0 	12.0 	0.0 	0.0 	0.0 	2.6319725347	3.04529504716	160.171191471	-20.5910262091	
2.16666666667	0.0	0.0	0.0 	0.0 	106.0 	12.0 	0.0 	0.0 	0.0 	-0.0 	12.0 	0.0 	0.0 	0.0 	2.7110402314	3.04754608342	160.17543461	-20.6360105394	
2.18333333333	0.0	0.0	0.0 	0.0 	106.2 	12.0 	0.0 	0.0 	0.0 	-0.0 	12.0 	0.0 	0.0 	0.0 	2.78958752499	3.04942194697	160.17971385	-20.6823063149	
2.2	0.0	0.0	0.0 	0.0 	106.4 	12.0 	0.0 	0.0 	0.0 	-0.0 	12.0 	0.0 	0.0 	0.0 	2.86761784064	3.0509851666	160.184038387	-20.7299038937	
2.21666666667	0.0	0.0	0.0 	0.0 	106.6 	12.0 	0.0 	0.0 	0.0 	-0.0 	12.0 	0.0 	0.0 	0.0 	2.94513458097	3.05228784963	160.188416141	-20.7787938628	
2.23333333333	0.0	0.0	0.0 	0.0 	106.8 	12.0 	0.0 	0.0 	0.0 	-0.0 	12.0 	0.0 	0.0 	0.0 	3.02214112619	3.05337341881	160.192853896	-20.8289670068	
2.25	0.0	0.0	0.0 	0.0 	107.0 	12.0 	0.0 	0.0 	0.0 	-0.0 	12.0 	0.0 	0.0 	0.0 	3.09864083428	3.0542780598	160.197357444	-20.880414283	
2.26666666667	0.0	0.0	0.0 	0.0 	107.2 	12.0 	0.0 	0.0 	0.0 	-0.0 	12.0 	0.0 	0.0 	0.0 	3.1746370411	3.05503192729	160.201931708	-20.9331268008	
2.28333333333	0.0	0.0	0.0 	0.0 	107.4 	12.0 	0.0 	0.0 	0.0 	-0.0 	12.0 	0.0 	0.0 	0.0 	3.25013306057	3.0556601502	160.206580849	-20.987095806	
2.3	0.0	0.0	0.0 	0.0 	107.6 	12.0 	0.0 	0.0 	0.0 	-0.0 	12.0 	0.0 	0.0 	0.0 	3.3251321848	3.05618366929	160.211308366	-21.0423126667	
2.31666666667	0.0	0.0	0.0 	0.0 	107.8 	12.0 	0.0 	0.0 	0.0 	-0.0 	12.0 	0.0 	0.0 	0.0 	3.39963768423	3.0566199352	160.216117182	-21.0987688627	
2.33333333333	0.0	0.0	0.0 	0.0 	108.0 	12.0 	0.0 	0.0 	0.0 	-0.0 	12.0 	0.0 	0.0 	0.0 	3.47365280775	3.05698349012	160.221009721	-21.1564559758	
2.35	0.0	0.0	0.0 	0.0 	108.2 	12.0 	0.0 	0.0 	0.0 	-0.0 	12.0 	0.0 	0.0 	0.0 	3.5471807829	3.05728645256	160.225987974	-21.2153656823	
2.36666666667	0.0	0.0	0.0 	0.0 	108.4 	12.0 	0.0 	0.0 	0.0 	-0.0 	12.0 	0.0 	0.0 	0.0 	3.62022481596	3.05753892126	160.231053561	-21.2754897464	
2.38333333333	0.0	0.0	0.0 	0.0 	108.6 	12.0 	0.0 	0.0 	0.0 	-0.0 	12.0 	0.0 	0.0 	0.0 	3.69278809212	3.05774931184	160.236207779	-21.3368200145	
2.4	0.0	0.0	0.0 	0.0 	108.8 	12.0 	0.0 	0.0 	0.0 	-0.0 	12.0 	0.0 	0.0 	0.0 	3.76487377559	3.05792463732	160.241451648	-21.3993484106	
2.41666666667	0.0	0.0	0.0 	0.0 	109.0 	12.0 	0.0 	0.0 	0.0 	-0.0 	12.0 	0.0 	0.0 	0.0 	3.83648500976	3.05807074189	160.246785951	-21.4630669323	
2.43333333333	0.0	0.0	0.0 	0.0 	109.2 	12.0 	0.0 	0.0 	0.0 	-0.0 	12.0 	0.0 	0.0 	0.0 	3.90762491734	3.0581924957	160.252211265	-21.527967647	
2.45	0.0	0.0	0.0 	0.0 	109.4 	12.0 	0.0 	0.0 	0.0 	-0.0 	12.0 	0.0 	0.0 	0.0 	3.97829660048	3.05829395721	160.257727995	-21.5940426891	
2.46666666667	0.0	0.0	0.0 	0.0 	109.6 	12.0 	0.0 	0.0 	0.0 	-0.0 	12.0 	0.0 	0.0 	0.0 	4.0485031409	3.05837850846	160.263336396	-21.6612842576	
2.48333333333	0.0	0.0	0.0 	0.0 	109.8 	12.0 	0.0 	0.0 	0.0 	-0.0 	12.0 	0.0 	0.0 	0.0 	4.11824760006	3.05844896784	160.269036595	-21.7296846132	
2.5	0.0	0.0	0.0 	0.0 	110.0 	12.0 	0.0 	0.0 	0.0 	-0.0 	12.0 	0.0 	0.0 	0.0 	4.18753301925	3.05850768399	160.27482861	-21.799236077	
2.51666666667	0.0	0.0	0.0 	0.0 	110.2 	12.0 	0.0 	0.0 	0.0 	-0.0 	12.0 	0.0 	0.0 	0.0 	4.25636241976	3.05855661412	160.280712368	-21.8699310282	
2.53333333333	0.0	0.0	0.0 	0.0 	110.4 	12.0 	0.0 	0.0 	0.0 	-0.0 	12.0 	0.0 	0.0 	0.0 	4.32473880298	3.05859738922	160.286687716	-21.941761903	
2.55	0.0	0.0	0.0 	0.0 	110.6 	12.0 	0.0 	0.0 	0.0 	-0.0 	12.0 	0.0 	0.0 	0.0 	4.39266515056	3.05863136847	160.292754437	-22.014721193	
2.56666666667	0.0	0.0	0.0 	0.0 	110.8 	12.0 	0.0 	0.0 	0.0 	-0.0 	12.0 	0.0 	0.0 	0.0 	4.46014442452	3.05865968452	160.298912257	-22.0888014438	
2.58333333333	0.0	0.0	0.0 	0.0 	111.0 	12.0 	0.0 	0.0 	0.0 	-0.0 	12.0 	0.0 	0.0 	0.0 	4.52717956737	3.05868328122	160.305160852	-22.1639952545	
2.6	0.0	0.0	0.0 	0.0 	111.2 	12.0 	0.0 	0.0 	0.0 	-0.0 	12.0 	0.0 	0.0 	0.0 	4.59377350228	3.05870294514	160.311499863	-22.2402952763	
2.61666666667	0.0	0.0	0.0 	0.0 	111.4 	12.0 	0.0 	0.0 	0.0 	-0.0 	12.0 	0.0 	0.0 	0.0 	4.65992913316	3.05871933174	160.317928895	-22.3176942117	
2.63333333333	0.0	0.0	0.0 	0.0 	111.6 	12.0 	0.0 	0.0 	0.0 	-0.0 	12.0 	0.0 	0.0 	0.0 	4.72564934481	3.05873298724	160.324447525	-22.3961848137	
2.65	0.0	0.0	0.0 	0.0 	111.8 	12.0 	0.0 	0.0 	0.0 	-0.0 	12.0 	0.0 	0.0 	0.0 	4.79093700305	3.05874436682	160.331055309	-22.4757598853	
2.66666666667	0.0	0.0	0.0 	0.0 	112.0 	12.0 	0.0 	0.0 	0.0 	-0.0 	12.0 	0.0 	0.0 	0.0 	4.85579495483	3.05875384981	160.337751781	-22.5564122786	
2.68333333333	0.0	0.0	0.0 	0.0 	112.2 	12.0 	0.0 	0.0 	0.0 	-0.0 	12.0 	0.0 	0.0 	0.0 	4.92022602838	3.0587617523	160.344536463	-22.6381348944	
2.7	0.0	0.0	0.0 	0.0 	112.4 	12.0 	0.0 	0.0 	0.0 	-0.0 	12.0 	0.0 	0.0 	0.0 	4.98423303329	3.05876833771	160.351408861	-22.7209206813	
2.71666666667	0.0	0.0	0.0 	0.0 	112.6 	12.0 	0.0 	0.0 	0.0 	-0.0 	12.0 	0.0 	0.0 	0.0 	5.04781876067	3.05877382555	160.358368472	-22.8047626357	
2.73333333333	0.0	0.0	0.0 	0.0 	112.8 	12.0 	0.0 	0.0 	0.0 	-0.0 	12.0 	0.0 	0.0 	0.0 	5.11098598326	3.05877839874	160.365414787	-22.8896538009	
2.75	0.0	0.0	0.0 	0.0 	113.0 	12.0 	0.0 	0.0 	0.0 	-0.0 	12.0 	0.0 	0.0 	0.0 	5.17373745556	3.05878220974	160.372547287	-22.9755872669	
2.76666666667	0.0	0.0	0.0 	0.0 	113.2 	12.0 	0.0 	0.0 	0.0 	-0.0 	12.0 	0.0 	0.0 	0.0 	5.23607591392	3.05878538558	160.37976545	-23.0625561697	
2.78333333333	0.0	0.0	0.0 	0.0 	113.4 	12.0 	0.0 	0.0 	0.0 	-0.0 	12.0 	0.0 	0.0 	0.0 	5.2980040767	3.0587880321	160.387068751	-23.1505536912	
2.8	0.0	0.0	0.0 	0.0 	113.6 	12.0 	0.0 	0.0 	0.0 	-0.0 	12.0 	0.0 	0.0 	0.0 	5.35952464434	3.05879023754	160.394456662	-23.2395730587	
2.81666666667	0.0	0.0	0.0 	0.0 	113.8 	12.0 	0.0 	0.0 	0.0 	-0.0 	12.0 	0.0 	0.0 	0.0 	5.42064029955	3.05879207541	160.401928653	-23.3296075442	
2.83333333333	0.0	0.0	0.0 	0.0 	114.0 	12.0 	0.0 	0.0 	0.0 	-0.0 	12.0 	0.0 	0.0 	0.0 	5.48135370735	3.05879360696	160.409484194	-23.4206504647	
2.85	0.0	0.0	0.0 	0.0 	114.2 	12.0 	0.0 	0.0 	0.0 	-0.0 	12.0 	0.0 	0.0 	0.0 	5.54166751522	3.05879488326	160.417122754	-23.5126951813	
2.86666666667	0.0	0.0	0.0 	0.0 	114.4 	12.0 	0.0 	0.0 	0.0 	-0.0 	12.0 	0.0 	0.0 	0.0 	5.60158435323	3.05879594684	160.424843805	-23.605735099	
2.88333333333	0.0	0.0	0.0 	0.0 	114.6 	12.0 	0.0 	0.0 	0.0 	-0.0 	12.0 	0.0 	0.0 	0.0 	5.66110683413	3.05879683316	160.432646815	-23.6997636666	
2.9	0.0	0.0	0.0 	0.0 	114.8 	12.0 	0.0 	0.0 	0.0 	-0.0 	12.0 	0.0 	0.0 	0.0 	5.72023755348	3.05879757175	160.440531259	-23.794774376	
2.91666666667	0.0	0.0	0.0 	0.0 	115.0 	12.0 	0.0 	0.0 	0.0 	-0.0 	12.0 	0.0 	0.0 	0.0 	5.77897908975	3.05879818725	160.44849661	-23.8907607622	
2.93333333333	0.0	0.0	0.0 	0.0 	115.2 	12.0 	0.0 	0.0 	0.0 	-0.0 	12.0 	0.0 	0.0 	0.0 	5.83733400445	3.05879870017	160.456542343	-23.9877164028	
2.95	0.0	0.0	0.0 	0.0 	115.4 	12.0 	0.0 	0.0 	0.0 	-0.0 	12.0 	0.0 	0.0 	0.0 	5.89530484221	3.0587991276	160.464667937	-24.0856349179	
2.96666666667	0.0	0.0	0.0 	0.0 	115.6 	12.0 	0.0 	0.0 	0.0 	-0.0 	12.0 	0.0 	0.0 	0.0 	5.95289413093	3.05879948379	160.472872872	-24.1845099697	
2.98333333333	0.0	0.0	0.0 	0.0 	115.8 	12.0 	0.0 	0.0 	0.0 	-0.0 	12.0 	0.0 	0.0 	0.0 	6.01010438188	3.05879978061	160.481156631	-24.2843352619	
3.0	0.0	0.0	0.0 	0.0 	116.0 	12.0 	0.0 	0.0 	0.0 	-0.0 	12.0 	0.0 	0.0 	0.0 	6.06693808977	3.05880002797	160.489518699	-24.3851045401	
3.01666666667	0.0	0.0	0.0 	0.0 	116.2 	12.0 	0.0 	0.0 	0.0 	-0.0 	12.0 	0.0 	0.0 	0.0 	6.12339773291	3.0588002341	160.497958564	-24.4868115908	
3.03333333333	0.0	0.0	0.0 	0.0 	116.4 	12.0 	0.0 	0.0 	0.0 	-0.0 	12.0 	0.0 	0.0 	0.0 	6.17948577331	3.05880040587	160.506475718	-24.5894502417	
3.05	0.0	0.0	0.0 	0.0 	116.6 	12.0 	0.0 	0.0 	0.0 	-0.0 	12.0 	0.0 	0.0 	0.0 	6.23520465676	3.05880054902	160.515069655	-24.6930143609	
3.06666666667	0.0	0.0	0.0 	0.0 	116.8 	12.0 	0.0 	0.0 	0.0 	-0.0 	12.0 	0.0 	0.0 	0.0 	6.29055681294	3.0588006683	160.52373987	-24.7974978572	
3.08333333333	0.0	0.0	0.0 	0.0 	117.0 	12.0 	0.0 	0.0 	0.0 	-0.0 	12.0 	0.0 	0.0 	0.0 	6.34554465558	3.05880076771	160.532485864	-24.9028946791	
3.1	0.0	0.0	0.0 	0.0 	117.2 	12.0 	0.0 	0.0 	0.0 	-0.0 	12.0 	0.0 	0.0 	0.0 	6.40017058247	3.05880085055	160.541307139	-25.0091988155	
3.11666666667	0.0	0.0	0.0 	0.0 	117.4 	12.0 	0.0 	0.0 	0.0 	-0.0 	12.0 	0.0 	0.0 	0.0 	6.45443697567	3.05880091958	160.550203202	-25.1164042943	
3.13333333333	0.0	0.0	0.0 	0.0 	117.6 	12.0 	0.0 	0.0 	0.0 	-0.0 	12.0 	0.0 	0.0 	0.0 	6.50834620152	3.05880097711	160.559173561	-25.2245051833	
3.15	0.0	0.0	0.0 	0.0 	117.8 	12.0 	0.0 	0.0 	0.0 	-0.0 	12.0 	0.0 	0.0 	0.0 	6.56190061081	3.05880102505	160.568217728	-25.3334955888	
3.16666666667	0.0	0.0	0.0 	0.0 	118.0 	12.0 	0.0 	0.0 	0.0 	-0.0 	12.0 	0.0 	0.0 	0.0 	6.61510253885	3.05880106499	160.577335217	-25.4433696563	
3.18333333333	0.0	0.0	0.0 	0.0 	118.2 	12.0 	0.0 	0.0 	0.0 	-0.0 	12.0 	0.0 	0.0 	0.0 	6.66795430557	3.05880109829	160.586525548	-25.5541215697	
3.2	0.0	0.0	0.0 	0.0 	118.4 	12.0 	0.0 	0.0 	0.0 	-0.0 	12.0 	0.0 	0.0 	0.0 	6.72045821567	3.05880112603	160.595788242	-25.6657455512	
3.21666666667	0.0	0.0	0.0 	0.0 	118.6 	12.0 	0.0 	0.0 	0.0 	-0.0 	12.0 	0.0 	0.0 	0.0 	6.77261655862	3.05880114915	160.605122821	-25.778235861	
3.23333333333	0.0	0.0	0.0 	0.0 	118.8 	12.0 	0.0 	0.0 	0.0 	-0.0 	12.0 	0.0 	0.0 	0.0 	6.82443160887	3.05880116841	160.614528814	-25.8915867972	
3.25	0.0	0.0	0.0 	0.0 	119.0 	12.0 	0.0 	0.0 	0.0 	-0.0 	12.0 	0.0 	0.0 	0.0 	6.87590562588	3.05880118447	160.624005751	-26.0057926953	
3.26666666667	0.0	0.0	0.0 	0.0 	119.2 	12.0 	0.0 	0.0 	0.0 	-0.0 	12.0 	0.0 	0.0 	0.0 	6.92704085425	3.05880119785	160.633553165	-26.1208479281	
3.28333333333	0.0	0.0	0.0 	0.0 	119.4 	12.0 	0.0 	0.0 	0.0 	-0.0 	12.0 	0.0 	0.0 	0.0 	6.97783952378	3.058801209	160.643170593	-26.2367469056	
3.3	0.0	0.0	0.0 	0.0 	119.6 	12.0 	0.0 	0.0 	0.0 	-0.0 	12.0 	0.0 	0.0 	0.0 	7.02830384964	3.05880121829	160.652857574	-26.3534840744	
3.31666666667	0.0	0.0	0.0 	0.0 	119.8 	12.0 	0.0 	0.0 	0.0 	-0.0 	12.0 	0.0 	0.0 	0.0 	7.07843603237	3.05880122603	160.66261365	-26.4710539177	
3.33333333333	0.0	0.0	0.0 	0.0 	120.0 	12.0 	0.0 	0.0 	0.0 	-0.0 	12.0 	0.0 	0.0 	0.0 	7.12823825806	3.05880123248	160.672438367	-26.589450955	
3.35	0.0	0.0	0.0 	0.0 	120.2 	12.0 	0.0 	0.0 	0.0 	-0.0 	12.0 	0.0 	0.0 	0.0 	7.1777126984	3.05880123786	160.682331273	-26.7086697421	
3.36666666667	0.0	0.0	0.0 	0.0 	120.4 	12.0 	0.0 	0.0 	0.0 	-0.0 	12.0 	0.0 	0.0 	0.0 	7.22686151078	3.05880124234	160.692291919	-26.8287048703	
3.38333333333	0.0	0.0	0.0 	0.0 	120.6 	12.0 	0.0 	0.0 	0.0 	-0.0 	12.0 	0.0 	0.0 	0.0 	7.27568683842	3.05880124607	160.70231986	-26.9495509666	
3.4	0.0	0.0	0.0 	0.0 	120.8 	12.0 	0.0 	0.0 	0.0 	-0.0 	12.0 	0.0 	0.0 	0.0 	7.3241908104	3.05880124918	160.712414652	-27.0712026936	
3.41666666667	0.0	0.0	0.0 	0.0 	121.0 	12.0 	0.0 	0.0 	0.0 	-0.0 	12.0 	0.0 	0.0 	0.0 	7.37237554179	3.05880125178	160.722575856	-27.1936547487	
3.43333333333	0.0	0.0	0.0 	0.0 	121.2 	12.0 	0.0 	0.0 	0.0 	-0.0 	12.0 	0.0 	0.0 	0.0 	7.42024313377	3.05880125394	160.732803035	-27.3169018644	
3.45	0.0	0.0	0.0 	0.0 	121.4 	12.0 	0.0 	0.0 	0.0 	-0.0 	12.0 	0.0 	0.0 	0.0 	7.46779567365	3.05880125574	160.743095755	-27.4409388077	
3.46666666667	0.0	0.0	0.0 	0.0 	121.6 	12.0 	0.0 	0.0 	0.0 	-0.0 	12.0 	0.0 	0.0 	0.0 	7.51503523504	3.05880125724	160.753453584	-27.5657603803	
3.48333333333	0.0	0.0	0.0 	0.0 	121.8 	12.0 	0.0 	0.0 	0.0 	-0.0 	12.0 	0.0 	0.0 	0.0 	7.56196387786	3.05880125849	160.763876093	-27.691361418	
3.5	0.0	0.0	0.0 	0.0 	122.0 	12.0 	0.0 	0.0 	0.0 	-0.0 	12.0 	0.0 	0.0 	0.0 	7.60858364852	3.05880125953	160.774362858	-27.8177367904	
3.51666666667	0.0	0.0	0.0 	0.0 	122.2 	12.0 	0.0 	0.0 	0.0 	-0.0 	12.0 	0.0 	0.0 	0.0 	7.65489657992	3.0588012604	160.784913454	-27.9448814011	
3.53333333333	0.0	0.0	0.0 	0.0 	122.4 	12.0 	0.0 	0.0 	0.0 	-0.0 	12.0 	0.0 	0.0 	0.0 	7.7009046916	3.05880126112	160.795527463	-28.0727901872	
3.55	0.0	0.0	0.0 	0.0 	122.6 	12.0 	0.0 	0.0 	0.0 	-0.0 	12.0 	0.0 	0.0 	0.0 	7.74660998981	3.05880126173	160.806204466	-28.2014581191	
3.56666666667	0.0	0.0	0.0 	0.0 	122.8 	12.0 	0.0 	0.0 	0.0 	-0.0 	12.0 	0.0 	0.0 	0.0 	7.79201446758	3.05880126223	160.816944049	-28.3308802003	
3.58333333333	0.0	0.0	0.0 	0.0 	123.0 	12.0 	0.0 	0.0 	0.0 	-0.0 	12.0 	0.0 	0.0 	0.0 	7.83712010484	3.05880126265	160.827745801	-28.4610514671	
3.6	0.0	0.0	0.0 	0.0 	123.2 	12.0 	0.0 	0.0 	0.0 	-0.0 	12.0 	0.0 	0.0 	0.0 	7.88192886849	3.058801263	160.838609311	-28.5919669886	
3.61666666667	0.0	0.0	0.0 	0.0 	123.4 	12.0 	0.0 	0.0 	0.0 	-0.0 	12.0 	0.0 	0.0 	0.0 	7.92644271245	3.05880126329	160.849534174	-28.7236218664	
3.63333333333	0.0	0.0	0.0 	0.0 	123.6 	12.0 	0.0 	0.0 	0.0 	-0.0 	12.0 	0.0 	0.0 	0.0 	7.97066357783	3.05880126353	160.860519986	-28.8560112341	
3.65	0.0	0.0	0.0 	0.0 	123.8 	12.0 	0.0 	0.0 	0.0 	-0.0 	12.0 	0.0 	0.0 	0.0 	8.01459339292	3.05880126373	160.871566345	-28.9891302575	
3.66666666667	0.0	0.0	0.0 	0.0 	124.0 	12.0 	0.0 	0.0 	0.0 	-0.0 	12.0 	0.0 	0.0 	0.0 	8.05823407335	3.0588012639	160.882672853	-29.1229741343	
3.68333333333	0.0	0.0	0.0 	0.0 	124.2 	12.0 	0.0 	0.0 	0.0 	-0.0 	12.0 	0.0 	0.0 	0.0 	8.10158752212	3.05880126404	160.893839115	-29.2575380937	
3.7	0.0	0.0	0.0 	0.0 	124.4 	12.0 	0.0 	0.0 	0.0 	-0.0 	12.0 	0.0 	0.0 	0.0 	8.14465562973	3.05880126416	160.905064736	-29.3928173962	
3.71666666667	0.0	0.0	0.0 	0.0 	124.6 	12.0 	0.0 	0.0 	0.0 	-0.0 	12.0 	0.0 	0.0 	0.0 	8.1874402742	3.05880126425	160.916349327	-29.5288073336	
3.73333333333	0.0	0.0	0.0 	0.0 	124.8 	12.0 	0.0 	0.0 	0.0 	-0.0 	12.0 	0.0 	0.0 	0.0 	8.22994332123	3.05880126434	160.927692499	-29.6655032287	
3.75	0.0	0.0	0.0 	0.0 	125.0 	12.0 	0.0 	0.0 	0.0 	-0.0 	12.0 	0.0 	0.0 	0.0 	8.27216662421	3.0588012644	160.939093866	-29.8029004352	
3.76666666667	0.0	0.0	0.0 	0.0 	125.2 	12.0 	0.0 	0.0 	0.0 	-0.0 	12.0 	0.0 	0.0 	0.0 	8.31411202435	3.05880126446	160.950553046	-29.940994337	
3.78333333333	0.0	0.0	0.0 	0.0 	125.4 	12.0 	0.0 	0.0 	0.0 	-0.0 	12.0 	0.0 	0.0 	0.0 	8.35578135073	3.05880126451	160.962069658	-30.0797803489	
3.8	0.0	0.0	0.0 	0.0 	125.6 	12.0 	0.0 	0.0 	0.0 	-0.0 	12.0 	0.0 	0.0 	0.0 	8.39717642039	3.05880126455	160.973643324	-30.2192539155	
3.81666666667	0.0	0.0	0.0 	0.0 	125.8 	12.0 	0.0 	0.0 	0.0 	-0.0 	12.0 	0.0 	0.0 	0.0 	8.43829903843	3.05880126458	160.985273669	-30.3594105114	
3.83333333333	0.0	0.0	0.0 	0.0 	126.0 	12.0 	0.0 	0.0 	0.0 	-0.0 	12.0 	0.0 	0.0 	0.0 	8.47915099805	3.0588012646	160.996960319	-30.5002456412	
3.85	0.0	0.0	0.0 	0.0 	126.2 	12.0 	0.0 	0.0 	0.0 	-0.0 	12.0 	0.0 	0.0 	0.0 	8.51973408066	3.05880126463	161.008702903	-30.6417548389	
3.86666666667	0.0	0.0	0.0 	0.0 	126.4 	12.0 	0.0 	0.0 	0.0 	-0.0 	12.0 	0.0 	0.0 	0.0 	8.56005005592	3.05880126465	161.020501055	-30.783933668	
3.88333333333	0.0	0.0	0.0 	0.0 	126.6 	12.0 	0.0 	0.0 	0.0 	-0.0 	12.0 	0.0 	0.0 	0.0 	8.60010068188	3.05880126466	161.032354407	-30.9267777211	
3.9	0.0	0.0	0.0 	0.0 	126.8 	12.0 	0.0 	0.0 	0.0 	-0.0 	12.0 	0.0 	0.0 	0.0 	8.63988770499	3.05880126468	161.044262598	-31.07028262	
3.91666666667	0.0	0.0	0.0 	0.0 	127.0 	12.0 	0.0 	0.0 	0.0 	-0.0 	12.0 	0.0 	0.0 	0.0 	8.67941286022	3.05880126469	161.056225265	-31.214444015	
3.93333333333	0.0	0.0	0.0 	0.0 	127.2 	12.0 	0.0 	0.0 	0.0 	-0.0 	12.0 	0.0 	0.0 	0.0 	8.71867787112	3.0588012647	161.06824205	-31.3592575854	
3.95	0.0	0.0	0.0 	0.0 	127.4 	12.0 	0.0 	0.0 	0.0 	-0.0 	12.0 	0.0 	0.0 	0.0 	8.75768444989	3.0588012647	161.080312597	-31.5047190386	
3.96666666667	0.0	0.0	0.0 	0.0 	127.6 	12.0 	0.0 	0.0 	0.0 	-0.0 	12.0 	0.0 	0.0 	0.0 	8.79643429746	3.05880126471	161.092436552	-31.6508241104	
3.98333333333	0.0	0.0	0.0 	0.0 	127.8 	12.0 	0.0 	0.0 	0.0 	-0.0 	12.0 	0.0 	0.0 	0.0 	8.83492910357	3.05880126471	161.104613564	-31.7975685648	
4.0	0.0	0.0	0.0 	0.0 	128.0 	12.0 	0.0 	0.0 	0.0 	-0.0 	12.0 	0.0 	0.0 	0.0 	8.87317054684	3.05880126472	161.116843284	-31.9449481935	
4.01666666667	0.0	0.0	0.0 	0.0 	128.2 	12.0 	0.0 	0.0 	0.0 	-0.0 	12.0 	0.0 	0.0 	0.0 	8.91116029483	3.05880126472	161.129125364	-32.0929588159	
4.03333333333	0.0	0.0	0.0 	0.0 	128.4 	12.0 	0.0 	0.0 	0.0 	-0.0 	12.0 	0.0 	0.0 	0.0 	8.94890000414	3.05880126473	161.14145946	-32.241596279	
4.05	0.0	0.0	0.0 	0.0 	128.6 	12.0 	0.0 	0.0 	0.0 	-0.0 	12.0 	0.0 	0.0 	0.0 	8.98639132046	3.05880126473	161.153845229	-32.3908564571	
4.06666666667	0.0	0.0	0.0 	0.0 	128.8 	12.0 	0.0 	0.0 	0.0 	-0.0 	12.0 	0.0 	0.0 	0.0 	9.02363587865	3.05880126473	161.166282332	-32.5407352516	
4.08333333333	0.0	0.0	0.0 	0.0 	129.0 	12.0 	0.0 	0.0 	0.0 	-0.0 	12.0 	0.0 	0.0 	0.0 	9.06063530281	3.05880126473	161.178770431	-32.691228591	
4.1	0.0	0.0	0.0 	0.0 	129.2 	12.0 	0.0 	0.0 	0.0 	-0.0 	12.0 	0.0 	0.0 	0.0 	9.09739120633	3.05880126473	161.191309189	-32.8423324305	
4.11666666667	0.0	0.0	0.0 	0.0 	129.4 	12.0 	0.0 	0.0 	0.0 	-0.0 	12.0 	0.0 	0.0 	0.0 	9.13390519202	3.05880126473	161.203898274	-32.9940427519	
4.13333333333	0.0	0.0	0.0 	0.0 	129.6 	12.0 	0.0 	0.0 	0.0 	-0.0 	12.0 	0.0 	0.0 	0.0 	9.17017885212	3.05880126474	161.216537354	-33.1463555635	
4.15	0.0	0.0	0.0 	0.0 	129.8 	12.0 	0.0 	0.0 	0.0 	-0.0 	12.0 	0.0 	0.0 	0.0 	9.20621376838	3.05880126474	161.229226101	-33.2992668999	
4.16666666667	0.0	0.0	0.0 	0.0 	130.0 	12.0 	0.0 	0.0 	0.0 	-0.0 	12.0 	0.0 	0.0 	0.0 	9.24201151215	3.05880126474	161.241964187	-33.4527728218	
4.18333333333	0.0	0.0	0.0 	0.0 	130.2 	12.0 	0.0 	0.0 	0.0 	-0.0 	12.0 	0.0 	0.0 	0.0 	9.27757364445	3.05880126474	161.254751287	-33.6068694158	
4.2	0.0	0.0	0.0 	0.0 	130.4 	12.0 	0.0 	0.0 	0.0 	-0.0 	12.0 	0.0 	0.0 	0.0 	9.31290171601	3.05880126474	161.267587079	-33.7615527941	
4.21666666667	0.0	0.0	0.0 	0.0 	130.6 	12.0 	0.0 	0.0 	0.0 	-0.0 	12.0 	0.0 	0.0 	0.0 	9.34799726734	3.05880126474	161.280471243	-33.9168190948	
4.23333333333	0.0	0.0	0.0 	0.0 	130.8 	12.0 	0.0 	0.0 	0.0 	-0.0 	12.0 	0.0 	0.0 	0.0 	9.38286182885	3.05880126474	161.29340346	-34.0726644812	
4.25	0.0	0.0	0.0 	0.0 	131.0 	12.0 	0.0 	0.0 	0.0 	-0.0 	12.0 	0.0 	0.0 	0.0 	9.41749692085	3.05880126474	161.306383414	-34.2290851419	
4.26666666667	0.0	0.0	0.0 	0.0 	131.2 	12.0 	0.0 	0.0 	0.0 	-0.0 	12.0 	0.0 	0.0 	0.0 	9.45190405364	3.05880126474	161.319410791	-34.3860772905	
4.28333333333	0.0	0.0	0.0 	0.0 	131.4 	12.0 	0.0 	0.0 	0.0 	-0.0 	12.0 	0.0 	0.0 	0.0 	9.4860847276	3.05880126474	161.332485278	-34.5436371658	
4.3	0.0	0.0	0.0 	0.0 	131.6 	12.0 	0.0 	0.0 	0.0 	-0.0 	12.0 	0.0 	0.0 	0.0 	9.52004043322	3.05880126474	161.345606566	-34.7017610311	
4.31666666667	0.0	0.0	0.0 	0.0 	131.8 	12.0 	0.0 	0.0 	0.0 	-0.0 	12.0 	0.0 	0.0 	0.0 	9.55377265117	3.05880126474	161.358774346	-34.8604451743	
4.33333333333	0.0	0.0	0.0 	0.0 	132.0 	12.0 	0.0 	0.0 	0.0 	-0.0 	12.0 	0.0 	0.0 	0.0 	9.58728285241	3.05880126474	161.371988313	-35.0196859079	
4.35	0.0	0.0	0.0 	0.0 	132.2 	12.0 	0.0 	0.0 	0.0 	-0.0 	12.0 	0.0 	0.0 	0.0 	9.62057249818	3.05880126474	161.385248162	-35.1794795684	
4.36666666667	0.0	0.0	0.0 	0.0 	132.4 	12.0 	0.0 	0.0 	0.0 	-0.0 	12.0 	0.0 	0.0 	0.0 	9.65364304012	3.05880126474	161.398553591	-35.3398225168	
4.38333333333	0.0	0.0	0.0 	0.0 	132.6 	12.0 	0.0 	0.0 	0.0 	-0.0 	12.0 	0.0 	0.0 	0.0 	9.68649592032	3.05880126474	161.411904301	-35.5007111376	
4.4	0.0	0.0	0.0 	0.0 	132.8 	12.0 	0.0 	0.0 	0.0 	-0.0 	12.0 	0.0 	0.0 	0.0 	9.71913257138	3.05880126474	161.425299994	-35.6621418395	
4.41666666667	0.0	0.0	0.0 	0.0 	133.0 	12.0 	0.0 	0.0 	0.0 	-0.0 	12.0 	0.0 	0.0 	0.0 	9.75155441645	3.05880126474	161.438740373	-35.8241110546	
4.43333333333	0.0	0.0	0.0 	0.0 	133.2 	12.0 	0.0 	0.0 	0.0 	-0.0 	12.0 	0.0 	0.0 	0.0 	9.78376286933	3.05880126474	161.452225144	-35.9866152386	
4.45	0.0	0.0	0.0 	0.0 	133.4 	12.0 	0.0 	0.0 	0.0 	-0.0 	12.0 	0.0 	0.0 	0.0 	9.81575933453	3.05880126474	161.465754016	-36.1496508704	
4.46666666667	0.0	0.0	0.0 	0.0 	133.6 	12.0 	0.0 	0.0 	0.0 	-0.0 	12.0 	0.0 	0.0 	0.0 	9.84754520727	3.05880126474	161.479326697	-36.3132144521	
4.48333333333	0.0	0.0	0.0 	0.0 	133.8 	12.0 	0.0 	0.0 	0.0 	-0.0 	12.0 	0.0 	0.0 	0.0 	9.87912187364	3.05880126474	161.492942899	-36.477302509	
4.5	0.0	0.0	0.0 	0.0 	134.0 	12.0 	0.0 	0.0 	0.0 	-0.0 	12.0 	0.0 	0.0 	0.0 	9.91049071056	3.05880126474	161.506602337	-36.641911589	
4.51666666667	0.0	0.0	0.0 	0.0 	134.2 	12.0 	0.0 	0.0 	0.0 	-0.0 	12.0 	0.0 	0.0 	0.0 	9.94165308593	3.05880126474	161.520304726	-36.807038263	
4.53333333333	0.0	0.0	0.0 	0.0 	134.4 	12.0 	0.0 	0.0 	0.0 	-0.0 	12.0 	0.0 	0.0 	0.0 	9.97261035861	3.05880126474	161.534049782	-36.9726791243	
4.55	0.0	0.0	0.0 	0.0 	134.6 	12.0 	0.0 	0.0 	0.0 	-0.0 	12.0 	0.0 	0.0 	0.0 	10.0033638785	3.05880126474	161.547837225	-37.1388307886	
4.56666666667	0.0	0.0	0.0 	0.0 	134.8 	12.0 	0.0 	0.0 	0.0 	-0.0 	12.0 	0.0 	0.0 	0.0 	10.0339149868	3.05880126474	161.561666776	-37.305489894	
4.58333333333	0.0	0.0	0.0 	0.0 	135.0 	12.0 	0.0 	0.0 	0.0 	-0.0 	12.0 	0.0 	0.0 	0.0 	10.0642650155	3.05880126474	161.575538158	-37.4726531005	
4.6	0.0	0.0	0.0 	0.0 	135.2 	12.0 	0.0 	0.0 	0.0 	-0.0 	12.0 	0.0 	0.0 	0.0 	10.0944152882	3.05880126474	161.589451095	-37.6403170904	
4.61666666667	0.0	0.0	0.0 	0.0 	135.4 	12.0 	0.0 	0.0 	0.0 	-0.0 	12.0 	0.0 	0.0 	0.0 	10.1243671197	3.05880126474	161.603405315	-37.8084785676	
4.63333333333	0.0	0.0	0.0 	0.0 	135.6 	12.0 	0.0 	0.0 	0.0 	-0.0 	12.0 	0.0 	0.0 	0.0 	10.1541218159	3.05880126474	161.617400544	-37.9771342578	
4.65	0.0	0.0	0.0 	0.0 	135.8 	12.0 	0.0 	0.0 	0.0 	-0.0 	12.0 	0.0 	0.0 	0.0 	10.1836806745	3.05880126474	161.631436515	-38.1462809082	
4.66666666667	0.0	0.0	0.0 	0.0 	136.0 	12.0 	0.0 	0.0 	0.0 	-0.0 	12.0 	0.0 	0.0 	0.0 	10.2130449842	3.05880126474	161.645512957	-38.3159152874	
4.68333333333	0.0	0.0	0.0 	0.0 	136.2 	12.0 	0.0 	0.0 	0.0 	-0.0 	12.0 	0.0 	0.0 	0.0 	10.2422160257	3.05880126474	161.659629606	-38.4860341854	
4.7	0.0	0.0	0.0 	0.0 	136.4 	12.0 	0.0 	0.0 	0.0 	-0.0 	12.0 	0.0 	0.0 	0.0 	10.271195071	3.05880126474	161.673786195	-38.6566344131	
4.71666666667	0.0	0.0	0.0 	0.0 	136.6 	12.0 	0.0 	0.0 	0.0 	-0.0 	12.0 	0.0 	0.0 	0.0 	10.2999833837	3.05880126474	161.687982463	-38.8277128025	
4.73333333333	0.0	0.0	0.0 	0.0 	136.8 	12.0 	0.0 	0.0 	0.0 	-0.0 	12.0 	0.0 	0.0 	0.0 	10.3285822192	3.05880126474	161.702218148	-38.9992662066	
4.75	0.0	0.0	0.0 	0.0 	137.0 	12.0 	0.0 	0.0 	0.0 	-0.0 	12.0 	0.0 	0.0 	0.0 	10.3569928245	3.05880126474	161.716492991	-39.1712914989	
4.76666666667	0.0	0.0	0.0 	0.0 	137.2 	12.0 	0.0 	0.0 	0.0 	-0.0 	12.0 	0.0 	0.0 	0.0 	10.3852164386	3.05880126474	161.730806734	-39.3437855735	
4.78333333333	0.0	0.0	0.0 	0.0 	137.4 	12.0 	0.0 	0.0 	0.0 	-0.0 	12.0 	0.0 	0.0 	0.0 	10.4132542922	3.05880126474	161.745159122	-39.5167453451	
4.8	0.0	0.0	0.0 	0.0 	137.6 	12.0 	0.0 	0.0 	0.0 	-0.0 	12.0 	0.0 	0.0 	0.0 	10.4411076079	3.05880126474	161.759549898	-39.6901677485	
4.81666666667	0.0	0.0	0.0 	0.0 	137.8 	12.0 	0.0 	0.0 	0.0 	-0.0 	12.0 	0.0 	0.0 	0.0 	10.4687776003	3.05880126474	161.773978812	-39.8640497389	
4.83333333333	0.0	0.0	0.0 	0.0 	138.0 	12.0 	0.0 	0.0 	0.0 	-0.0 	12.0 	0.0 	0.0 	0.0 	10.496265476	3.05880126474	161.788445612	-40.0383882913	
4.85	0.0	0.0	0.0 	0.0 	138.2 	12.0 	0.0 	0.0 	0.0 	-0.0 	12.0 	0.0 	0.0 	0.0 	10.5235724336	3.05880126474	161.802950048	-40.2131804007	
4.86666666667	0.0	0.0	0.0 	0.0 	138.4 	12.0 	0.0 	0.0 	0.0 	-0.0 	12.0 	0.0 	0.0 	0.0 	10.5506996638	3.05880126474	161.817491874	-40.3884230821	
4.88333333333	0.0	0.0	0.0 	0.0 	138.6 	12.0 	0.0 	0.0 	0.0 	-0.0 	12.0 	0.0 	0.0 	0.0 	10.5776483497	3.05880126474	161.832070842	-40.5641133698	
4.9	0.0	0.0	0.0 	0.0 	138.8 	12.0 	0.0 	0.0 	0.0 	-0.0 	12.0 	0.0 	0.0 	0.0 	10.6044196663	3.05880126474	161.846686709	-40.7402483178	
4.91666666667	0.0	0.0	0.0 	0.0 	139.0 	12.0 	0.0 	0.0 	0.0 	-0.0 	12.0 	0.0 	0.0 	0.0 	10.631014781	3.05880126474	161.861339231	-40.9168249994	
4.93333333333	0.0	0.0	0.0 	0.0 	139.2 	12.0 	0.0 	0.0 	0.0 	-0.0 	12.0 	0.0 	0.0 	0.0 	10.6574348536	3.05880126474	161.876028167	-41.0938405074	
4.95	0.0	0.0	0.0 	0.0 	139.4 	12.0 	0.0 	0.0 	0.0 	-0.0 	12.0 	0.0 	0.0 	0.0 	10.6836810361	3.05880126474	161.890753278	-41.2712919533	
4.96666666667	0.0	0.0	0.0 	0.0 	139.6 	12.0 	0.0 	0.0 	0.0 	-0.0 	12.0 	0.0 	0.0 	0.0 	10.709754473	3.05880126474	161.905514326	-41.4491764681	
4.98333333333	0.0	0.0	0.0 	0.0 	139.8 	12.0 	0.0 	0.0 	0.0 	-0.0 	12.0 	0.0 	0.0 	0.0 	10.7356563013	3.05880126474	161.920311073	-41.6274912014	
5.0	0.0	0.0	0.0 	0.0 	140.0 	12.0 	0.0 	0.0 	0.0 	-0.0 	12.0 	0.0 	0.0 	0.0 	10.7613876505	3.05880126474	161.935143286	-41.8062333216	
5.01666666667	0.0	0.0	0.0 	0.0 	140.2 	12.0 	0.0 	0.0 	0.0 	-0.0 	12.0 	0.0 	0.0 	0.0 	10.7869496426	3.05880126474	161.95001073	-41.9854000156	
5.03333333333	0.0	0.0	0.0 	0.0 	140.4 	12.0 	0.0 	0.0 	0.0 	-0.0 	12.0 	0.0 	0.0 	0.0 	10.8123433923	3.05880126474	161.964913174	-42.1649884892	
5.05	0.0	0.0	0.0 	0.0 	140.6 	12.0 	0.0 	0.0 	0.0 	-0.0 	12.0 	0.0 	0.0 	0.0 	10.8375700069	3.05880126474	161.979850387	-42.3449959663	
5.06666666667	0.0	0.0	0.0 	0.0 	140.8 	12.0 	0.0 	0.0 	0.0 	-0.0 	12.0 	0.0 	0.0 	0.0 	10.8626305865	3.05880126474	161.994822141	-42.525419689	
5.08333333333	0.0	0.0	0.0 	0.0 	141.0 	12.0 	0.0 	0.0 	0.0 	-0.0 	12.0 	0.0 	0.0 	0.0 	10.8875262238	3.05880126474	162.009828208	-42.7062569177	
5.1	0.0	0.0	0.0 	0.0 	141.2 	12.0 	0.0 	0.0 	0.0 	-0.0 	12.0 	0.0 	0.0 	0.0 	10.9122580045	3.05880126474	162.024868362	-42.887504931	
5.11666666667	0.0	0.0	0.0 	0.0 	141.4 	12.0 	0.0 	0.0 	0.0 	-0.0 	12.0 	0.0 	0.0 	0.0 	10.936827007	3.05880126474	162.03994238	-43.069161025	
5.13333333333	0.0	0.0	0.0 	0.0 	141.6 	12.0 	0.0 	0.0 	0.0 	-0.0 	12.0 	0.0 	0.0 	0.0 	10.9612343027	3.05880126474	162.055050037	-43.2512225139	
5.15	0.0	0.0	0.0 	0.0 	141.8 	12.0 	0.0 	0.0 	0.0 	-0.0 	12.0 	0.0 	0.0 	0.0 	10.9854809559	3.05880126474	162.070191113	-43.4336867296	
5.16666666667	0.0	0.0	0.0 	0.0 	142.0 	12.0 	0.0 	0.0 	0.0 	-0.0 	12.0 	0.0 	0.0 	0.0 	11.009568024	3.05880126474	162.085365388	-43.6165510213	
5.18333333333	0.0	0.0	0.0 	0.0 	142.2 	12.0 	0.0 	0.0 	0.0 	-0.0 	12.0 	0.0 	0.0 	0.0 	11.0334965571	3.05880126474	162.100572643	-43.7998127559	
5.2	0.0	0.0	0.0 	0.0 	142.4 	12.0 	0.0 	0.0 	0.0 	-0.0 	12.0 	0.0 	0.0 	0.0 	11.0572675989	3.05880126474	162.115812661	-43.9834693175	
5.21666666667	0.0	0.0	0.0 	0.0 	142.6 	12.0 	0.0 	0.0 	0.0 	-0.0 	12.0 	0.0 	0.0 	0.0 	11.0808821858	3.05880126474	162.131085227	-44.1675181074	
5.23333333333	0.0	0.0	0.0 	0.0 	142.8 	12.0 	0.0 	0.0 	0.0 	-0.0 	12.0 	0.0 	0.0 	0.0 	11.1043413477	3.05880126474	162.146390126	-44.3519565441	
5.25	0.0	0.0	0.0 	0.0 	143.0 	12.0 	0.0 	0.0 	0.0 	-0.0 	12.0 	0.0 	0.0 	0.0 	11.1276461074	3.05880126474	162.161727145	-44.5367820631	
5.26666666667	0.0	0.0	0.0 	0.0 	143.2 	12.0 	0.0 	0.0 	0.0 	-0.0 	12.0 	0.0 	0.0 	0.0 	11.1507974812	3.05880126474	162.177096074	-44.7219921167	
5.28333333333	0.0	0.0	0.0 	0.0 	143.4 	12.0 	0.0 	0.0 	0.0 	-0.0 	12.0 	0.0 	0.0 	0.0 	11.1737964787	3.05880126474	162.192496702	-44.9075841739	
5.3	0.0	0.0	0.0 	0.0 	143.6 	12.0 	0.0 	0.0 	0.0 	-0.0 	12.0 	0.0 	0.0 	0.0 	11.1966441027	3.05880126474	162.20792882	-45.0935557206	
5.31666666667	0.0	0.0	0.0 	0.0 	143.8 	12.0 	0.0 	0.0 	0.0 	-0.0 	12.0 	0.0 	0.0 	0.0 	11.2193413496	3.05880126474	162.223392221	-45.2799042589	
5.33333333333	0.0	0.0	0.0 	0.0 	144.0 	12.0 	0.0 	0.0 	0.0 	-0.0 	12.0 	0.0 	0.0 	0.0 	11.2418892091	3.05880126474	162.2388867	-45.4666273077	
5.35	0.0	0.0	0.0 	0.0 	144.2 	12.0 	0.0 	0.0 	0.0 	-0.0 	12.0 	0.0 	0.0 	0.0 	11.2642886644	3.05880126474	162.254412051	-45.6537224021	
5.36666666667	0.0	0.0	0.0 	0.0 	144.4 	12.0 	0.0 	0.0 	0.0 	-0.0 	12.0 	0.0 	0.0 	0.0 	11.2865406923	3.05880126474	162.269968072	-45.8411870933	
5.38333333333	0.0	0.0	0.0 	0.0 	144.6 	12.0 	0.0 	0.0 	0.0 	-0.0 	12.0 	0.0 	0.0 	0.0 	11.3086462631	3.05880126474	162.28555456	-46.0290189487	
5.4	0.0	0.0	0.0 	0.0 	144.8 	12.0 	0.0 	0.0 	0.0 	-0.0 	12.0 	0.0 	0.0 	0.0 	11.3306063408	3.05880126474	162.301171316	-46.2172155517	
5.41666666667	0.0	0.0	0.0 	0.0 	145.0 	12.0 	0.0 	0.0 	0.0 	-0.0 	12.0 	0.0 	0.0 	0.0 	11.3524218829	3.05880126474	162.31681814	-46.4057745018	
5.43333333333	0.0	0.0	0.0 	0.0 	145.2 	12.0 	0.0 	0.0 	0.0 	-0.0 	12.0 	0.0 	0.0 	0.0 	11.3740938408	3.05880126474	162.332494833	-46.5946934139	
5.45	0.0	0.0	0.0 	0.0 	145.4 	12.0 	0.0 	0.0 	0.0 	-0.0 	12.0 	0.0 	0.0 	0.0 	11.3956231594	3.05880126474	162.3482012	-46.7839699189	
5.46666666667	0.0	0.0	0.0 	0.0 	145.6 	12.0 	0.0 	0.0 	0.0 	-0.0 	12.0 	0.0 	0.0 	0.0 	11.4170107777	3.05880126474	162.363937046	-46.9736016633	
5.48333333333	0.0	0.0	0.0 	0.0 	145.8 	12.0 	0.0 	0.0 	0.0 	-0.0 	12.0 	0.0 	0.0 	0.0 	11.4382576282	3.05880126474	162.379702175	-47.1635863089	
5.5	0.0	0.0	0.0 	0.0 	146.0 	12.0 	0.0 	0.0 	0.0 	-0.0 	12.0 	0.0 	0.0 	0.0 	11.4593646375	3.05880126474	162.395496396	-47.3539215331	
5.51666666667	0.0	0.0	0.0 	0.0 	146.2 	12.0 	0.0 	0.0 	0.0 	-0.0 	12.0 	0.0 	0.0 	0.0 	11.4803327258	3.05880126474	162.411319517	-47.5446050284	
5.53333333333	0.0	0.0	0.0 	0.0 	146.4 	12.0 	0.0 	0.0 	0.0 	-0.0 	12.0 	0.0 	0.0 	0.0 	11.5011628077	3.05880126474	162.427171347	-47.7356345026	
5.55	0.0	0.0	0.0 	0.0 	146.6 	12.0 	0.0 	0.0 	0.0 	-0.0 	12.0 	0.0 	0.0 	0.0 	11.5218557913	3.05880126474	162.443051698	-47.9270076785	
5.56666666667	0.0	0.0	0.0 	0.0 	146.8 	12.0 	0.0 	0.0 	0.0 	-0.0 	12.0 	0.0 	0.0 	0.0 	11.5424125791	3.05880126474	162.458960382	-48.1187222941	
5.58333333333	0.0	0.0	0.0 	0.0 	147.0 	12.0 	0.0 	0.0 	0.0 	-0.0 	12.0 	0.0 	0.0 	0.0 	11.5628340674	3.05880126474	162.474897213	-48.3107761019	
5.6	0.0	0.0	0.0 	0.0 	147.2 	12.0 	0.0 	0.0 	0.0 	-0.0 	12.0 	0.0 	0.0 	0.0 	11.5831211468	3.05880126474	162.490862005	-48.5031668697	
5.61666666667	0.0	0.0	0.0 	0.0 	147.4 	12.0 	0.0 	0.0 	0.0 	-0.0 	12.0 	0.0 	0.0 	0.0 	11.6032747019	3.05880126474	162.506854574	-48.6958923794	
5.63333333333	0.0	0.0	0.0 	0.0 	147.6 	12.0 	0.0 	0.0 	0.0 	-0.0 	12.0 	0.0 	0.0 	0.0 	11.6232956115	3.05880126474	162.522874738	-48.8889504281	
5.65	0.0	0.0	0.0 	0.0 	147.8 	12.0 	0.0 	0.0 	0.0 	-0.0 	12.0 	0.0 	0.0 	0.0 	11.6431847487	3.05880126474	162.538922314	-49.082338827	
5.66666666667	0.0	0.0	0.0 	0.0 	148.0 	12.0 	0.0 	0.0 	0.0 	-0.0 	12.0 	0.0 	0.0 	0.0 	11.6629429807	3.05880126474	162.554997123	-49.2760554017	
5.68333333333	0.0	0.0	0.0 	0.0 	148.2 	12.0 	0.0 	0.0 	0.0 	-0.0 	12.0 	0.0 	0.0 	0.0 	11.6825711691	3.05880126474	162.571098985	-49.4700979925	
5.7	0.0	0.0	0.0 	0.0 	148.4 	12.0 	0.0 	0.0 	0.0 	-0.0 	12.0 	0.0 	0.0 	0.0 	11.7020701699	3.05880126474	162.587227722	-49.6644644534	
5.71666666667	0.0	0.0	0.0 	0.0 	148.6 	12.0 	0.0 	0.0 	0.0 	-0.0 	12.0 	0.0 	0.0 	0.0 	11.7214408334	3.05880126474	162.603383158	-49.8591526529	
5.73333333333	0.0	0.0	0.0 	0.0 	148.8 	12.0 	0.0 	0.0 	0.0 	-0.0 	12.0 	0.0 	0.0 	0.0 	11.7406840041	3.05880126474	162.619565115	-50.0541604734	
5.75	0.0	0.0	0.0 	0.0 	149.0 	12.0 	0.0 	0.0 	0.0 	-0.0 	12.0 	0.0 	0.0 	0.0 	11.7598005213	3.05880126474	162.635773421	-50.2494858111	
5.76666666667	0.0	0.0	0.0 	0.0 	149.2 	12.0 	0.0 	0.0 	0.0 	-0.0 	12.0 	0.0 	0.0 	0.0 	11.7787912185	3.05880126474	162.652007901	-50.4451265764	
5.78333333333	0.0	0.0	0.0 	0.0 	149.4 	12.0 	0.0 	0.0 	0.0 	-0.0 	12.0 	0.0 	0.0 	0.0 	11.7976569238	3.05880126474	162.668268384	-50.6410806931	
5.8	0.0	0.0	0.0 	0.0 	149.6 	12.0 	0.0 	0.0 	0.0 	-0.0 	12.0 	0.0 	0.0 	0.0 	11.81639846	3.05880126474	162.684554697	-50.8373460988	
5.81666666667	0.0	0.0	0.0 	0.0 	149.8 	12.0 	0.0 	0.0 	0.0 	-0.0 	12.0 	0.0 	0.0 	0.0 	11.8350166442	3.05880126474	162.700866672	-51.0339207447	
5.83333333333	0.0	0.0	0.0 	0.0 	150.0 	12.0 	0.0 	0.0 	0.0 	-0.0 	12.0 	0.0 	0.0 	0.0 	11.8535122884	3.05880126474	162.717204139	-51.2308025955	
5.85	0.0	0.0	0.0 	0.0 	150.2 	12.0 	0.0 	0.0 	0.0 	-0.0 	12.0 	0.0 	0.0 	0.0 	11.871886199	3.05880126474	162.73356693	-51.4279896292	
5.86666666667	0.0	0.0	0.0 	0.0 	150.4 	12.0 	0.0 	0.0 	0.0 	-0.0 	12.0 	0.0 	0.0 	0.0 	11.8901391773	3.05880126474	162.749954879	-51.6254798372	
5.88333333333	0.0	0.0	0.0 	0.0 	150.6 	12.0 	0.0 	0.0 	0.0 	-0.0 	12.0 	0.0 	0.0 	0.0 	11.9082720193	3.05880126474	162.76636782	-51.8232712241	
5.9	0.0	0.0	0.0 	0.0 	150.8 	12.0 	0.0 	0.0 	0.0 	-0.0 	12.0 	0.0 	0.0 	0.0 	11.9262855155	3.05880126474	162.782805589	-52.0213618075	
5.91666666667	0.0	0.0	0.0 	0.0 	151.0 	12.0 	0.0 	0.0 	0.0 	-0.0 	12.0 	0.0 	0.0 	0.0 	11.9441804516	3.05880126474	162.799268022	-52.2197496184	
5.93333333333	0.0	0.0	0.0 	0.0 	151.2 	12.0 	0.0 	0.0 	0.0 	-0.0 	12.0 	0.0 	0.0 	0.0 	11.9619576079	3.05880126474	162.815754957	-52.4184327003	
5.95	0.0	0.0	0.0 	0.0 	151.4 	12.0 	0.0 	0.0 	0.0 	-0.0 	12.0 	0.0 	0.0 	0.0 	11.9796177595	3.05880126474	162.832266233	-52.6174091099	
5.96666666667	0.0	0.0	0.0 	0.0 	151.6 	12.0 	0.0 	0.0 	0.0 	-0.0 	12.0 	0.0 	0.0 	0.0 	11.9971616766	3.05880126474	162.848801689	-52.8166769165	
5.98333333333	0.0	0.0	0.0 	0.0 	151.8 	12.0 	0.0 	0.0 	0.0 	-0.0 	12.0 	0.0 	0.0 	0.0 	12.0145901242	3.05880126474	162.865361166	-53.0162342024	
6.0	0.0	0.0	0.0 	0.0 	152.0 	12.0 	0.0 	0.0 	0.0 	-0.0 	12.0 	0.0 	0.0 	0.0 	12.0319038622	3.05880126474	162.881944507	-53.2160790621	
6.01666666667	0.0	0.0	0.0 	0.0 	152.2 	12.0 	0.0 	0.0 	0.0 	-0.0 	12.0 	0.0 	0.0 	0.0 	12.0491036457	3.05880126474	162.898551553	-53.4162096031	
6.03333333333	0.0	0.0	0.0 	0.0 	152.4 	12.0 	0.0 	0.0 	0.0 	-0.0 	12.0 	0.0 	0.0 	0.0 	12.0661902247	3.05880126474	162.91518215	-53.6166239449	
6.05	0.0	0.0	0.0 	0.0 	152.6 	12.0 	0.0 	0.0 	0.0 	-0.0 	12.0 	0.0 	0.0 	0.0 	12.0831643442	3.05880126474	162.931836142	-53.8173202197	
6.06666666667	0.0	0.0	0.0 	0.0 	152.8 	12.0 	0.0 	0.0 	0.0 	-0.0 	12.0 	0.0 	0.0 	0.0 	12.1000267445	3.05880126474	162.948513375	-54.0182965718	
6.08333333333	0.0	0.0	0.0 	0.0 	153.0 	12.0 	0.0 	0.0 	0.0 	-0.0 	12.0 	0.0 	0.0 	0.0 	12.1167781608	3.05880126474	162.965213696	-54.219551158	
6.1	0.0	0.0	0.0 	0.0 	153.2 	12.0 	0.0 	0.0 	0.0 	-0.0 	12.0 	0.0 	0.0 	0.0 	12.1334193237	3.05880126474	162.981936953	-54.4210821468	
6.11666666667	0.0	0.0	0.0 	0.0 	153.4 	12.0 	0.0 	0.0 	0.0 	-0.0 	12.0 	0.0 	0.0 	0.0 	12.1499509587	3.05880126474	162.998682996	-54.6228877191	
6.13333333333	0.0	0.0	0.0 	0.0 	153.6 	12.0 	0.0 	0.0 	0.0 	-0.0 	12.0 	0.0 	0.0 	0.0 	12.1663737868	3.05880126474	163.015451673	-54.8249660678	
6.15	0.0	0.0	0.0 	0.0 	153.8 	12.0 	0.0 	0.0 	0.0 	-0.0 	12.0 	0.0 	0.0 	0.0 	12.1826885241	3.05880126474	163.032242838	-55.0273153973	
6.16666666667	0.0	0.0	0.0 	0.0 	154.0 	12.0 	0.0 	0.0 	0.0 	-0.0 	12.0 	0.0 	0.0 	0.0 	12.198895882	3.05880126474	163.04905634	-55.2299339242	
6.18333333333	0.0	0.0	0.0 	0.0 	154.2 	12.0 	0.0 	0.0 	0.0 	-0.0 	12.0 	0.0 	0.0 	0.0 	12.2149965673	3.05880126474	163.065892034	-55.4328198768	
6.2	0.0	0.0	0.0 	0.0 	154.4 	12.0 	0.0 	0.0 	0.0 	-0.0 	12.0 	0.0 	0.0 	0.0 	12.230991282	3.05880126474	163.082749772	-55.6359714948	
6.21666666667	0.0	0.0	0.0 	0.0 	154.6 	12.0 	0.0 	0.0 	0.0 	-0.0 	12.0 	0.0 	0.0 	0.0 	12.2468807237	3.05880126474	163.099629411	-55.8393870297	
6.23333333333	0.0	0.0	0.0 	0.0 	154.8 	12.0 	0.0 	0.0 	0.0 	-0.0 	12.0 	0.0 	0.0 	0.0 	12.2626655852	3.05880126474	163.116530806	-56.0430647446	
6.25	0.0	0.0	0.0 	0.0 	155.0 	12.0 	0.0 	0.0 	0.0 	-0.0 	12.0 	0.0 	0.0 	0.0 	12.2783465548	3.05880126474	163.133453814	-56.2470029138	
6.26666666667	0.0	0.0	0.0 	0.0 	155.2 	12.0 	0.0 	0.0 	0.0 	-0.0 	12.0 	0.0 	0.0 	0.0 	12.2939243163	3.05880126474	163.150398292	-56.451199823	
6.28333333333	0.0	0.0	0.0 	0.0 	155.4 	12.0 	0.0 	0.0 	0.0 	-0.0 	12.0 	0.0 	0.0 	0.0 	12.309399549	3.05880126474	163.1673641	-56.6556537693	
6.3	0.0	0.0	0.0 	0.0 	155.6 	12.0 	0.0 	0.0 	0.0 	-0.0 	12.0 	0.0 	0.0 	0.0 	12.3247729278	3.05880126474	163.184351096	-56.860363061	
6.31666666667	0.0	0.0	0.0 	0.0 	155.8 	12.0 	0.0 	0.0 	0.0 	-0.0 	12.0 	0.0 	0.0 	0.0 	12.340045123	3.05880126474	163.201359142	-57.0653260174	
6.33333333333	0.0	0.0	0.0 	0.0 	156.0 	12.0 	0.0 	0.0 	0.0 	-0.0 	12.0 	0.0 	0.0 	0.0 	12.3552168005	3.05880126474	163.218388098	-57.270540969	
6.35	0.0	0.0	0.0 	0.0 	156.2 	12.0 	0.0 	0.0 	0.0 	-0.0 	12.0 	0.0 	0.0 	0.0 	12.370288622	3.05880126474	163.235437828	-57.4760062572	
6.36666666667	0.0	0.0	0.0 	0.0 	156.4 	12.0 	0.0 	0.0 	0.0 	-0.0 	12.0 	0.0 	0.0 	0.0 	12.3852612446	3.05880126474	163.252508194	-57.6817202344	
6.38333333333	0.0	0.0	0.0 	0.0 	156.6 	12.0 	0.0 	0.0 	0.0 	-0.0 	12.0 	0.0 	0.0 	0.0 	12.4001353214	3.05880126474	163.269599061	-57.8876812637	
6.4	0.0	0.0	0.0 	0.0 	156.8 	12.0 	0.0 	0.0 	0.0 	-0.0 	12.0 	0.0 	0.0 	0.0 	12.4149115008	3.05880126474	163.286710293	-58.0938877192	
6.41666666667	0.0	0.0	0.0 	0.0 	157.0 	12.0 	0.0 	0.0 	0.0 	-0.0 	12.0 	0.0 	0.0 	0.0 	12.4295904272	3.05880126474	163.303841758	-58.3003379854	
6.43333333333	0.0	0.0	0.0 	0.0 	157.2 	12.0 	0.0 	0.0 	0.0 	-0.0 	12.0 	0.0 	0.0 	0.0 	12.4441727407	3.05880126474	163.32099332	-58.5070304577	
6.45	0.0	0.0	0.0 	0.0 	157.4 	12.0 	0.0 	0.0 	0.0 	-0.0 	12.0 	0.0 	0.0 	0.0 	12.4586590773	3.05880126474	163.338164849	-58.713963542	
6.46666666667	0.0	0.0	0.0 	0.0 	157.6 	12.0 	0.0 	0.0 	0.0 	-0.0 	12.0 	0.0 	0.0 	0.0 	12.4730500685	3.05880126474	163.355356213	-58.9211356546	
6.48333333333	0.0	0.0	0.0 	0.0 	157.8 	12.0 	0.0 	0.0 	0.0 	-0.0 	12.0 	0.0 	0.0 	0.0 	12.4873463419	3.05880126474	163.372567281	-59.1285452223	
6.5	0.0	0.0	0.0 	0.0 	158.0 	12.0 	0.0 	0.0 	0.0 	-0.0 	12.0 	0.0 	0.0 	0.0 	12.501548521	3.05880126474	163.389797924	-59.3361906822	
6.51666666667	0.0	0.0	0.0 	0.0 	158.2 	12.0 	0.0 	0.0 	0.0 	-0.0 	12.0 	0.0 	0.0 	0.0 	12.515657225	3.05880126474	163.407048012	-59.5440704817	
6.53333333333	0.0	0.0	0.0 	0.0 	158.4 	12.0 	0.0 	0.0 	0.0 	-0.0 	12.0 	0.0 	0.0 	0.0 	12.5296730692	3.05880126474	163.424317418	-59.7521830785	
6.55	0.0	0.0	0.0 	0.0 	158.6 	12.0 	0.0 	0.0 	0.0 	-0.0 	12.0 	0.0 	0.0 	0.0 	12.5435966647	3.05880126474	163.441606015	-59.9605269404	
6.56666666667	0.0	0.0	0.0 	0.0 	158.8 	12.0 	0.0 	0.0 	0.0 	-0.0 	12.0 	0.0 	0.0 	0.0 	12.5574286187	3.05880126474	163.458913676	-60.1691005452	
6.58333333333	0.0	0.0	0.0 	0.0 	159.0 	12.0 	0.0 	0.0 	0.0 	-0.0 	12.0 	0.0 	0.0 	0.0 	12.5711695343	3.05880126474	163.476240276	-60.3779023808	
6.6	0.0	0.0	0.0 	0.0 	159.2 	12.0 	0.0 	0.0 	0.0 	-0.0 	12.0 	0.0 	0.0 	0.0 	12.5848200109	3.05880126474	163.493585691	-60.5869309451	
6.61666666667	0.0	0.0	0.0 	0.0 	159.4 	12.0 	0.0 	0.0 	0.0 	-0.0 	12.0 	0.0 	0.0 	0.0 	12.5983806435	3.05880126474	163.510949795	-60.7961847458	
6.63333333333	0.0	0.0	0.0 	0.0 	159.6 	12.0 	0.0 	0.0 	0.0 	-0.0 	12.0 	0.0 	0.0 	0.0 	12.6118520236	3.05880126474	163.528332467	-61.0056623005	
6.65	0.0	0.0	0.0 	0.0 	159.8 	12.0 	0.0 	0.0 	0.0 	-0.0 	12.0 	0.0 	0.0 	0.0 	12.6252347385	3.05880126474	163.545733584	-61.2153621364	
6.66666666667	0.0	0.0	0.0 	0.0 	160.0 	12.0 	0.0 	0.0 	0.0 	-0.0 	12.0 	0.0 	0.0 	0.0 	12.6385293718	3.05880126474	163.563153025	-61.4252827906	
6.68333333333	0.0	0.0	0.0 	0.0 	160.2 	12.0 	0.0 	0.0 	0.0 	-0.0 	12.0 	0.0 	0.0 	0.0 	12.6517365034	3.05880126474	163.580590668	-61.6354228097	
6.7	0.0	0.0	0.0 	0.0 	160.4 	12.0 	0.0 	0.0 	0.0 	-0.0 	12.0 	0.0 	0.0 	0.0 	12.664856709	3.05880126474	163.598046396	-61.8457807498	
6.71666666667	0.0	0.0	0.0 	0.0 	160.6 	12.0 	0.0 	0.0 	0.0 	-0.0 	12.0 	0.0 	0.0 	0.0 	12.6778905608	3.05880126474	163.615520087	-62.0563551768	
6.73333333333	0.0	0.0	0.0 	0.0 	160.8 	12.0 	0.0 	0.0 	0.0 	-0.0 	12.0 	0.0 	0.0 	0.0 	12.6908386271	3.05880126474	163.633011625	-62.2671446657	
6.75	0.0	0.0	0.0 	0.0 	161.0 	12.0 	0.0 	0.0 	0.0 	-0.0 	12.0 	0.0 	0.0 	0.0 	12.7037014727	3.05880126474	163.650520891	-62.478147801	
6.76666666667	0.0	0.0	0.0 	0.0 	161.2 	12.0 	0.0 	0.0 	0.0 	-0.0 	12.0 	0.0 	0.0 	0.0 	12.7164796583	3.05880126474	163.668047769	-62.6893631767	
6.78333333333	0.0	0.0	0.0 	0.0 	161.4 	12.0 	0.0 	0.0 	0.0 	-0.0 	12.0 	0.0 	0.0 	0.0 	12.7291737413	3.05880126474	163.685592143	-62.9007893957	
6.8	0.0	0.0	0.0 	0.0 	161.6 	12.0 	0.0 	0.0 	0.0 	-0.0 	12.0 	0.0 	0.0 	0.0 	12.741784275	3.05880126474	163.703153898	-63.1124250704	
6.81666666667	0.0	0.0	0.0 	0.0 	161.8 	12.0 	0.0 	0.0 	0.0 	-0.0 	12.0 	0.0 	0.0 	0.0 	12.7543118095	3.05880126474	163.720732919	-63.3242688221	
6.83333333333	0.0	0.0	0.0 	0.0 	162.0 	12.0 	0.0 	0.0 	0.0 	-0.0 	12.0 	0.0 	0.0 	0.0 	12.766756891	3.05880126474	163.738329094	-63.5363192814	
6.85	0.0	0.0	0.0 	0.0 	162.2 	12.0 	0.0 	0.0 	0.0 	-0.0 	12.0 	0.0 	0.0 	0.0 	12.7791200622	3.05880126474	163.755942308	-63.7485750878	
6.86666666667	0.0	0.0	0.0 	0.0 	162.4 	12.0 	0.0 	0.0 	0.0 	-0.0 	12.0 	0.0 	0.0 	0.0 	12.7914018622	3.05880126474	163.77357245	-63.9610348897	
6.88333333333	0.0	0.0	0.0 	0.0 	162.6 	12.0 	0.0 	0.0 	0.0 	-0.0 	12.0 	0.0 	0.0 	0.0 	12.8036028266	3.05880126474	163.791219408	-64.1736973445	
6.9	0.0	0.0	0.0 	0.0 	162.8 	12.0 	0.0 	0.0 	0.0 	-0.0 	12.0 	0.0 	0.0 	0.0 	12.8157234874	3.05880126474	163.808883072	-64.3865611184	
6.91666666667	0.0	0.0	0.0 	0.0 	163.0 	12.0 	0.0 	0.0 	0.0 	-0.0 	12.0 	0.0 	0.0 	0.0 	12.8277643732	3.05880126474	163.826563332	-64.5996248863	
6.93333333333	0.0	0.0	0.0 	0.0 	163.2 	12.0 	0.0 	0.0 	0.0 	-0.0 	12.0 	0.0 	0.0 	0.0 	12.8397260089	3.05880126474	163.844260078	-64.812887332	
6.95	0.0	0.0	0.0 	0.0 	163.4 	12.0 	0.0 	0.0 	0.0 	-0.0 	12.0 	0.0 	0.0 	0.0 	12.8516089163	3.05880126474	163.861973202	-65.0263471477	
6.96666666667	0.0	0.0	0.0 	0.0 	163.6 	12.0 	0.0 	0.0 	0.0 	-0.0 	12.0 	0.0 	0.0 	0.0 	12.8634136135	3.05880126474	163.879702596	-65.2400030345	
6.98333333333	0.0	0.0	0.0 	0.0 	163.8 	12.0 	0.0 	0.0 	0.0 	-0.0 	12.0 	0.0 	0.0 	0.0 	12.8751406152	3.05880126474	163.897448154	-65.4538537019	
7.0	0.0	0.0	0.0 	0.0 	164.0 	12.0 	0.0 	0.0 	0.0 	-0.0 	12.0 	0.0 	0.0 	0.0 	12.8867904328	3.05880126474	163.915209768	-65.6678978678	
7.01666666667	0.0	0.0	0.0 	0.0 	164.2 	12.0 	0.0 	0.0 	0.0 	-0.0 	12.0 	0.0 	0.0 	0.0 	12.8983635743	3.05880126474	163.932987333	-65.8821342587	
7.03333333333	0.0	0.0	0.0 	0.0 	164.4 	12.0 	0.0 	0.0 	0.0 	-0.0 	12.0 	0.0 	0.0 	0.0 	12.9098605444	3.05880126474	163.950780744	-66.0965616095	
7.05	0.0	0.0	0.0 	0.0 	164.6 	12.0 	0.0 	0.0 	0.0 	-0.0 	12.0 	0.0 	0.0 	0.0 	12.9212818444	3.05880126474	163.968589897	-66.3111786633	
7.06666666667	0.0	0.0	0.0 	0.0 	164.8 	12.0 	0.0 	0.0 	0.0 	-0.0 	12.0 	0.0 	0.0 	0.0 	12.9326279724	3.05880126474	163.986414688	-66.5259841714	
7.08333333333	0.0	0.0	0.0 	0.0 	165.0 	12.0 	0.0 	0.0 	0.0 	-0.0 	12.0 	0.0 	0.0 	0.0 	12.9438994231	3.05880126474	164.004255015	-66.7409768937	
7.1	0.0	0.0	0.0 	0.0 	165.2 	12.0 	0.0 	0.0 	0.0 	-0.0 	12.0 	0.0 	0.0 	0.0 	12.9550966881	3.05880126474	164.022110774	-66.9561555978	
7.11666666667	0.0	0.0	0.0 	0.0 	165.4 	12.0 	0.0 	0.0 	0.0 	-0.0 	12.0 	0.0 	0.0 	0.0 	12.9662202555	3.05880126474	164.039981865	-67.1715190596	
7.13333333333	0.0	0.0	0.0 	0.0 	165.6 	12.0 	0.0 	0.0 	0.0 	-0.0 	12.0 	0.0 	0.0 	0.0 	12.9772706105	3.05880126474	164.057868186	-67.3870660632	
7.15	0.0	0.0	0.0 	0.0 	165.8 	12.0 	0.0 	0.0 	0.0 	-0.0 	12.0 	0.0 	0.0 	0.0 	12.988248235	3.05880126474	164.075769638	-67.6027954005	
7.16666666667	0.0	0.0	0.0 	0.0 	166.0 	12.0 	0.0 	0.0 	0.0 	-0.0 	12.0 	0.0 	0.0 	0.0 	12.9991536075	3.05880126474	164.09368612	-67.8187058715	
7.18333333333	0.0	0.0	0.0 	0.0 	166.2 	12.0 	0.0 	0.0 	0.0 	-0.0 	12.0 	0.0 	0.0 	0.0 	13.0099872037	3.05880126474	164.111617534	-68.034796284	
7.2	0.0	0.0	0.0 	0.0 	166.4 	12.0 	0.0 	0.0 	0.0 	-0.0 	12.0 	0.0 	0.0 	0.0 	13.020749496	3.05880126474	164.129563781	-68.2510654536	
7.21666666667	0.0	0.0	0.0 	0.0 	166.6 	12.0 	0.0 	0.0 	0.0 	-0.0 	12.0 	0.0 	0.0 	0.0 	13.0314409537	3.05880126474	164.147524764	-68.4675122038	
7.23333333333	0.0	0.0	0.0 	0.0 	166.8 	12.0 	0.0 	0.0 	0.0 	-0.0 	12.0 	0.0 	0.0 	0.0 	13.0420620429	3.05880126474	164.165500386	-68.6841353658	
7.25	0.0	0.0	0.0 	0.0 	167.0 	12.0 	0.0 	0.0 	0.0 	-0.0 	12.0 	0.0 	0.0 	0.0 	13.052613227	3.05880126474	164.183490551	-68.9009337786	
7.26666666667	0.0	0.0	0.0 	0.0 	167.2 	12.0 	0.0 	0.0 	0.0 	-0.0 	12.0 	0.0 	0.0 	0.0 	13.0630949658	3.05880126474	164.201495162	-69.1179062886	
7.28333333333	0.0	0.0	0.0 	0.0 	167.4 	12.0 	0.0 	0.0 	0.0 	-0.0 	12.0 	0.0 	0.0 	0.0 	13.0735077166	3.05880126474	164.219514125	-69.33505175	
7.3	0.0	0.0	0.0 	0.0 	167.6 	12.0 	0.0 	0.0 	0.0 	-0.0 	12.0 	0.0 	0.0 	0.0 	13.0838519333	3.05880126474	164.237547345	-69.5523690245	
7.31666666667	0.0	0.0	0.0 	0.0 	167.8 	12.0 	0.0 	0.0 	0.0 	-0.0 	12.0 	0.0 	0.0 	0.0 	13.0941280671	3.05880126474	164.255594729	-69.7698569813	
7.33333333333	0.0	0.0	0.0 	0.0 	168.0 	12.0 	0.0 	0.0 	0.0 	-0.0 	12.0 	0.0 	0.0 	0.0 	13.104336566	3.05880126474	164.273656182	-69.987514497	
7.35	0.0	0.0	0.0 	0.0 	168.2 	12.0 	0.0 	0.0 	0.0 	-0.0 	12.0 	0.0 	0.0 	0.0 	13.1144778752	3.05880126474	164.291731614	-70.2053404555	
7.36666666667	0.0	0.0	0.0 	0.0 	168.4 	12.0 	0.0 	0.0 	0.0 	-0.0 	12.0 	0.0 	0.0 	0.0 	13.124552437	3.05880126474	164.309820931	-70.4233337483	
7.38333333333	0.0	0.0	0.0 	0.0 	168.6 	12.0 	0.0 	0.0 	0.0 	-0.0 	12.0 	0.0 	0.0 	0.0 	13.1345606906	3.05880126474	164.327924042	-70.6414932739	
7.4	0.0	0.0	0.0 	0.0 	168.8 	12.0 	0.0 	0.0 	0.0 	-0.0 	12.0 	0.0 	0.0 	0.0 	13.1445030724	3.05880126474	164.346040856	-70.8598179383	
7.41666666667	0.0	0.0	0.0 	0.0 	169.0 	12.0 	0.0 	0.0 	0.0 	-0.0 	12.0 	0.0 	0.0 	0.0 	13.1543800161	3.05880126474	164.364171284	-71.0783066546	
7.43333333333	0.0	0.0	0.0 	0.0 	169.2 	12.0 	0.0 	0.0 	0.0 	-0.0 	12.0 	0.0 	0.0 	0.0 	13.1641919523	3.05880126474	164.382315235	-71.296958343	
7.45	0.0	0.0	0.0 	0.0 	169.4 	12.0 	0.0 	0.0 	0.0 	-0.0 	12.0 	0.0 	0.0 	0.0 	13.1739393089	3.05880126474	164.400472621	-71.515771931	
7.46666666667	0.0	0.0	0.0 	0.0 	169.6 	12.0 	0.0 	0.0 	0.0 	-0.0 	12.0 	0.0 	0.0 	0.0 	13.1836225109	3.05880126474	164.418643353	-71.7347463528	
7.48333333333	0.0	0.0	0.0 	0.0 	169.8 	12.0 	0.0 	0.0 	0.0 	-0.0 	12.0 	0.0 	0.0 	0.0 	13.1932419806	3.05880126474	164.436827344	-71.95388055	
7.5	0.0	0.0	0.0 	0.0 	170.0 	12.0 	0.0 	0.0 	0.0 	-0.0 	12.0 	0.0 	0.0 	0.0 	13.2027981374	3.05880126474	164.455024505	-72.1731734709	
7.51666666667	0.0	0.0	0.0 	0.0 	170.2 	12.0 	0.0 	0.0 	0.0 	-0.0 	12.0 	0.0 	0.0 	0.0 	13.212291398	3.05880126474	164.473234751	-72.3926240709	
7.53333333333	0.0	0.0	0.0 	0.0 	170.4 	12.0 	0.0 	0.0 	0.0 	-0.0 	12.0 	0.0 	0.0 	0.0 	13.2217221765	3.05880126474	164.491457995	-72.6122313121	
7.55	0.0	0.0	0.0 	0.0 	170.6 	12.0 	0.0 	0.0 	0.0 	-0.0 	12.0 	0.0 	0.0 	0.0 	13.2310908841	3.05880126474	164.509694152	-72.8319941636	
7.56666666667	0.0	0.0	0.0 	0.0 	170.8 	12.0 	0.0 	0.0 	0.0 	-0.0 	12.0 	0.0 	0.0 	0.0 	13.2403979292	3.05880126474	164.527943136	-73.0519116013	
7.58333333333	0.0	0.0	0.0 	0.0 	171.0 	12.0 	0.0 	0.0 	0.0 	-0.0 	12.0 	0.0 	0.0 	0.0 	13.2496437178	3.05880126474	164.546204864	-73.2719826076	
7.6	0.0	0.0	0.0 	0.0 	171.2 	12.0 	0.0 	0.0 	0.0 	-0.0 	12.0 	0.0 	0.0 	0.0 	13.258828653	3.05880126474	164.564479251	-73.4922061718	
7.61666666667	0.0	0.0	0.0 	0.0 	171.4 	12.0 	0.0 	0.0 	0.0 	-0.0 	12.0 	0.0 	0.0 	0.0 	13.2679531353	3.05880126474	164.582766215	-73.7125812898	
7.63333333333	0.0	0.0	0.0 	0.0 	171.6 	12.0 	0.0 	0.0 	0.0 	-0.0 	12.0 	0.0 	0.0 	0.0 	13.2770175626	3.05880126474	164.601065671	-73.9331069641	
7.65	0.0	0.0	0.0 	0.0 	171.8 	12.0 	0.0 	0.0 	0.0 	-0.0 	12.0 	0.0 	0.0 	0.0 	13.2860223303	3.05880126474	164.619377539	-74.1537822038	
7.66666666667	0.0	0.0	0.0 	0.0 	172.0 	12.0 	0.0 	0.0 	0.0 	-0.0 	12.0 	0.0 	0.0 	0.0 	13.2949678309	3.05880126474	164.637701736	-74.3746060246	
7.68333333333	0.0	0.0	0.0 	0.0 	172.2 	12.0 	0.0 	0.0 	0.0 	-0.0 	12.0 	0.0 	0.0 	0.0 	13.3038544545	3.05880126474	164.656038182	-74.5955774484	
7.7	0.0	0.0	0.0 	0.0 	172.4 	12.0 	0.0 	0.0 	0.0 	-0.0 	12.0 	0.0 	0.0 	0.0 	13.3126825887	3.05880126474	164.674386795	-74.8166955038	
7.71666666667	0.0	0.0	0.0 	0.0 	172.6 	12.0 	0.0 	0.0 	0.0 	-0.0 	12.0 	0.0 	0.0 	0.0 	13.3214526183	3.05880126474	164.692747496	-75.0379592257	
7.73333333333	0.0	0.0	0.0 	0.0 	172.8 	12.0 	0.0 	0.0 	0.0 	-0.0 	12.0 	0.0 	0.0 	0.0 	13.3301649259	3.05880126474	164.711120204	-75.2593676554	
7.75	0.0	0.0	0.0 	0.0 	173.0 	12.0 	0.0 	0.0 	0.0 	-0.0 	12.0 	0.0 	0.0 	0.0 	13.3388198914	3.05880126474	164.729504842	-75.4809198404	
7.76666666667	0.0	0.0	0.0 	0.0 	173.2 	12.0 	0.0 	0.0 	0.0 	-0.0 	12.0 	0.0 	0.0 	0.0 	13.3474178921	3.05880126474	164.74790133	-75.7026148346	
7.78333333333	0.0	0.0	0.0 	0.0 	173.4 	12.0 	0.0 	0.0 	0.0 	-0.0 	12.0 	0.0 	0.0 	0.0 	13.355959303	3.05880126474	164.76630959	-75.924451698	
7.8	0.0	0.0	0.0 	0.0 	173.6 	12.0 	0.0 	0.0 	0.0 	-0.0 	12.0 	0.0 	0.0 	0.0 	13.3644444965	3.05880126474	164.784729546	-76.1464294969	
7.81666666667	0.0	0.0	0.0 	0.0 	173.8 	12.0 	0.0 	0.0 	0.0 	-0.0 	12.0 	0.0 	0.0 	0.0 	13.3728738427	3.05880126474	164.803161119	-76.3685473037	
7.83333333333	0.0	0.0	0.0 	0.0 	174.0 	12.0 	0.0 	0.0 	0.0 	-0.0 	12.0 	0.0 	0.0 	0.0 	13.3812477092	3.05880126474	164.821604234	-76.5908041969	
7.85	0.0	0.0	0.0 	0.0 	174.2 	12.0 	0.0 	0.0 	0.0 	-0.0 	12.0 	0.0 	0.0 	0.0 	13.389566461	3.05880126474	164.840058815	-76.8131992611	
7.86666666667	0.0	0.0	0.0 	0.0 	174.4 	12.0 	0.0 	0.0 	0.0 	-0.0 	12.0 	0.0 	0.0 	0.0 	13.3978304609	3.05880126474	164.858524786	-77.0357315868	
7.88333333333	0.0	0.0	0.0 	0.0 	174.6 	12.0 	0.0 	0.0 	0.0 	-0.0 	12.0 	0.0 	0.0 	0.0 	13.4060400694	3.05880126474	164.877002072	-77.2584002707	
7.9	0.0	0.0	0.0 	0.0 	174.8 	12.0 	0.0 	0.0 	0.0 	-0.0 	12.0 	0.0 	0.0 	0.0 	13.4141956443	3.05880126474	164.895490598	-77.4812044153	
7.91666666667	0.0	0.0	0.0 	0.0 	175.0 	12.0 	0.0 	0.0 	0.0 	-0.0 	12.0 	0.0 	0.0 	0.0 	13.4222975413	3.05880126474	164.913990292	-77.7041431289	
7.93333333333	0.0	0.0	0.0 	0.0 	175.2 	12.0 	0.0 	0.0 	0.0 	-0.0 	12.0 	0.0 	0.0 	0.0 	13.4303461137	3.05880126474	164.932501078	-77.927215526	
7.95	0.0	0.0	0.0 	0.0 	175.4 	12.0 	0.0 	0.0 	0.0 	-0.0 	12.0 	0.0 	0.0 	0.0 	13.4383417126	3.05880126474	164.951022885	-78.1504207265	
7.96666666667	0.0	0.0	0.0 	0.0 	175.6 	12.0 	0.0 	0.0 	0.0 	-0.0 	12.0 	0.0 	0.0 	0.0 	13.4462846864	3.05880126474	164.969555639	-78.3737578566	
7.98333333333	0.0	0.0	0.0 	0.0 	175.8 	12.0 	0.0 	0.0 	0.0 	-0.0 	12.0 	0.0 	0.0 	0.0 	13.4541753817	3.05880126474	164.988099269	-78.5972260477	
8.0	0.0	0.0	0.0 	0.0 	176.0 	12.0 	0.0 	0.0 	0.0 	-0.0 	12.0 	0.0 	0.0 	0.0 	13.4620141425	3.05880126474	165.006653703	-78.8208244374	
8.01666666667	0.0	0.0	0.0 	0.0 	176.2 	12.0 	0.0 	0.0 	0.0 	-0.0 	12.0 	0.0 	0.0 	0.0 	13.4698013105	3.05880126474	165.025218869	-79.0445521686	
8.03333333333	0.0	0.0	0.0 	0.0 	176.4 	12.0 	0.0 	0.0 	0.0 	-0.0 	12.0 	0.0 	0.0 	0.0 	13.4775372255	3.05880126474	165.043794698	-79.2684083902	
8.05	0.0	0.0	0.0 	0.0 	176.6 	12.0 	0.0 	0.0 	0.0 	-0.0 	12.0 	0.0 	0.0 	0.0 	13.4852222246	3.05880126474	165.062381119	-79.4923922563	
8.06666666667	0.0	0.0	0.0 	0.0 	176.8 	12.0 	0.0 	0.0 	0.0 	-0.0 	12.0 	0.0 	0.0 	0.0 	13.4928566431	3.05880126474	165.080978063	-79.716502927	
8.08333333333	0.0	0.0	0.0 	0.0 	177.0 	12.0 	0.0 	0.0 	0.0 	-0.0 	12.0 	0.0 	0.0 	0.0 	13.5004408138	3.05880126474	165.09958546	-79.9407395675	
8.1	0.0	0.0	0.0 	0.0 	177.2 	12.0 	0.0 	0.0 	0.0 	-0.0 	12.0 	0.0 	0.0 	0.0 	13.5079750675	3.05880126474	165.118203241	-80.1651013488	
8.11666666667	0.0	0.0	0.0 	0.0 	177.4 	12.0 	0.0 	0.0 	0.0 	-0.0 	12.0 	0.0 	0.0 	0.0 	13.5154597326	3.05880126474	165.136831337	-80.3895874472	
8.13333333333	0.0	0.0	0.0 	0.0 	177.6 	12.0 	0.0 	0.0 	0.0 	-0.0 	12.0 	0.0 	0.0 	0.0 	13.5228951357	3.05880126474	165.155469682	-80.6141970446	
8.15	0.0	0.0	0.0 	0.0 	177.8 	12.0 	0.0 	0.0 	0.0 	-0.0 	12.0 	0.0 	0.0 	0.0 	13.5302816008	3.05880126474	165.174118208	-80.838929328	
8.16666666667	0.0	0.0	0.0 	0.0 	178.0 	12.0 	0.0 	0.0 	0.0 	-0.0 	12.0 	0.0 	0.0 	0.0 	13.5376194502	3.05880126474	165.192776847	-81.06378349	
8.18333333333	0.0	0.0	0.0 	0.0 	178.2 	12.0 	0.0 	0.0 	0.0 	-0.0 	12.0 	0.0 	0.0 	0.0 	13.5449090037	3.05880126474	165.211445533	-81.2887587285	
8.2	0.0	0.0	0.0 	0.0 	178.4 	12.0 	0.0 	0.0 	0.0 	-0.0 	12.0 	0.0 	0.0 	0.0 	13.5521505792	3.05880126474	165.230124201	-81.5138542464	
8.21666666667	0.0	0.0	0.0 	0.0 	178.6 	12.0 	0.0 	0.0 	0.0 	-0.0 	12.0 	0.0 	0.0 	0.0 	13.5593444926	3.05880126474	165.248812783	-81.7390692522	
8.23333333333	0.0	0.0	0.0 	0.0 	178.8 	12.0 	0.0 	0.0 	0.0 	-0.0 	12.0 	0.0 	0.0 	0.0 	13.5664910575	3.05880126474	165.267511215	-81.9644029595	
8.25	0.0	0.0	0.0 	0.0 	179.0 	12.0 	0.0 	0.0 	0.0 	-0.0 	12.0 	0.0 	0.0 	0.0 	13.5735905856	3.05880126474	165.286219433	-82.189854587	
8.26666666667	0.0	0.0	0.0 	0.0 	179.2 	12.0 	0.0 	0.0 	0.0 	-0.0 	12.0 	0.0 	0.0 	0.0 	13.5806433864	3.05880126474	165.304937371	-82.4154233584	
8.28333333333	0.0	0.0	0.0 	0.0 	179.4 	12.0 	0.0 	0.0 	0.0 	-0.0 	12.0 	0.0 	0.0 	0.0 	13.5876497675	3.05880126474	165.323664966	-82.641108503	
8.3	0.0	0.0	0.0 	0.0 	179.6 	12.0 	0.0 	0.0 	0.0 	-0.0 	12.0 	0.0 	0.0 	0.0 	13.5946100344	3.05880126474	165.342402154	-82.8669092546	
8.31666666667	0.0	0.0	0.0 	0.0 	179.8 	12.0 	0.0 	0.0 	0.0 	-0.0 	12.0 	0.0 	0.0 	0.0 	13.6015244907	3.05880126474	165.361148873	-83.0928248525	
8.33333333333	0.0	0.0	0.0 	0.0 	180.0 	12.0 	0.0 	0.0 	0.0 	-0.0 	12.0 	0.0 	0.0 	0.0 	13.6083934378	3.05880126474	165.379905058	-83.3188545406	
8.35	0.0	0.0	0.0 	0.0 	180.2 	12.0 	0.0 	0.0 	0.0 	-0.0 	12.0 	0.0 	0.0 	0.0 	13.6152171752	3.05880126474	165.398670649	-83.5449975682	
8.36666666667	0.0	0.0	0.0 	0.0 	180.4 	12.0 	0.0 	0.0 	0.0 	-0.0 	12.0 	0.0 	0.0 	0.0 	13.6219960006	3.05880126474	165.417445583	-83.7712531892	
8.38333333333	0.0	0.0	0.0 	0.0 	180.6 	12.0 	0.0 	0.0 	0.0 	-0.0 	12.0 	0.0 	0.0 	0.0 	13.6287302095	3.05880126474	165.436229798	-83.9976206626	
8.4	0.0	0.0	0.0 	0.0 	180.8 	12.0 	0.0 	0.0 	0.0 	-0.0 	12.0 	0.0 	0.0 	0.0 	13.6354200956	3.05880126474	165.455023234	-84.2240992522	
8.41666666667	0.0	0.0	0.0 	0.0 	181.0 	12.0 	0.0 	0.0 	0.0 	-0.0 	12.0 	0.0 	0.0 	0.0 	13.6420659506	3.05880126474	165.47382583	-84.4506882266	
8.43333333333	0.0	0.0	0.0 	0.0 	181.2 	12.0 	0.0 	0.0 	0.0 	-0.0 	12.0 	0.0 	0.0 	0.0 	13.6486680643	3.05880126474	165.492637525	-84.6773868594	
8.45	0.0	0.0	0.0 	0.0 	181.4 	12.0 	0.0 	0.0 	0.0 	-0.0 	12.0 	0.0 	0.0 	0.0 	13.6552267246	3.05880126474	165.51145826	-84.9041944288	
8.46666666667	0.0	0.0	0.0 	0.0 	181.6 	12.0 	0.0 	0.0 	0.0 	-0.0 	12.0 	0.0 	0.0 	0.0 	13.6617422175	3.05880126474	165.530287975	-85.1311102177	
8.48333333333	0.0	0.0	0.0 	0.0 	181.8 	12.0 	0.0 	0.0 	0.0 	-0.0 	12.0 	0.0 	0.0 	0.0 	13.6682148271	3.05880126474	165.549126612	-85.358133514	
8.5	0.0	0.0	0.0 	0.0 	182.0 	12.0 	0.0 	0.0 	0.0 	-0.0 	12.0 	0.0 	0.0 	0.0 	13.6746448357	3.05880126474	165.56797411	-85.58526361	
8.51666666667	0.0	0.0	0.0 	0.0 	182.2 	12.0 	0.0 	0.0 	0.0 	-0.0 	12.0 	0.0 	0.0 	0.0 	13.6810325236	3.05880126474	165.586830413	-85.8124998028	
8.53333333333	0.0	0.0	0.0 	0.0 	182.4 	12.0 	0.0 	0.0 	0.0 	-0.0 	12.0 	0.0 	0.0 	0.0 	13.6873781694	3.05880126474	165.605695462	-86.0398413941	
8.55	0.0	0.0	0.0 	0.0 	182.6 	12.0 	0.0 	0.0 	0.0 	-0.0 	12.0 	0.0 	0.0 	0.0 	13.6936820498	3.05880126474	165.624569199	-86.2672876902	
8.56666666667	0.0	0.0	0.0 	0.0 	182.8 	12.0 	0.0 	0.0 	0.0 	-0.0 	12.0 	0.0 	0.0 	0.0 	13.6999444397	3.05880126474	165.643451568	-86.494838002	
8.58333333333	0.0	0.0	0.0 	0.0 	183.0 	12.0 	0.0 	0.0 	0.0 	-0.0 	12.0 	0.0 	0.0 	0.0 	13.7061656122	3.05880126474	165.662342511	-86.7224916449	
8.6	0.0	0.0	0.0 	0.0 	183.2 	12.0 	0.0 	0.0 	0.0 	-0.0 	12.0 	0.0 	0.0 	0.0 	13.7123458386	3.05880126474	165.681241972	-86.9502479387	
8.61666666667	0.0	0.0	0.0 	0.0 	183.4 	12.0 	0.0 	0.0 	0.0 	-0.0 	12.0 	0.0 	0.0 	0.0 	13.7184853882	3.05880126474	165.700149895	-87.1781062078	
8.63333333333	0.0	0.0	0.0 	0.0 	183.6 	12.0 	0.0 	0.0 	0.0 	-0.0 	12.0 	0.0 	0.0 	0.0 	13.724584529	3.05880126474	165.719066225	-87.4060657811	
8.65	0.0	0.0	0.0 	0.0 	183.8 	12.0 	0.0 	0.0 	0.0 	-0.0 	12.0 	0.0 	0.0 	0.0 	13.7306435268	3.05880126474	165.737990905	-87.6341259918	
8.66666666667	0.0	0.0	0.0 	0.0 	184.0 	12.0 	0.0 	0.0 	0.0 	-0.0 	12.0 	0.0 	0.0 	0.0 	13.7366626458	3.05880126474	165.756923882	-87.8622861775	
8.68333333333	0.0	0.0	0.0 	0.0 	184.2 	12.0 	0.0 	0.0 	0.0 	-0.0 	12.0 	0.0 	0.0 	0.0 	13.7426421486	3.05880126474	165.7758651	-88.0905456803	
8.7	0.0	0.0	0.0 	0.0 	184.4 	12.0 	0.0 	0.0 	0.0 	-0.0 	12.0 	0.0 	0.0 	0.0 	13.7485822958	3.05880126474	165.794814505	-88.3189038464	
8.71666666667	0.0	0.0	0.0 	0.0 	184.6 	12.0 	0.0 	0.0 	0.0 	-0.0 	12.0 	0.0 	0.0 	0.0 	13.7544833465	3.05880126474	165.813772044	-88.5473600265	
8.73333333333	0.0	0.0	0.0 	0.0 	184.8 	12.0 	0.0 	0.0 	0.0 	-0.0 	12.0 	0.0 	0.0 	0.0 	13.760345558	3.05880126474	165.832737662	-88.7759135754	
8.75	0.0	0.0	0.0 	0.0 	185.0 	12.0 	0.0 	0.0 	0.0 	-0.0 	12.0 	0.0 	0.0 	0.0 	13.766169186	3.05880126474	165.851711307	-89.0045638524	
8.76666666667	0.0	0.0	0.0 	0.0 	185.2 	12.0 	0.0 	0.0 	0.0 	-0.0 	12.0 	0.0 	0.0 	0.0 	13.7719544843	3.05880126474	165.870692926	-89.2333102207	
8.78333333333	0.0	0.0	0.0 	0.0 	185.4 	12.0 	0.0 	0.0 	0.0 	-0.0 	12.0 	0.0 	0.0 	0.0 	13.7777017054	3.05880126474	165.889682465	-89.4621520479	
8.8	0.0	0.0	0.0 	0.0 	185.6 	12.0 	0.0 	0.0 	0.0 	-0.0 	12.0 	0.0 	0.0 	0.0 	13.7834110997	3.05880126474	165.908679875	-89.6910887058	
8.81666666667	0.0	0.0	0.0 	0.0 	185.8 	12.0 	0.0 	0.0 	0.0 	-0.0 	12.0 	0.0 	0.0 	0.0 	13.7890829162	3.05880126474	165.927685101	-89.9201195702	
8.83333333333	0.0	0.0	0.0 	0.0 	186.0 	12.0 	0.0 	0.0 	0.0 	-0.0 	12.0 	0.0 	0.0 	0.0 	13.7947174023	3.05880126474	165.946698093	-90.149244021	
8.85	0.0	0.0	0.0 	0.0 	186.2 	12.0 	0.0 	0.0 	0.0 	-0.0 	12.0 	0.0 	0.0 	0.0 	13.8003148037	3.05880126474	165.9657188	-90.3784614423	
8.86666666667	0.0	0.0	0.0 	0.0 	186.4 	12.0 	0.0 	0.0 	0.0 	-0.0 	12.0 	0.0 	0.0 	0.0 	13.8058753644	3.05880126474	165.984747172	-90.6077712221	
8.88333333333	0.0	0.0	0.0 	0.0 	186.6 	12.0 	0.0 	0.0 	0.0 	-0.0 	12.0 	0.0 	0.0 	0.0 	13.811399327	3.05880126474	166.003783156	-90.8371727527	
8.9	0.0	0.0	0.0 	0.0 	186.8 	12.0 	0.0 	0.0 	0.0 	-0.0 	12.0 	0.0 	0.0 	0.0 	13.8168869323	3.05880126474	166.022826704	-91.0666654301	
8.91666666667	0.0	0.0	0.0 	0.0 	187.0 	12.0 	0.0 	0.0 	0.0 	-0.0 	12.0 	0.0 	0.0 	0.0 	13.8223384196	3.05880126474	166.041877766	-91.2962486543	
8.93333333333	0.0	0.0	0.0 	0.0 	187.2 	12.0 	0.0 	0.0 	0.0 	-0.0 	12.0 	0.0 	0.0 	0.0 	13.8277540266	3.05880126474	166.060936292	-91.5259218296	
8.95	0.0	0.0	0.0 	0.0 	187.4 	12.0 	0.0 	0.0 	0.0 	-0.0 	12.0 	0.0 	0.0 	0.0 	13.8331339895	3.05880126474	166.080002234	-91.7556843637	
8.96666666667	0.0	0.0	0.0 	0.0 	187.6 	12.0 	0.0 	0.0 	0.0 	-0.0 	12.0 	0.0 	0.0 	0.0 	13.8384785428	3.05880126474	166.099075541	-91.9855356687	
8.98333333333	0.0	0.0	0.0 	0.0 	187.8 	12.0 	0.0 	0.0 	0.0 	-0.0 	12.0 	0.0 	0.0 	0.0 	13.8437879197	3.05880126474	166.118156166	-92.2154751601	
9.0	0.0	0.0	0.0 	0.0 	188.0 	12.0 	0.0 	0.0 	0.0 	-0.0 	12.0 	0.0 	0.0 	0.0 	13.8490623517	3.05880126474	166.137244061	-92.4455022577	
9.01666666667	0.0	0.0	0.0 	0.0 	188.2 	12.0 	0.0 	0.0 	0.0 	-0.0 	12.0 	0.0 	0.0 	0.0 	13.8543020687	3.05880126474	166.156339178	-92.6756163847	
9.03333333333	0.0	0.0	0.0 	0.0 	188.4 	12.0 	0.0 	0.0 	0.0 	-0.0 	12.0 	0.0 	0.0 	0.0 	13.8595072992	3.05880126474	166.175441469	-92.9058169684	
9.05	0.0	0.0	0.0 	0.0 	188.6 	12.0 	0.0 	0.0 	0.0 	-0.0 	12.0 	0.0 	0.0 	0.0 	13.8646782703	3.05880126474	166.194550887	-93.1361034398	
9.06666666667	0.0	0.0	0.0 	0.0 	188.8 	12.0 	0.0 	0.0 	0.0 	-0.0 	12.0 	0.0 	0.0 	0.0 	13.8698152074	3.05880126474	166.213667385	-93.3664752336	
9.08333333333	0.0	0.0	0.0 	0.0 	189.0 	12.0 	0.0 	0.0 	0.0 	-0.0 	12.0 	0.0 	0.0 	0.0 	13.8749183344	3.05880126474	166.232790917	-93.5969317881	
9.1	0.0	0.0	0.0 	0.0 	189.2 	12.0 	0.0 	0.0 	0.0 	-0.0 	12.0 	0.0 	0.0 	0.0 	13.8799878741	3.05880126474	166.251921436	-93.8274725456	
9.11666666667	0.0	0.0	0.0 	0.0 	189.4 	12.0 	0.0 	0.0 	0.0 	-0.0 	12.0 	0.0 	0.0 	0.0 	13.8850240473	3.05880126474	166.271058896	-94.0580969517	
9.13333333333	0.0	0.0	0.0 	0.0 	189.6 	12.0 	0.0 	0.0 	0.0 	-0.0 	12.0 	0.0 	0.0 	0.0 	13.8900270737	3.05880126474	166.290203252	-94.2888044561	
9.15	0.0	0.0	0.0 	0.0 	189.8 	12.0 	0.0 	0.0 	0.0 	-0.0 	12.0 	0.0 	0.0 	0.0 	13.8949971715	3.05880126474	166.309354458	-94.5195945117	
9.16666666667	0.0	0.0	0.0 	0.0 	190.0 	12.0 	0.0 	0.0 	0.0 	-0.0 	12.0 	0.0 	0.0 	0.0 	13.8999345575	3.05880126474	166.328512469	-94.7504665751	
9.18333333333	0.0	0.0	0.0 	0.0 	190.2 	12.0 	0.0 	0.0 	0.0 	-0.0 	12.0 	0.0 	0.0 	0.0 	13.9048394468	3.05880126474	166.347677241	-94.9814201068	
9.2	0.0	0.0	0.0 	0.0 	190.4 	12.0 	0.0 	0.0 	0.0 	-0.0 	12.0 	0.0 	0.0 	0.0 	13.9097120534	3.05880126474	166.366848728	-95.2124545703	
9.21666666667	0.0	0.0	0.0 	0.0 	190.6 	12.0 	0.0 	0.0 	0.0 	-0.0 	12.0 	0.0 	0.0 	0.0 	13.9145525898	3.05880126474	166.386026887	-95.4435694332	
9.23333333333	0.0	0.0	0.0 	0.0 	190.8 	12.0 	0.0 	0.0 	0.0 	-0.0 	12.0 	0.0 	0.0 	0.0 	13.919361267	3.05880126474	166.405211673	-95.6747641661	
9.25	0.0	0.0	0.0 	0.0 	191.0 	12.0 	0.0 	0.0 	0.0 	-0.0 	12.0 	0.0 	0.0 	0.0 	13.9241382948	3.05880126474	166.424403044	-95.9060382435	
9.26666666667	0.0	0.0	0.0 	0.0 	191.2 	12.0 	0.0 	0.0 	0.0 	-0.0 	12.0 	0.0 	0.0 	0.0 	13.9288838814	3.05880126474	166.443600955	-96.1373911431	
9.28333333333	0.0	0.0	0.0 	0.0 	191.4 	12.0 	0.0 	0.0 	0.0 	-0.0 	12.0 	0.0 	0.0 	0.0 	13.9335982337	3.05880126474	166.462805364	-96.368822346	
9.3	0.0	0.0	0.0 	0.0 	191.6 	12.0 	0.0 	0.0 	0.0 	-0.0 	12.0 	0.0 	0.0 	0.0 	13.9382815575	3.05880126474	166.482016228	-96.600331337	
9.31666666667	0.0	0.0	0.0 	0.0 	191.8 	12.0 	0.0 	0.0 	0.0 	-0.0 	12.0 	0.0 	0.0 	0.0 	13.9429340568	3.05880126474	166.501233505	-96.8319176041	
9.33333333333	0.0	0.0	0.0 	0.0 	192.0 	12.0 	0.0 	0.0 	0.0 	-0.0 	12.0 	0.0 	0.0 	0.0 	13.9475559345	3.05880126474	166.520457152	-97.0635806386	
9.35	0.0	0.0	0.0 	0.0 	192.2 	12.0 	0.0 	0.0 	0.0 	-0.0 	12.0 	0.0 	0.0 	0.0 	13.9521473923	3.05880126474	166.539687127	-97.2953199353	
9.36666666667	0.0	0.0	0.0 	0.0 	192.4 	12.0 	0.0 	0.0 	0.0 	-0.0 	12.0 	0.0 	0.0 	0.0 	13.9567086302	3.05880126474	166.558923388	-97.5271349922	
9.38333333333	0.0	0.0	0.0 	0.0 	192.6 	12.0 	0.0 	0.0 	0.0 	-0.0 	12.0 	0.0 	0.0 	0.0 	13.9612398473	3.05880126474	166.578165895	-97.7590253108	
9.4	0.0	0.0	0.0 	0.0 	192.8 	12.0 	0.0 	0.0 	0.0 	-0.0 	12.0 	0.0 	0.0 	0.0 	13.9657412411	3.05880126474	166.597414607	-97.9909903956	
9.41666666667	0.0	0.0	0.0 	0.0 	193.0 	12.0 	0.0 	0.0 	0.0 	-0.0 	12.0 	0.0 	0.0 	0.0 	13.9702130079	3.05880126474	166.616669481	-98.2230297545	
9.43333333333	0.0	0.0	0.0 	0.0 	193.2 	12.0 	0.0 	0.0 	0.0 	-0.0 	12.0 	0.0 	0.0 	0.0 	13.9746553427	3.05880126474	166.635930478	-98.4551428988	
9.45	0.0	0.0	0.0 	0.0 	193.4 	12.0 	0.0 	0.0 	0.0 	-0.0 	12.0 	0.0 	0.0 	0.0 	13.9790684391	3.05880126474	166.655197558	-98.6873293428	
9.46666666667	0.0	0.0	0.0 	0.0 	193.6 	12.0 	0.0 	0.0 	0.0 	-0.0 	12.0 	0.0 	0.0 	0.0 	13.9834524897	3.05880126474	166.674470681	-98.9195886039	
9.48333333333	0.0	0.0	0.0 	0.0 	193.8 	12.0 	0.0 	0.0 	0.0 	-0.0 	12.0 	0.0 	0.0 	0.0 	13.9878076857	3.05880126474	166.693749806	-99.1519202031	
9.5	0.0	0.0	0.0 	0.0 	194.0 	12.0 	0.0 	0.0 	0.0 	-0.0 	12.0 	0.0 	0.0 	0.0 	13.9921342168	3.05880126474	166.713034894	-99.3843236641	
9.51666666667	0.0	0.0	0.0 	0.0 	194.2 	12.0 	0.0 	0.0 	0.0 	-0.0 	12.0 	0.0 	0.0 	0.0 	13.9964322719	3.05880126474	166.732325906	-99.616798514	
9.53333333333	0.0	0.0	0.0 	0.0 	194.4 	12.0 	0.0 	0.0 	0.0 	-0.0 	12.0 	0.0 	0.0 	0.0 	14.0007020382	3.05880126474	166.751622803	-99.849344283	
9.55	0.0	0.0	0.0 	0.0 	194.6 	12.0 	0.0 	0.0 	0.0 	-0.0 	12.0 	0.0 	0.0 	0.0 	14.0049437021	3.05880126474	166.770925546	-100.081960504	
9.56666666667	0.0	0.0	0.0 	0.0 	194.8 	12.0 	0.0 	0.0 	0.0 	-0.0 	12.0 	0.0 	0.0 	0.0 	14.0091574484	3.05880126474	166.790234097	-100.314646714	
9.58333333333	0.0	0.0	0.0 	0.0 	195.0 	12.0 	0.0 	0.0 	0.0 	-0.0 	12.0 	0.0 	0.0 	0.0 	14.013343461	3.05880126474	166.809548417	-100.547402451	
9.6	0.0	0.0	0.0 	0.0 	195.2 	12.0 	0.0 	0.0 	0.0 	-0.0 	12.0 	0.0 	0.0 	0.0 	14.0175019223	3.05880126474	166.828868469	-100.780227259	
9.61666666667	0.0	0.0	0.0 	0.0 	195.4 	12.0 	0.0 	0.0 	0.0 	-0.0 	12.0 	0.0 	0.0 	0.0 	14.0216330137	3.05880126474	166.848194215	-101.013120683	
9.63333333333	0.0	0.0	0.0 	0.0 	195.6 	12.0 	0.0 	0.0 	0.0 	-0.0 	12.0 	0.0 	0.0 	0.0 	14.0257369153	3.05880126474	166.867525617	-101.246082271	
9.65	0.0	0.0	0.0 	0.0 	195.8 	12.0 	0.0 	0.0 	0.0 	-0.0 	12.0 	0.0 	0.0 	0.0 	14.0298138061	3.05880126474	166.886862638	-101.479111574	
9.66666666667	0.0	0.0	0.0 	0.0 	196.0 	12.0 	0.0 	0.0 	0.0 	-0.0 	12.0 	0.0 	0.0 	0.0 	14.0338638638	3.05880126474	166.906205241	-101.712208147	
9.68333333333	0.0	0.0	0.0 	0.0 	196.2 	12.0 	0.0 	0.0 	0.0 	-0.0 	12.0 	0.0 	0.0 	0.0 	14.0378872651	3.05880126474	166.92555339	-101.945371547	
9.7	0.0	0.0	0.0 	0.0 	196.4 	12.0 	0.0 	0.0 	0.0 	-0.0 	12.0 	0.0 	0.0 	0.0 	14.0418841855	3.05880126474	166.944907048	-102.178601334	
9.71666666667	0.0	0.0	0.0 	0.0 	196.6 	12.0 	0.0 	0.0 	0.0 	-0.0 	12.0 	0.0 	0.0 	0.0 	14.0458547991	3.05880126474	166.964266178	-102.411897071	
9.73333333333	0.0	0.0	0.0 	0.0 	196.8 	12.0 	0.0 	0.0 	0.0 	-0.0 	12.0 	0.0 	0.0 	0.0 	14.0497992792	3.05880126474	166.983630744	-102.645258324	
9.75	0.0	0.0	0.0 	0.0 	197.0 	12.0 	0.0 	0.0 	0.0 	-0.0 	12.0 	0.0 	0.0 	0.0 	14.0537177977	3.05880126474	167.003000712	-102.878684663	
9.76666666667	0.0	0.0	0.0 	0.0 	197.2 	12.0 	0.0 	0.0 	0.0 	-0.0 	12.0 	0.0 	0.0 	0.0 	14.0576105256	3.05880126474	167.022376045	-103.112175658	
9.78333333333	0.0	0.0	0.0 	0.0 	197.4 	12.0 	0.0 	0.0 	0.0 	-0.0 	12.0 	0.0 	0.0 	0.0 	14.0614776326	3.05880126474	167.041756708	-103.345730884	
9.8	0.0	0.0	0.0 	0.0 	197.6 	12.0 	0.0 	0.0 	0.0 	-0.0 	12.0 	0.0 	0.0 	0.0 	14.0653192872	3.05880126474	167.061142665	-103.579349918	
9.81666666667	0.0	0.0	0.0 	0.0 	197.8 	12.0 	0.0 	0.0 	0.0 	-0.0 	12.0 	0.0 	0.0 	0.0 	14.0691356571	3.05880126474	167.080533883	-103.813032341	
9.83333333333	0.0	0.0	0.0 	0.0 	198.0 	12.0 	0.0 	0.0 	0.0 	-0.0 	12.0 	0.0 	0.0 	0.0 	14.0729269086	3.05880126474	167.099930326	-104.046777734	
9.85	0.0	0.0	0.0 	0.0 	198.2 	12.0 	0.0 	0.0 	0.0 	-0.0 	12.0 	0.0 	0.0 	0.0 	14.0766932071	3.05880126474	167.11933196	-104.280585684	
9.86666666667	0.0	0.0	0.0 	0.0 	198.4 	12.0 	0.0 	0.0 	0.0 	-0.0 	12.0 	0.0 	0.0 	0.0 	14.0804347168	3.05880126474	167.138738751	-104.51445578	
9.88333333333	0.0	0.0	0.0 	0.0 	198.6 	12.0 	0.0 	0.0 	0.0 	-0.0 	12.0 	0.0 	0.0 	0.0 	14.0841516008	3.05880126474	167.158150665	-104.748387611	
9.9	0.0	0.0	0.0 	0.0 	198.8 	12.0 	0.0 	0.0 	0.0 	-0.0 	12.0 	0.0 	0.0 	0.0 	14.0878440212	3.05880126474	167.177567668	-104.982380771	
9.91666666667	0.0	0.0	0.0 	0.0 	199.0 	12.0 	0.0 	0.0 	0.0 	-0.0 	12.0 	0.0 	0.0 	0.0 	14.0915121392	3.05880126474	167.196989727	-105.216434858	
9.93333333333	0.0	0.0	0.0 	0.0 	199.2 	12.0 	0.0 	0.0 	0.0 	-0.0 	12.0 	0.0 	0.0 	0.0 	14.0951561145	3.05880126474	167.216416808	-105.450549469	
9.95	0.0	0.0	0.0 	0.0 	199.4 	12.0 	0.0 	0.0 	0.0 	-0.0 	12.0 	0.0 	0.0 	0.0 	14.0987761061	3.05880126474	167.235848879	-105.684724207	
9.96666666667	0.0	0.0	0.0 	0.0 	199.6 	12.0 	0.0 	0.0 	0.0 	-0.0 	12.0 	0.0 	0.0 	0.0 	14.1023722718	3.05880126474	167.255285906	-105.918958676	
9.98333333333	0.0	0.0	0.0 	0.0 	199.8 	12.0 	0.0 	0.0 	0.0 	-0.0 	12.0 	0.0 	0.0 	0.0 	14.1059447685	3.05880126474	167.274727857	-106.153252482	
