0101010000110001110001001 2.26980075418 1.87022321745 1.9206772553 1.94966435734 2.03525041428 2.53282443996 2.56146380515 2.58923596343 2.6254906763 0.0 0.0 0.0 0.0 0.0 0.0 0.0 0.0
0011010011101011111101000 7.67193934451 7.67193934028 7.67193934137 7.67193934227 7.67193934313 7.67193934572 7.67193934692 7.67193934761 7.67193934849 0.0 0.0 0.0 0.0 0.0 0.0 0.0 0.0
0011001010011001110001001 7.75041975487 7.57188622551 7.67521542448 7.68466912686 7.69301799156 7.80932251695 7.81466938412 7.8364748477 7.84247830345 0.0 0.0 0.0 0.0 0.0 0.0 0.0 0.0
0011010011101011111001101 9.24053496093 9.24053495133 9.24053495682 9.24053495763 9.24053495823 9.24053496125 9.24053496662 9.24053497299 9.24053501935 0.0 0.0 0.0 0.0 0.0 0.0 0.0 0.0
0001000001001100010110000 12.346824022 11.2747872908 11.7616326205 12.0668979074 12.3955900492 12.4623815474 12.462426584 12.7118980336 12.7253430443 0.0 0.0 0.0 0.0 0.0 0.0 0.0 0.0
0001000001001100100110000 12.4611615833 11.5092050876 11.6411991339 12.0190393807 12.461968869 12.6021958248 12.7614422586 13.0990814741 13.1670876656 0.0 0.0 0.0 0.0 0.0 0.0 0.0 0.0
0010010010101111100110101 12.7023344033 12.7023343914 12.7023343954 12.7023343979 12.7023344045 12.7023344051 12.7023344058 12.7023344078 12.7023344097 0.0 0.0 0.0 0.0 0.0 0.0 0.0 0.0
1110100000110001010111001 22.7448881491 22.7448880444 22.744888065 22.7448881415 22.7448881422 22.7448881469 22.7448881659 22.7448881735 22.7448881994 0.0 0.0 0.0 0.0 0.0 0.0 0.0 0.0
1110000000010000010101000 17.2096218828 16.6091933823 16.6550516337 16.7826842429 17.1036377631 17.1716376749 17.7805278503 17.9454087686 17.9847680597 0.0 0.0 0.0 0.0 0.0 0.0 0.0 0.0
1110001110010110110101000 23.2613772967 22.8000471393 22.9771440377 22.9908040867 23.2052175588 23.3614045261 23.4880830152 23.508320789 23.5336356778 0.0 0.0 0.0 0.0 0.0 0.0 0.0 0.0
0010100010001101001001111 13.6578288484 12.7465368738 13.2784546151 13.3433302834 13.3886191091 13.678725758 14.2206402433 14.3549277952 14.3767155421 0.0 0.0 0.0 0.0 0.0 0.0 0.0 0.0
1011101101011011001011011 17.6952413066 17.5552250945 17.5778911104 17.6419193973 17.6948154761 17.7169358362 17.727294517 17.730174502 17.7377288496 0.0 0.0 0.0 0.0 0.0 0.0 0.0 0.0
1101011110101111110110111 27.2553919857 27.255391928 27.2553919633 27.255391971 27.2553919789 27.2553919802 27.2553920125 27.2553920135 27.2553920151 0.0 0.0 0.0 0.0 0.0 0.0 0.0 0.0
0101011010101111100110101 13.0448525831 13.0448525455 13.0448525672 13.0448525778 13.0448525832 13.0448525846 13.0448525868 13.0448526099 13.0501885631 0.0 0.0 0.0 0.0 0.0 0.0 0.0 0.0
1001011110111111011111110 15.912944067 15.9129440121 15.9129440385 15.9129440422 15.9129440604 15.9129440744 15.9129440911 15.912944092 15.9129440935 0.0 0.0 0.0 0.0 0.0 0.0 0.0 0.0
