0.0166666666667	0.0	0.0	0.0 	0.0 	80.2166666667 	13.0 	0.0 	0.0 	0.0 	0.0 	13.0 	0.0 	0.0 	0.0 	0.0	1.57	160.0	-25.8064516129	
0.0333333333333	0.0	0.0	0.0 	0.0 	80.4333333333 	13.0 	0.0 	0.0 	0.0 	-0.0 	13.0 	0.0 	0.0 	0.0 	0.0	1.57	160.0	-25.8064516129	
0.05	0.0	0.0	0.0 	0.0 	80.65 	13.0 	0.0 	0.0 	0.0 	-0.0 	13.0 	0.0 	0.0 	0.0 	0.0	1.57	160.0	-25.8064516129	
0.0666666666667	0.0	0.0	0.0 	0.0 	80.8666666667 	13.0 	0.0 	0.0 	0.0 	-0.0 	13.0 	0.0 	0.0 	0.0 	0.0	1.57	160.0	-25.8064516129	
0.0833333333333	0.0	0.0	0.0 	0.0 	81.0833333333 	13.0 	0.0 	0.0 	0.0 	-0.0 	13.0 	0.0 	0.0 	0.0 	0.0	1.57	160.0	-25.8064516129	
0.1	0.0	0.0	0.0 	0.0 	81.3 	13.0 	0.0 	0.0 	0.0 	-0.0 	13.0 	0.0 	0.0 	0.0 	0.0	1.57	160.0	-25.8064516129	
0.116666666667	0.0	0.0	0.0 	0.0 	81.5166666667 	13.0 	0.0 	0.0 	0.0 	-0.0 	13.0 	0.0 	0.0 	0.0 	0.0	1.57	160.0	-25.8064516129	
0.133333333333	0.0	0.0	0.0 	0.0 	81.7333333333 	13.0 	0.0 	0.0 	0.0 	-0.0 	13.0 	0.0 	0.0 	0.0 	0.0	1.57	160.0	-25.8064516129	
0.15	0.0	0.0	0.0 	0.0 	81.95 	13.0 	0.0 	0.0 	0.0 	-0.0 	13.0 	0.0 	0.0 	0.0 	0.0	1.57	160.0	-25.8064516129	
0.166666666667	0.0	0.0	0.0 	0.0 	82.1666666667 	13.0 	0.0 	0.0 	0.0 	-0.0 	13.0 	0.0 	0.0 	0.0 	0.0	1.57	160.0	-25.8064516129	
0.183333333333	0.0	0.0	0.0 	0.0 	82.3833333333 	13.0 	0.0 	0.0 	0.0 	-0.0 	13.0 	0.0 	0.0 	0.0 	0.0	1.57	160.0	-25.8064516129	
0.2	0.0	0.0	0.0 	0.0 	82.6 	13.0 	0.0 	0.0 	0.0 	-0.0 	13.0 	0.0 	0.0 	0.0 	0.0	1.57	160.0	-25.8064516129	
0.216666666667	0.0	0.0	0.0 	0.0 	82.8166666667 	13.0 	0.0 	0.0 	0.0 	-0.0 	13.0 	0.0 	0.0 	0.0 	0.0	1.57	160.0	-25.8064516129	
0.233333333333	0.0	0.0	0.0 	0.0 	83.0333333333 	13.0 	0.0 	0.0 	0.0 	-0.0 	13.0 	0.0 	0.0 	0.0 	0.0	1.57	160.0	-25.8064516129	
0.25	0.0	0.0	0.0 	0.0 	83.25 	13.0 	0.0 	0.0 	0.0 	-0.0 	13.0 	0.0 	0.0 	0.0 	0.0	1.57	160.0	-25.8064516129	
0.266666666667	0.0	0.0	0.0 	0.0 	83.4666666667 	13.0 	0.0 	0.0 	0.0 	-0.0 	13.0 	0.0 	0.0 	0.0 	0.0	1.57	160.0	-25.8064516129	
0.283333333333	0.0	0.0	0.0 	0.0 	83.6833333333 	13.0 	0.0 	0.0 	0.0 	-0.0 	13.0 	0.0 	0.0 	0.0 	0.0	1.57	160.0	-25.8064516129	
0.3	0.0	0.0	0.0 	0.0 	83.9 	13.0 	0.0 	0.0 	0.0 	-0.0 	13.0 	0.0 	0.0 	0.0 	0.0	1.57	160.0	-25.8064516129	
0.316666666667	0.0	0.0	0.0 	0.0 	84.1166666667 	13.0 	0.0 	0.0 	0.0 	-0.0 	13.0 	0.0 	0.0 	0.0 	0.0	1.57	160.0	-25.8064516129	
0.333333333333	0.0	0.0	0.0 	0.0 	84.3333333333 	13.0 	0.0 	0.0 	0.0 	-0.0 	13.0 	0.0 	0.0 	0.0 	0.0	1.57	160.0	-25.8064516129	
0.35	0.0	0.0	0.0 	0.0 	84.55 	13.0 	0.0 	0.0 	0.0 	-0.0 	13.0 	0.0 	0.0 	0.0 	0.0	1.57	160.0	-25.8064516129	
0.366666666667	0.0	0.0	0.0 	0.0 	84.7666666667 	13.0 	0.0 	0.0 	0.0 	-0.0 	13.0 	0.0 	0.0 	0.0 	0.0	1.57	160.0	-25.8064516129	
0.383333333333	0.0	0.0	0.0 	0.0 	84.9833333333 	13.0 	0.0 	0.0 	0.0 	-0.0 	13.0 	0.0 	0.0 	0.0 	0.0	1.57	160.0	-25.8064516129	
0.4	0.0	0.0	0.0 	0.0 	85.2 	13.0 	0.0 	0.0 	0.0 	-0.0 	13.0 	0.0 	0.0 	0.0 	0.0	1.57	160.0	-25.8064516129	
0.416666666667	0.0	0.0	0.0 	0.0 	85.4166666667 	13.0 	0.0 	0.0 	0.0 	-0.0 	13.0 	0.0 	0.0 	0.0 	0.0	1.57	160.0	-25.8064516129	
0.433333333333	0.0	0.0	0.0 	0.0 	85.6333333333 	13.0 	0.0 	0.0 	0.0 	-0.0 	13.0 	0.0 	0.0 	0.0 	0.0	1.57	160.0	-25.8064516129	
0.45	0.0	0.0	0.0 	0.0 	85.85 	13.0 	0.0 	0.0 	0.0 	-0.0 	13.0 	0.0 	0.0 	0.0 	0.0	1.57	160.0	-25.8064516129	
0.466666666667	0.0	0.0	0.0 	0.0 	86.0666666667 	13.0 	0.0 	0.0 	0.0 	-0.0 	13.0 	0.0 	0.0 	0.0 	0.0	1.57	160.0	-25.8064516129	
0.483333333333	0.0	0.0	0.0 	0.0 	86.2833333333 	13.0 	0.0 	0.0 	0.0 	-0.0 	13.0 	0.0 	0.0 	0.0 	0.0	1.57	160.0	-25.8064516129	
0.5	0.0	0.0	0.0 	0.0 	86.5 	13.0 	0.0 	0.0 	0.0 	-0.0 	13.0 	0.0 	0.0 	0.0 	0.0	1.57	160.0	-25.8064516129	
0.516666666667	0.0	0.0	0.0 	0.0 	86.7166666667 	13.0 	0.0 	0.0 	0.0 	-0.0 	13.0 	0.0 	0.0 	0.0 	0.0	1.57	160.0	-25.8064516129	
0.533333333333	0.0	0.0	0.0 	0.0 	86.9333333333 	13.0 	0.0 	0.0 	0.0 	-0.0 	13.0 	0.0 	0.0 	0.0 	0.0	1.57	160.0	-25.8064516129	
0.55	0.0	0.0	0.0 	0.0 	87.15 	13.0 	0.0 	0.0 	0.0 	-0.0 	13.0 	0.0 	0.0 	0.0 	0.0	1.57	160.0	-25.8064516129	
0.566666666667	0.0	0.0	0.0 	0.0 	87.3666666667 	13.0 	0.0 	0.0 	0.0 	-0.0 	13.0 	0.0 	0.0 	0.0 	0.0	1.57	160.0	-25.8064516129	
0.583333333333	0.0	0.0	0.0 	0.0 	87.5833333333 	13.0 	0.0 	0.0 	0.0 	-0.0 	13.0 	0.0 	0.0 	0.0 	0.0	1.57	160.0	-25.8064516129	
0.6	0.0	0.0	0.0 	0.0 	87.8 	13.0 	0.0 	0.0 	0.0 	-0.0 	13.0 	0.0 	0.0 	0.0 	0.0	1.57	160.0	-25.8064516129	
0.616666666667	0.0	0.0	0.0 	0.0 	88.0166666667 	13.0 	0.0 	0.0 	0.0 	-0.0 	13.0 	0.0 	0.0 	0.0 	0.0	1.57	160.0	-25.8064516129	
0.633333333333	0.0	0.0	0.0 	0.0 	88.2333333333 	13.0 	0.0 	0.0 	0.0 	-0.0 	13.0 	0.0 	0.0 	0.0 	0.0	1.57	160.0	-25.8064516129	
0.65	0.0	0.0	0.0 	0.0 	88.45 	13.0 	0.0 	0.0 	0.0 	-0.0 	13.0 	0.0 	0.0 	0.0 	0.0	1.57	160.0	-25.8064516129	
0.666666666667	0.0	0.0	0.0 	0.0 	88.6666666667 	13.0 	0.0 	0.0 	0.0 	-0.0 	13.0 	0.0 	0.0 	0.0 	0.0	1.57	160.0	-25.8064516129	
0.683333333333	0.0	0.0	0.0 	0.0 	88.8833333333 	13.0 	0.0 	0.0 	0.0 	-0.0 	13.0 	0.0 	0.0 	0.0 	0.0	1.57	160.0	-25.8064516129	
0.7	0.0	0.0	0.0 	0.0 	89.1 	13.0 	0.0 	0.0 	0.0 	-0.0 	13.0 	0.0 	0.0 	0.0 	0.0	1.57	160.0	-25.8064516129	
0.716666666667	0.0	0.0	0.0 	0.0 	89.3166666667 	13.0 	0.0 	0.0 	0.0 	-0.0 	13.0 	0.0 	0.0 	0.0 	0.0	1.57	160.0	-25.8064516129	
0.733333333333	0.0	0.0	0.0 	0.0 	89.5333333333 	13.0 	0.0 	0.0 	0.0 	-0.0 	13.0 	0.0 	0.0 	0.0 	0.0	1.57	160.0	-25.8064516129	
0.75	0.0	0.0	0.0 	0.0 	89.75 	13.0 	0.0 	0.0 	0.0 	-0.0 	13.0 	0.0 	0.0 	0.0 	0.0	1.57	160.0	-25.8064516129	
0.766666666667	0.0	0.0	0.0 	0.0 	89.9666666667 	13.0 	0.0 	0.0 	0.0 	-0.0 	13.0 	0.0 	0.0 	0.0 	0.0	1.57	160.0	-25.8064516129	
0.783333333333	0.0	0.0	0.0 	0.0 	90.1833333333 	13.0 	0.0 	0.0 	0.0 	-0.0 	13.0 	0.0 	0.0 	0.0 	0.0	1.57	160.0	-25.8064516129	
0.8	0.0	0.0	0.0 	0.0 	90.4 	13.0 	0.0 	0.0 	0.0 	-0.0 	13.0 	0.0 	0.0 	0.0 	0.0	1.57	160.0	-25.8064516129	
0.816666666667	0.0	0.0	0.0 	0.0 	90.6166666667 	13.0 	0.0 	0.0 	0.0 	-0.0 	13.0 	0.0 	0.0 	0.0 	0.0	1.57	160.0	-25.8064516129	
0.833333333333	0.0	0.0	0.0 	0.0 	90.8333333333 	13.0 	0.0 	0.0 	0.0 	-0.0 	13.0 	0.0 	0.0 	0.0 	0.0	1.57	160.0	-25.8064516129	
0.85	0.0	0.0	0.0 	0.0 	91.05 	13.0 	0.0 	0.0 	0.0 	-0.0 	13.0 	0.0 	0.0 	0.0 	0.0	1.57	160.0	-25.8064516129	
0.866666666667	0.0	0.0	0.0 	0.0 	91.2666666667 	13.0 	0.0 	0.0 	0.0 	-0.0 	13.0 	0.0 	0.0 	0.0 	0.0	1.57	160.0	-25.8064516129	
0.883333333333	0.0	0.0	0.0 	0.0 	91.4833333333 	13.0 	0.0 	0.0 	0.0 	-0.0 	13.0 	0.0 	0.0 	0.0 	0.0	1.57	160.0	-25.8064516129	
0.9	0.0	0.0	0.0 	0.0 	91.7 	13.0 	0.0 	0.0 	0.0 	-0.0 	13.0 	0.0 	0.0 	0.0 	0.0	1.57	160.0	-25.8064516129	
0.916666666667	0.0	0.0	0.0 	0.0 	91.9166666667 	13.0 	0.0 	0.0 	0.0 	-0.0 	13.0 	0.0 	0.0 	0.0 	0.0	1.57	160.0	-25.8064516129	
0.933333333333	0.0	0.0	0.0 	0.0 	92.1333333333 	13.0 	0.0 	0.0 	0.0 	-0.0 	13.0 	0.0 	0.0 	0.0 	0.0	1.57	160.0	-25.8064516129	
0.95	0.0	0.0	0.0 	0.0 	92.35 	13.0 	0.0 	0.0 	0.0 	-0.0 	13.0 	0.0 	0.0 	0.0 	0.0	1.57	160.0	-25.8064516129	
0.966666666667	0.0	0.0	0.0 	0.0 	92.5666666667 	13.0 	0.0 	0.0 	0.0 	-0.0 	13.0 	0.0 	0.0 	0.0 	0.0	1.57	160.0	-25.8064516129	
0.983333333333	0.0	0.0	0.0 	0.0 	92.7833333333 	13.0 	0.0 	0.0 	0.0 	-0.0 	13.0 	0.0 	0.0 	0.0 	0.0	1.57	160.0	-25.8064516129	
1.0	0.0	0.0	0.0 	0.0 	93.0 	13.0 	0.0 	0.0 	0.0 	-0.0 	13.0 	0.0 	0.0 	0.0 	0.0	1.57	160.0	-25.8064516129	
1.01666666667	0.0	0.0	0.0 	0.0 	93.2166666667 	13.0 	0.0 	0.0 	0.0 	-0.0 	13.0 	0.0 	0.0 	0.0 	0.0	1.57	160.0	-25.8064516129	
1.03333333333	0.0	0.0	0.0 	0.0 	93.4333333333 	13.0 	0.0 	0.0 	0.0 	-0.0 	13.0 	0.0 	0.0 	0.0 	0.0	1.57	160.0	-25.8064516129	
1.05	0.0	0.0	0.0 	0.0 	93.65 	13.0 	0.0 	0.0 	0.0 	-0.0 	13.0 	0.0 	0.0 	0.0 	0.0	1.57	160.0	-25.8064516129	
1.06666666667	0.0	0.0	0.0 	0.0 	93.8666666667 	13.0 	0.0 	0.0 	0.0 	-0.0 	13.0 	0.0 	0.0 	0.0 	0.0	1.57	160.0	-25.8064516129	
1.08333333333	0.0	0.0	0.0 	0.0 	94.0833333333 	13.0 	0.0 	0.0 	0.0 	-0.0 	13.0 	0.0 	0.0 	0.0 	0.0	1.57	160.0	-25.8064516129	
1.1	0.0	0.0	0.0 	0.0 	94.3 	13.0 	0.0 	0.0 	0.0 	-0.0 	13.0 	0.0 	0.0 	0.0 	0.0	1.57	160.0	-25.8064516129	
1.11666666667	0.0	0.0	0.0 	0.0 	94.5166666667 	13.0 	0.0 	0.0 	0.0 	-0.0 	13.0 	0.0 	0.0 	0.0 	0.0	1.57	160.0	-25.8064516129	
1.13333333333	0.0	0.0	0.0 	0.0 	94.7333333333 	13.0 	0.0 	0.0 	0.0 	-0.0 	13.0 	0.0 	0.0 	0.0 	0.0	1.57	160.0	-25.8064516129	
1.15	0.0	0.0	0.0 	0.0 	94.95 	13.0 	0.0 	0.0 	0.0 	-0.0 	13.0 	0.0 	0.0 	0.0 	0.0	1.57	160.0	-25.8064516129	
1.16666666667	0.0	0.0	0.0 	0.0 	95.1666666667 	13.0 	0.0 	0.0 	0.0 	-0.0 	13.0 	0.0 	0.0 	0.0 	0.0	1.57	160.0	-25.8064516129	
1.18333333333	0.0	0.0	0.0 	0.0 	95.3833333333 	13.0 	0.0 	0.0 	0.0 	-0.0 	13.0 	0.0 	0.0 	0.0 	0.0	1.57	160.0	-25.8064516129	
1.2	0.0	0.0	0.0 	0.0 	95.6 	13.0 	0.0 	0.0 	0.0 	-0.0 	13.0 	0.0 	0.0 	0.0 	0.0	1.57	160.0	-25.8064516129	
1.21666666667	0.0	0.0	0.0 	0.0 	95.8166666667 	13.0 	0.0 	0.0 	0.0 	-0.0 	13.0 	0.0 	0.0 	0.0 	0.0	1.57	160.0	-25.8064516129	
1.23333333333	0.0	0.0	0.0 	0.0 	96.0333333333 	13.0 	0.0 	0.0 	0.0 	-0.0 	13.0 	0.0 	0.0 	0.0 	0.0	1.57	160.0	-25.8064516129	
1.25	0.0	0.0	0.0 	0.0 	96.25 	13.0 	0.0 	0.0 	0.0 	-0.0 	13.0 	0.0 	0.0 	0.0 	0.0	1.57	160.0	-25.8064516129	
1.26666666667	0.0	0.0	0.0 	0.0 	96.4666666667 	13.0 	0.0 	0.0 	0.0 	-0.0 	13.0 	0.0 	0.0 	0.0 	0.0	1.57	160.0	-25.8064516129	
1.28333333333	0.0	0.0	0.0 	0.0 	96.6833333333 	13.0 	0.0 	0.0 	0.0 	-0.0 	13.0 	0.0 	0.0 	0.0 	0.0	1.57	160.0	-25.8064516129	
1.3	0.0	0.0	0.0 	0.0 	96.9 	13.0 	0.0 	0.0 	0.0 	-0.0 	13.0 	0.0 	0.0 	0.0 	0.0	1.57	160.0	-25.8064516129	
1.31666666667	0.0	0.0	0.0 	0.0 	97.1166666667 	13.0 	0.0 	0.0 	0.0 	-0.0 	13.0 	0.0 	0.0 	0.0 	0.0	1.57	160.0	-25.8064516129	
1.33333333333	0.0	0.0	0.0 	0.0 	97.3333333333 	13.0 	0.0 	0.0 	0.0 	-0.0 	13.0 	0.0 	0.0 	0.0 	0.0	1.57	160.0	-25.8064516129	
1.35	0.0	0.0	0.0 	0.0 	97.55 	13.0 	0.0 	0.0 	0.0 	-0.0 	13.0 	0.0 	0.0 	0.0 	0.0	1.57	160.0	-25.8064516129	
1.36666666667	0.0	0.0	0.0 	0.0 	97.7666666667 	13.0 	0.0 	0.0 	0.0 	-0.0 	13.0 	0.0 	0.0 	0.0 	0.0	1.57	160.0	-25.8064516129	
1.38333333333	0.0	0.0	0.0 	0.0 	97.9833333333 	13.0 	0.0 	0.0 	0.0 	-0.0 	13.0 	0.0 	0.0 	0.0 	0.0	1.57	160.0	-25.8064516129	
1.4	0.0	0.0	0.0 	0.0 	98.2 	13.0 	0.0 	0.0 	0.0 	-0.0 	13.0 	0.0 	0.0 	0.0 	0.0	1.57	160.0	-25.8064516129	
1.41666666667	0.0	0.0	0.0 	0.0 	98.4166666667 	13.0 	0.0 	0.0 	0.0 	-0.0 	13.0 	0.0 	0.0 	0.0 	0.0	1.57	160.0	-25.8064516129	
1.43333333333	0.0	0.0	0.0 	0.0 	98.6333333333 	13.0 	0.0 	0.0 	0.0 	-0.0 	13.0 	0.0 	0.0 	0.0 	0.0	1.57	160.0	-25.8064516129	
1.45	0.0	0.0	0.0 	0.0 	98.85 	13.0 	0.0 	0.0 	0.0 	-0.0 	13.0 	0.0 	0.0 	0.0 	0.0	1.57	160.0	-25.8064516129	
1.46666666667	0.0	0.0	0.0 	0.0 	99.0666666667 	13.0 	0.0 	0.0 	0.0 	-0.0 	13.0 	0.0 	0.0 	0.0 	0.0	1.57	160.0	-25.8064516129	
1.48333333333	0.0	0.0	0.0 	0.0 	99.2833333333 	13.0 	0.0 	0.0 	0.0 	-0.0 	13.0 	0.0 	0.0 	0.0 	0.0	1.57	160.0	-25.8064516129	
1.5	0.0	0.0	0.0 	0.0 	99.5 	13.0 	0.0 	0.0 	0.0 	-0.0 	13.0 	0.0 	0.0 	0.0 	0.0	1.57	160.0	-25.8064516129	
1.51666666667	0.0	0.0	0.0 	0.0 	99.7166666667 	13.0 	0.0 	0.0 	0.0 	-0.0 	13.0 	0.0 	0.0 	0.0 	0.0	1.57	160.0	-25.8064516129	
1.53333333333	0.0	0.0	0.0 	0.0 	99.9333333333 	13.0 	0.0 	0.0 	0.0 	-0.0 	13.0 	0.0 	0.0 	0.0 	0.0	1.57	160.0	-25.8064516129	
1.55	0.0	0.0	0.0 	0.0 	100.15 	13.0 	0.0 	0.0 	0.0 	-0.0 	13.0 	0.0 	0.0 	0.0 	0.0750688705234	1.57	160.001251147	-25.8064506166	
1.56666666667	0.0	0.0	0.0 	0.0 	100.366666667 	13.0 	0.0 	0.0 	0.0 	-0.0 	13.0 	0.0 	0.0 	0.0 	0.149817199038	1.57	160.0037481	-25.8064486282	
1.58333333333	0.0	0.0	0.0 	0.0 	100.583333333 	13.0 	0.0 	0.0 	0.0 	-0.0 	13.0 	0.0 	0.0 	0.0 	0.224246354248	1.57	160.007485538	-25.806445652	
1.6	0.0	0.0	0.0 	0.0 	100.8 	13.0 	0.0 	0.0 	0.0 	-0.0 	13.0 	0.0 	0.0 	0.0 	0.298357699017	1.57	160.012458165	-25.8064416921	
1.61666666667	0.0	0.0	0.0 	0.0 	101.016666667 	13.0 	0.0 	0.0 	0.0 	-0.0 	13.0 	0.0 	0.0 	0.0 	0.372152590385	1.57	160.018660706	-25.8064367529	
1.63333333333	0.0	0.0	0.0 	0.0 	101.233333333 	13.0 	0.0 	0.0 	0.0 	-0.0 	13.0 	0.0 	0.0 	0.0 	0.445632379599	1.57	160.02608791	-25.8064308384	
1.65	0.0	0.0	0.0 	0.0 	101.45 	13.0 	0.0 	0.0 	0.0 	-0.0 	13.0 	0.0 	0.0 	0.0 	0.518798412138	1.57	160.034734547	-25.8064239528	
1.66666666667	0.0	0.0	0.0 	0.0 	101.666666667 	13.0 	0.0 	0.0 	0.0 	-0.0 	13.0 	0.0 	0.0 	0.0 	0.591652027734	1.57	160.044595411	-25.8064161004	
1.68333333333	0.0	0.0	0.0 	0.0 	101.883333333 	13.0 	0.0 	0.0 	0.0 	-0.0 	13.0 	0.0 	0.0 	0.0 	0.664194560398	1.57	160.055665317	-25.8064072851	
1.7	0.0	0.0	0.0 	0.0 	102.1 	13.0 	0.0 	0.0 	0.0 	-0.0 	13.0 	0.0 	0.0 	0.0 	0.736427338446	1.57	160.067939102	-25.8063975112	
1.71666666667	0.0	0.0	0.0 	0.0 	102.316666667 	13.0 	0.0 	0.0 	0.0 	-0.0 	13.0 	0.0 	0.0 	0.0 	0.808351684521	1.57	160.081411626	-25.8063867826	
1.73333333333	0.0	0.0	0.0 	0.0 	102.533333333 	13.0 	0.0 	0.0 	0.0 	-0.0 	13.0 	0.0 	0.0 	0.0 	0.87996891562	1.57	160.09607777	-25.8063751036	
1.75	0.0	0.0	0.0 	0.0 	102.75 	13.0 	0.0 	0.0 	0.0 	-0.0 	13.0 	0.0 	0.0 	0.0 	0.951280343115	1.57	160.111932437	-25.8063624781	
1.76666666667	0.0	0.0	0.0 	0.0 	102.966666667 	13.0 	0.0 	0.0 	0.0 	-0.0 	13.0 	0.0 	0.0 	0.0 	1.02228727278	1.57	160.128970553	-25.8063489102	
1.78333333333	0.0	0.0	0.0 	0.0 	103.183333333 	13.0 	0.0 	0.0 	0.0 	-0.0 	13.0 	0.0 	0.0 	0.0 	1.09299100481	1.57	160.147187064	-25.8063344039	
1.8	0.0	0.0	0.0 	0.0 	103.4 	13.0 	0.0 	0.0 	0.0 	-0.0 	13.0 	0.0 	0.0 	0.0 	1.16339283385	1.57	160.166576939	-25.8063189632	
1.81666666667	0.0	0.0	0.0 	0.0 	103.616666667 	13.0 	0.0 	0.0 	0.0 	-0.0 	13.0 	0.0 	0.0 	0.0 	1.23349404903	1.57	160.187135166	-25.8063025921	
1.83333333333	0.0	0.0	0.0 	0.0 	103.833333333 	13.0 	0.0 	0.0 	0.0 	-0.0 	13.0 	0.0 	0.0 	0.0 	1.30329593394	1.57	160.208856758	-25.8062852946	
1.85	0.0	0.0	0.0 	0.0 	104.05 	13.0 	0.0 	0.0 	0.0 	-0.0 	13.0 	0.0 	0.0 	0.0 	1.37279976673	1.57	160.231736747	-25.8062670747	
1.86666666667	0.0	0.0	0.0 	0.0 	104.266666667 	13.0 	0.0 	0.0 	0.0 	-0.0 	13.0 	0.0 	0.0 	0.0 	1.44200682007	1.57	160.255770187	-25.8062479362	
1.88333333333	0.0	0.0	0.0 	0.0 	104.483333333 	13.0 	0.0 	0.0 	0.0 	-0.0 	13.0 	0.0 	0.0 	0.0 	1.51091836119	1.57	160.280952151	-25.8062278831	
1.9	0.0	0.0	0.0 	0.0 	104.7 	13.0 	0.0 	0.0 	0.0 	-0.0 	13.0 	0.0 	0.0 	0.0 	1.57953565194	1.57	160.307277737	-25.8062069194	
1.91666666667	0.0	0.0	0.0 	0.0 	104.916666667 	13.0 	0.0 	0.0 	0.0 	-0.0 	13.0 	0.0 	0.0 	0.0 	1.64785994874	1.57	160.334742061	-25.8061850488	
1.93333333333	0.0	0.0	0.0 	0.0 	105.133333333 	13.0 	0.0 	0.0 	0.0 	-0.0 	13.0 	0.0 	0.0 	0.0 	1.71589250268	1.57	160.36334026	-25.8061622753	
1.95	0.0	0.0	0.0 	0.0 	105.35 	13.0 	0.0 	0.0 	0.0 	-0.0 	13.0 	0.0 	0.0 	0.0 	1.78363455949	1.57	160.393067493	-25.8061386027	
1.96666666667	0.0	0.0	0.0 	0.0 	105.566666667 	13.0 	0.0 	0.0 	0.0 	-0.0 	13.0 	0.0 	0.0 	0.0 	1.85108735958	1.57	160.42391894	-25.8061140348	
1.98333333333	0.0	0.0	0.0 	0.0 	105.783333333 	13.0 	0.0 	0.0 	0.0 	-0.0 	13.0 	0.0 	0.0 	0.0 	1.91825213807	1.57	160.455889798	-25.8060885756	
2.0	0.0	0.0	0.0 	0.0 	106.0 	13.0 	0.0 	0.0 	0.0 	-0.0 	13.0 	0.0 	0.0 	0.0 	1.98513012481	1.57	160.48897529	-25.8060622287	
2.01666666667	0.0	0.0	0.0 	0.0 	106.216666667 	13.0 	0.0 	0.0 	0.0 	-0.0 	13.0 	0.0 	0.0 	0.0 	2.05172254438	1.57	160.523170655	-25.806034998	
2.03333333333	0.0	0.0	0.0 	0.0 	106.433333333 	13.0 	0.0 	0.0 	0.0 	-0.0 	13.0 	0.0 	0.0 	0.0 	2.11803061616	1.57	160.558471154	-25.8060068873	
2.05	0.0	0.0	0.0 	0.0 	106.65 	13.0 	0.0 	0.0 	0.0 	-0.0 	13.0 	0.0 	0.0 	0.0 	2.1840555543	1.57	160.594872068	-25.8059779002	
2.06666666667	0.0	0.0	0.0 	0.0 	106.866666667 	13.0 	0.0 	0.0 	0.0 	-0.0 	13.0 	0.0 	0.0 	0.0 	2.24979856778	1.57	160.632368699	-25.8059480407	
2.08333333333	0.0	0.0	0.0 	0.0 	107.083333333 	13.0 	0.0 	0.0 	0.0 	-0.0 	13.0 	0.0 	0.0 	0.0 	2.31526086039	1.57	160.670956368	-25.8059173123	
2.1	0.0	0.0	0.0 	0.0 	107.3 	13.0 	0.0 	0.0 	0.0 	-0.0 	13.0 	0.0 	0.0 	0.0 	2.38044363083	1.57	160.710630416	-25.8058857187	
2.11666666667	0.0	0.0	0.0 	0.0 	107.516666667 	13.0 	0.0 	0.0 	0.0 	-0.0 	13.0 	0.0 	0.0 	0.0 	2.44534807262	1.57	160.751386204	-25.8058532638	
2.13333333333	0.0	0.0	0.0 	0.0 	107.733333333 	13.0 	0.0 	0.0 	0.0 	-0.0 	13.0 	0.0 	0.0 	0.0 	2.50997537424	1.57	160.793219114	-25.8058199511	
2.15	0.0	0.0	0.0 	0.0 	107.95 	13.0 	0.0 	0.0 	0.0 	-0.0 	13.0 	0.0 	0.0 	0.0 	2.57432671906	1.57	160.836124546	-25.8057857844	
2.16666666667	0.0	0.0	0.0 	0.0 	108.166666667 	13.0 	0.0 	0.0 	0.0 	-0.0 	13.0 	0.0 	0.0 	0.0 	2.63840328541	1.57	160.88009792	-25.8057507672	
2.18333333333	0.0	0.0	0.0 	0.0 	108.383333333 	13.0 	0.0 	0.0 	0.0 	-0.0 	13.0 	0.0 	0.0 	0.0 	2.70220624659	1.57	160.925134676	-25.8057149032	
2.2	0.0	0.0	0.0 	0.0 	108.6 	13.0 	0.0 	0.0 	0.0 	-0.0 	13.0 	0.0 	0.0 	0.0 	2.76573677088	1.57	160.971230274	-25.805678196	
2.21666666667	0.0	0.0	0.0 	0.0 	108.816666667 	13.0 	0.0 	0.0 	0.0 	-0.0 	13.0 	0.0 	0.0 	0.0 	2.82899602158	1.57	161.018380193	-25.8056406493	
2.23333333333	0.0	0.0	0.0 	0.0 	109.033333333 	13.0 	0.0 	0.0 	0.0 	-0.0 	13.0 	0.0 	0.0 	0.0 	2.89198515703	1.57	161.066579931	-25.8056022665	
2.25	0.0	0.0	0.0 	0.0 	109.25 	13.0 	0.0 	0.0 	0.0 	-0.0 	13.0 	0.0 	0.0 	0.0 	2.9547053306	1.57	161.115825004	-25.8055630514	
2.26666666667	0.0	0.0	0.0 	0.0 	109.466666667 	13.0 	0.0 	0.0 	0.0 	-0.0 	13.0 	0.0 	0.0 	0.0 	3.01715769076	1.57	161.166110949	-25.8055230073	
2.28333333333	0.0	0.0	0.0 	0.0 	109.683333333 	13.0 	0.0 	0.0 	0.0 	-0.0 	13.0 	0.0 	0.0 	0.0 	3.07934338106	1.57	161.217433323	-25.8054821379	
2.3	0.0	0.0	0.0 	0.0 	109.9 	13.0 	0.0 	0.0 	0.0 	-0.0 	13.0 	0.0 	0.0 	0.0 	3.14126354018	1.57	161.269787698	-25.8054404467	
2.31666666667	0.0	0.0	0.0 	0.0 	110.116666667 	13.0 	0.0 	0.0 	0.0 	-0.0 	13.0 	0.0 	0.0 	0.0 	3.20291930192	1.57	161.32316967	-25.8053979372	
2.33333333333	0.0	0.0	0.0 	0.0 	110.333333333 	13.0 	0.0 	0.0 	0.0 	-0.0 	13.0 	0.0 	0.0 	0.0 	3.26431179526	1.57	161.377574849	-25.8053546129	
2.35	0.0	0.0	0.0 	0.0 	110.55 	13.0 	0.0 	0.0 	0.0 	-0.0 	13.0 	0.0 	0.0 	0.0 	3.32544214434	1.57	161.432998867	-25.8053104773	
2.36666666667	0.0	0.0	0.0 	0.0 	110.766666667 	13.0 	0.0 	0.0 	0.0 	-0.0 	13.0 	0.0 	0.0 	0.0 	3.38631146852	1.57	161.489437374	-25.8052655338	
2.38333333333	0.0	0.0	0.0 	0.0 	110.983333333 	13.0 	0.0 	0.0 	0.0 	-0.0 	13.0 	0.0 	0.0 	0.0 	3.44692088236	1.57	161.546886037	-25.8052197858	
2.4	0.0	0.0	0.0 	0.0 	111.2 	13.0 	0.0 	0.0 	0.0 	-0.0 	13.0 	0.0 	0.0 	0.0 	3.50727149567	1.57	161.605340544	-25.8051732369	
2.41666666667	0.0	0.0	0.0 	0.0 	111.416666667 	13.0 	0.0 	0.0 	0.0 	-0.0 	13.0 	0.0 	0.0 	0.0 	3.56736441353	1.57	161.664796598	-25.8051258905	
2.43333333333	0.0	0.0	0.0 	0.0 	111.633333333 	13.0 	0.0 	0.0 	0.0 	-0.0 	13.0 	0.0 	0.0 	0.0 	3.62720073628	1.57	161.725249925	-25.8050777499	
2.45	0.0	0.0	0.0 	0.0 	111.85 	13.0 	0.0 	0.0 	0.0 	-0.0 	13.0 	0.0 	0.0 	0.0 	3.68678155958	1.57	161.786696265	-25.8050288185	
2.46666666667	0.0	0.0	0.0 	0.0 	112.066666667 	13.0 	0.0 	0.0 	0.0 	-0.0 	13.0 	0.0 	0.0 	0.0 	3.74610797441	1.57	161.849131378	-25.8049790997	
2.48333333333	0.0	0.0	0.0 	0.0 	112.283333333 	13.0 	0.0 	0.0 	0.0 	-0.0 	13.0 	0.0 	0.0 	0.0 	3.80518106708	1.57	161.912551042	-25.8049285969	
2.5	0.0	0.0	0.0 	0.0 	112.5 	13.0 	0.0 	0.0 	0.0 	-0.0 	13.0 	0.0 	0.0 	0.0 	3.86400191927	1.57	161.976951054	-25.8048773135	
2.51666666667	0.0	0.0	0.0 	0.0 	112.716666667 	13.0 	0.0 	0.0 	0.0 	-0.0 	13.0 	0.0 	0.0 	0.0 	3.92257160805	1.57	162.042327226	-25.8048252527	
2.53333333333	0.0	0.0	0.0 	0.0 	112.933333333 	13.0 	0.0 	0.0 	0.0 	-0.0 	13.0 	0.0 	0.0 	0.0 	3.98089120587	1.57	162.108675392	-25.8047724178	
2.55	0.0	0.0	0.0 	0.0 	113.15 	13.0 	0.0 	0.0 	0.0 	-0.0 	13.0 	0.0 	0.0 	0.0 	4.03896178061	1.57	162.1759914	-25.8047188123	
2.56666666667	0.0	0.0	0.0 	0.0 	113.366666667 	13.0 	0.0 	0.0 	0.0 	-0.0 	13.0 	0.0 	0.0 	0.0 	4.09678439559	1.57	162.244271119	-25.8046644393	
2.58333333333	0.0	0.0	0.0 	0.0 	113.583333333 	13.0 	0.0 	0.0 	0.0 	-0.0 	13.0 	0.0 	0.0 	0.0 	4.15436010961	1.57	162.313510432	-25.8046093022	
2.6	0.0	0.0	0.0 	0.0 	113.8 	13.0 	0.0 	0.0 	0.0 	-0.0 	13.0 	0.0 	0.0 	0.0 	4.21168997691	1.57	162.383705243	-25.8045534041	
2.61666666667	0.0	0.0	0.0 	0.0 	114.016666667 	13.0 	0.0 	0.0 	0.0 	-0.0 	13.0 	0.0 	0.0 	0.0 	4.26877504725	1.57	162.454851471	-25.8044967485	
2.63333333333	0.0	0.0	0.0 	0.0 	114.233333333 	13.0 	0.0 	0.0 	0.0 	-0.0 	13.0 	0.0 	0.0 	0.0 	4.32561636592	1.57	162.526945054	-25.8044393384	
2.65	0.0	0.0	0.0 	0.0 	114.45 	13.0 	0.0 	0.0 	0.0 	-0.0 	13.0 	0.0 	0.0 	0.0 	4.38221497373	1.57	162.599981947	-25.8043811772	
2.66666666667	0.0	0.0	0.0 	0.0 	114.666666667 	13.0 	0.0 	0.0 	0.0 	-0.0 	13.0 	0.0 	0.0 	0.0 	4.43857190703	1.57	162.673958122	-25.804322268	
2.68333333333	0.0	0.0	0.0 	0.0 	114.883333333 	13.0 	0.0 	0.0 	0.0 	-0.0 	13.0 	0.0 	0.0 	0.0 	4.49468819779	1.57	162.748869568	-25.8042626139	
2.7	0.0	0.0	0.0 	0.0 	115.1 	13.0 	0.0 	0.0 	0.0 	-0.0 	13.0 	0.0 	0.0 	0.0 	4.55056487353	1.57	162.824712292	-25.8042022183	
2.71666666667	0.0	0.0	0.0 	0.0 	115.316666667 	13.0 	0.0 	0.0 	0.0 	-0.0 	13.0 	0.0 	0.0 	0.0 	4.6062029574	1.57	162.901482317	-25.8041410843	
2.73333333333	0.0	0.0	0.0 	0.0 	115.533333333 	13.0 	0.0 	0.0 	0.0 	-0.0 	13.0 	0.0 	0.0 	0.0 	4.66160346819	1.57	162.979175684	-25.804079215	
2.75	0.0	0.0	0.0 	0.0 	115.75 	13.0 	0.0 	0.0 	0.0 	-0.0 	13.0 	0.0 	0.0 	0.0 	4.71676742032	1.57	163.057788449	-25.8040166135	
2.76666666667	0.0	0.0	0.0 	0.0 	115.966666667 	13.0 	0.0 	0.0 	0.0 	-0.0 	13.0 	0.0 	0.0 	0.0 	4.7716958239	1.57	163.137316688	-25.803953283	
2.78333333333	0.0	0.0	0.0 	0.0 	116.183333333 	13.0 	0.0 	0.0 	0.0 	-0.0 	13.0 	0.0 	0.0 	0.0 	4.82638968471	1.57	163.21775649	-25.8038892266	
2.8	0.0	0.0	0.0 	0.0 	116.4 	13.0 	0.0 	0.0 	0.0 	-0.0 	13.0 	0.0 	0.0 	0.0 	4.88085000424	1.57	163.299103964	-25.8038244475	
2.81666666667	0.0	0.0	0.0 	0.0 	116.616666667 	13.0 	0.0 	0.0 	0.0 	-0.0 	13.0 	0.0 	0.0 	0.0 	4.9350777797	1.57	163.381355235	-25.8037589486	
2.83333333333	0.0	0.0	0.0 	0.0 	116.833333333 	13.0 	0.0 	0.0 	0.0 	-0.0 	13.0 	0.0 	0.0 	0.0 	4.98907400406	1.57	163.464506442	-25.803692733	
2.85	0.0	0.0	0.0 	0.0 	117.05 	13.0 	0.0 	0.0 	0.0 	-0.0 	13.0 	0.0 	0.0 	0.0 	5.04283966602	1.57	163.548553743	-25.8036258039	
2.86666666667	0.0	0.0	0.0 	0.0 	117.266666667 	13.0 	0.0 	0.0 	0.0 	-0.0 	13.0 	0.0 	0.0 	0.0 	5.09637575009	1.57	163.633493312	-25.8035581642	
2.88333333333	0.0	0.0	0.0 	0.0 	117.483333333 	13.0 	0.0 	0.0 	0.0 	-0.0 	13.0 	0.0 	0.0 	0.0 	5.14968323656	1.57	163.719321338	-25.803489817	
2.9	0.0	0.0	0.0 	0.0 	117.7 	13.0 	0.0 	0.0 	0.0 	-0.0 	13.0 	0.0 	0.0 	0.0 	5.20276310153	1.57	163.806034029	-25.8034207654	
2.91666666667	0.0	0.0	0.0 	0.0 	117.916666667 	13.0 	0.0 	0.0 	0.0 	-0.0 	13.0 	0.0 	0.0 	0.0 	5.25561631693	1.57	163.893627607	-25.8033510123	
2.93333333333	0.0	0.0	0.0 	0.0 	118.133333333 	13.0 	0.0 	0.0 	0.0 	-0.0 	13.0 	0.0 	0.0 	0.0 	5.30824385057	1.57	163.98209831	-25.8032805606	
2.95	0.0	0.0	0.0 	0.0 	118.35 	13.0 	0.0 	0.0 	0.0 	-0.0 	13.0 	0.0 	0.0 	0.0 	5.36064666608	1.57	164.071442392	-25.8032094135	
2.96666666667	0.0	0.0	0.0 	0.0 	118.566666667 	13.0 	0.0 	0.0 	0.0 	-0.0 	13.0 	0.0 	0.0 	0.0 	5.41282572302	1.57	164.161656126	-25.8031375739	
2.98333333333	0.0	0.0	0.0 	0.0 	118.783333333 	13.0 	0.0 	0.0 	0.0 	-0.0 	13.0 	0.0 	0.0 	0.0 	5.46478197682	1.57	164.252735797	-25.8030650447	
3.0	0.0	0.0	0.0 	0.0 	119.0 	13.0 	0.0 	0.0 	0.0 	-0.0 	13.0 	0.0 	0.0 	0.0 	5.51651637884	1.57	164.344677707	-25.8029918289	
3.01666666667	0.0	0.0	0.0 	0.0 	119.216666667 	13.0 	0.0 	0.0 	0.0 	-0.0 	13.0 	0.0 	0.0 	0.0 	5.5680298764	1.57	164.437478176	-25.8029179294	
3.03333333333	0.0	0.0	0.0 	0.0 	119.433333333 	13.0 	0.0 	0.0 	0.0 	-0.0 	13.0 	0.0 	0.0 	0.0 	5.61932341274	1.57	164.531133536	-25.8028433491	
3.05	0.0	0.0	0.0 	0.0 	119.65 	13.0 	0.0 	0.0 	0.0 	-0.0 	13.0 	0.0 	0.0 	0.0 	5.67039792709	1.57	164.625640138	-25.8027680909	
3.06666666667	0.0	0.0	0.0 	0.0 	119.866666667 	13.0 	0.0 	0.0 	0.0 	-0.0 	13.0 	0.0 	0.0 	0.0 	5.72125435468	1.57	164.720994347	-25.8026921578	
3.08333333333	0.0	0.0	0.0 	0.0 	120.083333333 	13.0 	0.0 	0.0 	0.0 	-0.0 	13.0 	0.0 	0.0 	0.0 	5.77189362672	1.57	164.817192544	-25.8026155526	
3.1	0.0	0.0	0.0 	0.0 	120.3 	13.0 	0.0 	0.0 	0.0 	-0.0 	13.0 	0.0 	0.0 	0.0 	5.82231667046	1.57	164.914231124	-25.8025382782	
3.11666666667	0.0	0.0	0.0 	0.0 	120.516666667 	13.0 	0.0 	0.0 	0.0 	-0.0 	13.0 	0.0 	0.0 	0.0 	5.87252440919	1.57	165.0121065	-25.8024603374	
3.13333333333	0.0	0.0	0.0 	0.0 	120.733333333 	13.0 	0.0 	0.0 	0.0 	-0.0 	13.0 	0.0 	0.0 	0.0 	5.92251776227	1.57	165.110815098	-25.802381733	
3.15	0.0	0.0	0.0 	0.0 	120.95 	13.0 	0.0 	0.0 	0.0 	-0.0 	13.0 	0.0 	0.0 	0.0 	5.9722976451	1.57	165.210353361	-25.802302468	
3.16666666667	0.0	0.0	0.0 	0.0 	121.166666667 	13.0 	0.0 	0.0 	0.0 	-0.0 	13.0 	0.0 	0.0 	0.0 	6.02186496921	1.57	165.310717745	-25.8022225452	
3.18333333333	0.0	0.0	0.0 	0.0 	121.383333333 	13.0 	0.0 	0.0 	0.0 	-0.0 	13.0 	0.0 	0.0 	0.0 	6.0712206422	1.57	165.411904724	-25.8021419672	
3.2	0.0	0.0	0.0 	0.0 	121.6 	13.0 	0.0 	0.0 	0.0 	-0.0 	13.0 	0.0 	0.0 	0.0 	6.12036556784	1.57	165.513910784	-25.8020607371	
3.21666666667	0.0	0.0	0.0 	0.0 	121.816666667 	13.0 	0.0 	0.0 	0.0 	-0.0 	13.0 	0.0 	0.0 	0.0 	6.16930064599	1.57	165.616732429	-25.8019788574	
3.23333333333	0.0	0.0	0.0 	0.0 	122.033333333 	13.0 	0.0 	0.0 	0.0 	-0.0 	13.0 	0.0 	0.0 	0.0 	6.21802677271	1.57	165.720366176	-25.8018963311	
3.25	0.0	0.0	0.0 	0.0 	122.25 	13.0 	0.0 	0.0 	0.0 	-0.0 	13.0 	0.0 	0.0 	0.0 	6.26654484021	1.57	165.824808556	-25.8018131608	
3.26666666667	0.0	0.0	0.0 	0.0 	122.466666667 	13.0 	0.0 	0.0 	0.0 	-0.0 	13.0 	0.0 	0.0 	0.0 	6.31485573689	1.57	165.930056119	-25.8017293493	
3.28333333333	0.0	0.0	0.0 	0.0 	122.683333333 	13.0 	0.0 	0.0 	0.0 	-0.0 	13.0 	0.0 	0.0 	0.0 	6.36296034738	1.57	166.036105424	-25.8016448994	
3.3	0.0	0.0	0.0 	0.0 	122.9 	13.0 	0.0 	0.0 	0.0 	-0.0 	13.0 	0.0 	0.0 	0.0 	6.41085955251	1.57	166.14295305	-25.8015598138	
3.31666666667	0.0	0.0	0.0 	0.0 	123.116666667 	13.0 	0.0 	0.0 	0.0 	-0.0 	13.0 	0.0 	0.0 	0.0 	6.45855422935	1.57	166.250595586	-25.8014740951	
3.33333333333	0.0	0.0	0.0 	0.0 	123.333333333 	13.0 	0.0 	0.0 	0.0 	-0.0 	13.0 	0.0 	0.0 	0.0 	6.50604525124	1.57	166.359029639	-25.8013877461	
3.35	0.0	0.0	0.0 	0.0 	123.55 	13.0 	0.0 	0.0 	0.0 	-0.0 	13.0 	0.0 	0.0 	0.0 	6.55333348777	1.57	166.468251829	-25.8013007696	
3.36666666667	0.0	0.0	0.0 	0.0 	123.766666667 	13.0 	0.0 	0.0 	0.0 	-0.0 	13.0 	0.0 	0.0 	0.0 	6.60041980483	1.57	166.578258791	-25.8012131681	
3.38333333333	0.0	0.0	0.0 	0.0 	123.983333333 	13.0 	0.0 	0.0 	0.0 	-0.0 	13.0 	0.0 	0.0 	0.0 	6.64730506462	1.57	166.689047174	-25.8011249443	
3.4	0.0	0.0	0.0 	0.0 	124.2 	13.0 	0.0 	0.0 	0.0 	-0.0 	13.0 	0.0 	0.0 	0.0 	6.69399012564	1.57	166.80061364	-25.8010361009	
3.41666666667	0.0	0.0	0.0 	0.0 	124.416666667 	13.0 	0.0 	0.0 	0.0 	-0.0 	13.0 	0.0 	0.0 	0.0 	6.74047584273	1.57	166.912954869	-25.8009466405	
3.43333333333	0.0	0.0	0.0 	0.0 	124.633333333 	13.0 	0.0 	0.0 	0.0 	-0.0 	13.0 	0.0 	0.0 	0.0 	6.7867630671	1.57	167.026067551	-25.8008565659	
3.45	0.0	0.0	0.0 	0.0 	124.85 	13.0 	0.0 	0.0 	0.0 	-0.0 	13.0 	0.0 	0.0 	0.0 	6.83285264629	1.57	167.139948392	-25.8007658795	
3.46666666667	0.0	0.0	0.0 	0.0 	125.066666667 	13.0 	0.0 	0.0 	0.0 	-0.0 	13.0 	0.0 	0.0 	0.0 	6.87874542424	1.57	167.254594113	-25.800674584	
3.48333333333	0.0	0.0	0.0 	0.0 	125.283333333 	13.0 	0.0 	0.0 	0.0 	-0.0 	13.0 	0.0 	0.0 	0.0 	6.9244422413	1.57	167.370001447	-25.800582682	
3.5	0.0	0.0	0.0 	0.0 	125.5 	13.0 	0.0 	0.0 	0.0 	-0.0 	13.0 	0.0 	0.0 	0.0 	6.96994393421	1.57	167.486167142	-25.8004901762	
3.51666666667	0.0	0.0	0.0 	0.0 	125.716666667 	13.0 	0.0 	0.0 	0.0 	-0.0 	13.0 	0.0 	0.0 	0.0 	7.01525133615	1.57	167.603087961	-25.800397069	
3.53333333333	0.0	0.0	0.0 	0.0 	125.933333333 	13.0 	0.0 	0.0 	0.0 	-0.0 	13.0 	0.0 	0.0 	0.0 	7.06036527672	1.57	167.720760678	-25.800303363	
3.55	0.0	0.0	0.0 	0.0 	126.15 	13.0 	0.0 	0.0 	0.0 	-0.0 	13.0 	0.0 	0.0 	0.0 	7.10528658201	1.57	167.839182084	-25.8002090608	
3.56666666667	0.0	0.0	0.0 	0.0 	126.366666667 	13.0 	0.0 	0.0 	0.0 	-0.0 	13.0 	0.0 	0.0 	0.0 	7.15001607457	1.57	167.95834898	-25.800114165	
3.58333333333	0.0	0.0	0.0 	0.0 	126.583333333 	13.0 	0.0 	0.0 	0.0 	-0.0 	13.0 	0.0 	0.0 	0.0 	7.19455457342	1.57	168.078258185	-25.8000186781	
3.6	0.0	0.0	0.0 	0.0 	126.8 	13.0 	0.0 	0.0 	0.0 	-0.0 	13.0 	0.0 	0.0 	0.0 	7.23890289412	1.57	168.198906529	-25.7999226026	
3.61666666667	0.0	0.0	0.0 	0.0 	127.016666667 	13.0 	0.0 	0.0 	0.0 	-0.0 	13.0 	0.0 	0.0 	0.0 	7.2830618487	1.57	168.320290854	-25.799825941	
3.63333333333	0.0	0.0	0.0 	0.0 	127.233333333 	13.0 	0.0 	0.0 	0.0 	-0.0 	13.0 	0.0 	0.0 	0.0 	7.32703224577	1.57	168.44240802	-25.7997286958	
3.65	0.0	0.0	0.0 	0.0 	127.45 	13.0 	0.0 	0.0 	0.0 	-0.0 	13.0 	0.0 	0.0 	0.0 	7.37081489045	1.57	168.565254896	-25.7996308695	
3.66666666667	0.0	0.0	0.0 	0.0 	127.666666667 	13.0 	0.0 	0.0 	0.0 	-0.0 	13.0 	0.0 	0.0 	0.0 	7.41441058444	1.57	168.688828366	-25.7995324646	
3.68333333333	0.0	0.0	0.0 	0.0 	127.883333333 	13.0 	0.0 	0.0 	0.0 	-0.0 	13.0 	0.0 	0.0 	0.0 	7.45782012602	1.57	168.813125329	-25.7994334836	
3.7	0.0	0.0	0.0 	0.0 	128.1 	13.0 	0.0 	0.0 	0.0 	-0.0 	13.0 	0.0 	0.0 	0.0 	7.50104431006	1.57	168.938142694	-25.7993339289	
3.71666666667	0.0	0.0	0.0 	0.0 	128.316666667 	13.0 	0.0 	0.0 	0.0 	-0.0 	13.0 	0.0 	0.0 	0.0 	7.54408392802	1.57	169.063877387	-25.7992338029	
3.73333333333	0.0	0.0	0.0 	0.0 	128.533333333 	13.0 	0.0 	0.0 	0.0 	-0.0 	13.0 	0.0 	0.0 	0.0 	7.58693976799	1.57	169.190326343	-25.7991331082	
3.75	0.0	0.0	0.0 	0.0 	128.75 	13.0 	0.0 	0.0 	0.0 	-0.0 	13.0 	0.0 	0.0 	0.0 	7.62961261471	1.57	169.317486513	-25.7990318472	
3.76666666667	0.0	0.0	0.0 	0.0 	128.966666667 	13.0 	0.0 	0.0 	0.0 	-0.0 	13.0 	0.0 	0.0 	0.0 	7.67210324955	1.57	169.445354859	-25.7989300222	
3.78333333333	0.0	0.0	0.0 	0.0 	129.183333333 	13.0 	0.0 	0.0 	0.0 	-0.0 	13.0 	0.0 	0.0 	0.0 	7.71441245056	1.57	169.57392836	-25.7988276356	
3.8	0.0	0.0	0.0 	0.0 	129.4 	13.0 	0.0 	0.0 	0.0 	-0.0 	13.0 	0.0 	0.0 	0.0 	7.75654099243	1.57	169.703204002	-25.7987246899	
3.81666666667	0.0	0.0	0.0 	0.0 	129.616666667 	13.0 	0.0 	0.0 	0.0 	-0.0 	13.0 	0.0 	0.0 	0.0 	7.7984896466	1.57	169.833178788	-25.7986211875	
3.83333333333	0.0	0.0	0.0 	0.0 	129.833333333 	13.0 	0.0 	0.0 	0.0 	-0.0 	13.0 	0.0 	0.0 	0.0 	7.84025918116	1.57	169.963849733	-25.7985171307	
3.85	0.0	0.0	0.0 	0.0 	130.05 	13.0 	0.0 	0.0 	0.0 	-0.0 	13.0 	0.0 	0.0 	0.0 	7.88185036097	1.57	170.095213864	-25.7984125219	
3.86666666667	0.0	0.0	0.0 	0.0 	130.266666667 	13.0 	0.0 	0.0 	0.0 	-0.0 	13.0 	0.0 	0.0 	0.0 	7.92326394758	1.57	170.227268221	-25.7983073635	
3.88333333333	0.0	0.0	0.0 	0.0 	130.483333333 	13.0 	0.0 	0.0 	0.0 	-0.0 	13.0 	0.0 	0.0 	0.0 	7.96450069932	1.57	170.360009857	-25.7982016577	
3.9	0.0	0.0	0.0 	0.0 	130.7 	13.0 	0.0 	0.0 	0.0 	-0.0 	13.0 	0.0 	0.0 	0.0 	8.00556137127	1.57	170.493435838	-25.798095407	
3.91666666667	0.0	0.0	0.0 	0.0 	130.916666667 	13.0 	0.0 	0.0 	0.0 	-0.0 	13.0 	0.0 	0.0 	0.0 	8.04644671527	1.57	170.627543241	-25.7979886137	
3.93333333333	0.0	0.0	0.0 	0.0 	131.133333333 	13.0 	0.0 	0.0 	0.0 	-0.0 	13.0 	0.0 	0.0 	0.0 	8.08715747999	1.57	170.762329156	-25.79788128	
3.95	0.0	0.0	0.0 	0.0 	131.35 	13.0 	0.0 	0.0 	0.0 	-0.0 	13.0 	0.0 	0.0 	0.0 	8.12769441086	1.57	170.897790687	-25.7977734083	
3.96666666667	0.0	0.0	0.0 	0.0 	131.566666667 	13.0 	0.0 	0.0 	0.0 	-0.0 	13.0 	0.0 	0.0 	0.0 	8.16805825015	1.57	171.033924948	-25.797665001	
3.98333333333	0.0	0.0	0.0 	0.0 	131.783333333 	13.0 	0.0 	0.0 	0.0 	-0.0 	13.0 	0.0 	0.0 	0.0 	8.20824973696	1.57	171.170729066	-25.7975560601	
4.0	0.0	0.0	0.0 	0.0 	132.0 	13.0 	0.0 	0.0 	0.0 	-0.0 	13.0 	0.0 	0.0 	0.0 	8.24826960723	1.57	171.308200183	-25.7974465882	
4.01666666667	0.0	0.0	0.0 	0.0 	132.216666667 	13.0 	0.0 	0.0 	0.0 	-0.0 	13.0 	0.0 	0.0 	0.0 	8.28811859376	1.57	171.446335449	-25.7973365874	
4.03333333333	0.0	0.0	0.0 	0.0 	132.433333333 	13.0 	0.0 	0.0 	0.0 	-0.0 	13.0 	0.0 	0.0 	0.0 	8.32779742621	1.57	171.585132029	-25.7972260599	
4.05	0.0	0.0	0.0 	0.0 	132.65 	13.0 	0.0 	0.0 	0.0 	-0.0 	13.0 	0.0 	0.0 	0.0 	8.36730683114	1.57	171.724587098	-25.7971150081	
4.06666666667	0.0	0.0	0.0 	0.0 	132.866666667 	13.0 	0.0 	0.0 	0.0 	-0.0 	13.0 	0.0 	0.0 	0.0 	8.406647532	1.57	171.864697846	-25.7970034341	
4.08333333333	0.0	0.0	0.0 	0.0 	133.083333333 	13.0 	0.0 	0.0 	0.0 	-0.0 	13.0 	0.0 	0.0 	0.0 	8.44582024915	1.57	172.005461472	-25.7968913402	
4.1	0.0	0.0	0.0 	0.0 	133.3 	13.0 	0.0 	0.0 	0.0 	-0.0 	13.0 	0.0 	0.0 	0.0 	8.48482569987	1.57	172.146875189	-25.7967787287	
4.11666666667	0.0	0.0	0.0 	0.0 	133.516666667 	13.0 	0.0 	0.0 	0.0 	-0.0 	13.0 	0.0 	0.0 	0.0 	8.5236645984	1.57	172.288936221	-25.7966656016	
4.13333333333	0.0	0.0	0.0 	0.0 	133.733333333 	13.0 	0.0 	0.0 	0.0 	-0.0 	13.0 	0.0 	0.0 	0.0 	8.5623376559	1.57	172.431641803	-25.7965519613	
4.15	0.0	0.0	0.0 	0.0 	133.95 	13.0 	0.0 	0.0 	0.0 	-0.0 	13.0 	0.0 	0.0 	0.0 	8.60084558051	1.57	172.574989184	-25.79643781	
4.16666666667	0.0	0.0	0.0 	0.0 	134.166666667 	13.0 	0.0 	0.0 	0.0 	-0.0 	13.0 	0.0 	0.0 	0.0 	8.63918907734	1.57	172.718975623	-25.7963231497	
4.18333333333	0.0	0.0	0.0 	0.0 	134.383333333 	13.0 	0.0 	0.0 	0.0 	-0.0 	13.0 	0.0 	0.0 	0.0 	8.6773688485	1.57	172.863598391	-25.7962079827	
4.2	0.0	0.0	0.0 	0.0 	134.6 	13.0 	0.0 	0.0 	0.0 	-0.0 	13.0 	0.0 	0.0 	0.0 	8.71538559308	1.57	173.008854772	-25.7960923111	
4.21666666667	0.0	0.0	0.0 	0.0 	134.816666667 	13.0 	0.0 	0.0 	0.0 	-0.0 	13.0 	0.0 	0.0 	0.0 	8.75324000722	1.57	173.154742059	-25.7959761371	
4.23333333333	0.0	0.0	0.0 	0.0 	135.033333333 	13.0 	0.0 	0.0 	0.0 	-0.0 	13.0 	0.0 	0.0 	0.0 	8.79093278405	1.57	173.301257559	-25.7958594629	
4.25	0.0	0.0	0.0 	0.0 	135.25 	13.0 	0.0 	0.0 	0.0 	-0.0 	13.0 	0.0 	0.0 	0.0 	8.82846461376	1.57	173.448398589	-25.7957422905	
4.26666666667	0.0	0.0	0.0 	0.0 	135.466666667 	13.0 	0.0 	0.0 	0.0 	-0.0 	13.0 	0.0 	0.0 	0.0 	8.86583618359	1.57	173.596162479	-25.7956246221	
4.28333333333	0.0	0.0	0.0 	0.0 	135.683333333 	13.0 	0.0 	0.0 	0.0 	-0.0 	13.0 	0.0 	0.0 	0.0 	8.90304817785	1.57	173.744546568	-25.7955064599	
4.3	0.0	0.0	0.0 	0.0 	135.9 	13.0 	0.0 	0.0 	0.0 	-0.0 	13.0 	0.0 	0.0 	0.0 	8.94010127791	1.57	173.893548209	-25.7953878058	
4.31666666667	0.0	0.0	0.0 	0.0 	136.116666667 	13.0 	0.0 	0.0 	0.0 	-0.0 	13.0 	0.0 	0.0 	0.0 	8.97699616226	1.57	174.043164764	-25.7952686622	
4.33333333333	0.0	0.0	0.0 	0.0 	136.333333333 	13.0 	0.0 	0.0 	0.0 	-0.0 	13.0 	0.0 	0.0 	0.0 	9.01373350647	1.57	174.193393608	-25.7951490309	
4.35	0.0	0.0	0.0 	0.0 	136.55 	13.0 	0.0 	0.0 	0.0 	-0.0 	13.0 	0.0 	0.0 	0.0 	9.05031398324	1.57	174.344232127	-25.7950289141	
4.36666666667	0.0	0.0	0.0 	0.0 	136.766666667 	13.0 	0.0 	0.0 	0.0 	-0.0 	13.0 	0.0 	0.0 	0.0 	9.08673826237	1.57	174.495677716	-25.7949083139	
4.38333333333	0.0	0.0	0.0 	0.0 	136.983333333 	13.0 	0.0 	0.0 	0.0 	-0.0 	13.0 	0.0 	0.0 	0.0 	9.12300701084	1.57	174.647727785	-25.7947872323	
4.4	0.0	0.0	0.0 	0.0 	137.2 	13.0 	0.0 	0.0 	0.0 	-0.0 	13.0 	0.0 	0.0 	0.0 	9.15912089275	1.57	174.800379752	-25.7946656714	
4.41666666667	0.0	0.0	0.0 	0.0 	137.416666667 	13.0 	0.0 	0.0 	0.0 	-0.0 	13.0 	0.0 	0.0 	0.0 	9.19508056938	1.57	174.953631046	-25.7945436333	
4.43333333333	0.0	0.0	0.0 	0.0 	137.633333333 	13.0 	0.0 	0.0 	0.0 	-0.0 	13.0 	0.0 	0.0 	0.0 	9.23088669918	1.57	175.107479109	-25.7944211199	
4.45	0.0	0.0	0.0 	0.0 	137.85 	13.0 	0.0 	0.0 	0.0 	-0.0 	13.0 	0.0 	0.0 	0.0 	9.26653993779	1.57	175.261921392	-25.7942981334	
4.46666666667	0.0	0.0	0.0 	0.0 	138.066666667 	13.0 	0.0 	0.0 	0.0 	-0.0 	13.0 	0.0 	0.0 	0.0 	9.30204093806	1.57	175.416955358	-25.7941746757	
4.48333333333	0.0	0.0	0.0 	0.0 	138.283333333 	13.0 	0.0 	0.0 	0.0 	-0.0 	13.0 	0.0 	0.0 	0.0 	9.33739035003	1.57	175.572578482	-25.7940507488	
4.5	0.0	0.0	0.0 	0.0 	138.5 	13.0 	0.0 	0.0 	0.0 	-0.0 	13.0 	0.0 	0.0 	0.0 	9.37258882098	1.57	175.728788246	-25.7939263547	
4.51666666667	0.0	0.0	0.0 	0.0 	138.716666667 	13.0 	0.0 	0.0 	0.0 	-0.0 	13.0 	0.0 	0.0 	0.0 	9.40763699544	1.57	175.885582146	-25.7938014955	
4.53333333333	0.0	0.0	0.0 	0.0 	138.933333333 	13.0 	0.0 	0.0 	0.0 	-0.0 	13.0 	0.0 	0.0 	0.0 	9.44253551516	1.57	176.042957688	-25.7936761731	
4.55	0.0	0.0	0.0 	0.0 	139.15 	13.0 	0.0 	0.0 	0.0 	-0.0 	13.0 	0.0 	0.0 	0.0 	9.47728501916	1.57	176.200912388	-25.7935503895	
4.56666666667	0.0	0.0	0.0 	0.0 	139.366666667 	13.0 	0.0 	0.0 	0.0 	-0.0 	13.0 	0.0 	0.0 	0.0 	9.51188614373	1.57	176.359443774	-25.7934241467	
4.58333333333	0.0	0.0	0.0 	0.0 	139.583333333 	13.0 	0.0 	0.0 	0.0 	-0.0 	13.0 	0.0 	0.0 	0.0 	9.54633952245	1.57	176.518549382	-25.7932974466	
4.6	0.0	0.0	0.0 	0.0 	139.8 	13.0 	0.0 	0.0 	0.0 	-0.0 	13.0 	0.0 	0.0 	0.0 	9.5806457862	1.57	176.678226761	-25.7931702912	
4.61666666667	0.0	0.0	0.0 	0.0 	140.016666667 	13.0 	0.0 	0.0 	0.0 	-0.0 	13.0 	0.0 	0.0 	0.0 	9.61480556315	1.57	176.83847347	-25.7930426825	
4.63333333333	0.0	0.0	0.0 	0.0 	140.233333333 	13.0 	0.0 	0.0 	0.0 	-0.0 	13.0 	0.0 	0.0 	0.0 	9.64881947879	1.57	176.999287077	-25.7929146222	
4.65	0.0	0.0	0.0 	0.0 	140.45 	13.0 	0.0 	0.0 	0.0 	-0.0 	13.0 	0.0 	0.0 	0.0 	9.68268815594	1.57	177.160665161	-25.7927861125	
4.66666666667	0.0	0.0	0.0 	0.0 	140.666666667 	13.0 	0.0 	0.0 	0.0 	-0.0 	13.0 	0.0 	0.0 	0.0 	9.71641221478	1.57	177.322605314	-25.7926571552	
4.68333333333	0.0	0.0	0.0 	0.0 	140.883333333 	13.0 	0.0 	0.0 	0.0 	-0.0 	13.0 	0.0 	0.0 	0.0 	9.74999227282	1.57	177.485105133	-25.7925277522	
4.7	0.0	0.0	0.0 	0.0 	141.1 	13.0 	0.0 	0.0 	0.0 	-0.0 	13.0 	0.0 	0.0 	0.0 	9.78342894493	1.57	177.648162231	-25.7923979055	
4.71666666667	0.0	0.0	0.0 	0.0 	141.316666667 	13.0 	0.0 	0.0 	0.0 	-0.0 	13.0 	0.0 	0.0 	0.0 	9.81672284338	1.57	177.811774226	-25.7922676168	
4.73333333333	0.0	0.0	0.0 	0.0 	141.533333333 	13.0 	0.0 	0.0 	0.0 	-0.0 	13.0 	0.0 	0.0 	0.0 	9.84987457779	1.57	177.97593875	-25.7921368882	
4.75	0.0	0.0	0.0 	0.0 	141.75 	13.0 	0.0 	0.0 	0.0 	-0.0 	13.0 	0.0 	0.0 	0.0 	9.88288475521	1.57	178.140653444	-25.7920057214	
4.76666666667	0.0	0.0	0.0 	0.0 	141.966666667 	13.0 	0.0 	0.0 	0.0 	-0.0 	13.0 	0.0 	0.0 	0.0 	9.91575398009	1.57	178.305915958	-25.7918741184	
4.78333333333	0.0	0.0	0.0 	0.0 	142.183333333 	13.0 	0.0 	0.0 	0.0 	-0.0 	13.0 	0.0 	0.0 	0.0 	9.94848285428	1.57	178.471723953	-25.7917420811	
4.8	0.0	0.0	0.0 	0.0 	142.4 	13.0 	0.0 	0.0 	0.0 	-0.0 	13.0 	0.0 	0.0 	0.0 	9.98107197708	1.57	178.6380751	-25.7916096112	
4.81666666667	0.0	0.0	0.0 	0.0 	142.616666667 	13.0 	0.0 	0.0 	0.0 	-0.0 	13.0 	0.0 	0.0 	0.0 	10.0135219452	1.57	178.804967079	-25.7914767106	
4.83333333333	0.0	0.0	0.0 	0.0 	142.833333333 	13.0 	0.0 	0.0 	0.0 	-0.0 	13.0 	0.0 	0.0 	0.0 	10.0458333529	1.57	178.972397582	-25.7913433812	
4.85	0.0	0.0	0.0 	0.0 	143.05 	13.0 	0.0 	0.0 	0.0 	-0.0 	13.0 	0.0 	0.0 	0.0 	10.0780067917	1.57	179.140364309	-25.7912096247	
4.86666666667	0.0	0.0	0.0 	0.0 	143.266666667 	13.0 	0.0 	0.0 	0.0 	-0.0 	13.0 	0.0 	0.0 	0.0 	10.1100428509	1.57	179.30886497	-25.7910754431	
4.88333333333	0.0	0.0	0.0 	0.0 	143.483333333 	13.0 	0.0 	0.0 	0.0 	-0.0 	13.0 	0.0 	0.0 	0.0 	10.141942117	1.57	179.477897285	-25.7909408381	
4.9	0.0	0.0	0.0 	0.0 	143.7 	13.0 	0.0 	0.0 	0.0 	-0.0 	13.0 	0.0 	0.0 	0.0 	10.173705174	1.57	179.647458984	-25.7908058116	
4.91666666667	0.0	0.0	0.0 	0.0 	143.916666667 	13.0 	0.0 	0.0 	0.0 	-0.0 	13.0 	0.0 	0.0 	0.0 	10.2053326037	1.57	179.817547807	-25.7906703652	
4.93333333333	0.0	0.0	0.0 	0.0 	144.133333333 	13.0 	0.0 	0.0 	0.0 	-0.0 	13.0 	0.0 	0.0 	0.0 	10.2368249852	1.57	179.988161502	-25.790534501	
4.95	0.0	0.0	0.0 	0.0 	144.35 	13.0 	0.0 	0.0 	0.0 	-0.0 	13.0 	0.0 	0.0 	0.0 	10.268182895	1.57	180.15929783	-25.7903982205	
4.96666666667	0.0	0.0	0.0 	0.0 	144.566666667 	13.0 	0.0 	0.0 	0.0 	-0.0 	13.0 	0.0 	0.0 	0.0 	10.2994069075	1.57	180.330954557	-25.7902615256	
4.98333333333	0.0	0.0	0.0 	0.0 	144.783333333 	13.0 	0.0 	0.0 	0.0 	-0.0 	13.0 	0.0 	0.0 	0.0 	10.3304975942	1.57	180.503129462	-25.7901244181	
5.0	0.0	0.0	0.0 	0.0 	145.0 	13.0 	0.0 	0.0 	0.0 	-0.0 	13.0 	0.0 	0.0 	0.0 	10.3614555246	1.57	180.675820333	-25.7899868997	
5.01666666667	0.0	0.0	0.0 	0.0 	145.216666667 	13.0 	0.0 	0.0 	0.0 	-0.0 	13.0 	0.0 	0.0 	0.0 	10.3922812655	1.57	180.849024966	-25.7898489722	
5.03333333333	0.0	0.0	0.0 	0.0 	145.433333333 	13.0 	0.0 	0.0 	0.0 	-0.0 	13.0 	0.0 	0.0 	0.0 	10.4229753813	1.57	181.022741167	-25.7897106373	
5.05	0.0	0.0	0.0 	0.0 	145.65 	13.0 	0.0 	0.0 	0.0 	-0.0 	13.0 	0.0 	0.0 	0.0 	10.4535384341	1.57	181.196966752	-25.7895718967	
5.06666666667	0.0	0.0	0.0 	0.0 	145.866666667 	13.0 	0.0 	0.0 	0.0 	-0.0 	13.0 	0.0 	0.0 	0.0 	10.4839709834	1.57	181.371699547	-25.7894327523	
5.08333333333	0.0	0.0	0.0 	0.0 	146.083333333 	13.0 	0.0 	0.0 	0.0 	-0.0 	13.0 	0.0 	0.0 	0.0 	10.5142735867	1.57	181.546937384	-25.7892932057	
5.1	0.0	0.0	0.0 	0.0 	146.3 	13.0 	0.0 	0.0 	0.0 	-0.0 	13.0 	0.0 	0.0 	0.0 	10.5444467986	1.57	181.722678108	-25.7891532586	
5.11666666667	0.0	0.0	0.0 	0.0 	146.516666667 	13.0 	0.0 	0.0 	0.0 	-0.0 	13.0 	0.0 	0.0 	0.0 	10.5744911718	1.57	181.898919572	-25.7890129128	
5.13333333333	0.0	0.0	0.0 	0.0 	146.733333333 	13.0 	0.0 	0.0 	0.0 	-0.0 	13.0 	0.0 	0.0 	0.0 	10.6044072563	1.57	182.075659637	-25.7888721699	
5.15	0.0	0.0	0.0 	0.0 	146.95 	13.0 	0.0 	0.0 	0.0 	-0.0 	13.0 	0.0 	0.0 	0.0 	10.6341956	1.57	182.252896174	-25.7887310317	
5.16666666667	0.0	0.0	0.0 	0.0 	147.166666667 	13.0 	0.0 	0.0 	0.0 	-0.0 	13.0 	0.0 	0.0 	0.0 	10.6638567483	1.57	182.430627064	-25.7885894998	
5.18333333333	0.0	0.0	0.0 	0.0 	147.383333333 	13.0 	0.0 	0.0 	0.0 	-0.0 	13.0 	0.0 	0.0 	0.0 	10.6933912443	1.57	182.608850195	-25.7884475759	
5.2	0.0	0.0	0.0 	0.0 	147.6 	13.0 	0.0 	0.0 	0.0 	-0.0 	13.0 	0.0 	0.0 	0.0 	10.7227996287	1.57	182.787563465	-25.7883052617	
5.21666666667	0.0	0.0	0.0 	0.0 	147.816666667 	13.0 	0.0 	0.0 	0.0 	-0.0 	13.0 	0.0 	0.0 	0.0 	10.7520824403	1.57	182.966764782	-25.7881625588	
5.23333333333	0.0	0.0	0.0 	0.0 	148.033333333 	13.0 	0.0 	0.0 	0.0 	-0.0 	13.0 	0.0 	0.0 	0.0 	10.781240215	1.57	183.146452062	-25.788019469	
5.25	0.0	0.0	0.0 	0.0 	148.25 	13.0 	0.0 	0.0 	0.0 	-0.0 	13.0 	0.0 	0.0 	0.0 	10.8102734868	1.57	183.32662323	-25.7878759939	
5.26666666667	0.0	0.0	0.0 	0.0 	148.466666667 	13.0 	0.0 	0.0 	0.0 	-0.0 	13.0 	0.0 	0.0 	0.0 	10.8391827873	1.57	183.507276219	-25.787732135	
5.28333333333	0.0	0.0	0.0 	0.0 	148.683333333 	13.0 	0.0 	0.0 	0.0 	-0.0 	13.0 	0.0 	0.0 	0.0 	10.8679686459	1.57	183.688408972	-25.7875878941	
5.3	0.0	0.0	0.0 	0.0 	148.9 	13.0 	0.0 	0.0 	0.0 	-0.0 	13.0 	0.0 	0.0 	0.0 	10.8966315897	1.57	183.870019441	-25.7874432728	
5.31666666667	0.0	0.0	0.0 	0.0 	149.116666667 	13.0 	0.0 	0.0 	0.0 	-0.0 	13.0 	0.0 	0.0 	0.0 	10.9251721435	1.57	184.052105586	-25.7872982727	
5.33333333333	0.0	0.0	0.0 	0.0 	149.333333333 	13.0 	0.0 	0.0 	0.0 	-0.0 	13.0 	0.0 	0.0 	0.0 	10.95359083	1.57	184.234665375	-25.7871528954	
5.35	0.0	0.0	0.0 	0.0 	149.55 	13.0 	0.0 	0.0 	0.0 	-0.0 	13.0 	0.0 	0.0 	0.0 	10.9818881694	1.57	184.417696787	-25.7870071426	
5.36666666667	0.0	0.0	0.0 	0.0 	149.766666667 	13.0 	0.0 	0.0 	0.0 	-0.0 	13.0 	0.0 	0.0 	0.0 	11.01006468	1.57	184.601197806	-25.7868610158	
5.38333333333	0.0	0.0	0.0 	0.0 	149.983333333 	13.0 	0.0 	0.0 	0.0 	-0.0 	13.0 	0.0 	0.0 	0.0 	11.0381208776	1.57	184.785166429	-25.7867145166	
5.4	0.0	0.0	0.0 	0.0 	150.2 	13.0 	0.0 	0.0 	0.0 	-0.0 	13.0 	0.0 	0.0 	0.0 	11.0660572761	1.57	184.969600659	-25.7865676466	
5.41666666667	0.0	0.0	0.0 	0.0 	150.416666667 	13.0 	0.0 	0.0 	0.0 	-0.0 	13.0 	0.0 	0.0 	0.0 	11.0938743869	1.57	185.154498507	-25.7864204075	
5.43333333333	0.0	0.0	0.0 	0.0 	150.633333333 	13.0 	0.0 	0.0 	0.0 	-0.0 	13.0 	0.0 	0.0 	0.0 	11.1215727194	1.57	185.339857993	-25.7862728007	
5.45	0.0	0.0	0.0 	0.0 	150.85 	13.0 	0.0 	0.0 	0.0 	-0.0 	13.0 	0.0 	0.0 	0.0 	11.1491527808	1.57	185.525677147	-25.7861248279	
5.46666666667	0.0	0.0	0.0 	0.0 	151.066666667 	13.0 	0.0 	0.0 	0.0 	-0.0 	13.0 	0.0 	0.0 	0.0 	11.1766150761	1.57	185.711954006	-25.7859764907	
5.48333333333	0.0	0.0	0.0 	0.0 	151.283333333 	13.0 	0.0 	0.0 	0.0 	-0.0 	13.0 	0.0 	0.0 	0.0 	11.2039601081	1.57	185.898686615	-25.7858277904	
5.5	0.0	0.0	0.0 	0.0 	151.5 	13.0 	0.0 	0.0 	0.0 	-0.0 	13.0 	0.0 	0.0 	0.0 	11.2311883776	1.57	186.085873029	-25.7856787289	
5.51666666667	0.0	0.0	0.0 	0.0 	151.716666667 	13.0 	0.0 	0.0 	0.0 	-0.0 	13.0 	0.0 	0.0 	0.0 	11.2583003832	1.57	186.273511309	-25.7855293074	
5.53333333333	0.0	0.0	0.0 	0.0 	151.933333333 	13.0 	0.0 	0.0 	0.0 	-0.0 	13.0 	0.0 	0.0 	0.0 	11.2852966212	1.57	186.461599527	-25.7853795277	
5.55	0.0	0.0	0.0 	0.0 	152.15 	13.0 	0.0 	0.0 	0.0 	-0.0 	13.0 	0.0 	0.0 	0.0 	11.3121775861	1.57	186.65013576	-25.7852293912	
5.56666666667	0.0	0.0	0.0 	0.0 	152.366666667 	13.0 	0.0 	0.0 	0.0 	-0.0 	13.0 	0.0 	0.0 	0.0 	11.3389437699	1.57	186.839118096	-25.7850788995	
5.58333333333	0.0	0.0	0.0 	0.0 	152.583333333 	13.0 	0.0 	0.0 	0.0 	-0.0 	13.0 	0.0 	0.0 	0.0 	11.3655956629	1.57	187.028544631	-25.784928054	
5.6	0.0	0.0	0.0 	0.0 	152.8 	13.0 	0.0 	0.0 	0.0 	-0.0 	13.0 	0.0 	0.0 	0.0 	11.3921337531	1.57	187.218413466	-25.7847768564	
5.61666666667	0.0	0.0	0.0 	0.0 	153.016666667 	13.0 	0.0 	0.0 	0.0 	-0.0 	13.0 	0.0 	0.0 	0.0 	11.4185585263	1.57	187.408722715	-25.784625308	
5.63333333333	0.0	0.0	0.0 	0.0 	153.233333333 	13.0 	0.0 	0.0 	0.0 	-0.0 	13.0 	0.0 	0.0 	0.0 	11.4448704665	1.57	187.599470495	-25.7844734104	
5.65	0.0	0.0	0.0 	0.0 	153.45 	13.0 	0.0 	0.0 	0.0 	-0.0 	13.0 	0.0 	0.0 	0.0 	11.4710700554	1.57	187.790654936	-25.7843211651	
5.66666666667	0.0	0.0	0.0 	0.0 	153.666666667 	13.0 	0.0 	0.0 	0.0 	-0.0 	13.0 	0.0 	0.0 	0.0 	11.4971577728	1.57	187.982274171	-25.7841685735	
5.68333333333	0.0	0.0	0.0 	0.0 	153.883333333 	13.0 	0.0 	0.0 	0.0 	-0.0 	13.0 	0.0 	0.0 	0.0 	11.5231340963	1.57	188.174326345	-25.7840156372	
5.7	0.0	0.0	0.0 	0.0 	154.1 	13.0 	0.0 	0.0 	0.0 	-0.0 	13.0 	0.0 	0.0 	0.0 	11.5489995017	1.57	188.366809609	-25.7838623576	
5.71666666667	0.0	0.0	0.0 	0.0 	154.316666667 	13.0 	0.0 	0.0 	0.0 	-0.0 	13.0 	0.0 	0.0 	0.0 	11.5747544625	1.57	188.559722122	-25.7837087361	
5.73333333333	0.0	0.0	0.0 	0.0 	154.533333333 	13.0 	0.0 	0.0 	0.0 	-0.0 	13.0 	0.0 	0.0 	0.0 	11.6003994503	1.57	188.753062052	-25.7835547743	
5.75	0.0	0.0	0.0 	0.0 	154.75 	13.0 	0.0 	0.0 	0.0 	-0.0 	13.0 	0.0 	0.0 	0.0 	11.6259349348	1.57	188.946827573	-25.7834004736	
5.76666666667	0.0	0.0	0.0 	0.0 	154.966666667 	13.0 	0.0 	0.0 	0.0 	-0.0 	13.0 	0.0 	0.0 	0.0 	11.6513613834	1.57	189.141016867	-25.7832458354	
5.78333333333	0.0	0.0	0.0 	0.0 	155.183333333 	13.0 	0.0 	0.0 	0.0 	-0.0 	13.0 	0.0 	0.0 	0.0 	11.6766792618	1.57	189.335628127	-25.7830908612	
5.8	0.0	0.0	0.0 	0.0 	155.4 	13.0 	0.0 	0.0 	0.0 	-0.0 	13.0 	0.0 	0.0 	0.0 	11.7018890336	1.57	189.530659549	-25.7829355525	
5.81666666667	0.0	0.0	0.0 	0.0 	155.616666667 	13.0 	0.0 	0.0 	0.0 	-0.0 	13.0 	0.0 	0.0 	0.0 	11.7269911603	1.57	189.72610934	-25.7827799105	
5.83333333333	0.0	0.0	0.0 	0.0 	155.833333333 	13.0 	0.0 	0.0 	0.0 	-0.0 	13.0 	0.0 	0.0 	0.0 	11.7519861016	1.57	189.921975712	-25.7826239369	
5.85	0.0	0.0	0.0 	0.0 	156.05 	13.0 	0.0 	0.0 	0.0 	-0.0 	13.0 	0.0 	0.0 	0.0 	11.7045425754	1.57403706452	190.117050398	-25.783256125	
5.86666666667	0.0	0.0	0.0 	0.0 	156.266666667 	13.0 	0.0 	0.0 	0.0 	-0.0 	13.0 	0.0 	0.0 	0.0 	11.6570990493	1.578090493	190.311330213	-25.7846732594	
5.88333333333	0.0	0.0	0.0 	0.0 	156.483333333 	13.0 	0.0 	0.0 	0.0 	-0.0 	13.0 	0.0 	0.0 	0.0 	11.6096555231	1.58216041863	190.504811978	-25.7868720986	
5.9	0.0	0.0	0.0 	0.0 	156.7 	13.0 	0.0 	0.0 	0.0 	-0.0 	13.0 	0.0 	0.0 	0.0 	11.5622119969	1.58624697624	190.69749251	-25.7898493748	
5.91666666667	0.0	0.0	0.0 	0.0 	156.916666667 	13.0 	0.0 	0.0 	0.0 	-0.0 	13.0 	0.0 	0.0 	0.0 	11.5147684707	1.59035030233	190.88936863	-25.793601794	
5.93333333333	0.0	0.0	0.0 	0.0 	157.133333333 	13.0 	0.0 	0.0 	0.0 	-0.0 	13.0 	0.0 	0.0 	0.0 	11.4673249446	1.59447053508	191.080437156	-25.7981260354	
5.95	0.0	0.0	0.0 	0.0 	157.35 	13.0 	0.0 	0.0 	0.0 	-0.0 	13.0 	0.0 	0.0 	0.0 	11.4198814184	1.59860781439	191.270694909	-25.8034187512	
5.96666666667	0.0	0.0	0.0 	0.0 	157.566666667 	13.0 	0.0 	0.0 	0.0 	-0.0 	13.0 	0.0 	0.0 	0.0 	11.3724378922	1.60276228189	191.46013871	-25.8094765667	
5.98333333333	0.0	0.0	0.0 	0.0 	157.783333333 	13.0 	0.0 	0.0 	0.0 	-0.0 	13.0 	0.0 	0.0 	0.0 	11.3249943661	1.60693408099	191.648765382	-25.8162960799	
6.0	0.0	0.0	0.0 	0.0 	158.0 	13.0 	0.0 	0.0 	0.0 	-0.0 	13.0 	0.0 	0.0 	0.0 	11.2775508399	1.6111233569	191.836571747	-25.8238738611	
6.01666666667	0.0	0.0	0.0 	0.0 	158.216666667 	13.0 	0.0 	0.0 	0.0 	-0.0 	13.0 	0.0 	0.0 	0.0 	11.2301073137	1.61533025669	192.02355463	-25.8322064531	
6.03333333333	0.0	0.0	0.0 	0.0 	158.433333333 	13.0 	0.0 	0.0 	0.0 	-0.0 	13.0 	0.0 	0.0 	0.0 	11.1826637875	1.61955492924	192.209710857	-25.8412903703	
6.05	0.0	0.0	0.0 	0.0 	158.65 	13.0 	0.0 	0.0 	0.0 	-0.0 	13.0 	0.0 	0.0 	0.0 	11.1352202614	1.62379752538	192.395037253	-25.8511220994	
6.06666666667	0.0	0.0	0.0 	0.0 	158.866666667 	13.0 	0.0 	0.0 	0.0 	-0.0 	13.0 	0.0 	0.0 	0.0 	11.0877767352	1.62805819783	192.579530649	-25.8616980982	
6.08333333333	0.0	0.0	0.0 	0.0 	159.083333333 	13.0 	0.0 	0.0 	0.0 	-0.0 	13.0 	0.0 	0.0 	0.0 	11.040333209	1.63233710128	192.763187873	-25.8730147961	
6.1	0.0	0.0	0.0 	0.0 	159.3 	13.0 	0.0 	0.0 	0.0 	-0.0 	13.0 	0.0 	0.0 	0.0 	10.9928896829	1.63663439243	192.946005758	-25.8850685934	
6.11666666667	0.0	0.0	0.0 	0.0 	159.516666667 	13.0 	0.0 	0.0 	0.0 	-0.0 	13.0 	0.0 	0.0 	0.0 	10.9454461567	1.64095022999	193.127981139	-25.8978558613	
6.13333333333	0.0	0.0	0.0 	0.0 	159.733333333 	13.0 	0.0 	0.0 	0.0 	-0.0 	13.0 	0.0 	0.0 	0.0 	10.8980026305	1.64528477474	193.30911085	-25.9113729416	
6.15	0.0	0.0	0.0 	0.0 	159.95 	13.0 	0.0 	0.0 	0.0 	-0.0 	13.0 	0.0 	0.0 	0.0 	10.8505591043	1.64963818956	193.48939173	-25.9256161464	
6.16666666667	0.0	0.0	0.0 	0.0 	160.166666667 	13.0 	0.0 	0.0 	0.0 	-0.0 	13.0 	0.0 	0.0 	0.0 	10.8031155782	1.65401063947	193.66882062	-25.9405817578	
6.18333333333	0.0	0.0	0.0 	0.0 	160.383333333 	13.0 	0.0 	0.0 	0.0 	-0.0 	13.0 	0.0 	0.0 	0.0 	10.755672052	1.65840229166	193.847394363	-25.956266028	
6.2	0.0	0.0	0.0 	0.0 	160.6 	13.0 	0.0 	0.0 	0.0 	-0.0 	13.0 	0.0 	0.0 	0.0 	10.7082285258	1.66281331553	194.025109806	-25.9726651786	
6.21666666667	0.0	0.0	0.0 	0.0 	160.816666667 	13.0 	0.0 	0.0 	0.0 	-0.0 	13.0 	0.0 	0.0 	0.0 	10.6607849997	1.66724388274	194.201963796	-25.9897754005	
6.23333333333	0.0	0.0	0.0 	0.0 	161.033333333 	13.0 	0.0 	0.0 	0.0 	-0.0 	13.0 	0.0 	0.0 	0.0 	10.6133414735	1.67169416723	194.377953186	-26.0075928537	
6.25	0.0	0.0	0.0 	0.0 	161.25 	13.0 	0.0 	0.0 	0.0 	-0.0 	13.0 	0.0 	0.0 	0.0 	10.5658979473	1.67616434529	194.553074831	-26.0261136672	
6.26666666667	0.0	0.0	0.0 	0.0 	161.466666667 	13.0 	0.0 	0.0 	0.0 	-0.0 	13.0 	0.0 	0.0 	0.0 	10.5184544212	1.68065459556	194.727325588	-26.0453339381	
6.28333333333	0.0	0.0	0.0 	0.0 	161.683333333 	13.0 	0.0 	0.0 	0.0 	-0.0 	13.0 	0.0 	0.0 	0.0 	10.471010895	1.68516509913	194.900702321	-26.0652497323	
6.3	0.0	0.0	0.0 	0.0 	161.9 	13.0 	0.0 	0.0 	0.0 	-0.0 	13.0 	0.0 	0.0 	0.0 	10.4235673688	1.68969603952	195.073201895	-26.0858570834	
6.31666666667	0.0	0.0	0.0 	0.0 	162.116666667 	13.0 	0.0 	0.0 	0.0 	-0.0 	13.0 	0.0 	0.0 	0.0 	10.3761238426	1.69424760277	195.244821178	-26.1071519927	
6.33333333333	0.0	0.0	0.0 	0.0 	162.333333333 	13.0 	0.0 	0.0 	0.0 	-0.0 	13.0 	0.0 	0.0 	0.0 	10.3286803165	1.69881997747	195.415557046	-26.1291304291	
6.35	0.0	0.0	0.0 	0.0 	162.55 	13.0 	0.0 	0.0 	0.0 	-0.0 	13.0 	0.0 	0.0 	0.0 	10.2812367903	1.70341335481	195.585406375	-26.1517883285	
6.36666666667	0.0	0.0	0.0 	0.0 	162.766666667 	13.0 	0.0 	0.0 	0.0 	-0.0 	13.0 	0.0 	0.0 	0.0 	10.2337932641	1.70802792864	195.754366048	-26.175121594	
6.38333333333	0.0	0.0	0.0 	0.0 	162.983333333 	13.0 	0.0 	0.0 	0.0 	-0.0 	13.0 	0.0 	0.0 	0.0 	10.186349738	1.71266389547	195.922432952	-26.199126095	
6.4	0.0	0.0	0.0 	0.0 	163.2 	13.0 	0.0 	0.0 	0.0 	-0.0 	13.0 	0.0 	0.0 	0.0 	10.1389062118	1.7173214546	196.089603978	-26.2237976673	
6.41666666667	0.0	0.0	0.0 	0.0 	163.416666667 	13.0 	0.0 	0.0 	0.0 	-0.0 	13.0 	0.0 	0.0 	0.0 	10.0914626856	1.72200080809	196.255876025	-26.2491321128	
6.43333333333	0.0	0.0	0.0 	0.0 	163.633333333 	13.0 	0.0 	0.0 	0.0 	-0.0 	13.0 	0.0 	0.0 	0.0 	10.0440191594	1.72670216087	196.421245993	-26.2751251992	
6.45	0.0	0.0	0.0 	0.0 	163.85 	13.0 	0.0 	0.0 	0.0 	-0.0 	13.0 	0.0 	0.0 	0.0 	9.99657563327	1.73142572077	196.58571079	-26.3017726593	
6.46666666667	0.0	0.0	0.0 	0.0 	164.066666667 	13.0 	0.0 	0.0 	0.0 	-0.0 	13.0 	0.0 	0.0 	0.0 	9.9491321071	1.73617169859	196.749267331	-26.3290701914	
6.48333333333	0.0	0.0	0.0 	0.0 	164.283333333 	13.0 	0.0 	0.0 	0.0 	-0.0 	13.0 	0.0 	0.0 	0.0 	9.90168858093	1.74094030812	196.911912533	-26.3570134584	
6.5	0.0	0.0	0.0 	0.0 	164.5 	13.0 	0.0 	0.0 	0.0 	-0.0 	13.0 	0.0 	0.0 	0.0 	9.85424505476	1.74573176624	197.073643323	-26.385598088	
6.51666666667	0.0	0.0	0.0 	0.0 	164.716666667 	13.0 	0.0 	0.0 	0.0 	-0.0 	13.0 	0.0 	0.0 	0.0 	9.80680152859	1.75054629296	197.234456631	-26.4148196717	
6.53333333333	0.0	0.0	0.0 	0.0 	164.933333333 	13.0 	0.0 	0.0 	0.0 	-0.0 	13.0 	0.0 	0.0 	0.0 	9.75935800242	1.75538411149	197.394349397	-26.4446737652	
6.55	0.0	0.0	0.0 	0.0 	165.15 	13.0 	0.0 	0.0 	0.0 	-0.0 	13.0 	0.0 	0.0 	0.0 	9.71191447625	1.76024544829	197.553318566	-26.4751558877	
6.56666666667	0.0	0.0	0.0 	0.0 	165.366666667 	13.0 	0.0 	0.0 	0.0 	-0.0 	13.0 	0.0 	0.0 	0.0 	9.66447095008	1.76513053313	197.711361089	-26.5062615217	
6.58333333333	0.0	0.0	0.0 	0.0 	165.583333333 	13.0 	0.0 	0.0 	0.0 	-0.0 	13.0 	0.0 	0.0 	0.0 	9.61702742391	1.77003959917	197.868473927	-26.5379861126	
6.6	0.0	0.0	0.0 	0.0 	165.8 	13.0 	0.0 	0.0 	0.0 	-0.0 	13.0 	0.0 	0.0 	0.0 	9.56958389774	1.77497288303	198.024654046	-26.5703250683	
6.61666666667	0.0	0.0	0.0 	0.0 	166.016666667 	13.0 	0.0 	0.0 	0.0 	-0.0 	13.0 	0.0 	0.0 	0.0 	9.52214037157	1.77993062484	198.179898422	-26.6032737591	
6.63333333333	0.0	0.0	0.0 	0.0 	166.233333333 	13.0 	0.0 	0.0 	0.0 	-0.0 	13.0 	0.0 	0.0 	0.0 	9.4746968454	1.78491306832	198.334204039	-26.6368275172	
6.65	0.0	0.0	0.0 	0.0 	166.45 	13.0 	0.0 	0.0 	0.0 	-0.0 	13.0 	0.0 	0.0 	0.0 	9.42725331922	1.78992046084	198.487567886	-26.6709816365	
6.66666666667	0.0	0.0	0.0 	0.0 	166.666666667 	13.0 	0.0 	0.0 	0.0 	-0.0 	13.0 	0.0 	0.0 	0.0 	9.37980979305	1.79495305354	198.639986966	-26.7057313719	
6.68333333333	0.0	0.0	0.0 	0.0 	166.883333333 	13.0 	0.0 	0.0 	0.0 	-0.0 	13.0 	0.0 	0.0 	0.0 	9.33236626688	1.80001110132	198.791458287	-26.7410719395	
6.7	0.0	0.0	0.0 	0.0 	167.1 	13.0 	0.0 	0.0 	0.0 	-0.0 	13.0 	0.0 	0.0 	0.0 	9.28492274071	1.80509486302	198.941978867	-26.7769985158	
6.71666666667	0.0	0.0	0.0 	0.0 	167.316666667 	13.0 	0.0 	0.0 	0.0 	-0.0 	13.0 	0.0 	0.0 	0.0 	9.23747921454	1.81020460141	199.091545735	-26.8135062376	
6.73333333333	0.0	0.0	0.0 	0.0 	167.533333333 	13.0 	0.0 	0.0 	0.0 	-0.0 	13.0 	0.0 	0.0 	0.0 	9.19003568837	1.81534058332	199.240155928	-26.8505902013	
6.75	0.0	0.0	0.0 	0.0 	167.75 	13.0 	0.0 	0.0 	0.0 	-0.0 	13.0 	0.0 	0.0 	0.0 	9.1425921622	1.82050307973	199.387806495	-26.8882454631	
6.76666666667	0.0	0.0	0.0 	0.0 	167.966666667 	13.0 	0.0 	0.0 	0.0 	-0.0 	13.0 	0.0 	0.0 	0.0 	9.09514863603	1.8256923658	199.534494495	-26.9264670383	
6.78333333333	0.0	0.0	0.0 	0.0 	168.183333333 	13.0 	0.0 	0.0 	0.0 	-0.0 	13.0 	0.0 	0.0 	0.0 	9.04770510986	1.83090872103	199.680216996	-26.9652499006	
6.8	0.0	0.0	0.0 	0.0 	168.4 	13.0 	0.0 	0.0 	0.0 	-0.0 	13.0 	0.0 	0.0 	0.0 	9.00026158369	1.83615242931	199.824971079	-27.0045889824	
6.81666666667	0.0	0.0	0.0 	0.0 	168.616666667 	13.0 	0.0 	0.0 	0.0 	-0.0 	13.0 	0.0 	0.0 	0.0 	8.95281805752	1.841423779	199.968753836	-27.0444791741	
6.83333333333	0.0	0.0	0.0 	0.0 	168.833333333 	13.0 	0.0 	0.0 	0.0 	-0.0 	13.0 	0.0 	0.0 	0.0 	8.90537453135	1.84672306308	200.111562371	-27.0849153236	
6.85	0.0	0.0	0.0 	0.0 	169.05 	13.0 	0.0 	0.0 	0.0 	-0.0 	13.0 	0.0 	0.0 	0.0 	8.85793100518	1.85205057918	200.2533938	-27.125892236	
6.86666666667	0.0	0.0	0.0 	0.0 	169.266666667 	13.0 	0.0 	0.0 	0.0 	-0.0 	13.0 	0.0 	0.0 	0.0 	8.810487479	1.85740662972	200.394245251	-27.1674046733	
6.88333333333	0.0	0.0	0.0 	0.0 	169.483333333 	13.0 	0.0 	0.0 	0.0 	-0.0 	13.0 	0.0 	0.0 	0.0 	8.76304395283	1.86279152202	200.534113867	-27.2094473539	
6.9	0.0	0.0	0.0 	0.0 	169.7 	13.0 	0.0 	0.0 	0.0 	-0.0 	13.0 	0.0 	0.0 	0.0 	8.71560042666	1.86820556837	200.6729968	-27.2520149524	
6.91666666667	0.0	0.0	0.0 	0.0 	169.916666667 	13.0 	0.0 	0.0 	0.0 	-0.0 	13.0 	0.0 	0.0 	0.0 	8.66815690049	1.87364908619	200.81089122	-27.2951020988	
6.93333333333	0.0	0.0	0.0 	0.0 	170.133333333 	13.0 	0.0 	0.0 	0.0 	-0.0 	13.0 	0.0 	0.0 	0.0 	8.62071337432	1.87912239807	200.94779431	-27.3387033784	
6.95	0.0	0.0	0.0 	0.0 	170.35 	13.0 	0.0 	0.0 	0.0 	-0.0 	13.0 	0.0 	0.0 	0.0 	8.57326984815	1.88462583196	201.083703266	-27.3828133314	
6.96666666667	0.0	0.0	0.0 	0.0 	170.566666667 	13.0 	0.0 	0.0 	0.0 	-0.0 	13.0 	0.0 	0.0 	0.0 	8.52582632198	1.89015972125	201.218615299	-27.4274264525	
6.98333333333	0.0	0.0	0.0 	0.0 	170.783333333 	13.0 	0.0 	0.0 	0.0 	-0.0 	13.0 	0.0 	0.0 	0.0 	8.47838279581	1.89572440488	201.352527638	-27.4725371899	
7.0	0.0	0.0	0.0 	0.0 	171.0 	13.0 	0.0 	0.0 	0.0 	-0.0 	13.0 	0.0 	0.0 	0.0 	8.43093926964	1.90132022749	201.485437524	-27.518139946	
7.01666666667	0.0	0.0	0.0 	0.0 	171.216666667 	13.0 	0.0 	0.0 	0.0 	-0.0 	13.0 	0.0 	0.0 	0.0 	8.38349574347	1.90694753955	201.617342216	-27.5642290758	
7.03333333333	0.0	0.0	0.0 	0.0 	171.433333333 	13.0 	0.0 	0.0 	0.0 	-0.0 	13.0 	0.0 	0.0 	0.0 	8.3360522173	1.91260669745	201.748238991	-27.6107988872	
7.05	0.0	0.0	0.0 	0.0 	171.65 	13.0 	0.0 	0.0 	0.0 	-0.0 	13.0 	0.0 	0.0 	0.0 	8.28860869113	1.91829806369	201.87812514	-27.6578436404	
7.06666666667	0.0	0.0	0.0 	0.0 	171.866666667 	13.0 	0.0 	0.0 	0.0 	-0.0 	13.0 	0.0 	0.0 	0.0 	8.24116516496	1.92402200699	202.006997974	-27.7053575472	
7.08333333333	0.0	0.0	0.0 	0.0 	172.083333333 	13.0 	0.0 	0.0 	0.0 	-0.0 	13.0 	0.0 	0.0 	0.0 	8.19372163878	1.92977890243	202.134854821	-27.7533347708	
7.1	0.0	0.0	0.0 	0.0 	172.3 	13.0 	0.0 	0.0 	0.0 	-0.0 	13.0 	0.0 	0.0 	0.0 	8.14627811261	1.93556913161	202.261693028	-27.8017694255	
7.11666666667	0.0	0.0	0.0 	0.0 	172.516666667 	13.0 	0.0 	0.0 	0.0 	-0.0 	13.0 	0.0 	0.0 	0.0 	8.09883458644	1.94139308281	202.387509959	-27.8506555756	
7.13333333333	0.0	0.0	0.0 	0.0 	172.733333333 	13.0 	0.0 	0.0 	0.0 	-0.0 	13.0 	0.0 	0.0 	0.0 	8.05139106027	1.94725115111	202.512303002	-27.8999872358	
7.15	0.0	0.0	0.0 	0.0 	172.95 	13.0 	0.0 	0.0 	0.0 	-0.0 	13.0 	0.0 	0.0 	0.0 	8.0039475341	1.9531437386	202.63606956	-27.9497583701	
7.16666666667	0.0	0.0	0.0 	0.0 	173.166666667 	13.0 	0.0 	0.0 	0.0 	-0.0 	13.0 	0.0 	0.0 	0.0 	7.95650400793	1.95907125448	202.75880706	-27.9999628913	
7.18333333333	0.0	0.0	0.0 	0.0 	173.383333333 	13.0 	0.0 	0.0 	0.0 	-0.0 	13.0 	0.0 	0.0 	0.0 	7.90906048176	1.96503411532	202.880512948	-28.050594661	
7.2	0.0	0.0	0.0 	0.0 	173.6 	13.0 	0.0 	0.0 	0.0 	-0.0 	13.0 	0.0 	0.0 	0.0 	7.86161695559	1.97103274516	203.001184694	-28.1016474888	
7.21666666667	0.0	0.0	0.0 	0.0 	173.816666667 	13.0 	0.0 	0.0 	0.0 	-0.0 	13.0 	0.0 	0.0 	0.0 	7.81417342942	1.97706757571	203.120819788	-28.1531151318	
7.23333333333	0.0	0.0	0.0 	0.0 	174.033333333 	13.0 	0.0 	0.0 	0.0 	-0.0 	13.0 	0.0 	0.0 	0.0 	7.76672990325	1.98313904655	203.239415744	-28.2049912942	
7.25	0.0	0.0	0.0 	0.0 	174.25 	13.0 	0.0 	0.0 	0.0 	-0.0 	13.0 	0.0 	0.0 	0.0 	7.71928637708	1.98924760534	203.3569701	-28.2572696265	
7.26666666667	0.0	0.0	0.0 	0.0 	174.466666667 	13.0 	0.0 	0.0 	0.0 	-0.0 	13.0 	0.0 	0.0 	0.0 	7.67184285091	1.99539370795	203.473480416	-28.3099437255	
7.28333333333	0.0	0.0	0.0 	0.0 	174.683333333 	13.0 	0.0 	0.0 	0.0 	-0.0 	13.0 	0.0 	0.0 	0.0 	7.62439932473	2.00157781874	203.588944281	-28.3630071335	
7.3	0.0	0.0	0.0 	0.0 	174.9 	13.0 	0.0 	0.0 	0.0 	-0.0 	13.0 	0.0 	0.0 	0.0 	7.57695579856	2.00780041073	203.703359303	-28.4164533378	
7.31666666667	0.0	0.0	0.0 	0.0 	175.116666667 	13.0 	0.0 	0.0 	0.0 	-0.0 	13.0 	0.0 	0.0 	0.0 	7.52951227239	2.01406196583	203.816723123	-28.4702757699	
7.33333333333	0.0	0.0	0.0 	0.0 	175.333333333 	13.0 	0.0 	0.0 	0.0 	-0.0 	13.0 	0.0 	0.0 	0.0 	7.48206874622	2.02036297504	203.929033403	-28.5244678056	
7.35	0.0	0.0	0.0 	0.0 	175.55 	13.0 	0.0 	0.0 	0.0 	-0.0 	13.0 	0.0 	0.0 	0.0 	7.43462522005	2.02670393872	204.040287836	-28.5790227639	
7.36666666667	0.0	0.0	0.0 	0.0 	175.766666667 	13.0 	0.0 	0.0 	0.0 	-0.0 	13.0 	0.0 	0.0 	0.0 	7.38718169388	2.0330853668	204.150484141	-28.6339339068	
7.38333333333	0.0	0.0	0.0 	0.0 	175.983333333 	13.0 	0.0 	0.0 	0.0 	-0.0 	13.0 	0.0 	0.0 	0.0 	7.33973816771	2.03950777904	204.259620067	-28.6891944384	
7.4	0.0	0.0	0.0 	0.0 	176.2 	13.0 	0.0 	0.0 	0.0 	-0.0 	13.0 	0.0 	0.0 	0.0 	7.29229464154	2.04597170529	204.367693393	-28.7447975048	
7.41666666667	6.76640598229e-07	1.73389153296e-07	0.0 	0.0 	176.415849167 	12.9019 	0.0 	0.0 	0.0 	0.0 	12.95095 	-5.88599999916 	0.0 	0.0 	7.24485111537	2.05247768571	204.474701927	-28.8007361932	
7.43333333333	6.76640598229e-07	3.23492354755e-07	0.0 	0.0 	176.630063333 	12.8038 	0.0 	0.0 	0.0 	0.0 	12.85285 	-5.88599999916 	0.0 	0.0 	7.1974075892	2.0590262711	204.58064351	-28.8570035312	
7.45	6.76640598229e-07	4.50858218494e-07	0.0 	0.0 	176.8426425 	12.7057 	0.0 	0.0 	0.0 	0.0 	12.75475 	-5.88599999916 	0.0 	0.0 	7.14996406303	2.06561802314	204.685516012	-28.9135924869	
7.46666666667	6.76640598229e-07	5.56622462258e-07	0.0 	0.0 	177.053586667 	12.6076000001 	0.0 	0.0 	0.0 	0.0 	12.65665 	-5.88599999916 	0.0 	0.0 	7.10252053686	2.0722535147	204.789317339	-28.9704959675	
7.48333333333	6.76640598229e-07	6.42340317925e-07	0.0 	0.0 	177.262895833 	12.5095000001 	0.0 	0.0 	0.0 	0.0 	12.5585500001 	-5.88599999916 	0.0 	0.0 	7.05507701069	2.07893333012	204.89204543	-29.0277068193	
7.5	6.76640598229e-07	7.09843539826e-07	0.0 	0.0 	177.47057 	12.4114000001 	0.0 	0.0 	0.0 	0.0 	12.4604500001 	-5.88599999916 	0.0 	0.0 	7.00763348451	2.08565806552	204.993698256	-29.0852178269	
7.51666666667	6.76640598229e-07	7.61120944875e-07	0.0 	0.0 	177.676609167 	12.3133000001 	0.0 	0.0 	0.0 	0.0 	12.3623500001 	-5.88599999916 	0.0 	0.0 	6.96018995834	2.09242832916	205.094273826	-29.1430217125	
7.53333333333	-7.77136639791e-07	4.25690505712e-07	0.0 	0.0 	177.881013333 	12.2152000001 	0.0 	0.0 	0.0 	0.0 	12.2642500001 	-5.88599999911 	0.0 	0.0 	6.91274643217	2.09924474171	205.193770185	-29.2011111354	
7.55	-7.77136639791e-07	1.28143567064e-07	0.0 	0.0 	178.0837825 	12.1171000001 	0.0 	0.0 	0.0 	0.0 	12.1661500001 	-5.88599999911 	0.0 	0.0 	6.865302906	2.10610793663	205.292185414	-29.2594786916	
7.56666666667	-7.77136639791e-07	-1.30745316853e-07	0.0 	0.0 	178.284916667 	12.0190000001 	0.0 	0.0 	0.0 	-0.0 	12.0680500001 	-5.88599999911 	0.0 	0.0 	6.81785937983	2.1130185605	205.389517633	-29.3181169127	
7.58333333333	-7.77136639791e-07	-3.5158393073e-07	0.0 	0.0 	178.484415833 	11.9209000002 	0.0 	0.0 	0.0 	-0.0 	11.9699500002 	-5.88599999911 	0.0 	0.0 	6.77041585366	2.11997727342	205.485765001	-29.3770182657	
7.6	-7.77136639791e-07	-5.36032378643e-07	0.0 	0.0 	178.68228 	11.8228000002 	0.0 	0.0 	0.0 	-0.0 	11.8718500002 	-5.88599999911 	0.0 	0.0 	6.72297232749	2.12698474936	205.580925717	-29.4361751524	
7.61666666667	-7.77136639791e-07	-6.86514433936e-07	0.0 	0.0 	178.878509167 	11.7247000002 	0.0 	0.0 	0.0 	-0.0 	11.7737500002 	-5.88599999911 	0.0 	0.0 	6.67552880132	2.13404167654	205.674998022	-29.4955799083	
7.63333333333	-7.77136639791e-07	-8.05969970722e-07	0.0 	0.0 	179.073103333 	11.6266000002 	0.0 	0.0 	0.0 	-0.0 	11.6756500002 	-5.88599999911 	0.0 	0.0 	6.62808527515	2.14114875788	205.767980198	-29.5552248024	
7.65	-2.28896032165e-07	-7.57160314435e-07	0.0 	0.0 	179.2660625 	11.5285000002 	0.0 	0.0 	0.0 	-0.0 	11.5775500002 	-5.88599999994 	0.0 	0.0 	6.58064174898	2.14830671138	205.859870571	-29.6151020364	
7.66666666667	-2.28896032165e-07	-7.02824571991e-07	0.0 	0.0 	179.457386667 	11.4304000002 	0.0 	0.0 	0.0 	-0.0 	11.4794500002 	-5.88599999994 	0.0 	0.0 	6.53319822281	2.15551627056	205.950667512	-29.6752037443	
7.68333333333	-2.28896032165e-07	-6.45904104728e-07	0.0 	0.0 	179.647075833 	11.3323000002 	0.0 	0.0 	0.0 	-0.0 	11.3813500002 	-5.88599999994 	0.0 	0.0 	6.48575469664	2.16277818495	206.040369436	-29.7355219911	
7.7	-2.28896032165e-07	-5.88759240332e-07	0.0 	0.0 	179.83513 	11.2342000002 	0.0 	0.0 	0.0 	-0.0 	11.2832500002 	-5.88599999994 	0.0 	0.0 	6.43831117046	2.1700932205	206.128974806	-29.7960487728	
7.71666666667	-2.28896032165e-07	-5.33226245169e-07	0.0 	0.0 	180.021549167 	11.1361000002 	0.0 	0.0 	0.0 	-0.0 	11.1851500002 	-5.88599999994 	0.0 	0.0 	6.39086764429	2.17746216011	206.216482134	-29.8567760154	
7.73333333333	-2.28896032165e-07	-4.80677854762e-07	0.0 	0.0 	180.206333333 	11.0380000002 	0.0 	0.0 	0.0 	-0.0 	11.0870500002 	-5.88599999994 	0.0 	0.0 	6.34342411812	2.18488580409	206.302889978	-29.9176955745	
7.75	6.15807359839e-07	-2.15629426039e-07	0.0 	0.0 	180.3894825 	10.9399000002 	0.0 	0.0 	0.0 	-0.0 	10.9889500002 	-5.88599999964 	0.0 	0.0 	6.29598059195	2.19236497075	206.388196949	-29.9787992341	
7.76666666667	6.15807359839e-07	1.57655057801e-08	0.0 	0.0 	180.570996667 	10.8418000002 	0.0 	0.0 	0.0 	0.0 	10.8908500002 	-5.88599999964 	0.0 	0.0 	6.24853706578	2.19990049687	206.472401709	-30.0400787065	
7.78333333333	6.15807359839e-07	2.13847885879e-07	0.0 	0.0 	180.750875833 	10.7437000002 	0.0 	0.0 	0.0 	0.0 	10.7927500002 	-5.88599999964 	0.0 	0.0 	6.20109353961	2.20749323828	206.555502974	-30.1015256313	
7.8	6.15807359839e-07	3.79922964017e-07	0.0 	0.0 	180.92912 	10.6456000002 	0.0 	0.0 	0.0 	0.0 	10.6946500002 	-5.88599999964 	0.0 	0.0 	6.15365001344	2.21514407049	206.637499513	-30.1631315746	
7.81666666667	6.15807359839e-07	5.16002536944e-07	0.0 	0.0 	181.105729167 	10.5475000002 	0.0 	0.0 	0.0 	0.0 	10.5965500002 	-5.88599999964 	0.0 	0.0 	6.10620648727	2.22285388923	206.71839015	-30.2248880287	
7.83333333333	6.15807359839e-07	6.24583106677e-07	0.0 	0.0 	181.280703333 	10.4494000002 	0.0 	0.0 	0.0 	0.0 	10.4984500002 	-5.88599999964 	0.0 	0.0 	6.0587629611	2.23062361111	206.79817377	-30.2867864109	
7.85	6.15807359839e-07	7.08458806132e-07	0.0 	0.0 	181.4540425 	10.3513000003 	0.0 	0.0 	0.0 	0.0 	10.4003500002 	-5.88599999964 	0.0 	0.0 	6.01131943493	2.23845417429	206.876849314	-30.3488180633	
7.86666666667	1.39505394015e-06	9.70249051718e-07	0.0 	0.0 	181.625746667 	10.2532000003 	0.0 	0.0 	0.0 	0.0 	10.3022500003 	-5.88599999856 	0.0 	0.0 	5.96387590876	2.24634653914	206.954415783	-30.4109742517	
7.88333333333	1.39505394015e-06	1.18641164481e-06	0.0 	0.0 	181.795815833 	10.1551000003 	0.0 	0.0 	0.0 	0.0 	10.2041500003 	-5.88599999856 	0.0 	0.0 	5.91643238259	2.25430168892	207.030872241	-30.4732461648	
7.9	1.39505394015e-06	1.36045772619e-06	0.0 	0.0 	181.96425 	10.0570000003 	0.0 	0.0 	0.0 	0.0 	10.1060500003 	-5.88599999856 	0.0 	0.0 	5.86898885642	2.2623206306	207.106217815	-30.5356249139	
7.91666666667	1.39505394015e-06	1.49642457094e-06	0.0 	0.0 	182.131049167 	9.95890000035 	0.0 	0.0 	0.0 	0.0 	10.0079500003 	-5.88599999856 	0.0 	0.0 	5.82154533024	2.2704043955	207.180451699	-30.5981015319	
7.93333333333	1.39505394015e-06	1.59863104341e-06	0.0 	0.0 	182.296213333 	9.86080000037 	0.0 	0.0 	0.0 	0.0 	9.90985000036 	-5.88599999856 	0.0 	0.0 	5.77410180407	2.27855404023	207.25357315	-30.6606669726	
7.95	1.39505394015e-06	1.6714792751e-06	0.0 	0.0 	182.4597425 	9.76270000039 	0.0 	0.0 	0.0 	0.0 	9.81175000038 	-5.88599999856 	0.0 	0.0 	5.7266582779	2.28677064738	207.325581497	-30.72331211	
7.96666666667	-6.9146171123e-07	1.18462872728e-06	0.0 	0.0 	182.621636667 	9.6646000004 	0.0 	0.0 	0.0 	0.0 	9.7136500004 	-5.88599999972 	0.0 	0.0 	5.67921475173	2.29505532648	207.396476138	-30.7860277374	
7.98333333333	-6.9146171123e-07	7.48691726508e-07	0.0 	0.0 	182.781895833 	9.5665000004 	0.0 	0.0 	0.0 	0.0 	9.6155500004 	-5.88599999972 	0.0 	0.0 	5.63177122556	2.30340921487	207.466256544	-30.8488045669	
8.0	-6.9146171123e-07	3.65835755984e-07	0.0 	0.0 	182.94052 	9.46840000041 	0.0 	0.0 	0.0 	0.0 	9.51745000041 	-5.88599999972 	0.0 	0.0 	5.58432769939	2.31183347862	207.534922258	-30.9116332285	
8.01666666667	-6.9146171123e-07	3.60818329767e-08	0.0 	0.0 	183.097509167 	9.37030000041 	0.0 	0.0 	0.0 	0.0 	9.41935000041 	-5.88599999972 	0.0 	0.0 	5.53688417322	2.32032931352	207.602472902	-30.9745042694	
8.03333333333	-6.9146171123e-07	-2.4221319311e-07	0.0 	0.0 	183.252863333 	9.27220000042 	0.0 	0.0 	0.0 	-0.0 	9.32125000042 	-5.88599999972 	0.0 	0.0 	5.48944064705	2.32889794611	207.668908175	-31.0374081531	
8.05	-6.9146171123e-07	-4.71930854519e-07	0.0 	0.0 	183.4065825 	9.17410000042 	0.0 	0.0 	0.0 	-0.0 	9.22315000042 	-5.88599999972 	0.0 	0.0 	5.44199712088	2.33754063472	207.734227856	-31.1003352589	
8.06666666667	-6.9146171123e-07	-6.56822381383e-07	0.0 	0.0 	183.558666667 	9.07600000043 	0.0 	0.0 	0.0 	-0.0 	9.12505000042 	-5.88599999972 	0.0 	0.0 	5.39455359471	2.3462586706	207.798431805	-31.1632758811	
8.08333333333	2.98771198484e-06	1.41592465858e-07	0.0 	0.0 	183.709115833 	8.97790000049 	0.0 	0.0 	0.0 	0.0 	9.02695000046 	-5.8859999961 	0.0 	0.0 	5.34711006854	2.35505337907	207.861519969	-31.226220228	
8.1	2.98771198484e-06	8.49305207437e-07	0.0 	0.0 	183.85793 	8.87980000056 	0.0 	0.0 	0.0 	0.0 	8.92885000052 	-5.8859999961 	0.0 	0.0 	5.29966654237	2.36392612071	207.92349238	-31.2891584213	
8.11666666667	2.98771198484e-06	1.46460779396e-06	0.0 	0.0 	184.005109167 	8.78170000062 	0.0 	0.0 	0.0 	0.0 	8.83075000059 	-5.8859999961 	0.0 	0.0 	5.25222301619	2.37287829266	207.984349161	-31.3520804955	
8.13333333333	2.98771198484e-06	1.98906430447e-06	0.0 	0.0 	184.150653334 	8.68360000069 	0.0 	0.0 	0.0 	0.0 	8.73265000065 	-5.8859999961 	0.0 	0.0 	5.20477949002	2.38191132992	208.044090524	-31.4149763969	
8.15	2.98771198484e-06	2.42672584013e-06	0.0 	0.0 	184.2945625 	8.58550000075 	0.0 	0.0 	0.0 	0.0 	8.63455000072 	-5.8859999961 	0.0 	0.0 	5.15733596385	2.39102670671	208.102716777	-31.4778359829	
8.16666666667	2.98771198484e-06	2.78344434729e-06	0.0 	0.0 	184.436836667 	8.48740000082 	0.0 	0.0 	0.0 	0.0 	8.53645000078 	-5.8859999961 	0.0 	0.0 	5.10989243768	2.40022593796	208.160228323	-31.5406490214	
8.18333333333	2.98771198484e-06	3.06628455402e-06	0.0 	0.0 	184.577475834 	8.38930000088 	0.0 	0.0 	0.0 	0.0 	8.43835000085 	-5.8859999961 	0.0 	0.0 	5.06244891151	2.40951058079	208.216625666	-31.6034051899	
8.2	8.32929328186e-06	4.6518105288e-06	0.0 	0.0 	184.71648 	8.29120000125 	0.0 	0.0 	0.0 	0.0 	8.34025000107 	-5.88599997788 	0.0 	0.0 	5.01500538534	2.41888223609	208.27190941	-31.6660940746	
8.21666666667	8.32929328186e-06	5.99551449529e-06	0.0 	0.0 	184.853849167 	8.19310000162 	0.0 	0.0 	0.0 	0.0 	8.24215000144 	-5.88599997788 	0.0 	0.0 	4.96756185917	2.42834255019	208.326080264	-31.7287051703	
8.23333333333	8.32929328186e-06	7.1098156564e-06	0.0 	0.0 	184.989583334 	8.09500000199 	0.0 	0.0 	0.0 	0.0 	8.1440500018 	-5.88599997788 	0.0 	0.0 	4.920118333	2.4378932166	208.379139047	-31.7912278787	
8.25	8.32929328186e-06	8.01150773206e-06	0.0 	0.0 	185.1236825 	7.99690000236 	0.0 	0.0 	0.0 	0.0 	8.04595000217 	-5.88599997788 	0.0 	0.0 	4.87267480683	2.4475359778	208.431086684	-31.8536515087	
8.26666666667	8.32929328186e-06	8.72024988912e-06	0.0 	0.0 	185.256146667 	7.89880000273 	0.0 	0.0 	0.0 	0.0 	7.94785000254 	-5.88599997788 	0.0 	0.0 	4.82523128066	2.45727262718	208.481924217	-31.9159652747	
8.28333333333	8.32929328186e-06	9.25730766687e-06	0.0 	0.0 	185.386975834 	7.80070000309 	0.0 	0.0 	0.0 	0.0 	7.84975000291 	-5.88599997788 	0.0 	0.0 	4.77778775449	2.46710501105	208.531652805	-31.9781582969	
8.3	-3.19939612211e-07	7.42816106599e-06	0.0 	0.0 	185.51617 	7.70260000309 	0.0 	0.0 	0.0 	0.0 	7.75165000309 	-5.88599999998 	0.0 	0.0 	4.73034422832	2.47703503067	208.580273723	-32.0402195996	
8.31666666667	-3.19939612211e-07	5.76844430411e-06	0.0 	0.0 	185.643729167 	7.60450000309 	0.0 	0.0 	0.0 	0.0 	7.65355000309 	-5.88599999998 	0.0 	0.0 	4.68290070215	2.48706464456	208.627788375	-32.1021381113	
8.33333333333	-3.19939612211e-07	4.29190181627e-06	0.0 	0.0 	185.769653334 	7.5064000031 	0.0 	0.0 	0.0 	0.0 	7.5554500031 	-5.88599999998 	0.0 	0.0 	4.63545717597	2.49719587074	208.674198286	-32.1639026636	
8.35	-3.19939612211e-07	3.00346134356e-06	0.0 	0.0 	185.893942501 	7.4083000031 	0.0 	0.0 	0.0 	0.0 	7.4573500031 	-5.88599999998 	0.0 	0.0 	4.5880136498	2.50743078918	208.719505115	-32.2255019908	
8.36666666667	-3.19939612211e-07	1.90106369733e-06	0.0 	0.0 	186.016596667 	7.3102000031 	0.0 	0.0 	0.0 	0.0 	7.3592500031 	-5.88599999998 	0.0 	0.0 	4.54057012363	2.51777154442	208.763710655	-32.2869247288	
8.38333333333	-3.19939612211e-07	9.77299168088e-07	0.0 	0.0 	186.137615834 	7.2121000031 	0.0 	0.0 	0.0 	0.0 	7.2611500031 	-5.88599999998 	0.0 	0.0 	4.49312659746	2.52822034818	208.806816836	-32.3481594152	
8.4	-3.19939612211e-07	2.20842946038e-07	0.0 	0.0 	186.257000001 	7.1140000031 	0.0 	0.0 	0.0 	0.0 	7.1630500031 	-5.88599999998 	0.0 	0.0 	4.44568307129	2.53877948226	208.848825729	-32.4091944882	
8.41666666667	-3.95188618556e-06	-1.31299639042e-06	0.0 	0.0 	186.374749168 	7.01590000314 	0.0 	0.0 	0.0 	-0.0 	7.06495000312 	-5.88599999743 	0.0 	0.0 	4.39823954512	2.5494513015	208.889739552	-32.4700182861	
8.43333333333	-3.95188618556e-06	-2.58418718227e-06	0.0 	0.0 	186.490863334 	6.91780000318 	0.0 	0.0 	0.0 	-0.0 	6.96685000316 	-5.88599999743 	0.0 	0.0 	4.35079601895	2.56023823698	208.929560673	-32.5306190467	
8.45	-3.95188618556e-06	-3.6121006398e-06	0.0 	0.0 	186.605342501 	6.81970000323 	0.0 	0.0 	0.0 	-0.0 	6.8687500032 	-5.88599999743 	0.0 	0.0 	4.30335249278	2.57114279926	208.968291615	-32.5909849072	
8.46666666667	-3.95188618556e-06	-4.4193518677e-06	0.0 	0.0 	186.718186668 	6.72160000327 	0.0 	0.0 	0.0 	-0.0 	6.77065000325 	-5.88599999743 	0.0 	0.0 	4.25590896661	2.58216758197	209.005935059	-32.6511039032	
8.48333333333	-3.95188618556e-06	-5.03036326675e-06	0.0 	0.0 	186.829395834 	6.62350000331 	0.0 	0.0 	0.0 	-0.0 	6.67255000329 	-5.88599999743 	0.0 	0.0 	4.20846544044	2.59331526548	209.04249385	-32.7109639684	
8.5	-3.95188618556e-06	-5.47019469223e-06	0.0 	0.0 	186.938970001 	6.52540000335 	0.0 	0.0 	0.0 	-0.0 	6.57445000333 	-5.88599999743 	0.0 	0.0 	4.16102191427	2.60458862077	209.077971001	-32.7705529343	
8.51666666667	-3.95188618556e-06	-5.76361690614e-06	0.0 	0.0 	187.046909168 	6.4273000034 	0.0 	0.0 	0.0 	-0.0 	6.47635000338 	-5.88599999743 	0.0 	0.0 	4.1135783881	2.61599051366	209.112369701	-32.82985853	
8.53333333333	-9.36919093605e-06	-7.32258687922e-06	0.0 	0.0 	187.153213335 	6.32920000356 	0.0 	0.0 	0.0 	-0.0 	6.37825000348 	-5.88599999036 	0.0 	0.0 	4.06613486192	2.62752390909	209.145693314	-32.8888683814	
8.55	-9.36919093605e-06	-8.59474498513e-06	0.0 	0.0 	187.257882501 	6.23110000372 	0.0 	0.0 	0.0 	-0.0 	6.28015000364 	-5.88599999036 	0.0 	0.0 	4.01869133575	2.63919187579	209.177945391	-32.9475700112	
8.56666666667	-9.36919093605e-06	-9.60486895318e-06	0.0 	0.0 	187.360916668 	6.13300000388 	0.0 	0.0 	0.0 	-0.0 	6.1820500038 	-5.88599999036 	0.0 	0.0 	3.97124780958	2.65099759119	209.20912967	-33.0059508388	
8.58333333333	-9.36919093605e-06	-1.03803500904e-05	0.0 	0.0 	187.462315835 	6.03490000404 	0.0 	0.0 	0.0 	-0.0 	6.08395000396 	-5.88599999036 	0.0 	0.0 	3.92380428341	2.66294434657	209.239250087	-33.06399818	
8.6	-9.36919093605e-06	-1.09497492481e-05	0.0 	0.0 	187.562080001 	5.9368000042 	0.0 	0.0 	0.0 	-0.0 	5.98585000412 	-5.88599999036 	0.0 	0.0 	3.87636075724	2.67503555265	209.268310778	-33.1216992469	
8.61666666667	-9.36919093605e-06	-1.13416411481e-05	0.0 	0.0 	187.660209168 	5.83870000436 	0.0 	0.0 	0.0 	-0.0 	5.88775000428 	-5.88599999036 	0.0 	0.0 	3.82891723107	2.68727474532	209.296316086	-33.1790411479	
8.63333333333	-9.36919093605e-06	-1.15837183015e-05	0.0 	0.0 	187.756703335 	5.74060000452 	0.0 	0.0 	0.0 	-0.0 	5.78965000444 	-5.88599999036 	0.0 	0.0 	3.7814737049	2.69966559195	209.323270568	-33.2360108878	
8.65	-4.90019766829e-06	-1.05569445904e-05	0.0 	0.0 	187.851562502 	5.64250000455 	0.0 	0.0 	0.0 	-0.0 	5.69155000454 	-5.88599999832 	0.0 	0.0 	3.73403017873	2.71221189793	209.349179003	-33.292595368	
8.66666666667	-4.90019766829e-06	-9.58442162289e-06	0.0 	0.0 	187.944786668 	5.54440000458 	0.0 	0.0 	0.0 	-0.0 	5.59345000456 	-5.88599999832 	0.0 	0.0 	3.68658665256	2.72491761371	209.374046395	-33.3487813865	
8.68333333333	-4.90019766829e-06	-8.68433432452e-06	0.0 	0.0 	188.036375835 	5.44630000461 	0.0 	0.0 	0.0 	-0.0 	5.49535000459 	-5.88599999832 	0.0 	0.0 	3.63914312639	2.73778684225	209.397877985	-33.4045556385	
8.7	-4.90019766829e-06	-7.86851239778e-06	0.0 	0.0 	188.126330002 	5.34820000463 	0.0 	0.0 	0.0 	-0.0 	5.39725000462 	-5.88599999832 	0.0 	0.0 	3.59169960022	2.75082384699	209.420679254	-33.4599047168	
8.71666666667	-4.90019766829e-06	-7.14349056926e-06	0.0 	0.0 	188.214649169 	5.25010000466 	0.0 	0.0 	0.0 	-0.0 	5.29915000465 	-5.88599999832 	0.0 	0.0 	3.54425607405	2.7640330603	209.442455934	-33.5148151121	
8.73333333333	-4.90019766829e-06	-6.511495749e-06	0.0 	0.0 	188.301333335 	5.15200000469 	0.0 	0.0 	0.0 	-0.0 	5.20105000468 	-5.88599999832 	0.0 	0.0 	3.49681254788	2.77741909257	209.463214014	-33.5692732142	
8.75	-4.90019766829e-06	-5.97134669828e-06	0.0 	0.0 	188.386382502 	5.05390000472 	0.0 	0.0 	0.0 	-0.0 	5.1029500047 	-5.88599999832 	0.0 	0.0 	3.4493690217	2.79098674183	209.48295975	-33.6232653122	
8.76666666667	-4.81675249191e-06	-5.49787495033e-06	0.0 	0.0 	188.469796669 	4.95580000473 	0.0 	0.0 	0.0 	-0.0 	5.00485000473 	-5.88599999903 	0.0 	0.0 	3.40192549553	2.80474100409	209.501699672	-33.676777596	
8.78333333333	-4.81675249191e-06	-5.10964926885e-06	0.0 	0.0 	188.551575836 	4.85770000475 	0.0 	0.0 	0.0 	-0.0 	4.90675000474 	-5.88599999903 	0.0 	0.0 	3.35448196936	2.8186870844	209.519440594	-33.7297961573	
8.8	-4.81675249191e-06	-4.79962134142e-06	0.0 	0.0 	188.631720002 	4.75960000477 	0.0 	0.0 	0.0 	-0.0 	4.80865000476 	-5.88599999903 	0.0 	0.0 	3.30703844319	2.83283040865	209.536189621	-33.7823069908	
8.81666666667	-4.81675249191e-06	-4.55988504612e-06	0.0 	0.0 	188.710229169 	4.66150000478 	0.0 	0.0 	0.0 	-0.0 	4.71055000477 	-5.88599999903 	0.0 	0.0 	3.25959491702	2.84717663624	209.551954166	-33.8342959959	
8.83333333333	-4.81675249191e-06	-4.38211652494e-06	0.0 	0.0 	188.787103336 	4.5634000048 	0.0 	0.0 	0.0 	-0.0 	4.61245000479 	-5.88599999903 	0.0 	0.0 	3.21215139085	2.86173167372	209.566741949	-33.8857489782	
8.85	-4.81675249191e-06	-4.25792829499e-06	0.0 	0.0 	188.862342503 	4.46530000482 	0.0 	0.0 	0.0 	-0.0 	4.51435000481 	-5.88599999903 	0.0 	0.0 	3.16470786468	2.87650168932	209.580561018	-33.9366516519	
8.86666666667	-2.21356269333e-06	-3.51207828705e-06	0.0 	0.0 	188.935946669 	4.36720000482 	0.0 	0.0 	0.0 	-0.0 	4.41625000482 	-5.88599999987 	0.0 	0.0 	3.11726433851	2.89149312872	209.593419754	-33.9869896413	
8.88333333333	-2.21356269333e-06	-2.89346591859e-06	0.0 	0.0 	189.007915836 	4.26910000482 	0.0 	0.0 	0.0 	-0.0 	4.31815000482 	-5.88599999987 	0.0 	0.0 	3.06982081234	2.90671273188	209.605326883	-34.0367484842	
8.9	-2.21356269333e-06	-2.39279435724e-06	0.0 	0.0 	189.078250003 	4.17100000482 	0.0 	0.0 	0.0 	-0.0 	4.22005000482 	-5.88599999987 	0.0 	0.0 	3.02237728617	2.92216755126	209.616291491	-34.085913634	
8.91666666667	-2.21356269333e-06	-1.9991729077e-06	0.0 	0.0 	189.14694917 	4.07290000482 	0.0 	0.0 	0.0 	-0.0 	4.12195000482 	-5.88599999987 	0.0 	0.0 	2.97493376	2.93786497143	209.626323033	-34.1344704628	
8.93333333333	-2.21356269333e-06	-1.70081596511e-06	0.0 	0.0 	189.214013336 	3.97480000483 	0.0 	0.0 	0.0 	-0.0 	4.02385000482 	-5.88599999987 	0.0 	0.0 	2.92749023383	2.95381273027	209.635431348	-34.1824042656	
8.95	-2.21356269333e-06	-1.48561266986e-06	0.0 	0.0 	189.279442503 	3.87670000483 	0.0 	0.0 	0.0 	-0.0 	3.92575000483 	-5.88599999987 	0.0 	0.0 	2.88004670765	2.97001894186	209.643626673	-34.2297002631	
8.96666666667	-2.21356269333e-06	-1.34157855427e-06	0.0 	0.0 	189.34323667 	3.77860000483 	0.0 	0.0 	0.0 	-0.0 	3.82765000483 	-5.88599999987 	0.0 	0.0 	2.83260318148	2.98649212129	209.650919655	-34.2763436069	
8.98333333333	2.8500129551e-06	4.03396408733e-08	0.0 	0.0 	189.405395837 	3.68050000483 	0.0 	0.0 	0.0 	0.0 	3.72955000483 	-5.88599999989 	0.0 	0.0 	2.78515965531	3.00324121148	209.657321368	-34.3223193837	
9.0	2.8500129551e-06	1.19912853318e-06	0.0 	0.0 	189.465920003 	3.58240000483 	0.0 	0.0 	0.0 	0.0 	3.63145000483 	-5.88599999989 	0.0 	0.0 	2.73771612914	3.02027561239	209.662843326	-34.3676126206	
9.01666666667	2.8500129551e-06	2.1487800629e-06	0.0 	0.0 	189.52480917 	3.48430000484 	0.0 	0.0 	0.0 	0.0 	3.53335000483 	-5.88599999989 	0.0 	0.0 	2.69027260297	3.03760521266	209.667497504	-34.412208291	
9.03333333333	2.8500129551e-06	2.90667352632e-06	0.0 	0.0 	189.582063337 	3.38620000484 	0.0 	0.0 	0.0 	0.0 	3.43525000484 	-5.88599999989 	0.0 	0.0 	2.6428290768	3.0552404241	209.671296348	-34.456091321	
9.05	2.8500129551e-06	3.49227031762e-06	0.0 	0.0 	189.637682504 	3.28810000484 	0.0 	0.0 	0.0 	0.0 	3.33715000484 	-5.88599999989 	0.0 	0.0 	2.59538555063	3.07319221923	209.6742528	-34.4992465961	
9.06666666667	2.8500129551e-06	3.92603728829e-06	0.0 	0.0 	189.69166667 	3.19000000484 	0.0 	0.0 	0.0 	0.0 	3.23905000484 	-5.88599999989 	0.0 	0.0 	2.54794202446	3.09147217235	209.67638031	-34.5416589694	
9.08333333333	3.07572383656e-06	4.28641934353e-06	0.0 	0.0 	189.744015837 	3.09190000484 	0.0 	0.0 	0.0 	0.0 	3.14095000484 	-5.88599999994 	0.0 	0.0 	2.50049849829	3.11009250425	209.677692861	-34.5833132699	
9.1	3.07572383656e-06	4.52788120174e-06	0.0 	0.0 	189.794730004 	2.99380000484 	0.0 	0.0 	0.0 	0.0 	3.04285000484 	-5.88599999994 	0.0 	0.0 	2.45305497212	3.12906613139	209.678204985	-34.6241943118	
9.11666666667	3.07572383656e-06	4.6696342242e-06	0.0 	0.0 	189.843809171 	2.89570000484 	0.0 	0.0 	0.0 	0.0 	2.94475000484 	-5.88599999994 	0.0 	0.0 	2.40561144595	3.14840671964	209.677931787	-34.6642869051	
9.13333333333	3.07572383656e-06	4.72968311699e-06	0.0 	0.0 	189.891253337 	2.79760000484 	0.0 	0.0 	0.0 	0.0 	2.84665000484 	-5.88599999994 	0.0 	0.0 	2.35816791978	3.16812874343	209.676888967	-34.7035758668	
9.15	3.07572383656e-06	4.72453478138e-06	0.0 	0.0 	189.937062504 	2.69950000485 	0.0 	0.0 	0.0 	0.0 	2.74855000485 	-5.88599999994 	0.0 	0.0 	2.31072439361	3.18824755082	209.675092842	-34.7420460334	
9.16666666667	3.07572383656e-06	4.66901947927e-06	0.0 	0.0 	189.981236671 	2.60140000485 	0.0 	0.0 	0.0 	0.0 	2.65045000485 	-5.88599999994 	0.0 	0.0 	2.26328086743	3.20851754707	209.672570229	-34.7796829369	
9.18333333333	3.07572383656e-06	4.57620463129e-06	0.0 	0.0 	190.023775838 	2.50330000485 	0.0 	0.0 	0.0 	0.0 	2.55235000485 	-5.88599999994 	0.0 	0.0 	2.21583734126	3.22565020859	209.669469585	-34.8164831662	
9.2	-3.12108165616e-07	3.58925114872e-06	0.0 	0.0 	190.064680004 	2.40520000485 	0.0 	0.0 	0.0 	0.0 	2.45425000485 	-5.886 	0.0 	0.0 	2.16839381509	3.24016274266	209.665913038	-34.8524476364	
9.21666666667	-3.12108165616e-07	2.70244472115e-06	0.0 	0.0 	190.103949171 	2.30710000485 	0.0 	0.0 	0.0 	0.0 	2.35615000485 	-5.886 	0.0 	0.0 	2.12095028892	3.25248572027	209.66200109	-34.8875796814	
9.23333333333	-3.12108165616e-07	1.92096496207e-06	0.0 	0.0 	190.141583338 	2.20900000485 	0.0 	0.0 	0.0 	0.0 	2.25805000485 	-5.886 	0.0 	0.0 	2.07350676275	3.26297759821	209.657816508	-34.9218838425	
9.25	-3.12108165616e-07	1.24553461355e-06	0.0 	0.0 	190.177582505 	2.11090000485 	0.0 	0.0 	0.0 	0.0 	2.15995000485 	-5.886 	0.0 	0.0 	2.02606323658	3.27193680435	209.653427536	-34.955365119	
9.26666666667	-3.12108165616e-07	6.73399756593e-07	0.0 	0.0 	190.211946671 	2.01280000485 	0.0 	0.0 	0.0 	0.0 	2.06185000485 	-5.886 	0.0 	0.0 	1.97861971041	3.27961179562	209.648890516	-34.9880285184	
9.28333333333	-3.12108165616e-07	1.99198119884e-07	0.0 	0.0 	190.244675838 	1.91470000485 	0.0 	0.0 	0.0 	0.0 	1.96375000485 	-5.886 	0.0 	0.0 	1.93117618424	3.2862094295	209.644252049	-35.0198788023	
9.3	-1.76613423886e-05	-4.63002773963e-06	0.0 	0.0 	190.275770005 	1.81660000485 	0.0 	0.0 	0.0 	-0.0 	1.86565000485 	-5.88599999973 	0.0 	0.0 	1.88373265807	3.29190193189	209.639550757	-35.050920356	
9.31666666667	-1.76613423886e-05	-8.77990636354e-06	0.0 	0.0 	190.305229172 	1.71850000486 	0.0 	0.0 	0.0 	-0.0 	1.76755000485 	-5.88599999973 	0.0 	0.0 	1.8362891319	3.29683269722	209.634818724	-35.0811571349	
9.33333333333	-1.76613423886e-05	-1.22736071729e-05	0.0 	0.0 	190.333053338 	1.62040000486 	0.0 	0.0 	0.0 	-0.0 	1.66945000486 	-5.88599999973 	0.0 	0.0 	1.90351709841	3.3011211165	209.629779077	-35.1124795817	
9.35	-1.76613423886e-05	-1.51495920256e-05	-3.56008898881e-08 	-3.1824004345e-06 	190.359242505 	1.52230000487 	-1.42403559552e-08 	-1.2817710638e-06 	-2.13605339328e-06 	-0.00019094402607 	1.57135000486 	-5.88599999973 	-8.54421357314e-07 	-7.69062638283e-05 	1.97045800337	3.30469479925	209.624446362	-35.1448846931	
9.36666666667	-1.76613423886e-05	-1.74569724853e-05	-1.23502999786e-07 	-6.23524569012e-06 	190.383796672 	1.42420000487 	-4.94105126019e-08 	-2.52349979348e-06 	-5.27412659385e-06 	-0.000183170715338 	1.47325000487 	-5.88599999972 	-2.1102093988e-06 	-7.45037237803e-05 	2.0371130725	3.3076728682	209.618833512	-35.1783694117	
9.38333333333	-1.76613423886e-05	-1.9251578901e-05	-2.60231966728e-07 	-8.63551802346e-06 	190.406715839 	1.32610000488 	-1.04143729916e-07 	-3.93999051924e-06 	-8.20373801655e-06 	-0.00014401634 	1.37515000487 	-5.8859999997 	-3.28399303887e-06 	-8.49894435455e-05 	2.10348352632	3.31015459232	209.612952003	-35.2129305941	
9.4	-1.76613423886e-05	-2.05927039822e-05	-4.06355985509e-07 	-8.55165860827e-06 	190.428000005 	1.22800000488 	-1.6981023857e-07 	-3.93999051924e-06 	-8.76744112684e-06 	5.03156491181e-06 	1.27705000488 	-5.8859999997 	-3.93999051924e-06 	-0.0 	2.16957058013	3.31222269576	209.606811999	-35.2485649946	
9.41666666667	-2.26670423969e-05	-2.28231814974e-05	-5.78151582549e-07 	-1.01698337569e-05 	190.447649172 	1.12990000488 	-2.52242986199e-07 	-5.91377498789e-06 	-1.03077358224e-05 	-9.70905089186e-05 	1.17895000488 	-5.8859999999 	-4.94596485773e-06 	-0.000118427068119 	2.23537544405	3.31394611529	209.600422499	-35.2852692586	
9.43333333333	-2.26670423969e-05	-2.45469222249e-05	-7.5216590065e-07 	-1.00633020282e-05 	190.465663339 	1.03180000488 	-3.50805902664e-07 	-5.91377498789e-06 	-1.04408590861e-05 	6.39190372454e-06 	1.08085000488 	-5.88599999989 	-5.91377498789e-06 	-0.0 	2.30089932301	3.31538229823	209.593791455	-35.3230399226	
9.45	-2.26670423969e-05	-2.5824075044e-05	-9.25606651101e-07 	-9.96643932153e-06 	190.482042506 	0.933700004886 	-4.49368819129e-07 	-5.91377498789e-06 	-1.0406445027e-05 	5.81176239824e-06 	0.982750004881 	-5.88599999989 	-5.91377498789e-06 	-0.0 	2.3661434168	3.31657911735	209.5869259	-35.3618734192	
9.46666666667	-2.26670423969e-05	-2.5824075044e-05	-9.25606651101e-07 	0.0 	190.482042506 	0.0 	-4.49368819129e-07 	0.0 	0.0 	0.0 	0.0 	0.0 	0.0 	0.0 	0.0	3.31657911735	209.5869259	-35.3618734192	
9.48333333333	-2.26670423969e-05	-2.5824075044e-05	-9.25606651101e-07 	0.0 	190.482042506 	0.0 	-4.49368819129e-07 	0.0 	0.0 	0.0 	0.0 	0.0 	0.0 	0.0 	0.0	3.31657911735	209.5869259	-35.3618734192	
9.5	-2.26670423969e-05	-2.5824075044e-05	-9.25606651101e-07 	0.0 	190.482042506 	0.0 	-4.49368819129e-07 	0.0 	0.0 	0.0 	0.0 	0.0 	0.0 	0.0 	0.0	3.31657911735	209.5869259	-35.3618734192	
9.51666666667	-2.26670423969e-05	-2.5824075044e-05	-9.25606651101e-07 	0.0 	190.482042506 	0.0 	-4.49368819129e-07 	0.0 	0.0 	0.0 	0.0 	0.0 	0.0 	0.0 	0.0	3.31657911735	209.5869259	-35.3618734192	
9.53333333333	-2.26670423969e-05	-2.5824075044e-05	-9.25606651101e-07 	0.0 	190.482042506 	0.0 	-4.49368819129e-07 	0.0 	0.0 	0.0 	0.0 	0.0 	0.0 	0.0 	0.0	3.31657911735	209.5869259	-35.3618734192	
9.55	-2.26670423969e-05	-2.5824075044e-05	-9.25606651101e-07 	0.0 	190.482042506 	0.0 	-4.49368819129e-07 	0.0 	0.0 	0.0 	0.0 	0.0 	0.0 	0.0 	0.0	3.31657911735	209.5869259	-35.3618734192	
9.56666666667	-2.26670423969e-05	-2.5824075044e-05	-9.25606651101e-07 	0.0 	190.482042506 	0.0 	-4.49368819129e-07 	0.0 	0.0 	0.0 	0.0 	0.0 	0.0 	0.0 	0.0	3.31657911735	209.5869259	-35.3618734192	
9.58333333333	-2.26670423969e-05	-2.5824075044e-05	-9.25606651101e-07 	0.0 	190.482042506 	0.0 	-4.49368819129e-07 	0.0 	0.0 	0.0 	0.0 	0.0 	0.0 	0.0 	0.0	3.31657911735	209.5869259	-35.3618734192	
9.6	-2.26670423969e-05	-2.5824075044e-05	-9.25606651101e-07 	0.0 	190.482042506 	0.0 	-4.49368819129e-07 	0.0 	0.0 	0.0 	0.0 	0.0 	0.0 	0.0 	0.0	3.31657911735	209.5869259	-35.3618734192	
9.61666666667	-2.26670423969e-05	-2.5824075044e-05	-9.25606651101e-07 	0.0 	190.482042506 	0.0 	-4.49368819129e-07 	0.0 	0.0 	0.0 	0.0 	0.0 	0.0 	0.0 	0.0	3.31657911735	209.5869259	-35.3618734192	
9.63333333333	-2.26670423969e-05	-2.5824075044e-05	-9.25606651101e-07 	0.0 	190.482042506 	0.0 	-4.49368819129e-07 	0.0 	0.0 	0.0 	0.0 	0.0 	0.0 	0.0 	0.0	3.31657911735	209.5869259	-35.3618734192	
9.65	-2.26670423969e-05	-2.5824075044e-05	-9.25606651101e-07 	0.0 	190.482042506 	0.0 	-4.49368819129e-07 	0.0 	0.0 	0.0 	0.0 	0.0 	0.0 	0.0 	0.0	3.31657911735	209.5869259	-35.3618734192	
9.66666666667	-2.26670423969e-05	-2.5824075044e-05	-9.25606651101e-07 	0.0 	190.482042506 	0.0 	-4.49368819129e-07 	0.0 	0.0 	0.0 	0.0 	0.0 	0.0 	0.0 	0.0	3.31657911735	209.5869259	-35.3618734192	
9.68333333333	-2.26670423969e-05	-2.5824075044e-05	-9.25606651101e-07 	0.0 	190.482042506 	0.0 	-4.49368819129e-07 	0.0 	0.0 	0.0 	0.0 	0.0 	0.0 	0.0 	0.0	3.31657911735	209.5869259	-35.3618734192	
9.7	-2.26670423969e-05	-2.5824075044e-05	-9.25606651101e-07 	0.0 	190.482042506 	0.0 	-4.49368819129e-07 	0.0 	0.0 	0.0 	0.0 	0.0 	0.0 	0.0 	0.0	3.31657911735	209.5869259	-35.3618734192	
9.71666666667	-2.26670423969e-05	-2.5824075044e-05	-9.25606651101e-07 	0.0 	190.482042506 	0.0 	-4.49368819129e-07 	0.0 	0.0 	0.0 	0.0 	0.0 	0.0 	0.0 	0.0	3.31657911735	209.5869259	-35.3618734192	
9.73333333333	-2.26670423969e-05	-2.5824075044e-05	-9.25606651101e-07 	0.0 	190.482042506 	0.0 	-4.49368819129e-07 	0.0 	0.0 	0.0 	0.0 	0.0 	0.0 	0.0 	0.0	3.31657911735	209.5869259	-35.3618734192	
9.75	-2.26670423969e-05	-2.5824075044e-05	-9.25606651101e-07 	0.0 	190.482042506 	0.0 	-4.49368819129e-07 	0.0 	0.0 	0.0 	0.0 	0.0 	0.0 	0.0 	0.0	3.31657911735	209.5869259	-35.3618734192	
9.76666666667	-2.26670423969e-05	-2.5824075044e-05	-9.25606651101e-07 	0.0 	190.482042506 	0.0 	-4.49368819129e-07 	0.0 	0.0 	0.0 	0.0 	0.0 	0.0 	0.0 	0.0	3.31657911735	209.5869259	-35.3618734192	
9.78333333333	-2.26670423969e-05	-2.5824075044e-05	-9.25606651101e-07 	0.0 	190.482042506 	0.0 	-4.49368819129e-07 	0.0 	0.0 	0.0 	0.0 	0.0 	0.0 	0.0 	0.0	3.31657911735	209.5869259	-35.3618734192	
9.8	-2.26670423969e-05	-2.5824075044e-05	-9.25606651101e-07 	0.0 	190.482042506 	0.0 	-4.49368819129e-07 	0.0 	0.0 	0.0 	0.0 	0.0 	0.0 	0.0 	0.0	3.31657911735	209.5869259	-35.3618734192	
9.81666666667	-2.26670423969e-05	-2.5824075044e-05	-9.25606651101e-07 	0.0 	190.482042506 	0.0 	-4.49368819129e-07 	0.0 	0.0 	0.0 	0.0 	0.0 	0.0 	0.0 	0.0	3.31657911735	209.5869259	-35.3618734192	
9.83333333333	-2.26670423969e-05	-2.5824075044e-05	-9.25606651101e-07 	0.0 	190.482042506 	0.0 	-4.49368819129e-07 	0.0 	0.0 	0.0 	0.0 	0.0 	0.0 	0.0 	0.0	3.31657911735	209.5869259	-35.3618734192	
9.85	-2.26670423969e-05	-2.5824075044e-05	-9.25606651101e-07 	0.0 	190.482042506 	0.0 	-4.49368819129e-07 	0.0 	0.0 	0.0 	0.0 	0.0 	0.0 	0.0 	0.0	3.31657911735	209.5869259	-35.3618734192	
9.86666666667	-2.26670423969e-05	-2.5824075044e-05	-9.25606651101e-07 	0.0 	190.482042506 	0.0 	-4.49368819129e-07 	0.0 	0.0 	0.0 	0.0 	0.0 	0.0 	0.0 	0.0	3.31657911735	209.5869259	-35.3618734192	
9.88333333333	-2.26670423969e-05	-2.5824075044e-05	-9.25606651101e-07 	0.0 	190.482042506 	0.0 	-4.49368819129e-07 	0.0 	0.0 	0.0 	0.0 	0.0 	0.0 	0.0 	0.0	3.31657911735	209.5869259	-35.3618734192	
9.9	-2.26670423969e-05	-2.5824075044e-05	-9.25606651101e-07 	0.0 	190.482042506 	0.0 	-4.49368819129e-07 	0.0 	0.0 	0.0 	0.0 	0.0 	0.0 	0.0 	0.0	3.31657911735	209.5869259	-35.3618734192	
9.91666666667	-2.26670423969e-05	-2.5824075044e-05	-9.25606651101e-07 	0.0 	190.482042506 	0.0 	-4.49368819129e-07 	0.0 	0.0 	0.0 	0.0 	0.0 	0.0 	0.0 	0.0	3.31657911735	209.5869259	-35.3618734192	
9.93333333333	-2.26670423969e-05	-2.5824075044e-05	-9.25606651101e-07 	0.0 	190.482042506 	0.0 	-4.49368819129e-07 	0.0 	0.0 	0.0 	0.0 	0.0 	0.0 	0.0 	0.0	3.31657911735	209.5869259	-35.3618734192	
9.95	-2.26670423969e-05	-2.5824075044e-05	-9.25606651101e-07 	0.0 	190.482042506 	0.0 	-4.49368819129e-07 	0.0 	0.0 	0.0 	0.0 	0.0 	0.0 	0.0 	0.0	3.31657911735	209.5869259	-35.3618734192	
9.96666666667	-2.26670423969e-05	-2.5824075044e-05	-9.25606651101e-07 	0.0 	190.482042506 	0.0 	-4.49368819129e-07 	0.0 	0.0 	0.0 	0.0 	0.0 	0.0 	0.0 	0.0	3.31657911735	209.5869259	-35.3618734192	
9.98333333333	-2.26670423969e-05	-2.5824075044e-05	-9.25606651101e-07 	0.0 	190.482042506 	0.0 	-4.49368819129e-07 	0.0 	0.0 	0.0 	0.0 	0.0 	0.0 	0.0 	0.0	3.31657911735	209.5869259	-35.3618734192	
