0.0166666666667	0.0	0.0	0.0 	0.0 	60.2333333333 	14.0 	0.0 	0.0 	0.0 	0.0 	14.0 	0.0 	0.0 	0.0 	0.0	-1.16483870968	140.0	-30.0	
0.0333333333333	0.0	0.0	0.0 	0.0 	60.4666666667 	14.0 	0.0 	0.0 	0.0 	-0.0 	14.0 	0.0 	0.0 	0.0 	0.0	-1.16483870968	140.0	-30.0	
0.05	0.0	0.0	0.0 	0.0 	60.7 	14.0 	0.0 	0.0 	0.0 	-0.0 	14.0 	0.0 	0.0 	0.0 	0.0	-1.16483870968	140.0	-30.0	
0.0666666666667	0.0	0.0	0.0 	0.0 	60.9333333333 	14.0 	0.0 	0.0 	0.0 	-0.0 	14.0 	0.0 	0.0 	0.0 	0.0	-1.16483870968	140.0	-30.0	
0.0833333333333	0.0	0.0	0.0 	0.0 	61.1666666667 	14.0 	0.0 	0.0 	0.0 	-0.0 	14.0 	0.0 	0.0 	0.0 	0.0	-1.16483870968	140.0	-30.0	
0.1	0.0	0.0	0.0 	0.0 	61.4 	14.0 	0.0 	0.0 	0.0 	-0.0 	14.0 	0.0 	0.0 	0.0 	0.0	-1.16483870968	140.0	-30.0	
0.116666666667	0.0	0.0	0.0 	0.0 	61.6333333333 	14.0 	0.0 	0.0 	0.0 	-0.0 	14.0 	0.0 	0.0 	0.0 	0.0	-1.16483870968	140.0	-30.0	
0.133333333333	0.0	0.0	0.0 	0.0 	61.8666666667 	14.0 	0.0 	0.0 	0.0 	-0.0 	14.0 	0.0 	0.0 	0.0 	0.0	-1.16483870968	140.0	-30.0	
0.15	0.0	0.0	0.0 	0.0 	62.1 	14.0 	0.0 	0.0 	0.0 	-0.0 	14.0 	0.0 	0.0 	0.0 	0.0	-1.16483870968	140.0	-30.0	
0.166666666667	0.0	0.0	0.0 	0.0 	62.3333333333 	14.0 	0.0 	0.0 	0.0 	-0.0 	14.0 	0.0 	0.0 	0.0 	0.0	-1.16483870968	140.0	-30.0	
0.183333333333	0.0	0.0	0.0 	0.0 	62.5666666667 	14.0 	0.0 	0.0 	0.0 	-0.0 	14.0 	0.0 	0.0 	0.0 	0.0	-1.16483870968	140.0	-30.0	
0.2	0.0	0.0	0.0 	0.0 	62.8 	14.0 	0.0 	0.0 	0.0 	-0.0 	14.0 	0.0 	0.0 	0.0 	0.0	-1.16483870968	140.0	-30.0	
0.216666666667	0.0	0.0	0.0 	0.0 	63.0333333333 	14.0 	0.0 	0.0 	0.0 	-0.0 	14.0 	0.0 	0.0 	0.0 	0.0	-1.16483870968	140.0	-30.0	
0.233333333333	0.0	0.0	0.0 	0.0 	63.2666666667 	14.0 	0.0 	0.0 	0.0 	-0.0 	14.0 	0.0 	0.0 	0.0 	0.0	-1.16483870968	140.0	-30.0	
0.25	0.0	0.0	0.0 	0.0 	63.5 	14.0 	0.0 	0.0 	0.0 	-0.0 	14.0 	0.0 	0.0 	0.0 	0.0	-1.16483870968	140.0	-30.0	
0.266666666667	0.0	0.0	0.0 	0.0 	63.7333333333 	14.0 	0.0 	0.0 	0.0 	-0.0 	14.0 	0.0 	0.0 	0.0 	0.0	-1.16483870968	140.0	-30.0	
0.283333333333	0.0	0.0	0.0 	0.0 	63.9666666667 	14.0 	0.0 	0.0 	0.0 	-0.0 	14.0 	0.0 	0.0 	0.0 	0.0	-1.16483870968	140.0	-30.0	
0.3	0.0	0.0	0.0 	0.0 	64.2 	14.0 	0.0 	0.0 	0.0 	-0.0 	14.0 	0.0 	0.0 	0.0 	0.0	-1.16483870968	140.0	-30.0	
0.316666666667	0.0	0.0	0.0 	0.0 	64.4333333333 	14.0 	0.0 	0.0 	0.0 	-0.0 	14.0 	0.0 	0.0 	0.0 	0.0	-1.16483870968	140.0	-30.0	
0.333333333333	0.0	0.0	0.0 	0.0 	64.6666666667 	14.0 	0.0 	0.0 	0.0 	-0.0 	14.0 	0.0 	0.0 	0.0 	0.0	-1.16483870968	140.0	-30.0	
0.35	0.0	0.0	0.0 	0.0 	64.9 	14.0 	0.0 	0.0 	0.0 	-0.0 	14.0 	0.0 	0.0 	0.0 	0.0	-1.16483870968	140.0	-30.0	
0.366666666667	0.0	0.0	0.0 	0.0 	65.1333333333 	14.0 	0.0 	0.0 	0.0 	-0.0 	14.0 	0.0 	0.0 	0.0 	0.0	-1.16483870968	140.0	-30.0	
0.383333333333	0.0	0.0	0.0 	0.0 	65.3666666667 	14.0 	0.0 	0.0 	0.0 	-0.0 	14.0 	0.0 	0.0 	0.0 	0.0	-1.16483870968	140.0	-30.0	
0.4	0.0	0.0	0.0 	0.0 	65.6 	14.0 	0.0 	0.0 	0.0 	-0.0 	14.0 	0.0 	0.0 	0.0 	0.0	-1.16483870968	140.0	-30.0	
0.416666666667	0.0	0.0	0.0 	0.0 	65.8333333333 	14.0 	0.0 	0.0 	0.0 	-0.0 	14.0 	0.0 	0.0 	0.0 	0.0	-1.16483870968	140.0	-30.0	
0.433333333333	0.0	0.0	0.0 	0.0 	66.0666666667 	14.0 	0.0 	0.0 	0.0 	-0.0 	14.0 	0.0 	0.0 	0.0 	0.0	-1.16483870968	140.0	-30.0	
0.45	0.0	0.0	0.0 	0.0 	66.3 	14.0 	0.0 	0.0 	0.0 	-0.0 	14.0 	0.0 	0.0 	0.0 	0.0	-1.16483870968	140.0	-30.0	
0.466666666667	0.0	0.0	0.0 	0.0 	66.5333333333 	14.0 	0.0 	0.0 	0.0 	-0.0 	14.0 	0.0 	0.0 	0.0 	0.0	-1.16483870968	140.0	-30.0	
0.483333333333	0.0	0.0	0.0 	0.0 	66.7666666667 	14.0 	0.0 	0.0 	0.0 	-0.0 	14.0 	0.0 	0.0 	0.0 	0.0	-1.16483870968	140.0	-30.0	
0.5	0.0	0.0	0.0 	0.0 	67.0 	14.0 	0.0 	0.0 	0.0 	-0.0 	14.0 	0.0 	0.0 	0.0 	0.0	-1.16483870968	140.0	-30.0	
0.516666666667	0.0	0.0	0.0 	0.0 	67.2333333333 	14.0 	0.0 	0.0 	0.0 	-0.0 	14.0 	0.0 	0.0 	0.0 	0.0	-1.16483870968	140.0	-30.0	
0.533333333333	0.0	0.0	0.0 	0.0 	67.4666666667 	14.0 	0.0 	0.0 	0.0 	-0.0 	14.0 	0.0 	0.0 	0.0 	0.0	-1.16483870968	140.0	-30.0	
0.55	0.0	0.0	0.0 	0.0 	67.7 	14.0 	0.0 	0.0 	0.0 	-0.0 	14.0 	0.0 	0.0 	0.0 	0.0	-1.16483870968	140.0	-30.0	
0.566666666667	0.0	0.0	0.0 	0.0 	67.9333333333 	14.0 	0.0 	0.0 	0.0 	-0.0 	14.0 	0.0 	0.0 	0.0 	0.0	-1.16483870968	140.0	-30.0	
0.583333333333	0.0	0.0	0.0 	0.0 	68.1666666667 	14.0 	0.0 	0.0 	0.0 	-0.0 	14.0 	0.0 	0.0 	0.0 	0.0	-1.16483870968	140.0	-30.0	
0.6	0.0	0.0	0.0 	0.0 	68.4 	14.0 	0.0 	0.0 	0.0 	-0.0 	14.0 	0.0 	0.0 	0.0 	0.0	-1.16483870968	140.0	-30.0	
0.616666666667	0.0	0.0	0.0 	0.0 	68.6333333333 	14.0 	0.0 	0.0 	0.0 	-0.0 	14.0 	0.0 	0.0 	0.0 	0.0	-1.16483870968	140.0	-30.0	
0.633333333333	0.0	0.0	0.0 	0.0 	68.8666666667 	14.0 	0.0 	0.0 	0.0 	-0.0 	14.0 	0.0 	0.0 	0.0 	0.0	-1.16483870968	140.0	-30.0	
0.65	0.0	0.0	0.0 	0.0 	69.1 	14.0 	0.0 	0.0 	0.0 	-0.0 	14.0 	0.0 	0.0 	0.0 	0.0	-1.16483870968	140.0	-30.0	
0.666666666667	0.0	0.0	0.0 	0.0 	69.3333333333 	14.0 	0.0 	0.0 	0.0 	-0.0 	14.0 	0.0 	0.0 	0.0 	0.0	-1.16483870968	140.0	-30.0	
0.683333333333	0.0	0.0	0.0 	0.0 	69.5666666667 	14.0 	0.0 	0.0 	0.0 	-0.0 	14.0 	0.0 	0.0 	0.0 	0.0	-1.16483870968	140.0	-30.0	
0.7	0.0	0.0	0.0 	0.0 	69.8 	14.0 	0.0 	0.0 	0.0 	-0.0 	14.0 	0.0 	0.0 	0.0 	0.0	-1.16483870968	140.0	-30.0	
0.716666666667	0.0	0.0	0.0 	0.0 	70.0333333333 	14.0 	0.0 	0.0 	0.0 	-0.0 	14.0 	0.0 	0.0 	0.0 	0.0	-1.16483870968	140.0	-30.0	
0.733333333333	0.0	0.0	0.0 	0.0 	70.2666666667 	14.0 	0.0 	0.0 	0.0 	-0.0 	14.0 	0.0 	0.0 	0.0 	0.0	-1.16483870968	140.0	-30.0	
0.75	0.0	0.0	0.0 	0.0 	70.5 	14.0 	0.0 	0.0 	0.0 	-0.0 	14.0 	0.0 	0.0 	0.0 	0.0	-1.16483870968	140.0	-30.0	
0.766666666667	0.0	0.0	0.0 	0.0 	70.7333333333 	14.0 	0.0 	0.0 	0.0 	-0.0 	14.0 	0.0 	0.0 	0.0 	0.0	-1.16483870968	140.0	-30.0	
0.783333333333	0.0	0.0	0.0 	0.0 	70.9666666667 	14.0 	0.0 	0.0 	0.0 	-0.0 	14.0 	0.0 	0.0 	0.0 	0.0	-1.16483870968	140.0	-30.0	
0.8	0.0	0.0	0.0 	0.0 	71.2 	14.0 	0.0 	0.0 	0.0 	-0.0 	14.0 	0.0 	0.0 	0.0 	0.0	-1.16483870968	140.0	-30.0	
0.816666666667	0.0	0.0	0.0 	0.0 	71.4333333333 	14.0 	0.0 	0.0 	0.0 	-0.0 	14.0 	0.0 	0.0 	0.0 	0.0	-1.16483870968	140.0	-30.0	
0.833333333333	0.0	0.0	0.0 	0.0 	71.6666666667 	14.0 	0.0 	0.0 	0.0 	-0.0 	14.0 	0.0 	0.0 	0.0 	0.0	-1.16483870968	140.0	-30.0	
0.85	0.0	0.0	0.0 	0.0 	71.9 	14.0 	0.0 	0.0 	0.0 	-0.0 	14.0 	0.0 	0.0 	0.0 	0.0	-1.16483870968	140.0	-30.0	
0.866666666667	0.0	0.0	0.0 	0.0 	72.1333333333 	14.0 	0.0 	0.0 	0.0 	-0.0 	14.0 	0.0 	0.0 	0.0 	0.0	-1.16483870968	140.0	-30.0	
0.883333333333	0.0	0.0	0.0 	0.0 	72.3666666667 	14.0 	0.0 	0.0 	0.0 	-0.0 	14.0 	0.0 	0.0 	0.0 	0.0	-1.16483870968	140.0	-30.0	
0.9	0.0	0.0	0.0 	0.0 	72.6 	14.0 	0.0 	0.0 	0.0 	-0.0 	14.0 	0.0 	0.0 	0.0 	0.0	-1.16483870968	140.0	-30.0	
0.916666666667	0.0	0.0	0.0 	0.0 	72.8333333333 	14.0 	0.0 	0.0 	0.0 	-0.0 	14.0 	0.0 	0.0 	0.0 	0.0	-1.16483870968	140.0	-30.0	
0.933333333333	0.0	0.0	0.0 	0.0 	73.0666666667 	14.0 	0.0 	0.0 	0.0 	-0.0 	14.0 	0.0 	0.0 	0.0 	0.0	-1.16483870968	140.0	-30.0	
0.95	0.0	0.0	0.0 	0.0 	73.3 	14.0 	0.0 	0.0 	0.0 	-0.0 	14.0 	0.0 	0.0 	0.0 	0.0	-1.16483870968	140.0	-30.0	
0.966666666667	0.0	0.0	0.0 	0.0 	73.5333333333 	14.0 	0.0 	0.0 	0.0 	-0.0 	14.0 	0.0 	0.0 	0.0 	0.0	-1.16483870968	140.0	-30.0	
0.983333333333	0.0	0.0	0.0 	0.0 	73.7666666667 	14.0 	0.0 	0.0 	0.0 	-0.0 	14.0 	0.0 	0.0 	0.0 	0.0	-1.16483870968	140.0	-30.0	
1.0	0.0	0.0	0.0 	0.0 	74.0 	14.0 	0.0 	0.0 	0.0 	-0.0 	14.0 	0.0 	0.0 	0.0 	0.0	-1.16483870968	140.0	-30.0	
1.01666666667	0.0	0.0	0.0 	0.0 	74.2333333333 	14.0 	0.0 	0.0 	0.0 	-0.0 	14.0 	0.0 	0.0 	0.0 	0.0	-1.16483870968	140.0	-30.0	
1.03333333333	0.0	0.0	0.0 	0.0 	74.4666666667 	14.0 	0.0 	0.0 	0.0 	-0.0 	14.0 	0.0 	0.0 	0.0 	0.0	-1.16483870968	140.0	-30.0	
1.05	0.0	0.0	0.0 	0.0 	74.7 	14.0 	0.0 	0.0 	0.0 	-0.0 	14.0 	0.0 	0.0 	0.0 	0.0	-1.16483870968	140.0	-30.0	
1.06666666667	0.0	0.0	0.0 	0.0 	74.9333333333 	14.0 	0.0 	0.0 	0.0 	-0.0 	14.0 	0.0 	0.0 	0.0 	0.0	-1.16483870968	140.0	-30.0	
1.08333333333	0.0	0.0	0.0 	0.0 	75.1666666667 	14.0 	0.0 	0.0 	0.0 	-0.0 	14.0 	0.0 	0.0 	0.0 	0.0	-1.16483870968	140.0	-30.0	
1.1	0.0	0.0	0.0 	0.0 	75.4 	14.0 	0.0 	0.0 	0.0 	-0.0 	14.0 	0.0 	0.0 	0.0 	0.0	-1.16483870968	140.0	-30.0	
1.11666666667	0.0	0.0	0.0 	0.0 	75.6333333333 	14.0 	0.0 	0.0 	0.0 	-0.0 	14.0 	0.0 	0.0 	0.0 	0.0	-1.16483870968	140.0	-30.0	
1.13333333333	0.0	0.0	0.0 	0.0 	75.8666666667 	14.0 	0.0 	0.0 	0.0 	-0.0 	14.0 	0.0 	0.0 	0.0 	0.0	-1.16483870968	140.0	-30.0	
1.15	0.0	0.0	0.0 	0.0 	76.1 	14.0 	0.0 	0.0 	0.0 	-0.0 	14.0 	0.0 	0.0 	0.0 	0.0	-1.16483870968	140.0	-30.0	
1.16666666667	0.0	0.0	0.0 	0.0 	76.3333333333 	14.0 	0.0 	0.0 	0.0 	-0.0 	14.0 	0.0 	0.0 	0.0 	0.0	-1.16483870968	140.0	-30.0	
1.18333333333	0.0	0.0	0.0 	0.0 	76.5666666667 	14.0 	0.0 	0.0 	0.0 	-0.0 	14.0 	0.0 	0.0 	0.0 	0.0	-1.16483870968	140.0	-30.0	
1.2	0.0	0.0	0.0 	0.0 	76.8 	14.0 	0.0 	0.0 	0.0 	-0.0 	14.0 	0.0 	0.0 	0.0 	0.0	-1.16483870968	140.0	-30.0	
1.21666666667	0.0	0.0	0.0 	0.0 	77.0333333333 	14.0 	0.0 	0.0 	0.0 	-0.0 	14.0 	0.0 	0.0 	0.0 	0.0	-1.16483870968	140.0	-30.0	
1.23333333333	0.0	0.0	0.0 	0.0 	77.2666666667 	14.0 	0.0 	0.0 	0.0 	-0.0 	14.0 	0.0 	0.0 	0.0 	0.0	-1.16483870968	140.0	-30.0	
1.25	0.0	0.0	0.0 	0.0 	77.5 	14.0 	0.0 	0.0 	0.0 	-0.0 	14.0 	0.0 	0.0 	0.0 	0.0	-1.16483870968	140.0	-30.0	
1.26666666667	0.0	0.0	0.0 	0.0 	77.7333333333 	14.0 	0.0 	0.0 	0.0 	-0.0 	14.0 	0.0 	0.0 	0.0 	0.0	-1.16483870968	140.0	-30.0	
1.28333333333	0.0	0.0	0.0 	0.0 	77.9666666667 	14.0 	0.0 	0.0 	0.0 	-0.0 	14.0 	0.0 	0.0 	0.0 	0.0	-1.16483870968	140.0	-30.0	
1.3	0.0	0.0	0.0 	0.0 	78.2 	14.0 	0.0 	0.0 	0.0 	-0.0 	14.0 	0.0 	0.0 	0.0 	0.0	-1.16483870968	140.0	-30.0	
1.31666666667	0.0	0.0	0.0 	0.0 	78.4333333333 	14.0 	0.0 	0.0 	0.0 	-0.0 	14.0 	0.0 	0.0 	0.0 	0.0	-1.16483870968	140.0	-30.0	
1.33333333333	0.0	0.0	0.0 	0.0 	78.6666666667 	14.0 	0.0 	0.0 	0.0 	-0.0 	14.0 	0.0 	0.0 	0.0 	0.0	-1.16483870968	140.0	-30.0	
1.35	0.0	0.0	0.0 	0.0 	78.9 	14.0 	0.0 	0.0 	0.0 	-0.0 	14.0 	0.0 	0.0 	0.0 	0.0	-1.16483870968	140.0	-30.0	
1.36666666667	0.0	0.0	0.0 	0.0 	79.1333333333 	14.0 	0.0 	0.0 	0.0 	-0.0 	14.0 	0.0 	0.0 	0.0 	0.0	-1.16483870968	140.0	-30.0	
1.38333333333	0.0	0.0	0.0 	0.0 	79.3666666667 	14.0 	0.0 	0.0 	0.0 	-0.0 	14.0 	0.0 	0.0 	0.0 	0.0	-1.16483870968	140.0	-30.0	
1.4	0.0	0.0	0.0 	0.0 	79.6 	14.0 	0.0 	0.0 	0.0 	-0.0 	14.0 	0.0 	0.0 	0.0 	0.0	-1.16483870968	140.0	-30.0	
1.41666666667	0.0	0.0	0.0 	0.0 	79.8333333333 	14.0 	0.0 	0.0 	0.0 	-0.0 	14.0 	0.0 	0.0 	0.0 	0.0	-1.16483870968	140.0	-30.0	
1.43333333333	0.0	0.0	0.0 	0.0 	80.0666666667 	14.0 	0.0 	0.0 	0.0 	-0.0 	14.0 	0.0 	0.0 	0.0 	0.0332619557459	-0.586235899256	139.999693309	-29.9995381971	
1.45	0.0	0.0	0.0 	0.0 	80.3 	14.0 	0.0 	0.0 	0.0 	-0.0 	14.0 	0.0 	0.0 	0.0 	0.0663767136862	-0.104066890571	139.999578389	-29.9984379036	
1.46666666667	0.0	0.0	0.0 	0.0 	80.5333333333 	14.0 	0.0 	0.0 	0.0 	-0.0 	14.0 	0.0 	0.0 	0.0 	0.0993449252316	0.212633874862	139.99992781	-29.9968194448	
1.48333333333	0.0	0.0	0.0 	0.0 	80.7666666667 	14.0 	0.0 	0.0 	0.0 	-0.0 	14.0 	0.0 	0.0 	0.0 	0.13216723891	0.424235584586	140.000834531	-29.9948119266	
1.5	0.0	0.0	0.0 	0.0 	81.0 	14.0 	0.0 	0.0 	0.0 	-0.0 	14.0 	0.0 	0.0 	0.0 	0.16484430038	0.583288283309	140.002347724	-29.9925187883	
1.51666666667	0.0	0.0	0.0 	0.0 	81.2333333333 	14.0 	0.0 	0.0 	0.0 	-0.0 	14.0 	0.0 	0.0 	0.0 	0.197376752441	0.710811988909	140.004494029	-29.9900258135	
1.53333333333	0.0	0.0	0.0 	0.0 	81.4666666667 	14.0 	0.0 	0.0 	0.0 	-0.0 	14.0 	0.0 	0.0 	0.0 	0.22976523505	0.817316710318	140.007286874	-29.9874057982	
1.55	0.0	0.0	0.0 	0.0 	81.7 	14.0 	0.0 	0.0 	0.0 	-0.0 	14.0 	0.0 	0.0 	0.0 	0.26201038533	0.908808166921	140.010731313	-29.9847215617	
1.56666666667	0.0	0.0	0.0 	0.0 	81.9333333333 	14.0 	0.0 	0.0 	0.0 	-0.0 	14.0 	0.0 	0.0 	0.0 	0.294112837586	0.989039933326	140.014826829	-29.9820280163	
1.58333333333	0.0	0.0	0.0 	0.0 	82.1666666667 	14.0 	0.0 	0.0 	0.0 	-0.0 	14.0 	0.0 	0.0 	0.0 	0.326073223315	1.0605143926	140.019569058	-29.9793736537	
1.6	0.0	0.0	0.0 	0.0 	82.4 	14.0 	0.0 	0.0 	0.0 	-0.0 	14.0 	0.0 	0.0 	0.0 	0.357892171221	1.12498321288	140.024950923	-29.9768016517	
1.61666666667	0.0	0.0	0.0 	0.0 	82.6333333333 	14.0 	0.0 	0.0 	0.0 	-0.0 	14.0 	0.0 	0.0 	0.0 	0.389570307223	1.18372033462	140.0309634	-29.9743507198	
1.63333333333	0.0	0.0	0.0 	0.0 	82.8666666667 	14.0 	0.0 	0.0 	0.0 	-0.0 	14.0 	0.0 	0.0 	0.0 	0.421108254471	1.23768121316	140.037596054	-29.9720557607	
1.65	0.0	0.0	0.0 	0.0 	83.1 	14.0 	0.0 	0.0 	0.0 	-0.0 	14.0 	0.0 	0.0 	0.0 	0.452506633359	1.28760081414	140.044837423	-29.9699483973	
1.66666666667	0.0	0.0	0.0 	0.0 	83.3333333333 	14.0 	0.0 	0.0 	0.0 	-0.0 	14.0 	0.0 	0.0 	0.0 	0.483766061534	1.33405661054	140.052675302	-29.9680573999	
1.68333333333	0.0	0.0	0.0 	0.0 	83.5666666667 	14.0 	0.0 	0.0 	0.0 	-0.0 	14.0 	0.0 	0.0 	0.0 	0.51488715391	1.37751058076	140.061096954	-29.966409036	
1.7	0.0	0.0	0.0 	0.0 	83.8 	14.0 	0.0 	0.0 	0.0 	-0.0 	14.0 	0.0 	0.0 	0.0 	0.545870522679	1.41833808223	140.070089268	-29.965027362	
1.71666666667	0.0	0.0	0.0 	0.0 	84.0333333333 	14.0 	0.0 	0.0 	0.0 	-0.0 	14.0 	0.0 	0.0 	0.0 	0.576716777326	1.45684823282	140.07963888	-29.9639344677	
1.73333333333	0.0	0.0	0.0 	0.0 	84.2666666667 	14.0 	0.0 	0.0 	0.0 	-0.0 	14.0 	0.0 	0.0 	0.0 	0.607426524635	1.49329863076	140.08973227	-29.9631506835	
1.75	0.0	0.0	0.0 	0.0 	84.5 	14.0 	0.0 	0.0 	0.0 	-0.0 	14.0 	0.0 	0.0 	0.0 	0.638000368709	1.52790620086	140.10035583	-29.962694758	
1.76666666667	0.0	0.0	0.0 	0.0 	84.7333333333 	14.0 	0.0 	0.0 	0.0 	-0.0 	14.0 	0.0 	0.0 	0.0 	0.668438910974	1.5608553292	140.111495928	-29.9625840107	
1.78333333333	0.0	0.0	0.0 	0.0 	84.9666666667 	14.0 	0.0 	0.0 	0.0 	-0.0 	14.0 	0.0 	0.0 	0.0 	0.698742750198	1.59230406099	140.123138947	-29.9628344643	
1.8	0.0	0.0	0.0 	0.0 	85.2 	14.0 	0.0 	0.0 	0.0 	-0.0 	14.0 	0.0 	0.0 	0.0 	0.728912482495	1.62238888982	140.135271324	-29.9634609607	
1.81666666667	0.0	0.0	0.0 	0.0 	85.4333333333 	14.0 	0.0 	0.0 	0.0 	-0.0 	14.0 	0.0 	0.0 	0.0 	0.758948701345	1.65122850573	140.147879575	-29.9644772623	
1.83333333333	0.0	0.0	0.0 	0.0 	85.6666666667 	14.0 	0.0 	0.0 	0.0 	-0.0 	14.0 	0.0 	0.0 	0.0 	0.788851997599	1.67892676254	140.160950322	-29.9658961421	
1.85	0.0	0.0	0.0 	0.0 	85.9 	14.0 	0.0 	0.0 	0.0 	-0.0 	14.0 	0.0 	0.0 	0.0 	0.818622959494	1.70557505156	140.174470304	-29.9677294625	
1.86666666667	0.0	0.0	0.0 	0.0 	86.1333333333 	14.0 	0.0 	0.0 	0.0 	-0.0 	14.0 	0.0 	0.0 	0.0 	0.848262172664	1.73125421899	140.188426397	-29.9699882466	
1.88333333333	0.0	0.0	0.0 	0.0 	86.3666666667 	14.0 	0.0 	0.0 	0.0 	-0.0 	14.0 	0.0 	0.0 	0.0 	0.877770220151	1.75603612806	140.202805621	-29.9726827413	
1.9	0.0	0.0	0.0 	0.0 	86.6 	14.0 	0.0 	0.0 	0.0 	-0.0 	14.0 	0.0 	0.0 	0.0 	0.907147682417	1.77998494239	140.217595148	-29.9758224742	
1.91666666667	0.0	0.0	0.0 	0.0 	86.8333333333 	14.0 	0.0 	0.0 	0.0 	-0.0 	14.0 	0.0 	0.0 	0.0 	0.936395137356	1.80315818798	140.23278231	-29.9794163049	
1.93333333333	0.0	0.0	0.0 	0.0 	87.0666666667 	14.0 	0.0 	0.0 	0.0 	-0.0 	14.0 	0.0 	0.0 	0.0 	0.965513160303	1.82560763821	140.248354603	-29.9834724711	
1.95	0.0	0.0	0.0 	0.0 	87.3 	14.0 	0.0 	0.0 	0.0 	-0.0 	14.0 	0.0 	0.0 	0.0 	0.994502324047	1.84738005613	140.26429969	-29.9879986304	
1.96666666667	0.0	0.0	0.0 	0.0 	87.5333333333 	14.0 	0.0 	0.0 	0.0 	-0.0 	14.0 	0.0 	0.0 	0.0 	1.02336319884	1.86851782074	140.280605402	-29.9930018992	
1.98333333333	0.0	0.0	0.0 	0.0 	87.7666666667 	14.0 	0.0 	0.0 	0.0 	-0.0 	14.0 	0.0 	0.0 	0.0 	1.05209635243	1.88905945841	140.297259743	-29.9984888866	
2.0	0.0	0.0	0.0 	0.0 	88.0 	14.0 	0.0 	0.0 	0.0 	-0.0 	14.0 	0.0 	0.0 	0.0 	1.08070235001	1.9090400961	140.314250886	-30.0044657269	
2.01666666667	0.0	0.0	0.0 	0.0 	88.2333333333 	14.0 	0.0 	0.0 	0.0 	-0.0 	14.0 	0.0 	0.0 	0.0 	1.10918175431	1.92849184988	140.331567175	-30.0109381083	
2.03333333333	0.0	0.0	0.0 	0.0 	88.4666666667 	14.0 	0.0 	0.0 	0.0 	-0.0 	14.0 	0.0 	0.0 	0.0 	1.13753512556	1.9474441595	140.349197127	-30.0179113001	
2.05	0.0	0.0	0.0 	0.0 	88.7 	14.0 	0.0 	0.0 	0.0 	-0.0 	14.0 	0.0 	0.0 	0.0 	1.16576302151	1.96592407767	140.367129426	-30.025390177	
2.06666666667	0.0	0.0	0.0 	0.0 	88.9333333333 	14.0 	0.0 	0.0 	0.0 	-0.0 	14.0 	0.0 	0.0 	0.0 	1.19386599743	1.98395652135	140.385352926	-30.0333792419	
2.08333333333	0.0	0.0	0.0 	0.0 	89.1666666667 	14.0 	0.0 	0.0 	0.0 	-0.0 	14.0 	0.0 	0.0 	0.0 	1.22184460615	2.00156449082	140.403856648	-30.0418826474	
2.1	0.0	0.0	0.0 	0.0 	89.4 	14.0 	0.0 	0.0 	0.0 	-0.0 	14.0 	0.0 	0.0 	0.0 	1.24969939805	2.01876926132	140.422629777	-30.0509042143	
2.11666666667	0.0	0.0	0.0 	0.0 	89.6333333333 	14.0 	0.0 	0.0 	0.0 	-0.0 	14.0 	0.0 	0.0 	0.0 	1.27743092105	2.03559055135	140.441661663	-30.0604474508	
2.13333333333	0.0	0.0	0.0 	0.0 	89.8666666667 	14.0 	0.0 	0.0 	0.0 	-0.0 	14.0 	0.0 	0.0 	0.0 	1.30503972069	2.05204667096	140.460941816	-30.0705155682	
2.15	0.0	0.0	0.0 	0.0 	90.1 	14.0 	0.0 	0.0 	0.0 	-0.0 	14.0 	0.0 	0.0 	0.0 	1.33252634005	2.06815465273	140.480459907	-30.0811114975	
2.16666666667	0.0	0.0	0.0 	0.0 	90.3333333333 	14.0 	0.0 	0.0 	0.0 	-0.0 	14.0 	0.0 	0.0 	0.0 	1.35989131985	2.08393036793	140.500205761	-30.092237903	
2.18333333333	0.0	0.0	0.0 	0.0 	90.5666666667 	14.0 	0.0 	0.0 	0.0 	-0.0 	14.0 	0.0 	0.0 	0.0 	1.38713519838	2.09938862972	140.520169361	-30.1038971967	
2.2	0.0	0.0	0.0 	0.0 	90.8 	14.0 	0.0 	0.0 	0.0 	-0.0 	14.0 	0.0 	0.0 	0.0 	1.41425851156	2.1145432852	140.540340841	-30.1160915506	
2.21666666667	0.0	0.0	0.0 	0.0 	91.0333333333 	14.0 	0.0 	0.0 	0.0 	-0.0 	14.0 	0.0 	0.0 	0.0 	1.44126179295	2.12940729758	140.560710485	-30.1288229084	
2.23333333333	0.0	0.0	0.0 	0.0 	91.2666666667 	14.0 	0.0 	0.0 	0.0 	-0.0 	14.0 	0.0 	0.0 	0.0 	1.46814557374	2.14399281989	140.581268726	-30.142092997	
2.25	0.0	0.0	0.0 	0.0 	91.5 	14.0 	0.0 	0.0 	0.0 	-0.0 	14.0 	0.0 	0.0 	0.0 	1.49491038276	2.15831126106	140.60200614	-30.1559033371	
2.26666666667	0.0	0.0	0.0 	0.0 	91.7333333333 	14.0 	0.0 	0.0 	0.0 	-0.0 	14.0 	0.0 	0.0 	0.0 	1.52155674652	2.1723733455	140.622913449	-30.1702552522	
2.28333333333	0.0	0.0	0.0 	0.0 	91.9666666667 	14.0 	0.0 	0.0 	0.0 	-0.0 	14.0 	0.0 	0.0 	0.0 	1.54808518918	2.18618916675	140.643981514	-30.1851498788	
2.3	0.0	0.0	0.0 	0.0 	92.2 	14.0 	0.0 	0.0 	0.0 	-0.0 	14.0 	0.0 	0.0 	0.0 	1.5744962326	2.19976823603	140.665201335	-30.2005881744	
2.31666666667	0.0	0.0	0.0 	0.0 	92.4333333333 	14.0 	0.0 	0.0 	0.0 	-0.0 	14.0 	0.0 	0.0 	0.0 	1.60079039631	2.21311952617	140.686564048	-30.2165709261	
2.33333333333	0.0	0.0	0.0 	0.0 	92.6666666667 	14.0 	0.0 	0.0 	0.0 	-0.0 	14.0 	0.0 	0.0 	0.0 	1.62696819756	2.22625151152	140.708060923	-30.2330987581	
2.35	0.0	0.0	0.0 	0.0 	92.9 	14.0 	0.0 	0.0 	0.0 	-0.0 	14.0 	0.0 	0.0 	0.0 	1.65303015129	2.23917220417	140.729683362	-30.2501721392	
2.36666666667	0.0	0.0	0.0 	0.0 	93.1333333333 	14.0 	0.0 	0.0 	0.0 	-0.0 	14.0 	0.0 	0.0 	0.0 	1.67897677017	2.25043986229	140.751448408	-30.2677598632	
2.38333333333	0.0	0.0	0.0 	0.0 	93.3666666667 	14.0 	0.0 	0.0 	0.0 	-0.0 	14.0 	0.0 	0.0 	0.0 	1.70480856462	2.25982957738	140.773379663	-30.2858249036	
2.4	0.0	0.0	0.0 	0.0 	93.6 	14.0 	0.0 	0.0 	0.0 	-0.0 	14.0 	0.0 	0.0 	0.0 	1.73052604278	2.26765433996	140.795497589	-30.3043360923	
2.41666666667	0.0	0.0	0.0 	0.0 	93.8333333333 	14.0 	0.0 	0.0 	0.0 	-0.0 	14.0 	0.0 	0.0 	0.0 	1.75612971054	2.27417497544	140.81781979	-30.3232671161	
2.43333333333	0.0	0.0	0.0 	0.0 	94.0666666667 	14.0 	0.0 	0.0 	0.0 	-0.0 	14.0 	0.0 	0.0 	0.0 	1.78162007157	2.27960883834	140.840361304	-30.3425956974	
2.45	0.0	0.0	0.0 	0.0 	94.3 	14.0 	0.0 	0.0 	0.0 	-0.0 	14.0 	0.0 	0.0 	0.0 	1.80699762728	2.28413705743	140.863134897	-30.3623029223	
2.46666666667	0.0	0.0	0.0 	0.0 	94.5333333333 	14.0 	0.0 	0.0 	0.0 	-0.0 	14.0 	0.0 	0.0 	0.0 	1.8322628769	2.28791057333	140.886151338	-30.3823726871	
2.48333333333	0.0	0.0	0.0 	0.0 	94.7666666667 	14.0 	0.0 	0.0 	0.0 	-0.0 	14.0 	0.0 	0.0 	0.0 	1.85741631741	2.29105516992	140.909419657	-30.4027912415	
2.5	0.0	0.0	0.0 	0.0 	95.0 	14.0 	0.0 	0.0 	0.0 	-0.0 	14.0 	0.0 	0.0 	0.0 	1.88245844363	2.29367566707	140.932947377	-30.4235468091	
2.51666666667	0.0	0.0	0.0 	0.0 	95.2333333333 	14.0 	0.0 	0.0 	0.0 	-0.0 	14.0 	0.0 	0.0 	0.0 	1.90738974816	2.2958594147	140.956740715	-30.4446292726	
2.53333333333	0.0	0.0	0.0 	0.0 	95.4666666667 	14.0 	0.0 	0.0 	0.0 	-0.0 	14.0 	0.0 	0.0 	0.0 	1.93221072144	2.29767920439	140.980804773	-30.4660299104	
2.55	0.0	0.0	0.0 	0.0 	95.7 	14.0 	0.0 	0.0 	0.0 	-0.0 	14.0 	0.0 	0.0 	0.0 	1.95692185172	2.2991956958	141.005143691	-30.4877411766	
2.56666666667	0.0	0.0	0.0 	0.0 	95.9333333333 	14.0 	0.0 	0.0 	0.0 	-0.0 	14.0 	0.0 	0.0 	0.0 	1.98152362511	2.30045943865	141.029760787	-30.509756517	
2.58333333333	0.0	0.0	0.0 	0.0 	96.1666666667 	14.0 	0.0 	0.0 	0.0 	-0.0 	14.0 	0.0 	0.0 	0.0 	2.00601652556	2.30151255768	141.054658681	-30.5320702138	
2.6	0.0	0.0	0.0 	0.0 	96.4 	14.0 	0.0 	0.0 	0.0 	-0.0 	14.0 	0.0 	0.0 	0.0 	2.03040103487	2.30239015687	141.079839396	-30.5546772562	
2.61666666667	0.0	0.0	0.0 	0.0 	96.6333333333 	14.0 	0.0 	0.0 	0.0 	-0.0 	14.0 	0.0 	0.0 	0.0 	2.05467763272	2.30312148954	141.105304447	-30.5775732305	
2.63333333333	0.0	0.0	0.0 	0.0 	96.8666666667 	14.0 	0.0 	0.0 	0.0 	-0.0 	14.0 	0.0 	0.0 	0.0 	2.07884679665	2.30373093342	141.131054922	-30.6007542278	
2.65	0.0	0.0	0.0 	0.0 	97.1 	14.0 	0.0 	0.0 	0.0 	-0.0 	14.0 	0.0 	0.0 	0.0 	2.10290900212	2.30423880333	141.157091539	-30.6242167664	
2.66666666667	0.0	0.0	0.0 	0.0 	97.3333333333 	14.0 	0.0 	0.0 	0.0 	-0.0 	14.0 	0.0 	0.0 	0.0 	2.12686472246	2.30466202825	141.183414713	-30.6479577261	
2.68333333333	0.0	0.0	0.0 	0.0 	97.5666666667 	14.0 	0.0 	0.0 	0.0 	-0.0 	14.0 	0.0 	0.0 	0.0 	2.15071442889	2.30501471568	141.210024595	-30.6719742927	
2.7	0.0	0.0	0.0 	0.0 	97.8 	14.0 	0.0 	0.0 	0.0 	-0.0 	14.0 	0.0 	0.0 	0.0 	2.17445859059	2.30530862188	141.236921115	-30.6962639114	
2.71666666667	0.0	0.0	0.0 	0.0 	98.0333333333 	14.0 	0.0 	0.0 	0.0 	-0.0 	14.0 	0.0 	0.0 	0.0 	2.19809767463	2.30555354371	141.26410402	-30.720824247	
2.73333333333	0.0	0.0	0.0 	0.0 	98.2666666667 	14.0 	0.0 	0.0 	0.0 	-0.0 	14.0 	0.0 	0.0 	0.0 	2.22163214602	2.30575764523	141.291572898	-30.7456531508	
2.75	0.0	0.0	0.0 	0.0 	98.5 	14.0 	0.0 	0.0 	0.0 	-0.0 	14.0 	0.0 	0.0 	0.0 	2.24506246772	2.30592772983	141.319327207	-30.7707486323	
2.76666666667	0.0	0.0	0.0 	0.0 	98.7333333333 	14.0 	0.0 	0.0 	0.0 	-0.0 	14.0 	0.0 	0.0 	0.0 	2.26838910062	2.306069467	141.347366294	-30.7961088351	
2.78333333333	0.0	0.0	0.0 	0.0 	98.9666666667 	14.0 	0.0 	0.0 	0.0 	-0.0 	14.0 	0.0 	0.0 	0.0 	2.2916125036	2.30618758131	141.375689415	-30.8217320171	
2.8	0.0	0.0	0.0 	0.0 	99.2 	14.0 	0.0 	0.0 	0.0 	-0.0 	14.0 	0.0 	0.0 	0.0 	2.31473313349	2.3062860099	141.404295747	-30.8476165334	
2.81666666667	0.0	0.0	0.0 	0.0 	99.4333333333 	14.0 	0.0 	0.0 	0.0 	-0.0 	14.0 	0.0 	0.0 	0.0 	2.33775144511	2.30636803373	141.433184403	-30.8737608217	
2.83333333333	0.0	0.0	0.0 	0.0 	99.6666666667 	14.0 	0.0 	0.0 	0.0 	-0.0 	14.0 	0.0 	0.0 	0.0 	2.36066789125	2.30643638691	141.462354444	-30.9001633905	
2.85	0.0	0.0	0.0 	0.0 	99.9 	14.0 	0.0 	0.0 	0.0 	-0.0 	14.0 	0.0 	0.0 	0.0 	2.38348292271	2.3064933479	141.491804884	-30.9268228084	
2.86666666667	0.0	0.0	0.0 	0.0 	100.133333333 	14.0 	0.0 	0.0 	0.0 	-0.0 	14.0 	0.0 	0.0 	0.0 	2.40619698829	2.30654081539	141.521534704	-30.953737696	
2.88333333333	0.0	0.0	0.0 	0.0 	100.366666667 	14.0 	0.0 	0.0 	0.0 	-0.0 	14.0 	0.0 	0.0 	0.0 	2.42881053481	2.30658037164	141.55154285	-30.9809067178	
2.9	0.0	0.0	0.0 	0.0 	100.6 	14.0 	0.0 	0.0 	0.0 	-0.0 	14.0 	0.0 	0.0 	0.0 	2.4513240071	2.30661333517	141.581828249	-31.008328577	
2.91666666667	0.0	0.0	0.0 	0.0 	100.833333333 	14.0 	0.0 	0.0 	0.0 	-0.0 	14.0 	0.0 	0.0 	0.0 	2.47373784804	2.30664080479	141.612389804	-31.0360020092	
2.93333333333	0.0	0.0	0.0 	0.0 	101.066666667 	14.0 	0.0 	0.0 	0.0 	-0.0 	14.0 	0.0 	0.0 	0.0 	2.49605249853	2.30666369613	141.643226403	-31.0639257788	
2.95	0.0	0.0	0.0 	0.0 	101.3 	14.0 	0.0 	0.0 	0.0 	-0.0 	14.0 	0.0 	0.0 	0.0 	2.51826839754	2.30668277225	141.674336924	-31.092098675	
2.96666666667	0.0	0.0	0.0 	0.0 	101.533333333 	14.0 	0.0 	0.0 	0.0 	-0.0 	14.0 	0.0 	0.0 	0.0 	2.54038598208	2.30669866902	141.705720232	-31.1205195086	
2.98333333333	0.0	0.0	0.0 	0.0 	101.766666667 	14.0 	0.0 	0.0 	0.0 	-0.0 	14.0 	0.0 	0.0 	0.0 	2.56240568723	2.30671191632	141.737375187	-31.1491871092	
3.0	0.0	0.0	0.0 	0.0 	102.0 	14.0 	0.0 	0.0 	0.0 	-0.0 	14.0 	0.0 	0.0 	0.0 	2.58432794614	2.30672295574	141.769300641	-31.1781003235	
3.01666666667	0.0	0.0	0.0 	0.0 	102.233333333 	14.0 	0.0 	0.0 	0.0 	-0.0 	14.0 	0.0 	0.0 	0.0 	2.60615319006	2.30673215526	141.801495445	-31.2072580126	
3.03333333333	0.0	0.0	0.0 	0.0 	102.466666667 	14.0 	0.0 	0.0 	0.0 	-0.0 	14.0 	0.0 	0.0 	0.0 	2.62788184832	2.30673982153	141.833958446	-31.2366590513	
3.05	0.0	0.0	0.0 	0.0 	102.7 	14.0 	0.0 	0.0 	0.0 	-0.0 	14.0 	0.0 	0.0 	0.0 	2.64951434835	2.30674621008	141.86668849	-31.2663023259	
3.06666666667	0.0	0.0	0.0 	0.0 	102.933333333 	14.0 	0.0 	0.0 	0.0 	-0.0 	14.0 	0.0 	0.0 	0.0 	2.67105111569	2.30675153388	141.899684424	-31.2961867336	
3.08333333333	0.0	0.0	0.0 	0.0 	103.166666667 	14.0 	0.0 	0.0 	0.0 	-0.0 	14.0 	0.0 	0.0 	0.0 	2.69249257399	2.30675597037	141.932945094	-31.3263111815	
3.1	0.0	0.0	0.0 	0.0 	103.4 	14.0 	0.0 	0.0 	0.0 	-0.0 	14.0 	0.0 	0.0 	0.0 	2.71383914504	2.30675966745	141.966469348	-31.3566745854	
3.11666666667	0.0	0.0	0.0 	0.0 	103.633333333 	14.0 	0.0 	0.0 	0.0 	-0.0 	14.0 	0.0 	0.0 	0.0 	2.73509124875	2.30676274835	142.000256037	-31.3872758696	
3.13333333333	0.0	0.0	0.0 	0.0 	103.866666667 	14.0 	0.0 	0.0 	0.0 	-0.0 	14.0 	0.0 	0.0 	0.0 	2.75624930318	2.30676531577	142.034304013	-31.4181139658	
3.15	0.0	0.0	0.0 	0.0 	104.1 	14.0 	0.0 	0.0 	0.0 	-0.0 	14.0 	0.0 	0.0 	0.0 	2.77731372454	2.30676745528	142.068612131	-31.4491878133	
3.16666666667	0.0	0.0	0.0 	0.0 	104.333333333 	14.0 	0.0 	0.0 	0.0 	-0.0 	14.0 	0.0 	0.0 	0.0 	2.79828492719	2.30676923821	142.103179251	-31.4804963576	
3.18333333333	0.0	0.0	0.0 	0.0 	104.566666667 	14.0 	0.0 	0.0 	0.0 	-0.0 	14.0 	0.0 	0.0 	0.0 	2.81916332365	2.30677072398	142.138004233	-31.5120385512	
3.2	0.0	0.0	0.0 	0.0 	104.8 	14.0 	0.0 	0.0 	0.0 	-0.0 	14.0 	0.0 	0.0 	0.0 	2.83994932465	2.30677196213	142.173085945	-31.5438133523	
3.21666666667	0.0	0.0	0.0 	0.0 	105.033333333 	14.0 	0.0 	0.0 	0.0 	-0.0 	14.0 	0.0 	0.0 	0.0 	2.86064333906	2.30677299392	142.208423256	-31.575819725	
3.23333333333	0.0	0.0	0.0 	0.0 	105.266666667 	14.0 	0.0 	0.0 	0.0 	-0.0 	14.0 	0.0 	0.0 	0.0 	2.88124577396	2.30677385374	142.244015039	-31.6080566391	
3.25	0.0	0.0	0.0 	0.0 	105.5 	14.0 	0.0 	0.0 	0.0 	-0.0 	14.0 	0.0 	0.0 	0.0 	2.90175703463	2.30677457026	142.279860173	-31.6405230699	
3.26666666667	0.0	0.0	0.0 	0.0 	105.733333333 	14.0 	0.0 	0.0 	0.0 	-0.0 	14.0 	0.0 	0.0 	0.0 	2.92217752456	2.30677516736	142.31595754	-31.6732179977	
3.28333333333	0.0	0.0	0.0 	0.0 	105.966666667 	14.0 	0.0 	0.0 	0.0 	-0.0 	14.0 	0.0 	0.0 	0.0 	2.94250764543	2.30677566494	142.352306026	-31.7061404081	
3.3	0.0	0.0	0.0 	0.0 	106.2 	14.0 	0.0 	0.0 	0.0 	-0.0 	14.0 	0.0 	0.0 	0.0 	2.96274779718	2.30677607959	142.388904523	-31.7392892918	
3.31666666667	0.0	0.0	0.0 	0.0 	106.433333333 	14.0 	0.0 	0.0 	0.0 	-0.0 	14.0 	0.0 	0.0 	0.0 	2.98289837795	2.30677642513	142.425751927	-31.7726636442	
3.33333333333	0.0	0.0	0.0 	0.0 	106.666666667 	14.0 	0.0 	0.0 	0.0 	-0.0 	14.0 	0.0 	0.0 	0.0 	3.00295978413	2.30677671309	142.462847136	-31.8062624657	
3.35	0.0	0.0	0.0 	0.0 	106.9 	14.0 	0.0 	0.0 	0.0 	-0.0 	14.0 	0.0 	0.0 	0.0 	3.02293241035	2.30677695305	142.500189058	-31.8400847612	
3.36666666667	0.0	0.0	0.0 	0.0 	107.133333333 	14.0 	0.0 	0.0 	0.0 	-0.0 	14.0 	0.0 	0.0 	0.0 	3.04281664951	2.30677715302	142.5377766	-31.8741295404	
3.38333333333	0.0	0.0	0.0 	0.0 	107.366666667 	14.0 	0.0 	0.0 	0.0 	-0.0 	14.0 	0.0 	0.0 	0.0 	3.06261289274	2.30677731965	142.575608677	-31.9083958177	
3.4	0.0	0.0	0.0 	0.0 	107.6 	14.0 	0.0 	0.0 	0.0 	-0.0 	14.0 	0.0 	0.0 	0.0 	3.08232152948	2.30677745852	142.613684208	-31.9428826119	
3.41666666667	0.0	0.0	0.0 	0.0 	107.833333333 	14.0 	0.0 	0.0 	0.0 	-0.0 	14.0 	0.0 	0.0 	0.0 	3.10194294741	2.30677757424	142.652002115	-31.9775889462	
3.43333333333	0.0	0.0	0.0 	0.0 	108.066666667 	14.0 	0.0 	0.0 	0.0 	-0.0 	14.0 	0.0 	0.0 	0.0 	3.12147753251	2.30677767068	142.690561328	-32.0125138485	
3.45	0.0	0.0	0.0 	0.0 	108.3 	14.0 	0.0 	0.0 	0.0 	-0.0 	14.0 	0.0 	0.0 	0.0 	3.14092566905	2.30677775104	142.729360778	-32.047656351	
3.46666666667	0.0	0.0	0.0 	0.0 	108.533333333 	14.0 	0.0 	0.0 	0.0 	-0.0 	14.0 	0.0 	0.0 	0.0 	3.16028773961	2.30677781801	142.768399402	-32.0830154902	
3.48333333333	0.0	0.0	0.0 	0.0 	108.766666667 	14.0 	0.0 	0.0 	0.0 	-0.0 	14.0 	0.0 	0.0 	0.0 	3.17956412506	2.30677787382	142.807676144	-32.118590307	
3.5	0.0	0.0	0.0 	0.0 	109.0 	14.0 	0.0 	0.0 	0.0 	-0.0 	14.0 	0.0 	0.0 	0.0 	3.19875520459	2.30677792032	142.847189948	-32.1543798467	
3.51666666667	0.0	0.0	0.0 	0.0 	109.233333333 	14.0 	0.0 	0.0 	0.0 	-0.0 	14.0 	0.0 	0.0 	0.0 	3.21786135572	2.30677795908	142.886939767	-32.1903831586	
3.53333333333	0.0	0.0	0.0 	0.0 	109.466666667 	14.0 	0.0 	0.0 	0.0 	-0.0 	14.0 	0.0 	0.0 	0.0 	3.23688295429	2.30677799137	142.926924557	-32.2265992966	
3.55	0.0	0.0	0.0 	0.0 	109.7 	14.0 	0.0 	0.0 	0.0 	-0.0 	14.0 	0.0 	0.0 	0.0 	3.25582037448	2.30677801829	142.967143276	-32.2630273186	
3.56666666667	0.0	0.0	0.0 	0.0 	109.933333333 	14.0 	0.0 	0.0 	0.0 	-0.0 	14.0 	0.0 	0.0 	0.0 	3.27467398881	2.30677804071	143.007594891	-32.2996662867	
3.58333333333	0.0	0.0	0.0 	0.0 	110.166666667 	14.0 	0.0 	0.0 	0.0 	-0.0 	14.0 	0.0 	0.0 	0.0 	3.29344416816	2.3067780594	143.048278371	-32.3365152674	
3.6	0.0	0.0	0.0 	0.0 	110.4 	14.0 	0.0 	0.0 	0.0 	-0.0 	14.0 	0.0 	0.0 	0.0 	3.31213128176	2.30677807498	143.08919269	-32.3735733311	
3.61666666667	0.0	0.0	0.0 	0.0 	110.633333333 	14.0 	0.0 	0.0 	0.0 	-0.0 	14.0 	0.0 	0.0 	0.0 	3.33073569721	2.30677808796	143.130336826	-32.4108395524	
3.63333333333	0.0	0.0	0.0 	0.0 	110.866666667 	14.0 	0.0 	0.0 	0.0 	-0.0 	14.0 	0.0 	0.0 	0.0 	3.3492577805	2.30677809877	143.171709763	-32.44831301	
3.65	0.0	0.0	0.0 	0.0 	111.1 	14.0 	0.0 	0.0 	0.0 	-0.0 	14.0 	0.0 	0.0 	0.0 	3.36769789596	2.30677810779	143.213310487	-32.4859927869	
3.66666666667	0.0	0.0	0.0 	0.0 	111.333333333 	14.0 	0.0 	0.0 	0.0 	-0.0 	14.0 	0.0 	0.0 	0.0 	3.38605640634	2.3067781153	143.255137992	-32.5238779698	
3.68333333333	0.0	0.0	0.0 	0.0 	111.566666667 	14.0 	0.0 	0.0 	0.0 	-0.0 	14.0 	0.0 	0.0 	0.0 	3.40433367278	2.30677812156	143.297191273	-32.5619676497	
3.7	0.0	0.0	0.0 	0.0 	111.8 	14.0 	0.0 	0.0 	0.0 	-0.0 	14.0 	0.0 	0.0 	0.0 	3.42253005481	2.30677812677	143.339469331	-32.6002609217	
3.71666666667	0.0	0.0	0.0 	0.0 	112.033333333 	14.0 	0.0 	0.0 	0.0 	-0.0 	14.0 	0.0 	0.0 	0.0 	3.44064591039	2.30677813112	143.381971172	-32.6387568846	
3.73333333333	0.0	0.0	0.0 	0.0 	112.266666667 	14.0 	0.0 	0.0 	0.0 	-0.0 	14.0 	0.0 	0.0 	0.0 	3.45868159586	2.30677813474	143.424695805	-32.6774546416	
3.75	0.0	0.0	0.0 	0.0 	112.5 	14.0 	0.0 	0.0 	0.0 	-0.0 	14.0 	0.0 	0.0 	0.0 	3.47663746603	2.30677813776	143.467642244	-32.7163532994	
3.76666666667	0.0	0.0	0.0 	0.0 	112.733333333 	14.0 	0.0 	0.0 	0.0 	-0.0 	14.0 	0.0 	0.0 	0.0 	3.49451387411	2.30677814027	143.510809508	-32.7554519691	
3.78333333333	0.0	0.0	0.0 	0.0 	112.966666667 	14.0 	0.0 	0.0 	0.0 	-0.0 	14.0 	0.0 	0.0 	0.0 	3.51231117174	2.30677814237	143.55419662	-32.7947497655	
3.8	0.0	0.0	0.0 	0.0 	113.2 	14.0 	0.0 	0.0 	0.0 	-0.0 	14.0 	0.0 	0.0 	0.0 	3.53002970902	2.30677814412	143.597802607	-32.8342458073	
3.81666666667	0.0	0.0	0.0 	0.0 	113.433333333 	14.0 	0.0 	0.0 	0.0 	-0.0 	14.0 	0.0 	0.0 	0.0 	3.54766983451	2.30677814557	143.641626499	-32.8739392173	
3.83333333333	0.0	0.0	0.0 	0.0 	113.666666667 	14.0 	0.0 	0.0 	0.0 	-0.0 	14.0 	0.0 	0.0 	0.0 	3.5652318952	2.30677814679	143.685667333	-32.9138291219	
3.85	0.0	0.0	0.0 	0.0 	113.9 	14.0 	0.0 	0.0 	0.0 	-0.0 	14.0 	0.0 	0.0 	0.0 	3.58271623656	2.3067781478	143.729924149	-32.9539146517	
3.86666666667	0.0	0.0	0.0 	0.0 	114.133333333 	14.0 	0.0 	0.0 	0.0 	-0.0 	14.0 	0.0 	0.0 	0.0 	3.60012320254	2.30677814864	143.774395991	-32.9941949408	
3.88333333333	0.0	0.0	0.0 	0.0 	114.366666667 	14.0 	0.0 	0.0 	0.0 	-0.0 	14.0 	0.0 	0.0 	0.0 	3.61745313554	2.30677814934	143.819081907	-33.0346691275	
3.9	0.0	0.0	0.0 	0.0 	114.6 	14.0 	0.0 	0.0 	0.0 	-0.0 	14.0 	0.0 	0.0 	0.0 	3.63470637649	2.30677814993	143.86398095	-33.0753363535	
3.91666666667	0.0	0.0	0.0 	0.0 	114.833333333 	14.0 	0.0 	0.0 	0.0 	-0.0 	14.0 	0.0 	0.0 	0.0 	3.65188326475	2.30677815041	143.909092177	-33.1161957646	
3.93333333333	0.0	0.0	0.0 	0.0 	115.066666667 	14.0 	0.0 	0.0 	0.0 	-0.0 	14.0 	0.0 	0.0 	0.0 	3.66898413824	2.30677815082	143.954414649	-33.1572465104	
3.95	0.0	0.0	0.0 	0.0 	115.3 	14.0 	0.0 	0.0 	0.0 	-0.0 	14.0 	0.0 	0.0 	0.0 	3.68600933335	2.30677815116	143.999947431	-33.198487744	
3.96666666667	0.0	0.0	0.0 	0.0 	115.533333333 	14.0 	0.0 	0.0 	0.0 	-0.0 	14.0 	0.0 	0.0 	0.0 	3.70295918498	2.30677815144	144.045689592	-33.2399186226	
3.98333333333	0.0	0.0	0.0 	0.0 	115.766666667 	14.0 	0.0 	0.0 	0.0 	-0.0 	14.0 	0.0 	0.0 	0.0 	3.71983402656	2.30677815168	144.091640205	-33.2815383067	
4.0	0.0	0.0	0.0 	0.0 	116.0 	14.0 	0.0 	0.0 	0.0 	-0.0 	14.0 	0.0 	0.0 	0.0 	3.73663419004	2.30677815187	144.137798349	-33.323345961	
4.01666666667	0.0	0.0	0.0 	0.0 	116.233333333 	14.0 	0.0 	0.0 	0.0 	-0.0 	14.0 	0.0 	0.0 	0.0 	3.7533600059	2.30677815204	144.184163104	-33.3653407535	
4.03333333333	0.0	0.0	0.0 	0.0 	116.466666667 	14.0 	0.0 	0.0 	0.0 	-0.0 	14.0 	0.0 	0.0 	0.0 	3.77001180316	2.30677815217	144.230733557	-33.407521856	
4.05	0.0	0.0	0.0 	0.0 	116.7 	14.0 	0.0 	0.0 	0.0 	-0.0 	14.0 	0.0 	0.0 	0.0 	3.78658990939	2.30677815228	144.277508797	-33.4498884442	
4.06666666667	0.0	0.0	0.0 	0.0 	116.933333333 	14.0 	0.0 	0.0 	0.0 	-0.0 	14.0 	0.0 	0.0 	0.0 	3.80309465069	2.30677815238	144.324487918	-33.4924396971	
4.08333333333	0.0	0.0	0.0 	0.0 	117.166666667 	14.0 	0.0 	0.0 	0.0 	-0.0 	14.0 	0.0 	0.0 	0.0 	3.81952635173	2.30677815246	144.371670018	-33.5351747975	
4.1	0.0	0.0	0.0 	0.0 	117.4 	14.0 	0.0 	0.0 	0.0 	-0.0 	14.0 	0.0 	0.0 	0.0 	3.83588533576	2.30677815252	144.419054198	-33.5780929318	
4.11666666667	0.0	0.0	0.0 	0.0 	117.633333333 	14.0 	0.0 	0.0 	0.0 	-0.0 	14.0 	0.0 	0.0 	0.0 	3.85217192456	2.30677815258	144.466639563	-33.62119329	
4.13333333333	0.0	0.0	0.0 	0.0 	117.866666667 	14.0 	0.0 	0.0 	0.0 	-0.0 	14.0 	0.0 	0.0 	0.0 	3.86838643853	2.30677815262	144.514425225	-33.6644750657	
4.15	0.0	0.0	0.0 	0.0 	118.1 	14.0 	0.0 	0.0 	0.0 	-0.0 	14.0 	0.0 	0.0 	0.0 	3.88452919662	2.30677815266	144.562410296	-33.707937456	
4.16666666667	0.0	0.0	0.0 	0.0 	118.333333333 	14.0 	0.0 	0.0 	0.0 	-0.0 	14.0 	0.0 	0.0 	0.0 	3.90060051638	2.30677815269	144.610593894	-33.7515796617	
4.18333333333	0.0	0.0	0.0 	0.0 	118.566666667 	14.0 	0.0 	0.0 	0.0 	-0.0 	14.0 	0.0 	0.0 	0.0 	3.91660071395	2.30677815272	144.65897514	-33.795400887	
4.2	0.0	0.0	0.0 	0.0 	118.8 	14.0 	0.0 	0.0 	0.0 	-0.0 	14.0 	0.0 	0.0 	0.0 	3.93253010408	2.30677815274	144.70755316	-33.8394003396	
4.21666666667	0.0	0.0	0.0 	0.0 	119.033333333 	14.0 	0.0 	0.0 	0.0 	-0.0 	14.0 	0.0 	0.0 	0.0 	3.94838900012	2.30677815276	144.756327082	-33.8835772309	
4.23333333333	0.0	0.0	0.0 	0.0 	119.266666667 	14.0 	0.0 	0.0 	0.0 	-0.0 	14.0 	0.0 	0.0 	0.0 	3.96417771404	2.30677815278	144.805296041	-33.9279307756	
4.25	0.0	0.0	0.0 	0.0 	119.5 	14.0 	0.0 	0.0 	0.0 	-0.0 	14.0 	0.0 	0.0 	0.0 	3.97989655642	2.30677815279	144.854459172	-33.9724601918	
4.26666666667	0.0	0.0	0.0 	0.0 	119.733333333 	14.0 	0.0 	0.0 	0.0 	-0.0 	14.0 	0.0 	0.0 	0.0 	3.99554583647	2.3067781528	144.903815617	-34.0171647014	
4.28333333333	0.0	0.0	0.0 	0.0 	119.966666667 	14.0 	0.0 	0.0 	0.0 	-0.0 	14.0 	0.0 	0.0 	0.0 	4.01112586203	2.30677815281	144.95336452	-34.0620435295	
4.3	0.0	0.0	0.0 	0.0 	120.2 	14.0 	0.0 	0.0 	0.0 	-0.0 	14.0 	0.0 	0.0 	0.0 	4.02663693959	2.30677815281	145.003105029	-34.1070959046	
4.31666666667	0.0	0.0	0.0 	0.0 	120.433333333 	14.0 	0.0 	0.0 	0.0 	-0.0 	14.0 	0.0 	0.0 	0.0 	4.04207937426	2.30677815282	145.053036296	-34.1523210587	
4.33333333333	0.0	0.0	0.0 	0.0 	120.666666667 	14.0 	0.0 	0.0 	0.0 	-0.0 	14.0 	0.0 	0.0 	0.0 	4.05745346982	2.30677815283	145.103157477	-34.1977182272	
4.35	0.0	0.0	0.0 	0.0 	120.9 	14.0 	0.0 	0.0 	0.0 	-0.0 	14.0 	0.0 	0.0 	0.0 	4.0727595287	2.30677815283	145.153467732	-34.2432866489	
4.36666666667	0.0	0.0	0.0 	0.0 	121.133333333 	14.0 	0.0 	0.0 	0.0 	-0.0 	14.0 	0.0 	0.0 	0.0 	4.08799785198	2.30677815283	145.203966225	-34.2890255659	
4.38333333333	0.0	0.0	0.0 	0.0 	121.366666667 	14.0 	0.0 	0.0 	0.0 	-0.0 	14.0 	0.0 	0.0 	0.0 	4.10316873943	2.30677815284	145.254652121	-34.3349342236	
4.4	0.0	0.0	0.0 	0.0 	121.6 	14.0 	0.0 	0.0 	0.0 	-0.0 	14.0 	0.0 	0.0 	0.0 	4.11827248948	2.30677815284	145.305524591	-34.381011871	
4.41666666667	0.0	0.0	0.0 	0.0 	121.833333333 	14.0 	0.0 	0.0 	0.0 	-0.0 	14.0 	0.0 	0.0 	0.0 	4.13330939923	2.30677815284	145.356582811	-34.4272577601	
4.43333333333	0.0	0.0	0.0 	0.0 	122.066666667 	14.0 	0.0 	0.0 	0.0 	-0.0 	14.0 	0.0 	0.0 	0.0 	4.14827976449	2.30677815284	145.407825958	-34.4736711465	
4.45	0.0	0.0	0.0 	0.0 	122.3 	14.0 	0.0 	0.0 	0.0 	-0.0 	14.0 	0.0 	0.0 	0.0 	4.16318387974	2.30677815284	145.459253213	-34.5202512888	
4.46666666667	0.0	0.0	0.0 	0.0 	122.533333333 	14.0 	0.0 	0.0 	0.0 	-0.0 	14.0 	0.0 	0.0 	0.0 	4.17802203816	2.30677815285	145.510863762	-34.5669974492	
4.48333333333	0.0	0.0	0.0 	0.0 	122.766666667 	14.0 	0.0 	0.0 	0.0 	-0.0 	14.0 	0.0 	0.0 	0.0 	4.19279453163	2.30677815285	145.562656793	-34.6139088928	
4.5	0.0	0.0	0.0 	0.0 	123.0 	14.0 	0.0 	0.0 	0.0 	-0.0 	14.0 	0.0 	0.0 	0.0 	4.20750165077	2.30677815285	145.6146315	-34.6609848884	
4.51666666667	0.0	0.0	0.0 	0.0 	123.233333333 	14.0 	0.0 	0.0 	0.0 	-0.0 	14.0 	0.0 	0.0 	0.0 	4.22214368486	2.30677815285	145.666787077	-34.7082247076	
4.53333333333	0.0	0.0	0.0 	0.0 	123.466666667 	14.0 	0.0 	0.0 	0.0 	-0.0 	14.0 	0.0 	0.0 	0.0 	4.23672092194	2.30677815285	145.719122726	-34.7556276255	
4.55	0.0	0.0	0.0 	0.0 	123.7 	14.0 	0.0 	0.0 	0.0 	-0.0 	14.0 	0.0 	0.0 	0.0 	4.25123364877	2.30677815285	145.771637648	-34.8031929202	
4.56666666667	0.0	0.0	0.0 	0.0 	123.933333333 	14.0 	0.0 	0.0 	0.0 	-0.0 	14.0 	0.0 	0.0 	0.0 	4.26568215082	2.30677815285	145.82433105	-34.8509198733	
4.58333333333	0.0	0.0	0.0 	0.0 	124.166666667 	14.0 	0.0 	0.0 	0.0 	-0.0 	14.0 	0.0 	0.0 	0.0 	4.28006671233	2.30677815285	145.877202144	-34.8988077693	
4.6	0.0	0.0	0.0 	0.0 	124.4 	14.0 	0.0 	0.0 	0.0 	-0.0 	14.0 	0.0 	0.0 	0.0 	4.29438761624	2.30677815285	145.930250141	-34.946855896	
4.61666666667	0.0	0.0	0.0 	0.0 	124.633333333 	14.0 	0.0 	0.0 	0.0 	-0.0 	14.0 	0.0 	0.0 	0.0 	4.30864514428	2.30677815285	145.98347426	-34.9950635443	
4.63333333333	0.0	0.0	0.0 	0.0 	124.866666667 	14.0 	0.0 	0.0 	0.0 	-0.0 	14.0 	0.0 	0.0 	0.0 	4.3228395769	2.30677815285	146.03687372	-35.0434300081	
4.65	0.0	0.0	0.0 	0.0 	125.1 	14.0 	0.0 	0.0 	0.0 	-0.0 	14.0 	0.0 	0.0 	0.0 	4.33697119333	2.30677815285	146.090447747	-35.0919545848	
4.66666666667	0.0	0.0	0.0 	0.0 	125.333333333 	14.0 	0.0 	0.0 	0.0 	-0.0 	14.0 	0.0 	0.0 	0.0 	4.35104027156	2.30677815285	146.144195567	-35.1406365746	
4.68333333333	0.0	0.0	0.0 	0.0 	125.566666667 	14.0 	0.0 	0.0 	0.0 	-0.0 	14.0 	0.0 	0.0 	0.0 	4.36504708835	2.30677815285	146.198116411	-35.1894752809	
4.7	0.0	0.0	0.0 	0.0 	125.8 	14.0 	0.0 	0.0 	0.0 	-0.0 	14.0 	0.0 	0.0 	0.0 	4.37899191922	2.30677815285	146.252209514	-35.2384700101	
4.71666666667	0.0	0.0	0.0 	0.0 	126.033333333 	14.0 	0.0 	0.0 	0.0 	-0.0 	14.0 	0.0 	0.0 	0.0 	4.39287503849	2.30677815285	146.306474114	-35.2876200718	
4.73333333333	0.0	0.0	0.0 	0.0 	126.266666667 	14.0 	0.0 	0.0 	0.0 	-0.0 	14.0 	0.0 	0.0 	0.0 	4.40669671927	2.30677815285	146.36090945	-35.3369247786	
4.75	0.0	0.0	0.0 	0.0 	126.5 	14.0 	0.0 	0.0 	0.0 	-0.0 	14.0 	0.0 	0.0 	0.0 	4.42045723343	2.30677815285	146.415514769	-35.3863834461	
4.76666666667	0.0	0.0	0.0 	0.0 	126.733333333 	14.0 	0.0 	0.0 	0.0 	-0.0 	14.0 	0.0 	0.0 	0.0 	4.43415685167	2.30677815285	146.470289317	-35.4359953929	
4.78333333333	0.0	0.0	0.0 	0.0 	126.966666667 	14.0 	0.0 	0.0 	0.0 	-0.0 	14.0 	0.0 	0.0 	0.0 	4.44779584347	2.30677815285	146.525232346	-35.4857599408	
4.8	0.0	0.0	0.0 	0.0 	127.2 	14.0 	0.0 	0.0 	0.0 	-0.0 	14.0 	0.0 	0.0 	0.0 	4.46137447714	2.30677815285	146.580343109	-35.5356764143	
4.81666666667	0.0	0.0	0.0 	0.0 	127.433333333 	14.0 	0.0 	0.0 	0.0 	-0.0 	14.0 	0.0 	0.0 	0.0 	4.47489301978	2.30677815285	146.635620866	-35.5857441413	
4.83333333333	0.0	0.0	0.0 	0.0 	127.666666667 	14.0 	0.0 	0.0 	0.0 	-0.0 	14.0 	0.0 	0.0 	0.0 	4.48835173733	2.30677815285	146.691064876	-35.6359624523	
4.85	0.0	0.0	0.0 	0.0 	127.9 	14.0 	0.0 	0.0 	0.0 	-0.0 	14.0 	0.0 	0.0 	0.0 	4.50175089452	2.30677815285	146.746674405	-35.6863306809	
4.86666666667	0.0	0.0	0.0 	0.0 	128.133333333 	14.0 	0.0 	0.0 	0.0 	-0.0 	14.0 	0.0 	0.0 	0.0 	4.51509075494	2.30677815285	146.802448718	-35.7368481637	
4.88333333333	0.0	0.0	0.0 	0.0 	128.366666667 	14.0 	0.0 	0.0 	0.0 	-0.0 	14.0 	0.0 	0.0 	0.0 	4.52837158101	2.30677815285	146.858387088	-35.7875142402	
4.9	0.0	0.0	0.0 	0.0 	128.6 	14.0 	0.0 	0.0 	0.0 	-0.0 	14.0 	0.0 	0.0 	0.0 	4.54159363397	2.30677815285	146.914488789	-35.8383282527	
4.91666666667	0.0	0.0	0.0 	0.0 	128.833333333 	14.0 	0.0 	0.0 	0.0 	-0.0 	14.0 	0.0 	0.0 	0.0 	4.55475717392	2.30677815285	146.970753096	-35.8892895467	
4.93333333333	0.0	0.0	0.0 	0.0 	129.066666667 	14.0 	0.0 	0.0 	0.0 	-0.0 	14.0 	0.0 	0.0 	0.0 	4.5678624598	2.30677815285	147.027179292	-35.9403974702	
4.95	0.0	0.0	0.0 	0.0 	129.3 	14.0 	0.0 	0.0 	0.0 	-0.0 	14.0 	0.0 	0.0 	0.0 	4.58090974942	2.30677815285	147.083766659	-35.9916513745	
4.96666666667	0.0	0.0	0.0 	0.0 	129.533333333 	14.0 	0.0 	0.0 	0.0 	-0.0 	14.0 	0.0 	0.0 	0.0 	4.59389929942	2.30677815285	147.140514484	-36.0430506135	
4.98333333333	0.0	0.0	0.0 	0.0 	129.766666667 	14.0 	0.0 	0.0 	0.0 	-0.0 	14.0 	0.0 	0.0 	0.0 	4.60683136533	2.30677815285	147.197422058	-36.0945945441	
5.0	0.0	0.0	0.0 	0.0 	130.0 	14.0 	0.0 	0.0 	0.0 	-0.0 	14.0 	0.0 	0.0 	0.0 	4.61970620155	2.30677815285	147.254488672	-36.1462825258	
5.01666666667	0.0	0.0	0.0 	0.0 	130.233333333 	14.0 	0.0 	0.0 	0.0 	-0.0 	14.0 	0.0 	0.0 	0.0 	4.63252406133	2.30677815285	147.311713624	-36.1981139213	
5.03333333333	0.0	0.0	0.0 	0.0 	130.466666667 	14.0 	0.0 	0.0 	0.0 	-0.0 	14.0 	0.0 	0.0 	0.0 	4.64528519681	2.30677815285	147.369096212	-36.2500880959	
5.05	0.0	0.0	0.0 	0.0 	130.7 	14.0 	0.0 	0.0 	0.0 	-0.0 	14.0 	0.0 	0.0 	0.0 	4.65798985904	2.30677815285	147.42663574	-36.3022044176	
5.06666666667	0.0	0.0	0.0 	0.0 	130.933333333 	14.0 	0.0 	0.0 	0.0 	-0.0 	14.0 	0.0 	0.0 	0.0 	4.67063829792	2.30677815285	147.484331511	-36.3544622575	
5.08333333333	0.0	0.0	0.0 	0.0 	131.166666667 	14.0 	0.0 	0.0 	0.0 	-0.0 	14.0 	0.0 	0.0 	0.0 	4.68323076227	2.30677815285	147.542182836	-36.4068609893	
5.1	0.0	0.0	0.0 	0.0 	131.4 	14.0 	0.0 	0.0 	0.0 	-0.0 	14.0 	0.0 	0.0 	0.0 	4.6957674998	2.30677815285	147.600189026	-36.4593999895	
5.11666666667	0.0	0.0	0.0 	0.0 	131.633333333 	14.0 	0.0 	0.0 	0.0 	-0.0 	14.0 	0.0 	0.0 	0.0 	4.70824875712	2.30677815285	147.658349395	-36.5120786373	
5.13333333333	0.0	0.0	0.0 	0.0 	131.866666667 	14.0 	0.0 	0.0 	0.0 	-0.0 	14.0 	0.0 	0.0 	0.0 	4.72067477975	2.30677815285	147.71666326	-36.5648963147	
5.15	0.0	0.0	0.0 	0.0 	132.1 	14.0 	0.0 	0.0 	0.0 	-0.0 	14.0 	0.0 	0.0 	0.0 	4.73304581213	2.30677815285	147.775129944	-36.6178524064	
5.16666666667	0.0	0.0	0.0 	0.0 	132.333333333 	14.0 	0.0 	0.0 	0.0 	-0.0 	14.0 	0.0 	0.0 	0.0 	4.74536209761	2.30677815285	147.833748769	-36.6709463	
5.18333333333	0.0	0.0	0.0 	0.0 	132.566666667 	14.0 	0.0 	0.0 	0.0 	-0.0 	14.0 	0.0 	0.0 	0.0 	4.75762387848	2.30677815285	147.892519062	-36.7241773856	
5.2	0.0	0.0	0.0 	0.0 	132.8 	14.0 	0.0 	0.0 	0.0 	-0.0 	14.0 	0.0 	0.0 	0.0 	4.76983139593	2.30677815285	147.951440153	-36.7775450561	
5.21666666667	0.0	0.0	0.0 	0.0 	133.033333333 	14.0 	0.0 	0.0 	0.0 	-0.0 	14.0 	0.0 	0.0 	0.0 	4.78198489011	2.30677815285	148.010511374	-36.8310487069	
5.23333333333	0.0	0.0	0.0 	0.0 	133.266666667 	14.0 	0.0 	0.0 	0.0 	-0.0 	14.0 	0.0 	0.0 	0.0 	4.79408460009	2.30677815285	148.069732062	-36.8846877365	
5.25	0.0	0.0	0.0 	0.0 	133.5 	14.0 	0.0 	0.0 	0.0 	-0.0 	14.0 	0.0 	0.0 	0.0 	4.80613076389	2.30677815285	148.129101554	-36.9384615455	
5.26666666667	0.0	0.0	0.0 	0.0 	133.733333333 	14.0 	0.0 	0.0 	0.0 	-0.0 	14.0 	0.0 	0.0 	0.0 	4.81812361847	2.30677815285	148.188619192	-36.9923695377	
5.28333333333	0.0	0.0	0.0 	0.0 	133.966666667 	14.0 	0.0 	0.0 	0.0 	-0.0 	14.0 	0.0 	0.0 	0.0 	4.83006339974	2.30677815285	148.248284321	-37.0464111191	
5.3	0.0	0.0	0.0 	0.0 	134.2 	14.0 	0.0 	0.0 	0.0 	-0.0 	14.0 	0.0 	0.0 	0.0 	4.84195034258	2.30677815285	148.308096288	-37.1005856986	
5.31666666667	0.0	0.0	0.0 	0.0 	134.433333333 	14.0 	0.0 	0.0 	0.0 	-0.0 	14.0 	0.0 	0.0 	0.0 	4.85378468083	2.30677815285	148.368054443	-37.1548926877	
5.33333333333	0.0	0.0	0.0 	0.0 	134.666666667 	14.0 	0.0 	0.0 	0.0 	-0.0 	14.0 	0.0 	0.0 	0.0 	4.86556664726	2.30677815285	148.428158138	-37.2093315002	
5.35	0.0	0.0	0.0 	0.0 	134.9 	14.0 	0.0 	0.0 	0.0 	-0.0 	14.0 	0.0 	0.0 	0.0 	4.87729647366	2.30677815285	148.488406731	-37.263901553	
5.36666666667	0.0	0.0	0.0 	0.0 	135.133333333 	14.0 	0.0 	0.0 	0.0 	-0.0 	14.0 	0.0 	0.0 	0.0 	4.88897439077	2.30677815285	148.548799579	-37.3186022651	
5.38333333333	0.0	0.0	0.0 	0.0 	135.366666667 	14.0 	0.0 	0.0 	0.0 	-0.0 	14.0 	0.0 	0.0 	0.0 	4.9006006283	2.30677815285	148.609336045	-37.3734330584	
5.4	0.0	0.0	0.0 	0.0 	135.6 	14.0 	0.0 	0.0 	0.0 	-0.0 	14.0 	0.0 	0.0 	0.0 	4.91217541495	2.30677815285	148.670015493	-37.4283933572	
5.41666666667	0.0	0.0	0.0 	0.0 	135.833333333 	14.0 	0.0 	0.0 	0.0 	-0.0 	14.0 	0.0 	0.0 	0.0 	4.92369897843	2.30677815285	148.73083729	-37.4834825884	
5.43333333333	0.0	0.0	0.0 	0.0 	136.066666667 	14.0 	0.0 	0.0 	0.0 	-0.0 	14.0 	0.0 	0.0 	0.0 	4.9351715454	2.30677815285	148.791800805	-37.5387001814	
5.45	0.0	0.0	0.0 	0.0 	136.3 	14.0 	0.0 	0.0 	0.0 	-0.0 	14.0 	0.0 	0.0 	0.0 	4.94659334156	2.30677815285	148.852905413	-37.5940455682	
5.46666666667	0.0	0.0	0.0 	0.0 	136.533333333 	14.0 	0.0 	0.0 	0.0 	-0.0 	14.0 	0.0 	0.0 	0.0 	4.95796459158	2.30677815285	148.914150488	-37.6495181831	
5.48333333333	0.0	0.0	0.0 	0.0 	136.766666667 	14.0 	0.0 	0.0 	0.0 	-0.0 	14.0 	0.0 	0.0 	0.0 	4.96928551916	2.30677815285	148.975535409	-37.7051174633	
5.5	0.0	0.0	0.0 	0.0 	137.0 	14.0 	0.0 	0.0 	0.0 	-0.0 	14.0 	0.0 	0.0 	0.0 	4.98055634698	2.30677815285	149.037059557	-37.760842848	
5.51666666667	0.0	0.0	0.0 	0.0 	137.233333333 	14.0 	0.0 	0.0 	0.0 	-0.0 	14.0 	0.0 	0.0 	0.0 	4.99177729677	2.30677815285	149.098722317	-37.8166937794	
5.53333333333	0.0	0.0	0.0 	0.0 	137.466666667 	14.0 	0.0 	0.0 	0.0 	-0.0 	14.0 	0.0 	0.0 	0.0 	5.00294858924	2.30677815285	149.160523073	-37.8726697017	
5.55	0.0	0.0	0.0 	0.0 	137.7 	14.0 	0.0 	0.0 	0.0 	-0.0 	14.0 	0.0 	0.0 	0.0 	5.01407044417	2.30677815285	149.222461216	-37.9287700618	
5.56666666667	0.0	0.0	0.0 	0.0 	137.933333333 	14.0 	0.0 	0.0 	0.0 	-0.0 	14.0 	0.0 	0.0 	0.0 	5.02514308032	2.30677815285	149.284536138	-37.9849943091	
5.58333333333	0.0	0.0	0.0 	0.0 	138.166666667 	14.0 	0.0 	0.0 	0.0 	-0.0 	14.0 	0.0 	0.0 	0.0 	5.03616671551	2.30677815285	149.346747234	-38.0413418953	
5.6	0.0	0.0	0.0 	0.0 	138.4 	14.0 	0.0 	0.0 	0.0 	-0.0 	14.0 	0.0 	0.0 	0.0 	5.04714156659	2.30677815285	149.409093901	-38.0978122745	
5.61666666667	0.0	0.0	0.0 	0.0 	138.633333333 	14.0 	0.0 	0.0 	0.0 	-0.0 	14.0 	0.0 	0.0 	0.0 	5.05806784945	2.30677815285	149.471575538	-38.1544049034	
5.63333333333	0.0	0.0	0.0 	0.0 	138.866666667 	14.0 	0.0 	0.0 	0.0 	-0.0 	14.0 	0.0 	0.0 	0.0 	5.06894577902	2.30677815285	149.534191549	-38.211119241	
5.65	0.0	0.0	0.0 	0.0 	139.1 	14.0 	0.0 	0.0 	0.0 	-0.0 	14.0 	0.0 	0.0 	0.0 	5.07977556929	2.30677815285	149.596941339	-38.2679547486	
5.66666666667	0.0	0.0	0.0 	0.0 	139.333333333 	14.0 	0.0 	0.0 	0.0 	-0.0 	14.0 	0.0 	0.0 	0.0 	5.0905574333	2.30677815285	149.659824316	-38.32491089	
5.68333333333	0.0	0.0	0.0 	0.0 	139.566666667 	14.0 	0.0 	0.0 	0.0 	-0.0 	14.0 	0.0 	0.0 	0.0 	5.10129158313	2.30677815285	149.72283989	-38.3819871314	
5.7	0.0	0.0	0.0 	0.0 	139.8 	14.0 	0.0 	0.0 	0.0 	-0.0 	14.0 	0.0 	0.0 	0.0 	5.11197822994	2.30677815285	149.785987475	-38.4391829412	
5.71666666667	0.0	0.0	0.0 	0.0 	140.033333333 	14.0 	0.0 	0.0 	0.0 	-0.0 	14.0 	0.0 	0.0 	0.0 	5.12261758396	2.30677815285	149.849266487	-38.4964977904	
5.73333333333	0.0	0.0	0.0 	0.0 	140.266666667 	14.0 	0.0 	0.0 	0.0 	-0.0 	14.0 	0.0 	0.0 	0.0 	5.13320985446	2.30677815285	149.912676344	-38.5539311521	
5.75	0.0	0.0	0.0 	0.0 	140.5 	14.0 	0.0 	0.0 	0.0 	-0.0 	14.0 	0.0 	0.0 	0.0 	5.14375524983	2.30677815285	149.976216466	-38.6114825019	
5.76666666667	0.0	0.0	0.0 	0.0 	140.733333333 	14.0 	0.0 	0.0 	0.0 	-0.0 	14.0 	0.0 	0.0 	0.0 	5.15425397748	2.30677815285	150.039886278	-38.6691513176	
5.78333333333	0.0	0.0	0.0 	0.0 	140.966666667 	14.0 	0.0 	0.0 	0.0 	-0.0 	14.0 	0.0 	0.0 	0.0 	5.16470624397	2.30677815285	150.103685205	-38.7269370794	
5.8	0.0	0.0	0.0 	0.0 	141.2 	14.0 	0.0 	0.0 	0.0 	-0.0 	14.0 	0.0 	0.0 	0.0 	5.17511225488	2.30677815285	150.167612676	-38.7848392697	
5.81666666667	0.0	0.0	0.0 	0.0 	141.433333333 	14.0 	0.0 	0.0 	0.0 	-0.0 	14.0 	0.0 	0.0 	0.0 	5.18547221492	2.30677815285	150.231668123	-38.8428573734	
5.83333333333	0.0	0.0	0.0 	0.0 	141.666666667 	14.0 	0.0 	0.0 	0.0 	-0.0 	14.0 	0.0 	0.0 	0.0 	5.19578632789	2.30677815285	150.295850978	-38.9009908774	
5.85	0.0	0.0	0.0 	0.0 	141.9 	14.0 	0.0 	0.0 	0.0 	-0.0 	14.0 	0.0 	0.0 	0.0 	5.20605479667	2.30677815285	150.360160679	-38.959239271	
5.86666666667	0.0	0.0	0.0 	0.0 	142.133333333 	14.0 	0.0 	0.0 	0.0 	-0.0 	14.0 	0.0 	0.0 	0.0 	5.21627782327	2.30677815285	150.424596663	-39.0176020459	
5.88333333333	0.0	0.0	0.0 	0.0 	142.366666667 	14.0 	0.0 	0.0 	0.0 	-0.0 	14.0 	0.0 	0.0 	0.0 	5.22645560878	2.30677815285	150.489158372	-39.0760786957	
5.9	0.0	0.0	0.0 	0.0 	142.6 	14.0 	0.0 	0.0 	0.0 	-0.0 	14.0 	0.0 	0.0 	0.0 	5.2365883534	2.30677815285	150.553845249	-39.1346687167	
5.91666666667	0.0	0.0	0.0 	0.0 	142.833333333 	14.0 	0.0 	0.0 	0.0 	-0.0 	14.0 	0.0 	0.0 	0.0 	5.24667625648	2.30677815285	150.618656741	-39.1933716071	
5.93333333333	0.0	0.0	0.0 	0.0 	143.066666667 	14.0 	0.0 	0.0 	0.0 	-0.0 	14.0 	0.0 	0.0 	0.0 	5.25671951644	2.30677815285	150.683592296	-39.2521868673	
5.95	0.0	0.0	0.0 	0.0 	143.3 	14.0 	0.0 	0.0 	0.0 	-0.0 	14.0 	0.0 	0.0 	0.0 	5.26671833086	2.30677815285	150.748651365	-39.3111140001	
5.96666666667	0.0	0.0	0.0 	0.0 	143.533333333 	14.0 	0.0 	0.0 	0.0 	-0.0 	14.0 	0.0 	0.0 	0.0 	5.27667289642	2.30677815285	150.813833401	-39.3701525105	
5.98333333333	0.0	0.0	0.0 	0.0 	143.766666667 	14.0 	0.0 	0.0 	0.0 	-0.0 	14.0 	0.0 	0.0 	0.0 	5.28658340894	2.30677815285	150.879137861	-39.4293019055	
6.0	0.0	0.0	0.0 	0.0 	144.0 	14.0 	0.0 	0.0 	0.0 	-0.0 	14.0 	0.0 	0.0 	0.0 	5.29645006338	2.30677815285	150.944564202	-39.4885616944	
6.01666666667	0.0	0.0	0.0 	0.0 	144.233333333 	14.0 	0.0 	0.0 	0.0 	-0.0 	14.0 	0.0 	0.0 	0.0 	5.30627305382	2.30677815285	151.010111885	-39.5479313886	
6.03333333333	0.0	0.0	0.0 	0.0 	144.466666667 	14.0 	0.0 	0.0 	0.0 	-0.0 	14.0 	0.0 	0.0 	0.0 	5.31605257349	2.30677815285	151.075780374	-39.6074105019	
6.05	0.0	0.0	0.0 	0.0 	144.7 	14.0 	0.0 	0.0 	0.0 	-0.0 	14.0 	0.0 	0.0 	0.0 	5.32578881478	2.30677815285	151.141569132	-39.6669985499	
6.06666666667	0.0	0.0	0.0 	0.0 	144.933333333 	14.0 	0.0 	0.0 	0.0 	-0.0 	14.0 	0.0 	0.0 	0.0 	5.33548196921	2.30677815285	151.207477629	-39.7266950507	
6.08333333333	0.0	0.0	0.0 	0.0 	145.166666667 	14.0 	0.0 	0.0 	0.0 	-0.0 	14.0 	0.0 	0.0 	0.0 	5.34513222744	2.30677815285	151.273505335	-39.7864995241	
6.1	0.0	0.0	0.0 	0.0 	145.4 	14.0 	0.0 	0.0 	0.0 	-0.0 	14.0 	0.0 	0.0 	0.0 	5.35473977933	2.30677815285	151.339651721	-39.8464114926	
6.11666666667	0.0	0.0	0.0 	0.0 	145.633333333 	14.0 	0.0 	0.0 	0.0 	-0.0 	14.0 	0.0 	0.0 	0.0 	5.36430481385	2.30677815285	151.405916263	-39.9064304802	
6.13333333333	0.0	0.0	0.0 	0.0 	145.866666667 	14.0 	0.0 	0.0 	0.0 	-0.0 	14.0 	0.0 	0.0 	0.0 	5.37382751917	2.30677815285	151.472298437	-39.9665560134	
6.15	0.0	0.0	0.0 	0.0 	146.1 	14.0 	0.0 	0.0 	0.0 	-0.0 	14.0 	0.0 	0.0 	0.0 	5.38330808261	2.30677815285	151.538797724	-40.0267876208	
6.16666666667	0.0	0.0	0.0 	0.0 	146.333333333 	14.0 	0.0 	0.0 	0.0 	-0.0 	14.0 	0.0 	0.0 	0.0 	5.39274669067	2.30677815285	151.605413604	-40.0871248328	
6.18333333333	0.0	0.0	0.0 	0.0 	146.566666667 	14.0 	0.0 	0.0 	0.0 	-0.0 	14.0 	0.0 	0.0 	0.0 	5.40214352901	2.30677815285	151.672145563	-40.1475671821	
6.2	0.0	0.0	0.0 	0.0 	146.8 	14.0 	0.0 	0.0 	0.0 	-0.0 	14.0 	0.0 	0.0 	0.0 	5.41149878249	2.30677815285	151.738993085	-40.2081142035	
6.21666666667	0.0	0.0	0.0 	0.0 	147.033333333 	14.0 	0.0 	0.0 	0.0 	-0.0 	14.0 	0.0 	0.0 	0.0 	5.42081263513	2.30677815285	151.80595566	-40.2687654338	
6.23333333333	0.0	0.0	0.0 	0.0 	147.266666667 	14.0 	0.0 	0.0 	0.0 	-0.0 	14.0 	0.0 	0.0 	0.0 	5.43008527015	2.30677815285	151.873032779	-40.3295204117	
6.25	0.0	0.0	0.0 	0.0 	147.5 	14.0 	0.0 	0.0 	0.0 	-0.0 	14.0 	0.0 	0.0 	0.0 	5.43931686995	2.30677815285	151.940223935	-40.3903786782	
6.26666666667	0.0	0.0	0.0 	0.0 	147.733333333 	14.0 	0.0 	0.0 	0.0 	-0.0 	14.0 	0.0 	0.0 	0.0 	5.44850761614	2.30677815285	152.007528623	-40.4513397762	
6.28333333333	0.0	0.0	0.0 	0.0 	147.966666667 	14.0 	0.0 	0.0 	0.0 	-0.0 	14.0 	0.0 	0.0 	0.0 	5.4576576895	2.30677815285	152.07494634	-40.5124032505	
6.3	0.0	0.0	0.0 	0.0 	148.2 	14.0 	0.0 	0.0 	0.0 	-0.0 	14.0 	0.0 	0.0 	0.0 	5.46676727003	2.30677815285	152.142476587	-40.5735686482	
6.31666666667	0.0	0.0	0.0 	0.0 	148.433333333 	14.0 	0.0 	0.0 	0.0 	-0.0 	14.0 	0.0 	0.0 	0.0 	5.47583653693	2.30677815285	152.210118865	-40.6348355181	
6.33333333333	0.0	0.0	0.0 	0.0 	148.666666667 	14.0 	0.0 	0.0 	0.0 	-0.0 	14.0 	0.0 	0.0 	0.0 	5.4848656686	2.30677815285	152.277872679	-40.6962034113	
6.35	0.0	0.0	0.0 	0.0 	148.9 	14.0 	0.0 	0.0 	0.0 	-0.0 	14.0 	0.0 	0.0 	0.0 	5.49385484266	2.30677815285	152.345737535	-40.7576718806	
6.36666666667	0.0	0.0	0.0 	0.0 	149.133333333 	14.0 	0.0 	0.0 	0.0 	-0.0 	14.0 	0.0 	0.0 	0.0 	5.50280423593	2.30677815285	152.413712942	-40.8192404809	
6.38333333333	0.0	0.0	0.0 	0.0 	149.366666667 	14.0 	0.0 	0.0 	0.0 	-0.0 	14.0 	0.0 	0.0 	0.0 	5.51171402447	2.30677815285	152.48179841	-40.8809087693	
6.4	0.0	0.0	0.0 	0.0 	149.6 	14.0 	0.0 	0.0 	0.0 	-0.0 	14.0 	0.0 	0.0 	0.0 	5.52058438353	2.30677815285	152.549993452	-40.9426763043	
6.41666666667	0.0	0.0	0.0 	0.0 	149.833333333 	14.0 	0.0 	0.0 	0.0 	-0.0 	14.0 	0.0 	0.0 	0.0 	5.52941548762	2.30677815285	152.618297584	-41.004542647	
6.43333333333	0.0	0.0	0.0 	0.0 	150.066666667 	14.0 	0.0 	0.0 	0.0 	-0.0 	14.0 	0.0 	0.0 	0.0 	5.53820751044	2.30677815285	152.686710323	-41.06650736	
6.45	0.0	0.0	0.0 	0.0 	150.3 	14.0 	0.0 	0.0 	0.0 	-0.0 	14.0 	0.0 	0.0 	0.0 	5.54696062495	2.30677815285	152.755231188	-41.1285700079	
6.46666666667	0.0	0.0	0.0 	0.0 	150.533333333 	14.0 	0.0 	0.0 	0.0 	-0.0 	14.0 	0.0 	0.0 	0.0 	5.55567500335	2.30677815285	152.8238597	-41.1907301574	
6.48333333333	0.0	0.0	0.0 	0.0 	150.766666667 	14.0 	0.0 	0.0 	0.0 	-0.0 	14.0 	0.0 	0.0 	0.0 	5.56435081704	2.30677815285	152.892595383	-41.252987377	
6.5	0.0	0.0	0.0 	0.0 	151.0 	14.0 	0.0 	0.0 	0.0 	-0.0 	14.0 	0.0 	0.0 	0.0 	5.57298823669	2.30677815285	152.961437763	-41.3153412371	
6.51666666667	0.0	0.0	0.0 	0.0 	151.233333333 	14.0 	0.0 	0.0 	0.0 	-0.0 	14.0 	0.0 	0.0 	0.0 	5.58158743221	2.30677815285	153.030386368	-41.3777913101	
6.53333333333	0.0	0.0	0.0 	0.0 	151.466666667 	14.0 	0.0 	0.0 	0.0 	-0.0 	14.0 	0.0 	0.0 	0.0 	5.59014857277	2.30677815285	153.099440728	-41.4403371701	
6.55	0.0	0.0	0.0 	0.0 	151.7 	14.0 	0.0 	0.0 	0.0 	-0.0 	14.0 	0.0 	0.0 	0.0 	5.59867182677	2.30677815285	153.168600374	-41.5029783933	
6.56666666667	0.0	0.0	0.0 	0.0 	151.933333333 	14.0 	0.0 	0.0 	0.0 	-0.0 	14.0 	0.0 	0.0 	0.0 	5.60715736187	2.30677815285	153.237864841	-41.5657145576	
6.58333333333	0.0	0.0	0.0 	0.0 	152.166666667 	14.0 	0.0 	0.0 	0.0 	-0.0 	14.0 	0.0 	0.0 	0.0 	5.61560534499	2.30677815285	153.307233665	-41.6285452429	
6.6	0.0	0.0	0.0 	0.0 	152.4 	14.0 	0.0 	0.0 	0.0 	-0.0 	14.0 	0.0 	0.0 	0.0 	5.62401594232	2.30677815285	153.376706383	-41.691470031	
6.61666666667	0.0	0.0	0.0 	0.0 	152.633333333 	14.0 	0.0 	0.0 	0.0 	-0.0 	14.0 	0.0 	0.0 	0.0 	5.63238931931	2.30677815285	153.446282537	-41.7544885052	
6.63333333333	0.0	0.0	0.0 	0.0 	152.866666667 	14.0 	0.0 	0.0 	0.0 	-0.0 	14.0 	0.0 	0.0 	0.0 	5.64072564066	2.30677815285	153.515961669	-41.8176002511	
6.65	0.0	0.0	0.0 	0.0 	153.1 	14.0 	0.0 	0.0 	0.0 	-0.0 	14.0 	0.0 	0.0 	0.0 	5.64902507038	2.30677815285	153.585743322	-41.8808048559	
6.66666666667	0.0	0.0	0.0 	0.0 	153.333333333 	14.0 	0.0 	0.0 	0.0 	-0.0 	14.0 	0.0 	0.0 	0.0 	5.65728777171	2.30677815285	153.655627043	-41.9441019087	
6.68333333333	0.0	0.0	0.0 	0.0 	153.566666667 	14.0 	0.0 	0.0 	0.0 	-0.0 	14.0 	0.0 	0.0 	0.0 	5.66551390719	2.30677815285	153.72561238	-42.0074910002	
6.7	0.0	0.0	0.0 	0.0 	153.8 	14.0 	0.0 	0.0 	0.0 	-0.0 	14.0 	0.0 	0.0 	0.0 	5.67370363865	2.30677815285	153.795698885	-42.0709717233	
6.71666666667	0.0	0.0	0.0 	0.0 	154.033333333 	14.0 	0.0 	0.0 	0.0 	-0.0 	14.0 	0.0 	0.0 	0.0 	5.68185712719	2.30677815285	153.865886108	-42.1345436724	
6.73333333333	0.0	0.0	0.0 	0.0 	154.266666667 	14.0 	0.0 	0.0 	0.0 	-0.0 	14.0 	0.0 	0.0 	0.0 	5.68997453319	2.30677815285	153.936173604	-42.1982064438	
6.75	0.0	0.0	0.0 	0.0 	154.5 	14.0 	0.0 	0.0 	0.0 	-0.0 	14.0 	0.0 	0.0 	0.0 	5.69805601635	2.30677815285	154.00656093	-42.2619596356	
6.76666666667	0.0	0.0	0.0 	0.0 	154.733333333 	14.0 	0.0 	0.0 	0.0 	-0.0 	14.0 	0.0 	0.0 	0.0 	5.70610173562	2.30677815285	154.077047644	-42.3258028476	
6.78333333333	0.0	0.0	0.0 	0.0 	154.966666667 	14.0 	0.0 	0.0 	0.0 	-0.0 	14.0 	0.0 	0.0 	0.0 	5.71411184928	2.30677815285	154.147633305	-42.3897356815	
6.8	0.0	0.0	0.0 	0.0 	155.2 	14.0 	0.0 	0.0 	0.0 	-0.0 	14.0 	0.0 	0.0 	0.0 	5.7220865149	2.30677815285	154.218317476	-42.4537577405	
6.81666666667	0.0	0.0	0.0 	0.0 	155.433333333 	14.0 	0.0 	0.0 	0.0 	-0.0 	14.0 	0.0 	0.0 	0.0 	5.73002588935	2.30677815285	154.289099722	-42.51786863	
6.83333333333	0.0	0.0	0.0 	0.0 	155.666666667 	14.0 	0.0 	0.0 	0.0 	-0.0 	14.0 	0.0 	0.0 	0.0 	5.73793012881	2.30677815285	154.359979607	-42.5820679567	
6.85	0.0	0.0	0.0 	0.0 	155.9 	14.0 	0.0 	0.0 	0.0 	-0.0 	14.0 	0.0 	0.0 	0.0 	5.74579938877	2.30677815285	154.430956701	-42.6463553293	
6.86666666667	0.0	0.0	0.0 	0.0 	156.133333333 	14.0 	0.0 	0.0 	0.0 	-0.0 	14.0 	0.0 	0.0 	0.0 	5.75363382402	2.30677815285	154.502030572	-42.7107303582	
6.88333333333	0.0	0.0	0.0 	0.0 	156.366666667 	14.0 	0.0 	0.0 	0.0 	-0.0 	14.0 	0.0 	0.0 	0.0 	5.76143358869	2.30677815285	154.573200792	-42.7751926554	
6.9	0.0	0.0	0.0 	0.0 	156.6 	14.0 	0.0 	0.0 	0.0 	-0.0 	14.0 	0.0 	0.0 	0.0 	5.76919883619	2.30677815285	154.644466936	-42.8397418348	
6.91666666667	0.0	0.0	0.0 	0.0 	156.833333333 	14.0 	0.0 	0.0 	0.0 	-0.0 	14.0 	0.0 	0.0 	0.0 	5.77692971928	2.30677815285	154.715828578	-42.9043775118	
6.93333333333	0.0	0.0	0.0 	0.0 	157.066666667 	14.0 	0.0 	0.0 	0.0 	-0.0 	14.0 	0.0 	0.0 	0.0 	5.78462639005	2.30677815285	154.787285296	-42.9690993037	
6.95	0.0	0.0	0.0 	0.0 	157.3 	14.0 	0.0 	0.0 	0.0 	-0.0 	14.0 	0.0 	0.0 	0.0 	5.79228899988	2.30677815285	154.858836669	-43.0339068293	
6.96666666667	0.0	0.0	0.0 	0.0 	157.533333333 	14.0 	0.0 	0.0 	0.0 	-0.0 	14.0 	0.0 	0.0 	0.0 	5.79991769953	2.30677815285	154.930482279	-43.0987997093	
6.98333333333	0.0	0.0	0.0 	0.0 	157.766666667 	14.0 	0.0 	0.0 	0.0 	-0.0 	14.0 	0.0 	0.0 	0.0 	5.80751263904	2.30677815285	155.002221708	-43.163777566	
7.0	0.0	0.0	0.0 	0.0 	158.0 	14.0 	0.0 	0.0 	0.0 	-0.0 	14.0 	0.0 	0.0 	0.0 	5.81507396784	2.30677815285	155.074054541	-43.2288400232	
7.01666666667	0.0	0.0	0.0 	0.0 	158.233333333 	14.0 	0.0 	0.0 	0.0 	-0.0 	14.0 	0.0 	0.0 	0.0 	5.82260183464	2.30677815285	155.145980365	-43.2939867066	
7.03333333333	0.0	0.0	0.0 	0.0 	158.466666667 	14.0 	0.0 	0.0 	0.0 	-0.0 	14.0 	0.0 	0.0 	0.0 	5.83009638755	2.30677815285	155.217998768	-43.3592172435	
7.05	0.0	0.0	0.0 	0.0 	158.7 	14.0 	0.0 	0.0 	0.0 	-0.0 	14.0 	0.0 	0.0 	0.0 	5.83755777399	2.30677815285	155.29010934	-43.4245312627	
7.06666666667	0.0	0.0	0.0 	0.0 	158.933333333 	14.0 	0.0 	0.0 	0.0 	-0.0 	14.0 	0.0 	0.0 	0.0 	5.84498614073	2.30677815285	155.362311674	-43.4899283949	
7.08333333333	0.0	0.0	0.0 	0.0 	159.166666667 	14.0 	0.0 	0.0 	0.0 	-0.0 	14.0 	0.0 	0.0 	0.0 	5.8523816339	2.30677815285	155.434605364	-43.5554082721	
7.1	0.0	0.0	0.0 	0.0 	159.4 	14.0 	0.0 	0.0 	0.0 	-0.0 	14.0 	0.0 	0.0 	0.0 	5.85974439897	2.30677815285	155.506990005	-43.6209705283	
7.11666666667	0.0	0.0	0.0 	0.0 	159.633333333 	14.0 	0.0 	0.0 	0.0 	-0.0 	14.0 	0.0 	0.0 	0.0 	5.86707458079	2.30677815285	155.579465194	-43.6866147989	
7.13333333333	0.0	0.0	0.0 	0.0 	159.866666667 	14.0 	0.0 	0.0 	0.0 	-0.0 	14.0 	0.0 	0.0 	0.0 	5.87437232354	2.30677815285	155.652030532	-43.7523407209	
7.15	0.0	0.0	0.0 	0.0 	160.1 	14.0 	0.0 	0.0 	0.0 	-0.0 	14.0 	0.0 	0.0 	0.0 	5.88163777079	2.30677815285	155.724685619	-43.818147933	
7.16666666667	0.0	0.0	0.0 	0.0 	160.333333333 	14.0 	0.0 	0.0 	0.0 	-0.0 	14.0 	0.0 	0.0 	0.0 	5.88887106545	2.30677815285	155.797430057	-43.8840360754	
7.18333333333	0.0	0.0	0.0 	0.0 	160.566666667 	14.0 	0.0 	0.0 	0.0 	-0.0 	14.0 	0.0 	0.0 	0.0 	5.89607234982	2.30677815285	155.870263453	-43.95000479	
7.2	0.0	0.0	0.0 	0.0 	160.8 	14.0 	0.0 	0.0 	0.0 	-0.0 	14.0 	0.0 	0.0 	0.0 	5.90324176554	2.30677815285	155.943185411	-44.0160537203	
7.21666666667	0.0	0.0	0.0 	0.0 	161.033333333 	14.0 	0.0 	0.0 	0.0 	-0.0 	14.0 	0.0 	0.0 	0.0 	5.91037945366	2.30677815285	156.01619554	-44.0821825112	
7.23333333333	0.0	0.0	0.0 	0.0 	161.266666667 	14.0 	0.0 	0.0 	0.0 	-0.0 	14.0 	0.0 	0.0 	0.0 	5.91748555458	2.30677815285	156.089293449	-44.1483908093	
7.25	0.0	0.0	0.0 	0.0 	161.5 	14.0 	0.0 	0.0 	0.0 	-0.0 	14.0 	0.0 	0.0 	0.0 	5.92456020808	2.30677815285	156.162478751	-44.2146782628	
7.26666666667	0.0	0.0	0.0 	0.0 	161.733333333 	14.0 	0.0 	0.0 	0.0 	-0.0 	14.0 	0.0 	0.0 	0.0 	5.93160355334	2.30677815285	156.235751059	-44.2810445213	
7.28333333333	0.0	0.0	0.0 	0.0 	161.966666667 	14.0 	0.0 	0.0 	0.0 	-0.0 	14.0 	0.0 	0.0 	0.0 	5.93861572891	2.30677815285	156.309109987	-44.3474892362	
7.3	0.0	0.0	0.0 	0.0 	162.2 	14.0 	0.0 	0.0 	0.0 	-0.0 	14.0 	0.0 	0.0 	0.0 	5.94559687272	2.30677815285	156.382555152	-44.4140120602	
7.31666666667	0.0	0.0	0.0 	0.0 	162.433333333 	14.0 	0.0 	0.0 	0.0 	-0.0 	14.0 	0.0 	0.0 	0.0 	5.95254712211	2.30677815285	156.456086172	-44.4806126477	
7.33333333333	0.0	0.0	0.0 	0.0 	162.666666667 	14.0 	0.0 	0.0 	0.0 	-0.0 	14.0 	0.0 	0.0 	0.0 	5.95946661379	2.30677815285	156.529702668	-44.5472906545	
7.35	0.0	0.0	0.0 	0.0 	162.9 	14.0 	0.0 	0.0 	0.0 	-0.0 	14.0 	0.0 	0.0 	0.0 	5.96635548388	2.30677815285	156.603404262	-44.6140457381	
7.36666666667	0.0	0.0	0.0 	0.0 	163.133333333 	14.0 	0.0 	0.0 	0.0 	-0.0 	14.0 	0.0 	0.0 	0.0 	5.97321386789	2.30677815285	156.677190576	-44.6808775572	
7.38333333333	0.0	0.0	0.0 	0.0 	163.366666667 	14.0 	0.0 	0.0 	0.0 	-0.0 	14.0 	0.0 	0.0 	0.0 	5.98004190074	2.30677815285	156.751061236	-44.7477857724	
7.4	0.0	0.0	0.0 	0.0 	163.6 	14.0 	0.0 	0.0 	0.0 	-0.0 	14.0 	0.0 	0.0 	0.0 	5.98683971674	2.30677815285	156.825015868	-44.8147700455	
7.41666666667	0.0	0.0	0.0 	0.0 	163.833333333 	14.0 	0.0 	0.0 	0.0 	-0.0 	14.0 	0.0 	0.0 	0.0 	5.99360744961	2.30677815285	156.899054101	-44.88183004	
7.43333333333	0.0	0.0	0.0 	0.0 	164.066666667 	14.0 	0.0 	0.0 	0.0 	-0.0 	14.0 	0.0 	0.0 	0.0 	6.00034523249	2.30677815285	156.973175565	-44.9489654208	
7.45	0.0	0.0	0.0 	0.0 	164.3 	14.0 	0.0 	0.0 	0.0 	-0.0 	14.0 	0.0 	0.0 	0.0 	6.00705319791	2.30677815285	157.047379892	-45.0161758542	
7.46666666667	0.0	0.0	0.0 	0.0 	164.533333333 	14.0 	0.0 	0.0 	0.0 	-0.0 	14.0 	0.0 	0.0 	0.0 	6.01373147784	2.30677815285	157.121666715	-45.0834610082	
7.48333333333	0.0	0.0	0.0 	0.0 	164.766666667 	14.0 	0.0 	0.0 	0.0 	-0.0 	14.0 	0.0 	0.0 	0.0 	6.02038020363	2.30677815285	157.196035668	-45.1508205519	
7.5	0.0	0.0	0.0 	0.0 	165.0 	14.0 	0.0 	0.0 	0.0 	-0.0 	14.0 	0.0 	0.0 	0.0 	6.02699950608	2.30677815285	157.270486389	-45.2182541564	
7.51666666667	0.0	0.0	0.0 	0.0 	165.233333333 	14.0 	0.0 	0.0 	0.0 	-0.0 	14.0 	0.0 	0.0 	0.0 	6.03358951541	2.30677815285	157.345018516	-45.2857614937	
7.53333333333	0.0	0.0	0.0 	0.0 	165.466666667 	14.0 	0.0 	0.0 	0.0 	-0.0 	14.0 	0.0 	0.0 	0.0 	6.04015036123	2.30677815285	157.419631687	-45.3533422375	
7.55	0.0	0.0	0.0 	0.0 	165.7 	14.0 	0.0 	0.0 	0.0 	-0.0 	14.0 	0.0 	0.0 	0.0 	6.04668217263	2.30677815285	157.494325546	-45.4209960632	
7.56666666667	0.0	0.0	0.0 	0.0 	165.933333333 	14.0 	0.0 	0.0 	0.0 	-0.0 	14.0 	0.0 	0.0 	0.0 	6.05318507807	2.30677815285	157.569099733	-45.4887226471	
7.58333333333	0.0	0.0	0.0 	0.0 	166.166666667 	14.0 	0.0 	0.0 	0.0 	-0.0 	14.0 	0.0 	0.0 	0.0 	6.05965920549	2.30677815285	157.643953895	-45.5565216674	
7.6	0.0	0.0	0.0 	0.0 	166.4 	14.0 	0.0 	0.0 	0.0 	-0.0 	14.0 	0.0 	0.0 	0.0 	6.06610468224	2.30677815285	157.718887677	-45.6243928035	
7.61666666667	0.0	0.0	0.0 	0.0 	166.633333333 	14.0 	0.0 	0.0 	0.0 	-0.0 	14.0 	0.0 	0.0 	0.0 	6.07252163511	2.30677815285	157.793900727	-45.6923357361	
7.63333333333	0.0	0.0	0.0 	0.0 	166.866666667 	14.0 	0.0 	0.0 	0.0 	-0.0 	14.0 	0.0 	0.0 	0.0 	6.07891019033	2.30677815285	157.868992694	-45.7603501477	
7.65	0.0	0.0	0.0 	0.0 	167.1 	14.0 	0.0 	0.0 	0.0 	-0.0 	14.0 	0.0 	0.0 	0.0 	6.08527047357	2.30677815285	157.944163228	-45.8284357219	
7.66666666667	0.0	0.0	0.0 	0.0 	167.333333333 	14.0 	0.0 	0.0 	0.0 	-0.0 	14.0 	0.0 	0.0 	0.0 	6.09160260995	2.30677815285	158.019411982	-45.8965921437	
7.68333333333	0.0	0.0	0.0 	0.0 	167.566666667 	14.0 	0.0 	0.0 	0.0 	-0.0 	14.0 	0.0 	0.0 	0.0 	6.09790672402	2.30677815285	158.094738611	-45.9648190996	
7.7	0.0	0.0	0.0 	0.0 	167.8 	14.0 	0.0 	0.0 	0.0 	-0.0 	14.0 	0.0 	0.0 	0.0 	6.1041829398	2.30677815285	158.170142768	-46.0331162776	
7.71666666667	0.0	0.0	0.0 	0.0 	168.033333333 	14.0 	0.0 	0.0 	0.0 	-0.0 	14.0 	0.0 	0.0 	0.0 	6.11043138076	2.30677815285	158.245624112	-46.1014833667	
7.73333333333	0.0	0.0	0.0 	0.0 	168.266666667 	14.0 	0.0 	0.0 	0.0 	-0.0 	14.0 	0.0 	0.0 	0.0 	6.11665216979	2.30677815285	158.3211823	-46.1699200577	
7.75	0.0	0.0	0.0 	0.0 	168.5 	14.0 	0.0 	0.0 	0.0 	-0.0 	14.0 	0.0 	0.0 	0.0 	6.12284542928	2.30677815285	158.396816993	-46.2384260425	
7.76666666667	0.0	0.0	0.0 	0.0 	168.733333333 	14.0 	0.0 	0.0 	0.0 	-0.0 	14.0 	0.0 	0.0 	0.0 	6.12901128106	2.30677815285	158.472527852	-46.3070010145	
7.78333333333	0.0	0.0	0.0 	0.0 	168.966666667 	14.0 	0.0 	0.0 	0.0 	-0.0 	14.0 	0.0 	0.0 	0.0 	6.13514984641	2.30677815285	158.548314539	-46.3756446683	
7.8	0.0	0.0	0.0 	0.0 	169.2 	14.0 	0.0 	0.0 	0.0 	-0.0 	14.0 	0.0 	0.0 	0.0 	6.14126124609	2.30677815285	158.62417672	-46.4443567001	
7.81666666667	0.0	0.0	0.0 	0.0 	169.433333333 	14.0 	0.0 	0.0 	0.0 	-0.0 	14.0 	0.0 	0.0 	0.0 	6.14734560032	2.30677815285	158.70011406	-46.5131368071	
7.83333333333	0.0	0.0	0.0 	0.0 	169.666666667 	14.0 	0.0 	0.0 	0.0 	-0.0 	14.0 	0.0 	0.0 	0.0 	6.15340302878	2.30677815285	158.776126227	-46.5819846883	
7.85	0.0	0.0	0.0 	0.0 	169.9 	14.0 	0.0 	0.0 	0.0 	-0.0 	14.0 	0.0 	0.0 	0.0 	6.15943365064	2.30677815285	158.852212889	-46.6509000435	
7.86666666667	0.0	0.0	0.0 	0.0 	170.133333333 	14.0 	0.0 	0.0 	0.0 	-0.0 	14.0 	0.0 	0.0 	0.0 	6.16543758452	2.30677815285	158.928373717	-46.7198825744	
7.88333333333	0.0	0.0	0.0 	0.0 	170.366666667 	14.0 	0.0 	0.0 	0.0 	-0.0 	14.0 	0.0 	0.0 	0.0 	6.17141494853	2.30677815285	159.004608383	-46.7889319834	
7.9	0.0	0.0	0.0 	0.0 	170.6 	14.0 	0.0 	0.0 	0.0 	-0.0 	14.0 	0.0 	0.0 	0.0 	6.17736586025	2.30677815285	159.080916559	-46.8580479748	
7.91666666667	0.0	0.0	0.0 	0.0 	170.833333333 	14.0 	0.0 	0.0 	0.0 	-0.0 	14.0 	0.0 	0.0 	0.0 	6.18329043674	2.30677815285	159.157297921	-46.9272302538	
7.93333333333	0.0	0.0	0.0 	0.0 	171.066666667 	14.0 	0.0 	0.0 	0.0 	-0.0 	14.0 	0.0 	0.0 	0.0 	6.18918879455	2.30677815285	159.233752145	-46.996478527	
7.95	0.0	0.0	0.0 	0.0 	171.3 	14.0 	0.0 	0.0 	0.0 	-0.0 	14.0 	0.0 	0.0 	0.0 	6.19506104971	2.30677815285	159.310278908	-47.0657925025	
7.96666666667	0.0	0.0	0.0 	0.0 	171.533333333 	14.0 	0.0 	0.0 	0.0 	-0.0 	14.0 	0.0 	0.0 	0.0 	6.20090731773	2.30677815285	159.386877889	-47.1351718895	
7.98333333333	0.0	0.0	0.0 	0.0 	171.766666667 	14.0 	0.0 	0.0 	0.0 	-0.0 	14.0 	0.0 	0.0 	0.0 	6.20672771361	2.30677815285	159.463548768	-47.2046163985	
8.0	0.0	0.0	0.0 	0.0 	172.0 	14.0 	0.0 	0.0 	0.0 	-0.0 	14.0 	0.0 	0.0 	0.0 	6.21252235185	2.30677815285	159.540291228	-47.2741257413	
8.01666666667	0.0	0.0	0.0 	0.0 	172.233333333 	14.0 	0.0 	0.0 	0.0 	-0.0 	14.0 	0.0 	0.0 	0.0 	6.21829134644	2.30677815285	159.617104951	-47.343699631	
8.03333333333	0.0	0.0	0.0 	0.0 	172.466666667 	14.0 	0.0 	0.0 	0.0 	-0.0 	14.0 	0.0 	0.0 	0.0 	6.22403481086	2.30677815285	159.693989623	-47.4133377819	
8.05	0.0	0.0	0.0 	0.0 	172.7 	14.0 	0.0 	0.0 	0.0 	-0.0 	14.0 	0.0 	0.0 	0.0 	6.22975285809	2.30677815285	159.770944929	-47.4830399097	
8.06666666667	0.0	0.0	0.0 	0.0 	172.933333333 	14.0 	0.0 	0.0 	0.0 	-0.0 	14.0 	0.0 	0.0 	0.0 	6.23544560062	2.30677815285	159.847970557	-47.5528057312	
8.08333333333	0.0	0.0	0.0 	0.0 	173.166666667 	14.0 	0.0 	0.0 	0.0 	-0.0 	14.0 	0.0 	0.0 	0.0 	6.24111315042	2.30677815285	159.925066195	-47.6226349646	
8.1	0.0	0.0	0.0 	0.0 	173.4 	14.0 	0.0 	0.0 	0.0 	-0.0 	14.0 	0.0 	0.0 	0.0 	6.24675561899	2.30677815285	160.002231534	-47.6925273293	
8.11666666667	0.0	0.0	0.0 	0.0 	173.633333333 	14.0 	0.0 	0.0 	0.0 	-0.0 	14.0 	0.0 	0.0 	0.0 	6.25237311732	2.30677815285	160.079466265	-47.7624825458	
8.13333333333	0.0	0.0	0.0 	0.0 	173.866666667 	14.0 	0.0 	0.0 	0.0 	-0.0 	14.0 	0.0 	0.0 	0.0 	6.25796575592	2.30677815285	160.156770081	-47.8325003361	
8.15	0.0	0.0	0.0 	0.0 	174.1 	14.0 	0.0 	0.0 	0.0 	-0.0 	14.0 	0.0 	0.0 	0.0 	6.26353364479	2.30677815285	160.234142677	-47.9025804231	
8.16666666667	0.0	0.0	0.0 	0.0 	174.333333333 	14.0 	0.0 	0.0 	0.0 	-0.0 	14.0 	0.0 	0.0 	0.0 	6.26907689347	2.30677815285	160.311583747	-47.9727225313	
8.18333333333	0.0	0.0	0.0 	0.0 	174.566666667 	14.0 	0.0 	0.0 	0.0 	-0.0 	14.0 	0.0 	0.0 	0.0 	6.274595611	2.30677815285	160.38909299	-48.0429263861	
8.2	0.0	0.0	0.0 	0.0 	174.8 	14.0 	0.0 	0.0 	0.0 	-0.0 	14.0 	0.0 	0.0 	0.0 	6.28008990594	2.30677815285	160.466670103	-48.1131917143	
8.21666666667	0.0	0.0	0.0 	0.0 	175.033333333 	14.0 	0.0 	0.0 	0.0 	-0.0 	14.0 	0.0 	0.0 	0.0 	6.28555988638	2.30677815285	160.544314785	-48.1835182439	
8.23333333333	0.0	0.0	0.0 	0.0 	175.266666667 	14.0 	0.0 	0.0 	0.0 	-0.0 	14.0 	0.0 	0.0 	0.0 	6.2910056599	2.30677815285	160.622026739	-48.2539057039	
8.25	0.0	0.0	0.0 	0.0 	175.5 	14.0 	0.0 	0.0 	0.0 	-0.0 	14.0 	0.0 	0.0 	0.0 	6.29642733364	2.30677815285	160.699805666	-48.3243538248	
8.26666666667	0.0	0.0	0.0 	0.0 	175.733333333 	14.0 	0.0 	0.0 	0.0 	-0.0 	14.0 	0.0 	0.0 	0.0 	6.30182501424	2.30677815285	160.77765127	-48.3948623382	
8.28333333333	0.0	0.0	0.0 	0.0 	175.966666667 	14.0 	0.0 	0.0 	0.0 	-0.0 	14.0 	0.0 	0.0 	0.0 	6.3071988079	2.30677815285	160.855563255	-48.4654309767	
8.3	0.0	0.0	0.0 	0.0 	176.2 	14.0 	0.0 	0.0 	0.0 	-0.0 	14.0 	0.0 	0.0 	0.0 	6.31254882031	2.30677815285	160.933541329	-48.5360594743	
8.31666666667	0.0	0.0	0.0 	0.0 	176.433333333 	14.0 	0.0 	0.0 	0.0 	-0.0 	14.0 	0.0 	0.0 	0.0 	6.31787515673	2.30677815285	161.011585198	-48.606747566	
8.33333333333	0.0	0.0	0.0 	0.0 	176.666666667 	14.0 	0.0 	0.0 	0.0 	-0.0 	14.0 	0.0 	0.0 	0.0 	6.32317792191	2.30677815285	161.089694571	-48.6774949882	
8.35	0.0	0.0	0.0 	0.0 	176.9 	14.0 	0.0 	0.0 	0.0 	-0.0 	14.0 	0.0 	0.0 	0.0 	6.32845722019	2.30677815285	161.167869159	-48.7483014783	
8.36666666667	0.0	0.0	0.0 	0.0 	177.133333333 	14.0 	0.0 	0.0 	0.0 	-0.0 	14.0 	0.0 	0.0 	0.0 	6.3337131554	2.30677815285	161.246108673	-48.8191667748	
8.38333333333	0.0	0.0	0.0 	0.0 	177.366666667 	14.0 	0.0 	0.0 	0.0 	-0.0 	14.0 	0.0 	0.0 	0.0 	6.33894583095	2.30677815285	161.324412825	-48.8900906176	
8.4	0.0	0.0	0.0 	0.0 	177.6 	14.0 	0.0 	0.0 	0.0 	-0.0 	14.0 	0.0 	0.0 	0.0 	6.34415534975	2.30677815285	161.40278133	-48.9610727476	
8.41666666667	0.0	0.0	0.0 	0.0 	177.833333333 	14.0 	0.0 	0.0 	0.0 	-0.0 	14.0 	0.0 	0.0 	0.0 	6.3493418143	2.30677815285	161.481213902	-49.0321129068	
8.43333333333	0.0	0.0	0.0 	0.0 	178.066666667 	14.0 	0.0 	0.0 	0.0 	-0.0 	14.0 	0.0 	0.0 	0.0 	6.35450532662	2.30677815285	161.559710259	-49.1032108383	
8.45	0.0	0.0	0.0 	0.0 	178.3 	14.0 	0.0 	0.0 	0.0 	-0.0 	14.0 	0.0 	0.0 	0.0 	6.35964598827	2.30677815285	161.638270117	-49.1743662866	
8.46666666667	0.0	0.0	0.0 	0.0 	178.533333333 	14.0 	0.0 	0.0 	0.0 	-0.0 	14.0 	0.0 	0.0 	0.0 	6.36476390038	2.30677815285	161.716893196	-49.2455789971	
8.48333333333	0.0	0.0	0.0 	0.0 	178.766666667 	14.0 	0.0 	0.0 	0.0 	-0.0 	14.0 	0.0 	0.0 	0.0 	6.36985916364	2.30677815285	161.795579217	-49.3168487164	
8.5	0.0	0.0	0.0 	0.0 	179.0 	14.0 	0.0 	0.0 	0.0 	-0.0 	14.0 	0.0 	0.0 	0.0 	6.37493187826	2.30677815285	161.8743279	-49.3881751922	
8.51666666667	0.0	0.0	0.0 	0.0 	179.233333333 	14.0 	0.0 	0.0 	0.0 	-0.0 	14.0 	0.0 	0.0 	0.0 	6.37998214404	2.30677815285	161.953138968	-49.4595581734	
8.53333333333	0.0	0.0	0.0 	0.0 	179.466666667 	14.0 	0.0 	0.0 	0.0 	-0.0 	14.0 	0.0 	0.0 	0.0 	6.38501006031	2.30677815285	162.032012146	-49.5309974098	
8.55	0.0	0.0	0.0 	0.0 	179.7 	14.0 	0.0 	0.0 	0.0 	-0.0 	14.0 	0.0 	0.0 	0.0 	6.390015726	2.30677815285	162.110947158	-49.6024926525	
8.56666666667	0.0	0.0	0.0 	0.0 	179.933333333 	14.0 	0.0 	0.0 	0.0 	-0.0 	14.0 	0.0 	0.0 	0.0 	6.39499923956	2.30677815285	162.18994373	-49.6740436537	
8.58333333333	0.0	0.0	0.0 	0.0 	180.166666667 	14.0 	0.0 	0.0 	0.0 	-0.0 	14.0 	0.0 	0.0 	0.0 	6.39996069903	2.30677815285	162.269001591	-49.7456501666	
8.6	0.0	0.0	0.0 	0.0 	180.4 	14.0 	0.0 	0.0 	0.0 	-0.0 	14.0 	0.0 	0.0 	0.0 	6.404900202	2.30677815285	162.348120469	-49.8173119456	
8.61666666667	0.0	0.0	0.0 	0.0 	180.633333333 	14.0 	0.0 	0.0 	0.0 	-0.0 	14.0 	0.0 	0.0 	0.0 	6.40981784565	2.30677815285	162.427300094	-49.8890287461	
8.63333333333	0.0	0.0	0.0 	0.0 	180.866666667 	14.0 	0.0 	0.0 	0.0 	-0.0 	14.0 	0.0 	0.0 	0.0 	6.4147137267	2.30677815285	162.506540197	-49.9608003245	
8.65	0.0	0.0	0.0 	0.0 	181.1 	14.0 	0.0 	0.0 	0.0 	-0.0 	14.0 	0.0 	0.0 	0.0 	6.41958794147	2.30677815285	162.58584051	-50.0326264386	
8.66666666667	0.0	0.0	0.0 	0.0 	181.333333333 	14.0 	0.0 	0.0 	0.0 	-0.0 	14.0 	0.0 	0.0 	0.0 	6.42444058584	2.30677815285	162.665200768	-50.1045068468	
8.68333333333	0.0	0.0	0.0 	0.0 	181.566666667 	14.0 	0.0 	0.0 	0.0 	-0.0 	14.0 	0.0 	0.0 	0.0 	6.42927175527	2.30677815285	162.744620704	-50.176441309	
8.7	0.0	0.0	0.0 	0.0 	181.8 	14.0 	0.0 	0.0 	0.0 	-0.0 	14.0 	0.0 	0.0 	0.0 	6.43408154479	2.30677815285	162.824100055	-50.248429586	
8.71666666667	0.0	0.0	0.0 	0.0 	182.033333333 	14.0 	0.0 	0.0 	0.0 	-0.0 	14.0 	0.0 	0.0 	0.0 	6.43887004902	2.30677815285	162.903638558	-50.3204714395	
8.73333333333	0.0	0.0	0.0 	0.0 	182.266666667 	14.0 	0.0 	0.0 	0.0 	-0.0 	14.0 	0.0 	0.0 	0.0 	6.44363736215	2.30677815285	162.98323595	-50.3925666326	
8.75	0.0	0.0	0.0 	0.0 	182.5 	14.0 	0.0 	0.0 	0.0 	-0.0 	14.0 	0.0 	0.0 	0.0 	6.44838357796	2.30677815285	163.062891973	-50.464714929	
8.76666666667	0.0	0.0	0.0 	0.0 	182.733333333 	14.0 	0.0 	0.0 	0.0 	-0.0 	14.0 	0.0 	0.0 	0.0 	6.45310878982	2.30677815285	163.142606365	-50.536916094	
8.78333333333	0.0	0.0	0.0 	0.0 	182.966666667 	14.0 	0.0 	0.0 	0.0 	-0.0 	14.0 	0.0 	0.0 	0.0 	6.45781309068	2.30677815285	163.222378868	-50.6091698934	
8.8	0.0	0.0	0.0 	0.0 	183.2 	14.0 	0.0 	0.0 	0.0 	-0.0 	14.0 	0.0 	0.0 	0.0 	6.46249657308	2.30677815285	163.302209226	-50.6814760943	
8.81666666667	0.0	0.0	0.0 	0.0 	183.433333333 	14.0 	0.0 	0.0 	0.0 	-0.0 	14.0 	0.0 	0.0 	0.0 	6.46715932914	2.30677815285	163.382097183	-50.7538344649	
8.83333333333	0.0	0.0	0.0 	0.0 	183.666666667 	14.0 	0.0 	0.0 	0.0 	-0.0 	14.0 	0.0 	0.0 	0.0 	6.4718014506	2.30677815285	163.462042483	-50.8262447743	
8.85	0.0	0.0	0.0 	0.0 	183.9 	14.0 	0.0 	0.0 	0.0 	-0.0 	14.0 	0.0 	0.0 	0.0 	6.47642302876	2.30677815285	163.542044872	-50.8987067926	
8.86666666667	0.0	0.0	0.0 	0.0 	184.133333333 	14.0 	0.0 	0.0 	0.0 	-0.0 	14.0 	0.0 	0.0 	0.0 	6.48102415455	2.30677815285	163.622104099	-50.971220291	
8.88333333333	0.0	0.0	0.0 	0.0 	184.366666667 	14.0 	0.0 	0.0 	0.0 	-0.0 	14.0 	0.0 	0.0 	0.0 	6.48560491846	2.30677815285	163.702219912	-51.0437850417	
8.9	0.0	0.0	0.0 	0.0 	184.6 	14.0 	0.0 	0.0 	0.0 	-0.0 	14.0 	0.0 	0.0 	0.0 	6.49016541061	2.30677815285	163.782392059	-51.1164008178	
8.91666666667	0.0	0.0	0.0 	0.0 	184.833333333 	14.0 	0.0 	0.0 	0.0 	-0.0 	14.0 	0.0 	0.0 	0.0 	6.49470572071	2.30677815285	163.862620293	-51.1890673936	
8.93333333333	0.0	0.0	0.0 	0.0 	185.066666667 	14.0 	0.0 	0.0 	0.0 	-0.0 	14.0 	0.0 	0.0 	0.0 	6.49922593808	2.30677815285	163.942904364	-51.2617845442	
8.95	0.0	0.0	0.0 	0.0 	185.3 	14.0 	0.0 	0.0 	0.0 	-0.0 	14.0 	0.0 	0.0 	0.0 	6.50372615163	2.30677815285	164.023244025	-51.3345520459	
8.96666666667	0.0	0.0	0.0 	0.0 	185.533333333 	14.0 	0.0 	0.0 	0.0 	-0.0 	14.0 	0.0 	0.0 	0.0 	6.50820644989	2.30677815285	164.103639031	-51.4073696757	
8.98333333333	0.0	0.0	0.0 	0.0 	185.766666667 	14.0 	0.0 	0.0 	0.0 	-0.0 	14.0 	0.0 	0.0 	0.0 	6.51266692099	2.30677815285	164.184089137	-51.4802372119	
9.0	0.0	0.0	0.0 	0.0 	186.0 	14.0 	0.0 	0.0 	0.0 	-0.0 	14.0 	0.0 	0.0 	0.0 	6.51710765267	2.30677815285	164.264594098	-51.5531544337	
9.01666666667	0.0	0.0	0.0 	0.0 	186.233333333 	14.0 	0.0 	0.0 	0.0 	-0.0 	14.0 	0.0 	0.0 	0.0 	6.5215287323	2.30677815285	164.345153673	-51.626121121	
9.03333333333	0.0	0.0	0.0 	0.0 	186.466666667 	14.0 	0.0 	0.0 	0.0 	-0.0 	14.0 	0.0 	0.0 	0.0 	6.52593024683	2.30677815285	164.425767619	-51.6991370551	
9.05	0.0	0.0	0.0 	0.0 	186.7 	14.0 	0.0 	0.0 	0.0 	-0.0 	14.0 	0.0 	0.0 	0.0 	6.53031228285	2.30677815285	164.506435695	-51.772202018	
9.06666666667	0.0	0.0	0.0 	0.0 	186.933333333 	14.0 	0.0 	0.0 	0.0 	-0.0 	14.0 	0.0 	0.0 	0.0 	6.53467492657	2.30677815285	164.587157663	-51.8453157927	
9.08333333333	0.0	0.0	0.0 	0.0 	187.166666667 	14.0 	0.0 	0.0 	0.0 	-0.0 	14.0 	0.0 	0.0 	0.0 	6.5390182638	2.30677815285	164.667933283	-51.9184781632	
9.1	0.0	0.0	0.0 	0.0 	187.4 	14.0 	0.0 	0.0 	0.0 	-0.0 	14.0 	0.0 	0.0 	0.0 	6.54334237997	2.30677815285	164.748762319	-51.9916889144	
9.11666666667	0.0	0.0	0.0 	0.0 	187.633333333 	14.0 	0.0 	0.0 	0.0 	-0.0 	14.0 	0.0 	0.0 	0.0 	6.54764736016	2.30677815285	164.829644533	-52.0649478323	
9.13333333333	0.0	0.0	0.0 	0.0 	187.866666667 	14.0 	0.0 	0.0 	0.0 	-0.0 	14.0 	0.0 	0.0 	0.0 	6.55193328905	2.30677815285	164.910579691	-52.1382547037	
9.15	0.0	0.0	0.0 	0.0 	188.1 	14.0 	0.0 	0.0 	0.0 	-0.0 	14.0 	0.0 	0.0 	0.0 	6.55620025094	2.30677815285	164.991567558	-52.2116093163	
9.16666666667	0.0	0.0	0.0 	0.0 	188.333333333 	14.0 	0.0 	0.0 	0.0 	-0.0 	14.0 	0.0 	0.0 	0.0 	6.56044832977	2.30677815285	165.072607901	-52.285011459	
9.18333333333	0.0	0.0	0.0 	0.0 	188.566666667 	14.0 	0.0 	0.0 	0.0 	-0.0 	14.0 	0.0 	0.0 	0.0 	6.56467760911	2.30677815285	165.153700488	-52.3584609213	
9.2	0.0	0.0	0.0 	0.0 	188.8 	14.0 	0.0 	0.0 	0.0 	-0.0 	14.0 	0.0 	0.0 	0.0 	6.56888817215	2.30677815285	165.234845087	-52.4319574938	
9.21666666667	0.0	0.0	0.0 	0.0 	189.033333333 	14.0 	0.0 	0.0 	0.0 	-0.0 	14.0 	0.0 	0.0 	0.0 	6.57308010173	2.30677815285	165.316041469	-52.5055009681	
9.23333333333	0.0	0.0	0.0 	0.0 	189.266666667 	14.0 	0.0 	0.0 	0.0 	-0.0 	14.0 	0.0 	0.0 	0.0 	6.57725348029	2.30677815285	165.397289404	-52.5790911366	
9.25	0.0	0.0	0.0 	0.0 	189.5 	14.0 	0.0 	0.0 	0.0 	-0.0 	14.0 	0.0 	0.0 	0.0 	6.58140838994	2.30677815285	165.478588663	-52.6527277927	
9.26666666667	0.0	0.0	0.0 	0.0 	189.733333333 	14.0 	0.0 	0.0 	0.0 	-0.0 	14.0 	0.0 	0.0 	0.0 	6.58554491241	2.30677815285	165.559939021	-52.7264107306	
9.28333333333	0.0	0.0	0.0 	0.0 	189.966666667 	14.0 	0.0 	0.0 	0.0 	-0.0 	14.0 	0.0 	0.0 	0.0 	6.58966312908	2.30677815285	165.641340251	-52.8001397456	
9.3	0.0	0.0	0.0 	0.0 	190.2 	14.0 	0.0 	0.0 	0.0 	-0.0 	14.0 	0.0 	0.0 	0.0 	6.59376312094	2.30677815285	165.722792127	-52.8739146336	
9.31666666667	0.0	0.0	0.0 	0.0 	190.433333333 	14.0 	0.0 	0.0 	0.0 	-0.0 	14.0 	0.0 	0.0 	0.0 	6.59784496866	2.30677815285	165.804294426	-52.9477351918	
9.33333333333	0.0	0.0	0.0 	0.0 	190.666666667 	14.0 	0.0 	0.0 	0.0 	-0.0 	14.0 	0.0 	0.0 	0.0 	6.60190875252	2.30677815285	165.885846924	-53.021601218	
9.35	0.0	0.0	0.0 	0.0 	190.9 	14.0 	0.0 	0.0 	0.0 	-0.0 	14.0 	0.0 	0.0 	0.0 	6.60595455247	2.30677815285	165.967449399	-53.0955125109	
9.36666666667	0.0	0.0	0.0 	0.0 	191.133333333 	14.0 	0.0 	0.0 	0.0 	-0.0 	14.0 	0.0 	0.0 	0.0 	6.6099824481	2.30677815285	166.049101631	-53.1694688703	
9.38333333333	0.0	0.0	0.0 	0.0 	191.366666667 	14.0 	0.0 	0.0 	0.0 	-0.0 	14.0 	0.0 	0.0 	0.0 	6.61399251864	2.30677815285	166.130803398	-53.2434700967	
9.4	0.0	0.0	0.0 	0.0 	191.6 	14.0 	0.0 	0.0 	0.0 	-0.0 	14.0 	0.0 	0.0 	0.0 	6.61798484297	2.30677815285	166.212554482	-53.3175159916	
9.41666666667	0.0	0.0	0.0 	0.0 	191.833333333 	14.0 	0.0 	0.0 	0.0 	-0.0 	14.0 	0.0 	0.0 	0.0 	6.62195949962	2.30677815285	166.294354664	-53.3916063573	
9.43333333333	0.0	0.0	0.0 	0.0 	192.066666667 	14.0 	0.0 	0.0 	0.0 	-0.0 	14.0 	0.0 	0.0 	0.0 	6.62591656679	2.30677815285	166.376203728	-53.465740997	
9.45	0.0	0.0	0.0 	0.0 	192.3 	14.0 	0.0 	0.0 	0.0 	-0.0 	14.0 	0.0 	0.0 	0.0 	6.62985612231	2.30677815285	166.458101456	-53.5399197147	
9.46666666667	0.0	0.0	0.0 	0.0 	192.533333333 	14.0 	0.0 	0.0 	0.0 	-0.0 	14.0 	0.0 	0.0 	0.0 	6.63377824368	2.30677815285	166.540047634	-53.6141423154	
9.48333333333	0.0	0.0	0.0 	0.0 	192.766666667 	14.0 	0.0 	0.0 	0.0 	-0.0 	14.0 	0.0 	0.0 	0.0 	6.63768300806	2.30677815285	166.622042046	-53.6884086049	
9.5	0.0	0.0	0.0 	0.0 	193.0 	14.0 	0.0 	0.0 	0.0 	-0.0 	14.0 	0.0 	0.0 	0.0 	6.64157049225	2.30677815285	166.704084481	-53.7627183899	
9.51666666667	0.0	0.0	0.0 	0.0 	193.233333333 	14.0 	0.0 	0.0 	0.0 	-0.0 	14.0 	0.0 	0.0 	0.0 	6.64544077272	2.30677815285	166.786174724	-53.8370714778	
9.53333333333	0.0	0.0	0.0 	0.0 	193.466666667 	14.0 	0.0 	0.0 	0.0 	-0.0 	14.0 	0.0 	0.0 	0.0 	6.64929392562	2.30677815285	166.868312565	-53.911467677	
9.55	0.0	0.0	0.0 	0.0 	193.7 	14.0 	0.0 	0.0 	0.0 	-0.0 	14.0 	0.0 	0.0 	0.0 	6.65313002674	2.30677815285	166.950497793	-53.9859067969	
9.56666666667	0.0	0.0	0.0 	0.0 	193.933333333 	14.0 	0.0 	0.0 	0.0 	-0.0 	14.0 	0.0 	0.0 	0.0 	6.65694915153	2.30677815285	167.032730197	-54.0603886473	
9.58333333333	0.0	0.0	0.0 	0.0 	194.166666667 	14.0 	0.0 	0.0 	0.0 	-0.0 	14.0 	0.0 	0.0 	0.0 	6.66075137513	2.30677815285	167.115009571	-54.1349130392	
9.6	0.0	0.0	0.0 	0.0 	194.4 	14.0 	0.0 	0.0 	0.0 	-0.0 	14.0 	0.0 	0.0 	0.0 	6.66453677232	2.30677815285	167.197335704	-54.2094797844	
9.61666666667	0.0	0.0	0.0 	0.0 	194.633333333 	14.0 	0.0 	0.0 	0.0 	-0.0 	14.0 	0.0 	0.0 	0.0 	6.66830541759	2.30677815285	167.279708392	-54.2840886953	
9.63333333333	0.0	0.0	0.0 	0.0 	194.866666667 	14.0 	0.0 	0.0 	0.0 	-0.0 	14.0 	0.0 	0.0 	0.0 	6.67205738505	2.30677815285	167.362127426	-54.3587395855	
9.65	0.0	0.0	0.0 	0.0 	195.1 	14.0 	0.0 	0.0 	0.0 	-0.0 	14.0 	0.0 	0.0 	0.0 	6.67579274851	2.30677815285	167.444592604	-54.4334322692	
9.66666666667	0.0	0.0	0.0 	0.0 	195.333333333 	14.0 	0.0 	0.0 	0.0 	-0.0 	14.0 	0.0 	0.0 	0.0 	6.67951158146	2.30677815285	167.527103719	-54.5081665613	
9.68333333333	0.0	0.0	0.0 	0.0 	195.566666667 	14.0 	0.0 	0.0 	0.0 	-0.0 	14.0 	0.0 	0.0 	0.0 	6.68321395704	2.30677815285	167.60966057	-54.5829422777	
9.7	0.0	0.0	0.0 	0.0 	195.8 	14.0 	0.0 	0.0 	0.0 	-0.0 	14.0 	0.0 	0.0 	0.0 	6.6868999481	2.30677815285	167.692262953	-54.6577592352	
9.71666666667	0.0	0.0	0.0 	0.0 	196.033333333 	14.0 	0.0 	0.0 	0.0 	-0.0 	14.0 	0.0 	0.0 	0.0 	6.69056962713	2.30677815285	167.774910667	-54.7326172512	
9.73333333333	0.0	0.0	0.0 	0.0 	196.266666667 	14.0 	0.0 	0.0 	0.0 	-0.0 	14.0 	0.0 	0.0 	0.0 	6.69422306632	2.30677815285	167.857603511	-54.8075161441	
9.75	0.0	0.0	0.0 	0.0 	196.5 	14.0 	0.0 	0.0 	0.0 	-0.0 	14.0 	0.0 	0.0 	0.0 	6.69786033755	2.30677815285	167.940341287	-54.8824557328	
9.76666666667	0.0	0.0	0.0 	0.0 	196.733333333 	14.0 	0.0 	0.0 	0.0 	-0.0 	14.0 	0.0 	0.0 	0.0 	6.70148151236	2.30677815285	168.023123794	-54.9574358374	
9.78333333333	0.0	0.0	0.0 	0.0 	196.966666667 	14.0 	0.0 	0.0 	0.0 	-0.0 	14.0 	0.0 	0.0 	0.0 	6.70508666198	2.30677815285	168.105950835	-55.0324562785	
9.8	0.0	0.0	0.0 	0.0 	197.2 	14.0 	0.0 	0.0 	0.0 	-0.0 	14.0 	0.0 	0.0 	0.0 	6.70867585734	2.30677815285	168.188822213	-55.1075168776	
9.81666666667	0.0	0.0	0.0 	0.0 	197.433333333 	14.0 	0.0 	0.0 	0.0 	-0.0 	14.0 	0.0 	0.0 	0.0 	6.71224916903	2.30677815285	168.271737731	-55.1826174571	
9.83333333333	0.0	0.0	0.0 	0.0 	197.666666667 	14.0 	0.0 	0.0 	0.0 	-0.0 	14.0 	0.0 	0.0 	0.0 	6.71580666736	2.30677815285	168.354697195	-55.2577578399	
9.85	0.0	0.0	0.0 	0.0 	197.9 	14.0 	0.0 	0.0 	0.0 	-0.0 	14.0 	0.0 	0.0 	0.0 	6.71934842229	2.30677815285	168.43770041	-55.3329378499	
9.86666666667	0.0	0.0	0.0 	0.0 	198.133333333 	14.0 	0.0 	0.0 	0.0 	-0.0 	14.0 	0.0 	0.0 	0.0 	6.72287450351	2.30677815285	168.520747182	-55.4081573119	
9.88333333333	0.0	0.0	0.0 	0.0 	198.366666667 	14.0 	0.0 	0.0 	0.0 	-0.0 	14.0 	0.0 	0.0 	0.0 	6.72638498036	2.30677815285	168.603837318	-55.483416051	
9.9	0.0	0.0	0.0 	0.0 	198.6 	14.0 	0.0 	0.0 	0.0 	-0.0 	14.0 	0.0 	0.0 	0.0 	6.72987992192	2.30677815285	168.686970627	-55.5587138937	
9.91666666667	0.0	0.0	0.0 	0.0 	198.833333333 	14.0 	0.0 	0.0 	0.0 	-0.0 	14.0 	0.0 	0.0 	0.0 	6.73335939693	2.30677815285	168.770146917	-55.6340506667	
9.93333333333	0.0	0.0	0.0 	0.0 	199.066666667 	14.0 	0.0 	0.0 	0.0 	-0.0 	14.0 	0.0 	0.0 	0.0 	6.73682347383	2.30677815285	168.853365999	-55.7094261979	
9.95	0.0	0.0	0.0 	0.0 	199.3 	14.0 	0.0 	0.0 	0.0 	-0.0 	14.0 	0.0 	0.0 	0.0 	6.74027222077	2.30677815285	168.936627683	-55.7848403157	
9.96666666667	0.0	0.0	0.0 	0.0 	199.533333333 	14.0 	0.0 	0.0 	0.0 	-0.0 	14.0 	0.0 	0.0 	0.0 	6.74370570559	2.30677815285	169.01993178	-55.8602928493	
9.98333333333	0.0	0.0	0.0 	0.0 	199.766666667 	14.0 	0.0 	0.0 	0.0 	-0.0 	14.0 	0.0 	0.0 	0.0 	6.74712399583	2.30677815285	169.103278102	-55.9357836287	
