0.0166666666667	0.0	0.0	0.0 	0.0 	60.3333333333 	20.0 	0.0 	0.0 	0.0 	0.0 	20.0 	0.0 	0.0 	0.0 	0.0	-1.46870967742	140.0	-5.67741935484	
0.0333333333333	0.0	0.0	0.0 	0.0 	60.6666666667 	20.0 	0.0 	0.0 	0.0 	-0.0 	20.0 	0.0 	0.0 	0.0 	0.0	-1.46870967742	140.0	-5.67741935484	
0.05	0.0	0.0	0.0 	0.0 	61.0 	20.0 	0.0 	0.0 	0.0 	-0.0 	20.0 	0.0 	0.0 	0.0 	0.0	-1.46870967742	140.0	-5.67741935484	
0.0666666666667	0.0	0.0	0.0 	0.0 	61.3333333333 	20.0 	0.0 	0.0 	0.0 	-0.0 	20.0 	0.0 	0.0 	0.0 	0.0	-1.46870967742	140.0	-5.67741935484	
0.0833333333333	0.0	0.0	0.0 	0.0 	61.6666666667 	20.0 	0.0 	0.0 	0.0 	-0.0 	20.0 	0.0 	0.0 	0.0 	0.0	-1.46870967742	140.0	-5.67741935484	
0.1	0.0	0.0	0.0 	0.0 	62.0 	20.0 	0.0 	0.0 	0.0 	-0.0 	20.0 	0.0 	0.0 	0.0 	0.0	-1.46870967742	140.0	-5.67741935484	
0.116666666667	0.0	0.0	0.0 	0.0 	62.3333333333 	20.0 	0.0 	0.0 	0.0 	-0.0 	20.0 	0.0 	0.0 	0.0 	0.0	-1.46870967742	140.0	-5.67741935484	
0.133333333333	0.0	0.0	0.0 	0.0 	62.6666666667 	20.0 	0.0 	0.0 	0.0 	-0.0 	20.0 	0.0 	0.0 	0.0 	0.0	-1.46870967742	140.0	-5.67741935484	
0.15	0.0	0.0	0.0 	0.0 	63.0 	20.0 	0.0 	0.0 	0.0 	-0.0 	20.0 	0.0 	0.0 	0.0 	0.0	-1.46870967742	140.0	-5.67741935484	
0.166666666667	0.0	0.0	0.0 	0.0 	63.3333333333 	20.0 	0.0 	0.0 	0.0 	-0.0 	20.0 	0.0 	0.0 	0.0 	0.0	-1.46870967742	140.0	-5.67741935484	
0.183333333333	0.0	0.0	0.0 	0.0 	63.6666666667 	20.0 	0.0 	0.0 	0.0 	-0.0 	20.0 	0.0 	0.0 	0.0 	0.0	-1.46870967742	140.0	-5.67741935484	
0.2	0.0	0.0	0.0 	0.0 	64.0 	20.0 	0.0 	0.0 	0.0 	-0.0 	20.0 	0.0 	0.0 	0.0 	0.0	-1.46870967742	140.0	-5.67741935484	
0.216666666667	0.0	0.0	0.0 	0.0 	64.3333333333 	20.0 	0.0 	0.0 	0.0 	-0.0 	20.0 	0.0 	0.0 	0.0 	0.0	-1.46870967742	140.0	-5.67741935484	
0.233333333333	0.0	0.0	0.0 	0.0 	64.6666666667 	20.0 	0.0 	0.0 	0.0 	-0.0 	20.0 	0.0 	0.0 	0.0 	0.0	-1.46870967742	140.0	-5.67741935484	
0.25	0.0	0.0	0.0 	0.0 	65.0 	20.0 	0.0 	0.0 	0.0 	-0.0 	20.0 	0.0 	0.0 	0.0 	0.0	-1.46870967742	140.0	-5.67741935484	
0.266666666667	0.0	0.0	0.0 	0.0 	65.3333333333 	20.0 	0.0 	0.0 	0.0 	-0.0 	20.0 	0.0 	0.0 	0.0 	0.0	-1.46870967742	140.0	-5.67741935484	
0.283333333333	0.0	0.0	0.0 	0.0 	65.6666666667 	20.0 	0.0 	0.0 	0.0 	-0.0 	20.0 	0.0 	0.0 	0.0 	0.0	-1.46870967742	140.0	-5.67741935484	
0.3	0.0	0.0	0.0 	0.0 	66.0 	20.0 	0.0 	0.0 	0.0 	-0.0 	20.0 	0.0 	0.0 	0.0 	0.0	-1.46870967742	140.0	-5.67741935484	
0.316666666667	0.0	0.0	0.0 	0.0 	66.3333333333 	20.0 	0.0 	0.0 	0.0 	-0.0 	20.0 	0.0 	0.0 	0.0 	0.0	-1.46870967742	140.0	-5.67741935484	
0.333333333333	0.0	0.0	0.0 	0.0 	66.6666666667 	20.0 	0.0 	0.0 	0.0 	-0.0 	20.0 	0.0 	0.0 	0.0 	0.0	-1.46870967742	140.0	-5.67741935484	
0.35	0.0	0.0	0.0 	0.0 	67.0 	20.0 	0.0 	0.0 	0.0 	-0.0 	20.0 	0.0 	0.0 	0.0 	0.0	-1.46870967742	140.0	-5.67741935484	
0.366666666667	0.0	0.0	0.0 	0.0 	67.3333333333 	20.0 	0.0 	0.0 	0.0 	-0.0 	20.0 	0.0 	0.0 	0.0 	0.0	-1.46870967742	140.0	-5.67741935484	
0.383333333333	0.0	0.0	0.0 	0.0 	67.6666666667 	20.0 	0.0 	0.0 	0.0 	-0.0 	20.0 	0.0 	0.0 	0.0 	0.0	-1.46870967742	140.0	-5.67741935484	
0.4	0.0	0.0	0.0 	0.0 	68.0 	20.0 	0.0 	0.0 	0.0 	-0.0 	20.0 	0.0 	0.0 	0.0 	0.0	-1.46870967742	140.0	-5.67741935484	
0.416666666667	0.0	0.0	0.0 	0.0 	68.3333333333 	20.0 	0.0 	0.0 	0.0 	-0.0 	20.0 	0.0 	0.0 	0.0 	0.0	-1.46870967742	140.0	-5.67741935484	
0.433333333333	0.0	0.0	0.0 	0.0 	68.6666666667 	20.0 	0.0 	0.0 	0.0 	-0.0 	20.0 	0.0 	0.0 	0.0 	0.0	-1.46870967742	140.0	-5.67741935484	
0.45	0.0	0.0	0.0 	0.0 	69.0 	20.0 	0.0 	0.0 	0.0 	-0.0 	20.0 	0.0 	0.0 	0.0 	0.0	-1.46870967742	140.0	-5.67741935484	
0.466666666667	0.0	0.0	0.0 	0.0 	69.3333333333 	20.0 	0.0 	0.0 	0.0 	-0.0 	20.0 	0.0 	0.0 	0.0 	0.0	-1.46870967742	140.0	-5.67741935484	
0.483333333333	0.0	0.0	0.0 	0.0 	69.6666666667 	20.0 	0.0 	0.0 	0.0 	-0.0 	20.0 	0.0 	0.0 	0.0 	0.0	-1.46870967742	140.0	-5.67741935484	
0.5	0.0	0.0	0.0 	0.0 	70.0 	20.0 	0.0 	0.0 	0.0 	-0.0 	20.0 	0.0 	0.0 	0.0 	0.0	-1.46870967742	140.0	-5.67741935484	
0.516666666667	0.0	0.0	0.0 	0.0 	70.3333333333 	20.0 	0.0 	0.0 	0.0 	-0.0 	20.0 	0.0 	0.0 	0.0 	0.0	-1.46870967742	140.0	-5.67741935484	
0.533333333333	0.0	0.0	0.0 	0.0 	70.6666666667 	20.0 	0.0 	0.0 	0.0 	-0.0 	20.0 	0.0 	0.0 	0.0 	0.0	-1.46870967742	140.0	-5.67741935484	
0.55	0.0	0.0	0.0 	0.0 	71.0 	20.0 	0.0 	0.0 	0.0 	-0.0 	20.0 	0.0 	0.0 	0.0 	0.0	-1.46870967742	140.0	-5.67741935484	
0.566666666667	0.0	0.0	0.0 	0.0 	71.3333333333 	20.0 	0.0 	0.0 	0.0 	-0.0 	20.0 	0.0 	0.0 	0.0 	0.0	-1.46870967742	140.0	-5.67741935484	
0.583333333333	0.0	0.0	0.0 	0.0 	71.6666666667 	20.0 	0.0 	0.0 	0.0 	-0.0 	20.0 	0.0 	0.0 	0.0 	0.0	-1.46870967742	140.0	-5.67741935484	
0.6	0.0	0.0	0.0 	0.0 	72.0 	20.0 	0.0 	0.0 	0.0 	-0.0 	20.0 	0.0 	0.0 	0.0 	0.0	-1.46870967742	140.0	-5.67741935484	
0.616666666667	0.0	0.0	0.0 	0.0 	72.3333333333 	20.0 	0.0 	0.0 	0.0 	-0.0 	20.0 	0.0 	0.0 	0.0 	0.0	-1.46870967742	140.0	-5.67741935484	
0.633333333333	0.0	0.0	0.0 	0.0 	72.6666666667 	20.0 	0.0 	0.0 	0.0 	-0.0 	20.0 	0.0 	0.0 	0.0 	0.0	-1.46870967742	140.0	-5.67741935484	
0.65	0.0	0.0	0.0 	0.0 	73.0 	20.0 	0.0 	0.0 	0.0 	-0.0 	20.0 	0.0 	0.0 	0.0 	0.0	-1.46870967742	140.0	-5.67741935484	
0.666666666667	0.0	0.0	0.0 	0.0 	73.3333333333 	20.0 	0.0 	0.0 	0.0 	-0.0 	20.0 	0.0 	0.0 	0.0 	0.0	-1.46870967742	140.0	-5.67741935484	
0.683333333333	0.0	0.0	0.0 	0.0 	73.6666666667 	20.0 	0.0 	0.0 	0.0 	-0.0 	20.0 	0.0 	0.0 	0.0 	0.0	-1.46870967742	140.0	-5.67741935484	
0.7	0.0	0.0	0.0 	0.0 	74.0 	20.0 	0.0 	0.0 	0.0 	-0.0 	20.0 	0.0 	0.0 	0.0 	0.0	-1.46870967742	140.0	-5.67741935484	
0.716666666667	0.0	0.0	0.0 	0.0 	74.3333333333 	20.0 	0.0 	0.0 	0.0 	-0.0 	20.0 	0.0 	0.0 	0.0 	0.0	-1.46870967742	140.0	-5.67741935484	
0.733333333333	0.0	0.0	0.0 	0.0 	74.6666666667 	20.0 	0.0 	0.0 	0.0 	-0.0 	20.0 	0.0 	0.0 	0.0 	0.0	-1.46870967742	140.0	-5.67741935484	
0.75	0.0	0.0	0.0 	0.0 	75.0 	20.0 	0.0 	0.0 	0.0 	-0.0 	20.0 	0.0 	0.0 	0.0 	0.0	-1.46870967742	140.0	-5.67741935484	
0.766666666667	0.0	0.0	0.0 	0.0 	75.3333333333 	20.0 	0.0 	0.0 	0.0 	-0.0 	20.0 	0.0 	0.0 	0.0 	0.0	-1.46870967742	140.0	-5.67741935484	
0.783333333333	0.0	0.0	0.0 	0.0 	75.6666666667 	20.0 	0.0 	0.0 	0.0 	-0.0 	20.0 	0.0 	0.0 	0.0 	0.0	-1.46870967742	140.0	-5.67741935484	
0.8	0.0	0.0	0.0 	0.0 	76.0 	20.0 	0.0 	0.0 	0.0 	-0.0 	20.0 	0.0 	0.0 	0.0 	0.0	-1.46870967742	140.0	-5.67741935484	
0.816666666667	0.0	0.0	0.0 	0.0 	76.3333333333 	20.0 	0.0 	0.0 	0.0 	-0.0 	20.0 	0.0 	0.0 	0.0 	0.0	-1.46870967742	140.0	-5.67741935484	
0.833333333333	0.0	0.0	0.0 	0.0 	76.6666666667 	20.0 	0.0 	0.0 	0.0 	-0.0 	20.0 	0.0 	0.0 	0.0 	0.0	-1.46870967742	140.0	-5.67741935484	
0.85	0.0	0.0	0.0 	0.0 	77.0 	20.0 	0.0 	0.0 	0.0 	-0.0 	20.0 	0.0 	0.0 	0.0 	0.0	-1.46870967742	140.0	-5.67741935484	
0.866666666667	0.0	0.0	0.0 	0.0 	77.3333333333 	20.0 	0.0 	0.0 	0.0 	-0.0 	20.0 	0.0 	0.0 	0.0 	0.0	-1.46870967742	140.0	-5.67741935484	
0.883333333333	0.0	0.0	0.0 	0.0 	77.6666666667 	20.0 	0.0 	0.0 	0.0 	-0.0 	20.0 	0.0 	0.0 	0.0 	0.0	-1.46870967742	140.0	-5.67741935484	
0.9	0.0	0.0	0.0 	0.0 	78.0 	20.0 	0.0 	0.0 	0.0 	-0.0 	20.0 	0.0 	0.0 	0.0 	0.0	-1.46870967742	140.0	-5.67741935484	
0.916666666667	0.0	0.0	0.0 	0.0 	78.3333333333 	20.0 	0.0 	0.0 	0.0 	-0.0 	20.0 	0.0 	0.0 	0.0 	0.0	-1.46870967742	140.0	-5.67741935484	
0.933333333333	0.0	0.0	0.0 	0.0 	78.6666666667 	20.0 	0.0 	0.0 	0.0 	-0.0 	20.0 	0.0 	0.0 	0.0 	0.0	-1.46870967742	140.0	-5.67741935484	
0.95	0.0	0.0	0.0 	0.0 	79.0 	20.0 	0.0 	0.0 	0.0 	-0.0 	20.0 	0.0 	0.0 	0.0 	0.0	-1.46870967742	140.0	-5.67741935484	
0.966666666667	0.0	0.0	0.0 	0.0 	79.3333333333 	20.0 	0.0 	0.0 	0.0 	-0.0 	20.0 	0.0 	0.0 	0.0 	0.0	-1.46870967742	140.0	-5.67741935484	
0.983333333333	0.0	0.0	0.0 	0.0 	79.6666666667 	20.0 	0.0 	0.0 	0.0 	-0.0 	20.0 	0.0 	0.0 	0.0 	0.0	-1.46870967742	140.0	-5.67741935484	
1.0	0.0	0.0	0.0 	0.0 	80.0 	20.0 	0.0 	0.0 	0.0 	-0.0 	20.0 	0.0 	0.0 	0.0 	0.0	-1.46870967742	140.0	-5.67741935484	
1.01666666667	0.0	0.0	0.0 	0.0 	80.3333333333 	20.0 	0.0 	0.0 	0.0 	-0.0 	20.0 	0.0 	0.0 	0.0 	0.372043010753	-1.46870967742	139.993831566	-5.67678744337	
1.03333333333	0.0	0.0	0.0 	0.0 	80.6666666667 	20.0 	0.0 	0.0 	0.0 	-0.0 	20.0 	0.0 	0.0 	0.0 	0.735818399044	-1.46870967742	139.981631774	-5.6755376629	
1.05	0.0	0.0	0.0 	0.0 	81.0 	20.0 	0.0 	0.0 	0.0 	-0.0 	20.0 	0.0 	0.0 	0.0 	1.09150988982	-1.46870967742	139.963534655	-5.67368374385	
1.06666666667	0.0	0.0	0.0 	0.0 	81.3333333333 	20.0 	0.0 	0.0 	0.0 	-0.0 	20.0 	0.0 	0.0 	0.0 	1.43929712524	-1.46870967742	139.939671261	-5.67123911153	
1.08333333333	0.0	0.0	0.0 	0.0 	81.6666666667 	20.0 	0.0 	0.0 	0.0 	-0.0 	20.0 	0.0 	0.0 	0.0 	1.77935575543	-1.46870967742	139.91016973	-5.66821689291	
1.1	0.0	0.0	0.0 	0.0 	82.0 	20.0 	0.0 	0.0 	0.0 	-0.0 	20.0 	0.0 	0.0 	0.0 	2.11185752718	-1.46870967742	139.875155354	-5.66462992322	
1.11666666667	0.0	0.0	0.0 	0.0 	82.3333333333 	20.0 	0.0 	0.0 	0.0 	-0.0 	20.0 	0.0 	0.0 	0.0 	2.43697037066	-1.46870967742	139.834750642	-5.6604907525	
1.13333333333	0.0	0.0	0.0 	0.0 	82.6666666667 	20.0 	0.0 	0.0 	0.0 	-0.0 	20.0 	0.0 	0.0 	0.0 	2.75485848429	-1.46870967742	139.789075378	-5.65581165187	
1.15	0.0	0.0	0.0 	0.0 	83.0 	20.0 	0.0 	0.0 	0.0 	-0.0 	20.0 	0.0 	0.0 	0.0 	3.06568241761	-1.46870967742	139.738246687	-5.65060461978	
1.16666666667	0.0	0.0	0.0 	0.0 	83.3333333333 	20.0 	0.0 	0.0 	0.0 	-0.0 	20.0 	0.0 	0.0 	0.0 	3.36959915242	-1.46870967742	139.682379088	-5.64488138805	
1.18333333333	0.0	0.0	0.0 	0.0 	83.6666666667 	20.0 	0.0 	0.0 	0.0 	-0.0 	20.0 	0.0 	0.0 	0.0 	3.666762182	-1.46870967742	139.621584557	-5.63865342777	
1.2	0.0	0.0	0.0 	0.0 	84.0 	20.0 	0.0 	0.0 	0.0 	-0.0 	20.0 	0.0 	0.0 	0.0 	3.95732158871	-1.46870967742	139.555972582	-5.63193195513	
1.21666666667	0.0	0.0	0.0 	0.0 	84.3333333333 	20.0 	0.0 	0.0 	0.0 	-0.0 	20.0 	0.0 	0.0 	0.0 	4.24142411971	-1.46870967742	139.485650216	-5.62472793708	
1.23333333333	0.0	0.0	0.0 	0.0 	84.6666666667 	20.0 	0.0 	0.0 	0.0 	-0.0 	20.0 	0.0 	0.0 	0.0 	4.51921326114	-1.46870967742	139.410722136	-5.61705209685	
1.25	0.0	0.0	0.0 	0.0 	85.0 	20.0 	0.0 	0.0 	0.0 	-0.0 	20.0 	0.0 	0.0 	0.0 	4.79082931053	-1.46870967742	139.331290691	-5.60891491936	
1.26666666667	0.0	0.0	0.0 	0.0 	85.3333333333 	20.0 	0.0 	0.0 	0.0 	-0.0 	20.0 	0.0 	0.0 	0.0 	5.05640944772	-1.46870967742	139.247455955	-5.60032665657	
1.28333333333	0.0	0.0	0.0 	0.0 	85.6666666667 	20.0 	0.0 	0.0 	0.0 	-0.0 	20.0 	0.0 	0.0 	0.0 	5.31608780408	-1.46870967742	139.159315779	-5.5912973326	
1.3	0.0	0.0	0.0 	0.0 	86.0 	20.0 	0.0 	0.0 	0.0 	-0.0 	20.0 	0.0 	0.0 	0.0 	5.5699955303	-1.46870967742	139.066965839	-5.58183674879	
1.31666666667	0.0	0.0	0.0 	0.0 	86.3333333333 	20.0 	0.0 	0.0 	0.0 	-0.0 	20.0 	0.0 	0.0 	0.0 	5.8182608626	-1.46870967742	138.970499687	-5.5719544887	
1.33333333333	0.0	0.0	0.0 	0.0 	86.6666666667 	20.0 	0.0 	0.0 	0.0 	-0.0 	20.0 	0.0 	0.0 	0.0 	6.06100918752	-1.46870967742	138.870008793	-5.56165992292	
1.35	0.0	0.0	0.0 	0.0 	87.0 	20.0 	0.0 	0.0 	0.0 	-0.0 	20.0 	0.0 	0.0 	0.0 	6.29836310521	-1.46870967742	138.765582596	-5.5509622138	
1.36666666667	0.0	0.0	0.0 	0.0 	87.3333333333 	20.0 	0.0 	0.0 	0.0 	-0.0 	20.0 	0.0 	0.0 	0.0 	6.5304424914	-1.46870967742	138.657308547	-5.53987032007	
1.38333333333	0.0	0.0	0.0 	0.0 	87.6666666667 	20.0 	0.0 	0.0 	0.0 	-0.0 	20.0 	0.0 	0.0 	0.0 	6.7573645579	-1.46870967742	138.545272154	-5.52839300139	
1.4	0.0	0.0	0.0 	0.0 	88.0 	20.0 	0.0 	0.0 	0.0 	-0.0 	20.0 	0.0 	0.0 	0.0 	6.97924391181	-1.46870967742	138.429557025	-5.51653882277	
1.41666666667	0.0	0.0	0.0 	0.0 	88.3333333333 	20.0 	0.0 	0.0 	0.0 	-0.0 	20.0 	0.0 	0.0 	0.0 	7.19619261342	-1.46870967742	138.310244909	-5.50431615887	
1.43333333333	0.0	0.0	0.0 	0.0 	88.6666666667 	20.0 	0.0 	0.0 	0.0 	-0.0 	20.0 	0.0 	0.0 	0.0 	7.40832023276	-1.46870967742	138.18741574	-5.49173319824	
1.45	0.0	0.0	0.0 	0.0 	89.0 	20.0 	0.0 	0.0 	0.0 	-0.0 	20.0 	0.0 	0.0 	0.0 	7.61573390501	-1.46870967742	138.061147674	-5.47879794749	
1.46666666667	0.0	0.0	0.0 	0.0 	89.3333333333 	20.0 	0.0 	0.0 	0.0 	-0.0 	20.0 	0.0 	0.0 	0.0 	7.81853838454	-1.46870967742	137.93151713	-5.46551823528	
1.48333333333	0.0	0.0	0.0 	0.0 	89.6666666667 	20.0 	0.0 	0.0 	0.0 	-0.0 	20.0 	0.0 	0.0 	0.0 	8.01683609785	-1.46870967742	137.798598832	-5.45190171632	
1.5	0.0	0.0	0.0 	0.0 	90.0 	20.0 	0.0 	0.0 	0.0 	-0.0 	20.0 	0.0 	0.0 	0.0 	8.21072719532	-1.46870967742	137.66246584	-5.43795587519	
1.51666666667	0.0	0.0	0.0 	0.0 	90.3333333333 	20.0 	0.0 	0.0 	0.0 	-0.0 	20.0 	0.0 	0.0 	0.0 	8.40030960173	-1.46870967742	137.523189591	-5.42368803017	
1.53333333333	0.0	0.0	0.0 	0.0 	90.6666666667 	20.0 	0.0 	0.0 	0.0 	-0.0 	20.0 	0.0 	0.0 	0.0 	8.58567906578	-1.46870967742	137.380839936	-5.40910533689	
1.55	0.0	0.0	0.0 	0.0 	91.0 	20.0 	0.0 	0.0 	0.0 	-0.0 	20.0 	0.0 	0.0 	0.0 	8.76692920841	-1.46870967742	137.235485173	-5.394214792	
1.56666666667	0.0	0.0	0.0 	0.0 	91.3333333333 	20.0 	0.0 	0.0 	0.0 	-0.0 	20.0 	0.0 	0.0 	0.0 	8.94415157008	-1.46870967742	137.087192082	-5.37902323662	
1.58333333333	0.0	0.0	0.0 	0.0 	91.6666666667 	20.0 	0.0 	0.0 	0.0 	-0.0 	20.0 	0.0 	0.0 	0.0 	9.11743565706	-1.46870967742	136.936025959	-5.3635373599	
1.6	0.0	0.0	0.0 	0.0 	92.0 	20.0 	0.0 	0.0 	0.0 	-0.0 	20.0 	0.0 	0.0 	0.0 	9.28686898654	-1.46870967742	136.782050649	-5.34776370229	
1.61666666667	0.0	0.0	0.0 	0.0 	92.3333333333 	20.0 	0.0 	0.0 	0.0 	-0.0 	20.0 	0.0 	0.0 	0.0 	9.45253713093	-1.46870967742	136.625328579	-5.33170865894	
1.63333333333	0.0	0.0	0.0 	0.0 	92.6666666667 	20.0 	0.0 	0.0 	0.0 	-0.0 	20.0 	0.0 	0.0 	0.0 	9.61452376099	-1.46870967742	136.465920787	-5.31537848285	
1.65	0.0	0.0	0.0 	0.0 	93.0 	20.0 	0.0 	0.0 	0.0 	-0.0 	20.0 	0.0 	0.0 	0.0 	9.77291068817	-1.46870967742	136.303886957	-5.29877928809	
1.66666666667	0.0	0.0	0.0 	0.0 	93.3333333333 	20.0 	0.0 	0.0 	0.0 	-0.0 	20.0 	0.0 	0.0 	0.0 	9.92777790585	-1.46870967742	136.139285445	-5.28191705285	
1.68333333333	0.0	0.0	0.0 	0.0 	93.6666666667 	20.0 	0.0 	0.0 	0.0 	-0.0 	20.0 	0.0 	0.0 	0.0 	10.0792036298	-1.46870967742	135.97217331	-5.26479762248	
1.7	0.0	0.0	0.0 	0.0 	94.0 	20.0 	0.0 	0.0 	0.0 	-0.0 	20.0 	0.0 	0.0 	0.0 	10.2272643377	-1.46870967742	135.802606344	-5.24742671242	
1.71666666667	0.0	0.0	0.0 	0.0 	94.3333333333 	20.0 	0.0 	0.0 	0.0 	-0.0 	20.0 	0.0 	0.0 	0.0 	10.3720348076	-1.46870967742	135.630639099	-5.22980991111	
1.73333333333	0.0	0.0	0.0 	0.0 	94.6666666667 	20.0 	0.0 	0.0 	0.0 	-0.0 	20.0 	0.0 	0.0 	0.0 	10.513588156	-1.46870967742	135.456324915	-5.2119526828	
1.75	0.0	0.0	0.0 	0.0 	95.0 	20.0 	0.0 	0.0 	0.0 	-0.0 	20.0 	0.0 	0.0 	0.0 	10.6519958743	-1.46870967742	135.279715945	-5.19386037031	
1.76666666667	0.0	0.0	0.0 	0.0 	95.3333333333 	20.0 	0.0 	0.0 	0.0 	-0.0 	20.0 	0.0 	0.0 	0.0 	10.7873278657	-1.46870967742	135.100863185	-5.17553819774	
1.78333333333	0.0	0.0	0.0 	0.0 	95.6666666667 	20.0 	0.0 	0.0 	0.0 	-0.0 	20.0 	0.0 	0.0 	0.0 	10.9196524794	-1.46870967742	134.919816497	-5.15699127308	
1.8	0.0	0.0	0.0 	0.0 	96.0 	20.0 	0.0 	0.0 	0.0 	-0.0 	20.0 	0.0 	0.0 	0.0 	11.0490365462	-1.46870967742	134.736624634	-5.13822459084	
1.81666666667	0.0	0.0	0.0 	0.0 	96.3333333333 	20.0 	0.0 	0.0 	0.0 	-0.0 	20.0 	0.0 	0.0 	0.0 	11.1755454115	-1.46870967742	134.551335268	-5.1192430345	
1.83333333333	0.0	0.0	0.0 	0.0 	96.6666666667 	20.0 	0.0 	0.0 	0.0 	-0.0 	20.0 	0.0 	0.0 	0.0 	11.2992429686	-1.46870967742	134.363995009	-5.10005137905	
1.85	0.0	0.0	0.0 	0.0 	97.0 	20.0 	0.0 	0.0 	0.0 	-0.0 	20.0 	0.0 	0.0 	0.0 	11.4201916912	-1.46870967742	134.174649434	-5.08065429336	
1.86666666667	0.0	0.0	0.0 	0.0 	97.3333333333 	20.0 	0.0 	0.0 	0.0 	-0.0 	20.0 	0.0 	0.0 	0.0 	11.5384526644	-1.46870967742	133.983343104	-5.06105634254	
1.88333333333	0.0	0.0	0.0 	0.0 	97.6666666667 	20.0 	0.0 	0.0 	0.0 	-0.0 	20.0 	0.0 	0.0 	0.0 	11.6540856159	-1.46870967742	133.790119591	-5.04126199027	
1.9	0.0	0.0	0.0 	0.0 	98.0 	20.0 	0.0 	0.0 	0.0 	-0.0 	20.0 	0.0 	0.0 	0.0 	11.7671489463	-1.46870967742	133.595021501	-5.02127560102	
1.91666666667	0.0	0.0	0.0 	0.0 	98.3333333333 	20.0 	0.0 	0.0 	0.0 	-0.0 	20.0 	0.0 	0.0 	0.0 	11.8776997582	-1.46870967742	133.39809049	-5.00110144228	
1.93333333333	0.0	0.0	0.0 	0.0 	98.6666666667 	20.0 	0.0 	0.0 	0.0 	-0.0 	20.0 	0.0 	0.0 	0.0 	11.9857938855	-1.46870967742	133.199367289	-4.98074368671	
1.95	0.0	0.0	0.0 	0.0 	99.0 	20.0 	0.0 	0.0 	0.0 	-0.0 	20.0 	0.0 	0.0 	0.0 	12.091485921	-1.46870967742	132.998891726	-4.96020641423	
1.96666666667	0.0	0.0	0.0 	0.0 	99.3333333333 	20.0 	0.0 	0.0 	0.0 	-0.0 	20.0 	0.0 	0.0 	0.0 	12.1948292446	-1.46870967742	132.796702741	-4.93949361411	
1.98333333333	0.0	0.0	0.0 	0.0 	99.6666666667 	20.0 	0.0 	0.0 	0.0 	-0.0 	20.0 	0.0 	0.0 	0.0 	12.2958760499	-1.46870967742	132.592838411	-4.91860918696	
2.0	0.0	0.0	0.0 	0.0 	100.0 	20.0 	0.0 	0.0 	0.0 	-0.0 	20.0 	0.0 	0.0 	0.0 	12.3946773707	-1.46870967742	132.387335965	-4.89755694672	
2.01666666667	0.0	0.0	0.0 	0.0 	100.333333333 	20.0 	0.0 	0.0 	0.0 	-0.0 	20.0 	0.0 	0.0 	0.0 	12.4912831065	-1.46870967742	132.180231807	-4.87634062257	
2.03333333333	0.0	0.0	0.0 	0.0 	100.666666667 	20.0 	0.0 	0.0 	0.0 	-0.0 	20.0 	0.0 	0.0 	0.0 	12.5857420483	-1.46870967742	131.971561529	-4.85496386081	
2.05	0.0	0.0	0.0 	0.0 	101.0 	20.0 	0.0 	0.0 	0.0 	-0.0 	20.0 	0.0 	0.0 	0.0 	12.6781019024	-1.46870967742	131.761359934	-4.83343022673	
2.06666666667	0.0	0.0	0.0 	0.0 	101.333333333 	20.0 	0.0 	0.0 	0.0 	-0.0 	20.0 	0.0 	0.0 	0.0 	12.7684093153	-1.46870967742	131.549661052	-4.81174320638	
2.08333333333	0.0	0.0	0.0 	0.0 	101.666666667 	20.0 	0.0 	0.0 	0.0 	-0.0 	20.0 	0.0 	0.0 	0.0 	12.8567098968	-1.46870967742	131.336498156	-4.78990620834	
2.1	0.0	0.0	0.0 	0.0 	102.0 	20.0 	0.0 	0.0 	0.0 	-0.0 	20.0 	0.0 	0.0 	0.0 	12.9430482432	-1.46870967742	131.121903779	-4.76792256545	
2.11666666667	0.0	0.0	0.0 	0.0 	102.333333333 	20.0 	0.0 	0.0 	0.0 	-0.0 	20.0 	0.0 	0.0 	0.0 	13.0274679597	-1.46870967742	130.905909732	-4.74579553649	
2.13333333333	0.0	0.0	0.0 	0.0 	102.666666667 	20.0 	0.0 	0.0 	0.0 	-0.0 	20.0 	0.0 	0.0 	0.0 	13.1100116824	-1.46870967742	130.688547119	-4.7235283078	
2.15	0.0	0.0	0.0 	0.0 	103.0 	20.0 	0.0 	0.0 	0.0 	-0.0 	20.0 	0.0 	0.0 	0.0 	13.1907211002	-1.46870967742	130.469846352	-4.70112399495	
2.16666666667	0.0	0.0	0.0 	0.0 	103.333333333 	20.0 	0.0 	0.0 	0.0 	-0.0 	20.0 	0.0 	0.0 	0.0 	13.2696369754	-1.46870967742	130.249837168	-4.67858564424	
2.18333333333	0.0	0.0	0.0 	0.0 	103.666666667 	20.0 	0.0 	0.0 	0.0 	-0.0 	20.0 	0.0 	0.0 	0.0 	13.3467991645	-1.46870967742	130.028548644	-4.6559162343	
2.2	0.0	0.0	0.0 	0.0 	104.0 	20.0 	0.0 	0.0 	0.0 	-0.0 	20.0 	0.0 	0.0 	0.0 	13.4222466383	-1.46870967742	129.806009208	-4.63311867754	
2.21666666667	0.0	0.0	0.0 	0.0 	104.333333333 	20.0 	0.0 	0.0 	0.0 	-0.0 	20.0 	0.0 	0.0 	0.0 	13.4960175015	-1.46870967742	129.582246659	-4.61019582169	
2.23333333333	0.0	0.0	0.0 	0.0 	104.666666667 	20.0 	0.0 	0.0 	0.0 	-0.0 	20.0 	0.0 	0.0 	0.0 	13.5681490122	-1.46870967742	129.357288177	-4.58715045116	
2.25	0.0	0.0	0.0 	0.0 	105.0 	20.0 	0.0 	0.0 	0.0 	-0.0 	20.0 	0.0 	0.0 	0.0 	13.6386776005	-1.46870967742	129.131160339	-4.5639852885	
2.26666666667	0.0	0.0	0.0 	0.0 	105.333333333 	20.0 	0.0 	0.0 	0.0 	-0.0 	20.0 	0.0 	0.0 	0.0 	13.7076388868	-1.46870967742	128.903889129	-4.54070299576	
2.28333333333	0.0	0.0	0.0 	0.0 	105.666666667 	20.0 	0.0 	0.0 	0.0 	-0.0 	20.0 	0.0 	0.0 	0.0 	13.7750677	-1.46870967742	128.675499957	-4.51730617583	
2.3	0.0	0.0	0.0 	0.0 	106.0 	20.0 	0.0 	0.0 	0.0 	-0.0 	20.0 	0.0 	0.0 	0.0 	13.5399365173	-1.45164034695	128.451434471	-4.49048035392	
2.31666666667	0.0	0.0	0.0 	0.0 	106.333333333 	20.0 	0.0 	0.0 	0.0 	-0.0 	20.0 	0.0 	0.0 	0.0 	13.3048053345	-1.43427459472	128.231750986	-4.4603010549	
2.33333333333	0.0	0.0	0.0 	0.0 	106.666666667 	20.0 	0.0 	0.0 	0.0 	-0.0 	20.0 	0.0 	0.0 	0.0 	13.0696741517	-1.41660194361	128.016507485	-4.42684615459	
2.35	0.0	0.0	0.0 	0.0 	107.0 	20.0 	0.0 	0.0 	0.0 	-0.0 	20.0 	0.0 	0.0 	0.0 	12.8345429689	-1.39861135103	127.805761561	-4.39019595726	
2.36666666667	0.0	0.0	0.0 	0.0 	107.333333333 	20.0 	0.0 	0.0 	0.0 	-0.0 	20.0 	0.0 	0.0 	0.0 	12.5994117861	-1.38029116749	127.599570359	-4.35043327633	
2.38333333333	0.0	0.0	0.0 	0.0 	107.666666667 	20.0 	0.0 	0.0 	0.0 	-0.0 	20.0 	0.0 	0.0 	0.0 	12.3642806033	-1.36162909129	127.397990511	-4.30764351841	
2.4	0.0	0.0	0.0 	0.0 	108.0 	20.0 	0.0 	0.0 	0.0 	-0.0 	20.0 	0.0 	0.0 	0.0 	12.1291494205	-1.34261211891	127.201078066	-4.26191477077	
2.41666666667	0.0	0.0	0.0 	0.0 	108.333333333 	20.0 	0.0 	0.0 	0.0 	-0.0 	20.0 	0.0 	0.0 	0.0 	11.8940182377	-1.32322649056	127.008888415	-4.21333789247	
2.43333333333	0.0	0.0	0.0 	0.0 	108.665849167 	19.9019 	0.0 	0.0 	0.0 	-0.0 	19.95095 	-5.886 	0.0 	0.0 	11.6588870549	-1.30345763045	126.82147621	-4.16200660932	
2.45	0.0	0.0	0.0 	0.0 	108.99673 	19.8038 	0.0 	0.0 	0.0 	-0.0 	19.85285 	-5.886 	0.0 	0.0 	11.4237558721	-1.28329008086	126.638895272	-4.10801761275	
2.46666666667	0.0	0.0	0.0 	0.0 	109.325975833 	19.7057 	0.0 	0.0 	0.0 	-0.0 	19.75475 	-5.886 	0.0 	0.0 	11.1886246893	-1.26270742963	126.461198499	-4.0514706629	
2.48333333333	0.0	0.0	0.0 	0.0 	109.653586667 	19.6076 	0.0 	0.0 	0.0 	-0.0 	19.65665 	-5.886 	0.0 	0.0 	10.9534935065	-1.24169222988	126.288437758	-3.99246869596	
2.5	0.0	0.0	0.0 	0.0 	109.9795625 	19.5095 	0.0 	0.0 	0.0 	-0.0 	19.55855 	-5.886 	0.0 	0.0 	10.7183623237	-1.22022591115	126.120663775	-3.93111793607	
2.51666666667	0.0	0.0	0.0 	0.0 	110.303903333 	19.4114 	0.0 	0.0 	0.0 	-0.0 	19.46045 	-5.886 	0.0 	0.0 	10.4832311409	-1.19828868085	125.957926006	-3.8675280119	
2.53333333333	0.0	0.0	0.0 	0.0 	110.626609167 	19.3133 	0.0 	0.0 	0.0 	-0.0 	19.36235 	-5.886 	0.0 	0.0 	10.2480999581	-1.17585941456	125.800272509	-3.80181207805	
2.55	0.0	0.0	0.0 	0.0 	110.94768 	19.2152 	0.0 	0.0 	0.0 	-0.0 	19.26425 	-5.886 	0.0 	0.0 	10.0129687753	-1.15291553387	125.647749792	-3.73408694155	
2.56666666667	0.0	0.0	0.0 	0.0 	111.267115833 	19.1171 	0.0 	0.0 	0.0 	-0.0 	19.16615 	-5.886 	0.0 	0.0 	9.77783759252	-1.12943286973	125.500402657	-3.66447319351	
2.58333333333	0.0	0.0	0.0 	0.0 	111.584916667 	19.019 	0.0 	0.0 	0.0 	-0.0 	19.06805 	-5.886 	0.0 	0.0 	9.54270640972	-1.1053855095	125.358274022	-3.59309534623	
2.6	0.0	0.0	0.0 	0.0 	111.9010825 	18.9209 	0.0 	0.0 	0.0 	-0.0 	18.96995 	-5.886 	0.0 	0.0 	9.30757522693	-1.0807456251	125.221404733	-3.52008197567	
2.61666666667	0.0	0.0	0.0 	0.0 	112.215613333 	18.8228 	0.0 	0.0 	0.0 	-0.0 	18.87185 	-5.886 	0.0 	0.0 	9.07244404413	-1.05548327943	125.089833353	-3.44556586965	
2.63333333333	0.0	0.0	0.0 	0.0 	112.528509167 	18.7247 	0.0 	0.0 	0.0 	-0.0 	18.77375 	-5.886 	0.0 	0.0 	8.83731286134	-1.02956620773	124.963595935	-3.3696841817	
2.65	0.0	0.0	0.0 	0.0 	112.83977 	18.6266 	0.0 	0.0 	0.0 	-0.0 	18.67565 	-5.886 	0.0 	0.0 	8.60218167854	-1.00295956988	124.842725768	-3.29257859059	
2.66666666667	0.0	0.0	0.0 	0.0 	113.149395833 	18.5285 	0.0 	0.0 	0.0 	-0.0 	18.57755 	-5.886 	0.0 	0.0 	8.36705049575	-0.975625668837	124.727253104	-3.21439546558	
2.68333333333	0.0	0.0	0.0 	0.0 	113.457386667 	18.4304 	0.0 	0.0 	0.0 	-0.0 	18.47945 	-5.886 	0.0 	0.0 	8.13191931295	-0.947523629424	124.61720485	-3.13528603722	
2.7	0.0	0.0	0.0 	0.0 	113.7637425 	18.3323 	0.0 	0.0 	0.0 	-0.0 	18.38135 	-5.886 	0.0 	0.0 	7.89678813016	-0.918609030823	124.512604235	-3.05540657339	
2.71666666667	0.0	0.0	0.0 	0.0 	114.068463333 	18.2342 	0.0 	0.0 	0.0 	-0.0 	18.28325 	-5.886 	0.0 	0.0 	7.66165694736	-0.888833484243	124.413470438	-2.97491856042	
2.73333333333	0.0	0.0	0.0 	0.0 	114.371549167 	18.1361 	0.0 	0.0 	0.0 	-0.0 	18.18515 	-5.886 	0.0 	0.0 	7.42652576456	-0.858144145839	124.319818182	-2.89398888843	
2.75	0.0	0.0	0.0 	0.0 	114.673 	18.038 	0.0 	0.0 	0.0 	-0.0 	18.08705 	-5.886 	0.0 	0.0 	7.19139458177	-0.826483152496	124.231657273	-2.81279004038	
2.76666666667	0.0	0.0	0.0 	0.0 	114.972815833 	17.9399 	0.0 	0.0 	0.0 	-0.0 	17.98895 	-5.886 	0.0 	0.0 	6.95626339897	-0.79378696539	124.148992098	-2.73150028343	
2.78333333333	0.0	0.0	0.0 	0.0 	115.270996667 	17.8418 	0.0 	0.0 	0.0 	-0.0 	17.89085 	-5.886 	0.0 	0.0 	6.72113221618	-0.759985602602	124.071821065	-2.65030386131	
2.8	0.0	0.0	0.0 	0.0 	115.5675425 	17.7437 	0.0 	0.0 	0.0 	-0.0 	17.79275 	-5.886 	0.0 	0.0 	6.48600103338	-0.725001737499	124.000135972	-2.56939118546	
2.81666666667	0.0	0.0	0.0 	0.0 	115.862453333 	17.6456 	0.0 	0.0 	0.0 	-0.0 	17.69465 	-5.886 	0.0 	0.0 	6.25086985059	-0.688749633685	123.933921305	-2.48895902231	
2.83333333333	0.0	0.0	0.0 	0.0 	116.155729167 	17.5475 	0.0 	0.0 	0.0 	-0.0 	17.59655 	-5.886 	0.0 	0.0 	6.01573866779	-0.651133879652	123.873153453	-2.40921067296	
2.85	0.0	0.0	0.0 	0.0 	116.44737 	17.4494 	0.0 	0.0 	0.0 	-0.0 	17.49845 	-5.886 	0.0 	0.0 	5.78060748499	-0.612047876123	123.817799821	-2.33035614046	
2.86666666667	0.0	0.0	0.0 	0.0 	116.737375833 	17.3513 	0.0 	0.0 	0.0 	-0.0 	17.40035 	-5.886 	0.0 	0.0 	5.5454763022	-0.571372015773	123.767817829	-2.25261227824	
2.88333333333	0.0	0.0	0.0 	0.0 	117.025746667 	17.2532 	0.0 	0.0 	0.0 	-0.0 	17.30225 	-5.886 	0.0 	0.0 	5.3103451194	-0.528971477031	123.723153785	-2.17620291124	
2.9	0.0	0.0	0.0 	0.0 	117.3124825 	17.1551 	0.0 	0.0 	0.0 	-0.0 	17.20415 	-5.886 	0.0 	0.0 	5.07521393661	-0.484693529457	123.683741602	-2.10135891853	
2.91666666667	0.0	0.0	0.0 	0.0 	117.597583333 	17.057 	0.0 	0.0 	0.0 	-0.0 	17.10605 	-5.886 	0.0 	0.0 	4.84008275381	-0.438364214924	123.64950133	-2.02831826242	
2.93333333333	0.0	0.0	0.0 	0.0 	117.881049167 	16.9589 	0.0 	0.0 	0.0 	-0.0 	17.00795 	-5.886 	0.0 	0.0 	4.60495157102	-0.389784222647	123.620337494	-1.95732594407	
2.95	0.0	0.0	0.0 	0.0 	118.16288 	16.8608 	0.0 	0.0 	0.0 	-0.0 	16.90985 	-5.886 	0.0 	0.0 	4.36982038822	-0.338723711116	123.596137167	-1.88863385888	
2.96666666667	0.0	0.0	0.0 	0.0 	118.443075833 	16.7627 	0.0 	0.0 	0.0 	-0.0 	16.81175 	-5.886 	0.0 	0.0 	4.13468920542	-0.284915736895	123.576767762	-1.82250051525	
2.98333333333	0.0	0.0	0.0 	0.0 	118.721636667 	16.6646 	0.0 	0.0 	0.0 	-0.0 	16.71365 	-5.886 	0.0 	0.0 	3.89955802263	-0.228047815	123.562074467	-1.75919056723	
3.0	0.0	0.0	0.0 	0.0 	118.9985625 	16.5665 	0.0 	0.0 	0.0 	-0.0 	16.61555 	-5.886 	0.0 	0.0 	3.66442683983	-0.167750934833	123.551877266	-1.69897409291	
3.01666666667	0.0	0.0	0.0 	0.0 	119.273853333 	16.4684 	0.0 	0.0 	0.0 	-0.0 	16.51745 	-5.886 	0.0 	0.0 	3.42929565704	-0.103585052125	123.545967452	-1.64212552348	
3.03333333333	0.0	0.0	0.0 	0.0 	119.547509167 	16.3703 	0.0 	0.0 	0.0 	-0.0 	16.41935 	-5.886 	0.0 	0.0 	3.19416447424	-0.0350196071151	123.544103526	-1.58892208922	
3.05	0.0	0.0	0.0 	0.0 	119.81953 	16.2722 	0.0 	0.0 	0.0 	-0.0 	16.32125 	-5.886 	0.0 	0.0 	2.95903329145	0.0385931278245	123.54600636	-1.5396415904	
3.06666666667	0.0	0.0	0.0 	0.0 	120.089915833 	16.1741 	0.0 	0.0 	0.0 	-0.0 	16.22315 	-5.886 	0.0 	0.0 	2.72390210865	0.118055289834	123.551353436	-1.49455921436	
3.08333333333	0.0	0.0	0.0 	0.0 	120.358666667 	16.076 	0.0 	0.0 	0.0 	-0.0 	16.12505 	-5.886 	0.0 	0.0 	2.48877092585	0.204376740979	123.559771991	-1.45394298432	
3.1	0.0	0.0	0.0 	0.0 	120.6257825 	15.9779 	0.0 	0.0 	0.0 	-0.0 	16.02695 	-5.886 	0.0 	0.0 	2.25363974306	0.29885356902	123.570830781	-1.41804721126	
3.11666666667	0.0	0.0	0.0 	0.0 	120.891263333 	15.8798 	0.0 	0.0 	0.0 	-0.0 	15.92885 	-5.886 	0.0 	0.0 	2.01850856026	0.403187539665	123.584030221	-1.38710296938	
3.13333333333	0.0	0.0	0.0 	0.0 	121.155109167 	15.7817 	0.0 	0.0 	0.0 	-0.0 	15.83075 	-5.886 	0.0 	0.0 	1.78337737747	0.51967512234	123.598790587	-1.36130402116	
3.15	0.0	0.0	0.0 	0.0 	121.41732 	15.6836 	0.0 	0.0 	0.0 	-0.0 	15.73265 	-5.886 	0.0 	0.0 	1.54824619467	0.651521127435	123.614438109	-1.34078557076	
3.16666666667	0.0	0.0	0.0 	0.0 	121.677895833 	15.5855 	0.0 	0.0 	0.0 	-0.0 	15.63455 	-5.886 	0.0 	0.0 	1.31311501188	0.803390502994	123.630189233	-1.32559128691	
3.18333333333	0.0	0.0	0.0 	0.0 	121.936836667 	15.4874 	0.0 	0.0 	0.0 	-0.0 	15.53645 	-5.886 	0.0 	0.0 	1.07798382908	0.982454165102	123.645134794	-1.31562024742	
3.2	0.0	0.0	0.0 	0.0 	122.1941425 	15.3893 	0.0 	0.0 	0.0 	-0.0 	15.43835 	-5.886 	0.0 	0.0 	0.842852646284	1.20057541744	123.658230581	-1.31053754558	
3.21666666667	0.0	0.0	0.0 	0.0 	122.449813333 	15.2912 	0.0 	0.0 	0.0 	-0.0 	15.34025 	-5.886 	0.0 	0.0 	0.607721463488	1.4724264206	123.668310306	-1.30954279332	
3.23333333333	0.0	0.0	0.0 	0.0 	122.703849167 	15.1931 	0.0 	0.0 	0.0 	-0.0 	15.24215 	-5.886 	0.0 	0.0 	0.372590280693	1.71731610879	123.674453607	-1.31044940542	
3.25	0.0	0.0	0.0 	0.0 	122.95625 	15.095 	0.0 	0.0 	0.0 	-0.0 	15.14405 	-5.886 	0.0 	0.0 	0.137459097897	1.94363163363	123.676587197	-1.31128391367	
3.26666666667	0.0	0.0	0.0 	0.0 	123.207015833 	14.9969 	0.0 	0.0 	0.0 	-0.0 	15.04595 	-5.886 	0.0 	0.0 	0.50644746203	2.15847437674	123.683611879	-1.31596374247	
3.28333333333	0.0	0.0	0.0 	0.0 	123.456146667 	14.8988 	0.0 	0.0 	0.0 	-0.0 	14.94785 	-5.886 	0.0 	0.0 	0.867236084737	2.337509996	123.694021524	-1.32599148046	
3.3	0.0	0.0	0.0 	0.0 	123.7036425 	14.8007 	0.0 	0.0 	0.0 	-0.0 	14.84975 	-5.886 	0.0 	0.0 	1.2200071825	2.48670634538	123.706406001	-1.34211829138	
3.31666666667	0.0	0.0	0.0 	0.0 	123.949503333 	14.7026 	0.0 	0.0 	0.0 	-0.0 	14.75165 	-5.886 	0.0 	0.0 	1.56493892253	2.61103663653	123.719603992	-1.36461496267	
3.33333333333	0.0	0.0	0.0 	0.0 	124.193729167 	14.6045 	0.0 	0.0 	0.0 	-0.0 	14.65355 	-5.886 	0.0 	0.0 	1.90220551278	2.71464521249	123.732732196	-1.39347249934	
3.35	0.0	0.0	0.0 	0.0 	124.43632 	14.5064 	0.0 	0.0 	0.0 	-0.0 	14.55545 	-5.886 	0.0 	0.0 	2.23197728991	2.80098569245	123.745159073	-1.42853507989	
3.36666666667	0.0	0.0	0.0 	0.0 	124.677275833 	14.4083 	0.0 	0.0 	0.0 	-0.0 	14.45735 	-5.886 	0.0 	0.0 	2.55442080534	2.87293609242	123.756459679	-1.46958157242	
3.38333333333	0.0	0.0	0.0 	0.0 	124.916596667 	14.3102 	0.0 	0.0 	0.0 	-0.0 	14.35925 	-5.886 	0.0 	0.0 	2.8696989093	2.93289475907	123.766369047	-1.51637208595	
3.4	0.0	0.0	0.0 	0.0 	125.1542825 	14.2121 	0.0 	0.0 	0.0 	-0.0 	14.26115 	-5.886 	0.0 	0.0 	3.17797083318	2.9828603146	123.774741232	-1.5686723996	
3.41666666667	0.0	0.0	0.0 	0.0 	125.390333333 	14.114 	0.0 	0.0 	0.0 	-0.0 	14.16305 	-5.886 	0.0 	0.0 	3.47939226986	3.02449827755	123.781516013	-1.62626517254	
3.43333333333	0.0	0.0	0.0 	0.0 	125.624749167 	14.0159 	0.0 	0.0 	0.0 	-0.0 	14.06495 	-5.886 	0.0 	0.0 	3.7741154524	3.05919658	123.786693022	-1.68895369339	
3.45	0.0	0.0	0.0 	0.0 	125.85753 	13.9178 	0.0 	0.0 	0.0 	-0.0 	13.96685 	-5.886 	0.0 	0.0 	4.06228923087	3.08811183205	123.790312206	-1.75656171237	
3.46666666667	0.0	0.0	0.0 	0.0 	126.088675833 	13.8197 	0.0 	0.0 	0.0 	-0.0 	13.86875 	-5.886 	0.0 	0.0 	4.34405914761	3.11220787542	123.792439386	-1.82893144255	
3.48333333333	0.0	0.0	0.0 	0.0 	126.318186667 	13.7216 	0.0 	0.0 	0.0 	-0.0 	13.77065 	-5.886 	0.0 	0.0 	4.61956751064	3.13228791157	123.793155774	-1.90592090147	
3.5	0.0	0.0	0.0 	0.0 	126.5460625 	13.6235 	0.0 	0.0 	0.0 	-0.0 	13.67255 	-5.886 	0.0 	0.0 	4.8889534656	3.14902127502	123.792550477	-1.98740121096	
3.51666666667	0.0	0.0	0.0 	0.0 	126.772303333 	13.5254 	0.0 	0.0 	0.0 	-0.0 	13.57445 	-5.886 	0.0 	0.0 	5.152353066	3.16296574456	123.790715255	-2.07325414913	
3.53333333333	0.0	0.0	0.0 	0.0 	126.996909167 	13.4273 	0.0 	0.0 	0.0 	-0.0 	13.47635 	-5.886 	0.0 	0.0 	5.40989934196	3.17458613585	123.787740937	-2.16337006716	
3.55	0.0	0.0	0.0 	0.0 	127.21988 	13.3292 	0.0 	0.0 	0.0 	-0.0 	13.37825 	-5.886 	0.0 	0.0 	5.66172236733	3.18426979525	123.783715057	-2.25764618706	
3.56666666667	0.0	0.0	0.0 	0.0 	127.441215833 	13.2311 	0.0 	0.0 	0.0 	-0.0 	13.28015 	-5.886 	0.0 	0.0 	5.90794932548	3.19233951143	123.778720371	-2.35598524962	
3.58333333333	0.0	0.0	0.0 	0.0 	127.660916667 	13.133 	0.0 	0.0 	0.0 	-0.0 	13.18205 	-5.886 	0.0 	0.0 	6.14870457344	3.1990642749	123.772834012	-2.45829446331	
3.6	0.0	0.0	0.0 	0.0 	127.8789825 	13.0349 	0.0 	0.0 	0.0 	-0.0 	13.08395 	-5.886 	0.0 	0.0 	6.38410970478	3.20466824447	123.766127103	-2.56448470045	
3.61666666667	0.0	0.0	0.0 	0.0 	128.095413333 	12.9368 	0.0 	0.0 	0.0 	-0.0 	12.98585 	-5.886 	0.0 	0.0 	6.61428361099	3.2093382191	123.758664675	-2.67446989069	
3.63333333333	0.0	0.0	0.0 	0.0 	128.310209167 	12.8387 	0.0 	0.0 	0.0 	-0.0 	12.88775 	-5.886 	0.0 	0.0 	6.83934254149	3.21322986463	123.7505058	-2.7881665685	
3.65	0.0	0.0	0.0 	0.0 	128.52337 	12.7406 	0.0 	0.0 	0.0 	-0.0 	12.78965 	-5.886 	0.0 	0.0 	7.05940016244	3.21647290257	123.74170387	-2.90549353846	
3.66666666667	0.0	0.0	0.0 	0.0 	128.734895833 	12.6425 	0.0 	0.0 	0.0 	-0.0 	12.69155 	-5.886 	0.0 	0.0 	7.27456761402	3.21917543419	123.732306951	-3.0263716295	
3.68333333333	0.0	0.0	0.0 	0.0 	128.944786667 	12.5444 	0.0 	0.0 	0.0 	-0.0 	12.59345 	-5.886 	0.0 	0.0 	7.48495356669	3.22142754387	123.722358186	-3.15072351528	
3.7	0.0	0.0	0.0 	0.0 	129.1530425 	12.4463 	0.0 	0.0 	0.0 	-0.0 	12.49535 	-5.886 	0.0 	0.0 	7.69066427596	3.22330430194	123.711896223	-3.27847358311	
3.71666666667	0.0	0.0	0.0 	0.0 	129.359663333 	12.3482 	0.0 	0.0 	0.0 	-0.0 	12.39725 	-5.886 	0.0 	0.0 	7.89180363613	3.224868267	123.700955632	-3.40954783805	
3.73333333333	0.0	0.0	0.0 	0.0 	129.564649167 	12.2501 	0.0 	0.0 	0.0 	-0.0 	12.29915 	-5.886 	0.0 	0.0 	8.08847323275	3.22617157121	123.689567316	-3.54387383224	
3.75	0.0	0.0	0.0 	0.0 	129.768 	12.152 	0.0 	0.0 	0.0 	-0.0 	12.20105 	-5.886 	0.0 	0.0 	8.28077239389	3.22725765806	123.677758898	-3.68138061183	
3.76666666667	0.0	0.0	0.0 	0.0 	129.969715833 	12.0539 	0.0 	0.0 	0.0 	-0.0 	12.10295 	-5.886 	0.0 	0.0 	8.46879824033	3.22816273043	123.665555079	-3.82199867626	
3.78333333333	0.0	0.0	0.0 	0.0 	130.169796667 	11.9558 	0.0 	0.0 	0.0 	-0.0 	12.00485 	-5.886 	0.0 	0.0 	8.65264573463	3.2289169574	123.652977973	-3.96565994578	
3.8	0.0	0.0	0.0 	0.0 	130.3682425 	11.8577 	0.0 	0.0 	0.0 	-0.0 	11.90675 	-5.886 	0.0 	0.0 	8.83240772906	3.22954547988	123.640047406	-4.11229773443	
3.81666666667	0.0	0.0	0.0 	0.0 	130.565053333 	11.7596 	0.0 	0.0 	0.0 	-0.0 	11.80865 	-5.886 	0.0 	0.0 	9.0081750125	3.23006924862	123.626781186	-4.2618467265	
3.83333333333	0.0	0.0	0.0 	0.0 	130.760229167 	11.6615 	0.0 	0.0 	0.0 	-0.0 	11.71055 	-5.886 	0.0 	0.0 	9.18003635631	3.23050572256	123.613195349	-4.41424295503	
3.85	0.0	0.0	0.0 	0.0 	130.95377 	11.5634 	0.0 	0.0 	0.0 	-0.0 	11.61245 	-5.886 	0.0 	0.0 	9.34807855914	3.23086945085	123.599304377	-4.56942378142	
3.86666666667	0.0	0.0	0.0 	0.0 	131.145675833 	11.4653 	0.0 	0.0 	0.0 	-0.0 	11.51435 	-5.886 	0.0 	0.0 	9.5123864908	3.23117255775	123.585121386	-4.72732787562	
3.88333333333	0.0	0.0	0.0 	0.0 	131.335946667 	11.3672 	0.0 	0.0 	0.0 	-0.0 	11.41625 	-5.886 	0.0 	0.0 	9.67304313509	3.23142514684	123.570658297	-4.88789519632	
3.9	0.0	0.0	0.0 	0.0 	131.5245825 	11.2691 	0.0 	0.0 	0.0 	-0.0 	11.31815 	-5.886 	0.0 	0.0 	9.83012963173	3.23163563775	123.555925987	-5.05106697109	
3.91666666667	0.0	0.0	0.0 	0.0 	131.711583333 	11.171 	0.0 	0.0 	0.0 	-0.0 	11.22005 	-5.886 	0.0 	0.0 	9.98372531734	3.23181104684	123.540934416	-5.21678567624	
3.93333333333	0.0	0.0	0.0 	0.0 	131.896949167 	11.0729 	0.0 	0.0 	0.0 	-0.0 	11.12195 	-5.886 	0.0 	0.0 	10.1339077655	3.23195722108	123.525692742	-5.38499501639	
3.95	0.0	0.0	0.0 	0.0 	132.08068 	10.9748 	0.0 	0.0 	0.0 	-0.0 	11.02385 	-5.886 	0.0 	0.0 	10.2807528259	3.23207903295	123.510209423	-5.55563990371	
3.96666666667	0.0	0.0	0.0 	0.0 	132.262775833 	10.8767 	0.0 	0.0 	0.0 	-0.0 	10.92575 	-5.886 	0.0 	0.0 	10.4243346627	3.23218054283	123.494492299	-5.72866643697	
3.98333333333	0.0	0.0	0.0 	0.0 	132.443236667 	10.7786 	0.0 	0.0 	0.0 	-0.0 	10.82765 	-5.886 	0.0 	0.0 	10.5647257921	3.23226513441	123.478548668	-5.90402188027	
4.0	0.0	0.0	0.0 	0.0 	132.6220625 	10.6805 	0.0 	0.0 	0.0 	-0.0 	10.72955 	-5.886 	0.0 	0.0 	10.7019971186	3.23233562739	123.462385354	-6.0816546417	
4.01666666667	0.0	0.0	0.0 	0.0 	132.799253333 	10.5824 	0.0 	0.0 	0.0 	-0.0 	10.63145 	-5.886 	0.0 	0.0 	10.8362179711	3.23239437154	123.44600876	-6.26151425182	
4.03333333333	0.0	0.0	0.0 	0.0 	132.974809167 	10.4843 	0.0 	0.0 	0.0 	-0.0 	10.53335 	-5.886 	0.0 	0.0 	10.9674561381	3.23244332499	123.429424916	-6.4435513422	
4.05	0.0	0.0	0.0 	0.0 	133.14873 	10.3862 	0.0 	0.0 	0.0 	-0.0 	10.43525 	-5.886 	0.0 	0.0 	11.0957779013	3.23248411954	123.412639524	-6.62771762387	
4.06666666667	0.0	0.0	0.0 	0.0 	133.321015833 	10.2881 	0.0 	0.0 	0.0 	-0.0 	10.33715 	-5.886 	0.0 	0.0 	11.2212480698	3.232518115	123.395657993	-6.81396586593	
4.08333333333	0.0	0.0	0.0 	0.0 	133.491666667 	10.19 	0.0 	0.0 	0.0 	-0.0 	10.23905 	-5.886 	0.0 	0.0 	11.3439300124	3.23254644455	123.378485469	-7.00224987423	
4.1	0.0	0.0	0.0 	0.0 	133.6606825 	10.0919 	0.0 	0.0 	0.0 	-0.0 	10.14095 	-5.886 	0.0 	0.0 	11.4638856895	3.2325700525	123.361126863	-7.19252447022	
4.11666666667	0.0	0.0	0.0 	0.0 	133.828063333 	9.9938 	0.0 	0.0 	0.0 	-0.0 	10.04285 	-5.886 	0.0 	0.0 	11.5811756849	3.2325897258	123.343586875	-7.38474547006	
4.13333333333	0.0	0.0	0.0 	0.0 	133.993809167 	9.8957 	0.0 	0.0 	0.0 	-0.0 	9.94475 	-5.886 	0.0 	0.0 	11.695859236	3.23260612021	123.325870013	-7.57886966382	
4.15	0.0	0.0	0.0 	0.0 	134.15792 	9.7976 	0.0 	0.0 	0.0 	-0.0 	9.84665 	-5.886 	0.0 	0.0 	11.8079942638	3.23261978222	123.307980612	-7.77485479513	
4.16666666667	0.0	0.0	0.0 	0.0 	134.320395833 	9.6995 	0.0 	0.0 	0.0 	-0.0 	9.74855 	-5.886 	0.0 	0.0 	11.917637402	3.23263116723	123.289922847	-7.97265954092	
4.18333333333	0.0	0.0	0.0 	0.0 	134.481236667 	9.6014 	0.0 	0.0 	0.0 	-0.0 	9.65045 	-5.886 	0.0 	0.0 	12.024844026	3.23264065474	123.271700747	-8.17224349161	
4.2	0.0	0.0	0.0 	0.0 	134.6404425 	9.5033 	0.0 	0.0 	0.0 	-0.0 	9.55235 	-5.886 	0.0 	0.0 	12.1296682806	3.232648561	123.253318208	-8.3735671315	
4.21666666667	0.0	0.0	0.0 	0.0 	134.798013333 	9.4052 	0.0 	0.0 	0.0 	-0.0 	9.45425 	-5.886 	0.0 	0.0 	12.2321631074	3.23265514955	123.234779	-8.57659181956	
4.23333333333	0.0	0.0	0.0 	0.0 	134.953949167 	9.3071 	0.0 	0.0 	0.0 	-0.0 	9.35615 	-5.886 	0.0 	0.0 	12.3323802713	3.23266064	123.216086778	-8.78127977052	
4.25	0.0	0.0	0.0 	0.0 	135.10825 	9.209 	0.0 	0.0 	0.0 	-0.0 	9.25805 	-5.886 	0.0 	0.0 	12.4303703871	3.23266521538	123.197245088	-8.9875940363	
4.26666666667	0.0	0.0	0.0 	0.0 	135.260915833 	9.1109 	0.0 	0.0 	0.0 	-0.0 	9.15995 	-5.886 	0.0 	0.0 	12.5261829448	3.2326690282	123.178257375	-9.19549848782	
4.28333333333	0.0	0.0	0.0 	0.0 	135.411946667 	9.0128 	0.0 	0.0 	0.0 	-0.0 	9.06185 	-5.886 	0.0 	0.0 	12.6198663346	3.23267220555	123.159126987	-9.40495779707	
4.3	0.0	0.0	0.0 	0.0 	135.5613425 	8.9147 	0.0 	0.0 	0.0 	-0.0 	8.96375 	-5.886 	0.0 	0.0 	12.7114678712	3.23267485334	123.139857182	-9.61593741962	
4.31666666667	0.0	0.0	0.0 	0.0 	135.709103333 	8.8166 	0.0 	0.0 	0.0 	-0.0 	8.86565 	-5.886 	0.0 	0.0 	12.8010338182	3.23267705983	123.120451132	-9.82840357745	
4.33333333333	0.0	0.0	0.0 	0.0 	135.855229167 	8.7185 	0.0 	0.0 	0.0 	-0.0 	8.76755 	-5.886 	0.0 	0.0 	12.8886094108	3.23267889857	123.100911926	-10.0423232421	
4.35	0.0	0.0	0.0 	0.0 	135.99972 	8.6204 	0.0 	0.0 	0.0 	-0.0 	8.66945 	-5.886 	0.0 	0.0 	12.9742388791	3.23268043085	123.081242575	-10.2576641181	
4.36666666667	0.0	0.0	0.0 	0.0 	136.142575833 	8.5223 	0.0 	0.0 	0.0 	-0.0 	8.57135 	-5.886 	0.0 	0.0 	13.0579654703	3.23268170776	123.061446016	-10.4743946271	
4.38333333333	0.0	0.0	0.0 	0.0 	136.283796667 	8.4242 	0.0 	0.0 	0.0 	-0.0 	8.47325 	-5.886 	0.0 	0.0 	13.1398314706	3.23268277185	123.041525111	-10.6924838916	
4.4	0.0	0.0	0.0 	0.0 	136.4233825 	8.3261 	0.0 	0.0 	0.0 	-0.0 	8.37515 	-5.886 	0.0 	0.0 	13.2198782264	3.23268365859	123.021482655	-10.9119017199	
4.41666666667	0.0	0.0	0.0 	0.0 	136.561333333 	8.228 	0.0 	0.0 	0.0 	-0.0 	8.27705 	-5.886 	0.0 	0.0 	13.2981461655	3.23268439753	123.001321376	-11.1326185908	
4.43333333333	0.0	0.0	0.0 	0.0 	136.697649167 	8.1299 	0.0 	0.0 	0.0 	-0.0 	8.17895 	-5.886 	0.0 	0.0 	13.374674817	3.23268501333	122.981043934	-11.3546056386	
4.45	0.0	0.0	0.0 	0.0 	136.83233 	8.0318 	0.0 	0.0 	0.0 	-0.0 	8.08085 	-5.886 	0.0 	0.0 	13.4495028318	3.23268552649	122.960652931	-11.5778346389	
4.46666666667	0.0	0.0	0.0 	0.0 	136.965375833 	7.9337 	0.0 	0.0 	0.0 	-0.0 	7.98275 	-5.886 	0.0 	0.0 	13.5226680019	3.23268595412	122.940150905	-11.8022779941	
4.48333333333	0.0	0.0	0.0 	0.0 	137.096786667 	7.8356 	0.0 	0.0 	0.0 	-0.0 	7.88465 	-5.886 	0.0 	0.0 	13.5942072792	3.23268631048	122.919540337	-12.0279087197	
4.5	0.0	0.0	0.0 	0.0 	137.2265625 	7.7375 	0.0 	0.0 	0.0 	-0.0 	7.78655 	-5.886 	0.0 	0.0 	13.6641567949	3.23268660745	122.898823648	-12.2547004307	
4.51666666667	0.0	0.0	0.0 	0.0 	137.354703333 	7.6394 	0.0 	0.0 	0.0 	-0.0 	7.68845 	-5.886 	0.0 	0.0 	13.7325518769	3.23268685492	122.878003207	-12.4826273282	
4.53333333333	0.0	0.0	0.0 	0.0 	137.481209167 	7.5413 	0.0 	0.0 	0.0 	-0.0 	7.59035 	-5.886 	0.0 	0.0 	13.7994270681	3.23268706115	122.857081327	-12.7116641867	
4.55	0.0	0.0	0.0 	0.0 	137.60608 	7.4432 	0.0 	0.0 	0.0 	-0.0 	7.49225 	-5.886 	0.0 	0.0 	13.8648161441	3.232687233	122.836060268	-12.9417863409	
4.56666666667	0.0	0.0	0.0 	0.0 	137.729315833 	7.3451 	0.0 	0.0 	0.0 	-0.0 	7.39415 	-5.886 	0.0 	0.0 	13.9287521294	3.23268737622	122.81494224	-13.1729696735	
4.58333333333	0.0	0.0	0.0 	0.0 	137.850916667 	7.247 	0.0 	0.0 	0.0 	-0.0 	7.29605 	-5.886 	0.0 	0.0 	13.991267315	3.23268749556	122.793729402	-13.4051906034	
4.6	0.0	0.0	0.0 	0.0 	137.9708825 	7.1489 	0.0 	0.0 	0.0 	-0.0 	7.19795 	-5.886 	0.0 	0.0 	14.0523932743	3.23268759501	122.772423865	-13.638426073	
4.61666666667	0.0	0.0	0.0 	0.0 	138.089213333 	7.0508 	0.0 	0.0 	0.0 	-0.0 	7.09985 	-5.886 	0.0 	0.0 	14.112160879	3.23268767789	122.751027692	-13.8726535374	
4.63333333333	0.0	0.0	0.0 	0.0 	138.205909167 	6.9527 	0.0 	0.0 	0.0 	-0.0 	7.00175 	-5.886 	0.0 	0.0 	14.1706003147	3.23268774696	122.729542899	-14.1078509524	
4.65	0.0	0.0	0.0 	0.0 	138.32097 	6.8546 	0.0 	0.0 	0.0 	-0.0 	6.90365 	-5.886 	0.0 	0.0 	14.2277410962	3.23268780451	122.707971459	-14.3439967639	
4.66666666667	0.0	0.0	0.0 	0.0 	138.434395833 	6.7565 	0.0 	0.0 	0.0 	-0.0 	6.80555 	-5.886 	0.0 	0.0 	14.2836120826	3.23268785247	122.686315298	-14.5810698964	
4.68333333333	0.0	0.0	0.0 	0.0 	138.546186667 	6.6584 	0.0 	0.0 	0.0 	-0.0 	6.70745 	-5.886 	0.0 	0.0 	14.3382414915	3.23268789244	122.664576301	-14.8190497431	
4.7	0.0	0.0	0.0 	0.0 	138.6563425 	6.5603 	0.0 	0.0 	0.0 	-0.0 	6.60935 	-5.886 	0.0 	0.0 	14.3916569136	3.23268792575	122.64275631	-15.0579161548	
4.71666666667	0.0	0.0	0.0 	0.0 	138.764863333 	6.4622 	0.0 	0.0 	0.0 	-0.0 	6.51125 	-5.886 	0.0 	0.0 	14.4438853262	3.2326879535	122.620857126	-15.2976494302	
4.73333333333	0.0	0.0	0.0 	0.0 	138.871749167 	6.3641 	0.0 	0.0 	0.0 	-0.0 	6.41315 	-5.886 	0.0 	0.0 	14.4949531075	3.23268797663	122.59888051	-15.5382303057	
4.75	0.0	0.0	0.0 	0.0 	138.977 	6.266 	0.0 	0.0 	0.0 	-0.0 	6.31505 	-5.886 	0.0 	0.0 	14.5448860492	3.23268799591	122.576828183	-15.7796399459	
4.76666666667	0.0	0.0	0.0 	0.0 	139.080615833 	6.1679 	0.0 	0.0 	0.0 	-0.0 	6.21695 	-5.886 	0.0 	0.0 	14.59370937	3.23268801197	122.554701829	-16.0218599338	
4.78333333333	0.0	0.0	0.0 	0.0 	139.182596667 	6.0698 	0.0 	0.0 	0.0 	-0.0 	6.11885 	-5.886 	0.0 	0.0 	14.6414477281	3.23268802536	122.532503092	-16.2648722617	
4.8	0.0	0.0	0.0 	0.0 	139.2829425 	5.9717 	0.0 	0.0 	0.0 	-0.0 	6.02075 	-5.886 	0.0 	0.0 	14.6881252338	3.23268803651	122.510233582	-16.5086593222	
4.81666666667	0.0	0.0	0.0 	0.0 	139.381653333 	5.8736 	0.0 	0.0 	0.0 	-0.0 	5.92265 	-5.886 	0.0 	0.0 	14.7337654615	3.23268804581	122.487894872	-16.7532038989	
4.83333333333	0.0	0.0	0.0 	0.0 	139.478729167 	5.7755 	0.0 	0.0 	0.0 	-0.0 	5.82455 	-5.886 	0.0 	0.0 	14.778391462	3.23268805355	122.4654885	-16.9984891582	
4.85	0.0	0.0	0.0 	0.0 	139.57417 	5.6774 	0.0 	0.0 	0.0 	-0.0 	5.72645 	-5.886 	0.0 	0.0 	14.8220257736	3.23268806001	122.44301597	-17.2444986406	
4.86666666667	0.0	0.0	0.0 	0.0 	139.667975833 	5.5793 	0.0 	0.0 	0.0 	-0.0 	5.62835 	-5.886 	0.0 	0.0 	14.8646904339	3.23268806539	122.420478752	-17.4912162521	
4.88333333333	0.0	0.0	0.0 	0.0 	139.760146667 	5.4812 	0.0 	0.0 	0.0 	-0.0 	5.53025 	-5.886 	0.0 	0.0 	14.9064069905	3.23268806987	122.397878285	-17.7386262567	
4.9	0.0	0.0	0.0 	0.0 	139.8506825 	5.3831 	0.0 	0.0 	0.0 	-0.0 	5.43215 	-5.886 	0.0 	0.0 	14.9471965126	3.2326880736	122.375215973	-17.9867132677	
4.91666666667	0.0	0.0	0.0 	0.0 	139.939583333 	5.285 	0.0 	0.0 	0.0 	-0.0 	5.33405 	-5.886 	0.0 	0.0 	14.9870796008	3.23268807672	122.352493191	-18.2354622407	
4.93333333333	0.0	0.0	0.0 	0.0 	140.026849167 	5.1869 	0.0 	0.0 	0.0 	-0.0 	5.23595 	-5.886 	0.0 	0.0 	15.0260763982	3.23268807931	122.329711283	-18.4848584654	
4.95	0.0	0.0	0.0 	0.0 	140.11248 	5.0888 	0.0 	0.0 	0.0 	-0.0 	5.13785 	-5.886 	0.0 	0.0 	15.0642066002	3.23268808147	122.306871563	-18.7348875584	
4.96666666667	0.0	0.0	0.0 	0.0 	140.196475833 	4.9907 	0.0 	0.0 	0.0 	-0.0 	5.03975 	-5.886 	0.0 	0.0 	15.1014894642	3.23268808327	122.283975316	-18.9855354559	
4.98333333333	0.0	0.0	0.0 	0.0 	140.278836667 	4.8926 	0.0 	0.0 	0.0 	-0.0 	4.94165 	-5.886 	0.0 	0.0 	15.1379438202	3.23268808478	122.261023799	-19.2367884069	
5.0	0.0	0.0	0.0 	0.0 	140.3595625 	4.7945 	0.0 	0.0 	0.0 	-0.0 	4.84355 	-5.886 	0.0 	0.0 	15.1735880794	3.23268808603	122.238018238	-19.4886329656	
5.01666666667	0.0	0.0	0.0 	0.0 	140.438653333 	4.6964 	0.0 	0.0 	0.0 	-0.0 	4.74545 	-5.886 	0.0 	0.0 	15.208440244	3.23268808707	122.214959836	-19.7410559852	
5.03333333333	0.0	0.0	0.0 	0.0 	140.516109167 	4.5983 	0.0 	0.0 	0.0 	-0.0 	4.64735 	-5.886 	0.0 	0.0 	15.242517916	3.23268808794	122.191849766	-19.994044611	
5.05	0.0	0.0	0.0 	0.0 	140.59193 	4.5002 	0.0 	0.0 	0.0 	-0.0 	4.54925 	-5.886 	0.0 	0.0 	15.2758383064	3.23268808866	122.168689178	-20.2475862741	
5.06666666667	0.0	0.0	0.0 	0.0 	140.666115833 	4.4021 	0.0 	0.0 	0.0 	-0.0 	4.45115 	-5.886 	0.0 	0.0 	15.3084182436	3.23268808927	122.145479193	-20.5016686846	
5.08333333333	0.0	0.0	0.0 	0.0 	140.738666667 	4.304 	0.0 	0.0 	0.0 	-0.0 	4.35305 	-5.886 	0.0 	0.0 	15.3402741823	3.23268808977	122.122220909	-20.756279826	
5.1	0.0	0.0	0.0 	0.0 	140.8095825 	4.2059 	0.0 	0.0 	0.0 	-0.0 	4.25495 	-5.886 	0.0 	0.0 	15.3714222112	3.23268809019	122.098915399	-21.0114079488	
5.11666666667	0.0	0.0	0.0 	0.0 	140.878863333 	4.1078 	0.0 	0.0 	0.0 	-0.0 	4.15685 	-5.886 	0.0 	0.0 	15.4018780617	3.23268809054	122.075563714	-21.2670415643	
5.13333333333	0.0	0.0	0.0 	0.0 	140.946509167 	4.0097 	0.0 	0.0 	0.0 	-0.0 	4.05875 	-5.886 	0.0 	0.0 	15.4316571156	3.23268809083	122.052166879	-21.5231694396	
5.15	0.0	0.0	0.0 	0.0 	141.01252 	3.9116 	0.0 	0.0 	0.0 	-0.0 	3.96065 	-5.886 	0.0 	0.0 	15.4607744126	3.23268809107	122.028725897	-21.7797805909	
5.16666666667	0.0	0.0	0.0 	0.0 	141.076895833 	3.8135 	0.0 	0.0 	0.0 	-0.0 	3.86255 	-5.886 	0.0 	0.0 	15.4892446587	3.23268809127	122.00524175	-22.0368642789	
5.18333333333	0.0	0.0	0.0 	0.0 	141.139636667 	3.7154 	0.0 	0.0 	0.0 	-0.0 	3.76445 	-5.886 	0.0 	0.0 	15.5170822326	3.23268809144	121.981715396	-22.2944100027	
5.2	0.0	0.0	0.0 	0.0 	141.2007425 	3.6173 	0.0 	0.0 	0.0 	-0.0 	3.66635 	-5.886 	0.0 	0.0 	15.5443011937	3.23268809158	121.958147775	-22.552407495	
5.21666666667	0.0	0.0	0.0 	0.0 	141.260213333 	3.5192 	0.0 	0.0 	0.0 	-0.0 	3.56825 	-5.886 	0.0 	0.0 	15.570915289	3.2326880917	121.934539802	-22.8108467162	
5.23333333333	0.0	0.0	0.0 	0.0 	141.318049167 	3.4211 	0.0 	0.0 	0.0 	-0.0 	3.47015 	-5.886 	0.0 	0.0 	15.59693796	3.23268809179	121.910892374	-23.0697178504	
5.25	0.0	0.0	0.0 	0.0 	141.37425 	3.323 	0.0 	0.0 	0.0 	-0.0 	3.37205 	-5.886 	0.0 	0.0 	15.6223823494	3.23268809188	121.887206369	-23.3290112994	
5.26666666667	0.0	0.0	0.0 	0.0 	141.428815833 	3.2249 	0.0 	0.0 	0.0 	-0.0 	3.27395 	-5.886 	0.0 	0.0 	15.647261308	3.23268809194	121.863482644	-23.5887176784	
5.28333333333	0.0	0.0	0.0 	0.0 	141.481746667 	3.1268 	0.0 	0.0 	0.0 	-0.0 	3.17585 	-5.886 	0.0 	0.0 	15.6715874008	3.232688092	121.839722036	-23.8488278112	
5.3	0.0	0.0	0.0 	0.0 	141.5330425 	3.0287 	0.0 	0.0 	0.0 	-0.0 	3.07775 	-5.886 	0.0 	0.0 	15.6953729137	3.23268809205	121.815925365	-24.1093327256	
5.31666666667	0.0	0.0	0.0 	0.0 	141.582703333 	2.9306 	0.0 	0.0 	0.0 	-0.0 	2.97965 	-5.886 	0.0 	0.0 	15.7186298597	3.23268809209	121.792093434	-24.3702236485	
5.33333333333	0.0	0.0	0.0 	0.0 	141.630729167 	2.8325 	0.0 	0.0 	0.0 	-0.0 	2.88155 	-5.886 	0.0 	0.0 	15.7413699847	3.23268809212	121.768227025	-24.631492002	
5.35	0.0	0.0	0.0 	0.0 	141.67712 	2.7344 	0.0 	0.0 	0.0 	-0.0 	2.78345 	-5.886 	0.0 	0.0 	15.7636047736	3.23268809215	121.744326904	-24.8931293988	
5.36666666667	0.0	0.0	0.0 	0.0 	141.721875833 	2.6363 	0.0 	0.0 	0.0 	-0.0 	2.68535 	-5.886 	0.0 	0.0 	15.785345456	3.23268809217	121.720393821	-25.155127638	
5.38333333333	0.0	0.0	0.0 	0.0 	141.764996667 	2.5382 	0.0 	0.0 	0.0 	-0.0 	2.58725 	-5.886 	0.0 	0.0 	15.8066030122	3.23268809219	121.696428508	-25.4174787007	
5.4	0.0	0.0	0.0 	0.0 	141.8064825 	2.4401 	0.0 	0.0 	0.0 	-0.0 	2.48915 	-5.886 	0.0 	0.0 	15.8273881783	3.2326880922	121.672431681	-25.6801747464	
5.41666666667	0.0	0.0	0.0 	0.0 	141.846333333 	2.342 	0.0 	0.0 	0.0 	-0.0 	2.39105 	-5.886 	0.0 	0.0 	15.8477114517	3.23268809222	121.648404041	-25.943208109	
5.43333333333	0.0	0.0	0.0 	0.0 	141.884549167 	2.2439 	0.0 	0.0 	0.0 	-0.0 	2.29295 	-5.886 	0.0 	0.0 	15.8675830969	3.23268809223	121.624346273	-26.2065712924	
5.45	0.0	0.0	0.0 	0.0 	141.92113 	2.1458 	0.0 	0.0 	0.0 	-0.0 	2.19485 	-5.886 	0.0 	0.0 	15.8870131499	3.23268809224	121.600259046	-26.4702569673	
5.46666666667	0.0	0.0	0.0 	0.0 	141.956075833 	2.0477 	0.0 	0.0 	0.0 	-0.0 	2.09675 	-5.886 	0.0 	0.0 	15.906011424	3.23268809224	121.576143014	-26.7342579672	
5.48333333333	0.0	0.0	0.0 	0.0 	141.989386667 	1.9496 	0.0 	0.0 	0.0 	-0.0 	1.99865 	-5.886 	0.0 	0.0 	15.9245875142	3.23268809225	121.551998818	-26.998567285	
5.5	0.0	0.0	0.0 	0.0 	142.0210625 	1.8515 	0.0 	0.0 	0.0 	-0.0 	1.90055 	-5.886 	0.0 	0.0 	15.9427508024	3.23268809226	121.527827083	-27.263178069	
5.51666666667	0.0	0.0	0.0 	0.0 	142.051103333 	1.7534 	0.0 	0.0 	0.0 	-0.0 	1.80245 	-5.886 	0.0 	0.0 	15.960510462	3.23268809226	121.503628422	-27.52808362	
5.53333333333	0.0	0.0	0.0 	0.0 	142.079509167 	1.6553 	0.0 	0.0 	0.0 	-0.0 	1.70435 	-5.886 	0.0 	0.0 	15.9778754625	3.23268809226	121.479403433	-27.7932773877	
5.55	0.0	0.0	0.0 	0.0 	142.10628 	1.5572 	0.0 	0.0 	0.0 	-0.0 	1.60625 	-5.886 	0.0 	0.0 	15.9948545741	3.23268809227	121.455152701	-28.0587529673	
5.56666666667	0.0	0.0	0.0 	0.0 	142.131415833 	1.4591 	0.0 	0.0 	0.0 	-0.0 	1.50815 	-5.886 	0.0 	0.0 	16.0114563721	3.23268809227	121.430876798	-28.3245040962	
5.58333333333	0.0	0.0	0.0 	0.0 	142.154916667 	1.361 	0.0 	0.0 	0.0 	-0.0 	1.41005 	-5.886 	0.0 	0.0 	16.0276892412	3.23268809227	121.406576283	-28.5905246511	
5.6	0.0	0.0	0.0 	0.0 	142.1767825 	1.2629 	0.0 	0.0 	0.0 	-0.0 	1.31195 	-5.886 	0.0 	0.0 	16.04356138	3.23268809227	121.382251704	-28.8568086449	
5.61666666667	0.0	0.0	0.0 	0.0 	142.197013333 	1.1648 	0.0 	0.0 	0.0 	-0.0 	1.21385 	-5.886 	0.0 	0.0 	16.0590808045	3.23268809227	121.357903595	-29.1233502232	
5.63333333333	0.0	0.0	0.0 	0.0 	142.215609167 	1.0667 	0.0 	0.0 	0.0 	-0.0 	1.11575 	-5.886 	0.0 	0.0 	16.0742553529	3.23268809228	121.333532478	-29.3901436621	
5.65	0.0	0.0	0.0 	0.0 	142.23257 	0.9686 	0.0 	0.0 	0.0 	-0.0 	1.01765 	-5.886 	0.0 	0.0 	16.0890926892	3.23268809228	121.309138866	-29.6571833645	
5.66666666667	0.0	0.0	0.0 	0.0 	142.23257 	0.0 	0.0 	0.0 	0.0 	0.0 	0.0 	0.0 	0.0 	0.0 	0.0	3.23268809228	121.309138866	-29.6571833645	
5.68333333333	0.0	0.0	0.0 	0.0 	142.23257 	0.0 	0.0 	0.0 	0.0 	0.0 	0.0 	0.0 	0.0 	0.0 	0.0	3.23268809228	121.309138866	-29.6571833645	
5.7	0.0	0.0	0.0 	0.0 	142.23257 	0.0 	0.0 	0.0 	0.0 	0.0 	0.0 	0.0 	0.0 	0.0 	0.0	3.23268809228	121.309138866	-29.6571833645	
5.71666666667	0.0	0.0	0.0 	0.0 	142.23257 	0.0 	0.0 	0.0 	0.0 	0.0 	0.0 	0.0 	0.0 	0.0 	0.0	3.23268809228	121.309138866	-29.6571833645	
5.73333333333	0.0	0.0	0.0 	0.0 	142.23257 	0.0 	0.0 	0.0 	0.0 	0.0 	0.0 	0.0 	0.0 	0.0 	0.0	3.23268809228	121.309138866	-29.6571833645	
5.75	0.0	0.0	0.0 	0.0 	142.23257 	0.0 	0.0 	0.0 	0.0 	0.0 	0.0 	0.0 	0.0 	0.0 	0.0	3.23268809228	121.309138866	-29.6571833645	
5.76666666667	0.0	0.0	0.0 	0.0 	142.23257 	0.0 	0.0 	0.0 	0.0 	0.0 	0.0 	0.0 	0.0 	0.0 	0.0	3.23268809228	121.309138866	-29.6571833645	
5.78333333333	0.0	0.0	0.0 	0.0 	142.23257 	0.0 	0.0 	0.0 	0.0 	0.0 	0.0 	0.0 	0.0 	0.0 	0.0	3.23268809228	121.309138866	-29.6571833645	
5.8	0.0	0.0	0.0 	0.0 	142.23257 	0.0 	0.0 	0.0 	0.0 	0.0 	0.0 	0.0 	0.0 	0.0 	0.0	3.23268809228	121.309138866	-29.6571833645	
5.81666666667	0.0	0.0	0.0 	0.0 	142.23257 	0.0 	0.0 	0.0 	0.0 	0.0 	0.0 	0.0 	0.0 	0.0 	0.0	3.23268809228	121.309138866	-29.6571833645	
5.83333333333	0.0	0.0	0.0 	0.0 	142.23257 	0.0 	0.0 	0.0 	0.0 	0.0 	0.0 	0.0 	0.0 	0.0 	0.0	3.23268809228	121.309138866	-29.6571833645	
5.85	0.0	0.0	0.0 	0.0 	142.23257 	0.0 	0.0 	0.0 	0.0 	0.0 	0.0 	0.0 	0.0 	0.0 	0.0	3.23268809228	121.309138866	-29.6571833645	
5.86666666667	0.0	0.0	0.0 	0.0 	142.23257 	0.0 	0.0 	0.0 	0.0 	0.0 	0.0 	0.0 	0.0 	0.0 	0.0	3.23268809228	121.309138866	-29.6571833645	
5.88333333333	0.0	0.0	0.0 	0.0 	142.23257 	0.0 	0.0 	0.0 	0.0 	0.0 	0.0 	0.0 	0.0 	0.0 	0.0	3.23268809228	121.309138866	-29.6571833645	
5.9	0.0	0.0	0.0 	0.0 	142.23257 	0.0 	0.0 	0.0 	0.0 	0.0 	0.0 	0.0 	0.0 	0.0 	0.0	3.23268809228	121.309138866	-29.6571833645	
5.91666666667	0.0	0.0	0.0 	0.0 	142.23257 	0.0 	0.0 	0.0 	0.0 	0.0 	0.0 	0.0 	0.0 	0.0 	0.0	3.23268809228	121.309138866	-29.6571833645	
5.93333333333	0.0	0.0	0.0 	0.0 	142.23257 	0.0 	0.0 	0.0 	0.0 	0.0 	0.0 	0.0 	0.0 	0.0 	0.0	3.23268809228	121.309138866	-29.6571833645	
5.95	0.0	0.0	0.0 	0.0 	142.23257 	0.0 	0.0 	0.0 	0.0 	0.0 	0.0 	0.0 	0.0 	0.0 	0.0	3.23268809228	121.309138866	-29.6571833645	
5.96666666667	0.0	0.0	0.0 	0.0 	142.23257 	0.0 	0.0 	0.0 	0.0 	0.0 	0.0 	0.0 	0.0 	0.0 	0.0	3.23268809228	121.309138866	-29.6571833645	
5.98333333333	0.0	0.0	0.0 	0.0 	142.23257 	0.0 	0.0 	0.0 	0.0 	0.0 	0.0 	0.0 	0.0 	0.0 	0.0	3.23268809228	121.309138866	-29.6571833645	
6.0	0.0	0.0	0.0 	0.0 	142.23257 	0.0 	0.0 	0.0 	0.0 	0.0 	0.0 	0.0 	0.0 	0.0 	0.0	3.23268809228	121.309138866	-29.6571833645	
6.01666666667	0.0	0.0	0.0 	0.0 	142.23257 	0.0 	0.0 	0.0 	0.0 	0.0 	0.0 	0.0 	0.0 	0.0 	0.0	3.23268809228	121.309138866	-29.6571833645	
6.03333333333	0.0	0.0	0.0 	0.0 	142.23257 	0.0 	0.0 	0.0 	0.0 	0.0 	0.0 	0.0 	0.0 	0.0 	0.0	3.23268809228	121.309138866	-29.6571833645	
6.05	0.0	0.0	0.0 	0.0 	142.23257 	0.0 	0.0 	0.0 	0.0 	0.0 	0.0 	0.0 	0.0 	0.0 	0.0	3.23268809228	121.309138866	-29.6571833645	
6.06666666667	0.0	0.0	0.0 	0.0 	142.23257 	0.0 	0.0 	0.0 	0.0 	0.0 	0.0 	0.0 	0.0 	0.0 	0.0	3.23268809228	121.309138866	-29.6571833645	
6.08333333333	0.0	0.0	0.0 	0.0 	142.23257 	0.0 	0.0 	0.0 	0.0 	0.0 	0.0 	0.0 	0.0 	0.0 	0.0	3.23268809228	121.309138866	-29.6571833645	
6.1	0.0	0.0	0.0 	0.0 	142.23257 	0.0 	0.0 	0.0 	0.0 	0.0 	0.0 	0.0 	0.0 	0.0 	0.0	3.23268809228	121.309138866	-29.6571833645	
6.11666666667	0.0	0.0	0.0 	0.0 	142.23257 	0.0 	0.0 	0.0 	0.0 	0.0 	0.0 	0.0 	0.0 	0.0 	0.0	3.23268809228	121.309138866	-29.6571833645	
6.13333333333	0.0	0.0	0.0 	0.0 	142.23257 	0.0 	0.0 	0.0 	0.0 	0.0 	0.0 	0.0 	0.0 	0.0 	0.0	3.23268809228	121.309138866	-29.6571833645	
6.15	0.0	0.0	0.0 	0.0 	142.23257 	0.0 	0.0 	0.0 	0.0 	0.0 	0.0 	0.0 	0.0 	0.0 	0.0	3.23268809228	121.309138866	-29.6571833645	
6.16666666667	0.0	0.0	0.0 	0.0 	142.23257 	0.0 	0.0 	0.0 	0.0 	0.0 	0.0 	0.0 	0.0 	0.0 	0.0	3.23268809228	121.309138866	-29.6571833645	
6.18333333333	0.0	0.0	0.0 	0.0 	142.23257 	0.0 	0.0 	0.0 	0.0 	0.0 	0.0 	0.0 	0.0 	0.0 	0.0	3.23268809228	121.309138866	-29.6571833645	
6.2	0.0	0.0	0.0 	0.0 	142.23257 	0.0 	0.0 	0.0 	0.0 	0.0 	0.0 	0.0 	0.0 	0.0 	0.0	3.23268809228	121.309138866	-29.6571833645	
6.21666666667	0.0	0.0	0.0 	0.0 	142.23257 	0.0 	0.0 	0.0 	0.0 	0.0 	0.0 	0.0 	0.0 	0.0 	0.0	3.23268809228	121.309138866	-29.6571833645	
6.23333333333	0.0	0.0	0.0 	0.0 	142.23257 	0.0 	0.0 	0.0 	0.0 	0.0 	0.0 	0.0 	0.0 	0.0 	0.0	3.23268809228	121.309138866	-29.6571833645	
6.25	0.0	0.0	0.0 	0.0 	142.23257 	0.0 	0.0 	0.0 	0.0 	0.0 	0.0 	0.0 	0.0 	0.0 	0.0	3.23268809228	121.309138866	-29.6571833645	
6.26666666667	0.0	0.0	0.0 	0.0 	142.23257 	0.0 	0.0 	0.0 	0.0 	0.0 	0.0 	0.0 	0.0 	0.0 	0.0	3.23268809228	121.309138866	-29.6571833645	
6.28333333333	0.0	0.0	0.0 	0.0 	142.23257 	0.0 	0.0 	0.0 	0.0 	0.0 	0.0 	0.0 	0.0 	0.0 	0.0	3.23268809228	121.309138866	-29.6571833645	
6.3	0.0	0.0	0.0 	0.0 	142.23257 	0.0 	0.0 	0.0 	0.0 	0.0 	0.0 	0.0 	0.0 	0.0 	0.0	3.23268809228	121.309138866	-29.6571833645	
6.31666666667	0.0	0.0	0.0 	0.0 	142.23257 	0.0 	0.0 	0.0 	0.0 	0.0 	0.0 	0.0 	0.0 	0.0 	0.0	3.23268809228	121.309138866	-29.6571833645	
6.33333333333	0.0	0.0	0.0 	0.0 	142.23257 	0.0 	0.0 	0.0 	0.0 	0.0 	0.0 	0.0 	0.0 	0.0 	0.0	3.23268809228	121.309138866	-29.6571833645	
6.35	0.0	0.0	0.0 	0.0 	142.23257 	0.0 	0.0 	0.0 	0.0 	0.0 	0.0 	0.0 	0.0 	0.0 	0.0	3.23268809228	121.309138866	-29.6571833645	
6.36666666667	0.0	0.0	0.0 	0.0 	142.23257 	0.0 	0.0 	0.0 	0.0 	0.0 	0.0 	0.0 	0.0 	0.0 	0.0	3.23268809228	121.309138866	-29.6571833645	
6.38333333333	0.0	0.0	0.0 	0.0 	142.23257 	0.0 	0.0 	0.0 	0.0 	0.0 	0.0 	0.0 	0.0 	0.0 	0.0	3.23268809228	121.309138866	-29.6571833645	
6.4	0.0	0.0	0.0 	0.0 	142.23257 	0.0 	0.0 	0.0 	0.0 	0.0 	0.0 	0.0 	0.0 	0.0 	0.0	3.23268809228	121.309138866	-29.6571833645	
6.41666666667	0.0	0.0	0.0 	0.0 	142.23257 	0.0 	0.0 	0.0 	0.0 	0.0 	0.0 	0.0 	0.0 	0.0 	0.0	3.23268809228	121.309138866	-29.6571833645	
6.43333333333	0.0	0.0	0.0 	0.0 	142.23257 	0.0 	0.0 	0.0 	0.0 	0.0 	0.0 	0.0 	0.0 	0.0 	0.0	3.23268809228	121.309138866	-29.6571833645	
6.45	0.0	0.0	0.0 	0.0 	142.23257 	0.0 	0.0 	0.0 	0.0 	0.0 	0.0 	0.0 	0.0 	0.0 	0.0	3.23268809228	121.309138866	-29.6571833645	
6.46666666667	0.0	0.0	0.0 	0.0 	142.23257 	0.0 	0.0 	0.0 	0.0 	0.0 	0.0 	0.0 	0.0 	0.0 	0.0	3.23268809228	121.309138866	-29.6571833645	
6.48333333333	0.0	0.0	0.0 	0.0 	142.23257 	0.0 	0.0 	0.0 	0.0 	0.0 	0.0 	0.0 	0.0 	0.0 	0.0	3.23268809228	121.309138866	-29.6571833645	
6.5	0.0	0.0	0.0 	0.0 	142.23257 	0.0 	0.0 	0.0 	0.0 	0.0 	0.0 	0.0 	0.0 	0.0 	0.0	3.23268809228	121.309138866	-29.6571833645	
6.51666666667	0.0	0.0	0.0 	0.0 	142.23257 	0.0 	0.0 	0.0 	0.0 	0.0 	0.0 	0.0 	0.0 	0.0 	0.0	3.23268809228	121.309138866	-29.6571833645	
6.53333333333	0.0	0.0	0.0 	0.0 	142.23257 	0.0 	0.0 	0.0 	0.0 	0.0 	0.0 	0.0 	0.0 	0.0 	0.0	3.23268809228	121.309138866	-29.6571833645	
6.55	0.0	0.0	0.0 	0.0 	142.23257 	0.0 	0.0 	0.0 	0.0 	0.0 	0.0 	0.0 	0.0 	0.0 	0.0	3.23268809228	121.309138866	-29.6571833645	
6.56666666667	0.0	0.0	0.0 	0.0 	142.23257 	0.0 	0.0 	0.0 	0.0 	0.0 	0.0 	0.0 	0.0 	0.0 	0.0	3.23268809228	121.309138866	-29.6571833645	
6.58333333333	0.0	0.0	0.0 	0.0 	142.23257 	0.0 	0.0 	0.0 	0.0 	0.0 	0.0 	0.0 	0.0 	0.0 	0.0	3.23268809228	121.309138866	-29.6571833645	
6.6	0.0	0.0	0.0 	0.0 	142.23257 	0.0 	0.0 	0.0 	0.0 	0.0 	0.0 	0.0 	0.0 	0.0 	0.0	3.23268809228	121.309138866	-29.6571833645	
6.61666666667	0.0	0.0	0.0 	0.0 	142.23257 	0.0 	0.0 	0.0 	0.0 	0.0 	0.0 	0.0 	0.0 	0.0 	0.0	3.23268809228	121.309138866	-29.6571833645	
6.63333333333	0.0	0.0	0.0 	0.0 	142.23257 	0.0 	0.0 	0.0 	0.0 	0.0 	0.0 	0.0 	0.0 	0.0 	0.0	3.23268809228	121.309138866	-29.6571833645	
6.65	0.0	0.0	0.0 	0.0 	142.23257 	0.0 	0.0 	0.0 	0.0 	0.0 	0.0 	0.0 	0.0 	0.0 	0.0	3.23268809228	121.309138866	-29.6571833645	
6.66666666667	0.0	0.0	0.0 	0.0 	142.23257 	0.0 	0.0 	0.0 	0.0 	0.0 	0.0 	0.0 	0.0 	0.0 	0.0	3.23268809228	121.309138866	-29.6571833645	
6.68333333333	0.0	0.0	0.0 	0.0 	142.23257 	0.0 	0.0 	0.0 	0.0 	0.0 	0.0 	0.0 	0.0 	0.0 	0.0	3.23268809228	121.309138866	-29.6571833645	
6.7	0.0	0.0	0.0 	0.0 	142.23257 	0.0 	0.0 	0.0 	0.0 	0.0 	0.0 	0.0 	0.0 	0.0 	0.0	3.23268809228	121.309138866	-29.6571833645	
6.71666666667	0.0	0.0	0.0 	0.0 	142.23257 	0.0 	0.0 	0.0 	0.0 	0.0 	0.0 	0.0 	0.0 	0.0 	0.0	3.23268809228	121.309138866	-29.6571833645	
6.73333333333	0.0	0.0	0.0 	0.0 	142.23257 	0.0 	0.0 	0.0 	0.0 	0.0 	0.0 	0.0 	0.0 	0.0 	0.0	3.23268809228	121.309138866	-29.6571833645	
6.75	0.0	0.0	0.0 	0.0 	142.23257 	0.0 	0.0 	0.0 	0.0 	0.0 	0.0 	0.0 	0.0 	0.0 	0.0	3.23268809228	121.309138866	-29.6571833645	
6.76666666667	0.0	0.0	0.0 	0.0 	142.23257 	0.0 	0.0 	0.0 	0.0 	0.0 	0.0 	0.0 	0.0 	0.0 	0.0	3.23268809228	121.309138866	-29.6571833645	
6.78333333333	0.0	0.0	0.0 	0.0 	142.23257 	0.0 	0.0 	0.0 	0.0 	0.0 	0.0 	0.0 	0.0 	0.0 	0.0	3.23268809228	121.309138866	-29.6571833645	
6.8	0.0	0.0	0.0 	0.0 	142.23257 	0.0 	0.0 	0.0 	0.0 	0.0 	0.0 	0.0 	0.0 	0.0 	0.0	3.23268809228	121.309138866	-29.6571833645	
6.81666666667	0.0	0.0	0.0 	0.0 	142.23257 	0.0 	0.0 	0.0 	0.0 	0.0 	0.0 	0.0 	0.0 	0.0 	0.0	3.23268809228	121.309138866	-29.6571833645	
6.83333333333	0.0	0.0	0.0 	0.0 	142.23257 	0.0 	0.0 	0.0 	0.0 	0.0 	0.0 	0.0 	0.0 	0.0 	0.0	3.23268809228	121.309138866	-29.6571833645	
6.85	0.0	0.0	0.0 	0.0 	142.23257 	0.0 	0.0 	0.0 	0.0 	0.0 	0.0 	0.0 	0.0 	0.0 	0.0	3.23268809228	121.309138866	-29.6571833645	
6.86666666667	0.0	0.0	0.0 	0.0 	142.23257 	0.0 	0.0 	0.0 	0.0 	0.0 	0.0 	0.0 	0.0 	0.0 	0.0	3.23268809228	121.309138866	-29.6571833645	
6.88333333333	0.0	0.0	0.0 	0.0 	142.23257 	0.0 	0.0 	0.0 	0.0 	0.0 	0.0 	0.0 	0.0 	0.0 	0.0	3.23268809228	121.309138866	-29.6571833645	
6.9	0.0	0.0	0.0 	0.0 	142.23257 	0.0 	0.0 	0.0 	0.0 	0.0 	0.0 	0.0 	0.0 	0.0 	0.0	3.23268809228	121.309138866	-29.6571833645	
6.91666666667	0.0	0.0	0.0 	0.0 	142.23257 	0.0 	0.0 	0.0 	0.0 	0.0 	0.0 	0.0 	0.0 	0.0 	0.0	3.23268809228	121.309138866	-29.6571833645	
6.93333333333	0.0	0.0	0.0 	0.0 	142.23257 	0.0 	0.0 	0.0 	0.0 	0.0 	0.0 	0.0 	0.0 	0.0 	0.0	3.23268809228	121.309138866	-29.6571833645	
6.95	0.0	0.0	0.0 	0.0 	142.23257 	0.0 	0.0 	0.0 	0.0 	0.0 	0.0 	0.0 	0.0 	0.0 	0.0	3.23268809228	121.309138866	-29.6571833645	
6.96666666667	0.0	0.0	0.0 	0.0 	142.23257 	0.0 	0.0 	0.0 	0.0 	0.0 	0.0 	0.0 	0.0 	0.0 	0.0	3.23268809228	121.309138866	-29.6571833645	
6.98333333333	0.0	0.0	0.0 	0.0 	142.23257 	0.0 	0.0 	0.0 	0.0 	0.0 	0.0 	0.0 	0.0 	0.0 	0.0	3.23268809228	121.309138866	-29.6571833645	
7.0	0.0	0.0	0.0 	0.0 	142.23257 	0.0 	0.0 	0.0 	0.0 	0.0 	0.0 	0.0 	0.0 	0.0 	0.0	3.23268809228	121.309138866	-29.6571833645	
7.01666666667	0.0	0.0	0.0 	0.0 	142.23257 	0.0 	0.0 	0.0 	0.0 	0.0 	0.0 	0.0 	0.0 	0.0 	0.0	3.23268809228	121.309138866	-29.6571833645	
7.03333333333	0.0	0.0	0.0 	0.0 	142.23257 	0.0 	0.0 	0.0 	0.0 	0.0 	0.0 	0.0 	0.0 	0.0 	0.0	3.23268809228	121.309138866	-29.6571833645	
7.05	0.0	0.0	0.0 	0.0 	142.23257 	0.0 	0.0 	0.0 	0.0 	0.0 	0.0 	0.0 	0.0 	0.0 	0.0	3.23268809228	121.309138866	-29.6571833645	
7.06666666667	0.0	0.0	0.0 	0.0 	142.23257 	0.0 	0.0 	0.0 	0.0 	0.0 	0.0 	0.0 	0.0 	0.0 	0.0	3.23268809228	121.309138866	-29.6571833645	
7.08333333333	0.0	0.0	0.0 	0.0 	142.23257 	0.0 	0.0 	0.0 	0.0 	0.0 	0.0 	0.0 	0.0 	0.0 	0.0	3.23268809228	121.309138866	-29.6571833645	
7.1	0.0	0.0	0.0 	0.0 	142.23257 	0.0 	0.0 	0.0 	0.0 	0.0 	0.0 	0.0 	0.0 	0.0 	0.0	3.23268809228	121.309138866	-29.6571833645	
7.11666666667	0.0	0.0	0.0 	0.0 	142.23257 	0.0 	0.0 	0.0 	0.0 	0.0 	0.0 	0.0 	0.0 	0.0 	0.0	3.23268809228	121.309138866	-29.6571833645	
7.13333333333	0.0	0.0	0.0 	0.0 	142.23257 	0.0 	0.0 	0.0 	0.0 	0.0 	0.0 	0.0 	0.0 	0.0 	0.0	3.23268809228	121.309138866	-29.6571833645	
7.15	0.0	0.0	0.0 	0.0 	142.23257 	0.0 	0.0 	0.0 	0.0 	0.0 	0.0 	0.0 	0.0 	0.0 	0.0	3.23268809228	121.309138866	-29.6571833645	
7.16666666667	0.0	0.0	0.0 	0.0 	142.23257 	0.0 	0.0 	0.0 	0.0 	0.0 	0.0 	0.0 	0.0 	0.0 	0.0	3.23268809228	121.309138866	-29.6571833645	
7.18333333333	0.0	0.0	0.0 	0.0 	142.23257 	0.0 	0.0 	0.0 	0.0 	0.0 	0.0 	0.0 	0.0 	0.0 	0.0	3.23268809228	121.309138866	-29.6571833645	
7.2	0.0	0.0	0.0 	0.0 	142.23257 	0.0 	0.0 	0.0 	0.0 	0.0 	0.0 	0.0 	0.0 	0.0 	0.0	3.23268809228	121.309138866	-29.6571833645	
7.21666666667	0.0	0.0	0.0 	0.0 	142.23257 	0.0 	0.0 	0.0 	0.0 	0.0 	0.0 	0.0 	0.0 	0.0 	0.0	3.23268809228	121.309138866	-29.6571833645	
7.23333333333	0.0	0.0	0.0 	0.0 	142.23257 	0.0 	0.0 	0.0 	0.0 	0.0 	0.0 	0.0 	0.0 	0.0 	0.0	3.23268809228	121.309138866	-29.6571833645	
7.25	0.0	0.0	0.0 	0.0 	142.23257 	0.0 	0.0 	0.0 	0.0 	0.0 	0.0 	0.0 	0.0 	0.0 	0.0	3.23268809228	121.309138866	-29.6571833645	
7.26666666667	0.0	0.0	0.0 	0.0 	142.23257 	0.0 	0.0 	0.0 	0.0 	0.0 	0.0 	0.0 	0.0 	0.0 	0.0	3.23268809228	121.309138866	-29.6571833645	
7.28333333333	0.0	0.0	0.0 	0.0 	142.23257 	0.0 	0.0 	0.0 	0.0 	0.0 	0.0 	0.0 	0.0 	0.0 	0.0	3.23268809228	121.309138866	-29.6571833645	
7.3	0.0	0.0	0.0 	0.0 	142.23257 	0.0 	0.0 	0.0 	0.0 	0.0 	0.0 	0.0 	0.0 	0.0 	0.0	3.23268809228	121.309138866	-29.6571833645	
7.31666666667	0.0	0.0	0.0 	0.0 	142.23257 	0.0 	0.0 	0.0 	0.0 	0.0 	0.0 	0.0 	0.0 	0.0 	0.0	3.23268809228	121.309138866	-29.6571833645	
7.33333333333	0.0	0.0	0.0 	0.0 	142.23257 	0.0 	0.0 	0.0 	0.0 	0.0 	0.0 	0.0 	0.0 	0.0 	0.0	3.23268809228	121.309138866	-29.6571833645	
7.35	0.0	0.0	0.0 	0.0 	142.23257 	0.0 	0.0 	0.0 	0.0 	0.0 	0.0 	0.0 	0.0 	0.0 	0.0	3.23268809228	121.309138866	-29.6571833645	
7.36666666667	0.0	0.0	0.0 	0.0 	142.23257 	0.0 	0.0 	0.0 	0.0 	0.0 	0.0 	0.0 	0.0 	0.0 	0.0	3.23268809228	121.309138866	-29.6571833645	
7.38333333333	0.0	0.0	0.0 	0.0 	142.23257 	0.0 	0.0 	0.0 	0.0 	0.0 	0.0 	0.0 	0.0 	0.0 	0.0	3.23268809228	121.309138866	-29.6571833645	
7.4	0.0	0.0	0.0 	0.0 	142.23257 	0.0 	0.0 	0.0 	0.0 	0.0 	0.0 	0.0 	0.0 	0.0 	0.0	3.23268809228	121.309138866	-29.6571833645	
7.41666666667	0.0	0.0	0.0 	0.0 	142.23257 	0.0 	0.0 	0.0 	0.0 	0.0 	0.0 	0.0 	0.0 	0.0 	0.0	3.23268809228	121.309138866	-29.6571833645	
7.43333333333	0.0	0.0	0.0 	0.0 	142.23257 	0.0 	0.0 	0.0 	0.0 	0.0 	0.0 	0.0 	0.0 	0.0 	0.0	3.23268809228	121.309138866	-29.6571833645	
7.45	0.0	0.0	0.0 	0.0 	142.23257 	0.0 	0.0 	0.0 	0.0 	0.0 	0.0 	0.0 	0.0 	0.0 	0.0	3.23268809228	121.309138866	-29.6571833645	
7.46666666667	0.0	0.0	0.0 	0.0 	142.23257 	0.0 	0.0 	0.0 	0.0 	0.0 	0.0 	0.0 	0.0 	0.0 	0.0	3.23268809228	121.309138866	-29.6571833645	
7.48333333333	0.0	0.0	0.0 	0.0 	142.23257 	0.0 	0.0 	0.0 	0.0 	0.0 	0.0 	0.0 	0.0 	0.0 	0.0	3.23268809228	121.309138866	-29.6571833645	
7.5	0.0	0.0	0.0 	0.0 	142.23257 	0.0 	0.0 	0.0 	0.0 	0.0 	0.0 	0.0 	0.0 	0.0 	0.0	3.23268809228	121.309138866	-29.6571833645	
7.51666666667	0.0	0.0	0.0 	0.0 	142.23257 	0.0 	0.0 	0.0 	0.0 	0.0 	0.0 	0.0 	0.0 	0.0 	0.0	3.23268809228	121.309138866	-29.6571833645	
7.53333333333	0.0	0.0	0.0 	0.0 	142.23257 	0.0 	0.0 	0.0 	0.0 	0.0 	0.0 	0.0 	0.0 	0.0 	0.0	3.23268809228	121.309138866	-29.6571833645	
7.55	0.0	0.0	0.0 	0.0 	142.23257 	0.0 	0.0 	0.0 	0.0 	0.0 	0.0 	0.0 	0.0 	0.0 	0.0	3.23268809228	121.309138866	-29.6571833645	
7.56666666667	0.0	0.0	0.0 	0.0 	142.23257 	0.0 	0.0 	0.0 	0.0 	0.0 	0.0 	0.0 	0.0 	0.0 	0.0	3.23268809228	121.309138866	-29.6571833645	
7.58333333333	0.0	0.0	0.0 	0.0 	142.23257 	0.0 	0.0 	0.0 	0.0 	0.0 	0.0 	0.0 	0.0 	0.0 	0.0	3.23268809228	121.309138866	-29.6571833645	
7.6	0.0	0.0	0.0 	0.0 	142.23257 	0.0 	0.0 	0.0 	0.0 	0.0 	0.0 	0.0 	0.0 	0.0 	0.0	3.23268809228	121.309138866	-29.6571833645	
7.61666666667	0.0	0.0	0.0 	0.0 	142.23257 	0.0 	0.0 	0.0 	0.0 	0.0 	0.0 	0.0 	0.0 	0.0 	0.0	3.23268809228	121.309138866	-29.6571833645	
7.63333333333	0.0	0.0	0.0 	0.0 	142.23257 	0.0 	0.0 	0.0 	0.0 	0.0 	0.0 	0.0 	0.0 	0.0 	0.0	3.23268809228	121.309138866	-29.6571833645	
7.65	0.0	0.0	0.0 	0.0 	142.23257 	0.0 	0.0 	0.0 	0.0 	0.0 	0.0 	0.0 	0.0 	0.0 	0.0	3.23268809228	121.309138866	-29.6571833645	
7.66666666667	0.0	0.0	0.0 	0.0 	142.23257 	0.0 	0.0 	0.0 	0.0 	0.0 	0.0 	0.0 	0.0 	0.0 	0.0	3.23268809228	121.309138866	-29.6571833645	
7.68333333333	0.0	0.0	0.0 	0.0 	142.23257 	0.0 	0.0 	0.0 	0.0 	0.0 	0.0 	0.0 	0.0 	0.0 	0.0	3.23268809228	121.309138866	-29.6571833645	
7.7	0.0	0.0	0.0 	0.0 	142.23257 	0.0 	0.0 	0.0 	0.0 	0.0 	0.0 	0.0 	0.0 	0.0 	0.0	3.23268809228	121.309138866	-29.6571833645	
7.71666666667	0.0	0.0	0.0 	0.0 	142.23257 	0.0 	0.0 	0.0 	0.0 	0.0 	0.0 	0.0 	0.0 	0.0 	0.0	3.23268809228	121.309138866	-29.6571833645	
7.73333333333	0.0	0.0	0.0 	0.0 	142.23257 	0.0 	0.0 	0.0 	0.0 	0.0 	0.0 	0.0 	0.0 	0.0 	0.0	3.23268809228	121.309138866	-29.6571833645	
7.75	0.0	0.0	0.0 	0.0 	142.23257 	0.0 	0.0 	0.0 	0.0 	0.0 	0.0 	0.0 	0.0 	0.0 	0.0	3.23268809228	121.309138866	-29.6571833645	
7.76666666667	0.0	0.0	0.0 	0.0 	142.23257 	0.0 	0.0 	0.0 	0.0 	0.0 	0.0 	0.0 	0.0 	0.0 	0.0	3.23268809228	121.309138866	-29.6571833645	
7.78333333333	0.0	0.0	0.0 	0.0 	142.23257 	0.0 	0.0 	0.0 	0.0 	0.0 	0.0 	0.0 	0.0 	0.0 	0.0	3.23268809228	121.309138866	-29.6571833645	
7.8	0.0	0.0	0.0 	0.0 	142.23257 	0.0 	0.0 	0.0 	0.0 	0.0 	0.0 	0.0 	0.0 	0.0 	0.0	3.23268809228	121.309138866	-29.6571833645	
7.81666666667	0.0	0.0	0.0 	0.0 	142.23257 	0.0 	0.0 	0.0 	0.0 	0.0 	0.0 	0.0 	0.0 	0.0 	0.0	3.23268809228	121.309138866	-29.6571833645	
7.83333333333	0.0	0.0	0.0 	0.0 	142.23257 	0.0 	0.0 	0.0 	0.0 	0.0 	0.0 	0.0 	0.0 	0.0 	0.0	3.23268809228	121.309138866	-29.6571833645	
7.85	0.0	0.0	0.0 	0.0 	142.23257 	0.0 	0.0 	0.0 	0.0 	0.0 	0.0 	0.0 	0.0 	0.0 	0.0	3.23268809228	121.309138866	-29.6571833645	
7.86666666667	0.0	0.0	0.0 	0.0 	142.23257 	0.0 	0.0 	0.0 	0.0 	0.0 	0.0 	0.0 	0.0 	0.0 	0.0	3.23268809228	121.309138866	-29.6571833645	
7.88333333333	0.0	0.0	0.0 	0.0 	142.23257 	0.0 	0.0 	0.0 	0.0 	0.0 	0.0 	0.0 	0.0 	0.0 	0.0	3.23268809228	121.309138866	-29.6571833645	
7.9	0.0	0.0	0.0 	0.0 	142.23257 	0.0 	0.0 	0.0 	0.0 	0.0 	0.0 	0.0 	0.0 	0.0 	0.0	3.23268809228	121.309138866	-29.6571833645	
7.91666666667	0.0	0.0	0.0 	0.0 	142.23257 	0.0 	0.0 	0.0 	0.0 	0.0 	0.0 	0.0 	0.0 	0.0 	0.0	3.23268809228	121.309138866	-29.6571833645	
7.93333333333	0.0	0.0	0.0 	0.0 	142.23257 	0.0 	0.0 	0.0 	0.0 	0.0 	0.0 	0.0 	0.0 	0.0 	0.0	3.23268809228	121.309138866	-29.6571833645	
7.95	0.0	0.0	0.0 	0.0 	142.23257 	0.0 	0.0 	0.0 	0.0 	0.0 	0.0 	0.0 	0.0 	0.0 	0.0	3.23268809228	121.309138866	-29.6571833645	
7.96666666667	0.0	0.0	0.0 	0.0 	142.23257 	0.0 	0.0 	0.0 	0.0 	0.0 	0.0 	0.0 	0.0 	0.0 	0.0	3.23268809228	121.309138866	-29.6571833645	
7.98333333333	0.0	0.0	0.0 	0.0 	142.23257 	0.0 	0.0 	0.0 	0.0 	0.0 	0.0 	0.0 	0.0 	0.0 	0.0	3.23268809228	121.309138866	-29.6571833645	
8.0	0.0	0.0	0.0 	0.0 	142.23257 	0.0 	0.0 	0.0 	0.0 	0.0 	0.0 	0.0 	0.0 	0.0 	0.0	3.23268809228	121.309138866	-29.6571833645	
8.01666666667	0.0	0.0	0.0 	0.0 	142.23257 	0.0 	0.0 	0.0 	0.0 	0.0 	0.0 	0.0 	0.0 	0.0 	0.0	3.23268809228	121.309138866	-29.6571833645	
8.03333333333	0.0	0.0	0.0 	0.0 	142.23257 	0.0 	0.0 	0.0 	0.0 	0.0 	0.0 	0.0 	0.0 	0.0 	0.0	3.23268809228	121.309138866	-29.6571833645	
8.05	0.0	0.0	0.0 	0.0 	142.23257 	0.0 	0.0 	0.0 	0.0 	0.0 	0.0 	0.0 	0.0 	0.0 	0.0	3.23268809228	121.309138866	-29.6571833645	
8.06666666667	0.0	0.0	0.0 	0.0 	142.23257 	0.0 	0.0 	0.0 	0.0 	0.0 	0.0 	0.0 	0.0 	0.0 	0.0	3.23268809228	121.309138866	-29.6571833645	
8.08333333333	0.0	0.0	0.0 	0.0 	142.23257 	0.0 	0.0 	0.0 	0.0 	0.0 	0.0 	0.0 	0.0 	0.0 	0.0	3.23268809228	121.309138866	-29.6571833645	
8.1	0.0	0.0	0.0 	0.0 	142.23257 	0.0 	0.0 	0.0 	0.0 	0.0 	0.0 	0.0 	0.0 	0.0 	0.0	3.23268809228	121.309138866	-29.6571833645	
8.11666666667	0.0	0.0	0.0 	0.0 	142.23257 	0.0 	0.0 	0.0 	0.0 	0.0 	0.0 	0.0 	0.0 	0.0 	0.0	3.23268809228	121.309138866	-29.6571833645	
8.13333333333	0.0	0.0	0.0 	0.0 	142.23257 	0.0 	0.0 	0.0 	0.0 	0.0 	0.0 	0.0 	0.0 	0.0 	0.0	3.23268809228	121.309138866	-29.6571833645	
8.15	0.0	0.0	0.0 	0.0 	142.23257 	0.0 	0.0 	0.0 	0.0 	0.0 	0.0 	0.0 	0.0 	0.0 	0.0	3.23268809228	121.309138866	-29.6571833645	
8.16666666667	0.0	0.0	0.0 	0.0 	142.23257 	0.0 	0.0 	0.0 	0.0 	0.0 	0.0 	0.0 	0.0 	0.0 	0.0	3.23268809228	121.309138866	-29.6571833645	
8.18333333333	0.0	0.0	0.0 	0.0 	142.23257 	0.0 	0.0 	0.0 	0.0 	0.0 	0.0 	0.0 	0.0 	0.0 	0.0	3.23268809228	121.309138866	-29.6571833645	
8.2	0.0	0.0	0.0 	0.0 	142.23257 	0.0 	0.0 	0.0 	0.0 	0.0 	0.0 	0.0 	0.0 	0.0 	0.0	3.23268809228	121.309138866	-29.6571833645	
8.21666666667	0.0	0.0	0.0 	0.0 	142.23257 	0.0 	0.0 	0.0 	0.0 	0.0 	0.0 	0.0 	0.0 	0.0 	0.0	3.23268809228	121.309138866	-29.6571833645	
8.23333333333	0.0	0.0	0.0 	0.0 	142.23257 	0.0 	0.0 	0.0 	0.0 	0.0 	0.0 	0.0 	0.0 	0.0 	0.0	3.23268809228	121.309138866	-29.6571833645	
8.25	0.0	0.0	0.0 	0.0 	142.23257 	0.0 	0.0 	0.0 	0.0 	0.0 	0.0 	0.0 	0.0 	0.0 	0.0	3.23268809228	121.309138866	-29.6571833645	
8.26666666667	0.0	0.0	0.0 	0.0 	142.23257 	0.0 	0.0 	0.0 	0.0 	0.0 	0.0 	0.0 	0.0 	0.0 	0.0	3.23268809228	121.309138866	-29.6571833645	
8.28333333333	0.0	0.0	0.0 	0.0 	142.23257 	0.0 	0.0 	0.0 	0.0 	0.0 	0.0 	0.0 	0.0 	0.0 	0.0	3.23268809228	121.309138866	-29.6571833645	
8.3	0.0	0.0	0.0 	0.0 	142.23257 	0.0 	0.0 	0.0 	0.0 	0.0 	0.0 	0.0 	0.0 	0.0 	0.0	3.23268809228	121.309138866	-29.6571833645	
8.31666666667	0.0	0.0	0.0 	0.0 	142.23257 	0.0 	0.0 	0.0 	0.0 	0.0 	0.0 	0.0 	0.0 	0.0 	0.0	3.23268809228	121.309138866	-29.6571833645	
8.33333333333	0.0	0.0	0.0 	0.0 	142.23257 	0.0 	0.0 	0.0 	0.0 	0.0 	0.0 	0.0 	0.0 	0.0 	0.0	3.23268809228	121.309138866	-29.6571833645	
8.35	0.0	0.0	0.0 	0.0 	142.23257 	0.0 	0.0 	0.0 	0.0 	0.0 	0.0 	0.0 	0.0 	0.0 	0.0	3.23268809228	121.309138866	-29.6571833645	
8.36666666667	0.0	0.0	0.0 	0.0 	142.23257 	0.0 	0.0 	0.0 	0.0 	0.0 	0.0 	0.0 	0.0 	0.0 	0.0	3.23268809228	121.309138866	-29.6571833645	
8.38333333333	0.0	0.0	0.0 	0.0 	142.23257 	0.0 	0.0 	0.0 	0.0 	0.0 	0.0 	0.0 	0.0 	0.0 	0.0	3.23268809228	121.309138866	-29.6571833645	
8.4	0.0	0.0	0.0 	0.0 	142.23257 	0.0 	0.0 	0.0 	0.0 	0.0 	0.0 	0.0 	0.0 	0.0 	0.0	3.23268809228	121.309138866	-29.6571833645	
8.41666666667	0.0	0.0	0.0 	0.0 	142.23257 	0.0 	0.0 	0.0 	0.0 	0.0 	0.0 	0.0 	0.0 	0.0 	0.0	3.23268809228	121.309138866	-29.6571833645	
8.43333333333	0.0	0.0	0.0 	0.0 	142.23257 	0.0 	0.0 	0.0 	0.0 	0.0 	0.0 	0.0 	0.0 	0.0 	0.0	3.23268809228	121.309138866	-29.6571833645	
8.45	0.0	0.0	0.0 	0.0 	142.23257 	0.0 	0.0 	0.0 	0.0 	0.0 	0.0 	0.0 	0.0 	0.0 	0.0	3.23268809228	121.309138866	-29.6571833645	
8.46666666667	0.0	0.0	0.0 	0.0 	142.23257 	0.0 	0.0 	0.0 	0.0 	0.0 	0.0 	0.0 	0.0 	0.0 	0.0	3.23268809228	121.309138866	-29.6571833645	
8.48333333333	0.0	0.0	0.0 	0.0 	142.23257 	0.0 	0.0 	0.0 	0.0 	0.0 	0.0 	0.0 	0.0 	0.0 	0.0	3.23268809228	121.309138866	-29.6571833645	
8.5	0.0	0.0	0.0 	0.0 	142.23257 	0.0 	0.0 	0.0 	0.0 	0.0 	0.0 	0.0 	0.0 	0.0 	0.0	3.23268809228	121.309138866	-29.6571833645	
8.51666666667	0.0	0.0	0.0 	0.0 	142.23257 	0.0 	0.0 	0.0 	0.0 	0.0 	0.0 	0.0 	0.0 	0.0 	0.0	3.23268809228	121.309138866	-29.6571833645	
8.53333333333	0.0	0.0	0.0 	0.0 	142.23257 	0.0 	0.0 	0.0 	0.0 	0.0 	0.0 	0.0 	0.0 	0.0 	0.0	3.23268809228	121.309138866	-29.6571833645	
8.55	0.0	0.0	0.0 	0.0 	142.23257 	0.0 	0.0 	0.0 	0.0 	0.0 	0.0 	0.0 	0.0 	0.0 	0.0	3.23268809228	121.309138866	-29.6571833645	
8.56666666667	0.0	0.0	0.0 	0.0 	142.23257 	0.0 	0.0 	0.0 	0.0 	0.0 	0.0 	0.0 	0.0 	0.0 	0.0	3.23268809228	121.309138866	-29.6571833645	
8.58333333333	0.0	0.0	0.0 	0.0 	142.23257 	0.0 	0.0 	0.0 	0.0 	0.0 	0.0 	0.0 	0.0 	0.0 	0.0	3.23268809228	121.309138866	-29.6571833645	
8.6	0.0	0.0	0.0 	0.0 	142.23257 	0.0 	0.0 	0.0 	0.0 	0.0 	0.0 	0.0 	0.0 	0.0 	0.0	3.23268809228	121.309138866	-29.6571833645	
8.61666666667	0.0	0.0	0.0 	0.0 	142.23257 	0.0 	0.0 	0.0 	0.0 	0.0 	0.0 	0.0 	0.0 	0.0 	0.0	3.23268809228	121.309138866	-29.6571833645	
8.63333333333	0.0	0.0	0.0 	0.0 	142.23257 	0.0 	0.0 	0.0 	0.0 	0.0 	0.0 	0.0 	0.0 	0.0 	0.0	3.23268809228	121.309138866	-29.6571833645	
8.65	0.0	0.0	0.0 	0.0 	142.23257 	0.0 	0.0 	0.0 	0.0 	0.0 	0.0 	0.0 	0.0 	0.0 	0.0	3.23268809228	121.309138866	-29.6571833645	
8.66666666667	0.0	0.0	0.0 	0.0 	142.23257 	0.0 	0.0 	0.0 	0.0 	0.0 	0.0 	0.0 	0.0 	0.0 	0.0	3.23268809228	121.309138866	-29.6571833645	
8.68333333333	0.0	0.0	0.0 	0.0 	142.23257 	0.0 	0.0 	0.0 	0.0 	0.0 	0.0 	0.0 	0.0 	0.0 	0.0	3.23268809228	121.309138866	-29.6571833645	
8.7	0.0	0.0	0.0 	0.0 	142.23257 	0.0 	0.0 	0.0 	0.0 	0.0 	0.0 	0.0 	0.0 	0.0 	0.0	3.23268809228	121.309138866	-29.6571833645	
8.71666666667	0.0	0.0	0.0 	0.0 	142.23257 	0.0 	0.0 	0.0 	0.0 	0.0 	0.0 	0.0 	0.0 	0.0 	0.0	3.23268809228	121.309138866	-29.6571833645	
8.73333333333	0.0	0.0	0.0 	0.0 	142.23257 	0.0 	0.0 	0.0 	0.0 	0.0 	0.0 	0.0 	0.0 	0.0 	0.0	3.23268809228	121.309138866	-29.6571833645	
8.75	0.0	0.0	0.0 	0.0 	142.23257 	0.0 	0.0 	0.0 	0.0 	0.0 	0.0 	0.0 	0.0 	0.0 	0.0	3.23268809228	121.309138866	-29.6571833645	
8.76666666667	0.0	0.0	0.0 	0.0 	142.23257 	0.0 	0.0 	0.0 	0.0 	0.0 	0.0 	0.0 	0.0 	0.0 	0.0	3.23268809228	121.309138866	-29.6571833645	
8.78333333333	0.0	0.0	0.0 	0.0 	142.23257 	0.0 	0.0 	0.0 	0.0 	0.0 	0.0 	0.0 	0.0 	0.0 	0.0	3.23268809228	121.309138866	-29.6571833645	
8.8	0.0	0.0	0.0 	0.0 	142.23257 	0.0 	0.0 	0.0 	0.0 	0.0 	0.0 	0.0 	0.0 	0.0 	0.0	3.23268809228	121.309138866	-29.6571833645	
8.81666666667	0.0	0.0	0.0 	0.0 	142.23257 	0.0 	0.0 	0.0 	0.0 	0.0 	0.0 	0.0 	0.0 	0.0 	0.0	3.23268809228	121.309138866	-29.6571833645	
8.83333333333	0.0	0.0	0.0 	0.0 	142.23257 	0.0 	0.0 	0.0 	0.0 	0.0 	0.0 	0.0 	0.0 	0.0 	0.0	3.23268809228	121.309138866	-29.6571833645	
8.85	0.0	0.0	0.0 	0.0 	142.23257 	0.0 	0.0 	0.0 	0.0 	0.0 	0.0 	0.0 	0.0 	0.0 	0.0	3.23268809228	121.309138866	-29.6571833645	
8.86666666667	0.0	0.0	0.0 	0.0 	142.23257 	0.0 	0.0 	0.0 	0.0 	0.0 	0.0 	0.0 	0.0 	0.0 	0.0	3.23268809228	121.309138866	-29.6571833645	
8.88333333333	0.0	0.0	0.0 	0.0 	142.23257 	0.0 	0.0 	0.0 	0.0 	0.0 	0.0 	0.0 	0.0 	0.0 	0.0	3.23268809228	121.309138866	-29.6571833645	
8.9	0.0	0.0	0.0 	0.0 	142.23257 	0.0 	0.0 	0.0 	0.0 	0.0 	0.0 	0.0 	0.0 	0.0 	0.0	3.23268809228	121.309138866	-29.6571833645	
8.91666666667	0.0	0.0	0.0 	0.0 	142.23257 	0.0 	0.0 	0.0 	0.0 	0.0 	0.0 	0.0 	0.0 	0.0 	0.0	3.23268809228	121.309138866	-29.6571833645	
8.93333333333	0.0	0.0	0.0 	0.0 	142.23257 	0.0 	0.0 	0.0 	0.0 	0.0 	0.0 	0.0 	0.0 	0.0 	0.0	3.23268809228	121.309138866	-29.6571833645	
8.95	0.0	0.0	0.0 	0.0 	142.23257 	0.0 	0.0 	0.0 	0.0 	0.0 	0.0 	0.0 	0.0 	0.0 	0.0	3.23268809228	121.309138866	-29.6571833645	
8.96666666667	0.0	0.0	0.0 	0.0 	142.23257 	0.0 	0.0 	0.0 	0.0 	0.0 	0.0 	0.0 	0.0 	0.0 	0.0	3.23268809228	121.309138866	-29.6571833645	
8.98333333333	0.0	0.0	0.0 	0.0 	142.23257 	0.0 	0.0 	0.0 	0.0 	0.0 	0.0 	0.0 	0.0 	0.0 	0.0	3.23268809228	121.309138866	-29.6571833645	
9.0	0.0	0.0	0.0 	0.0 	142.23257 	0.0 	0.0 	0.0 	0.0 	0.0 	0.0 	0.0 	0.0 	0.0 	0.0	3.23268809228	121.309138866	-29.6571833645	
9.01666666667	0.0	0.0	0.0 	0.0 	142.23257 	0.0 	0.0 	0.0 	0.0 	0.0 	0.0 	0.0 	0.0 	0.0 	0.0	3.23268809228	121.309138866	-29.6571833645	
9.03333333333	0.0	0.0	0.0 	0.0 	142.23257 	0.0 	0.0 	0.0 	0.0 	0.0 	0.0 	0.0 	0.0 	0.0 	0.0	3.23268809228	121.309138866	-29.6571833645	
9.05	0.0	0.0	0.0 	0.0 	142.23257 	0.0 	0.0 	0.0 	0.0 	0.0 	0.0 	0.0 	0.0 	0.0 	0.0	3.23268809228	121.309138866	-29.6571833645	
9.06666666667	0.0	0.0	0.0 	0.0 	142.23257 	0.0 	0.0 	0.0 	0.0 	0.0 	0.0 	0.0 	0.0 	0.0 	0.0	3.23268809228	121.309138866	-29.6571833645	
9.08333333333	0.0	0.0	0.0 	0.0 	142.23257 	0.0 	0.0 	0.0 	0.0 	0.0 	0.0 	0.0 	0.0 	0.0 	0.0	3.23268809228	121.309138866	-29.6571833645	
9.1	0.0	0.0	0.0 	0.0 	142.23257 	0.0 	0.0 	0.0 	0.0 	0.0 	0.0 	0.0 	0.0 	0.0 	0.0	3.23268809228	121.309138866	-29.6571833645	
9.11666666667	0.0	0.0	0.0 	0.0 	142.23257 	0.0 	0.0 	0.0 	0.0 	0.0 	0.0 	0.0 	0.0 	0.0 	0.0	3.23268809228	121.309138866	-29.6571833645	
9.13333333333	0.0	0.0	0.0 	0.0 	142.23257 	0.0 	0.0 	0.0 	0.0 	0.0 	0.0 	0.0 	0.0 	0.0 	0.0	3.23268809228	121.309138866	-29.6571833645	
9.15	0.0	0.0	0.0 	0.0 	142.23257 	0.0 	0.0 	0.0 	0.0 	0.0 	0.0 	0.0 	0.0 	0.0 	0.0	3.23268809228	121.309138866	-29.6571833645	
9.16666666667	0.0	0.0	0.0 	0.0 	142.23257 	0.0 	0.0 	0.0 	0.0 	0.0 	0.0 	0.0 	0.0 	0.0 	0.0	3.23268809228	121.309138866	-29.6571833645	
9.18333333333	0.0	0.0	0.0 	0.0 	142.23257 	0.0 	0.0 	0.0 	0.0 	0.0 	0.0 	0.0 	0.0 	0.0 	0.0	3.23268809228	121.309138866	-29.6571833645	
9.2	0.0	0.0	0.0 	0.0 	142.23257 	0.0 	0.0 	0.0 	0.0 	0.0 	0.0 	0.0 	0.0 	0.0 	0.0	3.23268809228	121.309138866	-29.6571833645	
9.21666666667	0.0	0.0	0.0 	0.0 	142.23257 	0.0 	0.0 	0.0 	0.0 	0.0 	0.0 	0.0 	0.0 	0.0 	0.0	3.23268809228	121.309138866	-29.6571833645	
9.23333333333	0.0	0.0	0.0 	0.0 	142.23257 	0.0 	0.0 	0.0 	0.0 	0.0 	0.0 	0.0 	0.0 	0.0 	0.0	3.23268809228	121.309138866	-29.6571833645	
9.25	0.0	0.0	0.0 	0.0 	142.23257 	0.0 	0.0 	0.0 	0.0 	0.0 	0.0 	0.0 	0.0 	0.0 	0.0	3.23268809228	121.309138866	-29.6571833645	
9.26666666667	0.0	0.0	0.0 	0.0 	142.23257 	0.0 	0.0 	0.0 	0.0 	0.0 	0.0 	0.0 	0.0 	0.0 	0.0	3.23268809228	121.309138866	-29.6571833645	
9.28333333333	0.0	0.0	0.0 	0.0 	142.23257 	0.0 	0.0 	0.0 	0.0 	0.0 	0.0 	0.0 	0.0 	0.0 	0.0	3.23268809228	121.309138866	-29.6571833645	
9.3	0.0	0.0	0.0 	0.0 	142.23257 	0.0 	0.0 	0.0 	0.0 	0.0 	0.0 	0.0 	0.0 	0.0 	0.0	3.23268809228	121.309138866	-29.6571833645	
9.31666666667	0.0	0.0	0.0 	0.0 	142.23257 	0.0 	0.0 	0.0 	0.0 	0.0 	0.0 	0.0 	0.0 	0.0 	0.0	3.23268809228	121.309138866	-29.6571833645	
9.33333333333	0.0	0.0	0.0 	0.0 	142.23257 	0.0 	0.0 	0.0 	0.0 	0.0 	0.0 	0.0 	0.0 	0.0 	0.0	3.23268809228	121.309138866	-29.6571833645	
9.35	0.0	0.0	0.0 	0.0 	142.23257 	0.0 	0.0 	0.0 	0.0 	0.0 	0.0 	0.0 	0.0 	0.0 	0.0	3.23268809228	121.309138866	-29.6571833645	
9.36666666667	0.0	0.0	0.0 	0.0 	142.23257 	0.0 	0.0 	0.0 	0.0 	0.0 	0.0 	0.0 	0.0 	0.0 	0.0	3.23268809228	121.309138866	-29.6571833645	
9.38333333333	0.0	0.0	0.0 	0.0 	142.23257 	0.0 	0.0 	0.0 	0.0 	0.0 	0.0 	0.0 	0.0 	0.0 	0.0	3.23268809228	121.309138866	-29.6571833645	
9.4	0.0	0.0	0.0 	0.0 	142.23257 	0.0 	0.0 	0.0 	0.0 	0.0 	0.0 	0.0 	0.0 	0.0 	0.0	3.23268809228	121.309138866	-29.6571833645	
9.41666666667	0.0	0.0	0.0 	0.0 	142.23257 	0.0 	0.0 	0.0 	0.0 	0.0 	0.0 	0.0 	0.0 	0.0 	0.0	3.23268809228	121.309138866	-29.6571833645	
9.43333333333	0.0	0.0	0.0 	0.0 	142.23257 	0.0 	0.0 	0.0 	0.0 	0.0 	0.0 	0.0 	0.0 	0.0 	0.0	3.23268809228	121.309138866	-29.6571833645	
9.45	0.0	0.0	0.0 	0.0 	142.23257 	0.0 	0.0 	0.0 	0.0 	0.0 	0.0 	0.0 	0.0 	0.0 	0.0	3.23268809228	121.309138866	-29.6571833645	
9.46666666667	0.0	0.0	0.0 	0.0 	142.23257 	0.0 	0.0 	0.0 	0.0 	0.0 	0.0 	0.0 	0.0 	0.0 	0.0	3.23268809228	121.309138866	-29.6571833645	
9.48333333333	0.0	0.0	0.0 	0.0 	142.23257 	0.0 	0.0 	0.0 	0.0 	0.0 	0.0 	0.0 	0.0 	0.0 	0.0	3.23268809228	121.309138866	-29.6571833645	
9.5	0.0	0.0	0.0 	0.0 	142.23257 	0.0 	0.0 	0.0 	0.0 	0.0 	0.0 	0.0 	0.0 	0.0 	0.0	3.23268809228	121.309138866	-29.6571833645	
9.51666666667	0.0	0.0	0.0 	0.0 	142.23257 	0.0 	0.0 	0.0 	0.0 	0.0 	0.0 	0.0 	0.0 	0.0 	0.0	3.23268809228	121.309138866	-29.6571833645	
9.53333333333	0.0	0.0	0.0 	0.0 	142.23257 	0.0 	0.0 	0.0 	0.0 	0.0 	0.0 	0.0 	0.0 	0.0 	0.0	3.23268809228	121.309138866	-29.6571833645	
9.55	0.0	0.0	0.0 	0.0 	142.23257 	0.0 	0.0 	0.0 	0.0 	0.0 	0.0 	0.0 	0.0 	0.0 	0.0	3.23268809228	121.309138866	-29.6571833645	
9.56666666667	0.0	0.0	0.0 	0.0 	142.23257 	0.0 	0.0 	0.0 	0.0 	0.0 	0.0 	0.0 	0.0 	0.0 	0.0	3.23268809228	121.309138866	-29.6571833645	
9.58333333333	0.0	0.0	0.0 	0.0 	142.23257 	0.0 	0.0 	0.0 	0.0 	0.0 	0.0 	0.0 	0.0 	0.0 	0.0	3.23268809228	121.309138866	-29.6571833645	
9.6	0.0	0.0	0.0 	0.0 	142.23257 	0.0 	0.0 	0.0 	0.0 	0.0 	0.0 	0.0 	0.0 	0.0 	0.0	3.23268809228	121.309138866	-29.6571833645	
9.61666666667	0.0	0.0	0.0 	0.0 	142.23257 	0.0 	0.0 	0.0 	0.0 	0.0 	0.0 	0.0 	0.0 	0.0 	0.0	3.23268809228	121.309138866	-29.6571833645	
9.63333333333	0.0	0.0	0.0 	0.0 	142.23257 	0.0 	0.0 	0.0 	0.0 	0.0 	0.0 	0.0 	0.0 	0.0 	0.0	3.23268809228	121.309138866	-29.6571833645	
9.65	0.0	0.0	0.0 	0.0 	142.23257 	0.0 	0.0 	0.0 	0.0 	0.0 	0.0 	0.0 	0.0 	0.0 	0.0	3.23268809228	121.309138866	-29.6571833645	
9.66666666667	0.0	0.0	0.0 	0.0 	142.23257 	0.0 	0.0 	0.0 	0.0 	0.0 	0.0 	0.0 	0.0 	0.0 	0.0	3.23268809228	121.309138866	-29.6571833645	
9.68333333333	0.0	0.0	0.0 	0.0 	142.23257 	0.0 	0.0 	0.0 	0.0 	0.0 	0.0 	0.0 	0.0 	0.0 	0.0	3.23268809228	121.309138866	-29.6571833645	
9.7	0.0	0.0	0.0 	0.0 	142.23257 	0.0 	0.0 	0.0 	0.0 	0.0 	0.0 	0.0 	0.0 	0.0 	0.0	3.23268809228	121.309138866	-29.6571833645	
9.71666666667	0.0	0.0	0.0 	0.0 	142.23257 	0.0 	0.0 	0.0 	0.0 	0.0 	0.0 	0.0 	0.0 	0.0 	0.0	3.23268809228	121.309138866	-29.6571833645	
9.73333333333	0.0	0.0	0.0 	0.0 	142.23257 	0.0 	0.0 	0.0 	0.0 	0.0 	0.0 	0.0 	0.0 	0.0 	0.0	3.23268809228	121.309138866	-29.6571833645	
9.75	0.0	0.0	0.0 	0.0 	142.23257 	0.0 	0.0 	0.0 	0.0 	0.0 	0.0 	0.0 	0.0 	0.0 	0.0	3.23268809228	121.309138866	-29.6571833645	
9.76666666667	0.0	0.0	0.0 	0.0 	142.23257 	0.0 	0.0 	0.0 	0.0 	0.0 	0.0 	0.0 	0.0 	0.0 	0.0	3.23268809228	121.309138866	-29.6571833645	
9.78333333333	0.0	0.0	0.0 	0.0 	142.23257 	0.0 	0.0 	0.0 	0.0 	0.0 	0.0 	0.0 	0.0 	0.0 	0.0	3.23268809228	121.309138866	-29.6571833645	
9.8	0.0	0.0	0.0 	0.0 	142.23257 	0.0 	0.0 	0.0 	0.0 	0.0 	0.0 	0.0 	0.0 	0.0 	0.0	3.23268809228	121.309138866	-29.6571833645	
9.81666666667	0.0	0.0	0.0 	0.0 	142.23257 	0.0 	0.0 	0.0 	0.0 	0.0 	0.0 	0.0 	0.0 	0.0 	0.0	3.23268809228	121.309138866	-29.6571833645	
9.83333333333	0.0	0.0	0.0 	0.0 	142.23257 	0.0 	0.0 	0.0 	0.0 	0.0 	0.0 	0.0 	0.0 	0.0 	0.0	3.23268809228	121.309138866	-29.6571833645	
9.85	0.0	0.0	0.0 	0.0 	142.23257 	0.0 	0.0 	0.0 	0.0 	0.0 	0.0 	0.0 	0.0 	0.0 	0.0	3.23268809228	121.309138866	-29.6571833645	
9.86666666667	0.0	0.0	0.0 	0.0 	142.23257 	0.0 	0.0 	0.0 	0.0 	0.0 	0.0 	0.0 	0.0 	0.0 	0.0	3.23268809228	121.309138866	-29.6571833645	
9.88333333333	0.0	0.0	0.0 	0.0 	142.23257 	0.0 	0.0 	0.0 	0.0 	0.0 	0.0 	0.0 	0.0 	0.0 	0.0	3.23268809228	121.309138866	-29.6571833645	
9.9	0.0	0.0	0.0 	0.0 	142.23257 	0.0 	0.0 	0.0 	0.0 	0.0 	0.0 	0.0 	0.0 	0.0 	0.0	3.23268809228	121.309138866	-29.6571833645	
9.91666666667	0.0	0.0	0.0 	0.0 	142.23257 	0.0 	0.0 	0.0 	0.0 	0.0 	0.0 	0.0 	0.0 	0.0 	0.0	3.23268809228	121.309138866	-29.6571833645	
9.93333333333	0.0	0.0	0.0 	0.0 	142.23257 	0.0 	0.0 	0.0 	0.0 	0.0 	0.0 	0.0 	0.0 	0.0 	0.0	3.23268809228	121.309138866	-29.6571833645	
9.95	0.0	0.0	0.0 	0.0 	142.23257 	0.0 	0.0 	0.0 	0.0 	0.0 	0.0 	0.0 	0.0 	0.0 	0.0	3.23268809228	121.309138866	-29.6571833645	
9.96666666667	0.0	0.0	0.0 	0.0 	142.23257 	0.0 	0.0 	0.0 	0.0 	0.0 	0.0 	0.0 	0.0 	0.0 	0.0	3.23268809228	121.309138866	-29.6571833645	
9.98333333333	0.0	0.0	0.0 	0.0 	142.23257 	0.0 	0.0 	0.0 	0.0 	0.0 	0.0 	0.0 	0.0 	0.0 	0.0	3.23268809228	121.309138866	-29.6571833645	
