0.0166666666667	0.0	0.0	0.0 	0.0 	40.4 	24.0 	0.0 	0.0 	0.0 	0.0 	24.0 	0.0 	0.0 	0.0 	0.0	-1.16483870968	120.0	-19.935483871	
0.0333333333333	0.0	0.0	0.0 	0.0 	40.8 	24.0 	0.0 	0.0 	0.0 	-0.0 	24.0 	0.0 	0.0 	0.0 	0.0	-1.16483870968	120.0	-19.935483871	
0.05	0.0	0.0	0.0 	0.0 	41.2 	24.0 	0.0 	0.0 	0.0 	-0.0 	24.0 	0.0 	0.0 	0.0 	0.0	-1.16483870968	120.0	-19.935483871	
0.0666666666667	0.0	0.0	0.0 	0.0 	41.6 	24.0 	0.0 	0.0 	0.0 	-0.0 	24.0 	0.0 	0.0 	0.0 	0.0	-1.16483870968	120.0	-19.935483871	
0.0833333333333	0.0	0.0	0.0 	0.0 	42.0 	24.0 	0.0 	0.0 	0.0 	-0.0 	24.0 	0.0 	0.0 	0.0 	0.0	-1.16483870968	120.0	-19.935483871	
0.1	0.0	0.0	0.0 	0.0 	42.4 	24.0 	0.0 	0.0 	0.0 	-0.0 	24.0 	0.0 	0.0 	0.0 	0.0	-1.16483870968	120.0	-19.935483871	
0.116666666667	0.0	0.0	0.0 	0.0 	42.8 	24.0 	0.0 	0.0 	0.0 	-0.0 	24.0 	0.0 	0.0 	0.0 	0.0	-1.16483870968	120.0	-19.935483871	
0.133333333333	0.0	0.0	0.0 	0.0 	43.2 	24.0 	0.0 	0.0 	0.0 	-0.0 	24.0 	0.0 	0.0 	0.0 	0.0	-1.16483870968	120.0	-19.935483871	
0.15	0.0	0.0	0.0 	0.0 	43.6 	24.0 	0.0 	0.0 	0.0 	-0.0 	24.0 	0.0 	0.0 	0.0 	0.0	-1.16483870968	120.0	-19.935483871	
0.166666666667	0.0	0.0	0.0 	0.0 	44.0 	24.0 	0.0 	0.0 	0.0 	-0.0 	24.0 	0.0 	0.0 	0.0 	0.0	-1.16483870968	120.0	-19.935483871	
0.183333333333	0.0	0.0	0.0 	0.0 	44.4 	24.0 	0.0 	0.0 	0.0 	-0.0 	24.0 	0.0 	0.0 	0.0 	0.0	-1.16483870968	120.0	-19.935483871	
0.2	0.0	0.0	0.0 	0.0 	44.8 	24.0 	0.0 	0.0 	0.0 	-0.0 	24.0 	0.0 	0.0 	0.0 	0.0	-1.16483870968	120.0	-19.935483871	
0.216666666667	0.0	0.0	0.0 	0.0 	45.2 	24.0 	0.0 	0.0 	0.0 	-0.0 	24.0 	0.0 	0.0 	0.0 	0.0	-1.16483870968	120.0	-19.935483871	
0.233333333333	0.0	0.0	0.0 	0.0 	45.6 	24.0 	0.0 	0.0 	0.0 	-0.0 	24.0 	0.0 	0.0 	0.0 	0.0	-1.16483870968	120.0	-19.935483871	
0.25	0.0	0.0	0.0 	0.0 	46.0 	24.0 	0.0 	0.0 	0.0 	-0.0 	24.0 	0.0 	0.0 	0.0 	0.0	-1.16483870968	120.0	-19.935483871	
0.266666666667	0.0	0.0	0.0 	0.0 	46.4 	24.0 	0.0 	0.0 	0.0 	-0.0 	24.0 	0.0 	0.0 	0.0 	0.0	-1.16483870968	120.0	-19.935483871	
0.283333333333	0.0	0.0	0.0 	0.0 	46.8 	24.0 	0.0 	0.0 	0.0 	-0.0 	24.0 	0.0 	0.0 	0.0 	0.0	-1.16483870968	120.0	-19.935483871	
0.3	0.0	0.0	0.0 	0.0 	47.2 	24.0 	0.0 	0.0 	0.0 	-0.0 	24.0 	0.0 	0.0 	0.0 	0.0	-1.16483870968	120.0	-19.935483871	
0.316666666667	0.0	0.0	0.0 	0.0 	47.6 	24.0 	0.0 	0.0 	0.0 	-0.0 	24.0 	0.0 	0.0 	0.0 	0.0	-1.16483870968	120.0	-19.935483871	
0.333333333333	0.0	0.0	0.0 	0.0 	48.0 	24.0 	0.0 	0.0 	0.0 	-0.0 	24.0 	0.0 	0.0 	0.0 	0.0	-1.16483870968	120.0	-19.935483871	
0.35	0.0	0.0	0.0 	0.0 	48.4 	24.0 	0.0 	0.0 	0.0 	-0.0 	24.0 	0.0 	0.0 	0.0 	0.0	-1.16483870968	120.0	-19.935483871	
0.366666666667	0.0	0.0	0.0 	0.0 	48.8 	24.0 	0.0 	0.0 	0.0 	-0.0 	24.0 	0.0 	0.0 	0.0 	0.0	-1.16483870968	120.0	-19.935483871	
0.383333333333	0.0	0.0	0.0 	0.0 	49.2 	24.0 	0.0 	0.0 	0.0 	-0.0 	24.0 	0.0 	0.0 	0.0 	0.0	-1.16483870968	120.0	-19.935483871	
0.4	0.0	0.0	0.0 	0.0 	49.6 	24.0 	0.0 	0.0 	0.0 	-0.0 	24.0 	0.0 	0.0 	0.0 	0.0	-1.16483870968	120.0	-19.935483871	
0.416666666667	0.0	0.0	0.0 	0.0 	50.0 	24.0 	0.0 	0.0 	0.0 	-0.0 	24.0 	0.0 	0.0 	0.0 	0.0	-1.16483870968	120.0	-19.935483871	
0.433333333333	0.0	0.0	0.0 	0.0 	50.4 	24.0 	0.0 	0.0 	0.0 	-0.0 	24.0 	0.0 	0.0 	0.0 	0.0	-1.16483870968	120.0	-19.935483871	
0.45	0.0	0.0	0.0 	0.0 	50.8 	24.0 	0.0 	0.0 	0.0 	-0.0 	24.0 	0.0 	0.0 	0.0 	0.0	-1.16483870968	120.0	-19.935483871	
0.466666666667	0.0	0.0	0.0 	0.0 	51.2 	24.0 	0.0 	0.0 	0.0 	-0.0 	24.0 	0.0 	0.0 	0.0 	0.0	-1.16483870968	120.0	-19.935483871	
0.483333333333	0.0	0.0	0.0 	0.0 	51.6 	24.0 	0.0 	0.0 	0.0 	-0.0 	24.0 	0.0 	0.0 	0.0 	0.0	-1.16483870968	120.0	-19.935483871	
0.5	0.0	0.0	0.0 	0.0 	52.0 	24.0 	0.0 	0.0 	0.0 	-0.0 	24.0 	0.0 	0.0 	0.0 	0.0	-1.16483870968	120.0	-19.935483871	
0.516666666667	0.0	0.0	0.0 	0.0 	52.4 	24.0 	0.0 	0.0 	0.0 	-0.0 	24.0 	0.0 	0.0 	0.0 	0.0	-1.16483870968	120.0	-19.935483871	
0.533333333333	0.0	0.0	0.0 	0.0 	52.8 	24.0 	0.0 	0.0 	0.0 	-0.0 	24.0 	0.0 	0.0 	0.0 	0.0	-1.16483870968	120.0	-19.935483871	
0.55	0.0	0.0	0.0 	0.0 	53.2 	24.0 	0.0 	0.0 	0.0 	-0.0 	24.0 	0.0 	0.0 	0.0 	0.0	-1.16483870968	120.0	-19.935483871	
0.566666666667	0.0	0.0	0.0 	0.0 	53.6 	24.0 	0.0 	0.0 	0.0 	-0.0 	24.0 	0.0 	0.0 	0.0 	0.0	-1.16483870968	120.0	-19.935483871	
0.583333333333	0.0	0.0	0.0 	0.0 	54.0 	24.0 	0.0 	0.0 	0.0 	-0.0 	24.0 	0.0 	0.0 	0.0 	0.0	-1.16483870968	120.0	-19.935483871	
0.6	0.0	0.0	0.0 	0.0 	54.4 	24.0 	0.0 	0.0 	0.0 	-0.0 	24.0 	0.0 	0.0 	0.0 	0.0	-1.16483870968	120.0	-19.935483871	
0.616666666667	0.0	0.0	0.0 	0.0 	54.8 	24.0 	0.0 	0.0 	0.0 	-0.0 	24.0 	0.0 	0.0 	0.0 	0.0	-1.16483870968	120.0	-19.935483871	
0.633333333333	0.0	0.0	0.0 	0.0 	55.2 	24.0 	0.0 	0.0 	0.0 	-0.0 	24.0 	0.0 	0.0 	0.0 	0.0	-1.16483870968	120.0	-19.935483871	
0.65	0.0	0.0	0.0 	0.0 	55.6 	24.0 	0.0 	0.0 	0.0 	-0.0 	24.0 	0.0 	0.0 	0.0 	0.0	-1.16483870968	120.0	-19.935483871	
0.666666666667	0.0	0.0	0.0 	0.0 	56.0 	24.0 	0.0 	0.0 	0.0 	-0.0 	24.0 	0.0 	0.0 	0.0 	0.0	-1.16483870968	120.0	-19.935483871	
0.683333333333	0.0	0.0	0.0 	0.0 	56.4 	24.0 	0.0 	0.0 	0.0 	-0.0 	24.0 	0.0 	0.0 	0.0 	0.0	-1.16483870968	120.0	-19.935483871	
0.7	0.0	0.0	0.0 	0.0 	56.8 	24.0 	0.0 	0.0 	0.0 	-0.0 	24.0 	0.0 	0.0 	0.0 	0.0	-1.16483870968	120.0	-19.935483871	
0.716666666667	0.0	0.0	0.0 	0.0 	57.2 	24.0 	0.0 	0.0 	0.0 	-0.0 	24.0 	0.0 	0.0 	0.0 	0.0	-1.16483870968	120.0	-19.935483871	
0.733333333333	0.0	0.0	0.0 	0.0 	57.6 	24.0 	0.0 	0.0 	0.0 	-0.0 	24.0 	0.0 	0.0 	0.0 	0.0	-1.16483870968	120.0	-19.935483871	
0.75	0.0	0.0	0.0 	0.0 	58.0 	24.0 	0.0 	0.0 	0.0 	-0.0 	24.0 	0.0 	0.0 	0.0 	0.0	-1.16483870968	120.0	-19.935483871	
0.766666666667	0.0	0.0	0.0 	0.0 	58.4 	24.0 	0.0 	0.0 	0.0 	-0.0 	24.0 	0.0 	0.0 	0.0 	0.0	-1.16483870968	120.0	-19.935483871	
0.783333333333	0.0	0.0	0.0 	0.0 	58.8 	24.0 	0.0 	0.0 	0.0 	-0.0 	24.0 	0.0 	0.0 	0.0 	0.0	-1.16483870968	120.0	-19.935483871	
0.8	0.0	0.0	0.0 	0.0 	59.2 	24.0 	0.0 	0.0 	0.0 	-0.0 	24.0 	0.0 	0.0 	0.0 	0.0	-1.16483870968	120.0	-19.935483871	
0.816666666667	0.0	0.0	0.0 	0.0 	59.6 	24.0 	0.0 	0.0 	0.0 	-0.0 	24.0 	0.0 	0.0 	0.0 	0.0	-1.16483870968	120.0	-19.935483871	
0.833333333333	0.0	0.0	0.0 	0.0 	60.0 	24.0 	0.0 	0.0 	0.0 	-0.0 	24.0 	0.0 	0.0 	0.0 	0.0	-1.16483870968	120.0	-19.935483871	
0.85	0.0	0.0	0.0 	0.0 	60.4 	24.0 	0.0 	0.0 	0.0 	-0.0 	24.0 	0.0 	0.0 	0.0 	0.0520547945205	-0.456949473235	119.999617213	-19.9347053025	
0.866666666667	0.0	0.0	0.0 	0.0 	60.8 	24.0 	0.0 	0.0 	0.0 	-0.0 	24.0 	0.0 	0.0 	0.0 	0.103814849565	0.132958223801	119.999846586	-19.9329903261	
0.883333333333	0.0	0.0	0.0 	0.0 	61.2 	24.0 	0.0 	0.0 	0.0 	-0.0 	24.0 	0.0 	0.0 	0.0 	0.155281833979	0.449855375554	120.000971953	-19.9306597786	
0.9	0.0	0.0	0.0 	0.0 	61.6 	24.0 	0.0 	0.0 	0.0 	-0.0 	24.0 	0.0 	0.0 	0.0 	0.206457407156	0.661719373384	120.003086333	-19.9279450809	
0.916666666667	0.0	0.0	0.0 	0.0 	62.0 	24.0 	0.0 	0.0 	0.0 	-0.0 	24.0 	0.0 	0.0 	0.0 	0.257343219097	0.821067640855	120.006225378	-19.9250223473	
0.933333333333	0.0	0.0	0.0 	0.0 	62.4 	24.0 	0.0 	0.0 	0.0 	-0.0 	24.0 	0.0 	0.0 	0.0 	0.30794091046	0.94890714738	120.010396845	-19.9220323863	
0.95	0.0	0.0	0.0 	0.0 	62.8 	24.0 	0.0 	0.0 	0.0 	-0.0 	24.0 	0.0 	0.0 	0.0 	0.35825211261	1.05574137765	120.015593087	-19.91909124	
0.966666666667	0.0	0.0	0.0 	0.0 	63.2 	24.0 	0.0 	0.0 	0.0 	-0.0 	24.0 	0.0 	0.0 	0.0 	0.408278447681	1.14757232289	120.021797352	-19.9162965595	
0.983333333333	0.0	0.0	0.0 	0.0 	63.6 	24.0 	0.0 	0.0 	0.0 	-0.0 	24.0 	0.0 	0.0 	0.0 	0.458021528616	1.22815122762	120.028987292	-19.9137317946	
1.0	0.0	0.0	0.0 	0.0 	64.0 	24.0 	0.0 	0.0 	0.0 	-0.0 	24.0 	0.0 	0.0 	0.0 	0.50748295923	1.29997892147	120.037137066	-19.9114691046	
1.01666666667	0.0	0.0	0.0 	0.0 	64.4 	24.0 	0.0 	0.0 	0.0 	-0.0 	24.0 	0.0 	0.0 	0.0 	0.556664334256	1.3648059852	120.046218664	-19.9095714668	
1.03333333333	0.0	0.0	0.0 	0.0 	64.8 	24.0 	0.0 	0.0 	0.0 	-0.0 	24.0 	0.0 	0.0 	0.0 	0.605567239395	1.4239055684	120.056202761	-19.9080942553	
1.05	0.0	0.0	0.0 	0.0 	65.2 	24.0 	0.0 	0.0 	0.0 	-0.0 	24.0 	0.0 	0.0 	0.0 	0.654193251373	1.47823253326	120.067059306	-19.9070864524	
1.06666666667	0.0	0.0	0.0 	0.0 	65.6 	24.0 	0.0 	0.0 	0.0 	-0.0 	24.0 	0.0 	0.0 	0.0 	0.702543937986	1.52852138914	120.07875791	-19.9065915998	
1.08333333333	0.0	0.0	0.0 	0.0 	66.0 	24.0 	0.0 	0.0 	0.0 	-0.0 	24.0 	0.0 	0.0 	0.0 	0.750620858155	1.57534925052	120.091268128	-19.9066485583	
1.1	0.0	0.0	0.0 	0.0 	66.4 	24.0 	0.0 	0.0 	0.0 	-0.0 	24.0 	0.0 	0.0 	0.0 	0.798425561971	1.61917780894	120.104559649	-19.907292124	
1.11666666667	0.0	0.0	0.0 	0.0 	66.8 	24.0 	0.0 	0.0 	0.0 	-0.0 	24.0 	0.0 	0.0 	0.0 	0.845959590753	1.66038218879	120.118602436	-19.9085535355	
1.13333333333	0.0	0.0	0.0 	0.0 	67.2 	24.0 	0.0 	0.0 	0.0 	-0.0 	24.0 	0.0 	0.0 	0.0 	0.893224477088	1.699271316	120.133366817	-19.910460895	
1.15	0.0	0.0	0.0 	0.0 	67.6 	24.0 	0.0 	0.0 	0.0 	-0.0 	24.0 	0.0 	0.0 	0.0 	0.940221744889	1.73610262882	120.148823561	-19.9130395231	
1.16666666667	0.0	0.0	0.0 	0.0 	68.0 	24.0 	0.0 	0.0 	0.0 	-0.0 	24.0 	0.0 	0.0 	0.0 	0.986952909439	1.77109291735	120.164943917	-19.916312259	
1.18333333333	0.0	0.0	0.0 	0.0 	68.4 	24.0 	0.0 	0.0 	0.0 	-0.0 	24.0 	0.0 	0.0 	0.0 	1.03341947744	1.80442645315	120.18169965	-19.9202997174	
1.2	0.0	0.0	0.0 	0.0 	68.8 	24.0 	0.0 	0.0 	0.0 	-0.0 	24.0 	0.0 	0.0 	0.0 	1.07962294707	1.83626118324	120.199063057	-19.9250205104	
1.21666666667	0.0	0.0	0.0 	0.0 	69.2 	24.0 	0.0 	0.0 	0.0 	-0.0 	24.0 	0.0 	0.0 	0.0 	1.125564808	1.86673351641	120.217006985	-19.9304914387	
1.23333333333	0.0	0.0	0.0 	0.0 	69.6 	24.0 	0.0 	0.0 	0.0 	-0.0 	24.0 	0.0 	0.0 	0.0 	1.17124654151	1.89596206896	120.235504829	-19.9367276598	
1.25	0.0	0.0	0.0 	0.0 	70.0 	24.0 	0.0 	0.0 	0.0 	-0.0 	24.0 	0.0 	0.0 	0.0 	1.21666962045	1.92405063014	120.254530538	-19.9437428347	
1.26666666667	0.0	0.0	0.0 	0.0 	70.4 	24.0 	0.0 	0.0 	0.0 	-0.0 	24.0 	0.0 	0.0 	0.0 	1.26183550936	1.95109053447	120.274058609	-19.9515492573	
1.28333333333	0.0	0.0	0.0 	0.0 	70.8 	24.0 	0.0 	0.0 	0.0 	-0.0 	24.0 	0.0 	0.0 	0.0 	1.30674566447	1.97716257785	120.294064083	-19.9601579697	
1.3	0.0	0.0	0.0 	0.0 	71.2 	24.0 	0.0 	0.0 	0.0 	-0.0 	24.0 	0.0 	0.0 	0.0 	1.35140153377	2.00233857883	120.31452254	-19.9695788636	
1.31666666667	0.0	0.0	0.0 	0.0 	71.6 	24.0 	0.0 	0.0 	0.0 	-0.0 	24.0 	0.0 	0.0 	0.0 	1.39580455704	2.02668266112	120.335410085	-19.9798207727	
1.33333333333	0.0	0.0	0.0 	0.0 	72.0 	24.0 	0.0 	0.0 	0.0 	-0.0 	24.0 	0.0 	0.0 	0.0 	1.43995616595	2.05025231488	120.356703341	-19.9908915534	
1.35	0.0	0.0	0.0 	0.0 	72.4 	24.0 	0.0 	0.0 	0.0 	-0.0 	24.0 	0.0 	0.0 	0.0 	1.483857784	2.07309928128	120.37837944	-20.0027981593	
1.36666666667	0.0	0.0	0.0 	0.0 	72.8 	24.0 	0.0 	0.0 	0.0 	-0.0 	24.0 	0.0 	0.0 	0.0 	1.52751082669	2.09527029423	120.40041601	-20.0155467073	
1.38333333333	0.0	0.0	0.0 	0.0 	73.2 	24.0 	0.0 	0.0 	0.0 	-0.0 	24.0 	0.0 	0.0 	0.0 	1.57091670146	2.11680770631	120.422791167	-20.0291425379	
1.4	0.0	0.0	0.0 	0.0 	73.6 	24.0 	0.0 	0.0 	0.0 	-0.0 	24.0 	0.0 	0.0 	0.0 	1.6140768078	2.13775001987	120.445483498	-20.0435902702	
1.41666666667	0.0	0.0	0.0 	0.0 	74.0 	24.0 	0.0 	0.0 	0.0 	-0.0 	24.0 	0.0 	0.0 	0.0 	1.65699253729	2.15813233995	120.468472057	-20.0588938511	
1.43333333333	0.0	0.0	0.0 	0.0 	74.4 	24.0 	0.0 	0.0 	0.0 	-0.0 	24.0 	0.0 	0.0 	0.0 	1.69966527361	2.17798676259	120.491736347	-20.0750566012	
1.45	0.0	0.0	0.0 	0.0 	74.8 	24.0 	0.0 	0.0 	0.0 	-0.0 	24.0 	0.0 	0.0 	0.0 	1.74209639261	2.19734270911	120.515256314	-20.0920812566	
1.46666666667	0.0	0.0	0.0 	0.0 	75.2 	24.0 	0.0 	0.0 	0.0 	-0.0 	24.0 	0.0 	0.0 	0.0 	1.78428726235	2.21622721531	120.539012333	-20.1099700064	
1.48333333333	0.0	0.0	0.0 	0.0 	75.6 	24.0 	0.0 	0.0 	0.0 	-0.0 	24.0 	0.0 	0.0 	0.0 	1.82623924315	2.23466518258	120.562985201	-20.1287245283	
1.5	0.0	0.0	0.0 	0.0 	76.0 	24.0 	0.0 	0.0 	0.0 	-0.0 	24.0 	0.0 	0.0 	0.0 	1.86795368762	2.25267959677	120.587156122	-20.1483460209	
1.51666666667	0.0	0.0	0.0 	0.0 	76.4 	24.0 	0.0 	0.0 	0.0 	-0.0 	24.0 	0.0 	0.0 	0.0 	1.90943194071	2.27029171979	120.611506699	-20.1688352332	
1.53333333333	0.0	0.0	0.0 	0.0 	76.8 	24.0 	0.0 	0.0 	0.0 	-0.0 	24.0 	0.0 	0.0 	0.0 	1.95067533977	2.28752125776	120.636018925	-20.1901924923	
1.55	0.0	0.0	0.0 	0.0 	77.2 	24.0 	0.0 	0.0 	0.0 	-0.0 	24.0 	0.0 	0.0 	0.0 	1.99168521456	2.30438650923	120.660675172	-20.212417729	
1.56666666667	0.0	0.0	0.0 	0.0 	77.6 	24.0 	0.0 	0.0 	0.0 	-0.0 	24.0 	0.0 	0.0 	0.0 	2.03246288731	2.32090449606	120.685458183	-20.2355105012	
1.58333333333	0.0	0.0	0.0 	0.0 	78.0 	24.0 	0.0 	0.0 	0.0 	-0.0 	24.0 	0.0 	0.0 	0.0 	2.07300967279	2.33709107951	120.710351058	-20.2594700164	
1.6	0.0	0.0	0.0 	0.0 	78.4 	24.0 	0.0 	0.0 	0.0 	-0.0 	24.0 	0.0 	0.0 	0.0 	2.1133268783	2.35296106341	120.735337255	-20.2842951514	
1.61666666667	0.0	0.0	0.0 	0.0 	78.8 	24.0 	0.0 	0.0 	0.0 	-0.0 	24.0 	0.0 	0.0 	0.0 	2.15341580374	2.3685282861	120.760400571	-20.3099844719	
1.63333333333	0.0	0.0	0.0 	0.0 	79.2 	24.0 	0.0 	0.0 	0.0 	-0.0 	24.0 	0.0 	0.0 	0.0 	2.19327774165	2.38380570261	120.785525141	-20.3365362503	
1.65	0.0	0.0	0.0 	0.0 	79.6 	24.0 	0.0 	0.0 	0.0 	-0.0 	24.0 	0.0 	0.0 	0.0 	2.23291397727	2.39880545823	120.810695423	-20.3639484818	
1.66666666667	0.0	0.0	0.0 	0.0 	80.0 	24.0 	0.0 	0.0 	0.0 	-0.0 	24.0 	0.0 	0.0 	0.0 	2.27232578854	2.41353895467	120.835896199	-20.3922189005	
1.68333333333	0.0	0.0	0.0 	0.0 	80.4 	24.0 	0.0 	0.0 	0.0 	-0.0 	24.0 	0.0 	0.0 	0.0 	2.31151444618	2.4280169095	120.861112561	-20.4213449935	
1.7	0.0	0.0	0.0 	0.0 	80.8 	24.0 	0.0 	0.0 	0.0 	-0.0 	24.0 	0.0 	0.0 	0.0 	2.35048121369	2.44224940984	120.886329903	-20.4513240148	
1.71666666667	0.0	0.0	0.0 	0.0 	81.2 	24.0 	0.0 	0.0 	0.0 	-0.0 	24.0 	0.0 	0.0 	0.0 	2.38922734746	2.45624596082	120.911533921	-20.482152998	
1.73333333333	0.0	0.0	0.0 	0.0 	81.6 	24.0 	0.0 	0.0 	0.0 	-0.0 	24.0 	0.0 	0.0 	0.0 	2.42775409673	2.47001552954	120.936710597	-20.5138287684	
1.75	0.0	0.0	0.0 	0.0 	82.0 	24.0 	0.0 	0.0 	0.0 	-0.0 	24.0 	0.0 	0.0 	0.0 	2.46606270367	2.48356658489	120.961846198	-20.5463479539	
1.76666666667	0.0	0.0	0.0 	0.0 	82.4 	24.0 	0.0 	0.0 	0.0 	-0.0 	24.0 	0.0 	0.0 	0.0 	2.50415440343	2.49690713381	120.986927271	-20.5797069964	
1.78333333333	0.0	0.0	0.0 	0.0 	82.8 	24.0 	0.0 	0.0 	0.0 	-0.0 	24.0 	0.0 	0.0 	0.0 	2.54203042416	2.51004475427	121.01194063	-20.6139021611	
1.8	0.0	0.0	0.0 	0.0 	83.2 	24.0 	0.0 	0.0 	0.0 	-0.0 	24.0 	0.0 	0.0 	0.0 	2.57969198705	2.52298662539	121.036873356	-20.6489295462	
1.81666666667	0.0	0.0	0.0 	0.0 	83.6 	24.0 	0.0 	0.0 	0.0 	-0.0 	24.0 	0.0 	0.0 	0.0 	2.6171403064	2.53573955493	121.061712789	-20.6847850919	
1.83333333333	0.0	0.0	0.0 	0.0 	84.0 	24.0 	0.0 	0.0 	0.0 	-0.0 	24.0 	0.0 	0.0 	0.0 	2.65437658959	2.54831000446	121.086446523	-20.721464589	
1.85	0.0	0.0	0.0 	0.0 	84.4 	24.0 	0.0 	0.0 	0.0 	-0.0 	24.0 	0.0 	0.0 	0.0 	2.69140203721	2.56070411247	121.111062398	-20.7589636862	
1.86666666667	0.0	0.0	0.0 	0.0 	84.8 	24.0 	0.0 	0.0 	0.0 	-0.0 	24.0 	0.0 	0.0 	0.0 	2.72821784303	2.57292771551	121.135548497	-20.7972778985	
1.88333333333	0.0	0.0	0.0 	0.0 	85.2 	24.0 	0.0 	0.0 	0.0 	-0.0 	24.0 	0.0 	0.0 	0.0 	2.76482519406	2.58498636773	121.159893143	-20.8364026137	
1.9	0.0	0.0	0.0 	0.0 	85.6 	24.0 	0.0 	0.0 	0.0 	-0.0 	24.0 	0.0 	0.0 	0.0 	2.80122527058	2.59688535874	121.184084887	-20.8763330994	
1.91666666667	0.0	0.0	0.0 	0.0 	86.0 	24.0 	0.0 	0.0 	0.0 	-0.0 	24.0 	0.0 	0.0 	0.0 	2.83741924622	2.6086297302	121.20811251	-20.9170645094	
1.93333333333	0.0	0.0	0.0 	0.0 	86.4 	24.0 	0.0 	0.0 	0.0 	-0.0 	24.0 	0.0 	0.0 	0.0 	2.87340828793	2.62022429106	121.231965015	-20.9585918898	
1.95	0.0	0.0	0.0 	0.0 	86.8 	24.0 	0.0 	0.0 	0.0 	-0.0 	24.0 	0.0 	0.0 	0.0 	2.90919355607	2.63167363165	121.255631624	-21.0009101847	
1.96666666667	0.0	0.0	0.0 	0.0 	87.2 	24.0 	0.0 	0.0 	0.0 	-0.0 	24.0 	0.0 	0.0 	0.0 	2.94477620443	2.64298213674	121.279101769	-21.0440142418	
1.98333333333	0.0	0.0	0.0 	0.0 	87.6 	24.0 	0.0 	0.0 	0.0 	-0.0 	24.0 	0.0 	0.0 	0.0 	2.98015738026	2.65415399764	121.302365096	-21.0878988174	
2.0	0.0	0.0	0.0 	0.0 	88.0 	24.0 	0.0 	0.0 	0.0 	-0.0 	24.0 	0.0 	0.0 	0.0 	3.01533822432	2.66519322341	121.325411451	-21.1325585817	
2.01666666667	0.0	0.0	0.0 	0.0 	88.4 	24.0 	0.0 	0.0 	0.0 	-0.0 	24.0 	0.0 	0.0 	0.0 	3.0503198709	2.67610365126	121.348230886	-21.177988123	
2.03333333333	0.0	0.0	0.0 	0.0 	88.8 	24.0 	0.0 	0.0 	0.0 	-0.0 	24.0 	0.0 	0.0 	0.0 	3.08510344789	2.68688895625	121.370813644	-21.224181953	
2.05	0.0	0.0	0.0 	0.0 	89.2 	24.0 	0.0 	0.0 	0.0 	-0.0 	24.0 	0.0 	0.0 	0.0 	3.11969007677	2.6975526603	121.393150166	-21.2711345101	
2.06666666667	0.0	0.0	0.0 	0.0 	89.6 	24.0 	0.0 	0.0 	0.0 	-0.0 	24.0 	0.0 	0.0 	0.0 	3.15408087268	2.70809814057	121.415231079	-21.3188401642	
2.08333333333	0.0	0.0	0.0 	0.0 	90.0 	24.0 	0.0 	0.0 	0.0 	-0.0 	24.0 	0.0 	0.0 	0.0 	3.18827694445	2.71852863727	121.437047196	-21.3672932205	
2.1	0.0	0.0	0.0 	0.0 	90.4 	24.0 	0.0 	0.0 	0.0 	-0.0 	24.0 	0.0 	0.0 	0.0 	3.22227939463	2.728847261	121.458589513	-21.4164879226	
2.11666666667	0.0	0.0	0.0 	0.0 	90.8 	24.0 	0.0 	0.0 	0.0 	-0.0 	24.0 	0.0 	0.0 	0.0 	3.25608931952	2.73905699954	121.479849203	-21.4664184571	
2.13333333333	0.0	0.0	0.0 	0.0 	91.2 	24.0 	0.0 	0.0 	0.0 	-0.0 	24.0 	0.0 	0.0 	0.0 	3.28970780921	2.74916072426	121.500817614	-21.5170789559	
2.15	0.0	0.0	0.0 	0.0 	91.6 	24.0 	0.0 	0.0 	0.0 	-0.0 	24.0 	0.0 	0.0 	0.0 	3.32313594765	2.75916119605	121.521486267	-21.5684635001	
2.16666666667	0.0	0.0	0.0 	0.0 	92.0 	24.0 	0.0 	0.0 	0.0 	-0.0 	24.0 	0.0 	0.0 	0.0 	3.3563748126	2.76906107094	121.54184685	-21.6205661229	
2.18333333333	0.0	0.0	0.0 	0.0 	92.4 	24.0 	0.0 	0.0 	0.0 	-0.0 	24.0 	0.0 	0.0 	0.0 	3.38942547576	2.77886290535	121.561891216	-21.6733808127	
2.2	0.0	0.0	0.0 	0.0 	92.8 	24.0 	0.0 	0.0 	0.0 	-0.0 	24.0 	0.0 	0.0 	0.0 	3.42228900275	2.78856916099	121.581611382	-21.7269015153	
2.21666666667	0.0	0.0	0.0 	0.0 	93.2 	24.0 	0.0 	0.0 	0.0 	-0.0 	24.0 	0.0 	0.0 	0.0 	3.45496645314	2.79818220948	121.600999523	-21.7811221377	
2.23333333333	0.0	0.0	0.0 	0.0 	93.6 	24.0 	0.0 	0.0 	0.0 	-0.0 	24.0 	0.0 	0.0 	0.0 	3.48745888053	2.80770433671	121.62004797	-21.8360365495	
2.25	0.0	0.0	0.0 	0.0 	94.0 	24.0 	0.0 	0.0 	0.0 	-0.0 	24.0 	0.0 	0.0 	0.0 	3.51976733253	2.8171377469	121.638749208	-21.8916385861	
2.26666666667	0.0	0.0	0.0 	0.0 	94.4 	24.0 	0.0 	0.0 	0.0 	-0.0 	24.0 	0.0 	0.0 	0.0 	3.55189285083	2.82648456646	121.657095874	-21.9479220511	
2.28333333333	0.0	0.0	0.0 	0.0 	94.8 	24.0 	0.0 	0.0 	0.0 	-0.0 	24.0 	0.0 	0.0 	0.0 	3.58383647122	2.83574684759	121.67508075	-22.004880718	
2.3	0.0	0.0	0.0 	0.0 	95.2 	24.0 	0.0 	0.0 	0.0 	-0.0 	24.0 	0.0 	0.0 	0.0 	3.61559922362	2.84492657172	121.692696766	-22.062508333	
2.31666666667	0.0	0.0	0.0 	0.0 	95.6 	24.0 	0.0 	0.0 	0.0 	-0.0 	24.0 	0.0 	0.0 	0.0 	3.64718213213	2.8540256527	121.709936995	-22.1207986166	
2.33333333333	0.0	0.0	0.0 	0.0 	96.0 	24.0 	0.0 	0.0 	0.0 	-0.0 	24.0 	0.0 	0.0 	0.0 	3.67858621503	2.86304593986	121.726794647	-22.179745266	
2.35	0.0	0.0	0.0 	0.0 	96.4 	24.0 	0.0 	0.0 	0.0 	-0.0 	24.0 	0.0 	0.0 	0.0 	3.70981248486	2.87198922084	121.743263075	-22.2393419566	
2.36666666667	0.0	0.0	0.0 	0.0 	96.8 	24.0 	0.0 	0.0 	0.0 	-0.0 	24.0 	0.0 	0.0 	0.0 	3.74086194842	2.88085722435	121.759335763	-22.2995823442	
2.38333333333	0.0	0.0	0.0 	0.0 	97.2 	24.0 	0.0 	0.0 	0.0 	-0.0 	24.0 	0.0 	0.0 	0.0 	3.77173560679	2.8896516227	121.77500633	-22.3604600665	
2.4	0.0	0.0	0.0 	0.0 	97.6 	24.0 	0.0 	0.0 	0.0 	-0.0 	24.0 	0.0 	0.0 	0.0 	3.80243445541	2.89837403423	121.790268526	-22.421968745	
2.41666666667	0.0	0.0	0.0 	0.0 	98.0 	24.0 	0.0 	0.0 	0.0 	-0.0 	24.0 	0.0 	0.0 	0.0 	3.83295948407	2.90702602561	121.805116229	-22.4841019866	
2.43333333333	0.0	0.0	0.0 	0.0 	98.4 	24.0 	0.0 	0.0 	0.0 	-0.0 	24.0 	0.0 	0.0 	0.0 	3.86331167694	2.91560911402	121.819543445	-22.5468533848	
2.45	0.0	0.0	0.0 	0.0 	98.8 	24.0 	0.0 	0.0 	0.0 	-0.0 	24.0 	0.0 	0.0 	0.0 	3.89349201265	2.92412476921	121.833544302	-22.6102165218	
2.46666666667	0.0	0.0	0.0 	0.0 	99.2 	24.0 	0.0 	0.0 	0.0 	-0.0 	24.0 	0.0 	0.0 	0.0 	3.92350146427	2.93257441545	121.847113052	-22.6741849693	
2.48333333333	0.0	0.0	0.0 	0.0 	99.6 	24.0 	0.0 	0.0 	0.0 	-0.0 	24.0 	0.0 	0.0 	0.0 	3.95334099936	2.94095943338	121.860244067	-22.7387522905	
2.5	0.0	0.0	0.0 	0.0 	100.0 	24.0 	0.0 	0.0 	0.0 	-0.0 	24.0 	0.0 	0.0 	0.0 	3.98301158	2.9492811618	121.872931836	-22.8039120409	
2.51666666667	0.0	0.0	0.0 	0.0 	100.4 	24.0 	0.0 	0.0 	0.0 	-0.0 	24.0 	0.0 	0.0 	0.0 	4.01251416284	2.95754089931	121.885170967	-22.86965777	
2.53333333333	0.0	0.0	0.0 	0.0 	100.8 	24.0 	0.0 	0.0 	0.0 	-0.0 	24.0 	0.0 	0.0 	0.0 	4.04184969908	2.96573990592	121.896956178	-22.935983022	
2.55	0.0	0.0	0.0 	0.0 	101.2 	24.0 	0.0 	0.0 	0.0 	-0.0 	24.0 	0.0 	0.0 	0.0 	4.07101913458	2.97387940456	121.908282305	-23.0028813377	
2.56666666667	0.0	0.0	0.0 	0.0 	101.6 	24.0 	0.0 	0.0 	0.0 	-0.0 	24.0 	0.0 	0.0 	0.0 	4.1000234098	2.98196058253	121.919144289	-23.0703462549	
2.58333333333	0.0	0.0	0.0 	0.0 	102.0 	24.0 	0.0 	0.0 	0.0 	-0.0 	24.0 	0.0 	0.0 	0.0 	4.1288634599	2.98998459284	121.929537185	-23.13837131	
2.6	0.0	0.0	0.0 	0.0 	102.4 	24.0 	0.0 	0.0 	0.0 	-0.0 	24.0 	0.0 	0.0 	0.0 	4.15754021474	2.99795255556	121.939456152	-23.2069500388	
2.61666666667	0.0	0.0	0.0 	0.0 	102.8 	24.0 	0.0 	0.0 	0.0 	-0.0 	24.0 	0.0 	0.0 	0.0 	4.18605459891	3.00586555903	121.948896456	-23.2760759777	
2.63333333333	0.0	0.0	0.0 	0.0 	103.2 	24.0 	0.0 	0.0 	0.0 	-0.0 	24.0 	0.0 	0.0 	0.0 	4.21440753177	3.01372466105	121.957853465	-23.3457426643	
2.65	0.0	0.0	0.0 	0.0 	103.6 	24.0 	0.0 	0.0 	0.0 	-0.0 	24.0 	0.0 	0.0 	0.0 	4.24259992748	3.02153089001	121.96632265	-23.4159436388	
2.66666666667	0.0	0.0	0.0 	0.0 	104.0 	24.0 	0.0 	0.0 	0.0 	-0.0 	24.0 	0.0 	0.0 	0.0 	4.27063269502	3.029285246	121.974299585	-23.4866724446	
2.68333333333	0.0	0.0	0.0 	0.0 	104.4 	24.0 	0.0 	0.0 	0.0 	-0.0 	24.0 	0.0 	0.0 	0.0 	4.2985067382	3.03698870178	121.981779939	-23.5579226291	
2.7	0.0	0.0	0.0 	0.0 	104.8 	24.0 	0.0 	0.0 	0.0 	-0.0 	24.0 	0.0 	0.0 	0.0 	4.32622295576	3.04457336965	121.988764421	-23.6296872643	
2.71666666667	0.0	0.0	0.0 	0.0 	105.2 	24.0 	0.0 	0.0 	0.0 	-0.0 	24.0 	0.0 	0.0 	0.0 	4.35378224131	3.0508939262	121.995336776	-23.701952045	
2.73333333333	0.0	0.0	0.0 	0.0 	105.6 	24.0 	0.0 	0.0 	0.0 	-0.0 	24.0 	0.0 	0.0 	0.0 	4.38118548341	3.05616105666	122.001567385	-23.7747054957	
2.75	0.0	0.0	0.0 	0.0 	106.0 	24.0 	0.0 	0.0 	0.0 	-0.0 	24.0 	0.0 	0.0 	0.0 	4.40843356561	3.06055033205	122.007515364	-23.8479382374	
2.76666666667	0.0	0.0	0.0 	0.0 	106.4 	24.0 	0.0 	0.0 	0.0 	-0.0 	24.0 	0.0 	0.0 	0.0 	4.43552736642	3.06420806154	122.013230348	-23.9216424573	
2.78333333333	0.0	0.0	0.0 	0.0 	106.8 	24.0 	0.0 	0.0 	0.0 	-0.0 	24.0 	0.0 	0.0 	0.0 	4.46246775942	3.06725616944	122.018753993	-23.9958115211	
2.8	0.0	0.0	0.0 	0.0 	107.2 	24.0 	0.0 	0.0 	0.0 	-0.0 	24.0 	0.0 	0.0 	0.0 	4.4892556132	3.06979625937	122.024121252	-24.0704396903	
2.81666666667	0.0	0.0	0.0 	0.0 	107.6 	24.0 	0.0 	0.0 	0.0 	-0.0 	24.0 	0.0 	0.0 	0.0 	4.51589179146	3.07191300097	122.029361439	-24.1455219124	
2.83333333333	0.0	0.0	0.0 	0.0 	108.0 	24.0 	0.0 	0.0 	0.0 	-0.0 	24.0 	0.0 	0.0 	0.0 	4.54237715301	3.0736769523	122.034499133	-24.2210536661	
2.85	0.0	0.0	0.0 	0.0 	108.4 	24.0 	0.0 	0.0 	0.0 	-0.0 	24.0 	0.0 	0.0 	0.0 	4.56871255178	3.07514691175	122.039554935	-24.2970308452	
2.86666666667	0.0	0.0	0.0 	0.0 	108.8 	24.0 	0.0 	0.0 	0.0 	-0.0 	24.0 	0.0 	0.0 	0.0 	4.59489883687	3.07637187795	122.044546109	-24.3734496707	
2.88333333333	0.0	0.0	0.0 	0.0 	109.2 	24.0 	0.0 	0.0 	0.0 	-0.0 	24.0 	0.0 	0.0 	0.0 	4.62093685259	3.07739268312	122.049487114	-24.4503066242	
2.9	0.0	0.0	0.0 	0.0 	109.6 	24.0 	0.0 	0.0 	0.0 	-0.0 	24.0 	0.0 	0.0 	0.0 	4.64682743845	3.0782433541	122.054390054	-24.5275983973	
2.91666666667	0.0	0.0	0.0 	0.0 	110.0 	24.0 	0.0 	0.0 	0.0 	-0.0 	24.0 	0.0 	0.0 	0.0 	4.67257142921	3.07895224658	122.059265061	-24.6053218517	
2.93333333333	0.0	0.0	0.0 	0.0 	110.4 	24.0 	0.0 	0.0 	0.0 	-0.0 	24.0 	0.0 	0.0 	0.0 	4.6981696549	3.07954299031	122.064120608	-24.6834739884	
2.95	0.0	0.0	0.0 	0.0 	110.8 	24.0 	0.0 	0.0 	0.0 	-0.0 	24.0 	0.0 	0.0 	0.0 	4.72362294088	3.08003527676	122.068963778	-24.7620519238	
2.96666666667	0.0	0.0	0.0 	0.0 	111.2 	24.0 	0.0 	0.0 	0.0 	-0.0 	24.0 	0.0 	0.0 	0.0 	4.74893210779	3.08044551546	122.07380049	-24.8410528707	
2.98333333333	0.0	0.0	0.0 	0.0 	111.6 	24.0 	0.0 	0.0 	0.0 	-0.0 	24.0 	0.0 	0.0 	0.0 	4.77409797165	3.08078738105	122.078635681	-24.9204741223	
3.0	0.0	0.0	0.0 	0.0 	112.0 	24.0 	0.0 	0.0 	0.0 	-0.0 	24.0 	0.0 	0.0 	0.0 	4.79912134387	3.08107226904	122.083473471	-25.0003130409	
3.01666666667	0.0	0.0	0.0 	0.0 	112.4 	24.0 	0.0 	0.0 	0.0 	-0.0 	24.0 	0.0 	0.0 	0.0 	4.82400303123	3.08130967569	122.08831729	-25.0805670473	
3.03333333333	0.0	0.0	0.0 	0.0 	112.8 	24.0 	0.0 	0.0 	0.0 	-0.0 	24.0 	0.0 	0.0 	0.0 	4.84874383599	3.08150751457	122.093169993	-25.161233613	
3.05	0.0	0.0	0.0 	0.0 	113.2 	24.0 	0.0 	0.0 	0.0 	-0.0 	24.0 	0.0 	0.0 	0.0 	4.87334455582	3.08167238031	122.09803395	-25.2423102538	
3.06666666667	0.0	0.0	0.0 	0.0 	113.6 	24.0 	0.0 	0.0 	0.0 	-0.0 	24.0 	0.0 	0.0 	0.0 	4.89780598391	3.08180976842	122.102911127	-25.3237945243	
3.08333333333	0.0	0.0	0.0 	0.0 	114.0 	24.0 	0.0 	0.0 	0.0 	-0.0 	24.0 	0.0 	0.0 	0.0 	4.92212890893	3.08192425851	122.107803148	-25.4056840132	
3.1	0.0	0.0	0.0 	0.0 	114.4 	24.0 	0.0 	0.0 	0.0 	-0.0 	24.0 	0.0 	0.0 	0.0 	4.94631411511	3.08201966692	122.112711356	-25.4879763403	
3.11666666667	0.0	0.0	0.0 	0.0 	114.8 	24.0 	0.0 	0.0 	0.0 	-0.0 	24.0 	0.0 	0.0 	0.0 	4.97036238222	3.08209917393	122.117636852	-25.5706691527	
3.13333333333	0.0	0.0	0.0 	0.0 	115.2 	24.0 	0.0 	0.0 	0.0 	-0.0 	24.0 	0.0 	0.0 	0.0 	4.99427448562	3.08216542977	122.122580538	-25.6537601227	
3.15	0.0	0.0	0.0 	0.0 	115.6 	24.0 	0.0 	0.0 	0.0 	-0.0 	24.0 	0.0 	0.0 	0.0 	5.0180511963	3.08222064297	122.127543151	-25.7372469459	
3.16666666667	0.0	0.0	0.0 	0.0 	116.0 	24.0 	0.0 	0.0 	0.0 	-0.0 	24.0 	0.0 	0.0 	0.0 	5.04169328085	3.08226665397	122.132525286	-25.8211273388	
3.18333333333	0.0	0.0	0.0 	0.0 	116.4 	24.0 	0.0 	0.0 	0.0 	-0.0 	24.0 	0.0 	0.0 	0.0 	5.06520150154	3.08230499648	122.13752742	-25.905399038	
3.2	0.0	0.0	0.0 	0.0 	116.8 	24.0 	0.0 	0.0 	0.0 	-0.0 	24.0 	0.0 	0.0 	0.0 	5.08857661633	3.08233694856	122.142549933	-25.9900597984	
3.21666666667	0.0	0.0	0.0 	0.0 	117.2 	24.0 	0.0 	0.0 	0.0 	-0.0 	24.0 	0.0 	0.0 	0.0 	5.11181937887	3.0823635753	122.147593122	-26.0751073927	
3.23333333333	0.0	0.0	0.0 	0.0 	117.6 	24.0 	0.0 	0.0 	0.0 	-0.0 	24.0 	0.0 	0.0 	0.0 	5.13493053855	3.08238576424	122.152657216	-26.1605396099	
3.25	0.0	0.0	0.0 	0.0 	118.0 	24.0 	0.0 	0.0 	0.0 	-0.0 	24.0 	0.0 	0.0 	0.0 	5.15791084052	3.08240425503	122.157742387	-26.246354255	
3.26666666667	0.0	0.0	0.0 	0.0 	118.4 	24.0 	0.0 	0.0 	0.0 	-0.0 	24.0 	0.0 	0.0 	0.0 	5.18076102572	3.08241966402	122.162848758	-26.3325491484	
3.28333333333	0.0	0.0	0.0 	0.0 	118.8 	24.0 	0.0 	0.0 	0.0 	-0.0 	24.0 	0.0 	0.0 	0.0 	5.20348183087	3.08243250485	122.167976412	-26.419122125	
3.3	0.0	0.0	0.0 	0.0 	119.2 	24.0 	0.0 	0.0 	0.0 	-0.0 	24.0 	0.0 	0.0 	0.0 	5.22607398854	3.08244320554	122.173125398	-26.5060710338	
3.31666666667	0.0	0.0	0.0 	0.0 	119.6 	24.0 	0.0 	0.0 	0.0 	-0.0 	24.0 	0.0 	0.0 	0.0 	5.24853822714	3.08245212278	122.178295739	-26.593393738	
3.33333333333	0.0	0.0	0.0 	0.0 	120.0 	24.0 	0.0 	0.0 	0.0 	-0.0 	24.0 	0.0 	0.0 	0.0 	5.27087527097	3.08245955381	122.183487432	-26.681088114	
3.35	0.0	0.0	0.0 	0.0 	120.4 	24.0 	0.0 	0.0 	0.0 	-0.0 	24.0 	0.0 	0.0 	0.0 	5.29308584021	3.08246574634	122.188700456	-26.7691520514	
3.36666666667	0.0	0.0	0.0 	0.0 	120.8 	24.0 	0.0 	0.0 	0.0 	-0.0 	24.0 	0.0 	0.0 	0.0 	5.31517065098	3.08247090678	122.193934775	-26.8575834528	
3.38333333333	0.0	0.0	0.0 	0.0 	121.2 	24.0 	0.0 	0.0 	0.0 	-0.0 	24.0 	0.0 	0.0 	0.0 	5.33713041533	3.08247520715	122.199190338	-26.9463802334	
3.4	0.0	0.0	0.0 	0.0 	121.6 	24.0 	0.0 	0.0 	0.0 	-0.0 	24.0 	0.0 	0.0 	0.0 	5.35896584129	3.08247879078	122.204467083	-27.035540321	
3.41666666667	0.0	0.0	0.0 	0.0 	122.0 	24.0 	0.0 	0.0 	0.0 	-0.0 	24.0 	0.0 	0.0 	0.0 	5.38067763287	3.08248177715	122.209764939	-27.1250616554	
3.43333333333	0.0	0.0	0.0 	0.0 	122.4 	24.0 	0.0 	0.0 	0.0 	-0.0 	24.0 	0.0 	0.0 	0.0 	5.40226649011	3.08248426579	122.215083829	-27.214942189	
3.45	0.0	0.0	0.0 	0.0 	122.8 	24.0 	0.0 	0.0 	0.0 	-0.0 	24.0 	0.0 	0.0 	0.0 	5.42373310907	3.08248633965	122.220423666	-27.3051798858	
3.46666666667	0.0	0.0	0.0 	0.0 	123.2 	24.0 	0.0 	0.0 	0.0 	-0.0 	24.0 	0.0 	0.0 	0.0 	5.44507818188	3.08248806787	122.225784362	-27.3957727219	
3.48333333333	0.0	0.0	0.0 	0.0 	123.6 	24.0 	0.0 	0.0 	0.0 	-0.0 	24.0 	0.0 	0.0 	0.0 	5.46630239674	3.08248950806	122.231165822	-27.4867186849	
3.5	0.0	0.0	0.0 	0.0 	124.0 	24.0 	0.0 	0.0 	0.0 	-0.0 	24.0 	0.0 	0.0 	0.0 	5.48740643796	3.08249070821	122.236567949	-27.5780157743	
3.51666666667	0.0	0.0	0.0 	0.0 	124.4 	24.0 	0.0 	0.0 	0.0 	-0.0 	24.0 	0.0 	0.0 	0.0 	5.50839098599	3.08249170834	122.241990643	-27.6696620009	
3.53333333333	0.0	0.0	0.0 	0.0 	124.8 	24.0 	0.0 	0.0 	0.0 	-0.0 	24.0 	0.0 	0.0 	0.0 	5.52925671739	3.08249254178	122.247433801	-27.761655387	
3.55	0.0	0.0	0.0 	0.0 	125.2 	24.0 	0.0 	0.0 	0.0 	-0.0 	24.0 	0.0 	0.0 	0.0 	5.55000430492	3.08249323631	122.25289732	-27.8539939664	
3.56666666667	0.0	0.0	0.0 	0.0 	125.6 	24.0 	0.0 	0.0 	0.0 	-0.0 	24.0 	0.0 	0.0 	0.0 	5.57063441754	3.08249381509	122.258381093	-27.9466757838	
3.58333333333	0.0	0.0	0.0 	0.0 	126.0 	24.0 	0.0 	0.0 	0.0 	-0.0 	24.0 	0.0 	0.0 	0.0 	5.59114772038	3.0824942974	122.263885015	-28.0396988954	
3.6	0.0	0.0	0.0 	0.0 	126.4 	24.0 	0.0 	0.0 	0.0 	-0.0 	24.0 	0.0 	0.0 	0.0 	5.61154487484	3.08249469933	122.269408979	-28.1330613684	
3.61666666667	0.0	0.0	0.0 	0.0 	126.8 	24.0 	0.0 	0.0 	0.0 	-0.0 	24.0 	0.0 	0.0 	0.0 	5.63182653856	3.08249503427	122.274952876	-28.2267612807	
3.63333333333	0.0	0.0	0.0 	0.0 	127.2 	24.0 	0.0 	0.0 	0.0 	-0.0 	24.0 	0.0 	0.0 	0.0 	5.65199336546	3.08249531339	122.280516599	-28.3207967217	
3.65	0.0	0.0	0.0 	0.0 	127.6 	24.0 	0.0 	0.0 	0.0 	-0.0 	24.0 	0.0 	0.0 	0.0 	5.67204600577	3.08249554599	122.28610004	-28.4151657912	
3.66666666667	0.0	0.0	0.0 	0.0 	128.0 	24.0 	0.0 	0.0 	0.0 	-0.0 	24.0 	0.0 	0.0 	0.0 	5.69198510601	3.08249573982	122.29170309	-28.5098665999	
3.68333333333	0.0	0.0	0.0 	0.0 	128.4 	24.0 	0.0 	0.0 	0.0 	-0.0 	24.0 	0.0 	0.0 	0.0 	5.71181130906	3.08249590135	122.297325641	-28.6048972694	
3.7	0.0	0.0	0.0 	0.0 	128.8 	24.0 	0.0 	0.0 	0.0 	-0.0 	24.0 	0.0 	0.0 	0.0 	5.73152525416	3.08249603595	122.302967585	-28.7002559319	
3.71666666667	0.0	0.0	0.0 	0.0 	129.2 	24.0 	0.0 	0.0 	0.0 	-0.0 	24.0 	0.0 	0.0 	0.0 	5.75112757693	3.08249614812	122.308628814	-28.7959407301	
3.73333333333	0.0	0.0	0.0 	0.0 	129.6 	24.0 	0.0 	0.0 	0.0 	-0.0 	24.0 	0.0 	0.0 	0.0 	5.77061890937	3.0824962416	122.314309221	-28.8919498172	
3.75	0.0	0.0	0.0 	0.0 	130.0 	24.0 	0.0 	0.0 	0.0 	-0.0 	24.0 	0.0 	0.0 	0.0 	5.78999987993	3.0824963195	122.320008698	-28.9882813571	
3.76666666667	0.0	0.0	0.0 	0.0 	130.4 	24.0 	0.0 	0.0 	0.0 	-0.0 	24.0 	0.0 	0.0 	0.0 	5.80927111348	3.08249638441	122.325727139	-29.0849335238	
3.78333333333	0.0	0.0	0.0 	0.0 	130.8 	24.0 	0.0 	0.0 	0.0 	-0.0 	24.0 	0.0 	0.0 	0.0 	5.82843323138	3.0824964385	122.331464437	-29.181904502	
3.8	0.0	0.0	0.0 	0.0 	131.2 	24.0 	0.0 	0.0 	0.0 	-0.0 	24.0 	0.0 	0.0 	0.0 	5.84748685144	3.08249648358	122.337220487	-29.2791924865	
3.81666666667	0.0	0.0	0.0 	0.0 	131.6 	24.0 	0.0 	0.0 	0.0 	-0.0 	24.0 	0.0 	0.0 	0.0 	5.86643258799	3.08249652115	122.342995182	-29.3767956822	
3.83333333333	0.0	0.0	0.0 	0.0 	132.0 	24.0 	0.0 	0.0 	0.0 	-0.0 	24.0 	0.0 	0.0 	0.0 	5.88527105187	3.08249655245	122.348788418	-29.4747123044	
3.85	0.0	0.0	0.0 	0.0 	132.4 	24.0 	0.0 	0.0 	0.0 	-0.0 	24.0 	0.0 	0.0 	0.0 	5.90400285048	3.08249657854	122.354600091	-29.5729405784	
3.86666666667	0.0	0.0	0.0 	0.0 	132.8 	24.0 	0.0 	0.0 	0.0 	-0.0 	24.0 	0.0 	0.0 	0.0 	5.92262858777	3.08249660028	122.360430095	-29.6714787395	
3.88333333333	0.0	0.0	0.0 	0.0 	133.2 	24.0 	0.0 	0.0 	0.0 	-0.0 	24.0 	0.0 	0.0 	0.0 	5.94114886426	3.0824966184	122.366278329	-29.7703250332	
3.9	0.0	0.0	0.0 	0.0 	133.6 	24.0 	0.0 	0.0 	0.0 	-0.0 	24.0 	0.0 	0.0 	0.0 	5.95956427708	3.08249663349	122.372144689	-29.8694777148	
3.91666666667	0.0	0.0	0.0 	0.0 	134.0 	24.0 	0.0 	0.0 	0.0 	-0.0 	24.0 	0.0 	0.0 	0.0 	5.97787541999	3.08249664607	122.378029072	-29.9689350494	
3.93333333333	0.0	0.0	0.0 	0.0 	134.4 	24.0 	0.0 	0.0 	0.0 	-0.0 	24.0 	0.0 	0.0 	0.0 	5.99608288336	3.08249665656	122.383931376	-30.0686953121	
3.95	0.0	0.0	0.0 	0.0 	134.8 	24.0 	0.0 	0.0 	0.0 	-0.0 	24.0 	0.0 	0.0 	0.0 	6.01418725425	3.0824966653	122.389851502	-30.1687567876	
3.96666666667	0.0	0.0	0.0 	0.0 	135.2 	24.0 	0.0 	0.0 	0.0 	-0.0 	24.0 	0.0 	0.0 	0.0 	6.03218911637	3.08249667258	122.395789346	-30.2691177704	
3.98333333333	0.0	0.0	0.0 	0.0 	135.6 	24.0 	0.0 	0.0 	0.0 	-0.0 	24.0 	0.0 	0.0 	0.0 	6.05008905014	3.08249667864	122.40174481	-30.3697765647	
4.0	0.0	0.0	0.0 	0.0 	136.0 	24.0 	0.0 	0.0 	0.0 	-0.0 	24.0 	0.0 	0.0 	0.0 	6.06788763269	3.0824966837	122.407717794	-30.4707314842	
4.01666666667	0.0	0.0	0.0 	0.0 	136.4 	24.0 	0.0 	0.0 	0.0 	-0.0 	24.0 	0.0 	0.0 	0.0 	6.08558543787	3.08249668791	122.413708198	-30.5719808523	
4.03333333333	0.0	0.0	0.0 	0.0 	136.8 	24.0 	0.0 	0.0 	0.0 	-0.0 	24.0 	0.0 	0.0 	0.0 	6.10318303631	3.08249669142	122.419715925	-30.6735230017	
4.05	0.0	0.0	0.0 	0.0 	137.2 	24.0 	0.0 	0.0 	0.0 	-0.0 	24.0 	0.0 	0.0 	0.0 	6.12068099537	3.08249669435	122.425740875	-30.7753562747	
4.06666666667	0.0	0.0	0.0 	0.0 	137.6 	24.0 	0.0 	0.0 	0.0 	-0.0 	24.0 	0.0 	0.0 	0.0 	6.13807987923	3.08249669679	122.431782952	-30.8774790229	
4.08333333333	0.0	0.0	0.0 	0.0 	138.0 	24.0 	0.0 	0.0 	0.0 	-0.0 	24.0 	0.0 	0.0 	0.0 	6.15538024887	3.08249669882	122.437842058	-30.9798896072	
4.1	0.0	0.0	0.0 	0.0 	138.4 	24.0 	0.0 	0.0 	0.0 	-0.0 	24.0 	0.0 	0.0 	0.0 	6.17258266207	3.08249670051	122.443918098	-31.082586398	
4.11666666667	0.0	0.0	0.0 	0.0 	138.8 	24.0 	0.0 	0.0 	0.0 	-0.0 	24.0 	0.0 	0.0 	0.0 	6.18968767348	3.08249670192	122.450010974	-31.1855677746	
4.13333333333	0.0	0.0	0.0 	0.0 	139.2 	24.0 	0.0 	0.0 	0.0 	-0.0 	24.0 	0.0 	0.0 	0.0 	6.2066958346	3.0824967031	122.456120593	-31.2888321258	
4.15	0.0	0.0	0.0 	0.0 	139.6 	24.0 	0.0 	0.0 	0.0 	-0.0 	24.0 	0.0 	0.0 	0.0 	6.2236076938	3.08249670408	122.46224686	-31.3923778492	
4.16666666667	0.0	0.0	0.0 	0.0 	140.0 	24.0 	0.0 	0.0 	0.0 	-0.0 	24.0 	0.0 	0.0 	0.0 	6.24042379636	3.0824967049	122.468389679	-31.4962033518	
4.18333333333	0.0	0.0	0.0 	0.0 	140.4 	24.0 	0.0 	0.0 	0.0 	-0.0 	24.0 	0.0 	0.0 	0.0 	6.25714468445	3.08249670558	122.474548957	-31.6003070493	
4.2	0.0	0.0	0.0 	0.0 	140.8 	24.0 	0.0 	0.0 	0.0 	-0.0 	24.0 	0.0 	0.0 	0.0 	6.2737708972	3.08249670614	122.480724602	-31.7046873667	
4.21666666667	0.0	0.0	0.0 	0.0 	141.2 	24.0 	0.0 	0.0 	0.0 	-0.0 	24.0 	0.0 	0.0 	0.0 	6.29030297065	3.08249670662	122.48691652	-31.8093427377	
4.23333333333	0.0	0.0	0.0 	0.0 	141.6 	24.0 	0.0 	0.0 	0.0 	-0.0 	24.0 	0.0 	0.0 	0.0 	6.30674143785	3.08249670701	122.493124619	-31.9142716048	
4.25	0.0	0.0	0.0 	0.0 	142.0 	24.0 	0.0 	0.0 	0.0 	-0.0 	24.0 	0.0 	0.0 	0.0 	6.3230868288	3.08249670734	122.499348808	-32.0194724196	
4.26666666667	0.0	0.0	0.0 	0.0 	142.4 	24.0 	0.0 	0.0 	0.0 	-0.0 	24.0 	0.0 	0.0 	0.0 	6.3393396705	3.08249670761	122.505588996	-32.1249436422	
4.28333333333	0.0	0.0	0.0 	0.0 	142.8 	24.0 	0.0 	0.0 	0.0 	-0.0 	24.0 	0.0 	0.0 	0.0 	6.35550048698	3.08249670784	122.511845091	-32.2306837415	
4.3	0.0	0.0	0.0 	0.0 	143.2 	24.0 	0.0 	0.0 	0.0 	-0.0 	24.0 	0.0 	0.0 	0.0 	6.37156979929	3.08249670803	122.518117005	-32.3366911952	
4.31666666667	0.0	0.0	0.0 	0.0 	143.6 	24.0 	0.0 	0.0 	0.0 	-0.0 	24.0 	0.0 	0.0 	0.0 	6.38754812554	3.08249670819	122.524404647	-32.4429644895	
4.33333333333	0.0	0.0	0.0 	0.0 	144.0 	24.0 	0.0 	0.0 	0.0 	-0.0 	24.0 	0.0 	0.0 	0.0 	6.4034359809	3.08249670832	122.530707928	-32.5495021191	
4.35	0.0	0.0	0.0 	0.0 	144.4 	24.0 	0.0 	0.0 	0.0 	-0.0 	24.0 	0.0 	0.0 	0.0 	6.41923387763	3.08249670843	122.53702676	-32.6563025874	
4.36666666667	0.0	0.0	0.0 	0.0 	144.8 	24.0 	0.0 	0.0 	0.0 	-0.0 	24.0 	0.0 	0.0 	0.0 	6.43494232508	3.08249670852	122.543361055	-32.763364406	
4.38333333333	0.0	0.0	0.0 	0.0 	145.2 	24.0 	0.0 	0.0 	0.0 	-0.0 	24.0 	0.0 	0.0 	0.0 	6.45056182972	3.0824967086	122.549710725	-32.8706860954	
4.4	0.0	0.0	0.0 	0.0 	145.6 	24.0 	0.0 	0.0 	0.0 	-0.0 	24.0 	0.0 	0.0 	0.0 	6.46609289516	3.08249670866	122.556075684	-32.9782661839	
4.41666666667	0.0	0.0	0.0 	0.0 	146.0 	24.0 	0.0 	0.0 	0.0 	-0.0 	24.0 	0.0 	0.0 	0.0 	6.48153602215	3.08249670871	122.562455844	-33.0861032086	
4.43333333333	0.0	0.0	0.0 	0.0 	146.4 	24.0 	0.0 	0.0 	0.0 	-0.0 	24.0 	0.0 	0.0 	0.0 	6.4968917086	3.08249670876	122.568851119	-33.1941957147	
4.45	0.0	0.0	0.0 	0.0 	146.8 	24.0 	0.0 	0.0 	0.0 	-0.0 	24.0 	0.0 	0.0 	0.0 	6.51216044961	3.08249670879	122.575261424	-33.3025422555	
4.46666666667	0.0	0.0	0.0 	0.0 	147.2 	24.0 	0.0 	0.0 	0.0 	-0.0 	24.0 	0.0 	0.0 	0.0 	6.52734273747	3.08249670882	122.581686674	-33.4111413927	
4.48333333333	0.0	0.0	0.0 	0.0 	147.6 	24.0 	0.0 	0.0 	0.0 	-0.0 	24.0 	0.0 	0.0 	0.0 	6.5424390617	3.08249670885	122.588126784	-33.5199916962	
4.5	0.0	0.0	0.0 	0.0 	148.0 	24.0 	0.0 	0.0 	0.0 	-0.0 	24.0 	0.0 	0.0 	0.0 	6.55744990902	3.08249670887	122.594581671	-33.6290917437	
4.51666666667	0.0	0.0	0.0 	0.0 	148.4 	24.0 	0.0 	0.0 	0.0 	-0.0 	24.0 	0.0 	0.0 	0.0 	6.57237576342	3.08249670889	122.601051249	-33.7384401211	
4.53333333333	0.0	0.0	0.0 	0.0 	148.8 	24.0 	0.0 	0.0 	0.0 	-0.0 	24.0 	0.0 	0.0 	0.0 	6.58721710613	3.0824967089	122.607535437	-33.8480354225	
4.55	0.0	0.0	0.0 	0.0 	149.2 	24.0 	0.0 	0.0 	0.0 	-0.0 	24.0 	0.0 	0.0 	0.0 	6.60197441566	3.08249670892	122.614034152	-33.9578762497	
4.56666666667	0.0	0.0	0.0 	0.0 	149.6 	24.0 	0.0 	0.0 	0.0 	-0.0 	24.0 	0.0 	0.0 	0.0 	6.61664816783	3.08249670893	122.62054731	-34.0679612125	
4.58333333333	0.0	0.0	0.0 	0.0 	150.0 	24.0 	0.0 	0.0 	0.0 	-0.0 	24.0 	0.0 	0.0 	0.0 	6.63123883574	3.08249670894	122.627074832	-34.1782889286	
4.6	0.0	0.0	0.0 	0.0 	150.4 	24.0 	0.0 	0.0 	0.0 	-0.0 	24.0 	0.0 	0.0 	0.0 	6.64574688982	3.08249670894	122.633616634	-34.2888580235	
4.61666666667	0.0	0.0	0.0 	0.0 	150.8 	24.0 	0.0 	0.0 	0.0 	-0.0 	24.0 	0.0 	0.0 	0.0 	6.66017279784	3.08249670895	122.640172636	-34.3996671305	
4.63333333333	0.0	0.0	0.0 	0.0 	151.2 	24.0 	0.0 	0.0 	0.0 	-0.0 	24.0 	0.0 	0.0 	0.0 	6.67451702492	3.08249670895	122.646742759	-34.5107148906	
4.65	0.0	0.0	0.0 	0.0 	151.6 	24.0 	0.0 	0.0 	0.0 	-0.0 	24.0 	0.0 	0.0 	0.0 	6.68878003355	3.08249670896	122.653326921	-34.6219999525	
4.66666666667	0.0	0.0	0.0 	0.0 	152.0 	24.0 	0.0 	0.0 	0.0 	-0.0 	24.0 	0.0 	0.0 	0.0 	6.70296228359	3.08249670896	122.659925044	-34.7335209727	
4.68333333333	0.0	0.0	0.0 	0.0 	152.4 	24.0 	0.0 	0.0 	0.0 	-0.0 	24.0 	0.0 	0.0 	0.0 	6.7170642323	3.08249670896	122.666537048	-34.845276615	
4.7	0.0	0.0	0.0 	0.0 	152.8 	24.0 	0.0 	0.0 	0.0 	-0.0 	24.0 	0.0 	0.0 	0.0 	6.73108633436	3.08249670897	122.673162855	-34.9572655511	
4.71666666667	0.0	0.0	0.0 	0.0 	153.2 	24.0 	0.0 	0.0 	0.0 	-0.0 	24.0 	0.0 	0.0 	0.0 	6.74502904188	3.08249670897	122.679802387	-35.06948646	
4.73333333333	0.0	0.0	0.0 	0.0 	153.6 	24.0 	0.0 	0.0 	0.0 	-0.0 	24.0 	0.0 	0.0 	0.0 	6.75889280438	3.08249670897	122.686455565	-35.1819380282	
4.75	0.0	0.0	0.0 	0.0 	154.0 	24.0 	0.0 	0.0 	0.0 	-0.0 	24.0 	0.0 	0.0 	0.0 	6.77267806887	3.08249670897	122.693122313	-35.2946189498	
4.76666666667	0.0	0.0	0.0 	0.0 	154.4 	24.0 	0.0 	0.0 	0.0 	-0.0 	24.0 	0.0 	0.0 	0.0 	6.7863852798	3.08249670897	122.699802554	-35.4075279261	
4.78333333333	0.0	0.0	0.0 	0.0 	154.8 	24.0 	0.0 	0.0 	0.0 	-0.0 	24.0 	0.0 	0.0 	0.0 	6.80001487913	3.08249670897	122.706496211	-35.5206636658	
4.8	0.0	0.0	0.0 	0.0 	155.2 	24.0 	0.0 	0.0 	0.0 	-0.0 	24.0 	0.0 	0.0 	0.0 	6.8135673063	3.08249670897	122.713203209	-35.6340248851	
4.81666666667	0.0	0.0	0.0 	0.0 	155.6 	24.0 	0.0 	0.0 	0.0 	-0.0 	24.0 	0.0 	0.0 	0.0 	6.82704299826	3.08249670897	122.719923472	-35.7476103071	
4.83333333333	0.0	0.0	0.0 	0.0 	156.0 	24.0 	0.0 	0.0 	0.0 	-0.0 	24.0 	0.0 	0.0 	0.0 	6.84044238951	3.08249670898	122.726656925	-35.8614186624	
4.85	0.0	0.0	0.0 	0.0 	156.4 	24.0 	0.0 	0.0 	0.0 	-0.0 	24.0 	0.0 	0.0 	0.0 	6.85376591205	3.08249670898	122.733403492	-35.9754486889	
4.86666666667	0.0	0.0	0.0 	0.0 	156.8 	24.0 	0.0 	0.0 	0.0 	-0.0 	24.0 	0.0 	0.0 	0.0 	6.86701399547	3.08249670898	122.740163101	-36.0896991313	
4.88333333333	0.0	0.0	0.0 	0.0 	157.2 	24.0 	0.0 	0.0 	0.0 	-0.0 	24.0 	0.0 	0.0 	0.0 	6.88018706691	3.08249670898	122.746935677	-36.2041687416	
4.9	0.0	0.0	0.0 	0.0 	157.6 	24.0 	0.0 	0.0 	0.0 	-0.0 	24.0 	0.0 	0.0 	0.0 	6.8932855511	3.08249670898	122.753721146	-36.3188562789	
4.91666666667	0.0	0.0	0.0 	0.0 	158.0 	24.0 	0.0 	0.0 	0.0 	-0.0 	24.0 	0.0 	0.0 	0.0 	6.90630987035	3.08249670898	122.760519436	-36.4337605092	
4.93333333333	0.0	0.0	0.0 	0.0 	158.4 	24.0 	0.0 	0.0 	0.0 	-0.0 	24.0 	0.0 	0.0 	0.0 	6.9192604446	3.08249670898	122.767330473	-36.5488802057	
4.95	0.0	0.0	0.0 	0.0 	158.8 	24.0 	0.0 	0.0 	0.0 	-0.0 	24.0 	0.0 	0.0 	0.0 	6.9321376914	3.08249670898	122.774154187	-36.6642141483	
4.96666666667	0.0	0.0	0.0 	0.0 	159.2 	24.0 	0.0 	0.0 	0.0 	-0.0 	24.0 	0.0 	0.0 	0.0 	6.94494202593	3.08249670898	122.780990505	-36.7797611239	
4.98333333333	0.0	0.0	0.0 	0.0 	159.6 	24.0 	0.0 	0.0 	0.0 	-0.0 	24.0 	0.0 	0.0 	0.0 	6.95767386104	3.08249670898	122.787839355	-36.8955199264	
5.0	0.0	0.0	0.0 	0.0 	160.0 	24.0 	0.0 	0.0 	0.0 	-0.0 	24.0 	0.0 	0.0 	0.0 	6.97033360721	3.08249670898	122.794700668	-37.0114893563	
5.01666666667	0.0	0.0	0.0 	0.0 	160.4 	24.0 	0.0 	0.0 	0.0 	-0.0 	24.0 	0.0 	0.0 	0.0 	6.98292167263	3.08249670898	122.801574371	-37.127668221	
5.03333333333	0.0	0.0	0.0 	0.0 	160.8 	24.0 	0.0 	0.0 	0.0 	-0.0 	24.0 	0.0 	0.0 	0.0 	6.99543846316	3.08249670898	122.808460395	-37.2440553348	
5.05	0.0	0.0	0.0 	0.0 	161.2 	24.0 	0.0 	0.0 	0.0 	-0.0 	24.0 	0.0 	0.0 	0.0 	7.00788438237	3.08249670898	122.815358671	-37.3606495184	
5.06666666667	0.0	0.0	0.0 	0.0 	161.6 	24.0 	0.0 	0.0 	0.0 	-0.0 	24.0 	0.0 	0.0 	0.0 	7.02025983152	3.08249670898	122.822269128	-37.4774495995	
5.08333333333	0.0	0.0	0.0 	0.0 	162.0 	24.0 	0.0 	0.0 	0.0 	-0.0 	24.0 	0.0 	0.0 	0.0 	7.03256520965	3.08249670898	122.829191699	-37.5944544122	
5.1	0.0	0.0	0.0 	0.0 	162.4 	24.0 	0.0 	0.0 	0.0 	-0.0 	24.0 	0.0 	0.0 	0.0 	7.04480091348	3.08249670898	122.836126314	-37.7116627973	
5.11666666667	0.0	0.0	0.0 	0.0 	162.8 	24.0 	0.0 	0.0 	0.0 	-0.0 	24.0 	0.0 	0.0 	0.0 	7.05696733753	3.08249670898	122.843072905	-37.8290736021	
5.13333333333	0.0	0.0	0.0 	0.0 	163.2 	24.0 	0.0 	0.0 	0.0 	-0.0 	24.0 	0.0 	0.0 	0.0 	7.06906487407	3.08249670898	122.850031404	-37.9466856806	
5.15	0.0	0.0	0.0 	0.0 	163.6 	24.0 	0.0 	0.0 	0.0 	-0.0 	24.0 	0.0 	0.0 	0.0 	7.08109391314	3.08249670898	122.857001744	-38.0644978931	
5.16666666667	0.0	0.0	0.0 	0.0 	164.0 	24.0 	0.0 	0.0 	0.0 	-0.0 	24.0 	0.0 	0.0 	0.0 	7.09305484258	3.08249670898	122.863983858	-38.1825091065	
5.18333333333	0.0	0.0	0.0 	0.0 	164.4 	24.0 	0.0 	0.0 	0.0 	-0.0 	24.0 	0.0 	0.0 	0.0 	7.10494804804	3.08249670898	122.870977679	-38.3007181939	
5.2	0.0	0.0	0.0 	0.0 	164.8 	24.0 	0.0 	0.0 	0.0 	-0.0 	24.0 	0.0 	0.0 	0.0 	7.11677391297	3.08249670898	122.877983141	-38.419124035	
5.21666666667	0.0	0.0	0.0 	0.0 	165.2 	24.0 	0.0 	0.0 	0.0 	-0.0 	24.0 	0.0 	0.0 	0.0 	7.12853281867	3.08249670898	122.885000178	-38.5377255157	
5.23333333333	0.0	0.0	0.0 	0.0 	165.6 	24.0 	0.0 	0.0 	0.0 	-0.0 	24.0 	0.0 	0.0 	0.0 	7.14022514426	3.08249670898	122.892028725	-38.6565215283	
5.25	0.0	0.0	0.0 	0.0 	166.0 	24.0 	0.0 	0.0 	0.0 	-0.0 	24.0 	0.0 	0.0 	0.0 	7.15185126673	3.08249670898	122.899068715	-38.7755109714	
5.26666666667	0.0	0.0	0.0 	0.0 	166.4 	24.0 	0.0 	0.0 	0.0 	-0.0 	24.0 	0.0 	0.0 	0.0 	7.16341156093	3.08249670898	122.906120086	-38.8946927498	
5.28333333333	0.0	0.0	0.0 	0.0 	166.8 	24.0 	0.0 	0.0 	0.0 	-0.0 	24.0 	0.0 	0.0 	0.0 	7.17490639958	3.08249670898	122.913182771	-39.0140657743	
5.3	0.0	0.0	0.0 	0.0 	167.2 	24.0 	0.0 	0.0 	0.0 	-0.0 	24.0 	0.0 	0.0 	0.0 	7.1863361533	3.08249670898	122.920256707	-39.1336289622	
5.31666666667	0.0	0.0	0.0 	0.0 	167.6 	24.0 	0.0 	0.0 	0.0 	-0.0 	24.0 	0.0 	0.0 	0.0 	7.19770119061	3.08249670898	122.927341831	-39.2533812367	
5.33333333333	0.0	0.0	0.0 	0.0 	168.0 	24.0 	0.0 	0.0 	0.0 	-0.0 	24.0 	0.0 	0.0 	0.0 	7.20900187793	3.08249670898	122.934438078	-39.3733215273	
5.35	0.0	0.0	0.0 	0.0 	168.4 	24.0 	0.0 	0.0 	0.0 	-0.0 	24.0 	0.0 	0.0 	0.0 	7.22023857963	3.08249670898	122.941545387	-39.4934487692	
5.36666666667	0.0	0.0	0.0 	0.0 	168.8 	24.0 	0.0 	0.0 	0.0 	-0.0 	24.0 	0.0 	0.0 	0.0 	7.23141165799	3.08249670898	122.948663694	-39.6137619041	
5.38333333333	0.0	0.0	0.0 	0.0 	169.2 	24.0 	0.0 	0.0 	0.0 	-0.0 	24.0 	0.0 	0.0 	0.0 	7.24252147326	3.08249670898	122.955792936	-39.7342598793	
5.4	0.0	0.0	0.0 	0.0 	169.6 	24.0 	0.0 	0.0 	0.0 	-0.0 	24.0 	0.0 	0.0 	0.0 	7.25356838364	3.08249670898	122.962933053	-39.8549416483	
5.41666666667	0.0	0.0	0.0 	0.0 	170.0 	24.0 	0.0 	0.0 	0.0 	-0.0 	24.0 	0.0 	0.0 	0.0 	7.2645527453	3.08249670898	122.970083983	-39.9758061704	
5.43333333333	0.0	0.0	0.0 	0.0 	170.4 	24.0 	0.0 	0.0 	0.0 	-0.0 	24.0 	0.0 	0.0 	0.0 	7.2754749124	3.08249670898	122.977245664	-40.0968524109	
5.45	0.0	0.0	0.0 	0.0 	170.8 	24.0 	0.0 	0.0 	0.0 	-0.0 	24.0 	0.0 	0.0 	0.0 	7.2863352371	3.08249670898	122.984418035	-40.2180793408	
5.46666666667	0.0	0.0	0.0 	0.0 	171.2 	24.0 	0.0 	0.0 	0.0 	-0.0 	24.0 	0.0 	0.0 	0.0 	7.29713406955	3.08249670898	122.991601036	-40.339485937	
5.48333333333	0.0	0.0	0.0 	0.0 	171.6 	24.0 	0.0 	0.0 	0.0 	-0.0 	24.0 	0.0 	0.0 	0.0 	7.30787175792	3.08249670898	122.998794607	-40.4610711823	
5.5	0.0	0.0	0.0 	0.0 	172.0 	24.0 	0.0 	0.0 	0.0 	-0.0 	24.0 	0.0 	0.0 	0.0 	7.31854864843	3.08249670898	123.005998688	-40.5828340652	
5.51666666667	0.0	0.0	0.0 	0.0 	172.4 	24.0 	0.0 	0.0 	0.0 	-0.0 	24.0 	0.0 	0.0 	0.0 	7.3291650853	3.08249670898	123.013213219	-40.7047735798	
5.53333333333	0.0	0.0	0.0 	0.0 	172.8 	24.0 	0.0 	0.0 	0.0 	-0.0 	24.0 	0.0 	0.0 	0.0 	7.33972141085	3.08249670898	123.020438142	-40.826888726	
5.55	0.0	0.0	0.0 	0.0 	173.2 	24.0 	0.0 	0.0 	0.0 	-0.0 	24.0 	0.0 	0.0 	0.0 	7.35021796542	3.08249670898	123.027673397	-40.9491785094	
5.56666666667	0.0	0.0	0.0 	0.0 	173.6 	24.0 	0.0 	0.0 	0.0 	-0.0 	24.0 	0.0 	0.0 	0.0 	7.36065508744	3.08249670898	123.034918925	-41.0716419412	
5.58333333333	0.0	0.0	0.0 	0.0 	174.0 	24.0 	0.0 	0.0 	0.0 	-0.0 	24.0 	0.0 	0.0 	0.0 	7.37103311343	3.08249670898	123.04217467	-41.1942780381	
5.6	0.0	0.0	0.0 	0.0 	174.4 	24.0 	0.0 	0.0 	0.0 	-0.0 	24.0 	0.0 	0.0 	0.0 	7.38135237799	3.08249670898	123.049440572	-41.3170858226	
5.61666666667	0.0	0.0	0.0 	0.0 	174.8 	24.0 	0.0 	0.0 	0.0 	-0.0 	24.0 	0.0 	0.0 	0.0 	7.39161321384	3.08249670898	123.056716575	-41.4400643224	
5.63333333333	0.0	0.0	0.0 	0.0 	175.2 	24.0 	0.0 	0.0 	0.0 	-0.0 	24.0 	0.0 	0.0 	0.0 	7.40181595181	3.08249670898	123.064002621	-41.5632125711	
5.65	0.0	0.0	0.0 	0.0 	175.6 	24.0 	0.0 	0.0 	0.0 	-0.0 	24.0 	0.0 	0.0 	0.0 	7.41196092085	3.08249670898	123.071298653	-41.6865296074	
5.66666666667	0.0	0.0	0.0 	0.0 	176.0 	24.0 	0.0 	0.0 	0.0 	-0.0 	24.0 	0.0 	0.0 	0.0 	7.42204844805	3.08249670898	123.078604615	-41.8100144756	
5.68333333333	0.0	0.0	0.0 	0.0 	176.4 	24.0 	0.0 	0.0 	0.0 	-0.0 	24.0 	0.0 	0.0 	0.0 	7.43207885867	3.08249670898	123.08592045	-41.9336662256	
5.7	0.0	0.0	0.0 	0.0 	176.8 	24.0 	0.0 	0.0 	0.0 	-0.0 	24.0 	0.0 	0.0 	0.0 	7.44205247609	3.08249670898	123.093246103	-42.0574839123	
5.71666666667	0.0	0.0	0.0 	0.0 	177.2 	24.0 	0.0 	0.0 	0.0 	-0.0 	24.0 	0.0 	0.0 	0.0 	7.45196962189	3.08249670898	123.100581518	-42.1814665962	
5.73333333333	0.0	0.0	0.0 	0.0 	177.6 	24.0 	0.0 	0.0 	0.0 	-0.0 	24.0 	0.0 	0.0 	0.0 	7.46183061581	3.08249670898	123.10792664	-42.3056133432	
5.75	0.0	0.0	0.0 	0.0 	178.0 	24.0 	0.0 	0.0 	0.0 	-0.0 	24.0 	0.0 	0.0 	0.0 	7.47163577579	3.08249670898	123.115281414	-42.4299232242	
5.76666666667	0.0	0.0	0.0 	0.0 	178.4 	24.0 	0.0 	0.0 	0.0 	-0.0 	24.0 	0.0 	0.0 	0.0 	7.48138541797	3.08249670898	123.122645784	-42.5543953156	
5.78333333333	0.0	0.0	0.0 	0.0 	178.8 	24.0 	0.0 	0.0 	0.0 	-0.0 	24.0 	0.0 	0.0 	0.0 	7.4910798567	3.08249670898	123.130019698	-42.6790286989	
5.8	0.0	0.0	0.0 	0.0 	179.2 	24.0 	0.0 	0.0 	0.0 	-0.0 	24.0 	0.0 	0.0 	0.0 	7.50071940455	3.08249670898	123.1374031	-42.8038224609	
5.81666666667	0.0	0.0	0.0 	0.0 	179.6 	24.0 	0.0 	0.0 	0.0 	-0.0 	24.0 	0.0 	0.0 	0.0 	7.5103043723	3.08249670898	123.144795938	-42.9287756935	
5.83333333333	0.0	0.0	0.0 	0.0 	180.0 	24.0 	0.0 	0.0 	0.0 	-0.0 	24.0 	0.0 	0.0 	0.0 	7.51983506901	3.08249670898	123.152198157	-43.0538874938	
5.85	0.0	0.0	0.0 	0.0 	180.4 	24.0 	0.0 	0.0 	0.0 	-0.0 	24.0 	0.0 	0.0 	0.0 	7.52931180195	3.08249670898	123.159609704	-43.1791569638	
5.86666666667	0.0	0.0	0.0 	0.0 	180.8 	24.0 	0.0 	0.0 	0.0 	-0.0 	24.0 	0.0 	0.0 	0.0 	7.53873487668	3.08249670898	123.167030527	-43.304583211	
5.88333333333	0.0	0.0	0.0 	0.0 	181.2 	24.0 	0.0 	0.0 	0.0 	-0.0 	24.0 	0.0 	0.0 	0.0 	7.54810459701	3.08249670898	123.174460574	-43.4301653476	
5.9	0.0	0.0	0.0 	0.0 	181.6 	24.0 	0.0 	0.0 	0.0 	-0.0 	24.0 	0.0 	0.0 	0.0 	7.55742126505	3.08249670898	123.181899791	-43.5559024909	
5.91666666667	0.0	0.0	0.0 	0.0 	182.0 	24.0 	0.0 	0.0 	0.0 	-0.0 	24.0 	0.0 	0.0 	0.0 	7.56668518117	3.08249670898	123.189348127	-43.6817937632	
5.93333333333	0.0	0.0	0.0 	0.0 	182.4 	24.0 	0.0 	0.0 	0.0 	-0.0 	24.0 	0.0 	0.0 	0.0 	7.57589664407	3.08249670898	123.196805531	-43.807838292	
5.95	0.0	0.0	0.0 	0.0 	182.8 	24.0 	0.0 	0.0 	0.0 	-0.0 	24.0 	0.0 	0.0 	0.0 	7.58505595075	3.08249670898	123.204271951	-43.9340352094	
5.96666666667	0.0	0.0	0.0 	0.0 	183.2 	24.0 	0.0 	0.0 	0.0 	-0.0 	24.0 	0.0 	0.0 	0.0 	7.5941633965	3.08249670898	123.211747336	-44.0603836526	
5.98333333333	0.0	0.0	0.0 	0.0 	183.6 	24.0 	0.0 	0.0 	0.0 	-0.0 	24.0 	0.0 	0.0 	0.0 	7.60321927499	3.08249670898	123.219231635	-44.1868827636	
6.0	0.0	0.0	0.0 	0.0 	184.0 	24.0 	0.0 	0.0 	0.0 	-0.0 	24.0 	0.0 	0.0 	0.0 	7.61222387818	3.08249670898	123.226724798	-44.3135316893	
6.01666666667	0.0	0.0	0.0 	0.0 	184.4 	24.0 	0.0 	0.0 	0.0 	-0.0 	24.0 	0.0 	0.0 	0.0 	7.6211774964	3.08249670898	123.234226774	-44.4403295815	
6.03333333333	0.0	0.0	0.0 	0.0 	184.8 	24.0 	0.0 	0.0 	0.0 	-0.0 	24.0 	0.0 	0.0 	0.0 	7.63008041834	3.08249670898	123.241737514	-44.5672755967	
6.05	0.0	0.0	0.0 	0.0 	185.2 	24.0 	0.0 	0.0 	0.0 	-0.0 	24.0 	0.0 	0.0 	0.0 	7.63893293104	3.08249670898	123.249256968	-44.6943688963	
6.06666666667	0.0	0.0	0.0 	0.0 	185.6 	24.0 	0.0 	0.0 	0.0 	-0.0 	24.0 	0.0 	0.0 	0.0 	7.64773531993	3.08249670898	123.256785087	-44.8216086462	
6.08333333333	0.0	0.0	0.0 	0.0 	186.0 	24.0 	0.0 	0.0 	0.0 	-0.0 	24.0 	0.0 	0.0 	0.0 	7.6564878688	3.08249670898	123.264321821	-44.9489940173	
6.1	0.0	0.0	0.0 	0.0 	186.4 	24.0 	0.0 	0.0 	0.0 	-0.0 	24.0 	0.0 	0.0 	0.0 	7.66519085986	3.08249670898	123.271867123	-45.076524185	
6.11666666667	0.0	0.0	0.0 	0.0 	186.8 	24.0 	0.0 	0.0 	0.0 	-0.0 	24.0 	0.0 	0.0 	0.0 	7.67384457372	3.08249670898	123.279420942	-45.2041983296	
6.13333333333	0.0	0.0	0.0 	0.0 	187.2 	24.0 	0.0 	0.0 	0.0 	-0.0 	24.0 	0.0 	0.0 	0.0 	7.68244928937	3.08249670898	123.286983232	-45.3320156357	
6.15	0.0	0.0	0.0 	0.0 	187.6 	24.0 	0.0 	0.0 	0.0 	-0.0 	24.0 	0.0 	0.0 	0.0 	7.69100528426	3.08249670898	123.294553944	-45.4599752928	
6.16666666667	0.0	0.0	0.0 	0.0 	188.0 	24.0 	0.0 	0.0 	0.0 	-0.0 	24.0 	0.0 	0.0 	0.0 	7.69951283425	3.08249670898	123.302133031	-45.5880764948	
6.18333333333	0.0	0.0	0.0 	0.0 	188.4 	24.0 	0.0 	0.0 	0.0 	-0.0 	24.0 	0.0 	0.0 	0.0 	7.70797221364	3.08249670898	123.309720444	-45.7163184404	
6.2	0.0	0.0	0.0 	0.0 	188.8 	24.0 	0.0 	0.0 	0.0 	-0.0 	24.0 	0.0 	0.0 	0.0 	7.71638369517	3.08249670898	123.317316138	-45.8447003327	
6.21666666667	0.0	0.0	0.0 	0.0 	189.2 	24.0 	0.0 	0.0 	0.0 	-0.0 	24.0 	0.0 	0.0 	0.0 	7.72474755004	3.08249670898	123.324920064	-45.9732213792	
6.23333333333	0.0	0.0	0.0 	0.0 	189.6 	24.0 	0.0 	0.0 	0.0 	-0.0 	24.0 	0.0 	0.0 	0.0 	7.73306404793	3.08249670898	123.332532177	-46.101880792	
6.25	0.0	0.0	0.0 	0.0 	190.0 	24.0 	0.0 	0.0 	0.0 	-0.0 	24.0 	0.0 	0.0 	0.0 	7.74133345698	3.08249670898	123.34015243	-46.2306777877	
6.26666666667	0.0	0.0	0.0 	0.0 	190.4 	24.0 	0.0 	0.0 	0.0 	-0.0 	24.0 	0.0 	0.0 	0.0 	7.7495560438	3.08249670898	123.347780777	-46.3596115873	
6.28333333333	0.0	0.0	0.0 	0.0 	190.8 	24.0 	0.0 	0.0 	0.0 	-0.0 	24.0 	0.0 	0.0 	0.0 	7.7577320735	3.08249670898	123.355417172	-46.4886814161	
6.3	0.0	0.0	0.0 	0.0 	191.2 	24.0 	0.0 	0.0 	0.0 	-0.0 	24.0 	0.0 	0.0 	0.0 	7.76586180971	3.08249670898	123.36306157	-46.6178865041	
6.31666666667	0.0	0.0	0.0 	0.0 	191.6 	24.0 	0.0 	0.0 	0.0 	-0.0 	24.0 	0.0 	0.0 	0.0 	7.77394551453	3.08249670898	123.370713925	-46.7472260853	
6.33333333333	0.0	0.0	0.0 	0.0 	192.0 	24.0 	0.0 	0.0 	0.0 	-0.0 	24.0 	0.0 	0.0 	0.0 	7.7819834486	3.08249670898	123.378374192	-46.8766993982	
6.35	0.0	0.0	0.0 	0.0 	192.4 	24.0 	0.0 	0.0 	0.0 	-0.0 	24.0 	0.0 	0.0 	0.0 	7.78997587109	3.08249670898	123.386042327	-47.0063056856	
6.36666666667	0.0	0.0	0.0 	0.0 	192.8 	24.0 	0.0 	0.0 	0.0 	-0.0 	24.0 	0.0 	0.0 	0.0 	7.79792303967	3.08249670898	123.393718284	-47.1360441945	
6.38333333333	0.0	0.0	0.0 	0.0 	193.2 	24.0 	0.0 	0.0 	0.0 	-0.0 	24.0 	0.0 	0.0 	0.0 	7.80582521059	3.08249670898	123.40140202	-47.2659141765	
6.4	0.0	0.0	0.0 	0.0 	193.6 	24.0 	0.0 	0.0 	0.0 	-0.0 	24.0 	0.0 	0.0 	0.0 	7.81368263862	3.08249670898	123.409093491	-47.3959148869	
6.41666666667	0.0	0.0	0.0 	0.0 	194.0 	24.0 	0.0 	0.0 	0.0 	-0.0 	24.0 	0.0 	0.0 	0.0 	7.8214955771	3.08249670898	123.416792652	-47.5260455857	
6.43333333333	0.0	0.0	0.0 	0.0 	194.4 	24.0 	0.0 	0.0 	0.0 	-0.0 	24.0 	0.0 	0.0 	0.0 	7.82926427794	3.08249670898	123.424499461	-47.6563055368	
6.45	0.0	0.0	0.0 	0.0 	194.8 	24.0 	0.0 	0.0 	0.0 	-0.0 	24.0 	0.0 	0.0 	0.0 	7.83698899162	3.08249670898	123.432213873	-47.7866940084	
6.46666666667	0.0	0.0	0.0 	0.0 	195.2 	24.0 	0.0 	0.0 	0.0 	-0.0 	24.0 	0.0 	0.0 	0.0 	7.84466996719	3.08249670898	123.439935847	-47.9172102728	
6.48333333333	0.0	0.0	0.0 	0.0 	195.6 	24.0 	0.0 	0.0 	0.0 	-0.0 	24.0 	0.0 	0.0 	0.0 	7.85230745231	3.08249670898	123.447665338	-48.0478536064	
6.5	0.0	0.0	0.0 	0.0 	196.0 	24.0 	0.0 	0.0 	0.0 	-0.0 	24.0 	0.0 	0.0 	0.0 	7.85990169322	3.08249670898	123.455402305	-48.1786232897	
6.51666666667	0.0	0.0	0.0 	0.0 	196.4 	24.0 	0.0 	0.0 	0.0 	-0.0 	24.0 	0.0 	0.0 	0.0 	7.86745293477	3.08249670898	123.463146704	-48.3095186073	
6.53333333333	0.0	0.0	0.0 	0.0 	196.8 	24.0 	0.0 	0.0 	0.0 	-0.0 	24.0 	0.0 	0.0 	0.0 	7.87496142044	3.08249670898	123.470898495	-48.4405388479	
6.55	0.0	0.0	0.0 	0.0 	197.2 	24.0 	0.0 	0.0 	0.0 	-0.0 	24.0 	0.0 	0.0 	0.0 	7.88242739231	3.08249670898	123.478657636	-48.5716833042	
6.56666666667	0.0	0.0	0.0 	0.0 	197.6 	24.0 	0.0 	0.0 	0.0 	-0.0 	24.0 	0.0 	0.0 	0.0 	7.88985109109	3.08249670898	123.486424083	-48.7029512728	
6.58333333333	0.0	0.0	0.0 	0.0 	198.0 	24.0 	0.0 	0.0 	0.0 	-0.0 	24.0 	0.0 	0.0 	0.0 	7.89723275614	3.08249670898	123.494197797	-48.8343420544	
6.6	0.0	0.0	0.0 	0.0 	198.4 	24.0 	0.0 	0.0 	0.0 	-0.0 	24.0 	0.0 	0.0 	0.0 	7.90457262547	3.08249670898	123.501978736	-48.9658549536	
6.61666666667	0.0	0.0	0.0 	0.0 	198.8 	24.0 	0.0 	0.0 	0.0 	-0.0 	24.0 	0.0 	0.0 	0.0 	7.91187093572	3.08249670898	123.509766859	-49.0974892789	
6.63333333333	0.0	0.0	0.0 	0.0 	199.2 	24.0 	0.0 	0.0 	0.0 	-0.0 	24.0 	0.0 	0.0 	0.0 	7.9191279222	3.08249670898	123.517562126	-49.2292443429	
6.65	0.0	0.0	0.0 	0.0 	199.6 	24.0 	0.0 	0.0 	0.0 	-0.0 	24.0 	0.0 	0.0 	0.0 	7.9263438189	3.08249670898	123.525364496	-49.3611194619	
6.66666666667	0.0	0.0	0.0 	0.0 	200.0 	24.0 	0.0 	0.0 	0.0 	-0.0 	24.0 	0.0 	0.0 	0.0 	7.93351885846	3.08249670898	123.533173928	-49.4931139561	
6.68333333333	0.0	0.0	0.0 	0.0 	200.4 	24.0 	0.0 	0.0 	0.0 	-0.0 	24.0 	0.0 	0.0 	0.0 	7.94065327223	3.08249670898	123.540990383	-49.6252271497	
6.7	0.0	0.0	0.0 	0.0 	200.8 	24.0 	0.0 	0.0 	0.0 	-0.0 	24.0 	0.0 	0.0 	0.0 	7.94774729023	3.08249670898	123.548813822	-49.7574583705	
6.71666666667	0.0	0.0	0.0 	0.0 	201.2 	24.0 	0.0 	0.0 	0.0 	-0.0 	24.0 	0.0 	0.0 	0.0 	7.95480114119	3.08249670898	123.556644204	-49.8898069503	
6.73333333333	0.0	0.0	0.0 	0.0 	201.6 	24.0 	0.0 	0.0 	0.0 	-0.0 	24.0 	0.0 	0.0 	0.0 	7.96181505254	3.08249670898	123.56448149	-50.0222722245	
6.75	0.0	0.0	0.0 	0.0 	202.0 	24.0 	0.0 	0.0 	0.0 	-0.0 	24.0 	0.0 	0.0 	0.0 	7.96878925042	3.08249670898	123.572325641	-50.1548535324	
6.76666666667	0.0	0.0	0.0 	0.0 	202.4 	24.0 	0.0 	0.0 	0.0 	-0.0 	24.0 	0.0 	0.0 	0.0 	7.97572395968	3.08249670898	123.580176618	-50.2875502171	
6.78333333333	0.0	0.0	0.0 	0.0 	202.8 	24.0 	0.0 	0.0 	0.0 	-0.0 	24.0 	0.0 	0.0 	0.0 	7.98261940393	3.08249670898	123.588034383	-50.4203616252	
6.8	0.0	0.0	0.0 	0.0 	203.2 	24.0 	0.0 	0.0 	0.0 	-0.0 	24.0 	0.0 	0.0 	0.0 	7.98947580548	3.08249670898	123.595898898	-50.5532871072	
6.81666666667	0.0	0.0	0.0 	0.0 	203.6 	24.0 	0.0 	0.0 	0.0 	-0.0 	24.0 	0.0 	0.0 	0.0 	7.99629338539	3.08249670898	123.603770123	-50.6863260171	
6.83333333333	0.0	0.0	0.0 	0.0 	204.0 	24.0 	0.0 	0.0 	0.0 	-0.0 	24.0 	0.0 	0.0 	0.0 	8.00307236348	3.08249670898	123.611648021	-50.8194777128	
6.85	0.0	0.0	0.0 	0.0 	204.4 	24.0 	0.0 	0.0 	0.0 	-0.0 	24.0 	0.0 	0.0 	0.0 	8.00981295832	3.08249670898	123.619532554	-50.9527415557	
6.86666666667	0.0	0.0	0.0 	0.0 	204.8 	24.0 	0.0 	0.0 	0.0 	-0.0 	24.0 	0.0 	0.0 	0.0 	8.01651538723	3.08249670898	123.627423685	-51.0861169107	
6.88333333333	0.0	0.0	0.0 	0.0 	205.2 	24.0 	0.0 	0.0 	0.0 	-0.0 	24.0 	0.0 	0.0 	0.0 	8.02317986632	3.08249670898	123.635321376	-51.2196031464	
6.9	0.0	0.0	0.0 	0.0 	205.6 	24.0 	0.0 	0.0 	0.0 	-0.0 	24.0 	0.0 	0.0 	0.0 	8.02980661045	3.08249670898	123.64322559	-51.3531996351	
6.91666666667	0.0	0.0	0.0 	0.0 	206.0 	24.0 	0.0 	0.0 	0.0 	-0.0 	24.0 	0.0 	0.0 	0.0 	8.0363958333	3.08249670898	123.651136291	-51.4869057524	
6.93333333333	0.0	0.0	0.0 	0.0 	206.4 	24.0 	0.0 	0.0 	0.0 	-0.0 	24.0 	0.0 	0.0 	0.0 	8.0429477473	3.08249670898	123.659053441	-51.6207208777	
6.95	0.0	0.0	0.0 	0.0 	206.8 	24.0 	0.0 	0.0 	0.0 	-0.0 	24.0 	0.0 	0.0 	0.0 	8.04946256371	3.08249670898	123.666977003	-51.7546443938	
6.96666666667	0.0	0.0	0.0 	0.0 	207.2 	24.0 	0.0 	0.0 	0.0 	-0.0 	24.0 	0.0 	0.0 	0.0 	8.05594049257	3.08249670898	123.674906943	-51.8886756868	
6.98333333333	0.0	0.0	0.0 	0.0 	207.6 	24.0 	0.0 	0.0 	0.0 	-0.0 	24.0 	0.0 	0.0 	0.0 	8.06238174275	3.08249670898	123.682843223	-52.0228141466	
7.0	0.0	0.0	0.0 	0.0 	208.0 	24.0 	0.0 	0.0 	0.0 	-0.0 	24.0 	0.0 	0.0 	0.0 	8.06878652193	3.08249670898	123.690785807	-52.1570591664	
7.01666666667	0.0	0.0	0.0 	0.0 	208.4 	24.0 	0.0 	0.0 	0.0 	-0.0 	24.0 	0.0 	0.0 	0.0 	8.0751550366	3.08249670898	123.69873466	-52.2914101428	
7.03333333333	0.0	0.0	0.0 	0.0 	208.8 	24.0 	0.0 	0.0 	0.0 	-0.0 	24.0 	0.0 	0.0 	0.0 	8.0814874921	3.08249670898	123.706689747	-52.4258664758	
7.05	0.0	0.0	0.0 	0.0 	209.2 	24.0 	0.0 	0.0 	0.0 	-0.0 	24.0 	0.0 	0.0 	0.0 	8.0877840926	3.08249670898	123.714651032	-52.5604275691	
7.06666666667	0.0	0.0	0.0 	0.0 	209.6 	24.0 	0.0 	0.0 	0.0 	-0.0 	24.0 	0.0 	0.0 	0.0 	8.09404504112	3.08249670898	123.72261848	-52.6950928293	
7.08333333333	0.0	0.0	0.0 	0.0 	210.0 	24.0 	0.0 	0.0 	0.0 	-0.0 	24.0 	0.0 	0.0 	0.0 	8.10027053951	3.08249670898	123.730592056	-52.8298616667	
7.1	0.0	0.0	0.0 	0.0 	210.4 	24.0 	0.0 	0.0 	0.0 	-0.0 	24.0 	0.0 	0.0 	0.0 	8.10646078851	3.08249670898	123.738571725	-52.9647334948	
7.11666666667	0.0	0.0	0.0 	0.0 	210.8 	24.0 	0.0 	0.0 	0.0 	-0.0 	24.0 	0.0 	0.0 	0.0 	8.1126159877	3.08249670898	123.746557454	-53.0997077305	
7.13333333333	0.0	0.0	0.0 	0.0 	211.2 	24.0 	0.0 	0.0 	0.0 	-0.0 	24.0 	0.0 	0.0 	0.0 	8.11873633553	3.08249670898	123.754549207	-53.2347837939	
7.15	0.0	0.0	0.0 	0.0 	211.6 	24.0 	0.0 	0.0 	0.0 	-0.0 	24.0 	0.0 	0.0 	0.0 	8.12482202934	3.08249670898	123.76254695	-53.3699611085	
7.16666666667	0.0	0.0	0.0 	0.0 	212.0 	24.0 	0.0 	0.0 	0.0 	-0.0 	24.0 	0.0 	0.0 	0.0 	8.13087326534	3.08249670898	123.77055065	-53.505239101	
7.18333333333	0.0	0.0	0.0 	0.0 	212.4 	24.0 	0.0 	0.0 	0.0 	-0.0 	24.0 	0.0 	0.0 	0.0 	8.13689023863	3.08249670898	123.778560273	-53.6406172012	
7.2	0.0	0.0	0.0 	0.0 	212.8 	24.0 	0.0 	0.0 	0.0 	-0.0 	24.0 	0.0 	0.0 	0.0 	8.14287314322	3.08249670898	123.786575786	-53.7760948425	
7.21666666667	0.0	0.0	0.0 	0.0 	213.2 	24.0 	0.0 	0.0 	0.0 	-0.0 	24.0 	0.0 	0.0 	0.0 	8.14882217199	3.08249670898	123.794597154	-53.9116714612	
7.23333333333	0.0	0.0	0.0 	0.0 	213.6 	24.0 	0.0 	0.0 	0.0 	-0.0 	24.0 	0.0 	0.0 	0.0 	8.15473751677	3.08249670898	123.802624345	-54.0473464969	
7.25	0.0	0.0	0.0 	0.0 	214.0 	24.0 	0.0 	0.0 	0.0 	-0.0 	24.0 	0.0 	0.0 	0.0 	8.16061936828	3.08249670898	123.810657326	-54.1831193923	
7.26666666667	0.0	0.0	0.0 	0.0 	214.4 	24.0 	0.0 	0.0 	0.0 	-0.0 	24.0 	0.0 	0.0 	0.0 	8.16646791615	3.08249670898	123.818696064	-54.3189895934	
7.28333333333	0.0	0.0	0.0 	0.0 	214.8 	24.0 	0.0 	0.0 	0.0 	-0.0 	24.0 	0.0 	0.0 	0.0 	8.17228334895	3.08249670898	123.826740527	-54.4549565491	
7.3	0.0	0.0	0.0 	0.0 	215.2 	24.0 	0.0 	0.0 	0.0 	-0.0 	24.0 	0.0 	0.0 	0.0 	8.17806585419	3.08249670898	123.834790681	-54.5910197117	
7.31666666667	0.0	0.0	0.0 	0.0 	215.6 	24.0 	0.0 	0.0 	0.0 	-0.0 	24.0 	0.0 	0.0 	0.0 	8.1838156183	3.08249670898	123.842846496	-54.7271785364	
7.33333333333	0.0	0.0	0.0 	0.0 	216.0 	24.0 	0.0 	0.0 	0.0 	-0.0 	24.0 	0.0 	0.0 	0.0 	8.18953282667	3.08249670898	123.850907938	-54.8634324815	
7.35	0.0	0.0	0.0 	0.0 	216.4 	24.0 	0.0 	0.0 	0.0 	-0.0 	24.0 	0.0 	0.0 	0.0 	8.19521766364	3.08249670898	123.858974976	-54.9997810086	
7.36666666667	0.0	0.0	0.0 	0.0 	216.8 	24.0 	0.0 	0.0 	0.0 	-0.0 	24.0 	0.0 	0.0 	0.0 	8.20087031248	3.08249670898	123.867047578	-55.136223582	
7.38333333333	0.0	0.0	0.0 	0.0 	217.2 	24.0 	0.0 	0.0 	0.0 	-0.0 	24.0 	0.0 	0.0 	0.0 	8.20649095546	3.08249670898	123.875125713	-55.2727596692	
7.4	0.0	0.0	0.0 	0.0 	217.6 	24.0 	0.0 	0.0 	0.0 	-0.0 	24.0 	0.0 	0.0 	0.0 	8.2120797738	3.08249670898	123.88320935	-55.4093887408	
7.41666666667	0.0	0.0	0.0 	0.0 	218.0 	24.0 	0.0 	0.0 	0.0 	-0.0 	24.0 	0.0 	0.0 	0.0 	8.21763694768	3.08249670898	123.891298456	-55.5461102704	
7.43333333333	0.0	0.0	0.0 	0.0 	218.4 	24.0 	0.0 	0.0 	0.0 	-0.0 	24.0 	0.0 	0.0 	0.0 	8.22316265629	3.08249670898	123.899393003	-55.6829237342	
7.45	0.0	0.0	0.0 	0.0 	218.8 	24.0 	0.0 	0.0 	0.0 	-0.0 	24.0 	0.0 	0.0 	0.0 	8.22865707778	3.08249670898	123.907492957	-55.819828612	
7.46666666667	0.0	0.0	0.0 	0.0 	219.2 	24.0 	0.0 	0.0 	0.0 	-0.0 	24.0 	0.0 	0.0 	0.0 	8.2341203893	3.08249670898	123.915598289	-55.9568243859	
7.48333333333	0.0	0.0	0.0 	0.0 	219.6 	24.0 	0.0 	0.0 	0.0 	-0.0 	24.0 	0.0 	0.0 	0.0 	8.239552767	3.08249670898	123.923708969	-56.0939105415	
7.5	0.0	0.0	0.0 	0.0 	220.0 	24.0 	0.0 	0.0 	0.0 	-0.0 	24.0 	0.0 	0.0 	0.0 	8.24495438604	3.08249670898	123.931824966	-56.2310865668	
7.51666666667	0.0	0.0	0.0 	0.0 	220.4 	24.0 	0.0 	0.0 	0.0 	-0.0 	24.0 	0.0 	0.0 	0.0 	8.25032542057	3.08249670898	123.93994625	-56.3683519532	
7.53333333333	0.0	0.0	0.0 	0.0 	220.8 	24.0 	0.0 	0.0 	0.0 	-0.0 	24.0 	0.0 	0.0 	0.0 	8.25566604376	3.08249670898	123.948072791	-56.5057061945	
7.55	0.0	0.0	0.0 	0.0 	221.2 	24.0 	0.0 	0.0 	0.0 	-0.0 	24.0 	0.0 	0.0 	0.0 	8.2609764278	3.08249670898	123.956204559	-56.6431487878	
7.56666666667	0.0	0.0	0.0 	0.0 	221.6 	24.0 	0.0 	0.0 	0.0 	-0.0 	24.0 	0.0 	0.0 	0.0 	8.26625674392	3.08249670898	123.964341525	-56.7806792326	
7.58333333333	0.0	0.0	0.0 	0.0 	222.0 	24.0 	0.0 	0.0 	0.0 	-0.0 	24.0 	0.0 	0.0 	0.0 	8.27150716235	3.08249670898	123.97248366	-56.9182970317	
7.6	0.0	0.0	0.0 	0.0 	222.4 	24.0 	0.0 	0.0 	0.0 	-0.0 	24.0 	0.0 	0.0 	0.0 	8.27672785239	3.08249670898	123.980630933	-57.0560016905	
7.61666666667	0.0	0.0	0.0 	0.0 	222.8 	24.0 	0.0 	0.0 	0.0 	-0.0 	24.0 	0.0 	0.0 	0.0 	8.28191898236	3.08249670898	123.988783317	-57.193792717	
7.63333333333	0.0	0.0	0.0 	0.0 	223.2 	24.0 	0.0 	0.0 	0.0 	-0.0 	24.0 	0.0 	0.0 	0.0 	8.28708071963	3.08249670898	123.996940781	-57.3316696223	
7.65	0.0	0.0	0.0 	0.0 	223.6 	24.0 	0.0 	0.0 	0.0 	-0.0 	24.0 	0.0 	0.0 	0.0 	8.29221323062	3.08249670898	124.005103298	-57.4696319201	
7.66666666667	0.0	0.0	0.0 	0.0 	224.0 	24.0 	0.0 	0.0 	0.0 	-0.0 	24.0 	0.0 	0.0 	0.0 	8.29731668082	3.08249670898	124.013270838	-57.6076791269	
7.68333333333	0.0	0.0	0.0 	0.0 	224.4 	24.0 	0.0 	0.0 	0.0 	-0.0 	24.0 	0.0 	0.0 	0.0 	8.30239123478	3.08249670898	124.021443373	-57.745810762	
7.7	0.0	0.0	0.0 	0.0 	224.8 	24.0 	0.0 	0.0 	0.0 	-0.0 	24.0 	0.0 	0.0 	0.0 	8.3074370561	3.08249670898	124.029620876	-57.8840263473	
7.71666666667	0.0	0.0	0.0 	0.0 	225.2 	24.0 	0.0 	0.0 	0.0 	-0.0 	24.0 	0.0 	0.0 	0.0 	8.31245430747	3.08249670898	124.037803317	-58.0223254075	
7.73333333333	0.0	0.0	0.0 	0.0 	225.6 	24.0 	0.0 	0.0 	0.0 	-0.0 	24.0 	0.0 	0.0 	0.0 	8.31744315066	3.08249670898	124.045990669	-58.1607074699	
7.75	0.0	0.0	0.0 	0.0 	226.0 	24.0 	0.0 	0.0 	0.0 	-0.0 	24.0 	0.0 	0.0 	0.0 	8.32240374652	3.08249670898	124.054182903	-58.2991720647	
7.76666666667	0.0	0.0	0.0 	0.0 	226.4 	24.0 	0.0 	0.0 	0.0 	-0.0 	24.0 	0.0 	0.0 	0.0 	8.32733625499	3.08249670898	124.062379994	-58.4377187243	
7.78333333333	0.0	0.0	0.0 	0.0 	226.8 	24.0 	0.0 	0.0 	0.0 	-0.0 	24.0 	0.0 	0.0 	0.0 	8.33224083509	3.08249670898	124.070581912	-58.5763469843	
7.8	0.0	0.0	0.0 	0.0 	227.2 	24.0 	0.0 	0.0 	0.0 	-0.0 	24.0 	0.0 	0.0 	0.0 	8.33711764498	3.08249670898	124.07878863	-58.7150563826	
7.81666666667	0.0	0.0	0.0 	0.0 	227.6 	24.0 	0.0 	0.0 	0.0 	-0.0 	24.0 	0.0 	0.0 	0.0 	8.34196684187	3.08249670898	124.087000122	-58.8538464597	
7.83333333333	0.0	0.0	0.0 	0.0 	228.0 	24.0 	0.0 	0.0 	0.0 	-0.0 	24.0 	0.0 	0.0 	0.0 	8.34678858213	3.08249670898	124.095216361	-58.9927167589	
7.85	0.0	0.0	0.0 	0.0 	228.4 	24.0 	0.0 	0.0 	0.0 	-0.0 	24.0 	0.0 	0.0 	0.0 	8.35158302121	3.08249670898	124.103437319	-59.1316668259	
7.86666666667	0.0	0.0	0.0 	0.0 	228.8 	24.0 	0.0 	0.0 	0.0 	-0.0 	24.0 	0.0 	0.0 	0.0 	8.35635031369	3.08249670898	124.111662969	-59.270696209	
7.88333333333	0.0	0.0	0.0 	0.0 	229.2 	24.0 	0.0 	0.0 	0.0 	-0.0 	24.0 	0.0 	0.0 	0.0 	8.36109061328	3.08249670898	124.119893286	-59.4098044593	
7.9	0.0	0.0	0.0 	0.0 	229.6 	24.0 	0.0 	0.0 	0.0 	-0.0 	24.0 	0.0 	0.0 	0.0 	8.36580407283	3.08249670898	124.128128242	-59.5489911301	
7.91666666667	0.0	0.0	0.0 	0.0 	230.0 	24.0 	0.0 	0.0 	0.0 	-0.0 	24.0 	0.0 	0.0 	0.0 	8.37049084429	3.08249670898	124.136367812	-59.6882557773	
7.93333333333	0.0	0.0	0.0 	0.0 	230.4 	24.0 	0.0 	0.0 	0.0 	-0.0 	24.0 	0.0 	0.0 	0.0 	8.37515107877	3.08249670898	124.144611969	-59.8275979596	
7.95	0.0	0.0	0.0 	0.0 	230.8 	24.0 	0.0 	0.0 	0.0 	-0.0 	24.0 	0.0 	0.0 	0.0 	8.37978492655	3.08249670898	124.152860688	-59.9670172378	
7.96666666667	0.0	0.0	0.0 	0.0 	231.2 	24.0 	0.0 	0.0 	0.0 	-0.0 	24.0 	0.0 	0.0 	0.0 	8.38439253701	3.08249670898	124.161113942	-60.1065131755	
7.98333333333	0.0	0.0	0.0 	0.0 	231.6 	24.0 	0.0 	0.0 	0.0 	-0.0 	24.0 	0.0 	0.0 	0.0 	8.38897405872	3.08249670898	124.169371706	-60.2460853386	
8.0	0.0	0.0	0.0 	0.0 	232.0 	24.0 	0.0 	0.0 	0.0 	-0.0 	24.0 	0.0 	0.0 	0.0 	8.39352963939	3.08249670898	124.177633954	-60.3857332955	
8.01666666667	0.0	0.0	0.0 	0.0 	232.4 	24.0 	0.0 	0.0 	0.0 	-0.0 	24.0 	0.0 	0.0 	0.0 	8.39805942591	3.08249670898	124.185900662	-60.5254566171	
8.03333333333	0.0	0.0	0.0 	0.0 	232.8 	24.0 	0.0 	0.0 	0.0 	-0.0 	24.0 	0.0 	0.0 	0.0 	8.40256356432	3.08249670898	124.194171803	-60.6652548766	
8.05	0.0	0.0	0.0 	0.0 	233.2 	24.0 	0.0 	0.0 	0.0 	-0.0 	24.0 	0.0 	0.0 	0.0 	8.40704219984	3.08249670898	124.202447352	-60.8051276497	
8.06666666667	0.0	0.0	0.0 	0.0 	233.6 	24.0 	0.0 	0.0 	0.0 	-0.0 	24.0 	0.0 	0.0 	0.0 	8.41149547688	3.08249670898	124.210727285	-60.9450745145	
8.08333333333	0.0	0.0	0.0 	0.0 	234.0 	24.0 	0.0 	0.0 	0.0 	-0.0 	24.0 	0.0 	0.0 	0.0 	8.41592353902	3.08249670898	124.219011577	-61.0850950515	
8.1	0.0	0.0	0.0 	0.0 	234.4 	24.0 	0.0 	0.0 	0.0 	-0.0 	24.0 	0.0 	0.0 	0.0 	8.42032652903	3.08249670898	124.227300203	-61.2251888436	
8.11666666667	0.0	0.0	0.0 	0.0 	234.8 	24.0 	0.0 	0.0 	0.0 	-0.0 	24.0 	0.0 	0.0 	0.0 	8.42470458887	3.08249670898	124.235593139	-61.365355476	
8.13333333333	0.0	0.0	0.0 	0.0 	235.2 	24.0 	0.0 	0.0 	0.0 	-0.0 	24.0 	0.0 	0.0 	0.0 	8.42905785969	3.08249670898	124.24389036	-61.5055945362	
8.15	0.0	0.0	0.0 	0.0 	235.6 	24.0 	0.0 	0.0 	0.0 	-0.0 	24.0 	0.0 	0.0 	0.0 	8.43338648185	3.08249670898	124.252191842	-61.6459056142	
8.16666666667	0.0	0.0	0.0 	0.0 	236.0 	24.0 	0.0 	0.0 	0.0 	-0.0 	24.0 	0.0 	0.0 	0.0 	8.43769059492	3.08249670898	124.26049756	-61.7862883022	
8.18333333333	0.0	0.0	0.0 	0.0 	236.4 	24.0 	0.0 	0.0 	0.0 	-0.0 	24.0 	0.0 	0.0 	0.0 	8.44197033767	3.08249670898	124.268807492	-61.9267421947	
8.2	0.0	0.0	0.0 	0.0 	236.8 	24.0 	0.0 	0.0 	0.0 	-0.0 	24.0 	0.0 	0.0 	0.0 	8.44622584809	3.08249670898	124.277121612	-62.0672668886	
8.21666666667	0.0	0.0	0.0 	0.0 	237.2 	24.0 	0.0 	0.0 	0.0 	-0.0 	24.0 	0.0 	0.0 	0.0 	8.45045726338	3.08249670898	124.285439898	-62.207861983	
8.23333333333	0.0	0.0	0.0 	0.0 	237.6 	24.0 	0.0 	0.0 	0.0 	-0.0 	24.0 	0.0 	0.0 	0.0 	8.45466471997	3.08249670898	124.293762325	-62.3485270792	
8.25	0.0	0.0	0.0 	0.0 	238.0 	24.0 	0.0 	0.0 	0.0 	-0.0 	24.0 	0.0 	0.0 	0.0 	8.45884835352	3.08249670898	124.30208887	-62.4892617809	
8.26666666667	0.0	0.0	0.0 	0.0 	238.4 	24.0 	0.0 	0.0 	0.0 	-0.0 	24.0 	0.0 	0.0 	0.0 	8.46300829892	3.08249670898	124.310419511	-62.630065694	
8.28333333333	0.0	0.0	0.0 	0.0 	238.8 	24.0 	0.0 	0.0 	0.0 	-0.0 	24.0 	0.0 	0.0 	0.0 	8.46714469028	3.08249670898	124.318754223	-62.7709384267	
8.3	0.0	0.0	0.0 	0.0 	239.2 	24.0 	0.0 	0.0 	0.0 	-0.0 	24.0 	0.0 	0.0 	0.0 	8.47125766099	3.08249670898	124.327092983	-62.9118795892	
8.31666666667	0.0	0.0	0.0 	0.0 	239.6 	24.0 	0.0 	0.0 	0.0 	-0.0 	24.0 	0.0 	0.0 	0.0 	8.47534734364	3.08249670898	124.33543577	-63.052888794	
8.33333333333	0.0	0.0	0.0 	0.0 	240.0 	24.0 	0.0 	0.0 	0.0 	-0.0 	24.0 	0.0 	0.0 	0.0 	8.47941387009	3.08249670898	124.343782559	-63.193965656	
8.35	0.0	0.0	0.0 	0.0 	240.4 	24.0 	0.0 	0.0 	0.0 	-0.0 	24.0 	0.0 	0.0 	0.0 	8.48345737147	3.08249670898	124.352133328	-63.3351097921	
8.36666666667	0.0	0.0	0.0 	0.0 	240.8 	24.0 	0.0 	0.0 	0.0 	-0.0 	24.0 	0.0 	0.0 	0.0 	8.48747797813	3.08249670898	124.360488056	-63.4763208213	
8.38333333333	0.0	0.0	0.0 	0.0 	241.2 	24.0 	0.0 	0.0 	0.0 	-0.0 	24.0 	0.0 	0.0 	0.0 	8.49147581972	3.08249670898	124.368846718	-63.6175983648	
8.4	0.0	0.0	0.0 	0.0 	241.6 	24.0 	0.0 	0.0 	0.0 	-0.0 	24.0 	0.0 	0.0 	0.0 	8.49545102512	3.08249670898	124.377209294	-63.7589420462	
8.41666666667	0.0	0.0	0.0 	0.0 	242.0 	24.0 	0.0 	0.0 	0.0 	-0.0 	24.0 	0.0 	0.0 	0.0 	8.49940372251	3.08249670898	124.38557576	-63.9003514908	
8.43333333333	0.0	0.0	0.0 	0.0 	242.4 	24.0 	0.0 	0.0 	0.0 	-0.0 	24.0 	0.0 	0.0 	0.0 	8.50333403933	3.08249670898	124.393946096	-64.0418263263	
8.45	0.0	0.0	0.0 	0.0 	242.8 	24.0 	0.0 	0.0 	0.0 	-0.0 	24.0 	0.0 	0.0 	0.0 	8.50724210231	3.08249670898	124.402320278	-64.1833661826	
8.46666666667	0.0	0.0	0.0 	0.0 	243.2 	24.0 	0.0 	0.0 	0.0 	-0.0 	24.0 	0.0 	0.0 	0.0 	8.51112803744	3.08249670898	124.410698285	-64.3249706913	
8.48333333333	0.0	0.0	0.0 	0.0 	243.6 	24.0 	0.0 	0.0 	0.0 	-0.0 	24.0 	0.0 	0.0 	0.0 	8.51499197001	3.08249670898	124.419080096	-64.4666394865	
8.5	0.0	0.0	0.0 	0.0 	244.0 	24.0 	0.0 	0.0 	0.0 	-0.0 	24.0 	0.0 	0.0 	0.0 	8.51883402461	3.08249670898	124.427465689	-64.6083722042	
8.51666666667	0.0	0.0	0.0 	0.0 	244.4 	24.0 	0.0 	0.0 	0.0 	-0.0 	24.0 	0.0 	0.0 	0.0 	8.52265432511	3.08249670898	124.435855042	-64.7501684824	
8.53333333333	0.0	0.0	0.0 	0.0 	244.8 	24.0 	0.0 	0.0 	0.0 	-0.0 	24.0 	0.0 	0.0 	0.0 	8.52645299468	3.08249670898	124.444248135	-64.8920279612	
8.55	0.0	0.0	0.0 	0.0 	245.2 	24.0 	0.0 	0.0 	0.0 	-0.0 	24.0 	0.0 	0.0 	0.0 	8.53023015581	3.08249670898	124.452644946	-65.0339502829	
8.56666666667	0.0	0.0	0.0 	0.0 	245.6 	24.0 	0.0 	0.0 	0.0 	-0.0 	24.0 	0.0 	0.0 	0.0 	8.53398593027	3.08249670898	124.461045454	-65.1759350915	
8.58333333333	0.0	0.0	0.0 	0.0 	246.0 	24.0 	0.0 	0.0 	0.0 	-0.0 	24.0 	0.0 	0.0 	0.0 	8.53772043916	3.08249670898	124.469449637	-65.3179820332	
8.6	0.0	0.0	0.0 	0.0 	246.4 	24.0 	0.0 	0.0 	0.0 	-0.0 	24.0 	0.0 	0.0 	0.0 	8.54143380288	3.08249670898	124.477857477	-65.4600907564	
8.61666666667	0.0	0.0	0.0 	0.0 	246.8 	24.0 	0.0 	0.0 	0.0 	-0.0 	24.0 	0.0 	0.0 	0.0 	8.54512614117	3.08249670898	124.48626895	-65.602260911	
8.63333333333	0.0	0.0	0.0 	0.0 	247.2 	24.0 	0.0 	0.0 	0.0 	-0.0 	24.0 	0.0 	0.0 	0.0 	8.54879757306	3.08249670898	124.494684038	-65.7444921494	
8.65	0.0	0.0	0.0 	0.0 	247.6 	24.0 	0.0 	0.0 	0.0 	-0.0 	24.0 	0.0 	0.0 	0.0 	8.55244821694	3.08249670898	124.503102719	-65.8867841257	
8.66666666667	0.0	0.0	0.0 	0.0 	248.0 	24.0 	0.0 	0.0 	0.0 	-0.0 	24.0 	0.0 	0.0 	0.0 	8.55607819051	3.08249670898	124.511524974	-66.0291364958	
8.68333333333	0.0	0.0	0.0 	0.0 	248.4 	24.0 	0.0 	0.0 	0.0 	-0.0 	24.0 	0.0 	0.0 	0.0 	8.5596876108	3.08249670898	124.519950781	-66.171548918	
8.7	0.0	0.0	0.0 	0.0 	248.8 	24.0 	0.0 	0.0 	0.0 	-0.0 	24.0 	0.0 	0.0 	0.0 	8.56327659419	3.08249670898	124.528380122	-66.3140210522	
8.71666666667	0.0	0.0	0.0 	0.0 	249.2 	24.0 	0.0 	0.0 	0.0 	-0.0 	24.0 	0.0 	0.0 	0.0 	8.56684525639	3.08249670898	124.536812975	-66.4565525602	
8.73333333333	0.0	0.0	0.0 	0.0 	249.6 	24.0 	0.0 	0.0 	0.0 	-0.0 	24.0 	0.0 	0.0 	0.0 	8.57039371248	3.08249670898	124.545249321	-66.5991431059	
8.75	0.0	0.0	0.0 	0.0 	250.0 	24.0 	0.0 	0.0 	0.0 	-0.0 	24.0 	0.0 	0.0 	0.0 	8.57392207684	3.08249670898	124.55368914	-66.741792355	
8.76666666667	0.0	0.0	0.0 	0.0 	250.4 	24.0 	0.0 	0.0 	0.0 	-0.0 	24.0 	0.0 	0.0 	0.0 	8.57743046326	3.08249670898	124.562132413	-66.8844999752	
8.78333333333	0.0	0.0	0.0 	0.0 	250.8 	24.0 	0.0 	0.0 	0.0 	-0.0 	24.0 	0.0 	0.0 	0.0 	8.58091898484	3.08249670898	124.57057912	-67.0272656359	
8.8	0.0	0.0	0.0 	0.0 	251.2 	24.0 	0.0 	0.0 	0.0 	-0.0 	24.0 	0.0 	0.0 	0.0 	8.58438775406	3.08249670898	124.579029241	-67.1700890085	
8.81666666667	0.0	0.0	0.0 	0.0 	251.6 	24.0 	0.0 	0.0 	0.0 	-0.0 	24.0 	0.0 	0.0 	0.0 	8.58783688275	3.08249670898	124.587482758	-67.3129697662	
8.83333333333	0.0	0.0	0.0 	0.0 	252.0 	24.0 	0.0 	0.0 	0.0 	-0.0 	24.0 	0.0 	0.0 	0.0 	8.59126648214	3.08249670898	124.59593965	-67.4559075841	
8.85	0.0	0.0	0.0 	0.0 	252.4 	24.0 	0.0 	0.0 	0.0 	-0.0 	24.0 	0.0 	0.0 	0.0 	8.59467666279	3.08249670898	124.604399899	-67.5989021392	
8.86666666667	0.0	0.0	0.0 	0.0 	252.8 	24.0 	0.0 	0.0 	0.0 	-0.0 	24.0 	0.0 	0.0 	0.0 	8.59806753465	3.08249670898	124.612863486	-67.7419531101	
8.88333333333	0.0	0.0	0.0 	0.0 	253.2 	24.0 	0.0 	0.0 	0.0 	-0.0 	24.0 	0.0 	0.0 	0.0 	8.60143920706	3.08249670898	124.621330392	-67.8850601775	
8.9	0.0	0.0	0.0 	0.0 	253.6 	24.0 	0.0 	0.0 	0.0 	-0.0 	24.0 	0.0 	0.0 	0.0 	8.60479178872	3.08249670898	124.629800599	-68.0282230237	
8.91666666667	0.0	0.0	0.0 	0.0 	254.0 	24.0 	0.0 	0.0 	0.0 	-0.0 	24.0 	0.0 	0.0 	0.0 	8.60812538772	3.08249670898	124.638274086	-68.1714413329	
8.93333333333	0.0	0.0	0.0 	0.0 	254.4 	24.0 	0.0 	0.0 	0.0 	-0.0 	24.0 	0.0 	0.0 	0.0 	8.61144011155	3.08249670898	124.646750837	-68.314714791	
8.95	0.0	0.0	0.0 	0.0 	254.8 	24.0 	0.0 	0.0 	0.0 	-0.0 	24.0 	0.0 	0.0 	0.0 	8.61473606709	3.08249670898	124.655230832	-68.4580430859	
8.96666666667	0.0	0.0	0.0 	0.0 	255.2 	24.0 	0.0 	0.0 	0.0 	-0.0 	24.0 	0.0 	0.0 	0.0 	8.61801336059	3.08249670898	124.663714053	-68.6014259069	
8.98333333333	0.0	0.0	0.0 	0.0 	255.6 	24.0 	0.0 	0.0 	0.0 	-0.0 	24.0 	0.0 	0.0 	0.0 	8.62127209772	3.08249670898	124.672200481	-68.7448629455	
9.0	0.0	0.0	0.0 	0.0 	256.0 	24.0 	0.0 	0.0 	0.0 	-0.0 	24.0 	0.0 	0.0 	0.0 	8.62451238356	3.08249670898	124.6806901	-68.8883538945	
9.01666666667	0.0	0.0	0.0 	0.0 	256.4 	24.0 	0.0 	0.0 	0.0 	-0.0 	24.0 	0.0 	0.0 	0.0 	8.62773432258	3.08249670898	124.689182889	-69.0318984488	
9.03333333333	0.0	0.0	0.0 	0.0 	256.8 	24.0 	0.0 	0.0 	0.0 	-0.0 	24.0 	0.0 	0.0 	0.0 	8.63093801865	3.08249670898	124.697678833	-69.1754963048	
9.05	0.0	0.0	0.0 	0.0 	257.2 	24.0 	0.0 	0.0 	0.0 	-0.0 	24.0 	0.0 	0.0 	0.0 	8.63412357508	3.08249670898	124.706177912	-69.3191471607	
9.06666666667	0.0	0.0	0.0 	0.0 	257.6 	24.0 	0.0 	0.0 	0.0 	-0.0 	24.0 	0.0 	0.0 	0.0 	8.63729109456	3.08249670898	124.714680109	-69.4628507164	
9.08333333333	0.0	0.0	0.0 	0.0 	258.0 	24.0 	0.0 	0.0 	0.0 	-0.0 	24.0 	0.0 	0.0 	0.0 	8.64044067923	3.08249670898	124.723185407	-69.6066066736	
9.1	0.0	0.0	0.0 	0.0 	258.4 	24.0 	0.0 	0.0 	0.0 	-0.0 	24.0 	0.0 	0.0 	0.0 	8.64357243064	3.08249670898	124.731693787	-69.7504147356	
9.11666666667	0.0	0.0	0.0 	0.0 	258.8 	24.0 	0.0 	0.0 	0.0 	-0.0 	24.0 	0.0 	0.0 	0.0 	8.64668644975	3.08249670898	124.740205233	-69.8942746072	
9.13333333333	0.0	0.0	0.0 	0.0 	259.2 	24.0 	0.0 	0.0 	0.0 	-0.0 	24.0 	0.0 	0.0 	0.0 	8.64978283697	3.08249670898	124.748719726	-70.0381859952	
9.15	0.0	0.0	0.0 	0.0 	259.6 	24.0 	0.0 	0.0 	0.0 	-0.0 	24.0 	0.0 	0.0 	0.0 	8.65286169214	3.08249670898	124.75723725	-70.1821486079	
9.16666666667	0.0	0.0	0.0 	0.0 	260.0 	24.0 	0.0 	0.0 	0.0 	-0.0 	24.0 	0.0 	0.0 	0.0 	8.65592311453	3.08249670898	124.765757788	-70.3261621553	
9.18333333333	0.0	0.0	0.0 	0.0 	260.4 	24.0 	0.0 	0.0 	0.0 	-0.0 	24.0 	0.0 	0.0 	0.0 	8.65896720283	3.08249670898	124.774281322	-70.4702263488	
9.2	0.0	0.0	0.0 	0.0 	260.8 	24.0 	0.0 	0.0 	0.0 	-0.0 	24.0 	0.0 	0.0 	0.0 	8.6619940552	3.08249670898	124.782807836	-70.6143409019	
9.21666666667	0.0	0.0	0.0 	0.0 	261.2 	24.0 	0.0 	0.0 	0.0 	-0.0 	24.0 	0.0 	0.0 	0.0 	8.66500376922	3.08249670898	124.791337313	-70.7585055293	
9.23333333333	0.0	0.0	0.0 	0.0 	261.6 	24.0 	0.0 	0.0 	0.0 	-0.0 	24.0 	0.0 	0.0 	0.0 	8.66799644194	3.08249670898	124.799869735	-70.9027199474	
9.25	0.0	0.0	0.0 	0.0 	262.0 	24.0 	0.0 	0.0 	0.0 	-0.0 	24.0 	0.0 	0.0 	0.0 	8.67097216985	3.08249670898	124.808405086	-71.0469838745	
9.26666666667	0.0	0.0	0.0 	0.0 	262.4 	24.0 	0.0 	0.0 	0.0 	-0.0 	24.0 	0.0 	0.0 	0.0 	8.67393104889	3.08249670898	124.81694335	-71.1912970302	
9.28333333333	0.0	0.0	0.0 	0.0 	262.8 	24.0 	0.0 	0.0 	0.0 	-0.0 	24.0 	0.0 	0.0 	0.0 	8.67687317446	3.08249670898	124.82548451	-71.3356591356	
9.3	0.0	0.0	0.0 	0.0 	263.2 	24.0 	0.0 	0.0 	0.0 	-0.0 	24.0 	0.0 	0.0 	0.0 	8.67979864142	3.08249670898	124.83402855	-71.4800699138	
9.31666666667	0.0	0.0	0.0 	0.0 	263.6 	24.0 	0.0 	0.0 	0.0 	-0.0 	24.0 	0.0 	0.0 	0.0 	8.68270754408	3.08249670898	124.842575454	-71.624529089	
9.33333333333	0.0	0.0	0.0 	0.0 	264.0 	24.0 	0.0 	0.0 	0.0 	-0.0 	24.0 	0.0 	0.0 	0.0 	8.68559997626	3.08249670898	124.851125204	-71.7690363873	
9.35	0.0	0.0	0.0 	0.0 	264.4 	24.0 	0.0 	0.0 	0.0 	-0.0 	24.0 	0.0 	0.0 	0.0 	8.68847603118	3.08249670898	124.859677786	-71.9135915361	
9.36666666667	0.0	0.0	0.0 	0.0 	264.8 	24.0 	0.0 	0.0 	0.0 	-0.0 	24.0 	0.0 	0.0 	0.0 	8.6913358016	3.08249670898	124.868233182	-72.0581942646	
9.38333333333	0.0	0.0	0.0 	0.0 	265.2 	24.0 	0.0 	0.0 	0.0 	-0.0 	24.0 	0.0 	0.0 	0.0 	8.69417937971	3.08249670898	124.876791378	-72.2028443033	
9.4	0.0	0.0	0.0 	0.0 	265.6 	24.0 	0.0 	0.0 	0.0 	-0.0 	24.0 	0.0 	0.0 	0.0 	8.6970068572	3.08249670898	124.885352357	-72.3475413844	
9.41666666667	0.0	0.0	0.0 	0.0 	266.0 	24.0 	0.0 	0.0 	0.0 	-0.0 	24.0 	0.0 	0.0 	0.0 	8.69981832522	3.08249670898	124.893916103	-72.4922852414	
9.43333333333	0.0	0.0	0.0 	0.0 	266.4 	24.0 	0.0 	0.0 	0.0 	-0.0 	24.0 	0.0 	0.0 	0.0 	8.70261387443	3.08249670898	124.902482601	-72.6370756097	
9.45	0.0	0.0	0.0 	0.0 	266.8 	24.0 	0.0 	0.0 	0.0 	-0.0 	24.0 	0.0 	0.0 	0.0 	8.70539359496	3.08249670898	124.911051836	-72.7819122257	
9.46666666667	0.0	0.0	0.0 	0.0 	267.2 	24.0 	0.0 	0.0 	0.0 	-0.0 	24.0 	0.0 	0.0 	0.0 	8.70815757643	3.08249670898	124.919623791	-72.9267948277	
9.48333333333	0.0	0.0	0.0 	0.0 	267.6 	24.0 	0.0 	0.0 	0.0 	-0.0 	24.0 	0.0 	0.0 	0.0 	8.71090590796	3.08249670898	124.928198452	-73.0717231552	
9.5	0.0	0.0	0.0 	0.0 	268.0 	24.0 	0.0 	0.0 	0.0 	-0.0 	24.0 	0.0 	0.0 	0.0 	8.71363867816	3.08249670898	124.936775802	-73.2166969494	
9.51666666667	0.0	0.0	0.0 	0.0 	268.4 	24.0 	0.0 	0.0 	0.0 	-0.0 	24.0 	0.0 	0.0 	0.0 	8.71635597514	3.08249670898	124.945355828	-73.3617159528	
9.53333333333	0.0	0.0	0.0 	0.0 	268.8 	24.0 	0.0 	0.0 	0.0 	-0.0 	24.0 	0.0 	0.0 	0.0 	8.71905788652	3.08249670898	124.953938513	-73.5067799095	
9.55	0.0	0.0	0.0 	0.0 	269.2 	24.0 	0.0 	0.0 	0.0 	-0.0 	24.0 	0.0 	0.0 	0.0 	8.7217444994	3.08249670898	124.962523843	-73.6518885649	
9.56666666667	0.0	0.0	0.0 	0.0 	269.6 	24.0 	0.0 	0.0 	0.0 	-0.0 	24.0 	0.0 	0.0 	0.0 	8.7244159004	3.08249670898	124.971111802	-73.7970416659	
9.58333333333	0.0	0.0	0.0 	0.0 	270.0 	24.0 	0.0 	0.0 	0.0 	-0.0 	24.0 	0.0 	0.0 	0.0 	8.72707217567	3.08249670898	124.979702376	-73.9422389609	
9.6	0.0	0.0	0.0 	0.0 	270.4 	24.0 	0.0 	0.0 	0.0 	-0.0 	24.0 	0.0 	0.0 	0.0 	8.72971341084	3.08249670898	124.98829555	-74.0874801996	
9.61666666667	0.0	0.0	0.0 	0.0 	270.8 	24.0 	0.0 	0.0 	0.0 	-0.0 	24.0 	0.0 	0.0 	0.0 	8.73233969107	3.08249670898	124.996891309	-74.2327651333	
9.63333333333	0.0	0.0	0.0 	0.0 	271.2 	24.0 	0.0 	0.0 	0.0 	-0.0 	24.0 	0.0 	0.0 	0.0 	8.73495110104	3.08249670898	125.005489639	-74.3780935145	
9.65	0.0	0.0	0.0 	0.0 	271.6 	24.0 	0.0 	0.0 	0.0 	-0.0 	24.0 	0.0 	0.0 	0.0 	8.73754772494	3.08249670898	125.014090524	-74.5234650971	
9.66666666667	0.0	0.0	0.0 	0.0 	272.0 	24.0 	0.0 	0.0 	0.0 	-0.0 	24.0 	0.0 	0.0 	0.0 	8.7401296465	3.08249670898	125.022693952	-74.6688796368	
9.68333333333	0.0	0.0	0.0 	0.0 	272.4 	24.0 	0.0 	0.0 	0.0 	-0.0 	24.0 	0.0 	0.0 	0.0 	8.74269694896	3.08249670898	125.031299906	-74.81433689	
9.7	0.0	0.0	0.0 	0.0 	272.8 	24.0 	0.0 	0.0 	0.0 	-0.0 	24.0 	0.0 	0.0 	0.0 	8.74524971509	3.08249670898	125.039908373	-74.9598366151	
9.71666666667	0.0	0.0	0.0 	0.0 	273.2 	24.0 	0.0 	0.0 	0.0 	-0.0 	24.0 	0.0 	0.0 	0.0 	8.74778802721	3.08249670898	125.048519339	-75.1053785716	
9.73333333333	0.0	0.0	0.0 	0.0 	273.6 	24.0 	0.0 	0.0 	0.0 	-0.0 	24.0 	0.0 	0.0 	0.0 	8.75031196714	3.08249670898	125.057132789	-75.2509625203	
9.75	0.0	0.0	0.0 	0.0 	274.0 	24.0 	0.0 	0.0 	0.0 	-0.0 	24.0 	0.0 	0.0 	0.0 	8.75282161628	3.08249670898	125.06574871	-75.3965882235	
9.76666666667	0.0	0.0	0.0 	0.0 	274.4 	24.0 	0.0 	0.0 	0.0 	-0.0 	24.0 	0.0 	0.0 	0.0 	8.75531705553	3.08249670898	125.074367087	-75.5422554447	
9.78333333333	0.0	0.0	0.0 	0.0 	274.8 	24.0 	0.0 	0.0 	0.0 	-0.0 	24.0 	0.0 	0.0 	0.0 	8.75779836535	3.08249670898	125.082987907	-75.6879639489	
9.8	0.0	0.0	0.0 	0.0 	275.2 	24.0 	0.0 	0.0 	0.0 	-0.0 	24.0 	0.0 	0.0 	0.0 	8.76026562575	3.08249670898	125.091611155	-75.8337135023	
9.81666666667	0.0	0.0	0.0 	0.0 	275.6 	24.0 	0.0 	0.0 	0.0 	-0.0 	24.0 	0.0 	0.0 	0.0 	8.76271891627	3.08249670898	125.100236818	-75.9795038725	
9.83333333333	0.0	0.0	0.0 	0.0 	276.0 	24.0 	0.0 	0.0 	0.0 	-0.0 	24.0 	0.0 	0.0 	0.0 	8.76515831601	3.08249670898	125.108864883	-76.1253348284	
9.85	0.0	0.0	0.0 	0.0 	276.4 	24.0 	0.0 	0.0 	0.0 	-0.0 	24.0 	0.0 	0.0 	0.0 	8.76758390363	3.08249670898	125.117495335	-76.2712061402	
9.86666666667	0.0	0.0	0.0 	0.0 	276.8 	24.0 	0.0 	0.0 	0.0 	-0.0 	24.0 	0.0 	0.0 	0.0 	8.76999575733	3.08249670898	125.126128161	-76.4171175794	
9.88333333333	0.0	0.0	0.0 	0.0 	277.2 	24.0 	0.0 	0.0 	0.0 	-0.0 	24.0 	0.0 	0.0 	0.0 	8.77239395487	3.08249670898	125.134763348	-76.5630689188	
9.9	0.0	0.0	0.0 	0.0 	277.6 	24.0 	0.0 	0.0 	0.0 	-0.0 	24.0 	0.0 	0.0 	0.0 	8.77477857357	3.08249670898	125.143400882	-76.7090599324	
9.91666666667	0.0	0.0	0.0 	0.0 	278.0 	24.0 	0.0 	0.0 	0.0 	-0.0 	24.0 	0.0 	0.0 	0.0 	8.77714969032	3.08249670898	125.152040751	-76.8550903957	
9.93333333333	0.0	0.0	0.0 	0.0 	278.4 	24.0 	0.0 	0.0 	0.0 	-0.0 	24.0 	0.0 	0.0 	0.0 	8.77950738157	3.08249670898	125.16068294	-77.0011600852	
9.95	0.0	0.0	0.0 	0.0 	278.8 	24.0 	0.0 	0.0 	0.0 	-0.0 	24.0 	0.0 	0.0 	0.0 	8.78185172334	3.08249670898	125.169327436	-77.1472687789	
9.96666666667	0.0	0.0	0.0 	0.0 	279.2 	24.0 	0.0 	0.0 	0.0 	-0.0 	24.0 	0.0 	0.0 	0.0 	8.78418279121	3.08249670898	125.177974228	-77.2934162558	
9.98333333333	0.0	0.0	0.0 	0.0 	279.6 	24.0 	0.0 	0.0 	0.0 	-0.0 	24.0 	0.0 	0.0 	0.0 	8.78650066033	3.08249670898	125.186623301	-77.4396022965	
