0.0166666666667	0.0	0.0	0.0 	0.0 	20.4166666667 	25.0 	0.0 	0.0 	0.0 	0.0 	25.0 	0.0 	0.0 	0.0 	0.0	0.354516129032	100.0	-8.1935483871	
0.0333333333333	0.0	0.0	0.0 	0.0 	20.8333333333 	25.0 	0.0 	0.0 	0.0 	-0.0 	25.0 	0.0 	0.0 	0.0 	0.0	0.354516129032	100.0	-8.1935483871	
0.05	0.0	0.0	0.0 	0.0 	21.25 	25.0 	0.0 	0.0 	0.0 	-0.0 	25.0 	0.0 	0.0 	0.0 	0.0	0.354516129032	100.0	-8.1935483871	
0.0666666666667	0.0	0.0	0.0 	0.0 	21.6666666667 	25.0 	0.0 	0.0 	0.0 	-0.0 	25.0 	0.0 	0.0 	0.0 	0.0	0.354516129032	100.0	-8.1935483871	
0.0833333333333	0.0	0.0	0.0 	0.0 	22.0833333333 	25.0 	0.0 	0.0 	0.0 	-0.0 	25.0 	0.0 	0.0 	0.0 	0.0	0.354516129032	100.0	-8.1935483871	
0.1	0.0	0.0	0.0 	0.0 	22.5 	25.0 	0.0 	0.0 	0.0 	-0.0 	25.0 	0.0 	0.0 	0.0 	0.0	0.354516129032	100.0	-8.1935483871	
0.116666666667	0.0	0.0	0.0 	0.0 	22.9166666667 	25.0 	0.0 	0.0 	0.0 	-0.0 	25.0 	0.0 	0.0 	0.0 	0.0	0.354516129032	100.0	-8.1935483871	
0.133333333333	0.0	0.0	0.0 	0.0 	23.3333333333 	25.0 	0.0 	0.0 	0.0 	-0.0 	25.0 	0.0 	0.0 	0.0 	0.0	0.354516129032	100.0	-8.1935483871	
0.15	0.0	0.0	0.0 	0.0 	23.75 	25.0 	0.0 	0.0 	0.0 	-0.0 	25.0 	0.0 	0.0 	0.0 	0.0	0.354516129032	100.0	-8.1935483871	
0.166666666667	0.0	0.0	0.0 	0.0 	24.1666666667 	25.0 	0.0 	0.0 	0.0 	-0.0 	25.0 	0.0 	0.0 	0.0 	0.0	0.354516129032	100.0	-8.1935483871	
0.183333333333	0.0	0.0	0.0 	0.0 	24.5833333333 	25.0 	0.0 	0.0 	0.0 	-0.0 	25.0 	0.0 	0.0 	0.0 	0.0	0.354516129032	100.0	-8.1935483871	
0.2	0.0	0.0	0.0 	0.0 	25.0 	25.0 	0.0 	0.0 	0.0 	-0.0 	25.0 	0.0 	0.0 	0.0 	0.0	0.354516129032	100.0	-8.1935483871	
0.216666666667	0.0	0.0	0.0 	0.0 	25.4166666667 	25.0 	0.0 	0.0 	0.0 	-0.0 	25.0 	0.0 	0.0 	0.0 	0.0	0.354516129032	100.0	-8.1935483871	
0.233333333333	0.0	0.0	0.0 	0.0 	25.8333333333 	25.0 	0.0 	0.0 	0.0 	-0.0 	25.0 	0.0 	0.0 	0.0 	0.0	0.354516129032	100.0	-8.1935483871	
0.25	0.0	0.0	0.0 	0.0 	26.25 	25.0 	0.0 	0.0 	0.0 	-0.0 	25.0 	0.0 	0.0 	0.0 	0.0	0.354516129032	100.0	-8.1935483871	
0.266666666667	0.0	0.0	0.0 	0.0 	26.6666666667 	25.0 	0.0 	0.0 	0.0 	-0.0 	25.0 	0.0 	0.0 	0.0 	0.0	0.354516129032	100.0	-8.1935483871	
0.283333333333	0.0	0.0	0.0 	0.0 	27.0833333333 	25.0 	0.0 	0.0 	0.0 	-0.0 	25.0 	0.0 	0.0 	0.0 	0.0	0.354516129032	100.0	-8.1935483871	
0.3	0.0	0.0	0.0 	0.0 	27.5 	25.0 	0.0 	0.0 	0.0 	-0.0 	25.0 	0.0 	0.0 	0.0 	0.0	0.354516129032	100.0	-8.1935483871	
0.316666666667	0.0	0.0	0.0 	0.0 	27.9166666667 	25.0 	0.0 	0.0 	0.0 	-0.0 	25.0 	0.0 	0.0 	0.0 	0.0	0.354516129032	100.0	-8.1935483871	
0.333333333333	0.0	0.0	0.0 	0.0 	28.3333333333 	25.0 	0.0 	0.0 	0.0 	-0.0 	25.0 	0.0 	0.0 	0.0 	0.0	0.354516129032	100.0	-8.1935483871	
0.35	0.0	0.0	0.0 	0.0 	28.75 	25.0 	0.0 	0.0 	0.0 	-0.0 	25.0 	0.0 	0.0 	0.0 	0.0	0.354516129032	100.0	-8.1935483871	
0.366666666667	0.0	0.0	0.0 	0.0 	29.1666666667 	25.0 	0.0 	0.0 	0.0 	-0.0 	25.0 	0.0 	0.0 	0.0 	0.0	0.354516129032	100.0	-8.1935483871	
0.383333333333	0.0	0.0	0.0 	0.0 	29.5833333333 	25.0 	0.0 	0.0 	0.0 	-0.0 	25.0 	0.0 	0.0 	0.0 	0.0	0.354516129032	100.0	-8.1935483871	
0.4	0.0	0.0	0.0 	0.0 	30.0 	25.0 	0.0 	0.0 	0.0 	-0.0 	25.0 	0.0 	0.0 	0.0 	0.0	0.354516129032	100.0	-8.1935483871	
0.416666666667	0.0	0.0	0.0 	0.0 	30.4166666667 	25.0 	0.0 	0.0 	0.0 	-0.0 	25.0 	0.0 	0.0 	0.0 	0.0	0.354516129032	100.0	-8.1935483871	
0.433333333333	0.0	0.0	0.0 	0.0 	30.8333333333 	25.0 	0.0 	0.0 	0.0 	-0.0 	25.0 	0.0 	0.0 	0.0 	0.0	0.354516129032	100.0	-8.1935483871	
0.45	0.0	0.0	0.0 	0.0 	31.25 	25.0 	0.0 	0.0 	0.0 	-0.0 	25.0 	0.0 	0.0 	0.0 	0.0	0.354516129032	100.0	-8.1935483871	
0.466666666667	0.0	0.0	0.0 	0.0 	31.6666666667 	25.0 	0.0 	0.0 	0.0 	-0.0 	25.0 	0.0 	0.0 	0.0 	0.0	0.354516129032	100.0	-8.1935483871	
0.483333333333	0.0	0.0	0.0 	0.0 	32.0833333333 	25.0 	0.0 	0.0 	0.0 	-0.0 	25.0 	0.0 	0.0 	0.0 	0.0	0.354516129032	100.0	-8.1935483871	
0.5	0.0	0.0	0.0 	0.0 	32.5 	25.0 	0.0 	0.0 	0.0 	-0.0 	25.0 	0.0 	0.0 	0.0 	0.0	0.354516129032	100.0	-8.1935483871	
0.516666666667	0.0	0.0	0.0 	0.0 	32.9166666667 	25.0 	0.0 	0.0 	0.0 	-0.0 	25.0 	0.0 	0.0 	0.0 	0.0	0.354516129032	100.0	-8.1935483871	
0.533333333333	0.0	0.0	0.0 	0.0 	33.3333333333 	25.0 	0.0 	0.0 	0.0 	-0.0 	25.0 	0.0 	0.0 	0.0 	0.0	0.354516129032	100.0	-8.1935483871	
0.55	0.0	0.0	0.0 	0.0 	33.75 	25.0 	0.0 	0.0 	0.0 	-0.0 	25.0 	0.0 	0.0 	0.0 	0.0	0.354516129032	100.0	-8.1935483871	
0.566666666667	0.0	0.0	0.0 	0.0 	34.1666666667 	25.0 	0.0 	0.0 	0.0 	-0.0 	25.0 	0.0 	0.0 	0.0 	0.0	0.354516129032	100.0	-8.1935483871	
0.583333333333	0.0	0.0	0.0 	0.0 	34.5833333333 	25.0 	0.0 	0.0 	0.0 	-0.0 	25.0 	0.0 	0.0 	0.0 	0.0	0.354516129032	100.0	-8.1935483871	
0.6	0.0	0.0	0.0 	0.0 	35.0 	25.0 	0.0 	0.0 	0.0 	-0.0 	25.0 	0.0 	0.0 	0.0 	0.0	0.354516129032	100.0	-8.1935483871	
0.616666666667	0.0	0.0	0.0 	0.0 	35.4166666667 	25.0 	0.0 	0.0 	0.0 	-0.0 	25.0 	0.0 	0.0 	0.0 	0.0	0.354516129032	100.0	-8.1935483871	
0.633333333333	0.0	0.0	0.0 	0.0 	35.8333333333 	25.0 	0.0 	0.0 	0.0 	-0.0 	25.0 	0.0 	0.0 	0.0 	0.0	0.354516129032	100.0	-8.1935483871	
0.65	0.0	0.0	0.0 	0.0 	36.25 	25.0 	0.0 	0.0 	0.0 	-0.0 	25.0 	0.0 	0.0 	0.0 	0.0	0.354516129032	100.0	-8.1935483871	
0.666666666667	0.0	0.0	0.0 	0.0 	36.6666666667 	25.0 	0.0 	0.0 	0.0 	-0.0 	25.0 	0.0 	0.0 	0.0 	0.0	0.354516129032	100.0	-8.1935483871	
0.683333333333	0.0	0.0	0.0 	0.0 	37.0833333333 	25.0 	0.0 	0.0 	0.0 	-0.0 	25.0 	0.0 	0.0 	0.0 	0.0	0.354516129032	100.0	-8.1935483871	
0.7	0.0	0.0	0.0 	0.0 	37.5 	25.0 	0.0 	0.0 	0.0 	-0.0 	25.0 	0.0 	0.0 	0.0 	0.0	0.354516129032	100.0	-8.1935483871	
0.716666666667	0.0	0.0	0.0 	0.0 	37.9166666667 	25.0 	0.0 	0.0 	0.0 	-0.0 	25.0 	0.0 	0.0 	0.0 	0.0	0.354516129032	100.0	-8.1935483871	
0.733333333333	0.0	0.0	0.0 	0.0 	38.3333333333 	25.0 	0.0 	0.0 	0.0 	-0.0 	25.0 	0.0 	0.0 	0.0 	0.0	0.354516129032	100.0	-8.1935483871	
0.75	0.0	0.0	0.0 	0.0 	38.75 	25.0 	0.0 	0.0 	0.0 	-0.0 	25.0 	0.0 	0.0 	0.0 	0.0	0.354516129032	100.0	-8.1935483871	
0.766666666667	0.0	0.0	0.0 	0.0 	39.1666666667 	25.0 	0.0 	0.0 	0.0 	-0.0 	25.0 	0.0 	0.0 	0.0 	0.0	0.354516129032	100.0	-8.1935483871	
0.783333333333	0.0	0.0	0.0 	0.0 	39.5833333333 	25.0 	0.0 	0.0 	0.0 	-0.0 	25.0 	0.0 	0.0 	0.0 	0.0	0.354516129032	100.0	-8.1935483871	
0.8	0.0	0.0	0.0 	0.0 	40.0 	25.0 	0.0 	0.0 	0.0 	-0.0 	25.0 	0.0 	0.0 	0.0 	0.0	0.354516129032	100.0	-8.1935483871	
0.816666666667	0.0	0.0	0.0 	0.0 	40.4166666667 	25.0 	0.0 	0.0 	0.0 	-0.0 	25.0 	0.0 	0.0 	0.0 	0.185663082437	0.729656292373	100.002062759	-8.1912418217	
0.833333333333	0.0	0.0	0.0 	0.0 	40.8333333333 	25.0 	0.0 	0.0 	0.0 	-0.0 	25.0 	0.0 	0.0 	0.0 	0.367200318598	1.04227309516	100.007347706	-8.18815575624	
0.85	0.0	0.0	0.0 	0.0 	41.25 	25.0 	0.0 	0.0 	0.0 	-0.0 	25.0 	0.0 	0.0 	0.0 	0.544703393955	1.30278709748	100.016101997	-8.18575168727	
0.866666666667	0.0	0.0	0.0 	0.0 	41.6666666667 	25.0 	0.0 	0.0 	0.0 	-0.0 	25.0 	0.0 	0.0 	0.0 	0.718261956527	1.51820537723	100.028056478	-8.18512240947	
0.883333333333	0.0	0.0	0.0 	0.0 	42.0833333333 	25.0 	0.0 	0.0 	0.0 	-0.0 	25.0 	0.0 	0.0 	0.0 	0.887963662153	1.68157066065	100.042765164	-8.18675845176	
0.9	0.0	0.0	0.0 	0.0 	42.5 	25.0 	0.0 	0.0 	0.0 	-0.0 	25.0 	0.0 	0.0 	0.0 	1.05389421876	1.81371465832	100.059814365	-8.19098344863	
0.916666666667	0.0	0.0	0.0 	0.0 	42.9166666667 	25.0 	0.0 	0.0 	0.0 	-0.0 	25.0 	0.0 	0.0 	0.0 	1.21613742967	1.92505322154	100.078824712	-8.19801461811	
0.933333333333	0.0	0.0	0.0 	0.0 	43.3333333333 	25.0 	0.0 	0.0 	0.0 	-0.0 	25.0 	0.0 	0.0 	0.0 	1.3747752359	2.02153826117	100.099449184	-8.2079962536	
0.95	0.0	0.0	0.0 	0.0 	43.75 	25.0 	0.0 	0.0 	0.0 	-0.0 	25.0 	0.0 	0.0 	0.0 	1.52988775754	2.1068897172	100.121370198	-8.22102022235	
0.966666666667	0.0	0.0	0.0 	0.0 	44.1666666667 	25.0 	0.0 	0.0 	0.0 	-0.0 	25.0 	0.0 	0.0 	0.0 	1.68155333425	2.18358754521	100.14429666	-8.23713939762	
0.983333333333	0.0	0.0	0.0 	0.0 	44.5833333333 	25.0 	0.0 	0.0 	0.0 	-0.0 	25.0 	0.0 	0.0 	0.0 	1.82984856481	2.2533677096	100.167961276	-8.25637691215	
1.0	0.0	0.0	0.0 	0.0 	45.0 	25.0 	0.0 	0.0 	0.0 	-0.0 	25.0 	0.0 	0.0 	0.0 	1.97484834581	2.31203260952	100.192239877	-8.27860055045	
1.01666666667	0.0	0.0	0.0 	0.0 	45.4166666667 	25.0 	0.0 	0.0 	0.0 	-0.0 	25.0 	0.0 	0.0 	0.0 	2.11662590945	2.36092002611	100.217066397	-8.30366282402	
1.03333333333	0.0	0.0	0.0 	0.0 	45.8333333333 	25.0 	0.0 	0.0 	0.0 	-0.0 	25.0 	0.0 	0.0 	0.0 	2.25525286057	2.40165953994	100.24240937	-8.33142174134	
1.05	0.0	0.0	0.0 	0.0 	46.25 	25.0 	0.0 	0.0 	0.0 	-0.0 	25.0 	0.0 	0.0 	0.0 	2.39079921277	2.43560913479	100.268261184	-8.3617440019	
1.06666666667	0.0	0.0	0.0 	0.0 	46.6666666667 	25.0 	0.0 	0.0 	0.0 	-0.0 	25.0 	0.0 	0.0 	0.0 	2.52333342381	2.46390046384	100.294629887	-8.3945061969	
1.08333333333	0.0	0.0	0.0 	0.0 	47.0833333333 	25.0 	0.0 	0.0 	0.0 	-0.0 	25.0 	0.0 	0.0 	0.0 	2.65292243017	2.48747657138	100.321533085	-8.42959490143	
1.1	0.0	0.0	0.0 	0.0 	47.5 	25.0 	0.0 	0.0 	0.0 	-0.0 	25.0 	0.0 	0.0 	0.0 	2.77963168082	2.50712332766	100.348993539	-8.46690619245	
1.11666666667	0.0	0.0	0.0 	0.0 	47.9166666667 	25.0 	0.0 	0.0 	0.0 	-0.0 	25.0 	0.0 	0.0 	0.0 	2.90352517035	2.52349562457	100.377036043	-8.50634490431	
1.13333333333	0.0	0.0	0.0 	0.0 	48.3333333333 	25.0 	0.0 	0.0 	0.0 	-0.0 	25.0 	0.0 	0.0 	0.0 	3.02466547123	2.53713920532	100.405685294	-8.54782379705	
1.15	0.0	0.0	0.0 	0.0 	48.75 	25.0 	0.0 	0.0 	0.0 	-0.0 	25.0 	0.0 	0.0 	0.0 	3.14311376541	2.54850885595	100.434964489	-8.59126273073	
1.16666666667	0.0	0.0	0.0 	0.0 	49.1666666667 	25.0 	0.0 	0.0 	0.0 	-0.0 	25.0 	0.0 	0.0 	0.0 	3.25892987529	2.5579835648	100.464894459	-8.63658789156	
1.18333333333	0.0	0.0	0.0 	0.0 	49.5833333333 	25.0 	0.0 	0.0 	0.0 	-0.0 	25.0 	0.0 	0.0 	0.0 	3.37217229383	2.56587915551	100.495493181	-8.68373108863	
1.2	0.0	0.0	0.0 	0.0 	50.0 	25.0 	0.0 	0.0 	0.0 	-0.0 	25.0 	0.0 	0.0 	0.0 	3.48289821418	2.57245881444	100.526775564	-8.73262912592	
1.21666666667	0.0	0.0	0.0 	0.0 	50.4166666667 	25.0 	0.0 	0.0 	0.0 	-0.0 	25.0 	0.0 	0.0 	0.0 	3.59116355853	2.57794186355	100.558753427	-8.78322324687	
1.23333333333	0.0	0.0	0.0 	0.0 	50.8333333333 	25.0 	0.0 	0.0 	0.0 	-0.0 	25.0 	0.0 	0.0 	0.0 	3.69702300633	2.58251107114	100.591435594	-8.8354586454	
1.25	0.0	0.0	0.0 	0.0 	51.25 	25.0 	0.0 	0.0 	0.0 	-0.0 	25.0 	0.0 	0.0 	0.0 	3.80053002196	2.58631874413	100.624828069	-8.88928403656	
1.26666666667	0.0	0.0	0.0 	0.0 	51.6666666667 	25.0 	0.0 	0.0 	0.0 	-0.0 	25.0 	0.0 	0.0 	0.0 	3.90173688169	2.58949180495	100.658934263	-8.94465127968	
1.28333333333	0.0	0.0	0.0 	0.0 	52.0833333333 	25.0 	0.0 	0.0 	0.0 	-0.0 	25.0 	0.0 	0.0 	0.0 	4.00069470009	2.59213602231	100.693755237	-9.00151504765	
1.3	0.0	0.0	0.0 	0.0 	52.5 	25.0 	0.0 	0.0 	0.0 	-0.0 	25.0 	0.0 	0.0 	0.0 	4.09745345585	2.59433953677	100.729289956	-9.05983253642	
1.31666666667	0.0	0.0	0.0 	0.0 	52.9166666667 	25.0 	0.0 	0.0 	0.0 	-0.0 	25.0 	0.0 	0.0 	0.0 	4.19206201705	2.59617579882	100.765535538	-9.11956320972	
1.33333333333	0.0	0.0	0.0 	0.0 	53.3333333333 	25.0 	0.0 	0.0 	0.0 	-0.0 	25.0 	0.0 	0.0 	0.0 	4.28456816578	2.5977060172	100.802487489	-9.18066857467	
1.35	0.0	0.0	0.0 	0.0 	53.75 	25.0 	0.0 	0.0 	0.0 	-0.0 	25.0 	0.0 	0.0 	0.0 	4.37501862231	2.59898119918	100.840139928	-9.2431119843	
1.36666666667	0.0	0.0	0.0 	0.0 	54.1666666667 	25.0 	0.0 	0.0 	0.0 	-0.0 	25.0 	0.0 	0.0 	0.0 	4.46345906869	2.60004385083	100.878485787	-9.30685846381	
1.38333333333	0.0	0.0	0.0 	0.0 	54.5833333333 	25.0 	0.0 	0.0 	0.0 	-0.0 	25.0 	0.0 	0.0 	0.0 	4.54993417183	2.60092939387	100.917517	-9.3718745576	
1.4	0.0	0.0	0.0 	0.0 	55.0 	25.0 	0.0 	0.0 	0.0 	-0.0 	25.0 	0.0 	0.0 	0.0 	4.634487606	2.6016673464	100.957224667	-9.43812819455	
1.41666666667	0.0	0.0	0.0 	0.0 	55.4166666667 	25.0 	0.0 	0.0 	0.0 	-0.0 	25.0 	0.0 	0.0 	0.0 	4.71716207497	2.60228230685	100.997599199	-9.5055885694	
1.43333333333	0.0	0.0	0.0 	0.0 	55.8333333333 	25.0 	0.0 	0.0 	0.0 	-0.0 	25.0 	0.0 	0.0 	0.0 	4.79799933352	2.60279477389	101.038630454	-9.57422603818	
1.45	0.0	0.0	0.0 	0.0 	56.25 	25.0 	0.0 	0.0 	0.0 	-0.0 	25.0 	0.0 	0.0 	0.0 	4.87704020855	2.60322182975	101.080307847	-9.64401202602	
1.46666666667	0.0	0.0	0.0 	0.0 	56.6666666667 	25.0 	0.0 	0.0 	0.0 	-0.0 	25.0 	0.0 	0.0 	0.0 	4.95432461968	2.60357770964	101.122620453	-9.71491894584	
1.48333333333	0.0	0.0	0.0 	0.0 	57.0833333333 	25.0 	0.0 	0.0 	0.0 	-0.0 	25.0 	0.0 	0.0 	0.0 	5.02989159946	2.60387427621	101.16555709	-9.78692012655	
1.5	0.0	0.0	0.0 	0.0 	57.5 	25.0 	0.0 	0.0 	0.0 	-0.0 	25.0 	0.0 	0.0 	0.0 	5.10377931302	2.60412141502	101.209106398	-9.85998974961	
1.51666666667	0.0	0.0	0.0 	0.0 	57.9166666667 	25.0 	0.0 	0.0 	0.0 	-0.0 	25.0 	0.0 	0.0 	0.0 	5.17602507739	2.60432736403	101.253256899	-9.93410279283	
1.53333333333	0.0	0.0	0.0 	0.0 	58.3333333333 	25.0 	0.0 	0.0 	0.0 	-0.0 	25.0 	0.0 	0.0 	0.0 	5.24666538033	2.60449898821	101.297997054	-10.0092349806	
1.55	0.0	0.0	0.0 	0.0 	58.75 	25.0 	0.0 	0.0 	0.0 	-0.0 	25.0 	0.0 	0.0 	0.0 	5.31573589876	2.60464200835	101.34331531	-10.0853627395	
1.56666666667	0.0	0.0	0.0 	0.0 	59.1666666667 	25.0 	0.0 	0.0 	0.0 	-0.0 	25.0 	0.0 	0.0 	0.0 	5.38327151678	2.60476119181	101.389200139	-10.1624631594	
1.58333333333	0.0	0.0	0.0 	0.0 	59.5833333333 	25.0 	0.0 	0.0 	0.0 	-0.0 	25.0 	0.0 	0.0 	0.0 	5.44930634329	2.60486051135	101.435640071	-10.2405139576	
1.6	0.0	0.0	0.0 	0.0 	60.0 	25.0 	0.0 	0.0 	0.0 	-0.0 	25.0 	0.0 	0.0 	0.0 	5.51387372921	2.60494327764	101.48262372	-10.3194934479	
1.61666666667	0.0	0.0	0.0 	0.0 	60.4166666667 	25.0 	0.0 	0.0 	0.0 	-0.0 	25.0 	0.0 	0.0 	0.0 	5.57700628433	2.60501224955	101.530139811	-10.3993805123	
1.63333333333	0.0	0.0	0.0 	0.0 	60.8333333333 	25.0 	0.0 	0.0 	0.0 	-0.0 	25.0 	0.0 	0.0 	0.0 	5.63873589378	2.60506972613	101.578177196	-10.4801545752	
1.65	0.0	0.0	0.0 	0.0 	61.25 	25.0 	0.0 	0.0 	0.0 	-0.0 	25.0 	0.0 	0.0 	0.0 	5.69909373414	2.60511762329	101.62672487	-10.5617955807	
1.66666666667	0.0	0.0	0.0 	0.0 	61.6666666667 	25.0 	0.0 	0.0 	0.0 	-0.0 	25.0 	0.0 	0.0 	0.0 	5.75811028915	2.60515753759	101.675771983	-10.6442839714	
1.68333333333	0.0	0.0	0.0 	0.0 	62.0833333333 	25.0 	0.0 	0.0 	0.0 	-0.0 	25.0 	0.0 	0.0 	0.0 	5.81581536516	2.6051907995	101.725307852	-10.7276006698	
1.7	0.0	0.0	0.0 	0.0 	62.5 	25.0 	0.0 	0.0 	0.0 	-0.0 	25.0 	0.0 	0.0 	0.0 	5.87223810615	2.60521851777	101.775321967	-10.8117270602	
1.71666666667	0.0	0.0	0.0 	0.0 	62.9166666667 	25.0 	0.0 	0.0 	0.0 	-0.0 	25.0 	0.0 	0.0 	0.0 	5.92740700845	2.60524161632	101.825803996	-10.8966449729	
1.73333333333	0.0	0.0	0.0 	0.0 	63.3333333333 	25.0 	0.0 	0.0 	0.0 	-0.0 	25.0 	0.0 	0.0 	0.0 	5.98134993514	2.60526086511	101.876743792	-10.9823366698	
1.75	0.0	0.0	0.0 	0.0 	63.75 	25.0 	0.0 	0.0 	0.0 	-0.0 	25.0 	0.0 	0.0 	0.0 	6.03409413013	2.60527690577	101.928131394	-11.0687848296	
1.76666666667	0.0	0.0	0.0 	0.0 	64.1666666667 	25.0 	0.0 	0.0 	0.0 	-0.0 	25.0 	0.0 	0.0 	0.0 	6.0856662319	2.60529027299	101.979957029	-11.155972536	
1.78333333333	0.0	0.0	0.0 	0.0 	64.5833333333 	25.0 	0.0 	0.0 	0.0 	-0.0 	25.0 	0.0 	0.0 	0.0 	6.13609228696	2.60530141234	102.032211115	-11.243883265	
1.8	0.0	0.0	0.0 	0.0 	65.0 	25.0 	0.0 	0.0 	0.0 	-0.0 	25.0 	0.0 	0.0 	0.0 	6.18539776302	2.60531069513	102.084884256	-11.332500874	
1.81666666667	0.0	0.0	0.0 	0.0 	65.4166666667 	25.0 	0.0 	0.0 	0.0 	-0.0 	25.0 	0.0 	0.0 	0.0 	6.23360756184	2.60531843079	102.137967247	-11.4218095908	
1.83333333333	0.0	0.0	0.0 	0.0 	65.8333333333 	25.0 	0.0 	0.0 	0.0 	-0.0 	25.0 	0.0 	0.0 	0.0 	6.28074603179	2.60532487717	102.191451072	-11.5117940039	
1.85	0.0	0.0	0.0 	0.0 	66.25 	25.0 	0.0 	0.0 	0.0 	-0.0 	25.0 	0.0 	0.0 	0.0 	6.32683698019	2.60533024915	102.245326898	-11.6024390527	
1.86666666667	0.0	0.0	0.0 	0.0 	66.6666666667 	25.0 	0.0 	0.0 	0.0 	-0.0 	25.0 	0.0 	0.0 	0.0 	6.37190368529	2.60533472581	102.299586078	-11.6937300183	
1.88333333333	0.0	0.0	0.0 	0.0 	67.0833333333 	25.0 	0.0 	0.0 	0.0 	-0.0 	25.0 	0.0 	0.0 	0.0 	6.41596890805	2.60533845635	102.354220148	-11.785652515	
1.9	0.0	0.0	0.0 	0.0 	67.5 	25.0 	0.0 	0.0 	0.0 	-0.0 	25.0 	0.0 	0.0 	0.0 	6.45905490364	2.60534156514	102.409220821	-11.8781924819	
1.91666666667	0.0	0.0	0.0 	0.0 	67.9166666667 	25.0 	0.0 	0.0 	0.0 	-0.0 	25.0 	0.0 	0.0 	0.0 	6.50118343267	2.6053441558	102.464579989	-11.9713361747	
1.93333333333	0.0	0.0	0.0 	0.0 	68.3333333333 	25.0 	0.0 	0.0 	0.0 	-0.0 	25.0 	0.0 	0.0 	0.0 	6.54237577215	2.60534631468	102.520289718	-12.0650701583	
1.95	0.0	0.0	0.0 	0.0 	68.75 	25.0 	0.0 	0.0 	0.0 	-0.0 	25.0 	0.0 	0.0 	0.0 	6.58265272632	2.60534811374	102.576342243	-12.1593812991	
1.96666666667	0.0	0.0	0.0 	0.0 	69.1666666667 	25.0 	0.0 	0.0 	0.0 	-0.0 	25.0 	0.0 	0.0 	0.0 	6.62203463706	2.60534961297	102.632729971	-12.2542567578	
1.98333333333	0.0	0.0	0.0 	0.0 	69.5833333333 	25.0 	0.0 	0.0 	0.0 	-0.0 	25.0 	0.0 	0.0 	0.0 	6.66054139423	2.60535086232	102.689445472	-12.3496839828	
2.0	0.0	0.0	0.0 	0.0 	70.0 	25.0 	0.0 	0.0 	0.0 	-0.0 	25.0 	0.0 	0.0 	0.0 	6.69819244569	2.60535190344	102.746481476	-12.4456507032	
2.01666666667	0.0	0.0	0.0 	0.0 	70.4166666667 	25.0 	0.0 	0.0 	0.0 	-0.0 	25.0 	0.0 	0.0 	0.0 	6.73500680711	2.60535277105	102.803830876	-12.5421449221	
2.03333333333	0.0	0.0	0.0 	0.0 	70.8333333333 	25.0 	0.0 	0.0 	0.0 	-0.0 	25.0 	0.0 	0.0 	0.0 	6.77100307161	2.60535349406	102.861486719	-12.6391549107	
2.05	0.0	0.0	0.0 	0.0 	71.25 	25.0 	0.0 	0.0 	0.0 	-0.0 	25.0 	0.0 	0.0 	0.0 	6.80619941912	2.60535409656	102.919442203	-12.7366692017	
2.06666666667	0.0	0.0	0.0 	0.0 	71.6666666667 	25.0 	0.0 	0.0 	0.0 	-0.0 	25.0 	0.0 	0.0 	0.0 	6.84061362558	2.60535459865	102.977690679	-12.8346765838	
2.08333333333	0.0	0.0	0.0 	0.0 	72.0833333333 	25.0 	0.0 	0.0 	0.0 	-0.0 	25.0 	0.0 	0.0 	0.0 	6.87426307189	2.60535501705	103.036225642	-12.9331660954	
2.1	0.0	0.0	0.0 	0.0 	72.5 	25.0 	0.0 	0.0 	0.0 	-0.0 	25.0 	0.0 	0.0 	0.0 	6.90716475273	2.60535536572	103.095040731	-13.0321270192	
2.11666666667	0.0	0.0	0.0 	0.0 	72.9166666667 	25.0 	0.0 	0.0 	0.0 	-0.0 	25.0 	0.0 	0.0 	0.0 	6.93933528511	2.60535565628	103.154129726	-13.1315488766	
2.13333333333	0.0	0.0	0.0 	0.0 	73.3333333333 	25.0 	0.0 	0.0 	0.0 	-0.0 	25.0 	0.0 	0.0 	0.0 	6.97079091677	2.60535589841	103.213486544	-13.2314214223	
2.15	0.0	0.0	0.0 	0.0 	73.75 	25.0 	0.0 	0.0 	0.0 	-0.0 	25.0 	0.0 	0.0 	0.0 	7.00154753439	2.60535610019	103.273105237	-13.331734639	
2.16666666667	0.0	0.0	0.0 	0.0 	74.1666666667 	25.0 	0.0 	0.0 	0.0 	-0.0 	25.0 	0.0 	0.0 	0.0 	7.03162067161	2.60535626834	103.332979987	-13.4324787323	
2.18333333333	0.0	0.0	0.0 	0.0 	74.5833333333 	25.0 	0.0 	0.0 	0.0 	-0.0 	25.0 	0.0 	0.0 	0.0 	7.06102551691	2.60535640846	103.393105108	-13.533644126	
2.2	0.0	0.0	0.0 	0.0 	75.0 	25.0 	0.0 	0.0 	0.0 	-0.0 	25.0 	0.0 	0.0 	0.0 	7.08977692119	2.60535652523	103.453475038	-13.6352214565	
2.21666666667	0.0	0.0	0.0 	0.0 	75.4166666667 	25.0 	0.0 	0.0 	0.0 	-0.0 	25.0 	0.0 	0.0 	0.0 	7.11788940538	2.60535662254	103.514084337	-13.7372015688	
2.23333333333	0.0	0.0	0.0 	0.0 	75.8333333333 	25.0 	0.0 	0.0 	0.0 	-0.0 	25.0 	0.0 	0.0 	0.0 	7.1453771677	2.60535670363	103.574927688	-13.8395755114	
2.25	0.0	0.0	0.0 	0.0 	76.25 	25.0 	0.0 	0.0 	0.0 	-0.0 	25.0 	0.0 	0.0 	0.0 	7.17225409085	2.6053567712	103.63599989	-13.9423345318	
2.26666666667	0.0	0.0	0.0 	0.0 	76.6666666667 	25.0 	0.0 	0.0 	0.0 	-0.0 	25.0 	0.0 	0.0 	0.0 	7.19853374905	2.60535682752	103.69729586	-14.0454700721	
2.28333333333	0.0	0.0	0.0 	0.0 	77.0833333333 	25.0 	0.0 	0.0 	0.0 	-0.0 	25.0 	0.0 	0.0 	0.0 	7.22422941484	2.60535687444	103.758810625	-14.1489737647	
2.3	0.0	0.0	0.0 	0.0 	77.5 	25.0 	0.0 	0.0 	0.0 	-0.0 	25.0 	0.0 	0.0 	0.0 	7.24935406583	2.60535691355	103.820539325	-14.2528374282	
2.31666666667	0.0	0.0	0.0 	0.0 	77.9166666667 	25.0 	0.0 	0.0 	0.0 	-0.0 	25.0 	0.0 	0.0 	0.0 	7.27392039125	2.60535694614	103.882477204	-14.3570530628	
2.33333333333	0.0	0.0	0.0 	0.0 	78.3333333333 	25.0 	0.0 	0.0 	0.0 	-0.0 	25.0 	0.0 	0.0 	0.0 	7.29794079833	2.60535697329	103.944619616	-14.4616128466	
2.35	0.0	0.0	0.0 	0.0 	78.75 	25.0 	0.0 	0.0 	0.0 	-0.0 	25.0 	0.0 	0.0 	0.0 	7.32142741858	2.60535699592	104.006962016	-14.5665091316	
2.36666666667	0.0	0.0	0.0 	0.0 	79.1666666667 	25.0 	0.0 	0.0 	0.0 	-0.0 	25.0 	0.0 	0.0 	0.0 	7.34439211394	2.60535701478	104.069499959	-14.6717344399	
2.38333333333	0.0	0.0	0.0 	0.0 	79.5833333333 	25.0 	0.0 	0.0 	0.0 	-0.0 	25.0 	0.0 	0.0 	0.0 	7.36684648273	2.6053570305	104.132229101	-14.7772814597	
2.4	0.0	0.0	0.0 	0.0 	80.0 	25.0 	0.0 	0.0 	0.0 	-0.0 	25.0 	0.0 	0.0 	0.0 	7.38880186555	2.6053570436	104.195145193	-14.8831430417	
2.41666666667	0.0	0.0	0.0 	0.0 	80.4166666667 	25.0 	0.0 	0.0 	0.0 	-0.0 	25.0 	0.0 	0.0 	0.0 	7.41026935098	2.60535705451	104.258244081	-14.9893121954	
2.43333333333	0.0	0.0	0.0 	0.0 	80.8333333333 	25.0 	0.0 	0.0 	0.0 	-0.0 	25.0 	0.0 	0.0 	0.0 	7.43125978117	2.6053570636	104.321521702	-15.095782086	
2.45	0.0	0.0	0.0 	0.0 	81.25 	25.0 	0.0 	0.0 	0.0 	-0.0 	25.0 	0.0 	0.0 	0.0 	7.45178375736	2.60535707118	104.384974086	-15.2025460301	
2.46666666667	0.0	0.0	0.0 	0.0 	81.6666666667 	25.0 	0.0 	0.0 	0.0 	-0.0 	25.0 	0.0 	0.0 	0.0 	7.47185164519	2.6053570775	104.448597348	-15.3095974934	
2.48333333333	0.0	0.0	0.0 	0.0 	82.0833333333 	25.0 	0.0 	0.0 	0.0 	-0.0 	25.0 	0.0 	0.0 	0.0 	7.49147357996	2.60535708276	104.512387692	-15.4169300863	
2.5	0.0	0.0	0.0 	0.0 	82.5 	25.0 	0.0 	0.0 	0.0 	-0.0 	25.0 	0.0 	0.0 	0.0 	7.51065947173	2.60535708715	104.576341404	-15.5245375616	
2.51666666667	0.0	0.0	0.0 	0.0 	82.9166666667 	25.0 	0.0 	0.0 	0.0 	-0.0 	25.0 	0.0 	0.0 	0.0 	7.52941901035	2.6053570908	104.640454854	-15.6324138106	
2.53333333333	0.0	0.0	0.0 	0.0 	83.3333333333 	25.0 	0.0 	0.0 	0.0 	-0.0 	25.0 	0.0 	0.0 	0.0 	7.54776167034	2.60535709385	104.704724493	-15.7405528606	
2.55	0.0	0.0	0.0 	0.0 	83.75 	25.0 	0.0 	0.0 	0.0 	-0.0 	25.0 	0.0 	0.0 	0.0 	7.56569671565	2.60535709639	104.76914685	-15.8489488716	
2.56666666667	0.0	0.0	0.0 	0.0 	84.1666666667 	25.0 	0.0 	0.0 	0.0 	-0.0 	25.0 	0.0 	0.0 	0.0 	7.58323320441	2.6053570985	104.83371853	-15.9575961332	
2.58333333333	0.0	0.0	0.0 	0.0 	84.5833333333 	25.0 	0.0 	0.0 	0.0 	-0.0 	25.0 	0.0 	0.0 	0.0 	7.60037999342	2.60535710027	104.898436217	-16.0664890622	
2.6	0.0	0.0	0.0 	0.0 	85.0 	25.0 	0.0 	0.0 	0.0 	-0.0 	25.0 	0.0 	0.0 	0.0 	7.61714574267	2.60535710173	104.963296664	-16.1756221992	
2.61666666667	0.0	0.0	0.0 	0.0 	85.4166666667 	25.0 	0.0 	0.0 	0.0 	-0.0 	25.0 	0.0 	0.0 	0.0 	7.63353891971	2.60535710296	105.0282967	-16.2849902062	
2.63333333333	0.0	0.0	0.0 	0.0 	85.8333333333 	25.0 	0.0 	0.0 	0.0 	-0.0 	25.0 	0.0 	0.0 	0.0 	7.64956780393	2.60535710398	105.093433223	-16.394587864	
2.65	0.0	0.0	0.0 	0.0 	86.25 	25.0 	0.0 	0.0 	0.0 	-0.0 	25.0 	0.0 	0.0 	0.0 	7.66524049073	2.60535710483	105.1587032	-16.5044100691	
2.66666666667	0.0	0.0	0.0 	0.0 	86.6666666667 	25.0 	0.0 	0.0 	0.0 	-0.0 	25.0 	0.0 	0.0 	0.0 	7.68056489559	2.60535710554	105.224103665	-16.6144518316	
2.68333333333	0.0	0.0	0.0 	0.0 	87.0833333333 	25.0 	0.0 	0.0 	0.0 	-0.0 	25.0 	0.0 	0.0 	0.0 	7.69554875813	2.60535710613	105.289631718	-16.7247082725	
2.7	0.0	0.0	0.0 	0.0 	87.5 	25.0 	0.0 	0.0 	0.0 	-0.0 	25.0 	0.0 	0.0 	0.0 	7.71019964594	2.60535710662	105.355284525	-16.835174621	
2.71666666667	0.0	0.0	0.0 	0.0 	87.9166666667 	25.0 	0.0 	0.0 	0.0 	-0.0 	25.0 	0.0 	0.0 	0.0 	7.72452495847	2.60535710703	105.421059312	-16.9458462127	
2.73333333333	0.0	0.0	0.0 	0.0 	88.3333333333 	25.0 	0.0 	0.0 	0.0 	-0.0 	25.0 	0.0 	0.0 	0.0 	7.73853193072	2.60535710737	105.48695337	-17.0567184864	
2.75	0.0	0.0	0.0 	0.0 	88.75 	25.0 	0.0 	0.0 	0.0 	-0.0 	25.0 	0.0 	0.0 	0.0 	7.75222763692	2.60535710765	105.552964047	-17.1677869827	
2.76666666667	0.0	0.0	0.0 	0.0 	89.1666666667 	25.0 	0.0 	0.0 	0.0 	-0.0 	25.0 	0.0 	0.0 	0.0 	7.76561899409	2.60535710789	105.619088752	-17.279047341	
2.78333333333	0.0	0.0	0.0 	0.0 	89.5833333333 	25.0 	0.0 	0.0 	0.0 	-0.0 	25.0 	0.0 	0.0 	0.0 	7.77871276555	2.60535710809	105.685324952	-17.3904952978	
2.8	0.0	0.0	0.0 	0.0 	90.0 	25.0 	0.0 	0.0 	0.0 	-0.0 	25.0 	0.0 	0.0 	0.0 	7.7915155643	2.60535710825	105.751670168	-17.502126684	
2.81666666667	0.0	0.0	0.0 	0.0 	90.4166666667 	25.0 	0.0 	0.0 	0.0 	-0.0 	25.0 	0.0 	0.0 	0.0 	7.80403385642	2.60535710839	105.818121978	-17.6139374237	
2.83333333333	0.0	0.0	0.0 	0.0 	90.8333333333 	25.0 	0.0 	0.0 	0.0 	-0.0 	25.0 	0.0 	0.0 	0.0 	7.81627396427	2.60535710851	105.884678013	-17.725923531	
2.85	0.0	0.0	0.0 	0.0 	91.25 	25.0 	0.0 	0.0 	0.0 	-0.0 	25.0 	0.0 	0.0 	0.0 	7.82824206973	2.6053571086	105.951335958	-17.838081109	
2.86666666667	0.0	0.0	0.0 	0.0 	91.6666666667 	25.0 	0.0 	0.0 	0.0 	-0.0 	25.0 	0.0 	0.0 	0.0 	7.83994421728	2.60535710868	106.018093547	-17.9504063472	
2.88333333333	0.0	0.0	0.0 	0.0 	92.0833333333 	25.0 	0.0 	0.0 	0.0 	-0.0 	25.0 	0.0 	0.0 	0.0 	7.85138631711	2.60535710875	106.084948566	-18.0628955198	
2.9	0.0	0.0	0.0 	0.0 	92.5 	25.0 	0.0 	0.0 	0.0 	-0.0 	25.0 	0.0 	0.0 	0.0 	7.86257414806	2.6053571088	106.15189885	-18.1755449838	
2.91666666667	0.0	0.0	0.0 	0.0 	92.9166666667 	25.0 	0.0 	0.0 	0.0 	-0.0 	25.0 	0.0 	0.0 	0.0 	7.87351336054	2.60535710885	106.218942282	-18.2883511772	
2.93333333333	0.0	0.0	0.0 	0.0 	93.3333333333 	25.0 	0.0 	0.0 	0.0 	-0.0 	25.0 	0.0 	0.0 	0.0 	7.88420947941	2.60535710889	106.286076793	-18.4013106171	
2.95	0.0	0.0	0.0 	0.0 	93.75 	25.0 	0.0 	0.0 	0.0 	-0.0 	25.0 	0.0 	0.0 	0.0 	7.89466790675	2.60535710892	106.353300357	-18.514419898	
2.96666666667	0.0	0.0	0.0 	0.0 	94.1666666667 	25.0 	0.0 	0.0 	0.0 	-0.0 	25.0 	0.0 	0.0 	0.0 	7.90489392459	2.60535710895	106.420610996	-18.6276756902	
2.98333333333	0.0	0.0	0.0 	0.0 	94.5833333333 	25.0 	0.0 	0.0 	0.0 	-0.0 	25.0 	0.0 	0.0 	0.0 	7.91489269759	2.60535710897	106.488006776	-18.7410747378	
3.0	0.0	0.0	0.0 	0.0 	95.0 	25.0 	0.0 	0.0 	0.0 	-0.0 	25.0 	0.0 	0.0 	0.0 	7.92466927564	2.60535710899	106.555485804	-18.8546138574	
3.01666666667	0.0	0.0	0.0 	0.0 	95.4166666667 	25.0 	0.0 	0.0 	0.0 	-0.0 	25.0 	0.0 	0.0 	0.0 	7.9342285964	2.605357109	106.62304623	-18.9682899363	
3.03333333333	0.0	0.0	0.0 	0.0 	95.8333333333 	25.0 	0.0 	0.0 	0.0 	-0.0 	25.0 	0.0 	0.0 	0.0 	7.9435754878	2.60535710901	106.690686245	-19.0820999309	
3.05	0.0	0.0	0.0 	0.0 	96.25 	25.0 	0.0 	0.0 	0.0 	-0.0 	25.0 	0.0 	0.0 	0.0 	7.95271467051	2.60535710902	106.758404081	-19.1960408653	
3.06666666667	0.0	0.0	0.0 	0.0 	96.6666666667 	25.0 	0.0 	0.0 	0.0 	-0.0 	25.0 	0.0 	0.0 	0.0 	7.96165076027	2.60535710903	106.826198008	-19.3101098297	
3.08333333333	0.0	0.0	0.0 	0.0 	97.0833333333 	25.0 	0.0 	0.0 	0.0 	-0.0 	25.0 	0.0 	0.0 	0.0 	7.97038827026	2.60535710904	106.894066336	-19.4243039791	
3.1	0.0	0.0	0.0 	0.0 	97.5 	25.0 	0.0 	0.0 	0.0 	-0.0 	25.0 	0.0 	0.0 	0.0 	7.97893161335	2.60535710905	106.962007411	-19.5386205315	
3.11666666667	0.0	0.0	0.0 	0.0 	97.9166666667 	25.0 	0.0 	0.0 	0.0 	-0.0 	25.0 	0.0 	0.0 	0.0 	7.98728510438	2.60535710905	107.030019616	-19.6530567669	
3.13333333333	0.0	0.0	0.0 	0.0 	98.3333333333 	25.0 	0.0 	0.0 	0.0 	-0.0 	25.0 	0.0 	0.0 	0.0 	7.99545296228	2.60535710906	107.098101371	-19.7676100256	
3.15	0.0	0.0	0.0 	0.0 	98.75 	25.0 	0.0 	0.0 	0.0 	-0.0 	25.0 	0.0 	0.0 	0.0 	8.00343931222	2.60535710906	107.166251131	-19.8822777072	
3.16666666667	0.0	0.0	0.0 	0.0 	99.1666666667 	25.0 	0.0 	0.0 	0.0 	-0.0 	25.0 	0.0 	0.0 	0.0 	8.01124818772	2.60535710906	107.234467383	-19.9970572689	
3.18333333333	0.0	0.0	0.0 	0.0 	99.5833333333 	25.0 	0.0 	0.0 	0.0 	-0.0 	25.0 	0.0 	0.0 	0.0 	8.01888353265	2.60535710907	107.302748651	-20.1119462245	
3.2	0.0	0.0	0.0 	0.0 	100.0 	25.0 	0.0 	0.0 	0.0 	-0.0 	25.0 	0.0 	0.0 	0.0 	8.02634920325	2.60535710907	107.371093489	-20.226942143	
3.21666666667	0.0	0.0	0.0 	0.0 	100.416666667 	25.0 	0.0 	0.0 	0.0 	-0.0 	25.0 	0.0 	0.0 	0.0 	8.03364897006	2.60535710907	107.439500485	-20.3420426475	
3.23333333333	0.0	0.0	0.0 	0.0 	100.833333333 	25.0 	0.0 	0.0 	0.0 	-0.0 	25.0 	0.0 	0.0 	0.0 	8.04078651983	2.60535710907	107.507968258	-20.4572454137	
3.25	0.0	0.0	0.0 	0.0 	101.25 	25.0 	0.0 	0.0 	0.0 	-0.0 	25.0 	0.0 	0.0 	0.0 	8.04776545738	2.60535710907	107.576495457	-20.5725481693	
3.26666666667	0.0	0.0	0.0 	0.0 	101.666666667 	25.0 	0.0 	0.0 	0.0 	-0.0 	25.0 	0.0 	0.0 	0.0 	8.05458930744	2.60535710907	107.645080762	-20.6879486923	
3.28333333333	0.0	0.0	0.0 	0.0 	102.083333333 	25.0 	0.0 	0.0 	0.0 	-0.0 	25.0 	0.0 	0.0 	0.0 	8.06126151637	2.60535710907	107.713722881	-20.80344481	
3.3	0.0	0.0	0.0 	0.0 	102.5 	25.0 	0.0 	0.0 	0.0 	-0.0 	25.0 	0.0 	0.0 	0.0 	8.067785454	2.60535710907	107.782420551	-20.9190343981	
3.31666666667	0.0	0.0	0.0 	0.0 	102.916666667 	25.0 	0.0 	0.0 	0.0 	-0.0 	25.0 	0.0 	0.0 	0.0 	8.07416441524	2.60535710908	107.851172539	-21.0347153795	
3.33333333333	0.0	0.0	0.0 	0.0 	103.333333333 	25.0 	0.0 	0.0 	0.0 	-0.0 	25.0 	0.0 	0.0 	0.0 	8.08040162178	2.60535710908	107.919977637	-21.1504857233	
3.35	0.0	0.0	0.0 	0.0 	103.75 	25.0 	0.0 	0.0 	0.0 	-0.0 	25.0 	0.0 	0.0 	0.0 	8.08650022374	2.60535710908	107.988834665	-21.2663434435	
3.36666666667	0.0	0.0	0.0 	0.0 	104.166666667 	25.0 	0.0 	0.0 	0.0 	-0.0 	25.0 	0.0 	0.0 	0.0 	8.0924633012	2.60535710908	108.057742469	-21.3822865986	
3.38333333333	0.0	0.0	0.0 	0.0 	104.583333333 	25.0 	0.0 	0.0 	0.0 	-0.0 	25.0 	0.0 	0.0 	0.0 	8.09829386583	2.60535710908	108.12669992	-21.4983132899	
3.4	0.0	0.0	0.0 	0.0 	105.0 	25.0 	0.0 	0.0 	0.0 	-0.0 	25.0 	0.0 	0.0 	0.0 	8.10399486236	2.60535710908	108.195705916	-21.6144216611	
3.41666666667	0.0	0.0	0.0 	0.0 	105.416666667 	25.0 	0.0 	0.0 	0.0 	-0.0 	25.0 	0.0 	0.0 	0.0 	8.10956917008	2.60535710908	108.264759377	-21.7306098971	
3.43333333333	0.0	0.0	0.0 	0.0 	105.833333333 	25.0 	0.0 	0.0 	0.0 	-0.0 	25.0 	0.0 	0.0 	0.0 	8.1150196043	2.60535710908	108.333859249	-21.846876223	
3.45	0.0	0.0	0.0 	0.0 	106.25 	25.0 	0.0 	0.0 	0.0 	-0.0 	25.0 	0.0 	0.0 	0.0 	8.12034891775	2.60535710908	108.403004501	-21.9632189037	
3.46666666667	0.0	0.0	0.0 	0.0 	106.666666667 	25.0 	0.0 	0.0 	0.0 	-0.0 	25.0 	0.0 	0.0 	0.0 	8.12555980201	2.60535710908	108.472194123	-22.0796362423	
3.48333333333	0.0	0.0	0.0 	0.0 	107.083333333 	25.0 	0.0 	0.0 	0.0 	-0.0 	25.0 	0.0 	0.0 	0.0 	8.13065488885	2.60535710908	108.541427131	-22.1961265797	
3.5	0.0	0.0	0.0 	0.0 	107.5 	25.0 	0.0 	0.0 	0.0 	-0.0 	25.0 	0.0 	0.0 	0.0 	8.13563675154	2.60535710908	108.610702559	-22.3126882938	
3.51666666667	0.0	0.0	0.0 	0.0 	107.916666667 	25.0 	0.0 	0.0 	0.0 	-0.0 	25.0 	0.0 	0.0 	0.0 	8.14050790616	2.60535710908	108.680019466	-22.4293197983	
3.53333333333	0.0	0.0	0.0 	0.0 	108.333333333 	25.0 	0.0 	0.0 	0.0 	-0.0 	25.0 	0.0 	0.0 	0.0 	8.14527081291	2.60535710908	108.749376929	-22.5460195425	
3.55	0.0	0.0	0.0 	0.0 	108.75 	25.0 	0.0 	0.0 	0.0 	-0.0 	25.0 	0.0 	0.0 	0.0 	8.14992787728	2.60535710908	108.818774047	-22.6627860098	
3.56666666667	0.0	0.0	0.0 	0.0 	109.166666667 	25.0 	0.0 	0.0 	0.0 	-0.0 	25.0 	0.0 	0.0 	0.0 	8.15448145133	2.60535710908	108.888209939	-22.7796177175	
3.58333333333	0.0	0.0	0.0 	0.0 	109.583333333 	25.0 	0.0 	0.0 	0.0 	-0.0 	25.0 	0.0 	0.0 	0.0 	8.15893383485	2.60535710908	108.957683743	-22.8965132159	
3.6	0.0	0.0	0.0 	0.0 	110.0 	25.0 	0.0 	0.0 	0.0 	-0.0 	25.0 	0.0 	0.0 	0.0 	8.16328727651	2.60535710908	109.027194617	-23.0134710873	
3.61666666667	0.0	0.0	0.0 	0.0 	110.416666667 	25.0 	0.0 	0.0 	0.0 	-0.0 	25.0 	0.0 	0.0 	0.0 	8.16754397503	2.60535710908	109.096741737	-23.1304899458	
3.63333333333	0.0	0.0	0.0 	0.0 	110.833333333 	25.0 	0.0 	0.0 	0.0 	-0.0 	25.0 	0.0 	0.0 	0.0 	8.17170608024	2.60535710908	109.166324298	-23.247568436	
3.65	0.0	0.0	0.0 	0.0 	111.25 	25.0 	0.0 	0.0 	0.0 	-0.0 	25.0 	0.0 	0.0 	0.0 	8.17577569423	2.60535710908	109.235941512	-23.3647052327	
3.66666666667	0.0	0.0	0.0 	0.0 	111.666666667 	25.0 	0.0 	0.0 	0.0 	-0.0 	25.0 	0.0 	0.0 	0.0 	8.17975487235	2.60535710908	109.305592609	-23.4818990404	
3.68333333333	0.0	0.0	0.0 	0.0 	112.083333333 	25.0 	0.0 	0.0 	0.0 	-0.0 	25.0 	0.0 	0.0 	0.0 	8.18364562429	2.60535710908	109.375276836	-23.599148592	
3.7	0.0	0.0	0.0 	0.0 	112.5 	25.0 	0.0 	0.0 	0.0 	-0.0 	25.0 	0.0 	0.0 	0.0 	8.18744991508	2.60535710908	109.444993456	-23.7164526488	
3.71666666667	0.0	0.0	0.0 	0.0 	112.916666667 	25.0 	0.0 	0.0 	0.0 	-0.0 	25.0 	0.0 	0.0 	0.0 	8.19116966607	2.60535710908	109.51474175	-23.8338099996	
3.73333333333	0.0	0.0	0.0 	0.0 	113.333333333 	25.0 	0.0 	0.0 	0.0 	-0.0 	25.0 	0.0 	0.0 	0.0 	8.19480675593	2.60535710908	109.584521015	-23.9512194601	
3.75	0.0	0.0	0.0 	0.0 	113.75 	25.0 	0.0 	0.0 	0.0 	-0.0 	25.0 	0.0 	0.0 	0.0 	8.19836302157	2.60535710908	109.654330561	-24.0686798723	
3.76666666667	0.0	0.0	0.0 	0.0 	114.166666667 	25.0 	0.0 	0.0 	0.0 	-0.0 	25.0 	0.0 	0.0 	0.0 	8.20184025908	2.60535710908	109.724169716	-24.1861901039	
3.78333333333	0.0	0.0	0.0 	0.0 	114.583333333 	25.0 	0.0 	0.0 	0.0 	-0.0 	25.0 	0.0 	0.0 	0.0 	8.20524022465	2.60535710908	109.794037822	-24.3037490479	
3.8	0.0	0.0	0.0 	0.0 	115.0 	25.0 	0.0 	0.0 	0.0 	-0.0 	25.0 	0.0 	0.0 	0.0 	8.20856463543	2.60535710908	109.863934236	-24.4213556217	
3.81666666667	0.0	0.0	0.0 	0.0 	115.416666667 	25.0 	0.0 	0.0 	0.0 	-0.0 	25.0 	0.0 	0.0 	0.0 	8.21181517041	2.60535710908	109.933858328	-24.5390087668	
3.83333333333	0.0	0.0	0.0 	0.0 	115.833333333 	25.0 	0.0 	0.0 	0.0 	-0.0 	25.0 	0.0 	0.0 	0.0 	8.21499347128	2.60535710908	110.003809483	-24.6567074485	
3.85	0.0	0.0	0.0 	0.0 	116.25 	25.0 	0.0 	0.0 	0.0 	-0.0 	25.0 	0.0 	0.0 	0.0 	8.21810114325	2.60535710908	110.073787101	-24.7744506547	
3.86666666667	0.0	0.0	0.0 	0.0 	116.666666667 	25.0 	0.0 	0.0 	0.0 	-0.0 	25.0 	0.0 	0.0 	0.0 	8.22113975583	2.60535710908	110.143790592	-24.892237396	
3.88333333333	0.0	0.0	0.0 	0.0 	117.083333333 	25.0 	0.0 	0.0 	0.0 	-0.0 	25.0 	0.0 	0.0 	0.0 	8.2241108437	2.60535710908	110.213819383	-25.010066705	
3.9	0.0	0.0	0.0 	0.0 	117.5 	25.0 	0.0 	0.0 	0.0 	-0.0 	25.0 	0.0 	0.0 	0.0 	8.22701590739	2.60535710908	110.28387291	-25.1279376357	
3.91666666667	0.0	0.0	0.0 	0.0 	117.916666667 	25.0 	0.0 	0.0 	0.0 	-0.0 	25.0 	0.0 	0.0 	0.0 	8.2298564141	2.60535710908	110.353950624	-25.2458492632	
3.93333333333	0.0	0.0	0.0 	0.0 	118.333333333 	25.0 	0.0 	0.0 	0.0 	-0.0 	25.0 	0.0 	0.0 	0.0 	8.23263379845	2.60535710908	110.424051988	-25.3638006831	
3.95	0.0	0.0	0.0 	0.0 	118.75 	25.0 	0.0 	0.0 	0.0 	-0.0 	25.0 	0.0 	0.0 	0.0 	8.23534946314	2.60535710908	110.494176476	-25.4817910111	
3.96666666667	0.0	0.0	0.0 	0.0 	119.166666667 	25.0 	0.0 	0.0 	0.0 	-0.0 	25.0 	0.0 	0.0 	0.0 	8.23800477973	2.60535710908	110.564323574	-25.5998193827	
3.98333333333	0.0	0.0	0.0 	0.0 	119.583333333 	25.0 	0.0 	0.0 	0.0 	-0.0 	25.0 	0.0 	0.0 	0.0 	8.24060108929	2.60535710908	110.63449278	-25.7178849524	
4.0	0.0	0.0	0.0 	0.0 	120.0 	25.0 	0.0 	0.0 	0.0 	-0.0 	25.0 	0.0 	0.0 	0.0 	8.24313970307	2.60535710908	110.704683602	-25.8359868936	
4.01666666667	0.0	0.0	0.0 	0.0 	120.416666667 	25.0 	0.0 	0.0 	0.0 	-0.0 	25.0 	0.0 	0.0 	0.0 	8.24562190322	2.60535710908	110.774895561	-25.954124398	
4.03333333333	0.0	0.0	0.0 	0.0 	120.833333333 	25.0 	0.0 	0.0 	0.0 	-0.0 	25.0 	0.0 	0.0 	0.0 	8.24804894336	2.60535710908	110.845128186	-26.0722966753	
4.05	0.0	0.0	0.0 	0.0 	121.25 	25.0 	0.0 	0.0 	0.0 	-0.0 	25.0 	0.0 	0.0 	0.0 	8.25042204928	2.60535710908	110.915381018	-26.1905029528	
4.06666666667	0.0	0.0	0.0 	0.0 	121.666666667 	25.0 	0.0 	0.0 	0.0 	-0.0 	25.0 	0.0 	0.0 	0.0 	8.25274241951	2.60535710908	110.985653608	-26.308742475	
4.08333333333	0.0	0.0	0.0 	0.0 	122.083333333 	25.0 	0.0 	0.0 	0.0 	-0.0 	25.0 	0.0 	0.0 	0.0 	8.25501122596	2.60535710908	111.055945517	-26.4270145031	
4.1	0.0	0.0	0.0 	0.0 	122.5 	25.0 	0.0 	0.0 	0.0 	-0.0 	25.0 	0.0 	0.0 	0.0 	8.25722961449	2.60535710908	111.126256315	-26.5453183146	
4.11666666667	0.0	0.0	0.0 	0.0 	122.916666667 	25.0 	0.0 	0.0 	0.0 	-0.0 	25.0 	0.0 	0.0 	0.0 	8.25939870549	2.60535710908	111.196585584	-26.6636532034	
4.13333333333	0.0	0.0	0.0 	0.0 	123.333333333 	25.0 	0.0 	0.0 	0.0 	-0.0 	25.0 	0.0 	0.0 	0.0 	8.26151959447	2.60535710908	111.266932912	-26.7820184788	
4.15	0.0	0.0	0.0 	0.0 	123.75 	25.0 	0.0 	0.0 	0.0 	-0.0 	25.0 	0.0 	0.0 	0.0 	8.26359335259	2.60535710908	111.337297899	-26.9004134656	
4.16666666667	0.0	0.0	0.0 	0.0 	124.166666667 	25.0 	0.0 	0.0 	0.0 	-0.0 	25.0 	0.0 	0.0 	0.0 	8.26562102719	2.60535710908	111.407680151	-27.0188375034	
4.18333333333	0.0	0.0	0.0 	0.0 	124.583333333 	25.0 	0.0 	0.0 	0.0 	-0.0 	25.0 	0.0 	0.0 	0.0 	8.26760364236	2.60535710908	111.478079285	-27.1372899468	
4.2	0.0	0.0	0.0 	0.0 	125.0 	25.0 	0.0 	0.0 	0.0 	-0.0 	25.0 	0.0 	0.0 	0.0 	8.26954219941	2.60535710908	111.548494926	-27.2557701645	
4.21666666667	0.0	0.0	0.0 	0.0 	125.416666667 	25.0 	0.0 	0.0 	0.0 	-0.0 	25.0 	0.0 	0.0 	0.0 	8.27143767742	2.60535710908	111.618926707	-27.3742775393	
4.23333333333	0.0	0.0	0.0 	0.0 	125.833333333 	25.0 	0.0 	0.0 	0.0 	-0.0 	25.0 	0.0 	0.0 	0.0 	8.27329103369	2.60535710908	111.68937427	-27.4928114676	
4.25	0.0	0.0	0.0 	0.0 	126.25 	25.0 	0.0 	0.0 	0.0 	-0.0 	25.0 	0.0 	0.0 	0.0 	8.27510320427	2.60535710908	111.759837263	-27.6113713595	
4.26666666667	0.0	0.0	0.0 	0.0 	126.666666667 	25.0 	0.0 	0.0 	0.0 	-0.0 	25.0 	0.0 	0.0 	0.0 	8.27687510439	2.60535710908	111.830315345	-27.7299566379	
4.28333333333	0.0	0.0	0.0 	0.0 	127.083333333 	25.0 	0.0 	0.0 	0.0 	-0.0 	25.0 	0.0 	0.0 	0.0 	8.27860762895	2.60535710908	111.900808178	-27.8485667387	
4.3	0.0	0.0	0.0 	0.0 	127.5 	25.0 	0.0 	0.0 	0.0 	-0.0 	25.0 	0.0 	0.0 	0.0 	8.28030165296	2.60535710908	111.971315437	-27.9672011103	
4.31666666667	0.0	0.0	0.0 	0.0 	127.916666667 	25.0 	0.0 	0.0 	0.0 	-0.0 	25.0 	0.0 	0.0 	0.0 	8.281958032	2.60535710908	112.0418368	-28.0858592133	
4.33333333333	0.0	0.0	0.0 	0.0 	128.333333333 	25.0 	0.0 	0.0 	0.0 	-0.0 	25.0 	0.0 	0.0 	0.0 	8.28357760262	2.60535710908	112.112371953	-28.2045405204	
4.35	0.0	0.0	0.0 	0.0 	128.75 	25.0 	0.0 	0.0 	0.0 	-0.0 	25.0 	0.0 	0.0 	0.0 	8.28516118277	2.60535710908	112.182920591	-28.323244516	
4.36666666667	0.0	0.0	0.0 	0.0 	129.166666667 	25.0 	0.0 	0.0 	0.0 	-0.0 	25.0 	0.0 	0.0 	0.0 	8.28670957226	2.60535710908	112.253482413	-28.4419706958	
4.38333333333	0.0	0.0	0.0 	0.0 	129.583333333 	25.0 	0.0 	0.0 	0.0 	-0.0 	25.0 	0.0 	0.0 	0.0 	8.28822355309	2.60535710908	112.324057127	-28.5607185668	
4.4	0.0	0.0	0.0 	0.0 	130.0 	25.0 	0.0 	0.0 	0.0 	-0.0 	25.0 	0.0 	0.0 	0.0 	8.28970388991	2.60535710908	112.394644446	-28.6794876471	
4.41666666667	0.0	0.0	0.0 	0.0 	130.416666667 	25.0 	0.0 	0.0 	0.0 	-0.0 	25.0 	0.0 	0.0 	0.0 	8.29115133034	2.60535710908	112.46524409	-28.7982774653	
4.43333333333	0.0	0.0	0.0 	0.0 	130.833333333 	25.0 	0.0 	0.0 	0.0 	-0.0 	25.0 	0.0 	0.0 	0.0 	8.29256660544	2.60535710908	112.535855786	-28.9170875606	
4.45	0.0	0.0	0.0 	0.0 	131.25 	25.0 	0.0 	0.0 	0.0 	-0.0 	25.0 	0.0 	0.0 	0.0 	8.29395042998	2.60535710908	112.606479264	-29.0359174823	
4.46666666667	0.0	0.0	0.0 	0.0 	131.666666667 	25.0 	0.0 	0.0 	0.0 	-0.0 	25.0 	0.0 	0.0 	0.0 	8.29530350286	2.60535710908	112.677114264	-29.1547667899	
4.48333333333	0.0	0.0	0.0 	0.0 	132.083333333 	25.0 	0.0 	0.0 	0.0 	-0.0 	25.0 	0.0 	0.0 	0.0 	8.29662650746	2.60535710908	112.74776053	-29.2736350526	
4.5	0.0	0.0	0.0 	0.0 	132.5 	25.0 	0.0 	0.0 	0.0 	-0.0 	25.0 	0.0 	0.0 	0.0 	8.29792011195	2.60535710908	112.818417811	-29.3925218492	
4.51666666667	0.0	0.0	0.0 	0.0 	132.916666667 	25.0 	0.0 	0.0 	0.0 	-0.0 	25.0 	0.0 	0.0 	0.0 	8.29918496968	2.60535710908	112.889085862	-29.5114267677	
4.53333333333	0.0	0.0	0.0 	0.0 	133.333333333 	25.0 	0.0 	0.0 	0.0 	-0.0 	25.0 	0.0 	0.0 	0.0 	8.30042171946	2.60535710908	112.959764444	-29.6303494056	
4.55	0.0	0.0	0.0 	0.0 	133.75 	25.0 	0.0 	0.0 	0.0 	-0.0 	25.0 	0.0 	0.0 	0.0 	8.30163098591	2.60535710908	113.030453323	-29.7492893689	
4.56666666667	0.0	0.0	0.0 	0.0 	134.166666667 	25.0 	0.0 	0.0 	0.0 	-0.0 	25.0 	0.0 	0.0 	0.0 	8.30281337977	2.60535710908	113.10115227	-29.8682462728	
4.58333333333	0.0	0.0	0.0 	0.0 	134.583333333 	25.0 	0.0 	0.0 	0.0 	-0.0 	25.0 	0.0 	0.0 	0.0 	8.30396949821	2.60535710908	113.171861062	-29.9872197407	
4.6	0.0	0.0	0.0 	0.0 	135.0 	25.0 	0.0 	0.0 	0.0 	-0.0 	25.0 	0.0 	0.0 	0.0 	8.30509992513	2.60535710908	113.242579479	-30.1062094046	
4.61666666667	0.0	0.0	0.0 	0.0 	135.416666667 	25.0 	0.0 	0.0 	0.0 	-0.0 	25.0 	0.0 	0.0 	0.0 	8.30620523145	2.60535710908	113.313307308	-30.2252149046	
4.63333333333	0.0	0.0	0.0 	0.0 	135.833333333 	25.0 	0.0 	0.0 	0.0 	-0.0 	25.0 	0.0 	0.0 	0.0 	8.30728597542	2.60535710908	113.38404434	-30.3442358887	
4.65	0.0	0.0	0.0 	0.0 	136.25 	25.0 	0.0 	0.0 	0.0 	-0.0 	25.0 	0.0 	0.0 	0.0 	8.30834270284	2.60535710908	113.45479037	-30.4632720129	
4.66666666667	0.0	0.0	0.0 	0.0 	136.666666667 	25.0 	0.0 	0.0 	0.0 	-0.0 	25.0 	0.0 	0.0 	0.0 	8.30937594744	2.60535710908	113.525545197	-30.5823229406	
4.68333333333	0.0	0.0	0.0 	0.0 	137.083333333 	25.0 	0.0 	0.0 	0.0 	-0.0 	25.0 	0.0 	0.0 	0.0 	8.31038623104	2.60535710908	113.596308628	-30.701388343	
4.7	0.0	0.0	0.0 	0.0 	137.5 	25.0 	0.0 	0.0 	0.0 	-0.0 	25.0 	0.0 	0.0 	0.0 	8.3113740639	2.60535710908	113.66708047	-30.8204678984	
4.71666666667	0.0	0.0	0.0 	0.0 	137.916666667 	25.0 	0.0 	0.0 	0.0 	-0.0 	25.0 	0.0 	0.0 	0.0 	8.31233994492	2.60535710908	113.737860536	-30.9395612922	
4.73333333333	0.0	0.0	0.0 	0.0 	138.333333333 	25.0 	0.0 	0.0 	0.0 	-0.0 	25.0 	0.0 	0.0 	0.0 	8.31328436192	2.60535710908	113.808648644	-31.058668217	
4.75	0.0	0.0	0.0 	0.0 	138.75 	25.0 	0.0 	0.0 	0.0 	-0.0 	25.0 	0.0 	0.0 	0.0 	8.31420779187	2.60535710908	113.879444616	-31.1777883721	
4.76666666667	0.0	0.0	0.0 	0.0 	139.166666667 	25.0 	0.0 	0.0 	0.0 	-0.0 	25.0 	0.0 	0.0 	0.0 	8.31511070115	2.60535710908	113.950248275	-31.2969214634	
4.78333333333	0.0	0.0	0.0 	0.0 	139.583333333 	25.0 	0.0 	0.0 	0.0 	-0.0 	25.0 	0.0 	0.0 	0.0 	8.31599354578	2.60535710908	114.021059453	-31.4160672035	
4.8	0.0	0.0	0.0 	0.0 	140.0 	25.0 	0.0 	0.0 	0.0 	-0.0 	25.0 	0.0 	0.0 	0.0 	8.31685677165	2.60535710908	114.09187798	-31.5352253112	
4.81666666667	0.0	0.0	0.0 	0.0 	140.416666667 	25.0 	0.0 	0.0 	0.0 	-0.0 	25.0 	0.0 	0.0 	0.0 	8.31770081472	2.60535710908	114.162703695	-31.6543955119	
4.83333333333	0.0	0.0	0.0 	0.0 	140.833333333 	25.0 	0.0 	0.0 	0.0 	-0.0 	25.0 	0.0 	0.0 	0.0 	8.31852610127	2.60535710908	114.233536437	-31.7735775366	
4.85	0.0	0.0	0.0 	0.0 	141.25 	25.0 	0.0 	0.0 	0.0 	-0.0 	25.0 	0.0 	0.0 	0.0 	8.31933304812	2.60535710908	114.30437605	-31.8927711228	
4.86666666667	0.0	0.0	0.0 	0.0 	141.666666667 	25.0 	0.0 	0.0 	0.0 	-0.0 	25.0 	0.0 	0.0 	0.0 	8.32012206283	2.60535710908	114.375222381	-32.0119760134	
4.88333333333	0.0	0.0	0.0 	0.0 	142.083333333 	25.0 	0.0 	0.0 	0.0 	-0.0 	25.0 	0.0 	0.0 	0.0 	8.32089354387	2.60535710908	114.446075282	-32.1311919572	
4.9	0.0	0.0	0.0 	0.0 	142.5 	25.0 	0.0 	0.0 	0.0 	-0.0 	25.0 	0.0 	0.0 	0.0 	8.32164788088	2.60535710908	114.516934606	-32.2504187086	
4.91666666667	0.0	0.0	0.0 	0.0 	142.916666667 	25.0 	0.0 	0.0 	0.0 	-0.0 	25.0 	0.0 	0.0 	0.0 	8.32238545486	2.60535710908	114.587800211	-32.3696560275	
4.93333333333	0.0	0.0	0.0 	0.0 	143.333333333 	25.0 	0.0 	0.0 	0.0 	-0.0 	25.0 	0.0 	0.0 	0.0 	8.3231066383	2.60535710908	114.658671956	-32.488903679	
4.95	0.0	0.0	0.0 	0.0 	143.75 	25.0 	0.0 	0.0 	0.0 	-0.0 	25.0 	0.0 	0.0 	0.0 	8.32381179544	2.60535710908	114.729549706	-32.6081614335	
4.96666666667	0.0	0.0	0.0 	0.0 	144.166666667 	25.0 	0.0 	0.0 	0.0 	-0.0 	25.0 	0.0 	0.0 	0.0 	8.32450128242	2.60535710908	114.800433327	-32.7274290665	
4.98333333333	0.0	0.0	0.0 	0.0 	144.583333333 	25.0 	0.0 	0.0 	0.0 	-0.0 	25.0 	0.0 	0.0 	0.0 	8.32517544747	2.60535710908	114.871322689	-32.8467063584	
5.0	0.0	0.0	0.0 	0.0 	145.0 	25.0 	0.0 	0.0 	0.0 	-0.0 	25.0 	0.0 	0.0 	0.0 	8.32583463108	2.60535710908	114.942217663	-32.9659930947	
5.01666666667	0.0	0.0	0.0 	0.0 	145.416666667 	25.0 	0.0 	0.0 	0.0 	-0.0 	25.0 	0.0 	0.0 	0.0 	8.32647916616	2.60535710908	115.013118126	-33.0852890654	
5.03333333333	0.0	0.0	0.0 	0.0 	145.833333333 	25.0 	0.0 	0.0 	0.0 	-0.0 	25.0 	0.0 	0.0 	0.0 	8.32710937824	2.60535710908	115.084023955	-33.2045940654	
5.05	0.0	0.0	0.0 	0.0 	146.25 	25.0 	0.0 	0.0 	0.0 	-0.0 	25.0 	0.0 	0.0 	0.0 	8.3277255856	2.60535710908	115.154935031	-33.3239078939	
5.06666666667	0.0	0.0	0.0 	0.0 	146.666666667 	25.0 	0.0 	0.0 	0.0 	-0.0 	25.0 	0.0 	0.0 	0.0 	8.32832809947	2.60535710908	115.225851238	-33.4432303549	
5.08333333333	0.0	0.0	0.0 	0.0 	147.083333333 	25.0 	0.0 	0.0 	0.0 	-0.0 	25.0 	0.0 	0.0 	0.0 	8.32891722414	2.60535710908	115.296772461	-33.5625612564	
5.1	0.0	0.0	0.0 	0.0 	147.5 	25.0 	0.0 	0.0 	0.0 	-0.0 	25.0 	0.0 	0.0 	0.0 	8.32949325715	2.60535710908	115.367698589	-33.6819004109	
5.11666666667	0.0	0.0	0.0 	0.0 	147.916666667 	25.0 	0.0 	0.0 	0.0 	-0.0 	25.0 	0.0 	0.0 	0.0 	8.33005648943	2.60535710908	115.438629513	-33.801247635	
5.13333333333	0.0	0.0	0.0 	0.0 	148.333333333 	25.0 	0.0 	0.0 	0.0 	-0.0 	25.0 	0.0 	0.0 	0.0 	8.33060720544	2.60535710908	115.509565126	-33.9206027494	
5.15	0.0	0.0	0.0 	0.0 	148.75 	25.0 	0.0 	0.0 	0.0 	-0.0 	25.0 	0.0 	0.0 	0.0 	8.33114568331	2.60535710908	115.580505324	-34.0399655787	
5.16666666667	0.0	0.0	0.0 	0.0 	149.166666667 	25.0 	0.0 	0.0 	0.0 	-0.0 	25.0 	0.0 	0.0 	0.0 	8.33167219501	2.60535710908	115.651450006	-34.1593359515	
5.18333333333	0.0	0.0	0.0 	0.0 	149.583333333 	25.0 	0.0 	0.0 	0.0 	-0.0 	25.0 	0.0 	0.0 	0.0 	8.33218700644	2.60535710908	115.722399072	-34.2787137001	
5.2	0.0	0.0	0.0 	0.0 	150.0 	25.0 	0.0 	0.0 	0.0 	-0.0 	25.0 	0.0 	0.0 	0.0 	8.33269037763	2.60535710908	115.793352423	-34.3980986607	
5.21666666667	0.0	0.0	0.0 	0.0 	150.416666667 	25.0 	0.0 	0.0 	0.0 	-0.0 	25.0 	0.0 	0.0 	0.0 	8.33318256278	2.60535710908	115.864309966	-34.517490673	
5.23333333333	0.0	0.0	0.0 	0.0 	150.833333333 	25.0 	0.0 	0.0 	0.0 	-0.0 	25.0 	0.0 	0.0 	0.0 	8.33366381049	2.60535710908	115.935271606	-34.6368895803	
5.25	0.0	0.0	0.0 	0.0 	151.25 	25.0 	0.0 	0.0 	0.0 	-0.0 	25.0 	0.0 	0.0 	0.0 	8.33413436381	2.60535710908	116.006237253	-34.7562952293	
5.26666666667	0.0	0.0	0.0 	0.0 	151.666666667 	25.0 	0.0 	0.0 	0.0 	-0.0 	25.0 	0.0 	0.0 	0.0 	8.33459446038	2.60535710908	116.077206818	-34.8757074703	
5.28333333333	0.0	0.0	0.0 	0.0 	152.083333333 	25.0 	0.0 	0.0 	0.0 	-0.0 	25.0 	0.0 	0.0 	0.0 	8.33504433259	2.60535710908	116.148180214	-34.9951261568	
5.3	0.0	0.0	0.0 	0.0 	152.5 	25.0 	0.0 	0.0 	0.0 	-0.0 	25.0 	0.0 	0.0 	0.0 	8.33548420763	2.60535710908	116.219157355	-35.1145511454	
5.31666666667	0.0	0.0	0.0 	0.0 	152.916666667 	25.0 	0.0 	0.0 	0.0 	-0.0 	25.0 	0.0 	0.0 	0.0 	8.33591430768	2.60535710908	116.290138159	-35.2339822962	
5.33333333333	0.0	0.0	0.0 	0.0 	153.333333333 	25.0 	0.0 	0.0 	0.0 	-0.0 	25.0 	0.0 	0.0 	0.0 	8.33633484995	2.60535710908	116.361122543	-35.3534194723	
5.35	0.0	0.0	0.0 	0.0 	153.75 	25.0 	0.0 	0.0 	0.0 	-0.0 	25.0 	0.0 	0.0 	0.0 	8.33674604683	2.60535710908	116.432110429	-35.4728625397	
5.36666666667	0.0	0.0	0.0 	0.0 	154.166666667 	25.0 	0.0 	0.0 	0.0 	-0.0 	25.0 	0.0 	0.0 	0.0 	8.337148106	2.60535710908	116.503101739	-35.5923113675	
5.38333333333	0.0	0.0	0.0 	0.0 	154.583333333 	25.0 	0.0 	0.0 	0.0 	-0.0 	25.0 	0.0 	0.0 	0.0 	8.33754123053	2.60535710908	116.574096396	-35.7117658278	
5.4	0.0	0.0	0.0 	0.0 	155.0 	25.0 	0.0 	0.0 	0.0 	-0.0 	25.0 	0.0 	0.0 	0.0 	8.33792561896	2.60535710908	116.645094326	-35.8312257953	
5.41666666667	0.0	0.0	0.0 	0.0 	155.416666667 	25.0 	0.0 	0.0 	0.0 	-0.0 	25.0 	0.0 	0.0 	0.0 	8.33830146542	2.60535710908	116.716095456	-35.9506911476	
5.43333333333	0.0	0.0	0.0 	0.0 	155.833333333 	25.0 	0.0 	0.0 	0.0 	-0.0 	25.0 	0.0 	0.0 	0.0 	8.33866895973	2.60535710908	116.787099716	-36.0701617652	
5.45	0.0	0.0	0.0 	0.0 	156.25 	25.0 	0.0 	0.0 	0.0 	-0.0 	25.0 	0.0 	0.0 	0.0 	8.33902828751	2.60535710908	116.858107035	-36.1896375309	
5.46666666667	0.0	0.0	0.0 	0.0 	156.666666667 	25.0 	0.0 	0.0 	0.0 	-0.0 	25.0 	0.0 	0.0 	0.0 	8.33937963022	2.60535710908	116.929117346	-36.3091183305	
5.48333333333	0.0	0.0	0.0 	0.0 	157.083333333 	25.0 	0.0 	0.0 	0.0 	-0.0 	25.0 	0.0 	0.0 	0.0 	8.33972316532	2.60535710908	117.000130582	-36.4286040519	
5.5	0.0	0.0	0.0 	0.0 	157.5 	25.0 	0.0 	0.0 	0.0 	-0.0 	25.0 	0.0 	0.0 	0.0 	8.34005906631	2.60535710908	117.071146679	-36.548094586	
5.51666666667	0.0	0.0	0.0 	0.0 	157.916666667 	25.0 	0.0 	0.0 	0.0 	-0.0 	25.0 	0.0 	0.0 	0.0 	8.34038750283	2.60535710908	117.142165572	-36.6675898256	
5.53333333333	0.0	0.0	0.0 	0.0 	158.333333333 	25.0 	0.0 	0.0 	0.0 	-0.0 	25.0 	0.0 	0.0 	0.0 	8.34070864076	2.60535710908	117.213187199	-36.7870896663	
5.55	0.0	0.0	0.0 	0.0 	158.75 	25.0 	0.0 	0.0 	0.0 	-0.0 	25.0 	0.0 	0.0 	0.0 	8.34102264229	2.60535710908	117.284211501	-36.9065940058	
5.56666666667	0.0	0.0	0.0 	0.0 	159.166666667 	25.0 	0.0 	0.0 	0.0 	-0.0 	25.0 	0.0 	0.0 	0.0 	8.34132966601	2.60535710908	117.355238416	-37.0261027441	
5.58333333333	0.0	0.0	0.0 	0.0 	159.583333333 	25.0 	0.0 	0.0 	0.0 	-0.0 	25.0 	0.0 	0.0 	0.0 	8.34162986698	2.60535710908	117.426267888	-37.1456157834	
5.6	0.0	0.0	0.0 	0.0 	160.0 	25.0 	0.0 	0.0 	0.0 	-0.0 	25.0 	0.0 	0.0 	0.0 	8.34192339682	2.60535710908	117.497299859	-37.2651330283	
5.61666666667	0.0	0.0	0.0 	0.0 	160.416666667 	25.0 	0.0 	0.0 	0.0 	-0.0 	25.0 	0.0 	0.0 	0.0 	8.34221040377	2.60535710908	117.568334275	-37.3846543852	
5.63333333333	0.0	0.0	0.0 	0.0 	160.833333333 	25.0 	0.0 	0.0 	0.0 	-0.0 	25.0 	0.0 	0.0 	0.0 	8.34249103279	2.60535710908	117.639371079	-37.5041797627	
5.65	0.0	0.0	0.0 	0.0 	161.25 	25.0 	0.0 	0.0 	0.0 	-0.0 	25.0 	0.0 	0.0 	0.0 	8.34276542561	2.60535710908	117.710410221	-37.6237090716	
5.66666666667	0.0	0.0	0.0 	0.0 	161.666666667 	25.0 	0.0 	0.0 	0.0 	-0.0 	25.0 	0.0 	0.0 	0.0 	8.34303372081	2.60535710908	117.781451646	-37.7432422244	
5.68333333333	0.0	0.0	0.0 	0.0 	162.083333333 	25.0 	0.0 	0.0 	0.0 	-0.0 	25.0 	0.0 	0.0 	0.0 	8.3432960539	2.60535710908	117.852495306	-37.8627791357	
5.7	0.0	0.0	0.0 	0.0 	162.5 	25.0 	0.0 	0.0 	0.0 	-0.0 	25.0 	0.0 	0.0 	0.0 	8.34355255736	2.60535710908	117.92354115	-37.982319722	
5.71666666667	0.0	0.0	0.0 	0.0 	162.916666667 	25.0 	0.0 	0.0 	0.0 	-0.0 	25.0 	0.0 	0.0 	0.0 	8.34380336074	2.60535710908	117.994589129	-38.1018639017	
5.73333333333	0.0	0.0	0.0 	0.0 	163.333333333 	25.0 	0.0 	0.0 	0.0 	-0.0 	25.0 	0.0 	0.0 	0.0 	8.34404859072	2.60535710908	118.065639196	-38.2214115948	
5.75	0.0	0.0	0.0 	0.0 	163.75 	25.0 	0.0 	0.0 	0.0 	-0.0 	25.0 	0.0 	0.0 	0.0 	8.34428837114	2.60535710908	118.136691306	-38.3409627234	
5.76666666667	0.0	0.0	0.0 	0.0 	164.166666667 	25.0 	0.0 	0.0 	0.0 	-0.0 	25.0 	0.0 	0.0 	0.0 	8.34452282311	2.60535710908	118.207745411	-38.460517211	
5.78333333333	0.0	0.0	0.0 	0.0 	164.583333333 	25.0 	0.0 	0.0 	0.0 	-0.0 	25.0 	0.0 	0.0 	0.0 	8.34475206503	2.60535710908	118.278801469	-38.580074983	
5.8	0.0	0.0	0.0 	0.0 	165.0 	25.0 	0.0 	0.0 	0.0 	-0.0 	25.0 	0.0 	0.0 	0.0 	8.34497621269	2.60535710908	118.349859435	-38.6996359665	
5.81666666667	0.0	0.0	0.0 	0.0 	165.416666667 	25.0 	0.0 	0.0 	0.0 	-0.0 	25.0 	0.0 	0.0 	0.0 	8.34519537929	2.60535710908	118.420919267	-38.81920009	
5.83333333333	0.0	0.0	0.0 	0.0 	165.833333333 	25.0 	0.0 	0.0 	0.0 	-0.0 	25.0 	0.0 	0.0 	0.0 	8.34540967552	2.60535710908	118.491980925	-38.9387672838	
5.85	0.0	0.0	0.0 	0.0 	166.25 	25.0 	0.0 	0.0 	0.0 	-0.0 	25.0 	0.0 	0.0 	0.0 	8.34561920961	2.60535710908	118.563044366	-39.0583374797	
5.86666666667	0.0	0.0	0.0 	0.0 	166.666666667 	25.0 	0.0 	0.0 	0.0 	-0.0 	25.0 	0.0 	0.0 	0.0 	8.34582408739	2.60535710908	118.634109552	-39.1779106109	
5.88333333333	0.0	0.0	0.0 	0.0 	167.083333333 	25.0 	0.0 	0.0 	0.0 	-0.0 	25.0 	0.0 	0.0 	0.0 	8.34602441233	2.60535710908	118.705176444	-39.2974866123	
5.9	0.0	0.0	0.0 	0.0 	167.5 	25.0 	0.0 	0.0 	0.0 	-0.0 	25.0 	0.0 	0.0 	0.0 	8.34622028561	2.60535710908	118.776245003	-39.4170654199	
5.91666666667	0.0	0.0	0.0 	0.0 	167.916666667 	25.0 	0.0 	0.0 	0.0 	-0.0 	25.0 	0.0 	0.0 	0.0 	8.34641180614	2.60535710908	118.847315194	-39.5366469716	
5.93333333333	0.0	0.0	0.0 	0.0 	168.333333333 	25.0 	0.0 	0.0 	0.0 	-0.0 	25.0 	0.0 	0.0 	0.0 	8.34659907067	2.60535710908	118.918386979	-39.6562312062	
5.95	0.0	0.0	0.0 	0.0 	168.75 	25.0 	0.0 	0.0 	0.0 	-0.0 	25.0 	0.0 	0.0 	0.0 	8.34678217375	2.60535710908	118.989460323	-39.7758180642	
5.96666666667	0.0	0.0	0.0 	0.0 	169.166666667 	25.0 	0.0 	0.0 	0.0 	-0.0 	25.0 	0.0 	0.0 	0.0 	8.34696120789	2.60535710908	119.060535191	-39.8954074873	
5.98333333333	0.0	0.0	0.0 	0.0 	169.583333333 	25.0 	0.0 	0.0 	0.0 	-0.0 	25.0 	0.0 	0.0 	0.0 	8.34713626348	2.60535710908	119.13161155	-40.0149994185	
6.0	0.0	0.0	0.0 	0.0 	170.0 	25.0 	0.0 	0.0 	0.0 	-0.0 	25.0 	0.0 	0.0 	0.0 	8.34730742895	2.60535710908	119.202689367	-40.134593802	
6.01666666667	0.0	0.0	0.0 	0.0 	170.416666667 	25.0 	0.0 	0.0 	0.0 	-0.0 	25.0 	0.0 	0.0 	0.0 	8.34747479075	2.60535710908	119.273768609	-40.2541905833	
6.03333333333	0.0	0.0	0.0 	0.0 	170.833333333 	25.0 	0.0 	0.0 	0.0 	-0.0 	25.0 	0.0 	0.0 	0.0 	8.34763843339	2.60535710908	119.344849244	-40.3737897092	
6.05	0.0	0.0	0.0 	0.0 	171.25 	25.0 	0.0 	0.0 	0.0 	-0.0 	25.0 	0.0 	0.0 	0.0 	8.34779843953	2.60535710908	119.415931242	-40.4933911276	
6.06666666667	0.0	0.0	0.0 	0.0 	171.666666667 	25.0 	0.0 	0.0 	0.0 	-0.0 	25.0 	0.0 	0.0 	0.0 	8.34795488998	2.60535710908	119.487014572	-40.6129947875	
6.08333333333	0.0	0.0	0.0 	0.0 	172.083333333 	25.0 	0.0 	0.0 	0.0 	-0.0 	25.0 	0.0 	0.0 	0.0 	8.34810786375	2.60535710908	119.558099204	-40.732600639	
6.1	0.0	0.0	0.0 	0.0 	172.5 	25.0 	0.0 	0.0 	0.0 	-0.0 	25.0 	0.0 	0.0 	0.0 	8.3482574381	2.60535710908	119.62918511	-40.8522086336	
6.11666666667	0.0	0.0	0.0 	0.0 	172.916666667 	25.0 	0.0 	0.0 	0.0 	-0.0 	25.0 	0.0 	0.0 	0.0 	8.34840368858	2.60535710908	119.700272261	-40.9718187235	
6.13333333333	0.0	0.0	0.0 	0.0 	173.333333333 	25.0 	0.0 	0.0 	0.0 	-0.0 	25.0 	0.0 	0.0 	0.0 	8.34854668905	2.60535710908	119.77136063	-41.0914308623	
6.15	0.0	0.0	0.0 	0.0 	173.75 	25.0 	0.0 	0.0 	0.0 	-0.0 	25.0 	0.0 	0.0 	0.0 	8.34868651173	2.60535710908	119.84245019	-41.2110450043	
6.16666666667	0.0	0.0	0.0 	0.0 	174.166666667 	25.0 	0.0 	0.0 	0.0 	-0.0 	25.0 	0.0 	0.0 	0.0 	8.34882322724	2.60535710908	119.913540914	-41.3306611051	
6.18333333333	0.0	0.0	0.0 	0.0 	174.583333333 	25.0 	0.0 	0.0 	0.0 	-0.0 	25.0 	0.0 	0.0 	0.0 	8.34895690463	2.60535710908	119.984632776	-41.4502791212	
6.2	0.0	0.0	0.0 	0.0 	175.0 	25.0 	0.0 	0.0 	0.0 	-0.0 	25.0 	0.0 	0.0 	0.0 	8.34908761141	2.60535710908	120.055725751	-41.5698990099	
6.21666666667	0.0	0.0	0.0 	0.0 	175.416666667 	25.0 	0.0 	0.0 	0.0 	-0.0 	25.0 	0.0 	0.0 	0.0 	8.34921541359	2.60535710908	120.126819814	-41.6895207297	
6.23333333333	0.0	0.0	0.0 	0.0 	175.833333333 	25.0 	0.0 	0.0 	0.0 	-0.0 	25.0 	0.0 	0.0 	0.0 	8.34934037573	2.60535710908	120.197914942	-41.8091442398	
6.25	0.0	0.0	0.0 	0.0 	176.25 	25.0 	0.0 	0.0 	0.0 	-0.0 	25.0 	0.0 	0.0 	0.0 	8.34946256092	2.60535710908	120.269011109	-41.9287695005	
6.26666666667	0.0	0.0	0.0 	0.0 	176.666666667 	25.0 	0.0 	0.0 	0.0 	-0.0 	25.0 	0.0 	0.0 	0.0 	8.3495820309	2.60535710908	120.340108294	-42.0483964729	
6.28333333333	0.0	0.0	0.0 	0.0 	177.083333333 	25.0 	0.0 	0.0 	0.0 	-0.0 	25.0 	0.0 	0.0 	0.0 	8.34969884598	2.60535710908	120.411206474	-42.168025119	
6.3	0.0	0.0	0.0 	0.0 	177.5 	25.0 	0.0 	0.0 	0.0 	-0.0 	25.0 	0.0 	0.0 	0.0 	8.34981306517	2.60535710908	120.482305626	-42.2876554015	
6.31666666667	0.0	0.0	0.0 	0.0 	177.916666667 	25.0 	0.0 	0.0 	0.0 	-0.0 	25.0 	0.0 	0.0 	0.0 	8.34992474616	2.60535710908	120.55340573	-42.4072872841	
6.33333333333	0.0	0.0	0.0 	0.0 	178.333333333 	25.0 	0.0 	0.0 	0.0 	-0.0 	25.0 	0.0 	0.0 	0.0 	8.35003394535	2.60535710908	120.624506763	-42.5269207312	
6.35	0.0	0.0	0.0 	0.0 	178.75 	25.0 	0.0 	0.0 	0.0 	-0.0 	25.0 	0.0 	0.0 	0.0 	8.35014071789	2.60535710908	120.695608705	-42.6465557081	
6.36666666667	0.0	0.0	0.0 	0.0 	179.166666667 	25.0 	0.0 	0.0 	0.0 	-0.0 	25.0 	0.0 	0.0 	0.0 	8.35024511771	2.60535710908	120.766711536	-42.7661921807	
6.38333333333	0.0	0.0	0.0 	0.0 	179.583333333 	25.0 	0.0 	0.0 	0.0 	-0.0 	25.0 	0.0 	0.0 	0.0 	8.35034719753	2.60535710908	120.837815237	-42.8858301159	
6.4	0.0	0.0	0.0 	0.0 	180.0 	25.0 	0.0 	0.0 	0.0 	-0.0 	25.0 	0.0 	0.0 	0.0 	8.35044700891	2.60535710908	120.908919787	-43.0054694811	
6.41666666667	0.0	0.0	0.0 	0.0 	180.416666667 	25.0 	0.0 	0.0 	0.0 	-0.0 	25.0 	0.0 	0.0 	0.0 	8.35054460226	2.60535710908	120.980025168	-43.1251102446	
6.43333333333	0.0	0.0	0.0 	0.0 	180.833333333 	25.0 	0.0 	0.0 	0.0 	-0.0 	25.0 	0.0 	0.0 	0.0 	8.35064002687	2.60535710908	121.051131362	-43.2447523752	
6.45	0.0	0.0	0.0 	0.0 	181.25 	25.0 	0.0 	0.0 	0.0 	-0.0 	25.0 	0.0 	0.0 	0.0 	8.35073333093	2.60535710908	121.122238351	-43.3643958426	
6.46666666667	0.0	0.0	0.0 	0.0 	181.666666667 	25.0 	0.0 	0.0 	0.0 	-0.0 	25.0 	0.0 	0.0 	0.0 	8.35082456157	2.60535710908	121.193346116	-43.4840406172	
6.48333333333	0.0	0.0	0.0 	0.0 	182.083333333 	25.0 	0.0 	0.0 	0.0 	-0.0 	25.0 	0.0 	0.0 	0.0 	8.35091376486	2.60535710908	121.264454641	-43.6036866697	
6.5	0.0	0.0	0.0 	0.0 	182.5 	25.0 	0.0 	0.0 	0.0 	-0.0 	25.0 	0.0 	0.0 	0.0 	8.35100098586	2.60535710908	121.335563908	-43.7233339719	
6.51666666667	0.0	0.0	0.0 	0.0 	182.916666667 	25.0 	0.0 	0.0 	0.0 	-0.0 	25.0 	0.0 	0.0 	0.0 	8.35108626861	2.60535710908	121.406673902	-43.842982496	
6.53333333333	0.0	0.0	0.0 	0.0 	183.333333333 	25.0 	0.0 	0.0 	0.0 	-0.0 	25.0 	0.0 	0.0 	0.0 	8.35116965619	2.60535710908	121.477784606	-43.9626322148	
6.55	0.0	0.0	0.0 	0.0 	183.75 	25.0 	0.0 	0.0 	0.0 	-0.0 	25.0 	0.0 	0.0 	0.0 	8.35125119071	2.60535710908	121.548896004	-44.0822831017	
6.56666666667	0.0	0.0	0.0 	0.0 	184.166666667 	25.0 	0.0 	0.0 	0.0 	-0.0 	25.0 	0.0 	0.0 	0.0 	8.35133091336	2.60535710908	121.620008081	-44.2019351309	
6.58333333333	0.0	0.0	0.0 	0.0 	184.583333333 	25.0 	0.0 	0.0 	0.0 	-0.0 	25.0 	0.0 	0.0 	0.0 	8.35140886439	2.60535710908	121.691120821	-44.3215882769	
6.6	0.0	0.0	0.0 	0.0 	185.0 	25.0 	0.0 	0.0 	0.0 	-0.0 	25.0 	0.0 	0.0 	0.0 	8.35148508317	2.60535710908	121.762234211	-44.4412425149	
6.61666666667	0.0	0.0	0.0 	0.0 	185.416666667 	25.0 	0.0 	0.0 	0.0 	-0.0 	25.0 	0.0 	0.0 	0.0 	8.3515596082	2.60535710908	121.833348235	-44.5608978207	
6.63333333333	0.0	0.0	0.0 	0.0 	185.833333333 	25.0 	0.0 	0.0 	0.0 	-0.0 	25.0 	0.0 	0.0 	0.0 	8.35163247713	2.60535710908	121.90446288	-44.6805541704	
6.65	0.0	0.0	0.0 	0.0 	186.25 	25.0 	0.0 	0.0 	0.0 	-0.0 	25.0 	0.0 	0.0 	0.0 	8.35170372674	2.60535710908	121.975578131	-44.800211541	
6.66666666667	0.0	0.0	0.0 	0.0 	186.666666667 	25.0 	0.0 	0.0 	0.0 	-0.0 	25.0 	0.0 	0.0 	0.0 	8.35177339303	2.60535710908	122.046693976	-44.9198699097	
6.68333333333	0.0	0.0	0.0 	0.0 	187.083333333 	25.0 	0.0 	0.0 	0.0 	-0.0 	25.0 	0.0 	0.0 	0.0 	8.35184151117	2.60535710908	122.117810401	-45.0395292544	
6.7	0.0	0.0	0.0 	0.0 	187.5 	25.0 	0.0 	0.0 	0.0 	-0.0 	25.0 	0.0 	0.0 	0.0 	8.35190811558	2.60535710908	122.188927392	-45.1591895533	
6.71666666667	0.0	0.0	0.0 	0.0 	187.916666667 	25.0 	0.0 	0.0 	0.0 	-0.0 	25.0 	0.0 	0.0 	0.0 	8.3519732399	2.60535710908	122.260044939	-45.2788507853	
6.73333333333	0.0	0.0	0.0 	0.0 	188.333333333 	25.0 	0.0 	0.0 	0.0 	-0.0 	25.0 	0.0 	0.0 	0.0 	8.352036917	2.60535710908	122.331163027	-45.3985129296	
6.75	0.0	0.0	0.0 	0.0 	188.75 	25.0 	0.0 	0.0 	0.0 	-0.0 	25.0 	0.0 	0.0 	0.0 	8.35209917906	2.60535710908	122.402281646	-45.5181759659	
6.76666666667	0.0	0.0	0.0 	0.0 	189.166666667 	25.0 	0.0 	0.0 	0.0 	-0.0 	25.0 	0.0 	0.0 	0.0 	8.35216005752	2.60535710908	122.473400783	-45.6378398745	
6.78333333333	0.0	0.0	0.0 	0.0 	189.583333333 	25.0 	0.0 	0.0 	0.0 	-0.0 	25.0 	0.0 	0.0 	0.0 	8.35221958312	2.60535710908	122.544520427	-45.7575046359	
6.8	0.0	0.0	0.0 	0.0 	190.0 	25.0 	0.0 	0.0 	0.0 	-0.0 	25.0 	0.0 	0.0 	0.0 	8.35227778594	2.60535710908	122.615640567	-45.8771702312	
6.81666666667	0.0	0.0	0.0 	0.0 	190.416666667 	25.0 	0.0 	0.0 	0.0 	-0.0 	25.0 	0.0 	0.0 	0.0 	8.35233469535	2.60535710908	122.686761191	-45.9968366419	
6.83333333333	0.0	0.0	0.0 	0.0 	190.833333333 	25.0 	0.0 	0.0 	0.0 	-0.0 	25.0 	0.0 	0.0 	0.0 	8.35239034012	2.60535710908	122.757882289	-46.1165038498	
6.85	0.0	0.0	0.0 	0.0 	191.25 	25.0 	0.0 	0.0 	0.0 	-0.0 	25.0 	0.0 	0.0 	0.0 	8.35244474833	2.60535710908	122.82900385	-46.2361718372	
6.86666666667	0.0	0.0	0.0 	0.0 	191.666666667 	25.0 	0.0 	0.0 	0.0 	-0.0 	25.0 	0.0 	0.0 	0.0 	8.35249794747	2.60535710908	122.900125864	-46.3558405868	
6.88333333333	0.0	0.0	0.0 	0.0 	192.083333333 	25.0 	0.0 	0.0 	0.0 	-0.0 	25.0 	0.0 	0.0 	0.0 	8.35254996441	2.60535710908	122.971248321	-46.4755100817	
6.9	0.0	0.0	0.0 	0.0 	192.5 	25.0 	0.0 	0.0 	0.0 	-0.0 	25.0 	0.0 	0.0 	0.0 	8.35260082541	2.60535710908	123.042371212	-46.5951803053	
6.91666666667	0.0	0.0	0.0 	0.0 	192.916666667 	25.0 	0.0 	0.0 	0.0 	-0.0 	25.0 	0.0 	0.0 	0.0 	8.35265055618	2.60535710908	123.113494525	-46.7148512414	
6.93333333333	0.0	0.0	0.0 	0.0 	193.333333333 	25.0 	0.0 	0.0 	0.0 	-0.0 	25.0 	0.0 	0.0 	0.0 	8.35269918181	2.60535710908	123.184618253	-46.8345228742	
6.95	0.0	0.0	0.0 	0.0 	193.75 	25.0 	0.0 	0.0 	0.0 	-0.0 	25.0 	0.0 	0.0 	0.0 	8.35274672687	2.60535710908	123.255742386	-46.9541951881	
6.96666666667	0.0	0.0	0.0 	0.0 	194.166666667 	25.0 	0.0 	0.0 	0.0 	-0.0 	25.0 	0.0 	0.0 	0.0 	8.35279321538	2.60535710908	123.326866914	-47.0738681681	
6.98333333333	0.0	0.0	0.0 	0.0 	194.583333333 	25.0 	0.0 	0.0 	0.0 	-0.0 	25.0 	0.0 	0.0 	0.0 	8.35283867081	2.60535710908	123.39799183	-47.1935417994	
7.0	0.0	0.0	0.0 	0.0 	195.0 	25.0 	0.0 	0.0 	0.0 	-0.0 	25.0 	0.0 	0.0 	0.0 	8.35288311612	2.60535710908	123.469117124	-47.3132160674	
7.01666666667	0.0	0.0	0.0 	0.0 	195.416666667 	25.0 	0.0 	0.0 	0.0 	-0.0 	25.0 	0.0 	0.0 	0.0 	8.35292657375	2.60535710908	123.540242788	-47.4328909581	
7.03333333333	0.0	0.0	0.0 	0.0 	195.833333333 	25.0 	0.0 	0.0 	0.0 	-0.0 	25.0 	0.0 	0.0 	0.0 	8.35296906566	2.60535710908	123.611368814	-47.5525664576	
7.05	0.0	0.0	0.0 	0.0 	196.25 	25.0 	0.0 	0.0 	0.0 	-0.0 	25.0 	0.0 	0.0 	0.0 	8.35301061331	2.60535710908	123.682495193	-47.6722425523	
7.06666666667	0.0	0.0	0.0 	0.0 	196.666666667 	25.0 	0.0 	0.0 	0.0 	-0.0 	25.0 	0.0 	0.0 	0.0 	8.35305123767	2.60535710908	123.753621919	-47.7919192291	
7.08333333333	0.0	0.0	0.0 	0.0 	197.083333333 	25.0 	0.0 	0.0 	0.0 	-0.0 	25.0 	0.0 	0.0 	0.0 	8.35309095927	2.60535710908	123.824748982	-47.911596475	
7.1	0.0	0.0	0.0 	0.0 	197.5 	25.0 	0.0 	0.0 	0.0 	-0.0 	25.0 	0.0 	0.0 	0.0 	8.35312979817	2.60535710908	123.895876377	-48.0312742773	
7.11666666667	0.0	0.0	0.0 	0.0 	197.916666667 	25.0 	0.0 	0.0 	0.0 	-0.0 	25.0 	0.0 	0.0 	0.0 	8.35316777398	2.60535710908	123.967004095	-48.1509526237	
7.13333333333	0.0	0.0	0.0 	0.0 	198.333333333 	25.0 	0.0 	0.0 	0.0 	-0.0 	25.0 	0.0 	0.0 	0.0 	8.35320490588	2.60535710908	124.038132129	-48.2706315022	
7.15	0.0	0.0	0.0 	0.0 	198.75 	25.0 	0.0 	0.0 	0.0 	-0.0 	25.0 	0.0 	0.0 	0.0 	8.35324121263	2.60535710908	124.109260472	-48.3903109008	
7.16666666667	0.0	0.0	0.0 	0.0 	199.166666667 	25.0 	0.0 	0.0 	0.0 	-0.0 	25.0 	0.0 	0.0 	0.0 	8.35327671257	2.60535710908	124.180389117	-48.509990808	
7.18333333333	0.0	0.0	0.0 	0.0 	199.583333333 	25.0 	0.0 	0.0 	0.0 	-0.0 	25.0 	0.0 	0.0 	0.0 	8.35331142362	2.60535710908	124.251518058	-48.6296712125	
7.2	0.0	0.0	0.0 	0.0 	200.0 	25.0 	0.0 	0.0 	0.0 	-0.0 	25.0 	0.0 	0.0 	0.0 	8.35334536331	2.60535710908	124.322647289	-48.7493521033	
7.21666666667	0.0	0.0	0.0 	0.0 	200.416666667 	25.0 	0.0 	0.0 	0.0 	-0.0 	25.0 	0.0 	0.0 	0.0 	8.35337854878	2.60535710908	124.393776801	-48.8690334696	
7.23333333333	0.0	0.0	0.0 	0.0 	200.833333333 	25.0 	0.0 	0.0 	0.0 	-0.0 	25.0 	0.0 	0.0 	0.0 	8.3534109968	2.60535710908	124.46490659	-48.9887153008	
7.25	0.0	0.0	0.0 	0.0 	201.25 	25.0 	0.0 	0.0 	0.0 	-0.0 	25.0 	0.0 	0.0 	0.0 	8.35344272375	2.60535710908	124.536036649	-49.1083975865	
7.26666666667	0.0	0.0	0.0 	0.0 	201.666666667 	25.0 	0.0 	0.0 	0.0 	-0.0 	25.0 	0.0 	0.0 	0.0 	8.35347374566	2.60535710908	124.607166972	-49.2280803166	
7.28333333333	0.0	0.0	0.0 	0.0 	202.083333333 	25.0 	0.0 	0.0 	0.0 	-0.0 	25.0 	0.0 	0.0 	0.0 	8.3535040782	2.60535710908	124.678297554	-49.3477634814	
7.3	0.0	0.0	0.0 	0.0 	202.5 	25.0 	0.0 	0.0 	0.0 	-0.0 	25.0 	0.0 	0.0 	0.0 	8.35353373667	2.60535710908	124.749428388	-49.4674470711	
7.31666666667	0.0	0.0	0.0 	0.0 	202.916666667 	25.0 	0.0 	0.0 	0.0 	-0.0 	25.0 	0.0 	0.0 	0.0 	8.35356273607	2.60535710908	124.820559469	-49.5871310763	
7.33333333333	0.0	0.0	0.0 	0.0 	203.333333333 	25.0 	0.0 	0.0 	0.0 	-0.0 	25.0 	0.0 	0.0 	0.0 	8.35359109104	2.60535710908	124.891690791	-49.7068154877	
7.35	0.0	0.0	0.0 	0.0 	203.75 	25.0 	0.0 	0.0 	0.0 	-0.0 	25.0 	0.0 	0.0 	0.0 	8.3536188159	2.60535710908	124.96282235	-49.8265002963	
7.36666666667	0.0	0.0	0.0 	0.0 	204.166666667 	25.0 	0.0 	0.0 	0.0 	-0.0 	25.0 	0.0 	0.0 	0.0 	8.35364592465	2.60535710908	125.033954139	-49.9461854933	
7.38333333333	0.0	0.0	0.0 	0.0 	204.583333333 	25.0 	0.0 	0.0 	0.0 	-0.0 	25.0 	0.0 	0.0 	0.0 	8.35367243099	2.60535710908	125.105086154	-50.0658710701	
7.4	0.0	0.0	0.0 	0.0 	205.0 	25.0 	0.0 	0.0 	0.0 	-0.0 	25.0 	0.0 	0.0 	0.0 	8.35369834829	2.60535710908	125.17621839	-50.1855570183	
7.41666666667	0.0	0.0	0.0 	0.0 	205.416666667 	25.0 	0.0 	0.0 	0.0 	-0.0 	25.0 	0.0 	0.0 	0.0 	8.35372368965	2.60535710908	125.247350841	-50.3052433295	
7.43333333333	0.0	0.0	0.0 	0.0 	205.833333333 	25.0 	0.0 	0.0 	0.0 	-0.0 	25.0 	0.0 	0.0 	0.0 	8.35374846788	2.60535710908	125.318483504	-50.4249299957	
7.45	0.0	0.0	0.0 	0.0 	206.25 	25.0 	0.0 	0.0 	0.0 	-0.0 	25.0 	0.0 	0.0 	0.0 	8.35377269547	2.60535710908	125.389616373	-50.544617009	
7.46666666667	0.0	0.0	0.0 	0.0 	206.666666667 	25.0 	0.0 	0.0 	0.0 	-0.0 	25.0 	0.0 	0.0 	0.0 	8.35379638468	2.60535710908	125.460749443	-50.6643043617	
7.48333333333	0.0	0.0	0.0 	0.0 	207.083333333 	25.0 	0.0 	0.0 	0.0 	-0.0 	25.0 	0.0 	0.0 	0.0 	8.35381954745	2.60535710908	125.531882711	-50.7839920463	
7.5	0.0	0.0	0.0 	0.0 	207.5 	25.0 	0.0 	0.0 	0.0 	-0.0 	25.0 	0.0 	0.0 	0.0 	8.3538421955	2.60535710908	125.603016171	-50.9036800554	
7.51666666667	0.0	0.0	0.0 	0.0 	207.916666667 	25.0 	0.0 	0.0 	0.0 	-0.0 	25.0 	0.0 	0.0 	0.0 	8.35386434026	2.60535710908	125.674149821	-51.0233683817	
7.53333333333	0.0	0.0	0.0 	0.0 	208.333333333 	25.0 	0.0 	0.0 	0.0 	-0.0 	25.0 	0.0 	0.0 	0.0 	8.35388599292	2.60535710908	125.745283654	-51.1430570183	
7.55	0.0	0.0	0.0 	0.0 	208.75 	25.0 	0.0 	0.0 	0.0 	-0.0 	25.0 	0.0 	0.0 	0.0 	8.3539071644	2.60535710908	125.816417668	-51.2627459582	
7.56666666667	0.0	0.0	0.0 	0.0 	209.166666667 	25.0 	0.0 	0.0 	0.0 	-0.0 	25.0 	0.0 	0.0 	0.0 	8.35392786541	2.60535710908	125.887551858	-51.3824351946	
7.58333333333	0.0	0.0	0.0 	0.0 	209.583333333 	25.0 	0.0 	0.0 	0.0 	-0.0 	25.0 	0.0 	0.0 	0.0 	8.35394810639	2.60535710908	125.95868622	-51.5021247211	
7.6	0.0	0.0	0.0 	0.0 	210.0 	25.0 	0.0 	0.0 	0.0 	-0.0 	25.0 	0.0 	0.0 	0.0 	8.35396789757	2.60535710908	126.029820751	-51.6218145312	
7.61666666667	0.0	0.0	0.0 	0.0 	210.416666667 	25.0 	0.0 	0.0 	0.0 	-0.0 	25.0 	0.0 	0.0 	0.0 	8.35398724895	2.60535710908	126.100955447	-51.7415046185	
7.63333333333	0.0	0.0	0.0 	0.0 	210.833333333 	25.0 	0.0 	0.0 	0.0 	-0.0 	25.0 	0.0 	0.0 	0.0 	8.3540061703	2.60535710908	126.172090304	-51.8611949768	
7.65	0.0	0.0	0.0 	0.0 	211.25 	25.0 	0.0 	0.0 	0.0 	-0.0 	25.0 	0.0 	0.0 	0.0 	8.35402467118	2.60535710908	126.243225318	-51.9808856003	
7.66666666667	0.0	0.0	0.0 	0.0 	211.666666667 	25.0 	0.0 	0.0 	0.0 	-0.0 	25.0 	0.0 	0.0 	0.0 	8.35404276092	2.60535710908	126.314360487	-52.1005764829	
7.68333333333	0.0	0.0	0.0 	0.0 	212.083333333 	25.0 	0.0 	0.0 	0.0 	-0.0 	25.0 	0.0 	0.0 	0.0 	8.35406044867	2.60535710908	126.385495806	-52.220267619	
7.7	0.0	0.0	0.0 	0.0 	212.5 	25.0 	0.0 	0.0 	0.0 	-0.0 	25.0 	0.0 	0.0 	0.0 	8.35407774336	2.60535710908	126.456631272	-52.3399590028	
7.71666666667	0.0	0.0	0.0 	0.0 	212.916666667 	25.0 	0.0 	0.0 	0.0 	-0.0 	25.0 	0.0 	0.0 	0.0 	8.35409465373	2.60535710908	126.527766882	-52.4596506289	
7.73333333333	0.0	0.0	0.0 	0.0 	213.333333333 	25.0 	0.0 	0.0 	0.0 	-0.0 	25.0 	0.0 	0.0 	0.0 	8.3541111883	2.60535710908	126.598902633	-52.5793424919	
7.75	0.0	0.0	0.0 	0.0 	213.75 	25.0 	0.0 	0.0 	0.0 	-0.0 	25.0 	0.0 	0.0 	0.0 	8.35412735544	2.60535710908	126.670038522	-52.6990345866	
7.76666666667	0.0	0.0	0.0 	0.0 	214.166666667 	25.0 	0.0 	0.0 	0.0 	-0.0 	25.0 	0.0 	0.0 	0.0 	8.35414316332	2.60535710908	126.741174546	-52.8187269077	
7.78333333333	0.0	0.0	0.0 	0.0 	214.583333333 	25.0 	0.0 	0.0 	0.0 	-0.0 	25.0 	0.0 	0.0 	0.0 	8.3541586199	2.60535710908	126.812310701	-52.9384194503	
7.8	0.0	0.0	0.0 	0.0 	215.0 	25.0 	0.0 	0.0 	0.0 	-0.0 	25.0 	0.0 	0.0 	0.0 	8.35417373301	2.60535710908	126.883446984	-53.0581122094	
7.81666666667	0.0	0.0	0.0 	0.0 	215.416666667 	25.0 	0.0 	0.0 	0.0 	-0.0 	25.0 	0.0 	0.0 	0.0 	8.35418851027	2.60535710908	126.954583394	-53.1778051802	
7.83333333333	0.0	0.0	0.0 	0.0 	215.833333333 	25.0 	0.0 	0.0 	0.0 	-0.0 	25.0 	0.0 	0.0 	0.0 	8.35420295914	2.60535710908	127.025719926	-53.297498358	
7.85	0.0	0.0	0.0 	0.0 	216.25 	25.0 	0.0 	0.0 	0.0 	-0.0 	25.0 	0.0 	0.0 	0.0 	8.35421708693	2.60535710908	127.096856579	-53.4171917383	
7.86666666667	0.0	0.0	0.0 	0.0 	216.666666667 	25.0 	0.0 	0.0 	0.0 	-0.0 	25.0 	0.0 	0.0 	0.0 	8.35423090077	2.60535710908	127.167993349	-53.5368853164	
7.88333333333	0.0	0.0	0.0 	0.0 	217.083333333 	25.0 	0.0 	0.0 	0.0 	-0.0 	25.0 	0.0 	0.0 	0.0 	8.35424440764	2.60535710908	127.239130235	-53.6565790881	
7.9	0.0	0.0	0.0 	0.0 	217.5 	25.0 	0.0 	0.0 	0.0 	-0.0 	25.0 	0.0 	0.0 	0.0 	8.35425761435	2.60535710908	127.310267233	-53.776273049	
7.91666666667	0.0	0.0	0.0 	0.0 	217.916666667 	25.0 	0.0 	0.0 	0.0 	-0.0 	25.0 	0.0 	0.0 	0.0 	8.35427052758	2.60535710908	127.381404341	-53.8959671949	
7.93333333333	0.0	0.0	0.0 	0.0 	218.333333333 	25.0 	0.0 	0.0 	0.0 	-0.0 	25.0 	0.0 	0.0 	0.0 	8.35428315385	2.60535710908	127.452541556	-54.0156615217	
7.95	0.0	0.0	0.0 	0.0 	218.75 	25.0 	0.0 	0.0 	0.0 	-0.0 	25.0 	0.0 	0.0 	0.0 	8.35429549953	2.60535710908	127.523678877	-54.1353560254	
7.96666666667	0.0	0.0	0.0 	0.0 	219.166666667 	25.0 	0.0 	0.0 	0.0 	-0.0 	25.0 	0.0 	0.0 	0.0 	8.35430757087	2.60535710908	127.5948163	-54.2550507021	
7.98333333333	0.0	0.0	0.0 	0.0 	219.583333333 	25.0 	0.0 	0.0 	0.0 	-0.0 	25.0 	0.0 	0.0 	0.0 	8.35431937395	2.60535710908	127.665953824	-54.3747455478	
8.0	0.0	0.0	0.0 	0.0 	220.0 	25.0 	0.0 	0.0 	0.0 	-0.0 	25.0 	0.0 	0.0 	0.0 	8.35433091475	2.60535710908	127.737091446	-54.4944405589	
8.01666666667	0.0	0.0	0.0 	0.0 	220.416666667 	25.0 	0.0 	0.0 	0.0 	-0.0 	25.0 	0.0 	0.0 	0.0 	8.35434219908	2.60535710908	127.808229164	-54.6141357317	
8.03333333333	0.0	0.0	0.0 	0.0 	220.833333333 	25.0 	0.0 	0.0 	0.0 	-0.0 	25.0 	0.0 	0.0 	0.0 	8.35435323265	2.60535710908	127.879366976	-54.7338310625	
8.05	0.0	0.0	0.0 	0.0 	221.25 	25.0 	0.0 	0.0 	0.0 	-0.0 	25.0 	0.0 	0.0 	0.0 	8.35436402103	2.60535710908	127.95050488	-54.8535265479	
8.06666666667	0.0	0.0	0.0 	0.0 	221.666666667 	25.0 	0.0 	0.0 	0.0 	-0.0 	25.0 	0.0 	0.0 	0.0 	8.35437456966	2.60535710908	128.021642874	-54.9732221845	
8.08333333333	0.0	0.0	0.0 	0.0 	222.083333333 	25.0 	0.0 	0.0 	0.0 	-0.0 	25.0 	0.0 	0.0 	0.0 	8.35438488388	2.60535710908	128.092780955	-55.0929179688	
8.1	0.0	0.0	0.0 	0.0 	222.5 	25.0 	0.0 	0.0 	0.0 	-0.0 	25.0 	0.0 	0.0 	0.0 	8.3543949689	2.60535710908	128.163919123	-55.2126138976	
8.11666666667	0.0	0.0	0.0 	0.0 	222.916666667 	25.0 	0.0 	0.0 	0.0 	-0.0 	25.0 	0.0 	0.0 	0.0 	8.35440482981	2.60535710908	128.235057374	-55.3323099677	
8.13333333333	0.0	0.0	0.0 	0.0 	223.333333333 	25.0 	0.0 	0.0 	0.0 	-0.0 	25.0 	0.0 	0.0 	0.0 	8.35441447158	2.60535710908	128.306195708	-55.452006176	
8.15	0.0	0.0	0.0 	0.0 	223.75 	25.0 	0.0 	0.0 	0.0 	-0.0 	25.0 	0.0 	0.0 	0.0 	8.3544238991	2.60535710908	128.377334122	-55.5717025193	
8.16666666667	0.0	0.0	0.0 	0.0 	224.166666667 	25.0 	0.0 	0.0 	0.0 	-0.0 	25.0 	0.0 	0.0 	0.0 	8.35443311711	2.60535710908	128.448472614	-55.6913989946	
8.18333333333	0.0	0.0	0.0 	0.0 	224.583333333 	25.0 	0.0 	0.0 	0.0 	-0.0 	25.0 	0.0 	0.0 	0.0 	8.35444213028	2.60535710908	128.519611183	-55.8110955992	
8.2	0.0	0.0	0.0 	0.0 	225.0 	25.0 	0.0 	0.0 	0.0 	-0.0 	25.0 	0.0 	0.0 	0.0 	8.35445094315	2.60535710908	128.590749827	-55.9307923299	
8.21666666667	0.0	0.0	0.0 	0.0 	225.416666667 	25.0 	0.0 	0.0 	0.0 	-0.0 	25.0 	0.0 	0.0 	0.0 	8.35445956019	2.60535710908	128.661888545	-56.0504891842	
8.23333333333	0.0	0.0	0.0 	0.0 	225.833333333 	25.0 	0.0 	0.0 	0.0 	-0.0 	25.0 	0.0 	0.0 	0.0 	8.35446798573	2.60535710908	128.733027334	-56.1701861591	
8.25	0.0	0.0	0.0 	0.0 	226.25 	25.0 	0.0 	0.0 	0.0 	-0.0 	25.0 	0.0 	0.0 	0.0 	8.35447622404	2.60535710908	128.804166193	-56.2898832521	
8.26666666667	0.0	0.0	0.0 	0.0 	226.666666667 	25.0 	0.0 	0.0 	0.0 	-0.0 	25.0 	0.0 	0.0 	0.0 	8.35448427928	2.60535710908	128.875305121	-56.4095804605	
8.28333333333	0.0	0.0	0.0 	0.0 	227.083333333 	25.0 	0.0 	0.0 	0.0 	-0.0 	25.0 	0.0 	0.0 	0.0 	8.35449215551	2.60535710908	128.946444116	-56.5292777817	
8.3	0.0	0.0	0.0 	0.0 	227.5 	25.0 	0.0 	0.0 	0.0 	-0.0 	25.0 	0.0 	0.0 	0.0 	8.35449985671	2.60535710908	129.017583177	-56.6489752133	
8.31666666667	0.0	0.0	0.0 	0.0 	227.916666667 	25.0 	0.0 	0.0 	0.0 	-0.0 	25.0 	0.0 	0.0 	0.0 	8.35450738678	2.60535710908	129.088722302	-56.7686727528	
8.33333333333	0.0	0.0	0.0 	0.0 	228.333333333 	25.0 	0.0 	0.0 	0.0 	-0.0 	25.0 	0.0 	0.0 	0.0 	8.35451474951	2.60535710908	129.159861489	-56.8883703977	
8.35	0.0	0.0	0.0 	0.0 	228.75 	25.0 	0.0 	0.0 	0.0 	-0.0 	25.0 	0.0 	0.0 	0.0 	8.35452194862	2.60535710908	129.231000738	-57.0080681458	
8.36666666667	0.0	0.0	0.0 	0.0 	229.166666667 	25.0 	0.0 	0.0 	0.0 	-0.0 	25.0 	0.0 	0.0 	0.0 	8.35452898776	2.60535710908	129.302140046	-57.1277659948	
8.38333333333	0.0	0.0	0.0 	0.0 	229.583333333 	25.0 	0.0 	0.0 	0.0 	-0.0 	25.0 	0.0 	0.0 	0.0 	8.35453587047	2.60535710908	129.373279414	-57.2474639423	
8.4	0.0	0.0	0.0 	0.0 	230.0 	25.0 	0.0 	0.0 	0.0 	-0.0 	25.0 	0.0 	0.0 	0.0 	8.35454260023	2.60535710908	129.444418838	-57.3671619863	
8.41666666667	0.0	0.0	0.0 	0.0 	230.416666667 	25.0 	0.0 	0.0 	0.0 	-0.0 	25.0 	0.0 	0.0 	0.0 	8.35454918044	2.60535710908	129.515558319	-57.4868601246	
8.43333333333	0.0	0.0	0.0 	0.0 	230.833333333 	25.0 	0.0 	0.0 	0.0 	-0.0 	25.0 	0.0 	0.0 	0.0 	8.35455561442	2.60535710908	129.586697854	-57.606558355	
8.45	0.0	0.0	0.0 	0.0 	231.25 	25.0 	0.0 	0.0 	0.0 	-0.0 	25.0 	0.0 	0.0 	0.0 	8.35456190543	2.60535710908	129.657837443	-57.7262566756	
8.46666666667	0.0	0.0	0.0 	0.0 	231.666666667 	25.0 	0.0 	0.0 	0.0 	-0.0 	25.0 	0.0 	0.0 	0.0 	8.35456805663	2.60535710908	129.728977085	-57.8459550843	
8.48333333333	0.0	0.0	0.0 	0.0 	232.083333333 	25.0 	0.0 	0.0 	0.0 	-0.0 	25.0 	0.0 	0.0 	0.0 	8.35457407114	2.60535710908	129.800116777	-57.9656535791	
8.5	0.0	0.0	0.0 	0.0 	232.5 	25.0 	0.0 	0.0 	0.0 	-0.0 	25.0 	0.0 	0.0 	0.0 	8.354579952	2.60535710908	129.87125652	-58.0853521582	
8.51666666667	0.0	0.0	0.0 	0.0 	232.916666667 	25.0 	0.0 	0.0 	0.0 	-0.0 	25.0 	0.0 	0.0 	0.0 	8.35458570217	2.60535710908	129.942396311	-58.2050508198	
8.53333333333	0.0	0.0	0.0 	0.0 	233.333333333 	25.0 	0.0 	0.0 	0.0 	-0.0 	25.0 	0.0 	0.0 	0.0 	8.35459132456	2.60535710908	130.013536151	-58.3247495618	
8.55	0.0	0.0	0.0 	0.0 	233.75 	25.0 	0.0 	0.0 	0.0 	-0.0 	25.0 	0.0 	0.0 	0.0 	8.35459682201	2.60535710908	130.084676037	-58.4444483826	
8.56666666667	0.0	0.0	0.0 	0.0 	234.166666667 	25.0 	0.0 	0.0 	0.0 	-0.0 	25.0 	0.0 	0.0 	0.0 	8.35460219729	2.60535710908	130.155815969	-58.5641472805	
8.58333333333	0.0	0.0	0.0 	0.0 	234.583333333 	25.0 	0.0 	0.0 	0.0 	-0.0 	25.0 	0.0 	0.0 	0.0 	8.35460745312	2.60535710908	130.226955946	-58.6838462536	
8.6	0.0	0.0	0.0 	0.0 	235.0 	25.0 	0.0 	0.0 	0.0 	-0.0 	25.0 	0.0 	0.0 	0.0 	8.35461259215	2.60535710908	130.298095966	-58.8035453004	
8.61666666667	0.0	0.0	0.0 	0.0 	235.416666667 	25.0 	0.0 	0.0 	0.0 	-0.0 	25.0 	0.0 	0.0 	0.0 	8.35461761699	2.60535710908	130.36923603	-58.9232444192	
8.63333333333	0.0	0.0	0.0 	0.0 	235.833333333 	25.0 	0.0 	0.0 	0.0 	-0.0 	25.0 	0.0 	0.0 	0.0 	8.35462253016	2.60535710908	130.440376135	-59.0429436083	
8.65	0.0	0.0	0.0 	0.0 	236.25 	25.0 	0.0 	0.0 	0.0 	-0.0 	25.0 	0.0 	0.0 	0.0 	8.35462733415	2.60535710908	130.511516281	-59.1626428663	
8.66666666667	0.0	0.0	0.0 	0.0 	236.666666667 	25.0 	0.0 	0.0 	0.0 	-0.0 	25.0 	0.0 	0.0 	0.0 	8.35463203138	2.60535710908	130.582656467	-59.2823421916	
8.68333333333	0.0	0.0	0.0 	0.0 	237.083333333 	25.0 	0.0 	0.0 	0.0 	-0.0 	25.0 	0.0 	0.0 	0.0 	8.35463662423	2.60535710908	130.653796692	-59.4020415827	
8.7	0.0	0.0	0.0 	0.0 	237.5 	25.0 	0.0 	0.0 	0.0 	-0.0 	25.0 	0.0 	0.0 	0.0 	8.35464111502	2.60535710908	130.724936956	-59.5217410381	
8.71666666667	0.0	0.0	0.0 	0.0 	237.916666667 	25.0 	0.0 	0.0 	0.0 	-0.0 	25.0 	0.0 	0.0 	0.0 	8.35464550601	2.60535710908	130.796077257	-59.6414405564	
8.73333333333	0.0	0.0	0.0 	0.0 	238.333333333 	25.0 	0.0 	0.0 	0.0 	-0.0 	25.0 	0.0 	0.0 	0.0 	8.35464979943	2.60535710908	130.867217594	-59.7611401363	
8.75	0.0	0.0	0.0 	0.0 	238.75 	25.0 	0.0 	0.0 	0.0 	-0.0 	25.0 	0.0 	0.0 	0.0 	8.35465399743	2.60535710908	130.938357967	-59.8808397763	
8.76666666667	0.0	0.0	0.0 	0.0 	239.166666667 	25.0 	0.0 	0.0 	0.0 	-0.0 	25.0 	0.0 	0.0 	0.0 	8.35465810215	2.60535710908	131.009498375	-60.0005394751	
8.78333333333	0.0	0.0	0.0 	0.0 	239.583333333 	25.0 	0.0 	0.0 	0.0 	-0.0 	25.0 	0.0 	0.0 	0.0 	8.35466211565	2.60535710908	131.080638818	-60.1202392314	
8.8	0.0	0.0	0.0 	0.0 	240.0 	25.0 	0.0 	0.0 	0.0 	-0.0 	25.0 	0.0 	0.0 	0.0 	8.35466603996	2.60535710908	131.151779293	-60.2399390439	
8.81666666667	0.0	0.0	0.0 	0.0 	240.416666667 	25.0 	0.0 	0.0 	0.0 	-0.0 	25.0 	0.0 	0.0 	0.0 	8.35466987707	2.60535710908	131.222919802	-60.3596389114	
8.83333333333	0.0	0.0	0.0 	0.0 	240.833333333 	25.0 	0.0 	0.0 	0.0 	-0.0 	25.0 	0.0 	0.0 	0.0 	8.3546736289	2.60535710908	131.294060342	-60.4793388327	
8.85	0.0	0.0	0.0 	0.0 	241.25 	25.0 	0.0 	0.0 	0.0 	-0.0 	25.0 	0.0 	0.0 	0.0 	8.35467729736	2.60535710908	131.365200913	-60.5990388065	
8.86666666667	0.0	0.0	0.0 	0.0 	241.666666667 	25.0 	0.0 	0.0 	0.0 	-0.0 	25.0 	0.0 	0.0 	0.0 	8.35468088431	2.60535710908	131.436341515	-60.7187388317	
8.88333333333	0.0	0.0	0.0 	0.0 	242.083333333 	25.0 	0.0 	0.0 	0.0 	-0.0 	25.0 	0.0 	0.0 	0.0 	8.35468439154	2.60535710908	131.507482147	-60.8384389072	
8.9	0.0	0.0	0.0 	0.0 	242.5 	25.0 	0.0 	0.0 	0.0 	-0.0 	25.0 	0.0 	0.0 	0.0 	8.35468782083	2.60535710908	131.578622809	-60.9581390318	
8.91666666667	0.0	0.0	0.0 	0.0 	242.916666667 	25.0 	0.0 	0.0 	0.0 	-0.0 	25.0 	0.0 	0.0 	0.0 	8.35469117391	2.60535710908	131.649763498	-61.0778392044	
8.93333333333	0.0	0.0	0.0 	0.0 	243.333333333 	25.0 	0.0 	0.0 	0.0 	-0.0 	25.0 	0.0 	0.0 	0.0 	8.35469445249	2.60535710908	131.720904216	-61.197539424	
8.95	0.0	0.0	0.0 	0.0 	243.75 	25.0 	0.0 	0.0 	0.0 	-0.0 	25.0 	0.0 	0.0 	0.0 	8.3546976582	2.60535710908	131.792044961	-61.3172396896	
8.96666666667	0.0	0.0	0.0 	0.0 	244.166666667 	25.0 	0.0 	0.0 	0.0 	-0.0 	25.0 	0.0 	0.0 	0.0 	8.35470079268	2.60535710908	131.863185732	-61.43694	
8.98333333333	0.0	0.0	0.0 	0.0 	244.583333333 	25.0 	0.0 	0.0 	0.0 	-0.0 	25.0 	0.0 	0.0 	0.0 	8.3547038575	2.60535710908	131.93432653	-61.5566403544	
9.0	0.0	0.0	0.0 	0.0 	245.0 	25.0 	0.0 	0.0 	0.0 	-0.0 	25.0 	0.0 	0.0 	0.0 	8.35470685422	2.60535710908	132.005467353	-61.6763407517	
9.01666666667	0.0	0.0	0.0 	0.0 	245.416666667 	25.0 	0.0 	0.0 	0.0 	-0.0 	25.0 	0.0 	0.0 	0.0 	8.35470978434	2.60535710908	132.076608201	-61.796041191	
9.03333333333	0.0	0.0	0.0 	0.0 	245.833333333 	25.0 	0.0 	0.0 	0.0 	-0.0 	25.0 	0.0 	0.0 	0.0 	8.35471264934	2.60535710908	132.147749074	-61.9157416713	
9.05	0.0	0.0	0.0 	0.0 	246.25 	25.0 	0.0 	0.0 	0.0 	-0.0 	25.0 	0.0 	0.0 	0.0 	8.35471545069	2.60535710908	132.21888997	-62.0354421917	
9.06666666667	0.0	0.0	0.0 	0.0 	246.666666667 	25.0 	0.0 	0.0 	0.0 	-0.0 	25.0 	0.0 	0.0 	0.0 	8.35471818977	2.60535710908	132.29003089	-62.1551427514	
9.08333333333	0.0	0.0	0.0 	0.0 	247.083333333 	25.0 	0.0 	0.0 	0.0 	-0.0 	25.0 	0.0 	0.0 	0.0 	8.35472086799	2.60535710908	132.361171833	-62.2748433495	
9.1	0.0	0.0	0.0 	0.0 	247.5 	25.0 	0.0 	0.0 	0.0 	-0.0 	25.0 	0.0 	0.0 	0.0 	8.3547234867	2.60535710908	132.432312797	-62.3945439851	
9.11666666667	0.0	0.0	0.0 	0.0 	247.916666667 	25.0 	0.0 	0.0 	0.0 	-0.0 	25.0 	0.0 	0.0 	0.0 	8.35472604721	2.60535710908	132.503453784	-62.5142446574	
9.13333333333	0.0	0.0	0.0 	0.0 	248.333333333 	25.0 	0.0 	0.0 	0.0 	-0.0 	25.0 	0.0 	0.0 	0.0 	8.35472855082	2.60535710908	132.574594792	-62.6339453655	
9.15	0.0	0.0	0.0 	0.0 	248.75 	25.0 	0.0 	0.0 	0.0 	-0.0 	25.0 	0.0 	0.0 	0.0 	8.35473099879	2.60535710908	132.645735821	-62.7536461087	
9.16666666667	0.0	0.0	0.0 	0.0 	249.166666667 	25.0 	0.0 	0.0 	0.0 	-0.0 	25.0 	0.0 	0.0 	0.0 	8.35473339237	2.60535710908	132.71687687	-62.8733468862	
9.18333333333	0.0	0.0	0.0 	0.0 	249.583333333 	25.0 	0.0 	0.0 	0.0 	-0.0 	25.0 	0.0 	0.0 	0.0 	8.35473573275	2.60535710908	132.788017939	-62.9930476973	
9.2	0.0	0.0	0.0 	0.0 	250.0 	25.0 	0.0 	0.0 	0.0 	-0.0 	25.0 	0.0 	0.0 	0.0 	8.35473802113	2.60535710908	132.859159028	-63.1127485411	
9.21666666667	0.0	0.0	0.0 	0.0 	250.416666667 	25.0 	0.0 	0.0 	0.0 	-0.0 	25.0 	0.0 	0.0 	0.0 	8.35474025865	2.60535710908	132.930300135	-63.232449417	
9.23333333333	0.0	0.0	0.0 	0.0 	250.833333333 	25.0 	0.0 	0.0 	0.0 	-0.0 	25.0 	0.0 	0.0 	0.0 	8.35474244645	2.60535710908	133.001441262	-63.3521503242	
9.25	0.0	0.0	0.0 	0.0 	251.25 	25.0 	0.0 	0.0 	0.0 	-0.0 	25.0 	0.0 	0.0 	0.0 	8.35474458564	2.60535710908	133.072582406	-63.4718512621	
9.26666666667	0.0	0.0	0.0 	0.0 	251.666666667 	25.0 	0.0 	0.0 	0.0 	-0.0 	25.0 	0.0 	0.0 	0.0 	8.35474667728	2.60535710908	133.143723568	-63.59155223	
9.28333333333	0.0	0.0	0.0 	0.0 	252.083333333 	25.0 	0.0 	0.0 	0.0 	-0.0 	25.0 	0.0 	0.0 	0.0 	8.35474872245	2.60535710908	133.214864748	-63.7112532271	
9.3	0.0	0.0	0.0 	0.0 	252.5 	25.0 	0.0 	0.0 	0.0 	-0.0 	25.0 	0.0 	0.0 	0.0 	8.35475072216	2.60535710908	133.286005945	-63.8309542529	
9.31666666667	0.0	0.0	0.0 	0.0 	252.916666667 	25.0 	0.0 	0.0 	0.0 	-0.0 	25.0 	0.0 	0.0 	0.0 	8.35475267744	2.60535710908	133.357147158	-63.9506553067	
9.33333333333	0.0	0.0	0.0 	0.0 	253.333333333 	25.0 	0.0 	0.0 	0.0 	-0.0 	25.0 	0.0 	0.0 	0.0 	8.35475458927	2.60535710908	133.428288388	-64.0703563879	
9.35	0.0	0.0	0.0 	0.0 	253.75 	25.0 	0.0 	0.0 	0.0 	-0.0 	25.0 	0.0 	0.0 	0.0 	8.35475645861	2.60535710908	133.499429634	-64.1900574959	
9.36666666667	0.0	0.0	0.0 	0.0 	254.166666667 	25.0 	0.0 	0.0 	0.0 	-0.0 	25.0 	0.0 	0.0 	0.0 	8.35475828641	2.60535710908	133.570570895	-64.3097586301	
9.38333333333	0.0	0.0	0.0 	0.0 	254.583333333 	25.0 	0.0 	0.0 	0.0 	-0.0 	25.0 	0.0 	0.0 	0.0 	8.3547600736	2.60535710908	133.641712171	-64.4294597899	
9.4	0.0	0.0	0.0 	0.0 	255.0 	25.0 	0.0 	0.0 	0.0 	-0.0 	25.0 	0.0 	0.0 	0.0 	8.35476182106	2.60535710908	133.712853462	-64.5491609747	
9.41666666667	0.0	0.0	0.0 	0.0 	255.416666667 	25.0 	0.0 	0.0 	0.0 	-0.0 	25.0 	0.0 	0.0 	0.0 	8.3547635297	2.60535710908	133.783994768	-64.668862184	
9.43333333333	0.0	0.0	0.0 	0.0 	255.833333333 	25.0 	0.0 	0.0 	0.0 	-0.0 	25.0 	0.0 	0.0 	0.0 	8.35476520037	2.60535710908	133.855136088	-64.7885634172	
9.45	0.0	0.0	0.0 	0.0 	256.25 	25.0 	0.0 	0.0 	0.0 	-0.0 	25.0 	0.0 	0.0 	0.0 	8.35476683391	2.60535710908	133.926277422	-64.9082646739	
9.46666666667	0.0	0.0	0.0 	0.0 	256.666666667 	25.0 	0.0 	0.0 	0.0 	-0.0 	25.0 	0.0 	0.0 	0.0 	8.35476843115	2.60535710908	133.99741877	-65.0279659534	
9.48333333333	0.0	0.0	0.0 	0.0 	257.083333333 	25.0 	0.0 	0.0 	0.0 	-0.0 	25.0 	0.0 	0.0 	0.0 	8.35476999289	2.60535710908	134.068560131	-65.1476672553	
9.5	0.0	0.0	0.0 	0.0 	257.5 	25.0 	0.0 	0.0 	0.0 	-0.0 	25.0 	0.0 	0.0 	0.0 	8.35477151993	2.60535710908	134.139701504	-65.2673685791	
9.51666666667	0.0	0.0	0.0 	0.0 	257.916666667 	25.0 	0.0 	0.0 	0.0 	-0.0 	25.0 	0.0 	0.0 	0.0 	8.35477301304	2.60535710908	134.210842891	-65.3870699242	
9.53333333333	0.0	0.0	0.0 	0.0 	258.333333333 	25.0 	0.0 	0.0 	0.0 	-0.0 	25.0 	0.0 	0.0 	0.0 	8.35477447296	2.60535710908	134.28198429	-65.5067712903	
9.55	0.0	0.0	0.0 	0.0 	258.75 	25.0 	0.0 	0.0 	0.0 	-0.0 	25.0 	0.0 	0.0 	0.0 	8.35477590044	2.60535710908	134.353125701	-65.6264726769	
9.56666666667	0.0	0.0	0.0 	0.0 	259.166666667 	25.0 	0.0 	0.0 	0.0 	-0.0 	25.0 	0.0 	0.0 	0.0 	8.3547772962	2.60535710908	134.424267124	-65.7461740834	
9.58333333333	0.0	0.0	0.0 	0.0 	259.583333333 	25.0 	0.0 	0.0 	0.0 	-0.0 	25.0 	0.0 	0.0 	0.0 	8.35477866095	2.60535710908	134.495408559	-65.8658755095	
9.6	0.0	0.0	0.0 	0.0 	260.0 	25.0 	0.0 	0.0 	0.0 	-0.0 	25.0 	0.0 	0.0 	0.0 	8.35477999536	2.60535710908	134.566550005	-65.9855769547	
9.61666666667	0.0	0.0	0.0 	0.0 	260.416666667 	25.0 	0.0 	0.0 	0.0 	-0.0 	25.0 	0.0 	0.0 	0.0 	8.35478130013	2.60535710908	134.637691462	-66.1052784186	
9.63333333333	0.0	0.0	0.0 	0.0 	260.833333333 	25.0 	0.0 	0.0 	0.0 	-0.0 	25.0 	0.0 	0.0 	0.0 	8.35478257589	2.60535710908	134.70883293	-66.2249799008	
9.65	0.0	0.0	0.0 	0.0 	261.25 	25.0 	0.0 	0.0 	0.0 	-0.0 	25.0 	0.0 	0.0 	0.0 	8.35478382331	2.60535710908	134.779974408	-66.3446814008	
9.66666666667	0.0	0.0	0.0 	0.0 	261.666666667 	25.0 	0.0 	0.0 	0.0 	-0.0 	25.0 	0.0 	0.0 	0.0 	8.35478504301	2.60535710908	134.851115897	-66.4643829184	
9.68333333333	0.0	0.0	0.0 	0.0 	262.083333333 	25.0 	0.0 	0.0 	0.0 	-0.0 	25.0 	0.0 	0.0 	0.0 	8.3547862356	2.60535710908	134.922257397	-66.584084453	
9.7	0.0	0.0	0.0 	0.0 	262.5 	25.0 	0.0 	0.0 	0.0 	-0.0 	25.0 	0.0 	0.0 	0.0 	8.35478740169	2.60535710908	134.993398906	-66.7037860043	
9.71666666667	0.0	0.0	0.0 	0.0 	262.916666667 	25.0 	0.0 	0.0 	0.0 	-0.0 	25.0 	0.0 	0.0 	0.0 	8.35478854187	2.60535710908	135.064540424	-66.823487572	
9.73333333333	0.0	0.0	0.0 	0.0 	263.333333333 	25.0 	0.0 	0.0 	0.0 	-0.0 	25.0 	0.0 	0.0 	0.0 	8.35478965671	2.60535710908	135.135681953	-66.9431891556	
9.75	0.0	0.0	0.0 	0.0 	263.75 	25.0 	0.0 	0.0 	0.0 	-0.0 	25.0 	0.0 	0.0 	0.0 	8.35479074678	2.60535710908	135.20682349	-67.0628907548	
9.76666666667	0.0	0.0	0.0 	0.0 	264.166666667 	25.0 	0.0 	0.0 	0.0 	-0.0 	25.0 	0.0 	0.0 	0.0 	8.35479181262	2.60535710908	135.277965037	-67.1825923693	
9.78333333333	0.0	0.0	0.0 	0.0 	264.583333333 	25.0 	0.0 	0.0 	0.0 	-0.0 	25.0 	0.0 	0.0 	0.0 	8.35479285478	2.60535710908	135.349106592	-67.3022939988	
9.8	0.0	0.0	0.0 	0.0 	265.0 	25.0 	0.0 	0.0 	0.0 	-0.0 	25.0 	0.0 	0.0 	0.0 	8.35479387377	2.60535710908	135.420248157	-67.4219956428	
9.81666666667	0.0	0.0	0.0 	0.0 	265.416666667 	25.0 	0.0 	0.0 	0.0 	-0.0 	25.0 	0.0 	0.0 	0.0 	8.35479487013	2.60535710908	135.491389729	-67.5416973012	
9.83333333333	0.0	0.0	0.0 	0.0 	265.833333333 	25.0 	0.0 	0.0 	0.0 	-0.0 	25.0 	0.0 	0.0 	0.0 	8.35479584434	2.60535710908	135.56253131	-67.6613989734	
9.85	0.0	0.0	0.0 	0.0 	266.25 	25.0 	0.0 	0.0 	0.0 	-0.0 	25.0 	0.0 	0.0 	0.0 	8.3547967969	2.60535710908	135.633672899	-67.7811006594	
9.86666666667	0.0	0.0	0.0 	0.0 	266.666666667 	25.0 	0.0 	0.0 	0.0 	-0.0 	25.0 	0.0 	0.0 	0.0 	8.3547977283	2.60535710908	135.704814496	-67.9008023586	
9.88333333333	0.0	0.0	0.0 	0.0 	267.083333333 	25.0 	0.0 	0.0 	0.0 	-0.0 	25.0 	0.0 	0.0 	0.0 	8.35479863899	2.60535710908	135.775956101	-68.020504071	
9.9	0.0	0.0	0.0 	0.0 	267.5 	25.0 	0.0 	0.0 	0.0 	-0.0 	25.0 	0.0 	0.0 	0.0 	8.35479952945	2.60535710908	135.847097713	-68.140205796	
9.91666666667	0.0	0.0	0.0 	0.0 	267.916666667 	25.0 	0.0 	0.0 	0.0 	-0.0 	25.0 	0.0 	0.0 	0.0 	8.35480040013	2.60535710908	135.918239333	-68.2599075336	
9.93333333333	0.0	0.0	0.0 	0.0 	268.333333333 	25.0 	0.0 	0.0 	0.0 	-0.0 	25.0 	0.0 	0.0 	0.0 	8.35480125145	2.60535710908	135.98938096	-68.3796092833	
9.95	0.0	0.0	0.0 	0.0 	268.75 	25.0 	0.0 	0.0 	0.0 	-0.0 	25.0 	0.0 	0.0 	0.0 	8.35480208385	2.60535710908	136.060522594	-68.499311045	
9.96666666667	0.0	0.0	0.0 	0.0 	269.166666667 	25.0 	0.0 	0.0 	0.0 	-0.0 	25.0 	0.0 	0.0 	0.0 	8.35480289776	2.60535710908	136.131664235	-68.6190128184	
9.98333333333	0.0	0.0	0.0 	0.0 	269.583333333 	25.0 	0.0 	0.0 	0.0 	-0.0 	25.0 	0.0 	0.0 	0.0 	8.35480369358	2.60535710908	136.202805883	-68.7387146031	
