0.0166666666667	0.0	0.0	0.0 	0.0 	20.4166666667 	25.0 	0.0 	0.0 	0.0 	0.0 	25.0 	0.0 	0.0 	0.0 	0.0	0.354516129032	100.0	-9.87096774194	
0.0333333333333	0.0	0.0	0.0 	0.0 	20.8333333333 	25.0 	0.0 	0.0 	0.0 	-0.0 	25.0 	0.0 	0.0 	0.0 	0.0	0.354516129032	100.0	-9.87096774194	
0.05	0.0	0.0	0.0 	0.0 	21.25 	25.0 	0.0 	0.0 	0.0 	-0.0 	25.0 	0.0 	0.0 	0.0 	0.0	0.354516129032	100.0	-9.87096774194	
0.0666666666667	0.0	0.0	0.0 	0.0 	21.6666666667 	25.0 	0.0 	0.0 	0.0 	-0.0 	25.0 	0.0 	0.0 	0.0 	0.0	0.354516129032	100.0	-9.87096774194	
0.0833333333333	0.0	0.0	0.0 	0.0 	22.0833333333 	25.0 	0.0 	0.0 	0.0 	-0.0 	25.0 	0.0 	0.0 	0.0 	0.0	0.354516129032	100.0	-9.87096774194	
0.1	0.0	0.0	0.0 	0.0 	22.5 	25.0 	0.0 	0.0 	0.0 	-0.0 	25.0 	0.0 	0.0 	0.0 	0.0	0.354516129032	100.0	-9.87096774194	
0.116666666667	0.0	0.0	0.0 	0.0 	22.9166666667 	25.0 	0.0 	0.0 	0.0 	-0.0 	25.0 	0.0 	0.0 	0.0 	0.0	0.354516129032	100.0	-9.87096774194	
0.133333333333	0.0	0.0	0.0 	0.0 	23.3333333333 	25.0 	0.0 	0.0 	0.0 	-0.0 	25.0 	0.0 	0.0 	0.0 	0.0	0.354516129032	100.0	-9.87096774194	
0.15	0.0	0.0	0.0 	0.0 	23.75 	25.0 	0.0 	0.0 	0.0 	-0.0 	25.0 	0.0 	0.0 	0.0 	0.0	0.354516129032	100.0	-9.87096774194	
0.166666666667	0.0	0.0	0.0 	0.0 	24.1666666667 	25.0 	0.0 	0.0 	0.0 	-0.0 	25.0 	0.0 	0.0 	0.0 	0.0	0.354516129032	100.0	-9.87096774194	
0.183333333333	0.0	0.0	0.0 	0.0 	24.5833333333 	25.0 	0.0 	0.0 	0.0 	-0.0 	25.0 	0.0 	0.0 	0.0 	0.0	0.354516129032	100.0	-9.87096774194	
0.2	0.0	0.0	0.0 	0.0 	25.0 	25.0 	0.0 	0.0 	0.0 	-0.0 	25.0 	0.0 	0.0 	0.0 	0.0	0.354516129032	100.0	-9.87096774194	
0.216666666667	0.0	0.0	0.0 	0.0 	25.4166666667 	25.0 	0.0 	0.0 	0.0 	-0.0 	25.0 	0.0 	0.0 	0.0 	0.0	0.354516129032	100.0	-9.87096774194	
0.233333333333	0.0	0.0	0.0 	0.0 	25.8333333333 	25.0 	0.0 	0.0 	0.0 	-0.0 	25.0 	0.0 	0.0 	0.0 	0.0	0.354516129032	100.0	-9.87096774194	
0.25	0.0	0.0	0.0 	0.0 	26.25 	25.0 	0.0 	0.0 	0.0 	-0.0 	25.0 	0.0 	0.0 	0.0 	0.0	0.354516129032	100.0	-9.87096774194	
0.266666666667	0.0	0.0	0.0 	0.0 	26.6666666667 	25.0 	0.0 	0.0 	0.0 	-0.0 	25.0 	0.0 	0.0 	0.0 	0.0	0.354516129032	100.0	-9.87096774194	
0.283333333333	0.0	0.0	0.0 	0.0 	27.0833333333 	25.0 	0.0 	0.0 	0.0 	-0.0 	25.0 	0.0 	0.0 	0.0 	0.0	0.354516129032	100.0	-9.87096774194	
0.3	0.0	0.0	0.0 	0.0 	27.5 	25.0 	0.0 	0.0 	0.0 	-0.0 	25.0 	0.0 	0.0 	0.0 	0.0	0.354516129032	100.0	-9.87096774194	
0.316666666667	0.0	0.0	0.0 	0.0 	27.9166666667 	25.0 	0.0 	0.0 	0.0 	-0.0 	25.0 	0.0 	0.0 	0.0 	0.0	0.354516129032	100.0	-9.87096774194	
0.333333333333	0.0	0.0	0.0 	0.0 	28.3333333333 	25.0 	0.0 	0.0 	0.0 	-0.0 	25.0 	0.0 	0.0 	0.0 	0.0	0.354516129032	100.0	-9.87096774194	
0.35	0.0	0.0	0.0 	0.0 	28.75 	25.0 	0.0 	0.0 	0.0 	-0.0 	25.0 	0.0 	0.0 	0.0 	0.0	0.354516129032	100.0	-9.87096774194	
0.366666666667	0.0	0.0	0.0 	0.0 	29.1666666667 	25.0 	0.0 	0.0 	0.0 	-0.0 	25.0 	0.0 	0.0 	0.0 	0.0	0.354516129032	100.0	-9.87096774194	
0.383333333333	0.0	0.0	0.0 	0.0 	29.5833333333 	25.0 	0.0 	0.0 	0.0 	-0.0 	25.0 	0.0 	0.0 	0.0 	0.0	0.354516129032	100.0	-9.87096774194	
0.4	0.0	0.0	0.0 	0.0 	30.0 	25.0 	0.0 	0.0 	0.0 	-0.0 	25.0 	0.0 	0.0 	0.0 	0.0	0.354516129032	100.0	-9.87096774194	
0.416666666667	0.0	0.0	0.0 	0.0 	30.4166666667 	25.0 	0.0 	0.0 	0.0 	-0.0 	25.0 	0.0 	0.0 	0.0 	0.0	0.354516129032	100.0	-9.87096774194	
0.433333333333	0.0	0.0	0.0 	0.0 	30.8333333333 	25.0 	0.0 	0.0 	0.0 	-0.0 	25.0 	0.0 	0.0 	0.0 	0.0	0.354516129032	100.0	-9.87096774194	
0.45	0.0	0.0	0.0 	0.0 	31.25 	25.0 	0.0 	0.0 	0.0 	-0.0 	25.0 	0.0 	0.0 	0.0 	0.0	0.354516129032	100.0	-9.87096774194	
0.466666666667	0.0	0.0	0.0 	0.0 	31.6666666667 	25.0 	0.0 	0.0 	0.0 	-0.0 	25.0 	0.0 	0.0 	0.0 	0.0	0.354516129032	100.0	-9.87096774194	
0.483333333333	0.0	0.0	0.0 	0.0 	32.0833333333 	25.0 	0.0 	0.0 	0.0 	-0.0 	25.0 	0.0 	0.0 	0.0 	0.0	0.354516129032	100.0	-9.87096774194	
0.5	0.0	0.0	0.0 	0.0 	32.5 	25.0 	0.0 	0.0 	0.0 	-0.0 	25.0 	0.0 	0.0 	0.0 	0.0	0.354516129032	100.0	-9.87096774194	
0.516666666667	0.0	0.0	0.0 	0.0 	32.9166666667 	25.0 	0.0 	0.0 	0.0 	-0.0 	25.0 	0.0 	0.0 	0.0 	0.0	0.354516129032	100.0	-9.87096774194	
0.533333333333	0.0	0.0	0.0 	0.0 	33.3333333333 	25.0 	0.0 	0.0 	0.0 	-0.0 	25.0 	0.0 	0.0 	0.0 	0.0	0.354516129032	100.0	-9.87096774194	
0.55	0.0	0.0	0.0 	0.0 	33.75 	25.0 	0.0 	0.0 	0.0 	-0.0 	25.0 	0.0 	0.0 	0.0 	0.0	0.354516129032	100.0	-9.87096774194	
0.566666666667	0.0	0.0	0.0 	0.0 	34.1666666667 	25.0 	0.0 	0.0 	0.0 	-0.0 	25.0 	0.0 	0.0 	0.0 	0.0	0.354516129032	100.0	-9.87096774194	
0.583333333333	0.0	0.0	0.0 	0.0 	34.5833333333 	25.0 	0.0 	0.0 	0.0 	-0.0 	25.0 	0.0 	0.0 	0.0 	0.0	0.354516129032	100.0	-9.87096774194	
0.6	0.0	0.0	0.0 	0.0 	35.0 	25.0 	0.0 	0.0 	0.0 	-0.0 	25.0 	0.0 	0.0 	0.0 	0.0	0.354516129032	100.0	-9.87096774194	
0.616666666667	0.0	0.0	0.0 	0.0 	35.4166666667 	25.0 	0.0 	0.0 	0.0 	-0.0 	25.0 	0.0 	0.0 	0.0 	0.0	0.354516129032	100.0	-9.87096774194	
0.633333333333	0.0	0.0	0.0 	0.0 	35.8333333333 	25.0 	0.0 	0.0 	0.0 	-0.0 	25.0 	0.0 	0.0 	0.0 	0.0	0.354516129032	100.0	-9.87096774194	
0.65	0.0	0.0	0.0 	0.0 	36.25 	25.0 	0.0 	0.0 	0.0 	-0.0 	25.0 	0.0 	0.0 	0.0 	0.0	0.354516129032	100.0	-9.87096774194	
0.666666666667	0.0	0.0	0.0 	0.0 	36.6666666667 	25.0 	0.0 	0.0 	0.0 	-0.0 	25.0 	0.0 	0.0 	0.0 	0.0	0.354516129032	100.0	-9.87096774194	
0.683333333333	0.0	0.0	0.0 	0.0 	37.0833333333 	25.0 	0.0 	0.0 	0.0 	-0.0 	25.0 	0.0 	0.0 	0.0 	0.0	0.354516129032	100.0	-9.87096774194	
0.7	0.0	0.0	0.0 	0.0 	37.5 	25.0 	0.0 	0.0 	0.0 	-0.0 	25.0 	0.0 	0.0 	0.0 	0.0	0.354516129032	100.0	-9.87096774194	
0.716666666667	0.0	0.0	0.0 	0.0 	37.9166666667 	25.0 	0.0 	0.0 	0.0 	-0.0 	25.0 	0.0 	0.0 	0.0 	0.0	0.354516129032	100.0	-9.87096774194	
0.733333333333	0.0	0.0	0.0 	0.0 	38.3333333333 	25.0 	0.0 	0.0 	0.0 	-0.0 	25.0 	0.0 	0.0 	0.0 	0.0	0.354516129032	100.0	-9.87096774194	
0.75	0.0	0.0	0.0 	0.0 	38.75 	25.0 	0.0 	0.0 	0.0 	-0.0 	25.0 	0.0 	0.0 	0.0 	0.0	0.354516129032	100.0	-9.87096774194	
0.766666666667	0.0	0.0	0.0 	0.0 	39.1666666667 	25.0 	0.0 	0.0 	0.0 	-0.0 	25.0 	0.0 	0.0 	0.0 	0.0	0.354516129032	100.0	-9.87096774194	
0.783333333333	0.0	0.0	0.0 	0.0 	39.5833333333 	25.0 	0.0 	0.0 	0.0 	-0.0 	25.0 	0.0 	0.0 	0.0 	0.0	0.354516129032	100.0	-9.87096774194	
0.8	0.0	0.0	0.0 	0.0 	40.0 	25.0 	0.0 	0.0 	0.0 	-0.0 	25.0 	0.0 	0.0 	0.0 	0.0	0.354516129032	100.0	-9.87096774194	
0.816666666667	0.0	0.0	0.0 	0.0 	40.4166666667 	25.0 	0.0 	0.0 	0.0 	-0.0 	25.0 	0.0 	0.0 	0.0 	0.047882986913	0.769579145078	100.000555309	-9.87039457973	
0.833333333333	0.0	0.0	0.0 	0.0 	40.8333333333 	25.0 	0.0 	0.0 	0.0 	-0.0 	25.0 	0.0 	0.0 	0.0 	0.0955374330109	1.11546499178	100.00198537	-9.86969435417	
0.85	0.0	0.0	0.0 	0.0 	41.25 	25.0 	0.0 	0.0 	0.0 	-0.0 	25.0 	0.0 	0.0 	0.0 	0.142964429097	1.40370319737	100.004334925	-9.8692980647	
0.866666666667	0.0	0.0	0.0 	0.0 	41.6666666667 	25.0 	0.0 	0.0 	0.0 	-0.0 	25.0 	0.0 	0.0 	0.0 	0.190165060767	1.6153785625	100.007501193	-9.86943931763	
0.883333333333	0.0	0.0	0.0 	0.0 	42.0833333333 	25.0 	0.0 	0.0 	0.0 	-0.0 	25.0 	0.0 	0.0 	0.0 	0.237140408437	1.77451425023	100.011371803	-9.87023892252	
0.9	0.0	0.0	0.0 	0.0 	42.5 	25.0 	0.0 	0.0 	0.0 	-0.0 	25.0 	0.0 	0.0 	0.0 	0.283891547365	1.90212661258	100.015845984	-9.87177809377	
0.916666666667	0.0	0.0	0.0 	0.0 	42.9166666667 	25.0 	0.0 	0.0 	0.0 	-0.0 	25.0 	0.0 	0.0 	0.0 	0.330419547678	2.00872382553	100.020833295	-9.87411340801	
0.933333333333	0.0	0.0	0.0 	0.0 	43.3333333333 	25.0 	0.0 	0.0 	0.0 	-0.0 	25.0 	0.0 	0.0 	0.0 	0.376725474394	2.10031056107	100.026252193	-9.87728489753	
0.95	0.0	0.0	0.0 	0.0 	43.75 	25.0 	0.0 	0.0 	0.0 	-0.0 	25.0 	0.0 	0.0 	0.0 	0.422810387449	2.18063973917	100.032028753	-9.88132089825	
0.966666666667	0.0	0.0	0.0 	0.0 	44.1666666667 	25.0 	0.0 	0.0 	0.0 	-0.0 	25.0 	0.0 	0.0 	0.0 	0.46867534172	2.25221330649	100.038095607	-9.88624116289	
0.983333333333	0.0	0.0	0.0 	0.0 	44.5833333333 	25.0 	0.0 	0.0 	0.0 	-0.0 	25.0 	0.0 	0.0 	0.0 	0.514321387048	2.31678262567	100.044391062	-9.89205896495	
1.0	0.0	0.0	0.0 	0.0 	45.0 	25.0 	0.0 	0.0 	0.0 	-0.0 	25.0 	0.0 	0.0 	0.0 	0.559749568265	2.37562141497	100.050858384	-9.89878257786	
1.01666666667	0.0	0.0	0.0 	0.0 	45.4166666667 	25.0 	0.0 	0.0 	0.0 	-0.0 	25.0 	0.0 	0.0 	0.0 	0.604960925214	2.42968496311	100.057445191	-9.90641634787	
1.03333333333	0.0	0.0	0.0 	0.0 	45.8333333333 	25.0 	0.0 	0.0 	0.0 	-0.0 	25.0 	0.0 	0.0 	0.0 	0.649956492776	2.47970810753	100.064102961	-9.91496149251	
1.05	0.0	0.0	0.0 	0.0 	46.25 	25.0 	0.0 	0.0 	0.0 	-0.0 	25.0 	0.0 	0.0 	0.0 	0.694737300894	2.5262682205	100.070786606	-9.92441670762	
1.06666666667	0.0	0.0	0.0 	0.0 	46.6666666667 	25.0 	0.0 	0.0 	0.0 	-0.0 	25.0 	0.0 	0.0 	0.0 	0.739304374592	2.56982719983	100.077454115	-9.93477863716	
1.08333333333	0.0	0.0	0.0 	0.0 	47.0833333333 	25.0 	0.0 	0.0 	0.0 	-0.0 	25.0 	0.0 	0.0 	0.0 	0.783658734006	2.61076033748	100.084066253	-9.94604224261	
1.1	0.0	0.0	0.0 	0.0 	47.5 	25.0 	0.0 	0.0 	0.0 	-0.0 	25.0 	0.0 	0.0 	0.0 	0.827801394397	2.6493766974	100.090586292	-9.9582010972	
1.11666666667	0.0	0.0	0.0 	0.0 	47.9166666667 	25.0 	0.0 	0.0 	0.0 	-0.0 	25.0 	0.0 	0.0 	0.0 	0.871733366187	2.68196295205	100.097031544	-9.97122213243	
1.13333333333	0.0	0.0	0.0 	0.0 	48.3333333333 	25.0 	0.0 	0.0 	0.0 	-0.0 	25.0 	0.0 	0.0 	0.0 	0.915455654971	2.70911816426	100.103426287	-9.98507498172	
1.15	0.0	0.0	0.0 	0.0 	48.75 	25.0 	0.0 	0.0 	0.0 	-0.0 	25.0 	0.0 	0.0 	0.0 	0.958969261544	2.73174750777	100.109794919	-9.99973414608	
1.16666666667	0.0	0.0	0.0 	0.0 	49.1666666667 	25.0 	0.0 	0.0 	0.0 	-0.0 	25.0 	0.0 	0.0 	0.0 	1.00227518193	2.75060529402	100.116161061	-10.0151780912	
1.18333333333	0.0	0.0	0.0 	0.0 	49.5833333333 	25.0 	0.0 	0.0 	0.0 	-0.0 	25.0 	0.0 	0.0 	0.0 	1.04537440739	2.7663201159	100.122547011	-10.031388499	
1.2	0.0	0.0	0.0 	0.0 	50.0 	25.0 	0.0 	0.0 	0.0 	-0.0 	25.0 	0.0 	0.0 	0.0 	1.08826792446	2.7794158008	100.128973428	-10.048349658	
1.21666666667	0.0	0.0	0.0 	0.0 	50.4166666667 	25.0 	0.0 	0.0 	0.0 	-0.0 	25.0 	0.0 	0.0 	0.0 	1.13095671496	2.79032887155	100.135459176	-10.0660479735	
1.23333333333	0.0	0.0	0.0 	0.0 	50.8333333333 	25.0 	0.0 	0.0 	0.0 	-0.0 	25.0 	0.0 	0.0 	0.0 	1.17344175605	2.79942309718	100.14202129	-10.0844715749	
1.25	0.0	0.0	0.0 	0.0 	51.25 	25.0 	0.0 	0.0 	0.0 	-0.0 	25.0 	0.0 	0.0 	0.0 	1.21572402018	2.80700161853	100.148675007	-10.1036100026	
1.26666666667	0.0	0.0	0.0 	0.0 	51.6666666667 	25.0 	0.0 	0.0 	0.0 	-0.0 	25.0 	0.0 	0.0 	0.0 	1.25780447521	2.813317053	100.155433844	-10.1234539586	
1.28333333333	0.0	0.0	0.0 	0.0 	52.0833333333 	25.0 	0.0 	0.0 	0.0 	-0.0 	25.0 	0.0 	0.0 	0.0 	1.29968408433	2.81857991505	100.162309713	-10.1439951061	
1.3	0.0	0.0	0.0 	0.0 	52.5 	25.0 	0.0 	0.0 	0.0 	-0.0 	25.0 	0.0 	0.0 	0.0 	1.34136380618	2.82296563342	100.16931304	-10.1652259087	
1.31666666667	0.0	0.0	0.0 	0.0 	52.9166666667 	25.0 	0.0 	0.0 	0.0 	-0.0 	25.0 	0.0 	0.0 	0.0 	1.38284459479	2.82662039874	100.176452899	-10.1871395007	
1.33333333333	0.0	0.0	0.0 	0.0 	53.3333333333 	25.0 	0.0 	0.0 	0.0 	-0.0 	25.0 	0.0 	0.0 	0.0 	1.42412739964	2.8296660365	100.183737141	-10.2097295809	
1.35	0.0	0.0	0.0 	0.0 	53.75 	25.0 	0.0 	0.0 	0.0 	-0.0 	25.0 	0.0 	0.0 	0.0 	1.46521316571	2.83220406797	100.19117252	-10.2329903261	
1.36666666667	0.0	0.0	0.0 	0.0 	54.1666666667 	25.0 	0.0 	0.0 	0.0 	-0.0 	25.0 	0.0 	0.0 	0.0 	1.50610283344	2.83431909419	100.19876481	-10.2569163197	
1.38333333333	0.0	0.0	0.0 	0.0 	54.5833333333 	25.0 	0.0 	0.0 	0.0 	-0.0 	25.0 	0.0 	0.0 	0.0 	1.54679733877	2.83608161604	100.20651892	-10.2815024924	
1.4	0.0	0.0	0.0 	0.0 	55.0 	25.0 	0.0 	0.0 	0.0 	-0.0 	25.0 	0.0 	0.0 	0.0 	1.58729761321	2.83755038425	100.214438993	-10.3067440724	
1.41666666667	0.0	0.0	0.0 	0.0 	55.4166666667 	25.0 	0.0 	0.0 	0.0 	-0.0 	25.0 	0.0 	0.0 	0.0 	1.62760458381	2.83877435776	100.222528498	-10.3326365442	
1.43333333333	0.0	0.0	0.0 	0.0 	55.8333333333 	25.0 	0.0 	0.0 	0.0 	-0.0 	25.0 	0.0 	0.0 	0.0 	1.66771917317	2.83979433569	100.230790316	-10.3591756127	
1.45	0.0	0.0	0.0 	0.0 	56.25 	25.0 	0.0 	0.0 	0.0 	-0.0 	25.0 	0.0 	0.0 	0.0 	1.70764229952	2.84064431729	100.23922681	-10.3863571743	
1.46666666667	0.0	0.0	0.0 	0.0 	56.6666666667 	25.0 	0.0 	0.0 	0.0 	-0.0 	25.0 	0.0 	0.0 	0.0 	1.74737487668	2.84135263529	100.247839898	-10.4141772908	
1.48333333333	0.0	0.0	0.0 	0.0 	57.0833333333 	25.0 	0.0 	0.0 	0.0 	-0.0 	25.0 	0.0 	0.0 	0.0 	1.78691781415	2.84194290029	100.256631104	-10.4426321681	
1.5	0.0	0.0	0.0 	0.0 	57.5 	25.0 	0.0 	0.0 	0.0 	-0.0 	25.0 	0.0 	0.0 	0.0 	1.82627201704	2.8424347878	100.265601618	-10.4717181378	
1.51666666667	0.0	0.0	0.0 	0.0 	57.9166666667 	25.0 	0.0 	0.0 	0.0 	-0.0 	25.0 	0.0 	0.0 	0.0 	1.86543838616	2.84284469405	100.274752335	-10.5014316408	
1.53333333333	0.0	0.0	0.0 	0.0 	58.3333333333 	25.0 	0.0 	0.0 	0.0 	-0.0 	25.0 	0.0 	0.0 	0.0 	1.90441781804	2.84318628259	100.284083899	-10.5317692142	
1.55	0.0	0.0	0.0 	0.0 	58.75 	25.0 	0.0 	0.0 	0.0 	-0.0 	25.0 	0.0 	0.0 	0.0 	1.94321120489	2.84347093971	100.293596737	-10.5627274795	
1.56666666667	0.0	0.0	0.0 	0.0 	59.1666666667 	25.0 	0.0 	0.0 	0.0 	-0.0 	25.0 	0.0 	0.0 	0.0 	1.98181943471	2.84370815398	100.303291088	-10.5943031322	
1.58333333333	0.0	0.0	0.0 	0.0 	59.5833333333 	25.0 	0.0 	0.0 	0.0 	-0.0 	25.0 	0.0 	0.0 	0.0 	2.02024339122	2.84390583253	100.313167033	-10.6264929336	
1.6	0.0	0.0	0.0 	0.0 	60.0 	25.0 	0.0 	0.0 	0.0 	-0.0 	25.0 	0.0 	0.0 	0.0 	2.05848395394	2.84407056466	100.323224513	-10.659293703	
1.61666666667	0.0	0.0	0.0 	0.0 	60.4166666667 	25.0 	0.0 	0.0 	0.0 	-0.0 	25.0 	0.0 	0.0 	0.0 	2.09654199819	2.84420784143	100.333463354	-10.6927023116	
1.63333333333	0.0	0.0	0.0 	0.0 	60.8333333333 	25.0 	0.0 	0.0 	0.0 	-0.0 	25.0 	0.0 	0.0 	0.0 	2.13441839512	2.84432223875	100.34388328	-10.7267156766	
1.65	0.0	0.0	0.0 	0.0 	61.25 	25.0 	0.0 	0.0 	0.0 	-0.0 	25.0 	0.0 	0.0 	0.0 	2.17211401171	2.84441756984	100.354483931	-10.7613307569	
1.66666666667	0.0	0.0	0.0 	0.0 	61.6666666667 	25.0 	0.0 	0.0 	0.0 	-0.0 	25.0 	0.0 	0.0 	0.0 	2.20962971081	2.84449701242	100.365264873	-10.7965445486	
1.68333333333	0.0	0.0	0.0 	0.0 	62.0833333333 	25.0 	0.0 	0.0 	0.0 	-0.0 	25.0 	0.0 	0.0 	0.0 	2.24696635114	2.84456321456	100.376225614	-10.8323540818	
1.7	0.0	0.0	0.0 	0.0 	62.5 	25.0 	0.0 	0.0 	0.0 	-0.0 	25.0 	0.0 	0.0 	0.0 	2.28412478734	2.84461838302	100.387365605	-10.8687564176	
1.71666666667	0.0	0.0	0.0 	0.0 	62.9166666667 	25.0 	0.0 	0.0 	0.0 	-0.0 	25.0 	0.0 	0.0 	0.0 	2.32110586996	2.84466435674	100.398684257	-10.9057486452	
1.73333333333	0.0	0.0	0.0 	0.0 	63.3333333333 	25.0 	0.0 	0.0 	0.0 	-0.0 	25.0 	0.0 	0.0 	0.0 	2.35791044548	2.84470266816	100.410180944	-10.9433278798	
1.75	0.0	0.0	0.0 	0.0 	63.75 	25.0 	0.0 	0.0 	0.0 	-0.0 	25.0 	0.0 	0.0 	0.0 	2.39453935637	2.84473459435	100.421855008	-10.981491261	
1.76666666667	0.0	0.0	0.0 	0.0 	64.1666666667 	25.0 	0.0 	0.0 	0.0 	-0.0 	25.0 	0.0 	0.0 	0.0 	2.43099344104	2.84476119951	100.433705765	-11.0202359508	
1.78333333333	0.0	0.0	0.0 	0.0 	64.5833333333 	25.0 	0.0 	0.0 	0.0 	-0.0 	25.0 	0.0 	0.0 	0.0 	2.46727353393	2.84478337048	100.44573251	-11.0595591321	
1.8	0.0	0.0	0.0 	0.0 	65.0 	25.0 	0.0 	0.0 	0.0 	-0.0 	25.0 	0.0 	0.0 	0.0 	2.50338046549	2.84480184628	100.457934522	-11.0994580078	
1.81666666667	0.0	0.0	0.0 	0.0 	65.4166666667 	25.0 	0.0 	0.0 	0.0 	-0.0 	25.0 	0.0 	0.0 	0.0 	2.53931506219	2.84481724279	100.470311063	-11.1399297997	
1.83333333333	0.0	0.0	0.0 	0.0 	65.8333333333 	25.0 	0.0 	0.0 	0.0 	-0.0 	25.0 	0.0 	0.0 	0.0 	2.57507814657	2.84483007321	100.482861386	-11.1809717473	
1.85	0.0	0.0	0.0 	0.0 	66.25 	25.0 	0.0 	0.0 	0.0 	-0.0 	25.0 	0.0 	0.0 	0.0 	2.61067053725	2.84484076522	100.495584733	-11.2225811073	
1.86666666667	0.0	0.0	0.0 	0.0 	66.6666666667 	25.0 	0.0 	0.0 	0.0 	-0.0 	25.0 	0.0 	0.0 	0.0 	2.64609304893	2.84484967524	100.50848034	-11.2647551529	
1.88333333333	0.0	0.0	0.0 	0.0 	67.0833333333 	25.0 	0.0 	0.0 	0.0 	-0.0 	25.0 	0.0 	0.0 	0.0 	2.68134649242	2.84485710025	100.521547435	-11.3074911731	
1.9	0.0	0.0	0.0 	0.0 	67.5 	25.0 	0.0 	0.0 	0.0 	-0.0 	25.0 	0.0 	0.0 	0.0 	2.71643167467	2.84486328776	100.534785243	-11.3507864723	
1.91666666667	0.0	0.0	0.0 	0.0 	67.9166666667 	25.0 	0.0 	0.0 	0.0 	-0.0 	25.0 	0.0 	0.0 	0.0 	2.75134939878	2.84486844402	100.548192988	-11.3946383697	
1.93333333333	0.0	0.0	0.0 	0.0 	68.3333333333 	25.0 	0.0 	0.0 	0.0 	-0.0 	25.0 	0.0 	0.0 	0.0 	2.78610046401	2.8448727409	100.56176989	-11.4390441992	
1.95	0.0	0.0	0.0 	0.0 	68.75 	25.0 	0.0 	0.0 	0.0 	-0.0 	25.0 	0.0 	0.0 	0.0 	2.82068566579	2.84487632163	100.575515167	-11.4840013088	
1.96666666667	0.0	0.0	0.0 	0.0 	69.1666666667 	25.0 	0.0 	0.0 	0.0 	-0.0 	25.0 	0.0 	0.0 	0.0 	2.8551057958	2.84487930558	100.589428038	-11.5295070604	
1.98333333333	0.0	0.0	0.0 	0.0 	69.5833333333 	25.0 	0.0 	0.0 	0.0 	-0.0 	25.0 	0.0 	0.0 	0.0 	2.88936164188	2.8448817922	100.603507723	-11.5755588295	
2.0	0.0	0.0	0.0 	0.0 	70.0 	25.0 	0.0 	0.0 	0.0 	-0.0 	25.0 	0.0 	0.0 	0.0 	2.92345398816	2.84488386438	100.617753441	-11.6221540053	
2.01666666667	0.0	0.0	0.0 	0.0 	70.4166666667 	25.0 	0.0 	0.0 	0.0 	-0.0 	25.0 	0.0 	0.0 	0.0 	2.95738361501	2.8448855912	100.632164414	-11.6692899899	
2.03333333333	0.0	0.0	0.0 	0.0 	70.8333333333 	25.0 	0.0 	0.0 	0.0 	-0.0 	25.0 	0.0 	0.0 	0.0 	2.99115129906	2.84488703022	100.646739864	-11.7169641985	
2.05	0.0	0.0	0.0 	0.0 	71.25 	25.0 	0.0 	0.0 	0.0 	-0.0 	25.0 	0.0 	0.0 	0.0 	3.02475781326	2.8448882294	100.661479016	-11.7651740594	
2.06666666667	0.0	0.0	0.0 	0.0 	71.6666666667 	25.0 	0.0 	0.0 	0.0 	-0.0 	25.0 	0.0 	0.0 	0.0 	3.05820392686	2.84488922872	100.676381097	-11.8139170133	
2.08333333333	0.0	0.0	0.0 	0.0 	72.0833333333 	25.0 	0.0 	0.0 	0.0 	-0.0 	25.0 	0.0 	0.0 	0.0 	3.09149040542	2.84489006148	100.691445336	-11.8631905139	
2.1	0.0	0.0	0.0 	0.0 	72.5 	25.0 	0.0 	0.0 	0.0 	-0.0 	25.0 	0.0 	0.0 	0.0 	3.12461801088	2.84489075545	100.706670964	-11.912992027	
2.11666666667	0.0	0.0	0.0 	0.0 	72.9166666667 	25.0 	0.0 	0.0 	0.0 	-0.0 	25.0 	0.0 	0.0 	0.0 	3.15758750151	2.84489133376	100.722057218	-11.963319031	
2.13333333333	0.0	0.0	0.0 	0.0 	73.3333333333 	25.0 	0.0 	0.0 	0.0 	-0.0 	25.0 	0.0 	0.0 	0.0 	3.19039963199	2.84489181569	100.737603333	-12.0141690165	
2.15	0.0	0.0	0.0 	0.0 	73.75 	25.0 	0.0 	0.0 	0.0 	-0.0 	25.0 	0.0 	0.0 	0.0 	3.22305515337	2.84489221729	100.753308551	-12.0655394864	
2.16666666667	0.0	0.0	0.0 	0.0 	74.1666666667 	25.0 	0.0 	0.0 	0.0 	-0.0 	25.0 	0.0 	0.0 	0.0 	3.25555481315	2.84489255196	100.769172114	-12.1174279553	
2.18333333333	0.0	0.0	0.0 	0.0 	74.5833333333 	25.0 	0.0 	0.0 	0.0 	-0.0 	25.0 	0.0 	0.0 	0.0 	3.28789935523	2.84489283085	100.785193271	-12.1698319504	
2.2	0.0	0.0	0.0 	0.0 	75.0 	25.0 	0.0 	0.0 	0.0 	-0.0 	25.0 	0.0 	0.0 	0.0 	3.32008951997	2.84489306326	100.801371271	-12.2227490103	
2.21666666667	0.0	0.0	0.0 	0.0 	75.4166666667 	25.0 	0.0 	0.0 	0.0 	-0.0 	25.0 	0.0 	0.0 	0.0 	3.3521260442	2.84489325693	100.817705366	-12.2761766857	
2.23333333333	0.0	0.0	0.0 	0.0 	75.8333333333 	25.0 	0.0 	0.0 	0.0 	-0.0 	25.0 	0.0 	0.0 	0.0 	3.38400966123	2.84489341833	100.834194814	-12.330112539	
2.25	0.0	0.0	0.0 	0.0 	76.25 	25.0 	0.0 	0.0 	0.0 	-0.0 	25.0 	0.0 	0.0 	0.0 	3.41574110088	2.84489355282	100.850838874	-12.3845541444	
2.26666666667	0.0	0.0	0.0 	0.0 	76.6666666667 	25.0 	0.0 	0.0 	0.0 	-0.0 	25.0 	0.0 	0.0 	0.0 	3.44732108947	2.8448936649	100.867636809	-12.4394990876	
2.28333333333	0.0	0.0	0.0 	0.0 	77.0833333333 	25.0 	0.0 	0.0 	0.0 	-0.0 	25.0 	0.0 	0.0 	0.0 	3.47875034985	2.84489375831	100.884587886	-12.494944966	
2.3	0.0	0.0	0.0 	0.0 	77.5 	25.0 	0.0 	0.0 	0.0 	-0.0 	25.0 	0.0 	0.0 	0.0 	3.51002960146	2.84489383614	100.901691375	-12.5508893884	
2.31666666667	0.0	0.0	0.0 	0.0 	77.9166666667 	25.0 	0.0 	0.0 	0.0 	-0.0 	25.0 	0.0 	0.0 	0.0 	3.54115956025	2.844893901	100.918946548	-12.6073299751	
2.33333333333	0.0	0.0	0.0 	0.0 	78.3333333333 	25.0 	0.0 	0.0 	0.0 	-0.0 	25.0 	0.0 	0.0 	0.0 	3.57214093879	2.84489395505	100.936352683	-12.6642643579	
2.35	0.0	0.0	0.0 	0.0 	78.75 	25.0 	0.0 	0.0 	0.0 	-0.0 	25.0 	0.0 	0.0 	0.0 	3.60297444624	2.84489400009	100.953909059	-12.7216901797	
2.36666666667	0.0	0.0	0.0 	0.0 	79.1666666667 	25.0 	0.0 	0.0 	0.0 	-0.0 	25.0 	0.0 	0.0 	0.0 	3.63366078838	2.84489403763	100.97161496	-12.7796050948	
2.38333333333	0.0	0.0	0.0 	0.0 	79.5833333333 	25.0 	0.0 	0.0 	0.0 	-0.0 	25.0 	0.0 	0.0 	0.0 	3.6642006676	2.84489406891	100.989469672	-12.8380067688	
2.4	0.0	0.0	0.0 	0.0 	80.0 	25.0 	0.0 	0.0 	0.0 	-0.0 	25.0 	0.0 	0.0 	0.0 	3.69459478297	2.84489409497	101.007472485	-12.8968928784	
2.41666666667	0.0	0.0	0.0 	0.0 	80.4166666667 	25.0 	0.0 	0.0 	0.0 	-0.0 	25.0 	0.0 	0.0 	0.0 	3.72484383019	2.8448941167	101.025622692	-12.9562611112	
2.43333333333	0.0	0.0	0.0 	0.0 	80.8333333333 	25.0 	0.0 	0.0 	0.0 	-0.0 	25.0 	0.0 	0.0 	0.0 	3.75494850167	2.8448941348	101.043919591	-13.0161091661	
2.45	0.0	0.0	0.0 	0.0 	81.25 	25.0 	0.0 	0.0 	0.0 	-0.0 	25.0 	0.0 	0.0 	0.0 	3.7849094865	2.84489414988	101.062362481	-13.0764347529	
2.46666666667	0.0	0.0	0.0 	0.0 	81.6666666667 	25.0 	0.0 	0.0 	0.0 	-0.0 	25.0 	0.0 	0.0 	0.0 	3.81472747047	2.84489416245	101.080950666	-13.1372355923	
2.48333333333	0.0	0.0	0.0 	0.0 	82.0833333333 	25.0 	0.0 	0.0 	0.0 	-0.0 	25.0 	0.0 	0.0 	0.0 	3.84440313613	2.84489417293	101.099683452	-13.198509416	
2.5	0.0	0.0	0.0 	0.0 	82.5 	25.0 	0.0 	0.0 	0.0 	-0.0 	25.0 	0.0 	0.0 	0.0 	3.87393716273	2.84489418166	101.118560149	-13.2602539665	
2.51666666667	0.0	0.0	0.0 	0.0 	82.9166666667 	25.0 	0.0 	0.0 	0.0 	-0.0 	25.0 	0.0 	0.0 	0.0 	3.90333022631	2.84489418893	101.13758007	-13.322466997	
2.53333333333	0.0	0.0	0.0 	0.0 	83.3333333333 	25.0 	0.0 	0.0 	0.0 	-0.0 	25.0 	0.0 	0.0 	0.0 	3.93258299967	2.84489419499	101.156742532	-13.3851462714	
2.55	0.0	0.0	0.0 	0.0 	83.75 	25.0 	0.0 	0.0 	0.0 	-0.0 	25.0 	0.0 	0.0 	0.0 	3.96169615241	2.84489420005	101.176046855	-13.4482895644	
2.56666666667	0.0	0.0	0.0 	0.0 	84.1666666667 	25.0 	0.0 	0.0 	0.0 	-0.0 	25.0 	0.0 	0.0 	0.0 	3.99067035091	2.84489420426	101.195492362	-13.5118946613	
2.58333333333	0.0	0.0	0.0 	0.0 	84.5833333333 	25.0 	0.0 	0.0 	0.0 	-0.0 	25.0 	0.0 	0.0 	0.0 	4.0195062584	2.84489420776	101.215078378	-13.575959358	
2.6	0.0	0.0	0.0 	0.0 	85.0 	25.0 	0.0 	0.0 	0.0 	-0.0 	25.0 	0.0 	0.0 	0.0 	4.04820453491	2.84489421069	101.234804233	-13.6404814607	
2.61666666667	0.0	0.0	0.0 	0.0 	85.4166666667 	25.0 	0.0 	0.0 	0.0 	-0.0 	25.0 	0.0 	0.0 	0.0 	4.07676583736	2.84489421312	101.25466926	-13.7054587863	
2.63333333333	0.0	0.0	0.0 	0.0 	85.8333333333 	25.0 	0.0 	0.0 	0.0 	-0.0 	25.0 	0.0 	0.0 	0.0 	4.10519081951	2.84489421515	101.274672794	-13.7708891621	
2.65	0.0	0.0	0.0 	0.0 	86.25 	25.0 	0.0 	0.0 	0.0 	-0.0 	25.0 	0.0 	0.0 	0.0 	4.133480132	2.84489421685	101.294814175	-13.8367704257	
2.66666666667	0.0	0.0	0.0 	0.0 	86.6666666667 	25.0 	0.0 	0.0 	0.0 	-0.0 	25.0 	0.0 	0.0 	0.0 	4.16163442236	2.84489421826	101.315092744	-13.903100425	
2.68333333333	0.0	0.0	0.0 	0.0 	87.0833333333 	25.0 	0.0 	0.0 	0.0 	-0.0 	25.0 	0.0 	0.0 	0.0 	4.18965433505	2.84489421943	101.335507847	-13.9698770184	
2.7	0.0	0.0	0.0 	0.0 	87.5 	25.0 	0.0 	0.0 	0.0 	-0.0 	25.0 	0.0 	0.0 	0.0 	4.21754051143	2.84489422041	101.356058832	-14.0370980742	
2.71666666667	0.0	0.0	0.0 	0.0 	87.9166666667 	25.0 	0.0 	0.0 	0.0 	-0.0 	25.0 	0.0 	0.0 	0.0 	4.24529358982	2.84489422123	101.37674505	-14.104761471	
2.73333333333	0.0	0.0	0.0 	0.0 	88.3333333333 	25.0 	0.0 	0.0 	0.0 	-0.0 	25.0 	0.0 	0.0 	0.0 	4.27291420548	2.84489422191	101.397565857	-14.1728650976	
2.75	0.0	0.0	0.0 	0.0 	88.75 	25.0 	0.0 	0.0 	0.0 	-0.0 	25.0 	0.0 	0.0 	0.0 	4.30040299065	2.84489422247	101.418520609	-14.2414068529	
2.76666666667	0.0	0.0	0.0 	0.0 	89.1666666667 	25.0 	0.0 	0.0 	0.0 	-0.0 	25.0 	0.0 	0.0 	0.0 	4.32776057452	2.84489422294	101.439608668	-14.3103846456	
2.78333333333	0.0	0.0	0.0 	0.0 	89.5833333333 	25.0 	0.0 	0.0 	0.0 	-0.0 	25.0 	0.0 	0.0 	0.0 	4.35498758333	2.84489422334	101.460829397	-14.3797963946	
2.8	0.0	0.0	0.0 	0.0 	90.0 	25.0 	0.0 	0.0 	0.0 	-0.0 	25.0 	0.0 	0.0 	0.0 	4.38208464028	2.84489422367	101.482182163	-14.4496400287	
2.81666666667	0.0	0.0	0.0 	0.0 	90.4166666667 	25.0 	0.0 	0.0 	0.0 	-0.0 	25.0 	0.0 	0.0 	0.0 	4.40905236563	2.84489422394	101.503666335	-14.5199134865	
2.83333333333	0.0	0.0	0.0 	0.0 	90.8333333333 	25.0 	0.0 	0.0 	0.0 	-0.0 	25.0 	0.0 	0.0 	0.0 	4.43589137667	2.84489422417	101.525281287	-14.5906147166	
2.85	0.0	0.0	0.0 	0.0 	91.25 	25.0 	0.0 	0.0 	0.0 	-0.0 	25.0 	0.0 	0.0 	0.0 	4.46260228773	2.84489422436	101.547026395	-14.6617416772	
2.86666666667	0.0	0.0	0.0 	0.0 	91.6666666667 	25.0 	0.0 	0.0 	0.0 	-0.0 	25.0 	0.0 	0.0 	0.0 	4.48918571022	2.84489422451	101.568901036	-14.7332923363	
2.88333333333	0.0	0.0	0.0 	0.0 	92.0833333333 	25.0 	0.0 	0.0 	0.0 	-0.0 	25.0 	0.0 	0.0 	0.0 	4.51564225263	2.84489422465	101.590904594	-14.8052646716	
2.9	0.0	0.0	0.0 	0.0 	92.5 	25.0 	0.0 	0.0 	0.0 	-0.0 	25.0 	0.0 	0.0 	0.0 	4.54197252056	2.84489422476	101.613036452	-14.8776566707	
2.91666666667	0.0	0.0	0.0 	0.0 	92.9166666667 	25.0 	0.0 	0.0 	0.0 	-0.0 	25.0 	0.0 	0.0 	0.0 	4.56817711669	2.84489422485	101.635295998	-14.9504663303	
2.93333333333	0.0	0.0	0.0 	0.0 	93.3333333333 	25.0 	0.0 	0.0 	0.0 	-0.0 	25.0 	0.0 	0.0 	0.0 	4.59425664084	2.84489422492	101.657682623	-15.0236916571	
2.95	0.0	0.0	0.0 	0.0 	93.75 	25.0 	0.0 	0.0 	0.0 	-0.0 	25.0 	0.0 	0.0 	0.0 	4.62021168998	2.84489422499	101.68019572	-15.0973306672	
2.96666666667	0.0	0.0	0.0 	0.0 	94.1666666667 	25.0 	0.0 	0.0 	0.0 	-0.0 	25.0 	0.0 	0.0 	0.0 	4.6460428582	2.84489422504	101.702834686	-15.171381386	
2.98333333333	0.0	0.0	0.0 	0.0 	94.5833333333 	25.0 	0.0 	0.0 	0.0 	-0.0 	25.0 	0.0 	0.0 	0.0 	4.67175073678	2.84489422508	101.72559892	-15.2458418486	
3.0	0.0	0.0	0.0 	0.0 	95.0 	25.0 	0.0 	0.0 	0.0 	-0.0 	25.0 	0.0 	0.0 	0.0 	4.69733591417	2.84489422512	101.748487823	-15.3207100992	
3.01666666667	0.0	0.0	0.0 	0.0 	95.4166666667 	25.0 	0.0 	0.0 	0.0 	-0.0 	25.0 	0.0 	0.0 	0.0 	4.72279897601	2.84489422515	101.771500802	-15.3959841915	
3.03333333333	0.0	0.0	0.0 	0.0 	95.8333333333 	25.0 	0.0 	0.0 	0.0 	-0.0 	25.0 	0.0 	0.0 	0.0 	4.74814050515	2.84489422518	101.794637263	-15.4716621885	
3.05	0.0	0.0	0.0 	0.0 	96.25 	25.0 	0.0 	0.0 	0.0 	-0.0 	25.0 	0.0 	0.0 	0.0 	4.77336108165	2.8448942252	101.817896618	-15.5477421624	
3.06666666667	0.0	0.0	0.0 	0.0 	96.6666666667 	25.0 	0.0 	0.0 	0.0 	-0.0 	25.0 	0.0 	0.0 	0.0 	4.7984612828	2.84489422522	101.841278279	-15.6242221945	
3.08333333333	0.0	0.0	0.0 	0.0 	97.0833333333 	25.0 	0.0 	0.0 	0.0 	-0.0 	25.0 	0.0 	0.0 	0.0 	4.82344168314	2.84489422523	101.864781664	-15.7011003756	
3.1	0.0	0.0	0.0 	0.0 	97.5 	25.0 	0.0 	0.0 	0.0 	-0.0 	25.0 	0.0 	0.0 	0.0 	4.84830285448	2.84489422524	101.88840619	-15.7783748051	
3.11666666667	0.0	0.0	0.0 	0.0 	97.9166666667 	25.0 	0.0 	0.0 	0.0 	-0.0 	25.0 	0.0 	0.0 	0.0 	4.87304536587	2.84489422525	101.912151281	-15.8560435919	
3.13333333333	0.0	0.0	0.0 	0.0 	98.3333333333 	25.0 	0.0 	0.0 	0.0 	-0.0 	25.0 	0.0 	0.0 	0.0 	4.89766978368	2.84489422526	101.936016359	-15.9341048537	
3.15	0.0	0.0	0.0 	0.0 	98.75 	25.0 	0.0 	0.0 	0.0 	-0.0 	25.0 	0.0 	0.0 	0.0 	4.92217667155	2.84489422527	101.960000854	-16.0125567174	
3.16666666667	0.0	0.0	0.0 	0.0 	99.1666666667 	25.0 	0.0 	0.0 	0.0 	-0.0 	25.0 	0.0 	0.0 	0.0 	4.94656659044	2.84489422528	101.984104194	-16.0913973185	
3.18333333333	0.0	0.0	0.0 	0.0 	99.5833333333 	25.0 	0.0 	0.0 	0.0 	-0.0 	25.0 	0.0 	0.0 	0.0 	4.97084009863	2.84489422528	102.008325813	-16.1706248017	
3.2	0.0	0.0	0.0 	0.0 	100.0 	25.0 	0.0 	0.0 	0.0 	-0.0 	25.0 	0.0 	0.0 	0.0 	4.99499775174	2.84489422528	102.032665146	-16.2502373204	
3.21666666667	0.0	0.0	0.0 	0.0 	100.416666667 	25.0 	0.0 	0.0 	0.0 	-0.0 	25.0 	0.0 	0.0 	0.0 	5.01904010273	2.84489422529	102.057121631	-16.330233037	
3.23333333333	0.0	0.0	0.0 	0.0 	100.833333333 	25.0 	0.0 	0.0 	0.0 	-0.0 	25.0 	0.0 	0.0 	0.0 	5.04296770193	2.84489422529	102.081694709	-16.4106101223	
3.25	0.0	0.0	0.0 	0.0 	101.25 	25.0 	0.0 	0.0 	0.0 	-0.0 	25.0 	0.0 	0.0 	0.0 	5.06678109704	2.84489422529	102.106383823	-16.4913667562	
3.26666666667	0.0	0.0	0.0 	0.0 	101.666666667 	25.0 	0.0 	0.0 	0.0 	-0.0 	25.0 	0.0 	0.0 	0.0 	5.09048083314	2.8448942253	102.13118842	-16.5725011272	
3.28333333333	0.0	0.0	0.0 	0.0 	102.083333333 	25.0 	0.0 	0.0 	0.0 	-0.0 	25.0 	0.0 	0.0 	0.0 	5.11406745272	2.8448942253	102.156107949	-16.6540114324	
3.3	0.0	0.0	0.0 	0.0 	102.5 	25.0 	0.0 	0.0 	0.0 	-0.0 	25.0 	0.0 	0.0 	0.0 	5.13754149567	2.8448942253	102.181141861	-16.7358958773	
3.31666666667	0.0	0.0	0.0 	0.0 	102.916666667 	25.0 	0.0 	0.0 	0.0 	-0.0 	25.0 	0.0 	0.0 	0.0 	5.16090349931	2.8448942253	102.206289609	-16.8181526764	
3.33333333333	0.0	0.0	0.0 	0.0 	103.333333333 	25.0 	0.0 	0.0 	0.0 	-0.0 	25.0 	0.0 	0.0 	0.0 	5.18415399839	2.8448942253	102.231550652	-16.9007800524	
3.35	0.0	0.0	0.0 	0.0 	103.75 	25.0 	0.0 	0.0 	0.0 	-0.0 	25.0 	0.0 	0.0 	0.0 	5.20729352511	2.8448942253	102.256924447	-16.9837762366	
3.36666666667	0.0	0.0	0.0 	0.0 	104.166666667 	25.0 	0.0 	0.0 	0.0 	-0.0 	25.0 	0.0 	0.0 	0.0 	5.23032260913	2.8448942253	102.282410457	-17.0671394686	
3.38333333333	0.0	0.0	0.0 	0.0 	104.583333333 	25.0 	0.0 	0.0 	0.0 	-0.0 	25.0 	0.0 	0.0 	0.0 	5.25324177759	2.8448942253	102.308008146	-17.1508679967	
3.4	0.0	0.0	0.0 	0.0 	105.0 	25.0 	0.0 	0.0 	0.0 	-0.0 	25.0 	0.0 	0.0 	0.0 	5.27605155509	2.8448942253	102.333716982	-17.2349600773	
3.41666666667	0.0	0.0	0.0 	0.0 	105.416666667 	25.0 	0.0 	0.0 	0.0 	-0.0 	25.0 	0.0 	0.0 	0.0 	5.29875246376	2.8448942253	102.359536433	-17.3194139751	
3.43333333333	0.0	0.0	0.0 	0.0 	105.833333333 	25.0 	0.0 	0.0 	0.0 	-0.0 	25.0 	0.0 	0.0 	0.0 	5.32134502321	2.8448942253	102.385465971	-17.4042279633	
3.45	0.0	0.0	0.0 	0.0 	106.25 	25.0 	0.0 	0.0 	0.0 	-0.0 	25.0 	0.0 	0.0 	0.0 	5.34382975058	2.8448942253	102.411505072	-17.4894003232	
3.46666666667	0.0	0.0	0.0 	0.0 	106.666666667 	25.0 	0.0 	0.0 	0.0 	-0.0 	25.0 	0.0 	0.0 	0.0 	5.36620716055	2.8448942253	102.437653213	-17.5749293443	
3.48333333333	0.0	0.0	0.0 	0.0 	107.083333333 	25.0 	0.0 	0.0 	0.0 	-0.0 	25.0 	0.0 	0.0 	0.0 	5.38847776533	2.8448942253	102.463909872	-17.6608133243	
3.5	0.0	0.0	0.0 	0.0 	107.5 	25.0 	0.0 	0.0 	0.0 	-0.0 	25.0 	0.0 	0.0 	0.0 	5.41064207468	2.8448942253	102.490274532	-17.747050569	
3.51666666667	0.0	0.0	0.0 	0.0 	107.916666667 	25.0 	0.0 	0.0 	0.0 	-0.0 	25.0 	0.0 	0.0 	0.0 	5.43270059596	2.8448942253	102.516746678	-17.8336393923	
3.53333333333	0.0	0.0	0.0 	0.0 	108.333333333 	25.0 	0.0 	0.0 	0.0 	-0.0 	25.0 	0.0 	0.0 	0.0 	5.45465383407	2.8448942253	102.543325796	-17.9205781163	
3.55	0.0	0.0	0.0 	0.0 	108.75 	25.0 	0.0 	0.0 	0.0 	-0.0 	25.0 	0.0 	0.0 	0.0 	5.47650229152	2.8448942253	102.570011376	-18.0078650707	
3.56666666667	0.0	0.0	0.0 	0.0 	109.166666667 	25.0 	0.0 	0.0 	0.0 	-0.0 	25.0 	0.0 	0.0 	0.0 	5.49824646842	2.84489422531	102.596802909	-18.0954985936	
3.58333333333	0.0	0.0	0.0 	0.0 	109.583333333 	25.0 	0.0 	0.0 	0.0 	-0.0 	25.0 	0.0 	0.0 	0.0 	5.51988686249	2.84489422531	102.623699891	-18.1834770309	
3.6	0.0	0.0	0.0 	0.0 	110.0 	25.0 	0.0 	0.0 	0.0 	-0.0 	25.0 	0.0 	0.0 	0.0 	5.54142396907	2.84489422531	102.650701818	-18.2717987362	
3.61666666667	0.0	0.0	0.0 	0.0 	110.416666667 	25.0 	0.0 	0.0 	0.0 	-0.0 	25.0 	0.0 	0.0 	0.0 	5.56285828115	2.84489422531	102.677808188	-18.3604620712	
3.63333333333	0.0	0.0	0.0 	0.0 	110.833333333 	25.0 	0.0 	0.0 	0.0 	-0.0 	25.0 	0.0 	0.0 	0.0 	5.58419028936	2.84489422531	102.705018504	-18.4494654054	
3.65	0.0	0.0	0.0 	0.0 	111.25 	25.0 	0.0 	0.0 	0.0 	-0.0 	25.0 	0.0 	0.0 	0.0 	5.60542048197	2.84489422531	102.732332269	-18.5388071159	
3.66666666667	0.0	0.0	0.0 	0.0 	111.666666667 	25.0 	0.0 	0.0 	0.0 	-0.0 	25.0 	0.0 	0.0 	0.0 	5.62654934495	2.84489422531	102.759748989	-18.6284855877	
3.68333333333	0.0	0.0	0.0 	0.0 	112.083333333 	25.0 	0.0 	0.0 	0.0 	-0.0 	25.0 	0.0 	0.0 	0.0 	5.64757736193	2.84489422531	102.787268174	-18.7184992135	
3.7	0.0	0.0	0.0 	0.0 	112.5 	25.0 	0.0 	0.0 	0.0 	-0.0 	25.0 	0.0 	0.0 	0.0 	5.66850501425	2.84489422531	102.814889333	-18.8088463936	
3.71666666667	0.0	0.0	0.0 	0.0 	112.916666667 	25.0 	0.0 	0.0 	0.0 	-0.0 	25.0 	0.0 	0.0 	0.0 	5.68933278092	2.84489422531	102.842611981	-18.8995255361	
3.73333333333	0.0	0.0	0.0 	0.0 	113.333333333 	25.0 	0.0 	0.0 	0.0 	-0.0 	25.0 	0.0 	0.0 	0.0 	5.71006113871	2.84489422531	102.870435633	-18.9905350564	
3.75	0.0	0.0	0.0 	0.0 	113.75 	25.0 	0.0 	0.0 	0.0 	-0.0 	25.0 	0.0 	0.0 	0.0 	5.73069056206	2.84489422531	102.898359807	-19.0818733777	
3.76666666667	0.0	0.0	0.0 	0.0 	114.166666667 	25.0 	0.0 	0.0 	0.0 	-0.0 	25.0 	0.0 	0.0 	0.0 	5.7512215232	2.84489422531	102.926384023	-19.1735389308	
3.78333333333	0.0	0.0	0.0 	0.0 	114.583333333 	25.0 	0.0 	0.0 	0.0 	-0.0 	25.0 	0.0 	0.0 	0.0 	5.77165449206	2.84489422531	102.954507803	-19.2655301536	
3.8	0.0	0.0	0.0 	0.0 	115.0 	25.0 	0.0 	0.0 	0.0 	-0.0 	25.0 	0.0 	0.0 	0.0 	5.79198993637	2.84489422531	102.982730673	-19.3578454919	
3.81666666667	0.0	0.0	0.0 	0.0 	115.416666667 	25.0 	0.0 	0.0 	0.0 	-0.0 	25.0 	0.0 	0.0 	0.0 	5.81222832158	2.84489422531	103.011052159	-19.4504833987	
3.83333333333	0.0	0.0	0.0 	0.0 	115.833333333 	25.0 	0.0 	0.0 	0.0 	-0.0 	25.0 	0.0 	0.0 	0.0 	5.83237011096	2.84489422531	103.039471791	-19.5434423344	
3.85	0.0	0.0	0.0 	0.0 	116.25 	25.0 	0.0 	0.0 	0.0 	-0.0 	25.0 	0.0 	0.0 	0.0 	5.85241576555	2.84489422531	103.0679891	-19.6367207667	
3.86666666667	0.0	0.0	0.0 	0.0 	116.666666667 	25.0 	0.0 	0.0 	0.0 	-0.0 	25.0 	0.0 	0.0 	0.0 	5.87236574419	2.84489422531	103.09660362	-19.7303171708	
3.88333333333	0.0	0.0	0.0 	0.0 	117.083333333 	25.0 	0.0 	0.0 	0.0 	-0.0 	25.0 	0.0 	0.0 	0.0 	5.89222050353	2.84489422531	103.125314888	-19.8242300289	
3.9	0.0	0.0	0.0 	0.0 	117.5 	25.0 	0.0 	0.0 	0.0 	-0.0 	25.0 	0.0 	0.0 	0.0 	5.91198049805	2.84489422531	103.15412244	-19.9184578307	
3.91666666667	0.0	0.0	0.0 	0.0 	117.916666667 	25.0 	0.0 	0.0 	0.0 	-0.0 	25.0 	0.0 	0.0 	0.0 	5.93164618005	2.84489422531	103.183025819	-20.012999073	
3.93333333333	0.0	0.0	0.0 	0.0 	118.333333333 	25.0 	0.0 	0.0 	0.0 	-0.0 	25.0 	0.0 	0.0 	0.0 	5.95121799967	2.84489422531	103.212024566	-20.1078522597	
3.95	0.0	0.0	0.0 	0.0 	118.75 	25.0 	0.0 	0.0 	0.0 	-0.0 	25.0 	0.0 	0.0 	0.0 	5.9706964049	2.84489422531	103.241118226	-20.203015902	
3.96666666667	0.0	0.0	0.0 	0.0 	119.166666667 	25.0 	0.0 	0.0 	0.0 	-0.0 	25.0 	0.0 	0.0 	0.0 	5.99008184161	2.84489422531	103.270306346	-20.2984885181	
3.98333333333	0.0	0.0	0.0 	0.0 	119.583333333 	25.0 	0.0 	0.0 	0.0 	-0.0 	25.0 	0.0 	0.0 	0.0 	6.00937475353	2.84489422531	103.299588476	-20.3942686333	
4.0	0.0	0.0	0.0 	0.0 	120.0 	25.0 	0.0 	0.0 	0.0 	-0.0 	25.0 	0.0 	0.0 	0.0 	6.02857558227	2.84489422531	103.328964166	-20.49035478	
4.01666666667	0.0	0.0	0.0 	0.0 	120.416666667 	25.0 	0.0 	0.0 	0.0 	-0.0 	25.0 	0.0 	0.0 	0.0 	6.04768476733	2.84489422531	103.358432971	-20.5867454974	
4.03333333333	0.0	0.0	0.0 	0.0 	120.833333333 	25.0 	0.0 	0.0 	0.0 	-0.0 	25.0 	0.0 	0.0 	0.0 	6.06670274611	2.84489422531	103.387994445	-20.6834393319	
4.05	0.0	0.0	0.0 	0.0 	121.25 	25.0 	0.0 	0.0 	0.0 	-0.0 	25.0 	0.0 	0.0 	0.0 	6.08562995394	2.84489422531	103.417648147	-20.7804348368	
4.06666666667	0.0	0.0	0.0 	0.0 	121.666666667 	25.0 	0.0 	0.0 	0.0 	-0.0 	25.0 	0.0 	0.0 	0.0 	6.10446682406	2.84489422531	103.447393635	-20.8777305721	
4.08333333333	0.0	0.0	0.0 	0.0 	122.083333333 	25.0 	0.0 	0.0 	0.0 	-0.0 	25.0 	0.0 	0.0 	0.0 	6.12321378764	2.84489422531	103.477230473	-20.975325105	
4.1	0.0	0.0	0.0 	0.0 	122.5 	25.0 	0.0 	0.0 	0.0 	-0.0 	25.0 	0.0 	0.0 	0.0 	6.1418712738	2.84489422531	103.507158224	-21.0732170093	
4.11666666667	0.0	0.0	0.0 	0.0 	122.916666667 	25.0 	0.0 	0.0 	0.0 	-0.0 	25.0 	0.0 	0.0 	0.0 	6.1604397096	2.84489422531	103.537176455	-21.1714048657	
4.13333333333	0.0	0.0	0.0 	0.0 	123.333333333 	25.0 	0.0 	0.0 	0.0 	-0.0 	25.0 	0.0 	0.0 	0.0 	6.17891952007	2.84489422531	103.567284732	-21.2698872616	
4.15	0.0	0.0	0.0 	0.0 	123.75 	25.0 	0.0 	0.0 	0.0 	-0.0 	25.0 	0.0 	0.0 	0.0 	6.19731112821	2.84489422531	103.597482627	-21.3686627912	
4.16666666667	0.0	0.0	0.0 	0.0 	124.166666667 	25.0 	0.0 	0.0 	0.0 	-0.0 	25.0 	0.0 	0.0 	0.0 	6.215614955	2.84489422531	103.627769712	-21.4677300554	
4.18333333333	0.0	0.0	0.0 	0.0 	124.583333333 	25.0 	0.0 	0.0 	0.0 	-0.0 	25.0 	0.0 	0.0 	0.0 	6.23383141942	2.84489422531	103.658145561	-21.5670876618	
4.2	0.0	0.0	0.0 	0.0 	125.0 	25.0 	0.0 	0.0 	0.0 	-0.0 	25.0 	0.0 	0.0 	0.0 	6.25196093844	2.84489422531	103.688609751	-21.6667342246	
4.21666666667	0.0	0.0	0.0 	0.0 	125.416666667 	25.0 	0.0 	0.0 	0.0 	-0.0 	25.0 	0.0 	0.0 	0.0 	6.27000392703	2.84489422531	103.719161859	-21.7666683647	
4.23333333333	0.0	0.0	0.0 	0.0 	125.833333333 	25.0 	0.0 	0.0 	0.0 	-0.0 	25.0 	0.0 	0.0 	0.0 	6.2879607982	2.84489422531	103.749801467	-21.8668887095	
4.25	0.0	0.0	0.0 	0.0 	126.25 	25.0 	0.0 	0.0 	0.0 	-0.0 	25.0 	0.0 	0.0 	0.0 	6.30583196298	2.84489422531	103.780528156	-21.9673938929	
4.26666666667	0.0	0.0	0.0 	0.0 	126.666666667 	25.0 	0.0 	0.0 	0.0 	-0.0 	25.0 	0.0 	0.0 	0.0 	6.32361783044	2.84489422531	103.811341511	-22.0681825555	
4.28333333333	0.0	0.0	0.0 	0.0 	127.083333333 	25.0 	0.0 	0.0 	0.0 	-0.0 	25.0 	0.0 	0.0 	0.0 	6.34131880769	2.84489422531	103.842241118	-22.1692533442	
4.3	0.0	0.0	0.0 	0.0 	127.5 	25.0 	0.0 	0.0 	0.0 	-0.0 	25.0 	0.0 	0.0 	0.0 	6.35893529991	2.84489422531	103.873226566	-22.2706049125	
4.31666666667	0.0	0.0	0.0 	0.0 	127.916666667 	25.0 	0.0 	0.0 	0.0 	-0.0 	25.0 	0.0 	0.0 	0.0 	6.37646771034	2.84489422531	103.904297445	-22.3722359202	
4.33333333333	0.0	0.0	0.0 	0.0 	128.333333333 	25.0 	0.0 	0.0 	0.0 	-0.0 	25.0 	0.0 	0.0 	0.0 	6.39391644028	2.84489422531	103.935453347	-22.4741450336	
4.35	0.0	0.0	0.0 	0.0 	128.75 	25.0 	0.0 	0.0 	0.0 	-0.0 	25.0 	0.0 	0.0 	0.0 	6.41128188914	2.84489422531	103.966693866	-22.5763309254	
4.36666666667	0.0	0.0	0.0 	0.0 	129.166666667 	25.0 	0.0 	0.0 	0.0 	-0.0 	25.0 	0.0 	0.0 	0.0 	6.42856445441	2.84489422531	103.998018599	-22.6787922744	
4.38333333333	0.0	0.0	0.0 	0.0 	129.583333333 	25.0 	0.0 	0.0 	0.0 	-0.0 	25.0 	0.0 	0.0 	0.0 	6.44576453169	2.84489422531	104.029427143	-22.781527766	
4.4	0.0	0.0	0.0 	0.0 	130.0 	25.0 	0.0 	0.0 	0.0 	-0.0 	25.0 	0.0 	0.0 	0.0 	6.46288251468	2.84489422531	104.060919099	-22.8845360917	
4.41666666667	0.0	0.0	0.0 	0.0 	130.416666667 	25.0 	0.0 	0.0 	0.0 	-0.0 	25.0 	0.0 	0.0 	0.0 	6.47991879521	2.84489422531	104.092494068	-22.9878159493	
4.43333333333	0.0	0.0	0.0 	0.0 	130.833333333 	25.0 	0.0 	0.0 	0.0 	-0.0 	25.0 	0.0 	0.0 	0.0 	6.49687376324	2.84489422531	104.124151655	-23.0913660428	
4.45	0.0	0.0	0.0 	0.0 	131.25 	25.0 	0.0 	0.0 	0.0 	-0.0 	25.0 	0.0 	0.0 	0.0 	6.51374780686	2.84489422531	104.155891464	-23.1951850823	
4.46666666667	0.0	0.0	0.0 	0.0 	131.666666667 	25.0 	0.0 	0.0 	0.0 	-0.0 	25.0 	0.0 	0.0 	0.0 	6.53054131233	2.84489422531	104.187713103	-23.2992717844	
4.48333333333	0.0	0.0	0.0 	0.0 	132.083333333 	25.0 	0.0 	0.0 	0.0 	-0.0 	25.0 	0.0 	0.0 	0.0 	6.54725466403	2.84489422531	104.219616183	-23.4036248713	
4.5	0.0	0.0	0.0 	0.0 	132.5 	25.0 	0.0 	0.0 	0.0 	-0.0 	25.0 	0.0 	0.0 	0.0 	6.56388824454	2.84489422531	104.251600314	-23.5082430717	
4.51666666667	0.0	0.0	0.0 	0.0 	132.916666667 	25.0 	0.0 	0.0 	0.0 	-0.0 	25.0 	0.0 	0.0 	0.0 	6.5804424346	2.84489422531	104.283665108	-23.6131251202	
4.53333333333	0.0	0.0	0.0 	0.0 	133.333333333 	25.0 	0.0 	0.0 	0.0 	-0.0 	25.0 	0.0 	0.0 	0.0 	6.59691761312	2.84489422531	104.315810183	-23.7182697575	
4.55	0.0	0.0	0.0 	0.0 	133.75 	25.0 	0.0 	0.0 	0.0 	-0.0 	25.0 	0.0 	0.0 	0.0 	6.61331415723	2.84489422531	104.348035153	-23.8236757303	
4.56666666667	0.0	0.0	0.0 	0.0 	134.166666667 	25.0 	0.0 	0.0 	0.0 	-0.0 	25.0 	0.0 	0.0 	0.0 	6.62963244224	2.84489422531	104.380339638	-23.9293417913	
4.58333333333	0.0	0.0	0.0 	0.0 	134.583333333 	25.0 	0.0 	0.0 	0.0 	-0.0 	25.0 	0.0 	0.0 	0.0 	6.64587284167	2.84489422531	104.412723258	-24.0352666991	
4.6	0.0	0.0	0.0 	0.0 	135.0 	25.0 	0.0 	0.0 	0.0 	-0.0 	25.0 	0.0 	0.0 	0.0 	6.66203572726	2.84489422531	104.445185636	-24.1414492182	
4.61666666667	0.0	0.0	0.0 	0.0 	135.416666667 	25.0 	0.0 	0.0 	0.0 	-0.0 	25.0 	0.0 	0.0 	0.0 	6.67812146898	2.84489422531	104.477726396	-24.247888119	
4.63333333333	0.0	0.0	0.0 	0.0 	135.833333333 	25.0 	0.0 	0.0 	0.0 	-0.0 	25.0 	0.0 	0.0 	0.0 	6.69413043502	2.84489422531	104.510345163	-24.354582178	
4.65	0.0	0.0	0.0 	0.0 	136.25 	25.0 	0.0 	0.0 	0.0 	-0.0 	25.0 	0.0 	0.0 	0.0 	6.71006299184	2.84489422531	104.543041566	-24.4615301772	
4.66666666667	0.0	0.0	0.0 	0.0 	136.666666667 	25.0 	0.0 	0.0 	0.0 	-0.0 	25.0 	0.0 	0.0 	0.0 	6.72591950412	2.84489422531	104.575815233	-24.5687309047	
4.68333333333	0.0	0.0	0.0 	0.0 	137.083333333 	25.0 	0.0 	0.0 	0.0 	-0.0 	25.0 	0.0 	0.0 	0.0 	6.74170033481	2.84489422531	104.608665796	-24.6761831541	
4.7	0.0	0.0	0.0 	0.0 	137.5 	25.0 	0.0 	0.0 	0.0 	-0.0 	25.0 	0.0 	0.0 	0.0 	6.75740584515	2.84489422531	104.641592887	-24.7838857249	
4.71666666667	0.0	0.0	0.0 	0.0 	137.916666667 	25.0 	0.0 	0.0 	0.0 	-0.0 	25.0 	0.0 	0.0 	0.0 	6.77303639462	2.84489422531	104.674596143	-24.8918374225	
4.73333333333	0.0	0.0	0.0 	0.0 	138.333333333 	25.0 	0.0 	0.0 	0.0 	-0.0 	25.0 	0.0 	0.0 	0.0 	6.788592341	2.84489422531	104.707675199	-25.0000370578	
4.75	0.0	0.0	0.0 	0.0 	138.75 	25.0 	0.0 	0.0 	0.0 	-0.0 	25.0 	0.0 	0.0 	0.0 	6.80407404037	2.84489422531	104.740829693	-25.1084834474	
4.76666666667	0.0	0.0	0.0 	0.0 	139.166666667 	25.0 	0.0 	0.0 	0.0 	-0.0 	25.0 	0.0 	0.0 	0.0 	6.81948184711	2.84489422531	104.774059265	-25.2171754135	
4.78333333333	0.0	0.0	0.0 	0.0 	139.583333333 	25.0 	0.0 	0.0 	0.0 	-0.0 	25.0 	0.0 	0.0 	0.0 	6.83481611389	2.84489422531	104.807363557	-25.326111784	
4.8	0.0	0.0	0.0 	0.0 	140.0 	25.0 	0.0 	0.0 	0.0 	-0.0 	25.0 	0.0 	0.0 	0.0 	6.85007719171	2.84489422531	104.840742212	-25.4352913924	
4.81666666667	0.0	0.0	0.0 	0.0 	140.416666667 	25.0 	0.0 	0.0 	0.0 	-0.0 	25.0 	0.0 	0.0 	0.0 	6.86526542991	2.84489422531	104.874194876	-25.5447130779	
4.83333333333	0.0	0.0	0.0 	0.0 	140.833333333 	25.0 	0.0 	0.0 	0.0 	-0.0 	25.0 	0.0 	0.0 	0.0 	6.88038117612	2.84489422531	104.907721195	-25.6543756848	
4.85	0.0	0.0	0.0 	0.0 	141.25 	25.0 	0.0 	0.0 	0.0 	-0.0 	25.0 	0.0 	0.0 	0.0 	6.89542477636	2.84489422531	104.941320817	-25.7642780635	
4.86666666667	0.0	0.0	0.0 	0.0 	141.666666667 	25.0 	0.0 	0.0 	0.0 	-0.0 	25.0 	0.0 	0.0 	0.0 	6.91039657496	2.84489422531	104.974993393	-25.8744190693	
4.88333333333	0.0	0.0	0.0 	0.0 	142.083333333 	25.0 	0.0 	0.0 	0.0 	-0.0 	25.0 	0.0 	0.0 	0.0 	6.92529691464	2.84489422531	105.008738575	-25.9847975635	
4.9	0.0	0.0	0.0 	0.0 	142.5 	25.0 	0.0 	0.0 	0.0 	-0.0 	25.0 	0.0 	0.0 	0.0 	6.94012613645	2.84489422531	105.042556016	-26.0954124125	
4.91666666667	0.0	0.0	0.0 	0.0 	142.916666667 	25.0 	0.0 	0.0 	0.0 	-0.0 	25.0 	0.0 	0.0 	0.0 	6.95488457983	2.84489422531	105.07644537	-26.2062624882	
4.93333333333	0.0	0.0	0.0 	0.0 	143.333333333 	25.0 	0.0 	0.0 	0.0 	-0.0 	25.0 	0.0 	0.0 	0.0 	6.9695725826	2.84489422531	105.110406296	-26.3173466679	
4.95	0.0	0.0	0.0 	0.0 	143.75 	25.0 	0.0 	0.0 	0.0 	-0.0 	25.0 	0.0 	0.0 	0.0 	6.98419048098	2.84489422531	105.144438451	-26.4286638342	
4.96666666667	0.0	0.0	0.0 	0.0 	144.166666667 	25.0 	0.0 	0.0 	0.0 	-0.0 	25.0 	0.0 	0.0 	0.0 	6.99873860955	2.84489422531	105.178541495	-26.5402128752	
4.98333333333	0.0	0.0	0.0 	0.0 	144.583333333 	25.0 	0.0 	0.0 	0.0 	-0.0 	25.0 	0.0 	0.0 	0.0 	7.01321730133	2.84489422531	105.21271509	-26.651992684	
5.0	0.0	0.0	0.0 	0.0 	145.0 	25.0 	0.0 	0.0 	0.0 	-0.0 	25.0 	0.0 	0.0 	0.0 	7.02762688773	2.84489422531	105.246958899	-26.7640021593	
5.01666666667	0.0	0.0	0.0 	0.0 	145.416666667 	25.0 	0.0 	0.0 	0.0 	-0.0 	25.0 	0.0 	0.0 	0.0 	7.04196769858	2.84489422531	105.281272587	-26.8762402049	
5.03333333333	0.0	0.0	0.0 	0.0 	145.833333333 	25.0 	0.0 	0.0 	0.0 	-0.0 	25.0 	0.0 	0.0 	0.0 	7.05624006214	2.84489422531	105.315655821	-26.9887057298	
5.05	0.0	0.0	0.0 	0.0 	146.25 	25.0 	0.0 	0.0 	0.0 	-0.0 	25.0 	0.0 	0.0 	0.0 	7.07044430511	2.84489422531	105.350108268	-27.1013976483	
5.06666666667	0.0	0.0	0.0 	0.0 	146.666666667 	25.0 	0.0 	0.0 	0.0 	-0.0 	25.0 	0.0 	0.0 	0.0 	7.08458075262	2.84489422531	105.384629599	-27.2143148799	
5.08333333333	0.0	0.0	0.0 	0.0 	147.083333333 	25.0 	0.0 	0.0 	0.0 	-0.0 	25.0 	0.0 	0.0 	0.0 	7.09864972824	2.84489422531	105.419219484	-27.3274563491	
5.1	0.0	0.0	0.0 	0.0 	147.5 	25.0 	0.0 	0.0 	0.0 	-0.0 	25.0 	0.0 	0.0 	0.0 	7.11265155402	2.84489422531	105.453877596	-27.4408209857	
5.11666666667	0.0	0.0	0.0 	0.0 	147.916666667 	25.0 	0.0 	0.0 	0.0 	-0.0 	25.0 	0.0 	0.0 	0.0 	7.12658655045	2.84489422531	105.48860361	-27.5544077246	
5.13333333333	0.0	0.0	0.0 	0.0 	148.333333333 	25.0 	0.0 	0.0 	0.0 	-0.0 	25.0 	0.0 	0.0 	0.0 	7.1404550365	2.84489422531	105.523397202	-27.6682155056	
5.15	0.0	0.0	0.0 	0.0 	148.75 	25.0 	0.0 	0.0 	0.0 	-0.0 	25.0 	0.0 	0.0 	0.0 	7.15425732963	2.84489422531	105.558258049	-27.7822432738	
5.16666666667	0.0	0.0	0.0 	0.0 	149.166666667 	25.0 	0.0 	0.0 	0.0 	-0.0 	25.0 	0.0 	0.0 	0.0 	7.16799374576	2.84489422531	105.593185829	-27.8964899792	
5.18333333333	0.0	0.0	0.0 	0.0 	149.583333333 	25.0 	0.0 	0.0 	0.0 	-0.0 	25.0 	0.0 	0.0 	0.0 	7.18166459933	2.84489422531	105.628180224	-28.0109545767	
5.2	0.0	0.0	0.0 	0.0 	150.0 	25.0 	0.0 	0.0 	0.0 	-0.0 	25.0 	0.0 	0.0 	0.0 	7.19527020324	2.84489422531	105.663240916	-28.1256360265	
5.21666666667	0.0	0.0	0.0 	0.0 	150.416666667 	25.0 	0.0 	0.0 	0.0 	-0.0 	25.0 	0.0 	0.0 	0.0 	7.20881086894	2.84489422531	105.698367588	-28.2405332935	
5.23333333333	0.0	0.0	0.0 	0.0 	150.833333333 	25.0 	0.0 	0.0 	0.0 	-0.0 	25.0 	0.0 	0.0 	0.0 	7.22228690636	2.84489422531	105.733559925	-28.3556453476	
5.25	0.0	0.0	0.0 	0.0 	151.25 	25.0 	0.0 	0.0 	0.0 	-0.0 	25.0 	0.0 	0.0 	0.0 	7.23569862397	2.84489422531	105.768817614	-28.4709711638	
5.26666666667	0.0	0.0	0.0 	0.0 	151.666666667 	25.0 	0.0 	0.0 	0.0 	-0.0 	25.0 	0.0 	0.0 	0.0 	7.24904632877	2.84489422531	105.804140343	-28.5865097216	
5.28333333333	0.0	0.0	0.0 	0.0 	152.083333333 	25.0 	0.0 	0.0 	0.0 	-0.0 	25.0 	0.0 	0.0 	0.0 	7.26233032628	2.84489422531	105.839527801	-28.7022600058	
5.3	0.0	0.0	0.0 	0.0 	152.5 	25.0 	0.0 	0.0 	0.0 	-0.0 	25.0 	0.0 	0.0 	0.0 	7.27555092056	2.84489422531	105.87497968	-28.8182210057	
5.31666666667	0.0	0.0	0.0 	0.0 	152.916666667 	25.0 	0.0 	0.0 	0.0 	-0.0 	25.0 	0.0 	0.0 	0.0 	7.28870841425	2.84489422531	105.910495672	-28.9343917157	
5.33333333333	0.0	0.0	0.0 	0.0 	153.333333333 	25.0 	0.0 	0.0 	0.0 	-0.0 	25.0 	0.0 	0.0 	0.0 	7.3018031085	2.84489422531	105.946075471	-29.0507711348	
5.35	0.0	0.0	0.0 	0.0 	153.75 	25.0 	0.0 	0.0 	0.0 	-0.0 	25.0 	0.0 	0.0 	0.0 	7.31483530305	2.84489422531	105.981718772	-29.1673582668	
5.36666666667	0.0	0.0	0.0 	0.0 	154.166666667 	25.0 	0.0 	0.0 	0.0 	-0.0 	25.0 	0.0 	0.0 	0.0 	7.32780529622	2.84489422531	106.017425273	-29.2841521205	
5.38333333333	0.0	0.0	0.0 	0.0 	154.583333333 	25.0 	0.0 	0.0 	0.0 	-0.0 	25.0 	0.0 	0.0 	0.0 	7.34071338487	2.84489422531	106.053194672	-29.4011517091	
5.4	0.0	0.0	0.0 	0.0 	155.0 	25.0 	0.0 	0.0 	0.0 	-0.0 	25.0 	0.0 	0.0 	0.0 	7.35355986448	2.84489422531	106.089026668	-29.5183560506	
5.41666666667	0.0	0.0	0.0 	0.0 	155.416666667 	25.0 	0.0 	0.0 	0.0 	-0.0 	25.0 	0.0 	0.0 	0.0 	7.3663450291	2.84489422531	106.124920963	-29.6357641678	
5.43333333333	0.0	0.0	0.0 	0.0 	155.833333333 	25.0 	0.0 	0.0 	0.0 	-0.0 	25.0 	0.0 	0.0 	0.0 	7.37906917138	2.84489422531	106.16087726	-29.7533750882	
5.45	0.0	0.0	0.0 	0.0 	156.25 	25.0 	0.0 	0.0 	0.0 	-0.0 	25.0 	0.0 	0.0 	0.0 	7.39173258257	2.84489422531	106.196895262	-29.8711878436	
5.46666666667	0.0	0.0	0.0 	0.0 	156.666666667 	25.0 	0.0 	0.0 	0.0 	-0.0 	25.0 	0.0 	0.0 	0.0 	7.40433555254	2.84489422531	106.232974675	-29.9892014709	
5.48333333333	0.0	0.0	0.0 	0.0 	157.083333333 	25.0 	0.0 	0.0 	0.0 	-0.0 	25.0 	0.0 	0.0 	0.0 	7.41687836976	2.84489422531	106.269115206	-30.1074150112	
5.5	0.0	0.0	0.0 	0.0 	157.5 	25.0 	0.0 	0.0 	0.0 	-0.0 	25.0 	0.0 	0.0 	0.0 	7.42936132135	2.84489422531	106.305316563	-30.2258275104	
5.51666666667	0.0	0.0	0.0 	0.0 	157.916666667 	25.0 	0.0 	0.0 	0.0 	-0.0 	25.0 	0.0 	0.0 	0.0 	7.44178469302	2.84489422531	106.341578457	-30.3444380189	
5.53333333333	0.0	0.0	0.0 	0.0 	158.333333333 	25.0 	0.0 	0.0 	0.0 	-0.0 	25.0 	0.0 	0.0 	0.0 	7.45414876916	2.84489422531	106.377900597	-30.4632455916	
5.55	0.0	0.0	0.0 	0.0 	158.75 	25.0 	0.0 	0.0 	0.0 	-0.0 	25.0 	0.0 	0.0 	0.0 	7.46645383277	2.84489422531	106.414282696	-30.582249288	
5.56666666667	0.0	0.0	0.0 	0.0 	159.166666667 	25.0 	0.0 	0.0 	0.0 	-0.0 	25.0 	0.0 	0.0 	0.0 	7.47870016552	2.84489422531	106.450724469	-30.7014481718	
5.58333333333	0.0	0.0	0.0 	0.0 	159.583333333 	25.0 	0.0 	0.0 	0.0 	-0.0 	25.0 	0.0 	0.0 	0.0 	7.49088804771	2.84489422531	106.48722563	-30.8208413117	
5.6	0.0	0.0	0.0 	0.0 	160.0 	25.0 	0.0 	0.0 	0.0 	-0.0 	25.0 	0.0 	0.0 	0.0 	7.50301775834	2.84489422531	106.523785896	-30.9404277803	
5.61666666667	0.0	0.0	0.0 	0.0 	160.416666667 	25.0 	0.0 	0.0 	0.0 	-0.0 	25.0 	0.0 	0.0 	0.0 	7.51508957505	2.84489422531	106.560404984	-31.0602066549	
5.63333333333	0.0	0.0	0.0 	0.0 	160.833333333 	25.0 	0.0 	0.0 	0.0 	-0.0 	25.0 	0.0 	0.0 	0.0 	7.52710377415	2.84489422531	106.597082615	-31.1801770173	
5.65	0.0	0.0	0.0 	0.0 	161.25 	25.0 	0.0 	0.0 	0.0 	-0.0 	25.0 	0.0 	0.0 	0.0 	7.53906063065	2.84489422531	106.633818509	-31.3003379534	
5.66666666667	0.0	0.0	0.0 	0.0 	161.666666667 	25.0 	0.0 	0.0 	0.0 	-0.0 	25.0 	0.0 	0.0 	0.0 	7.55096041825	2.84489422531	106.670612387	-31.4206885536	
5.68333333333	0.0	0.0	0.0 	0.0 	162.083333333 	25.0 	0.0 	0.0 	0.0 	-0.0 	25.0 	0.0 	0.0 	0.0 	7.56280340933	2.84489422531	106.707463973	-31.5412279128	
5.7	0.0	0.0	0.0 	0.0 	162.5 	25.0 	0.0 	0.0 	0.0 	-0.0 	25.0 	0.0 	0.0 	0.0 	7.57458987496	2.84489422531	106.744372992	-31.66195513	
5.71666666667	0.0	0.0	0.0 	0.0 	162.916666667 	25.0 	0.0 	0.0 	0.0 	-0.0 	25.0 	0.0 	0.0 	0.0 	7.58632008495	2.84489422531	106.781339168	-31.7828693085	
5.73333333333	0.0	0.0	0.0 	0.0 	163.333333333 	25.0 	0.0 	0.0 	0.0 	-0.0 	25.0 	0.0 	0.0 	0.0 	7.5979943078	2.84489422531	106.81836223	-31.903969556	
5.75	0.0	0.0	0.0 	0.0 	163.75 	25.0 	0.0 	0.0 	0.0 	-0.0 	25.0 	0.0 	0.0 	0.0 	7.60961281071	2.84489422531	106.855441907	-32.0252549845	
5.76666666667	0.0	0.0	0.0 	0.0 	164.166666667 	25.0 	0.0 	0.0 	0.0 	-0.0 	25.0 	0.0 	0.0 	0.0 	7.62117585966	2.84489422531	106.892577926	-32.14672471	
5.78333333333	0.0	0.0	0.0 	0.0 	164.583333333 	25.0 	0.0 	0.0 	0.0 	-0.0 	25.0 	0.0 	0.0 	0.0 	7.63268371929	2.84489422531	106.929770021	-32.268377853	
5.8	0.0	0.0	0.0 	0.0 	165.0 	25.0 	0.0 	0.0 	0.0 	-0.0 	25.0 	0.0 	0.0 	0.0 	7.64413665304	2.84489422531	106.967017923	-32.3902135379	
5.81666666667	0.0	0.0	0.0 	0.0 	165.416666667 	25.0 	0.0 	0.0 	0.0 	-0.0 	25.0 	0.0 	0.0 	0.0 	7.65553492306	2.84489422531	107.004321366	-32.5122308936	
5.83333333333	0.0	0.0	0.0 	0.0 	165.833333333 	25.0 	0.0 	0.0 	0.0 	-0.0 	25.0 	0.0 	0.0 	0.0 	7.66687879025	2.84489422531	107.041680084	-32.634429053	
5.85	0.0	0.0	0.0 	0.0 	166.25 	25.0 	0.0 	0.0 	0.0 	-0.0 	25.0 	0.0 	0.0 	0.0 	7.67816851427	2.84489422531	107.079093814	-32.7568071531	
5.86666666667	0.0	0.0	0.0 	0.0 	166.666666667 	25.0 	0.0 	0.0 	0.0 	-0.0 	25.0 	0.0 	0.0 	0.0 	7.68940435354	2.84489422531	107.116562294	-32.879364335	
5.88333333333	0.0	0.0	0.0 	0.0 	167.083333333 	25.0 	0.0 	0.0 	0.0 	-0.0 	25.0 	0.0 	0.0 	0.0 	7.70058656524	2.84489422531	107.154085262	-33.002099744	
5.9	0.0	0.0	0.0 	0.0 	167.5 	25.0 	0.0 	0.0 	0.0 	-0.0 	25.0 	0.0 	0.0 	0.0 	7.71171540535	2.84489422531	107.191662458	-33.1250125295	
5.91666666667	0.0	0.0	0.0 	0.0 	167.916666667 	25.0 	0.0 	0.0 	0.0 	-0.0 	25.0 	0.0 	0.0 	0.0 	7.72279112859	2.84489422531	107.229293622	-33.2481018448	
5.93333333333	0.0	0.0	0.0 	0.0 	168.333333333 	25.0 	0.0 	0.0 	0.0 	-0.0 	25.0 	0.0 	0.0 	0.0 	7.73381398848	2.84489422531	107.266978499	-33.3713668475	
5.95	0.0	0.0	0.0 	0.0 	168.75 	25.0 	0.0 	0.0 	0.0 	-0.0 	25.0 	0.0 	0.0 	0.0 	7.74478423734	2.84489422531	107.30471683	-33.4948066989	
5.96666666667	0.0	0.0	0.0 	0.0 	169.166666667 	25.0 	0.0 	0.0 	0.0 	-0.0 	25.0 	0.0 	0.0 	0.0 	7.75570212628	2.84489422531	107.342508362	-33.6184205645	
5.98333333333	0.0	0.0	0.0 	0.0 	169.583333333 	25.0 	0.0 	0.0 	0.0 	-0.0 	25.0 	0.0 	0.0 	0.0 	7.7665679052	2.84489422531	107.38035284	-33.7422076138	
6.0	0.0	0.0	0.0 	0.0 	170.0 	25.0 	0.0 	0.0 	0.0 	-0.0 	25.0 	0.0 	0.0 	0.0 	7.77738182282	2.84489422531	107.418250011	-33.8661670201	
6.01666666667	0.0	0.0	0.0 	0.0 	170.416666667 	25.0 	0.0 	0.0 	0.0 	-0.0 	25.0 	0.0 	0.0 	0.0 	7.78814412667	2.84489422531	107.456199624	-33.9902979609	
6.03333333333	0.0	0.0	0.0 	0.0 	170.833333333 	25.0 	0.0 	0.0 	0.0 	-0.0 	25.0 	0.0 	0.0 	0.0 	7.79885506309	2.84489422531	107.494201428	-34.1145996174	
6.05	0.0	0.0	0.0 	0.0 	171.25 	25.0 	0.0 	0.0 	0.0 	-0.0 	25.0 	0.0 	0.0 	0.0 	7.80951487726	2.84489422531	107.532255176	-34.2390711748	
6.06666666667	0.0	0.0	0.0 	0.0 	171.666666667 	25.0 	0.0 	0.0 	0.0 	-0.0 	25.0 	0.0 	0.0 	0.0 	7.82012381318	2.84489422531	107.570360617	-34.3637118222	
6.08333333333	0.0	0.0	0.0 	0.0 	172.083333333 	25.0 	0.0 	0.0 	0.0 	-0.0 	25.0 	0.0 	0.0 	0.0 	7.83068211369	2.84489422531	107.608517507	-34.4885207526	
6.1	0.0	0.0	0.0 	0.0 	172.5 	25.0 	0.0 	0.0 	0.0 	-0.0 	25.0 	0.0 	0.0 	0.0 	7.84119002046	2.84489422531	107.646725599	-34.6134971627	
6.11666666667	0.0	0.0	0.0 	0.0 	172.916666667 	25.0 	0.0 	0.0 	0.0 	-0.0 	25.0 	0.0 	0.0 	0.0 	7.85164777402	2.84489422531	107.684984649	-34.7386402531	
6.13333333333	0.0	0.0	0.0 	0.0 	173.333333333 	25.0 	0.0 	0.0 	0.0 	-0.0 	25.0 	0.0 	0.0 	0.0 	7.86205561374	2.84489422531	107.723294414	-34.8639492284	
6.15	0.0	0.0	0.0 	0.0 	173.75 	25.0 	0.0 	0.0 	0.0 	-0.0 	25.0 	0.0 	0.0 	0.0 	7.87241377786	2.84489422531	107.761654651	-34.9894232968	
6.16666666667	0.0	0.0	0.0 	0.0 	174.166666667 	25.0 	0.0 	0.0 	0.0 	-0.0 	25.0 	0.0 	0.0 	0.0 	7.88272250348	2.84489422531	107.80006512	-35.1150616702	
6.18333333333	0.0	0.0	0.0 	0.0 	174.583333333 	25.0 	0.0 	0.0 	0.0 	-0.0 	25.0 	0.0 	0.0 	0.0 	7.89298202656	2.84489422531	107.838525581	-35.2408635646	
6.2	0.0	0.0	0.0 	0.0 	175.0 	25.0 	0.0 	0.0 	0.0 	-0.0 	25.0 	0.0 	0.0 	0.0 	7.90319258194	2.84489422531	107.877035796	-35.3668281993	
6.21666666667	0.0	0.0	0.0 	0.0 	175.416666667 	25.0 	0.0 	0.0 	0.0 	-0.0 	25.0 	0.0 	0.0 	0.0 	7.91335440333	2.84489422531	107.915595526	-35.4929547978	
6.23333333333	0.0	0.0	0.0 	0.0 	175.833333333 	25.0 	0.0 	0.0 	0.0 	-0.0 	25.0 	0.0 	0.0 	0.0 	7.92346772335	2.84489422531	107.954204536	-35.6192425869	
6.25	0.0	0.0	0.0 	0.0 	176.25 	25.0 	0.0 	0.0 	0.0 	-0.0 	25.0 	0.0 	0.0 	0.0 	7.93353277347	2.84489422531	107.99286259	-35.7456907973	
6.26666666667	0.0	0.0	0.0 	0.0 	176.666666667 	25.0 	0.0 	0.0 	0.0 	-0.0 	25.0 	0.0 	0.0 	0.0 	7.9435497841	2.84489422531	108.031569455	-35.8722986632	
6.28333333333	0.0	0.0	0.0 	0.0 	177.083333333 	25.0 	0.0 	0.0 	0.0 	-0.0 	25.0 	0.0 	0.0 	0.0 	7.95351898452	2.84489422531	108.070324897	-35.9990654228	
6.3	0.0	0.0	0.0 	0.0 	177.5 	25.0 	0.0 	0.0 	0.0 	-0.0 	25.0 	0.0 	0.0 	0.0 	7.96344060291	2.84489422531	108.109128684	-36.1259903176	
6.31666666667	0.0	0.0	0.0 	0.0 	177.916666667 	25.0 	0.0 	0.0 	0.0 	-0.0 	25.0 	0.0 	0.0 	0.0 	7.97331486639	2.84489422531	108.147980587	-36.2530725929	
6.33333333333	0.0	0.0	0.0 	0.0 	178.333333333 	25.0 	0.0 	0.0 	0.0 	-0.0 	25.0 	0.0 	0.0 	0.0 	7.98314200098	2.84489422531	108.186880374	-36.3803114974	
6.35	0.0	0.0	0.0 	0.0 	178.75 	25.0 	0.0 	0.0 	0.0 	-0.0 	25.0 	0.0 	0.0 	0.0 	7.99292223161	2.84489422531	108.225827818	-36.5077062837	
6.36666666667	0.0	0.0	0.0 	0.0 	179.166666667 	25.0 	0.0 	0.0 	0.0 	-0.0 	25.0 	0.0 	0.0 	0.0 	8.00265578216	2.84489422531	108.264822691	-36.6352562076	
6.38333333333	0.0	0.0	0.0 	0.0 	179.583333333 	25.0 	0.0 	0.0 	0.0 	-0.0 	25.0 	0.0 	0.0 	0.0 	8.01234287543	2.84489422531	108.303864766	-36.7629605288	
6.4	0.0	0.0	0.0 	0.0 	180.0 	25.0 	0.0 	0.0 	0.0 	-0.0 	25.0 	0.0 	0.0 	0.0 	8.02198373314	2.84489422531	108.342953819	-36.8908185103	
6.41666666667	0.0	0.0	0.0 	0.0 	180.416666667 	25.0 	0.0 	0.0 	0.0 	-0.0 	25.0 	0.0 	0.0 	0.0 	8.03157857599	2.84489422531	108.382089626	-37.0188294188	
6.43333333333	0.0	0.0	0.0 	0.0 	180.833333333 	25.0 	0.0 	0.0 	0.0 	-0.0 	25.0 	0.0 	0.0 	0.0 	8.04112762359	2.84489422531	108.421271962	-37.1469925242	
6.45	0.0	0.0	0.0 	0.0 	181.25 	25.0 	0.0 	0.0 	0.0 	-0.0 	25.0 	0.0 	0.0 	0.0 	8.05063109451	2.84489422531	108.460500606	-37.2753071002	
6.46666666667	0.0	0.0	0.0 	0.0 	181.666666667 	25.0 	0.0 	0.0 	0.0 	-0.0 	25.0 	0.0 	0.0 	0.0 	8.0600892063	2.84489422531	108.499775337	-37.4037724239	
6.48333333333	0.0	0.0	0.0 	0.0 	182.083333333 	25.0 	0.0 	0.0 	0.0 	-0.0 	25.0 	0.0 	0.0 	0.0 	8.06950217545	2.84489422531	108.539095935	-37.5323877757	
6.5	0.0	0.0	0.0 	0.0 	182.5 	25.0 	0.0 	0.0 	0.0 	-0.0 	25.0 	0.0 	0.0 	0.0 	8.07887021741	2.84489422531	108.578462181	-37.6611524396	
6.51666666667	0.0	0.0	0.0 	0.0 	182.916666667 	25.0 	0.0 	0.0 	0.0 	-0.0 	25.0 	0.0 	0.0 	0.0 	8.08819354663	2.84489422531	108.617873858	-37.7900657029	
6.53333333333	0.0	0.0	0.0 	0.0 	183.333333333 	25.0 	0.0 	0.0 	0.0 	-0.0 	25.0 	0.0 	0.0 	0.0 	8.09747237651	2.84489422531	108.657330747	-37.9191268563	
6.55	0.0	0.0	0.0 	0.0 	183.75 	25.0 	0.0 	0.0 	0.0 	-0.0 	25.0 	0.0 	0.0 	0.0 	8.10670691944	2.84489422531	108.696832635	-38.048335194	
6.56666666667	0.0	0.0	0.0 	0.0 	184.166666667 	25.0 	0.0 	0.0 	0.0 	-0.0 	25.0 	0.0 	0.0 	0.0 	8.11589738679	2.84489422531	108.736379305	-38.1776900136	
6.58333333333	0.0	0.0	0.0 	0.0 	184.583333333 	25.0 	0.0 	0.0 	0.0 	-0.0 	25.0 	0.0 	0.0 	0.0 	8.12504398895	2.84489422531	108.775970544	-38.3071906157	
6.6	0.0	0.0	0.0 	0.0 	185.0 	25.0 	0.0 	0.0 	0.0 	-0.0 	25.0 	0.0 	0.0 	0.0 	8.13414693527	2.84489422531	108.815606139	-38.4368363048	
6.61666666667	0.0	0.0	0.0 	0.0 	185.416666667 	25.0 	0.0 	0.0 	0.0 	-0.0 	25.0 	0.0 	0.0 	0.0 	8.14320643412	2.84489422531	108.855285879	-38.5666263882	
6.63333333333	0.0	0.0	0.0 	0.0 	185.833333333 	25.0 	0.0 	0.0 	0.0 	-0.0 	25.0 	0.0 	0.0 	0.0 	8.15222269286	2.84489422531	108.895009553	-38.6965601768	
6.65	0.0	0.0	0.0 	0.0 	186.25 	25.0 	0.0 	0.0 	0.0 	-0.0 	25.0 	0.0 	0.0 	0.0 	8.16119591788	2.84489422531	108.934776951	-38.8266369846	
6.66666666667	0.0	0.0	0.0 	0.0 	186.666666667 	25.0 	0.0 	0.0 	0.0 	-0.0 	25.0 	0.0 	0.0 	0.0 	8.17012631458	2.84489422531	108.974587864	-38.9568561292	
6.68333333333	0.0	0.0	0.0 	0.0 	187.083333333 	25.0 	0.0 	0.0 	0.0 	-0.0 	25.0 	0.0 	0.0 	0.0 	8.17901408737	2.84489422531	109.014442086	-39.0872169311	
6.7	0.0	0.0	0.0 	0.0 	187.5 	25.0 	0.0 	0.0 	0.0 	-0.0 	25.0 	0.0 	0.0 	0.0 	8.18785943968	2.84489422531	109.054339408	-39.2177187141	
6.71666666667	0.0	0.0	0.0 	0.0 	187.916666667 	25.0 	0.0 	0.0 	0.0 	-0.0 	25.0 	0.0 	0.0 	0.0 	8.196662574	2.84489422531	109.094279626	-39.3483608055	
6.73333333333	0.0	0.0	0.0 	0.0 	188.333333333 	25.0 	0.0 	0.0 	0.0 	-0.0 	25.0 	0.0 	0.0 	0.0 	8.20542369181	2.84489422531	109.134262534	-39.4791425355	
6.75	0.0	0.0	0.0 	0.0 	188.75 	25.0 	0.0 	0.0 	0.0 	-0.0 	25.0 	0.0 	0.0 	0.0 	8.21414299367	2.84489422531	109.17428793	-39.6100632377	
6.76666666667	0.0	0.0	0.0 	0.0 	189.166666667 	25.0 	0.0 	0.0 	0.0 	-0.0 	25.0 	0.0 	0.0 	0.0 	8.22282067915	2.84489422531	109.214355609	-39.7411222487	
6.78333333333	0.0	0.0	0.0 	0.0 	189.583333333 	25.0 	0.0 	0.0 	0.0 	-0.0 	25.0 	0.0 	0.0 	0.0 	8.23145694688	2.84489422531	109.254465371	-39.8723189084	
6.8	0.0	0.0	0.0 	0.0 	190.0 	25.0 	0.0 	0.0 	0.0 	-0.0 	25.0 	0.0 	0.0 	0.0 	8.24005199456	2.84489422531	109.294617015	-40.0036525599	
6.81666666667	0.0	0.0	0.0 	0.0 	190.416666667 	25.0 	0.0 	0.0 	0.0 	-0.0 	25.0 	0.0 	0.0 	0.0 	8.24860601891	2.84489422531	109.334810339	-40.1351225492	
6.83333333333	0.0	0.0	0.0 	0.0 	190.833333333 	25.0 	0.0 	0.0 	0.0 	-0.0 	25.0 	0.0 	0.0 	0.0 	8.25711921574	2.84489422531	109.375045147	-40.2667282257	
6.85	0.0	0.0	0.0 	0.0 	191.25 	25.0 	0.0 	0.0 	0.0 	-0.0 	25.0 	0.0 	0.0 	0.0 	8.26559177992	2.84489422531	109.415321239	-40.3984689417	
6.86666666667	0.0	0.0	0.0 	0.0 	191.666666667 	25.0 	0.0 	0.0 	0.0 	-0.0 	25.0 	0.0 	0.0 	0.0 	8.27402390537	2.84489422531	109.455638419	-40.5303440528	
6.88333333333	0.0	0.0	0.0 	0.0 	192.083333333 	25.0 	0.0 	0.0 	0.0 	-0.0 	25.0 	0.0 	0.0 	0.0 	8.28241578511	2.84489422531	109.49599649	-40.6623529174	
6.9	0.0	0.0	0.0 	0.0 	192.5 	25.0 	0.0 	0.0 	0.0 	-0.0 	25.0 	0.0 	0.0 	0.0 	8.29076761123	2.84489422531	109.536395257	-40.7944948971	
6.91666666667	0.0	0.0	0.0 	0.0 	192.916666667 	25.0 	0.0 	0.0 	0.0 	-0.0 	25.0 	0.0 	0.0 	0.0 	8.29907957491	2.84489422531	109.576834526	-40.9267693567	
6.93333333333	0.0	0.0	0.0 	0.0 	193.333333333 	25.0 	0.0 	0.0 	0.0 	-0.0 	25.0 	0.0 	0.0 	0.0 	8.30735186639	2.84489422531	109.617314105	-41.0591756637	
6.95	0.0	0.0	0.0 	0.0 	193.75 	25.0 	0.0 	0.0 	0.0 	-0.0 	25.0 	0.0 	0.0 	0.0 	8.31558467503	2.84489422531	109.657833799	-41.191713189	
6.96666666667	0.0	0.0	0.0 	0.0 	194.166666667 	25.0 	0.0 	0.0 	0.0 	-0.0 	25.0 	0.0 	0.0 	0.0 	8.32377818929	2.84489422531	109.698393419	-41.3243813062	
6.98333333333	0.0	0.0	0.0 	0.0 	194.583333333 	25.0 	0.0 	0.0 	0.0 	-0.0 	25.0 	0.0 	0.0 	0.0 	8.3319325967	2.84489422531	109.738992772	-41.457179392	
7.0	0.0	0.0	0.0 	0.0 	195.0 	25.0 	0.0 	0.0 	0.0 	-0.0 	25.0 	0.0 	0.0 	0.0 	8.34004808392	2.84489422531	109.779631671	-41.590106826	
7.01666666667	0.0	0.0	0.0 	0.0 	195.416666667 	25.0 	0.0 	0.0 	0.0 	-0.0 	25.0 	0.0 	0.0 	0.0 	8.34812483671	2.84489422531	109.820309925	-41.723162991	
7.03333333333	0.0	0.0	0.0 	0.0 	195.833333333 	25.0 	0.0 	0.0 	0.0 	-0.0 	25.0 	0.0 	0.0 	0.0 	8.35616303996	2.84489422531	109.861027347	-41.8563472725	
7.05	0.0	0.0	0.0 	0.0 	196.25 	25.0 	0.0 	0.0 	0.0 	-0.0 	25.0 	0.0 	0.0 	0.0 	8.36416287764	2.84489422531	109.901783751	-41.989659059	
7.06666666667	0.0	0.0	0.0 	0.0 	196.666666667 	25.0 	0.0 	0.0 	0.0 	-0.0 	25.0 	0.0 	0.0 	0.0 	8.37212453288	2.84489422531	109.942578949	-42.1230977419	
7.08333333333	0.0	0.0	0.0 	0.0 	197.083333333 	25.0 	0.0 	0.0 	0.0 	-0.0 	25.0 	0.0 	0.0 	0.0 	8.38004818792	2.84489422531	109.983412758	-42.2566627156	
7.1	0.0	0.0	0.0 	0.0 	197.5 	25.0 	0.0 	0.0 	0.0 	-0.0 	25.0 	0.0 	0.0 	0.0 	8.38793402413	2.84489422531	110.024284992	-42.3903533773	
7.11666666667	0.0	0.0	0.0 	0.0 	197.916666667 	25.0 	0.0 	0.0 	0.0 	-0.0 	25.0 	0.0 	0.0 	0.0 	8.39578222201	2.84489422531	110.065195469	-42.5241691271	
7.13333333333	0.0	0.0	0.0 	0.0 	198.333333333 	25.0 	0.0 	0.0 	0.0 	-0.0 	25.0 	0.0 	0.0 	0.0 	8.40359296121	2.84489422531	110.106144005	-42.658109368	
7.15	0.0	0.0	0.0 	0.0 	198.75 	25.0 	0.0 	0.0 	0.0 	-0.0 	25.0 	0.0 	0.0 	0.0 	8.41136642052	2.84489422531	110.147130419	-42.7921735057	
7.16666666667	0.0	0.0	0.0 	0.0 	199.166666667 	25.0 	0.0 	0.0 	0.0 	-0.0 	25.0 	0.0 	0.0 	0.0 	8.41910277787	2.84489422531	110.18815453	-42.926360949	
7.18333333333	0.0	0.0	0.0 	0.0 	199.583333333 	25.0 	0.0 	0.0 	0.0 	-0.0 	25.0 	0.0 	0.0 	0.0 	8.42680221034	2.84489422531	110.229216159	-43.0606711094	
7.2	0.0	0.0	0.0 	0.0 	200.0 	25.0 	0.0 	0.0 	0.0 	-0.0 	25.0 	0.0 	0.0 	0.0 	8.43446489417	2.84489422531	110.270315126	-43.195103401	
7.21666666667	0.0	0.0	0.0 	0.0 	200.416666667 	25.0 	0.0 	0.0 	0.0 	-0.0 	25.0 	0.0 	0.0 	0.0 	8.44209100476	2.84489422531	110.311451254	-43.329657241	
7.23333333333	0.0	0.0	0.0 	0.0 	200.833333333 	25.0 	0.0 	0.0 	0.0 	-0.0 	25.0 	0.0 	0.0 	0.0 	8.44968071667	2.84489422531	110.352624363	-43.4643320492	
7.25	0.0	0.0	0.0 	0.0 	201.25 	25.0 	0.0 	0.0 	0.0 	-0.0 	25.0 	0.0 	0.0 	0.0 	8.45723420362	2.84489422531	110.393834279	-43.5991272483	
7.26666666667	0.0	0.0	0.0 	0.0 	201.666666667 	25.0 	0.0 	0.0 	0.0 	-0.0 	25.0 	0.0 	0.0 	0.0 	8.46475163853	2.84489422531	110.435080826	-43.7340422637	
7.28333333333	0.0	0.0	0.0 	0.0 	202.083333333 	25.0 	0.0 	0.0 	0.0 	-0.0 	25.0 	0.0 	0.0 	0.0 	8.47223319345	2.84489422531	110.476363828	-43.8690765234	
7.3	0.0	0.0	0.0 	0.0 	202.5 	25.0 	0.0 	0.0 	0.0 	-0.0 	25.0 	0.0 	0.0 	0.0 	8.47967903964	2.84489422531	110.517683112	-44.0042294584	
7.31666666667	0.0	0.0	0.0 	0.0 	202.916666667 	25.0 	0.0 	0.0 	0.0 	-0.0 	25.0 	0.0 	0.0 	0.0 	8.48708934753	2.84489422531	110.559038505	-44.1395005022	
7.33333333333	0.0	0.0	0.0 	0.0 	203.333333333 	25.0 	0.0 	0.0 	0.0 	-0.0 	25.0 	0.0 	0.0 	0.0 	8.49446428675	2.84489422531	110.600429833	-44.2748890911	
7.35	0.0	0.0	0.0 	0.0 	203.75 	25.0 	0.0 	0.0 	0.0 	-0.0 	25.0 	0.0 	0.0 	0.0 	8.5018040261	2.84489422531	110.641856927	-44.410394664	
7.36666666667	0.0	0.0	0.0 	0.0 	204.166666667 	25.0 	0.0 	0.0 	0.0 	-0.0 	25.0 	0.0 	0.0 	0.0 	8.5091087336	2.84489422531	110.683319614	-44.5460166627	
7.38333333333	0.0	0.0	0.0 	0.0 	204.583333333 	25.0 	0.0 	0.0 	0.0 	-0.0 	25.0 	0.0 	0.0 	0.0 	8.51637857644	2.84489422531	110.724817725	-44.6817545314	
7.4	0.0	0.0	0.0 	0.0 	205.0 	25.0 	0.0 	0.0 	0.0 	-0.0 	25.0 	0.0 	0.0 	0.0 	8.52361372104	2.84489422531	110.766351091	-44.8176077171	
7.41666666667	0.0	0.0	0.0 	0.0 	205.416666667 	25.0 	0.0 	0.0 	0.0 	-0.0 	25.0 	0.0 	0.0 	0.0 	8.53081433299	2.84489422531	110.807919544	-44.9535756693	
7.43333333333	0.0	0.0	0.0 	0.0 	205.833333333 	25.0 	0.0 	0.0 	0.0 	-0.0 	25.0 	0.0 	0.0 	0.0 	8.53798057713	2.84489422531	110.849522917	-45.0896578404	
7.45	0.0	0.0	0.0 	0.0 	206.25 	25.0 	0.0 	0.0 	0.0 	-0.0 	25.0 	0.0 	0.0 	0.0 	8.54511261748	2.84489422531	110.891161042	-45.2258536852	
7.46666666667	0.0	0.0	0.0 	0.0 	206.666666667 	25.0 	0.0 	0.0 	0.0 	-0.0 	25.0 	0.0 	0.0 	0.0 	8.55221061731	2.84489422531	110.932833753	-45.362162661	
7.48333333333	0.0	0.0	0.0 	0.0 	207.083333333 	25.0 	0.0 	0.0 	0.0 	-0.0 	25.0 	0.0 	0.0 	0.0 	8.55927473907	2.84489422531	110.974540886	-45.4985842281	
7.5	0.0	0.0	0.0 	0.0 	207.5 	25.0 	0.0 	0.0 	0.0 	-0.0 	25.0 	0.0 	0.0 	0.0 	8.56630514448	2.84489422531	111.016282277	-45.6351178488	
7.51666666667	0.0	0.0	0.0 	0.0 	207.916666667 	25.0 	0.0 	0.0 	0.0 	-0.0 	25.0 	0.0 	0.0 	0.0 	8.57330199444	2.84489422531	111.058057761	-45.7717629885	
7.53333333333	0.0	0.0	0.0 	0.0 	208.333333333 	25.0 	0.0 	0.0 	0.0 	-0.0 	25.0 	0.0 	0.0 	0.0 	8.58026544912	2.84489422531	111.099867177	-45.9085191149	
7.55	0.0	0.0	0.0 	0.0 	208.75 	25.0 	0.0 	0.0 	0.0 	-0.0 	25.0 	0.0 	0.0 	0.0 	8.58719566792	2.84489422531	111.141710361	-46.0453856982	
7.56666666667	0.0	0.0	0.0 	0.0 	209.166666667 	25.0 	0.0 	0.0 	0.0 	-0.0 	25.0 	0.0 	0.0 	0.0 	8.59409280946	2.84489422531	111.183587154	-46.1823622113	
7.58333333333	0.0	0.0	0.0 	0.0 	209.583333333 	25.0 	0.0 	0.0 	0.0 	-0.0 	25.0 	0.0 	0.0 	0.0 	8.60095703161	2.84489422531	111.225497394	-46.3194481294	
7.6	0.0	0.0	0.0 	0.0 	210.0 	25.0 	0.0 	0.0 	0.0 	-0.0 	25.0 	0.0 	0.0 	0.0 	8.60778849151	2.84489422531	111.267440923	-46.4566429304	
7.61666666667	0.0	0.0	0.0 	0.0 	210.416666667 	25.0 	0.0 	0.0 	0.0 	-0.0 	25.0 	0.0 	0.0 	0.0 	8.61458734552	2.84489422531	111.30941758	-46.5939460946	
7.63333333333	0.0	0.0	0.0 	0.0 	210.833333333 	25.0 	0.0 	0.0 	0.0 	-0.0 	25.0 	0.0 	0.0 	0.0 	8.62135374925	2.84489422531	111.351427208	-46.7313571048	
7.65	0.0	0.0	0.0 	0.0 	211.25 	25.0 	0.0 	0.0 	0.0 	-0.0 	25.0 	0.0 	0.0 	0.0 	8.62808785761	2.84489422531	111.39346965	-46.8688754462	
7.66666666667	0.0	0.0	0.0 	0.0 	211.666666667 	25.0 	0.0 	0.0 	0.0 	-0.0 	25.0 	0.0 	0.0 	0.0 	8.63478982473	2.84489422531	111.435544748	-47.0065006065	
7.68333333333	0.0	0.0	0.0 	0.0 	212.083333333 	25.0 	0.0 	0.0 	0.0 	-0.0 	25.0 	0.0 	0.0 	0.0 	8.64145980401	2.84489422531	111.477652348	-47.1442320761	
7.7	0.0	0.0	0.0 	0.0 	212.5 	25.0 	0.0 	0.0 	0.0 	-0.0 	25.0 	0.0 	0.0 	0.0 	8.64809794813	2.84489422531	111.519792294	-47.2820693473	
7.71666666667	0.0	0.0	0.0 	0.0 	212.916666667 	25.0 	0.0 	0.0 	0.0 	-0.0 	25.0 	0.0 	0.0 	0.0 	8.65470440904	2.84489422531	111.561964431	-47.4200119153	
7.73333333333	0.0	0.0	0.0 	0.0 	213.333333333 	25.0 	0.0 	0.0 	0.0 	-0.0 	25.0 	0.0 	0.0 	0.0 	8.66127933796	2.84489422531	111.604168606	-47.5580592774	
7.75	0.0	0.0	0.0 	0.0 	213.75 	25.0 	0.0 	0.0 	0.0 	-0.0 	25.0 	0.0 	0.0 	0.0 	8.66782288538	2.84489422531	111.646404667	-47.6962109335	
7.76666666667	0.0	0.0	0.0 	0.0 	214.166666667 	25.0 	0.0 	0.0 	0.0 	-0.0 	25.0 	0.0 	0.0 	0.0 	8.67433520109	2.84489422531	111.68867246	-47.8344663859	
7.78333333333	0.0	0.0	0.0 	0.0 	214.583333333 	25.0 	0.0 	0.0 	0.0 	-0.0 	25.0 	0.0 	0.0 	0.0 	8.68081643416	2.84489422531	111.730971834	-47.9728251391	
7.8	0.0	0.0	0.0 	0.0 	215.0 	25.0 	0.0 	0.0 	0.0 	-0.0 	25.0 	0.0 	0.0 	0.0 	8.68726673294	2.84489422531	111.773302639	-48.1112867	
7.81666666667	0.0	0.0	0.0 	0.0 	215.416666667 	25.0 	0.0 	0.0 	0.0 	-0.0 	25.0 	0.0 	0.0 	0.0 	8.69368624507	2.84489422531	111.815664725	-48.249850578	
7.83333333333	0.0	0.0	0.0 	0.0 	215.833333333 	25.0 	0.0 	0.0 	0.0 	-0.0 	25.0 	0.0 	0.0 	0.0 	8.70007511749	2.84489422531	111.858057942	-48.3885162847	
7.85	0.0	0.0	0.0 	0.0 	216.25 	25.0 	0.0 	0.0 	0.0 	-0.0 	25.0 	0.0 	0.0 	0.0 	8.70643349645	2.84489422531	111.900482142	-48.5272833341	
7.86666666667	0.0	0.0	0.0 	0.0 	216.666666667 	25.0 	0.0 	0.0 	0.0 	-0.0 	25.0 	0.0 	0.0 	0.0 	8.71276152749	2.84489422531	111.942937177	-48.6661512425	
7.88333333333	0.0	0.0	0.0 	0.0 	217.083333333 	25.0 	0.0 	0.0 	0.0 	-0.0 	25.0 	0.0 	0.0 	0.0 	8.71905935546	2.84489422531	111.985422899	-48.8051195285	
7.9	0.0	0.0	0.0 	0.0 	217.5 	25.0 	0.0 	0.0 	0.0 	-0.0 	25.0 	0.0 	0.0 	0.0 	8.72532712451	2.84489422531	112.027939162	-48.9441877131	
7.91666666667	0.0	0.0	0.0 	0.0 	217.916666667 	25.0 	0.0 	0.0 	0.0 	-0.0 	25.0 	0.0 	0.0 	0.0 	8.73156497811	2.84489422531	112.070485821	-49.0833553193	
7.93333333333	0.0	0.0	0.0 	0.0 	218.333333333 	25.0 	0.0 	0.0 	0.0 	-0.0 	25.0 	0.0 	0.0 	0.0 	8.73777305905	2.84489422531	112.113062731	-49.2226218728	
7.95	0.0	0.0	0.0 	0.0 	218.75 	25.0 	0.0 	0.0 	0.0 	-0.0 	25.0 	0.0 	0.0 	0.0 	8.74395150942	2.84489422531	112.155669746	-49.3619869011	
7.96666666667	0.0	0.0	0.0 	0.0 	219.166666667 	25.0 	0.0 	0.0 	0.0 	-0.0 	25.0 	0.0 	0.0 	0.0 	8.75010047065	2.84489422531	112.198306724	-49.5014499344	
7.98333333333	0.0	0.0	0.0 	0.0 	219.583333333 	25.0 	0.0 	0.0 	0.0 	-0.0 	25.0 	0.0 	0.0 	0.0 	8.7562200835	2.84489422531	112.240973521	-49.6410105048	
8.0	0.0	0.0	0.0 	0.0 	220.0 	25.0 	0.0 	0.0 	0.0 	-0.0 	25.0 	0.0 	0.0 	0.0 	8.76231048802	2.84489422531	112.283669995	-49.7806681468	
8.01666666667	0.0	0.0	0.0 	0.0 	220.416666667 	25.0 	0.0 	0.0 	0.0 	-0.0 	25.0 	0.0 	0.0 	0.0 	8.76837182365	2.84489422531	112.326396004	-49.9204223971	
8.03333333333	0.0	0.0	0.0 	0.0 	220.833333333 	25.0 	0.0 	0.0 	0.0 	-0.0 	25.0 	0.0 	0.0 	0.0 	8.77440422911	2.84489422531	112.369151408	-50.0602727946	
8.05	0.0	0.0	0.0 	0.0 	221.25 	25.0 	0.0 	0.0 	0.0 	-0.0 	25.0 	0.0 	0.0 	0.0 	8.78040784249	2.84489422531	112.411936065	-50.2002188804	
8.06666666667	0.0	0.0	0.0 	0.0 	221.666666667 	25.0 	0.0 	0.0 	0.0 	-0.0 	25.0 	0.0 	0.0 	0.0 	8.78638280121	2.84489422531	112.454749837	-50.3402601978	
8.08333333333	0.0	0.0	0.0 	0.0 	222.083333333 	25.0 	0.0 	0.0 	0.0 	-0.0 	25.0 	0.0 	0.0 	0.0 	8.79232924203	2.84489422531	112.497592585	-50.4803962922	
8.1	0.0	0.0	0.0 	0.0 	222.5 	25.0 	0.0 	0.0 	0.0 	-0.0 	25.0 	0.0 	0.0 	0.0 	8.79824730108	2.84489422531	112.54046417	-50.6206267112	
8.11666666667	0.0	0.0	0.0 	0.0 	222.916666667 	25.0 	0.0 	0.0 	0.0 	-0.0 	25.0 	0.0 	0.0 	0.0 	8.8041371138	2.84489422531	112.583364454	-50.7609510048	
8.13333333333	0.0	0.0	0.0 	0.0 	223.333333333 	25.0 	0.0 	0.0 	0.0 	-0.0 	25.0 	0.0 	0.0 	0.0 	8.80999881503	2.84489422531	112.626293301	-50.9013687248	
8.15	0.0	0.0	0.0 	0.0 	223.75 	25.0 	0.0 	0.0 	0.0 	-0.0 	25.0 	0.0 	0.0 	0.0 	8.81583253893	2.84489422531	112.669250574	-51.0418794253	
8.16666666667	0.0	0.0	0.0 	0.0 	224.166666667 	25.0 	0.0 	0.0 	0.0 	-0.0 	25.0 	0.0 	0.0 	0.0 	8.82163841904	2.84489422531	112.712236137	-51.1824826626	
8.18333333333	0.0	0.0	0.0 	0.0 	224.583333333 	25.0 	0.0 	0.0 	0.0 	-0.0 	25.0 	0.0 	0.0 	0.0 	8.82741658825	2.84489422531	112.755249856	-51.3231779948	
8.2	0.0	0.0	0.0 	0.0 	225.0 	25.0 	0.0 	0.0 	0.0 	-0.0 	25.0 	0.0 	0.0 	0.0 	8.83316717882	2.84489422531	112.798291597	-51.4639649826	
8.21666666667	0.0	0.0	0.0 	0.0 	225.416666667 	25.0 	0.0 	0.0 	0.0 	-0.0 	25.0 	0.0 	0.0 	0.0 	8.83889032238	2.84489422531	112.841361224	-51.6048431885	
8.23333333333	0.0	0.0	0.0 	0.0 	225.833333333 	25.0 	0.0 	0.0 	0.0 	-0.0 	25.0 	0.0 	0.0 	0.0 	8.84458614995	2.84489422531	112.884458606	-51.7458121769	
8.25	0.0	0.0	0.0 	0.0 	226.25 	25.0 	0.0 	0.0 	0.0 	-0.0 	25.0 	0.0 	0.0 	0.0 	8.85025479188	2.84489422531	112.92758361	-51.8868715148	
8.26666666667	0.0	0.0	0.0 	0.0 	226.666666667 	25.0 	0.0 	0.0 	0.0 	-0.0 	25.0 	0.0 	0.0 	0.0 	8.85589637794	2.84489422531	112.970736104	-52.0280207708	
8.28333333333	0.0	0.0	0.0 	0.0 	227.083333333 	25.0 	0.0 	0.0 	0.0 	-0.0 	25.0 	0.0 	0.0 	0.0 	8.86151103726	2.84489422531	113.013915956	-52.1692595157	
8.3	0.0	0.0	0.0 	0.0 	227.5 	25.0 	0.0 	0.0 	0.0 	-0.0 	25.0 	0.0 	0.0 	0.0 	8.86709889836	2.84489422531	113.057123037	-52.3105873225	
8.31666666667	0.0	0.0	0.0 	0.0 	227.916666667 	25.0 	0.0 	0.0 	0.0 	-0.0 	25.0 	0.0 	0.0 	0.0 	8.87266008914	2.84489422531	113.100357216	-52.452003766	
8.33333333333	0.0	0.0	0.0 	0.0 	228.333333333 	25.0 	0.0 	0.0 	0.0 	-0.0 	25.0 	0.0 	0.0 	0.0 	8.87819473691	2.84489422531	113.143618364	-52.5935084233	
8.35	0.0	0.0	0.0 	0.0 	228.75 	25.0 	0.0 	0.0 	0.0 	-0.0 	25.0 	0.0 	0.0 	0.0 	8.88370296834	2.84489422531	113.186906352	-52.7351008732	
8.36666666667	0.0	0.0	0.0 	0.0 	229.166666667 	25.0 	0.0 	0.0 	0.0 	-0.0 	25.0 	0.0 	0.0 	0.0 	8.88918490952	2.84489422531	113.230221052	-52.8767806967	
8.38333333333	0.0	0.0	0.0 	0.0 	229.583333333 	25.0 	0.0 	0.0 	0.0 	-0.0 	25.0 	0.0 	0.0 	0.0 	8.89464068594	2.84489422531	113.273562337	-53.0185474769	
8.4	0.0	0.0	0.0 	0.0 	230.0 	25.0 	0.0 	0.0 	0.0 	-0.0 	25.0 	0.0 	0.0 	0.0 	8.90007042246	2.84489422531	113.31693008	-53.1604007987	
8.41666666667	0.0	0.0	0.0 	0.0 	230.416666667 	25.0 	0.0 	0.0 	0.0 	-0.0 	25.0 	0.0 	0.0 	0.0 	8.90547424339	2.84489422531	113.360324154	-53.3023402489	
8.43333333333	0.0	0.0	0.0 	0.0 	230.833333333 	25.0 	0.0 	0.0 	0.0 	-0.0 	25.0 	0.0 	0.0 	0.0 	8.9108522724	2.84489422531	113.403744433	-53.4443654167	
8.45	0.0	0.0	0.0 	0.0 	231.25 	25.0 	0.0 	0.0 	0.0 	-0.0 	25.0 	0.0 	0.0 	0.0 	8.91620463261	2.84489422531	113.447190794	-53.5864758927	
8.46666666667	0.0	0.0	0.0 	0.0 	231.666666667 	25.0 	0.0 	0.0 	0.0 	-0.0 	25.0 	0.0 	0.0 	0.0 	8.92153144653	2.84489422531	113.49066311	-53.7286712699	
8.48333333333	0.0	0.0	0.0 	0.0 	232.083333333 	25.0 	0.0 	0.0 	0.0 	-0.0 	25.0 	0.0 	0.0 	0.0 	8.92683283608	2.84489422531	113.534161259	-53.870951143	
8.5	0.0	0.0	0.0 	0.0 	232.5 	25.0 	0.0 	0.0 	0.0 	-0.0 	25.0 	0.0 	0.0 	0.0 	8.93210892262	2.84489422531	113.577685117	-54.0133151088	
8.51666666667	0.0	0.0	0.0 	0.0 	232.916666667 	25.0 	0.0 	0.0 	0.0 	-0.0 	25.0 	0.0 	0.0 	0.0 	8.93735982692	2.84489422531	113.621234561	-54.1557627658	
8.53333333333	0.0	0.0	0.0 	0.0 	233.333333333 	25.0 	0.0 	0.0 	0.0 	-0.0 	25.0 	0.0 	0.0 	0.0 	8.94258566916	2.84489422531	113.664809469	-54.2982937147	
8.55	0.0	0.0	0.0 	0.0 	233.75 	25.0 	0.0 	0.0 	0.0 	-0.0 	25.0 	0.0 	0.0 	0.0 	8.94778656897	2.84489422531	113.70840972	-54.4409075578	
8.56666666667	0.0	0.0	0.0 	0.0 	234.166666667 	25.0 	0.0 	0.0 	0.0 	-0.0 	25.0 	0.0 	0.0 	0.0 	8.95296264539	2.84489422531	113.752035193	-54.5836038996	
8.58333333333	0.0	0.0	0.0 	0.0 	234.583333333 	25.0 	0.0 	0.0 	0.0 	-0.0 	25.0 	0.0 	0.0 	0.0 	8.95811401691	2.84489422531	113.795685766	-54.7263823462	
8.6	0.0	0.0	0.0 	0.0 	235.0 	25.0 	0.0 	0.0 	0.0 	-0.0 	25.0 	0.0 	0.0 	0.0 	8.96324080143	2.84489422531	113.839361322	-54.8692425059	
8.61666666667	0.0	0.0	0.0 	0.0 	235.416666667 	25.0 	0.0 	0.0 	0.0 	-0.0 	25.0 	0.0 	0.0 	0.0 	8.96834311631	2.84489422531	113.88306174	-55.0121839885	
8.63333333333	0.0	0.0	0.0 	0.0 	235.833333333 	25.0 	0.0 	0.0 	0.0 	-0.0 	25.0 	0.0 	0.0 	0.0 	8.97342107834	2.84489422531	113.926786901	-55.155206406	
8.65	0.0	0.0	0.0 	0.0 	236.25 	25.0 	0.0 	0.0 	0.0 	-0.0 	25.0 	0.0 	0.0 	0.0 	8.97847480376	2.84489422531	113.970536688	-55.298309372	
8.66666666667	0.0	0.0	0.0 	0.0 	236.666666667 	25.0 	0.0 	0.0 	0.0 	-0.0 	25.0 	0.0 	0.0 	0.0 	8.98350440824	2.84489422531	114.014310982	-55.4414925021	
8.68333333333	0.0	0.0	0.0 	0.0 	237.083333333 	25.0 	0.0 	0.0 	0.0 	-0.0 	25.0 	0.0 	0.0 	0.0 	8.9885100069	2.84489422531	114.058109668	-55.5847554137	
8.7	0.0	0.0	0.0 	0.0 	237.5 	25.0 	0.0 	0.0 	0.0 	-0.0 	25.0 	0.0 	0.0 	0.0 	8.99349171434	2.84489422531	114.101932628	-55.728097726	
8.71666666667	0.0	0.0	0.0 	0.0 	237.916666667 	25.0 	0.0 	0.0 	0.0 	-0.0 	25.0 	0.0 	0.0 	0.0 	8.99844964457	2.84489422531	114.145779747	-55.87151906	
8.73333333333	0.0	0.0	0.0 	0.0 	238.333333333 	25.0 	0.0 	0.0 	0.0 	-0.0 	25.0 	0.0 	0.0 	0.0 	9.00338391108	2.84489422531	114.18965091	-56.0150190385	
8.75	0.0	0.0	0.0 	0.0 	238.75 	25.0 	0.0 	0.0 	0.0 	-0.0 	25.0 	0.0 	0.0 	0.0 	9.00829462683	2.84489422531	114.233546001	-56.1585972863	
8.76666666667	0.0	0.0	0.0 	0.0 	239.166666667 	25.0 	0.0 	0.0 	0.0 	-0.0 	25.0 	0.0 	0.0 	0.0 	9.01318190421	2.84489422531	114.277464906	-56.3022534296	
8.78333333333	0.0	0.0	0.0 	0.0 	239.583333333 	25.0 	0.0 	0.0 	0.0 	-0.0 	25.0 	0.0 	0.0 	0.0 	9.01804585509	2.84489422531	114.321407512	-56.4459870969	
8.8	0.0	0.0	0.0 	0.0 	240.0 	25.0 	0.0 	0.0 	0.0 	-0.0 	25.0 	0.0 	0.0 	0.0 	9.02288659081	2.84489422531	114.365373706	-56.5897979179	
8.81666666667	0.0	0.0	0.0 	0.0 	240.416666667 	25.0 	0.0 	0.0 	0.0 	-0.0 	25.0 	0.0 	0.0 	0.0 	9.02770422217	2.84489422531	114.409363375	-56.7336855245	
8.83333333333	0.0	0.0	0.0 	0.0 	240.833333333 	25.0 	0.0 	0.0 	0.0 	-0.0 	25.0 	0.0 	0.0 	0.0 	9.03249885944	2.84489422531	114.453376407	-56.8776495502	
8.85	0.0	0.0	0.0 	0.0 	241.25 	25.0 	0.0 	0.0 	0.0 	-0.0 	25.0 	0.0 	0.0 	0.0 	9.03727061238	2.84489422531	114.497412691	-57.0216896302	
8.86666666667	0.0	0.0	0.0 	0.0 	241.666666667 	25.0 	0.0 	0.0 	0.0 	-0.0 	25.0 	0.0 	0.0 	0.0 	9.04201959022	2.84489422531	114.541472115	-57.1658054016	
8.88333333333	0.0	0.0	0.0 	0.0 	242.083333333 	25.0 	0.0 	0.0 	0.0 	-0.0 	25.0 	0.0 	0.0 	0.0 	9.04674590164	2.84489422531	114.585554569	-57.309996503	
8.9	0.0	0.0	0.0 	0.0 	242.5 	25.0 	0.0 	0.0 	0.0 	-0.0 	25.0 	0.0 	0.0 	0.0 	9.05144965484	2.84489422531	114.629659943	-57.454262575	
8.91666666667	0.0	0.0	0.0 	0.0 	242.916666667 	25.0 	0.0 	0.0 	0.0 	-0.0 	25.0 	0.0 	0.0 	0.0 	9.05613095749	2.84489422531	114.673788129	-57.5986032597	
8.93333333333	0.0	0.0	0.0 	0.0 	243.333333333 	25.0 	0.0 	0.0 	0.0 	-0.0 	25.0 	0.0 	0.0 	0.0 	9.06078991674	2.84489422531	114.717939016	-57.743018201	
8.95	0.0	0.0	0.0 	0.0 	243.75 	25.0 	0.0 	0.0 	0.0 	-0.0 	25.0 	0.0 	0.0 	0.0 	9.06542663923	2.84489422531	114.762112496	-57.8875070444	
8.96666666667	0.0	0.0	0.0 	0.0 	244.166666667 	25.0 	0.0 	0.0 	0.0 	-0.0 	25.0 	0.0 	0.0 	0.0 	9.0700412311	2.84489422531	114.806308462	-58.0320694373	
8.98333333333	0.0	0.0	0.0 	0.0 	244.583333333 	25.0 	0.0 	0.0 	0.0 	-0.0 	25.0 	0.0 	0.0 	0.0 	9.07463379797	2.84489422531	114.850526807	-58.1767050286	
9.0	0.0	0.0	0.0 	0.0 	245.0 	25.0 	0.0 	0.0 	0.0 	-0.0 	25.0 	0.0 	0.0 	0.0 	9.07920444497	2.84489422531	114.894767423	-58.3214134689	
9.01666666667	0.0	0.0	0.0 	0.0 	245.416666667 	25.0 	0.0 	0.0 	0.0 	-0.0 	25.0 	0.0 	0.0 	0.0 	9.08375327672	2.84489422531	114.939030205	-58.4661944105	
9.03333333333	0.0	0.0	0.0 	0.0 	245.833333333 	25.0 	0.0 	0.0 	0.0 	-0.0 	25.0 	0.0 	0.0 	0.0 	9.08828039734	2.84489422531	114.983315046	-58.6110475074	
9.05	0.0	0.0	0.0 	0.0 	246.25 	25.0 	0.0 	0.0 	0.0 	-0.0 	25.0 	0.0 	0.0 	0.0 	9.09278591045	2.84489422531	115.027621841	-58.7559724152	
9.06666666667	0.0	0.0	0.0 	0.0 	246.666666667 	25.0 	0.0 	0.0 	0.0 	-0.0 	25.0 	0.0 	0.0 	0.0 	9.0972699192	2.84489422531	115.071950486	-58.9009687911	
9.08333333333	0.0	0.0	0.0 	0.0 	247.083333333 	25.0 	0.0 	0.0 	0.0 	-0.0 	25.0 	0.0 	0.0 	0.0 	9.1017325262	2.84489422531	115.116300876	-59.0460362941	
9.1	0.0	0.0	0.0 	0.0 	247.5 	25.0 	0.0 	0.0 	0.0 	-0.0 	25.0 	0.0 	0.0 	0.0 	9.10617383362	2.84489422531	115.160672907	-59.1911745846	
9.11666666667	0.0	0.0	0.0 	0.0 	247.916666667 	25.0 	0.0 	0.0 	0.0 	-0.0 	25.0 	0.0 	0.0 	0.0 	9.11059394311	2.84489422531	115.205066476	-59.3363833249	
9.13333333333	0.0	0.0	0.0 	0.0 	248.333333333 	25.0 	0.0 	0.0 	0.0 	-0.0 	25.0 	0.0 	0.0 	0.0 	9.11499295586	2.84489422531	115.24948148	-59.4816621785	
9.15	0.0	0.0	0.0 	0.0 	248.75 	25.0 	0.0 	0.0 	0.0 	-0.0 	25.0 	0.0 	0.0 	0.0 	9.11937097254	2.84489422531	115.293917818	-59.627010811	
9.16666666667	0.0	0.0	0.0 	0.0 	249.166666667 	25.0 	0.0 	0.0 	0.0 	-0.0 	25.0 	0.0 	0.0 	0.0 	9.12372809338	2.84489422531	115.338375386	-59.7724288892	
9.18333333333	0.0	0.0	0.0 	0.0 	249.583333333 	25.0 	0.0 	0.0 	0.0 	-0.0 	25.0 	0.0 	0.0 	0.0 	9.12806441811	2.84489422531	115.382854084	-59.9179160817	
9.2	0.0	0.0	0.0 	0.0 	250.0 	25.0 	0.0 	0.0 	0.0 	-0.0 	25.0 	0.0 	0.0 	0.0 	9.13238004598	2.84489422531	115.427353812	-60.0634720586	
9.21666666667	0.0	0.0	0.0 	0.0 	250.416666667 	25.0 	0.0 	0.0 	0.0 	-0.0 	25.0 	0.0 	0.0 	0.0 	9.13667507579	2.84489422531	115.471874467	-60.2090964917	
9.23333333333	0.0	0.0	0.0 	0.0 	250.833333333 	25.0 	0.0 	0.0 	0.0 	-0.0 	25.0 	0.0 	0.0 	0.0 	9.14094960583	2.84489422531	115.516415952	-60.3547890541	
9.25	0.0	0.0	0.0 	0.0 	251.25 	25.0 	0.0 	0.0 	0.0 	-0.0 	25.0 	0.0 	0.0 	0.0 	9.14520373396	2.84489422531	115.560978166	-60.5005494207	
9.26666666667	0.0	0.0	0.0 	0.0 	251.666666667 	25.0 	0.0 	0.0 	0.0 	-0.0 	25.0 	0.0 	0.0 	0.0 	9.14943755756	2.84489422531	115.60556101	-60.6463772679	
9.28333333333	0.0	0.0	0.0 	0.0 	252.083333333 	25.0 	0.0 	0.0 	0.0 	-0.0 	25.0 	0.0 	0.0 	0.0 	9.15365117353	2.84489422531	115.650164386	-60.7922722736	
9.3	0.0	0.0	0.0 	0.0 	252.5 	25.0 	0.0 	0.0 	0.0 	-0.0 	25.0 	0.0 	0.0 	0.0 	9.15784467832	2.84489422531	115.694788195	-60.9382341173	
9.31666666667	0.0	0.0	0.0 	0.0 	252.916666667 	25.0 	0.0 	0.0 	0.0 	-0.0 	25.0 	0.0 	0.0 	0.0 	9.16201816792	2.84489422531	115.739432342	-61.0842624799	
9.33333333333	0.0	0.0	0.0 	0.0 	253.333333333 	25.0 	0.0 	0.0 	0.0 	-0.0 	25.0 	0.0 	0.0 	0.0 	9.16617173787	2.84489422531	115.784096727	-61.230357044	
9.35	0.0	0.0	0.0 	0.0 	253.75 	25.0 	0.0 	0.0 	0.0 	-0.0 	25.0 	0.0 	0.0 	0.0 	9.17030548323	2.84489422531	115.828781255	-61.3765174936	
9.36666666667	0.0	0.0	0.0 	0.0 	254.166666667 	25.0 	0.0 	0.0 	0.0 	-0.0 	25.0 	0.0 	0.0 	0.0 	9.17441949863	2.84489422531	115.87348583	-61.5227435142	
9.38333333333	0.0	0.0	0.0 	0.0 	254.583333333 	25.0 	0.0 	0.0 	0.0 	-0.0 	25.0 	0.0 	0.0 	0.0 	9.17851387823	2.84489422531	115.918210355	-61.6690347929	
9.4	0.0	0.0	0.0 	0.0 	255.0 	25.0 	0.0 	0.0 	0.0 	-0.0 	25.0 	0.0 	0.0 	0.0 	9.18258871577	2.84489422531	115.962954736	-61.8153910182	
9.41666666667	0.0	0.0	0.0 	0.0 	255.416666667 	25.0 	0.0 	0.0 	0.0 	-0.0 	25.0 	0.0 	0.0 	0.0 	9.1866441045	2.84489422531	116.007718878	-61.96181188	
9.43333333333	0.0	0.0	0.0 	0.0 	255.833333333 	25.0 	0.0 	0.0 	0.0 	-0.0 	25.0 	0.0 	0.0 	0.0 	9.19068013726	2.84489422531	116.052502687	-62.10829707	
9.45	0.0	0.0	0.0 	0.0 	256.25 	25.0 	0.0 	0.0 	0.0 	-0.0 	25.0 	0.0 	0.0 	0.0 	9.19469690642	2.84489422531	116.097306068	-62.254846281	
9.46666666667	0.0	0.0	0.0 	0.0 	256.666666667 	25.0 	0.0 	0.0 	0.0 	-0.0 	25.0 	0.0 	0.0 	0.0 	9.19869450395	2.84489422531	116.142128928	-62.4014592076	
9.48333333333	0.0	0.0	0.0 	0.0 	257.083333333 	25.0 	0.0 	0.0 	0.0 	-0.0 	25.0 	0.0 	0.0 	0.0 	9.20267302132	2.84489422531	116.186971175	-62.5481355455	
9.5	0.0	0.0	0.0 	0.0 	257.5 	25.0 	0.0 	0.0 	0.0 	-0.0 	25.0 	0.0 	0.0 	0.0 	9.20663254963	2.84489422531	116.231832715	-62.6948749922	
9.51666666667	0.0	0.0	0.0 	0.0 	257.916666667 	25.0 	0.0 	0.0 	0.0 	-0.0 	25.0 	0.0 	0.0 	0.0 	9.21057317949	2.84489422531	116.276713457	-62.8416772465	
9.53333333333	0.0	0.0	0.0 	0.0 	258.333333333 	25.0 	0.0 	0.0 	0.0 	-0.0 	25.0 	0.0 	0.0 	0.0 	9.21449500111	2.84489422531	116.32161331	-62.9885420084	
9.55	0.0	0.0	0.0 	0.0 	258.75 	25.0 	0.0 	0.0 	0.0 	-0.0 	25.0 	0.0 	0.0 	0.0 	9.21839810427	2.84489422531	116.366532181	-63.1354689798	
9.56666666667	0.0	0.0	0.0 	0.0 	259.166666667 	25.0 	0.0 	0.0 	0.0 	-0.0 	25.0 	0.0 	0.0 	0.0 	9.22228257829	2.84489422531	116.41146998	-63.2824578637	
9.58333333333	0.0	0.0	0.0 	0.0 	259.583333333 	25.0 	0.0 	0.0 	0.0 	-0.0 	25.0 	0.0 	0.0 	0.0 	9.22614851209	2.84489422531	116.456426616	-63.4295083646	
9.6	0.0	0.0	0.0 	0.0 	260.0 	25.0 	0.0 	0.0 	0.0 	-0.0 	25.0 	0.0 	0.0 	0.0 	9.22999599418	2.84489422531	116.501402001	-63.5766201883	
9.61666666667	0.0	0.0	0.0 	0.0 	260.416666667 	25.0 	0.0 	0.0 	0.0 	-0.0 	25.0 	0.0 	0.0 	0.0 	9.2338251126	2.84489422531	116.546396044	-63.7237930423	
9.63333333333	0.0	0.0	0.0 	0.0 	260.833333333 	25.0 	0.0 	0.0 	0.0 	-0.0 	25.0 	0.0 	0.0 	0.0 	9.23763595502	2.84489422531	116.591408656	-63.8710266352	
9.65	0.0	0.0	0.0 	0.0 	261.25 	25.0 	0.0 	0.0 	0.0 	-0.0 	25.0 	0.0 	0.0 	0.0 	9.24142860866	2.84489422531	116.636439748	-64.0183206771	
9.66666666667	0.0	0.0	0.0 	0.0 	261.666666667 	25.0 	0.0 	0.0 	0.0 	-0.0 	25.0 	0.0 	0.0 	0.0 	9.24520316034	2.84489422531	116.681489233	-64.1656748796	
9.68333333333	0.0	0.0	0.0 	0.0 	262.083333333 	25.0 	0.0 	0.0 	0.0 	-0.0 	25.0 	0.0 	0.0 	0.0 	9.24895969645	2.84489422531	116.726557023	-64.3130889553	
9.7	0.0	0.0	0.0 	0.0 	262.5 	25.0 	0.0 	0.0 	0.0 	-0.0 	25.0 	0.0 	0.0 	0.0 	9.25269830298	2.84489422531	116.77164303	-64.4605626187	
9.71666666667	0.0	0.0	0.0 	0.0 	262.916666667 	25.0 	0.0 	0.0 	0.0 	-0.0 	25.0 	0.0 	0.0 	0.0 	9.2564190655	2.84489422531	116.816747167	-64.6080955853	
9.73333333333	0.0	0.0	0.0 	0.0 	263.333333333 	25.0 	0.0 	0.0 	0.0 	-0.0 	25.0 	0.0 	0.0 	0.0 	9.26012206919	2.84489422531	116.861869349	-64.7556875719	
9.75	0.0	0.0	0.0 	0.0 	263.75 	25.0 	0.0 	0.0 	0.0 	-0.0 	25.0 	0.0 	0.0 	0.0 	9.26380739881	2.84489422531	116.907009487	-64.9033382971	
9.76666666667	0.0	0.0	0.0 	0.0 	264.166666667 	25.0 	0.0 	0.0 	0.0 	-0.0 	25.0 	0.0 	0.0 	0.0 	9.26747513871	2.84489422531	116.952167498	-65.0510474803	
9.78333333333	0.0	0.0	0.0 	0.0 	264.583333333 	25.0 	0.0 	0.0 	0.0 	-0.0 	25.0 	0.0 	0.0 	0.0 	9.27112537284	2.84489422531	116.997343295	-65.1988148426	
9.8	0.0	0.0	0.0 	0.0 	265.0 	25.0 	0.0 	0.0 	0.0 	-0.0 	25.0 	0.0 	0.0 	0.0 	9.27475818476	2.84489422531	117.042536794	-65.3466401063	
9.81666666667	0.0	0.0	0.0 	0.0 	265.416666667 	25.0 	0.0 	0.0 	0.0 	-0.0 	25.0 	0.0 	0.0 	0.0 	9.27837365763	2.84489422531	117.087747911	-65.494522995	
9.83333333333	0.0	0.0	0.0 	0.0 	265.833333333 	25.0 	0.0 	0.0 	0.0 	-0.0 	25.0 	0.0 	0.0 	0.0 	9.2819718742	2.84489422531	117.13297656	-65.6424632337	
9.85	0.0	0.0	0.0 	0.0 	266.25 	25.0 	0.0 	0.0 	0.0 	-0.0 	25.0 	0.0 	0.0 	0.0 	9.28555291683	2.84489422531	117.178222659	-65.7904605486	
9.86666666667	0.0	0.0	0.0 	0.0 	266.666666667 	25.0 	0.0 	0.0 	0.0 	-0.0 	25.0 	0.0 	0.0 	0.0 	9.2891168675	2.84489422531	117.223486124	-65.9385146674	
9.88333333333	0.0	0.0	0.0 	0.0 	267.083333333 	25.0 	0.0 	0.0 	0.0 	-0.0 	25.0 	0.0 	0.0 	0.0 	9.29266380778	2.84489422531	117.268766873	-66.086625319	
9.9	0.0	0.0	0.0 	0.0 	267.5 	25.0 	0.0 	0.0 	0.0 	-0.0 	25.0 	0.0 	0.0 	0.0 	9.29619381886	2.84489422531	117.314064822	-66.2347922334	
9.91666666667	0.0	0.0	0.0 	0.0 	267.916666667 	25.0 	0.0 	0.0 	0.0 	-0.0 	25.0 	0.0 	0.0 	0.0 	9.29970698154	2.84489422531	117.359379891	-66.3830151422	
9.93333333333	0.0	0.0	0.0 	0.0 	268.333333333 	25.0 	0.0 	0.0 	0.0 	-0.0 	25.0 	0.0 	0.0 	0.0 	9.30320337624	2.84489422531	117.404711996	-66.5312937782	
9.95	0.0	0.0	0.0 	0.0 	268.75 	25.0 	0.0 	0.0 	0.0 	-0.0 	25.0 	0.0 	0.0 	0.0 	9.30668308299	2.84489422531	117.450061057	-66.6796278752	
9.96666666667	0.0	0.0	0.0 	0.0 	269.166666667 	25.0 	0.0 	0.0 	0.0 	-0.0 	25.0 	0.0 	0.0 	0.0 	9.31014618144	2.84489422531	117.495426992	-66.8280171687	
9.98333333333	0.0	0.0	0.0 	0.0 	269.583333333 	25.0 	0.0 	0.0 	0.0 	-0.0 	25.0 	0.0 	0.0 	0.0 	9.31359275085	2.84489422531	117.540809722	-66.9764613951	
