0.0166666666667	0.0	0.0	0.0 	0.0 	100.316666667 	19.0 	0.0 	0.0 	0.0 	0.0 	19.0 	0.0 	0.0 	0.0 	0.0	0.253225806452	180.0	-24.1290322581	
0.0333333333333	0.0	0.0	0.0 	0.0 	100.633333333 	19.0 	0.0 	0.0 	0.0 	-0.0 	19.0 	0.0 	0.0 	0.0 	0.0	0.253225806452	180.0	-24.1290322581	
0.05	0.0	0.0	0.0 	0.0 	100.95 	19.0 	0.0 	0.0 	0.0 	-0.0 	19.0 	0.0 	0.0 	0.0 	0.0	0.253225806452	180.0	-24.1290322581	
0.0666666666667	0.0	0.0	0.0 	0.0 	101.266666667 	19.0 	0.0 	0.0 	0.0 	-0.0 	19.0 	0.0 	0.0 	0.0 	0.0	0.253225806452	180.0	-24.1290322581	
0.0833333333333	0.0	0.0	0.0 	0.0 	101.583333333 	19.0 	0.0 	0.0 	0.0 	-0.0 	19.0 	0.0 	0.0 	0.0 	0.0	0.253225806452	180.0	-24.1290322581	
0.1	0.0	0.0	0.0 	0.0 	101.9 	19.0 	0.0 	0.0 	0.0 	-0.0 	19.0 	0.0 	0.0 	0.0 	0.0	0.253225806452	180.0	-24.1290322581	
0.116666666667	0.0	0.0	0.0 	0.0 	102.216666667 	19.0 	0.0 	0.0 	0.0 	-0.0 	19.0 	0.0 	0.0 	0.0 	0.0	0.253225806452	180.0	-24.1290322581	
0.133333333333	0.0	0.0	0.0 	0.0 	102.533333333 	19.0 	0.0 	0.0 	0.0 	-0.0 	19.0 	0.0 	0.0 	0.0 	0.0	0.253225806452	180.0	-24.1290322581	
0.15	0.0	0.0	0.0 	0.0 	102.85 	19.0 	0.0 	0.0 	0.0 	-0.0 	19.0 	0.0 	0.0 	0.0 	0.0	0.253225806452	180.0	-24.1290322581	
0.166666666667	0.0	0.0	0.0 	0.0 	103.166666667 	19.0 	0.0 	0.0 	0.0 	-0.0 	19.0 	0.0 	0.0 	0.0 	0.0	0.253225806452	180.0	-24.1290322581	
0.183333333333	0.0	0.0	0.0 	0.0 	103.483333333 	19.0 	0.0 	0.0 	0.0 	-0.0 	19.0 	0.0 	0.0 	0.0 	0.0	0.253225806452	180.0	-24.1290322581	
0.2	0.0	0.0	0.0 	0.0 	103.8 	19.0 	0.0 	0.0 	0.0 	-0.0 	19.0 	0.0 	0.0 	0.0 	0.0	0.253225806452	180.0	-24.1290322581	
0.216666666667	0.0	0.0	0.0 	0.0 	104.116666667 	19.0 	0.0 	0.0 	0.0 	-0.0 	19.0 	0.0 	0.0 	0.0 	0.0	0.253225806452	180.0	-24.1290322581	
0.233333333333	0.0	0.0	0.0 	0.0 	104.433333333 	19.0 	0.0 	0.0 	0.0 	-0.0 	19.0 	0.0 	0.0 	0.0 	0.0	0.253225806452	180.0	-24.1290322581	
0.25	0.0	0.0	0.0 	0.0 	104.75 	19.0 	0.0 	0.0 	0.0 	-0.0 	19.0 	0.0 	0.0 	0.0 	0.0	0.253225806452	180.0	-24.1290322581	
0.266666666667	0.0	0.0	0.0 	0.0 	105.066666667 	19.0 	0.0 	0.0 	0.0 	-0.0 	19.0 	0.0 	0.0 	0.0 	0.0	0.253225806452	180.0	-24.1290322581	
0.283333333333	0.0	0.0	0.0 	0.0 	105.383333333 	19.0 	0.0 	0.0 	0.0 	-0.0 	19.0 	0.0 	0.0 	0.0 	0.0	0.253225806452	180.0	-24.1290322581	
0.3	0.0	0.0	0.0 	0.0 	105.7 	19.0 	0.0 	0.0 	0.0 	-0.0 	19.0 	0.0 	0.0 	0.0 	0.0	0.253225806452	180.0	-24.1290322581	
0.316666666667	0.0	0.0	0.0 	0.0 	106.016666667 	19.0 	0.0 	0.0 	0.0 	-0.0 	19.0 	0.0 	0.0 	0.0 	0.0	0.253225806452	180.0	-24.1290322581	
0.333333333333	0.0	0.0	0.0 	0.0 	106.333333333 	19.0 	0.0 	0.0 	0.0 	-0.0 	19.0 	0.0 	0.0 	0.0 	0.0	0.253225806452	180.0	-24.1290322581	
0.35	0.0	0.0	0.0 	0.0 	106.65 	19.0 	0.0 	0.0 	0.0 	-0.0 	19.0 	0.0 	0.0 	0.0 	0.0	0.253225806452	180.0	-24.1290322581	
0.366666666667	0.0	0.0	0.0 	0.0 	106.966666667 	19.0 	0.0 	0.0 	0.0 	-0.0 	19.0 	0.0 	0.0 	0.0 	0.0	0.253225806452	180.0	-24.1290322581	
0.383333333333	0.0	0.0	0.0 	0.0 	107.283333333 	19.0 	0.0 	0.0 	0.0 	-0.0 	19.0 	0.0 	0.0 	0.0 	0.0	0.253225806452	180.0	-24.1290322581	
0.4	0.0	0.0	0.0 	0.0 	107.6 	19.0 	0.0 	0.0 	0.0 	-0.0 	19.0 	0.0 	0.0 	0.0 	0.0	0.253225806452	180.0	-24.1290322581	
0.416666666667	0.0	0.0	0.0 	0.0 	107.916666667 	19.0 	0.0 	0.0 	0.0 	-0.0 	19.0 	0.0 	0.0 	0.0 	0.0	0.253225806452	180.0	-24.1290322581	
0.433333333333	0.0	0.0	0.0 	0.0 	108.233333333 	19.0 	0.0 	0.0 	0.0 	-0.0 	19.0 	0.0 	0.0 	0.0 	0.0	0.253225806452	180.0	-24.1290322581	
0.45	0.0	0.0	0.0 	0.0 	108.55 	19.0 	0.0 	0.0 	0.0 	-0.0 	19.0 	0.0 	0.0 	0.0 	0.0	0.253225806452	180.0	-24.1290322581	
0.466666666667	0.0	0.0	0.0 	0.0 	108.866666667 	19.0 	0.0 	0.0 	0.0 	-0.0 	19.0 	0.0 	0.0 	0.0 	0.0	0.253225806452	180.0	-24.1290322581	
0.483333333333	0.0	0.0	0.0 	0.0 	109.183333333 	19.0 	0.0 	0.0 	0.0 	-0.0 	19.0 	0.0 	0.0 	0.0 	0.0	0.253225806452	180.0	-24.1290322581	
0.5	0.0	0.0	0.0 	0.0 	109.5 	19.0 	0.0 	0.0 	0.0 	-0.0 	19.0 	0.0 	0.0 	0.0 	0.0	0.253225806452	180.0	-24.1290322581	
0.516666666667	0.0	0.0	0.0 	0.0 	109.816666667 	19.0 	0.0 	0.0 	0.0 	-0.0 	19.0 	0.0 	0.0 	0.0 	0.0	0.253225806452	180.0	-24.1290322581	
0.533333333333	0.0	0.0	0.0 	0.0 	110.133333333 	19.0 	0.0 	0.0 	0.0 	-0.0 	19.0 	0.0 	0.0 	0.0 	0.0	0.253225806452	180.0	-24.1290322581	
0.55	0.0	0.0	0.0 	0.0 	110.45 	19.0 	0.0 	0.0 	0.0 	-0.0 	19.0 	0.0 	0.0 	0.0 	0.0	0.253225806452	180.0	-24.1290322581	
0.566666666667	0.0	0.0	0.0 	0.0 	110.766666667 	19.0 	0.0 	0.0 	0.0 	-0.0 	19.0 	0.0 	0.0 	0.0 	0.0	0.253225806452	180.0	-24.1290322581	
0.583333333333	0.0	0.0	0.0 	0.0 	111.083333333 	19.0 	0.0 	0.0 	0.0 	-0.0 	19.0 	0.0 	0.0 	0.0 	0.0	0.253225806452	180.0	-24.1290322581	
0.6	0.0	0.0	0.0 	0.0 	111.4 	19.0 	0.0 	0.0 	0.0 	-0.0 	19.0 	0.0 	0.0 	0.0 	0.0	0.253225806452	180.0	-24.1290322581	
0.616666666667	0.0	0.0	0.0 	0.0 	111.716666667 	19.0 	0.0 	0.0 	0.0 	-0.0 	19.0 	0.0 	0.0 	0.0 	0.0	0.253225806452	180.0	-24.1290322581	
0.633333333333	0.0	0.0	0.0 	0.0 	112.033333333 	19.0 	0.0 	0.0 	0.0 	-0.0 	19.0 	0.0 	0.0 	0.0 	0.0	0.253225806452	180.0	-24.1290322581	
0.65	0.0	0.0	0.0 	0.0 	112.35 	19.0 	0.0 	0.0 	0.0 	-0.0 	19.0 	0.0 	0.0 	0.0 	0.0	0.253225806452	180.0	-24.1290322581	
0.666666666667	0.0	0.0	0.0 	0.0 	112.666666667 	19.0 	0.0 	0.0 	0.0 	-0.0 	19.0 	0.0 	0.0 	0.0 	0.0	0.253225806452	180.0	-24.1290322581	
0.683333333333	0.0	0.0	0.0 	0.0 	112.983333333 	19.0 	0.0 	0.0 	0.0 	-0.0 	19.0 	0.0 	0.0 	0.0 	0.0	0.253225806452	180.0	-24.1290322581	
0.7	0.0	0.0	0.0 	0.0 	113.3 	19.0 	0.0 	0.0 	0.0 	-0.0 	19.0 	0.0 	0.0 	0.0 	0.0	0.253225806452	180.0	-24.1290322581	
0.716666666667	0.0	0.0	0.0 	0.0 	113.616666667 	19.0 	0.0 	0.0 	0.0 	-0.0 	19.0 	0.0 	0.0 	0.0 	0.0	0.253225806452	180.0	-24.1290322581	
0.733333333333	0.0	0.0	0.0 	0.0 	113.933333333 	19.0 	0.0 	0.0 	0.0 	-0.0 	19.0 	0.0 	0.0 	0.0 	0.0	0.253225806452	180.0	-24.1290322581	
0.75	0.0	0.0	0.0 	0.0 	114.25 	19.0 	0.0 	0.0 	0.0 	-0.0 	19.0 	0.0 	0.0 	0.0 	0.0	0.253225806452	180.0	-24.1290322581	
0.766666666667	0.0	0.0	0.0 	0.0 	114.566666667 	19.0 	0.0 	0.0 	0.0 	-0.0 	19.0 	0.0 	0.0 	0.0 	0.0	0.253225806452	180.0	-24.1290322581	
0.783333333333	0.0	0.0	0.0 	0.0 	114.883333333 	19.0 	0.0 	0.0 	0.0 	-0.0 	19.0 	0.0 	0.0 	0.0 	0.0	0.253225806452	180.0	-24.1290322581	
0.8	0.0	0.0	0.0 	0.0 	115.2 	19.0 	0.0 	0.0 	0.0 	-0.0 	19.0 	0.0 	0.0 	0.0 	0.0	0.253225806452	180.0	-24.1290322581	
0.816666666667	0.0	0.0	0.0 	0.0 	115.516666667 	19.0 	0.0 	0.0 	0.0 	-0.0 	19.0 	0.0 	0.0 	0.0 	0.0	0.253225806452	180.0	-24.1290322581	
0.833333333333	0.0	0.0	0.0 	0.0 	115.833333333 	19.0 	0.0 	0.0 	0.0 	-0.0 	19.0 	0.0 	0.0 	0.0 	0.0	0.253225806452	180.0	-24.1290322581	
0.85	0.0	0.0	0.0 	0.0 	116.15 	19.0 	0.0 	0.0 	0.0 	-0.0 	19.0 	0.0 	0.0 	0.0 	0.0	0.253225806452	180.0	-24.1290322581	
0.866666666667	0.0	0.0	0.0 	0.0 	116.466666667 	19.0 	0.0 	0.0 	0.0 	-0.0 	19.0 	0.0 	0.0 	0.0 	0.0	0.253225806452	180.0	-24.1290322581	
0.883333333333	0.0	0.0	0.0 	0.0 	116.783333333 	19.0 	0.0 	0.0 	0.0 	-0.0 	19.0 	0.0 	0.0 	0.0 	0.0	0.253225806452	180.0	-24.1290322581	
0.9	0.0	0.0	0.0 	0.0 	117.1 	19.0 	0.0 	0.0 	0.0 	-0.0 	19.0 	0.0 	0.0 	0.0 	0.0	0.253225806452	180.0	-24.1290322581	
0.916666666667	0.0	0.0	0.0 	0.0 	117.416666667 	19.0 	0.0 	0.0 	0.0 	-0.0 	19.0 	0.0 	0.0 	0.0 	0.0	0.253225806452	180.0	-24.1290322581	
0.933333333333	0.0	0.0	0.0 	0.0 	117.733333333 	19.0 	0.0 	0.0 	0.0 	-0.0 	19.0 	0.0 	0.0 	0.0 	0.0	0.253225806452	180.0	-24.1290322581	
0.95	0.0	0.0	0.0 	0.0 	118.05 	19.0 	0.0 	0.0 	0.0 	-0.0 	19.0 	0.0 	0.0 	0.0 	0.0	0.253225806452	180.0	-24.1290322581	
0.966666666667	0.0	0.0	0.0 	0.0 	118.366666667 	19.0 	0.0 	0.0 	0.0 	-0.0 	19.0 	0.0 	0.0 	0.0 	0.0	0.253225806452	180.0	-24.1290322581	
0.983333333333	0.0	0.0	0.0 	0.0 	118.683333333 	19.0 	0.0 	0.0 	0.0 	-0.0 	19.0 	0.0 	0.0 	0.0 	0.0	0.253225806452	180.0	-24.1290322581	
1.0	0.0	0.0	0.0 	0.0 	119.0 	19.0 	0.0 	0.0 	0.0 	-0.0 	19.0 	0.0 	0.0 	0.0 	0.0	0.253225806452	180.0	-24.1290322581	
1.01666666667	0.0	0.0	0.0 	0.0 	119.316666667 	19.0 	0.0 	0.0 	0.0 	-0.0 	19.0 	0.0 	0.0 	0.0 	0.0	0.253225806452	180.0	-24.1290322581	
1.03333333333	0.0	0.0	0.0 	0.0 	119.633333333 	19.0 	0.0 	0.0 	0.0 	-0.0 	19.0 	0.0 	0.0 	0.0 	0.0	0.253225806452	180.0	-24.1290322581	
1.05	0.0	0.0	0.0 	0.0 	119.95 	19.0 	0.0 	0.0 	0.0 	-0.0 	19.0 	0.0 	0.0 	0.0 	0.0	0.253225806452	180.0	-24.1290322581	
1.06666666667	0.0	0.0	0.0 	0.0 	120.266666667 	19.0 	0.0 	0.0 	0.0 	-0.0 	19.0 	0.0 	0.0 	0.0 	0.0358208955224	0.765904768237	180.000413844	-24.1286019563	
1.08333333333	0.0	0.0	0.0 	0.0 	120.583333333 	19.0 	0.0 	0.0 	0.0 	-0.0 	19.0 	0.0 	0.0 	0.0 	0.0715190218064	1.19313723639	180.001521829	-24.1281624176	
1.1	0.0	0.0	0.0 	0.0 	120.9 	19.0 	0.0 	0.0 	0.0 	-0.0 	19.0 	0.0 	0.0 	0.0 	0.10709479962	1.5096796806	180.00330341	-24.1280533976	
1.11666666667	0.0	0.0	0.0 	0.0 	121.216666667 	19.0 	0.0 	0.0 	0.0 	-0.0 	19.0 	0.0 	0.0 	0.0 	0.142548648289	1.72107001935	180.005652446	-24.1284090773	
1.13333333333	0.0	0.0	0.0 	0.0 	121.533333333 	19.0 	0.0 	0.0 	0.0 	-0.0 	19.0 	0.0 	0.0 	0.0 	0.177880985702	1.87988461523	180.008476637	-24.129310905	
1.15	0.0	0.0	0.0 	0.0 	121.85 	19.0 	0.0 	0.0 	0.0 	-0.0 	19.0 	0.0 	0.0 	0.0 	0.213092228316	2.00715401325	180.011695384	-24.1308119311	
1.16666666667	0.0	0.0	0.0 	0.0 	122.166666667 	19.0 	0.0 	0.0 	0.0 	-0.0 	19.0 	0.0 	0.0 	0.0 	0.24818279116	2.11339348594	180.015237658	-24.1329477999	
1.18333333333	0.0	0.0	0.0 	0.0 	122.483333333 	19.0 	0.0 	0.0 	0.0 	-0.0 	19.0 	0.0 	0.0 	0.0 	0.28315308784	2.20461176044	180.01904028	-24.1357426315	
1.2	0.0	0.0	0.0 	0.0 	122.8 	19.0 	0.0 	0.0 	0.0 	-0.0 	19.0 	0.0 	0.0 	0.0 	0.318003530547	2.28456429121	180.023046597	-24.1392125091	
1.21666666667	0.0	0.0	0.0 	0.0 	123.116666667 	19.0 	0.0 	0.0 	0.0 	-0.0 	19.0 	0.0 	0.0 	0.0 	0.352734530055	2.35575471457	180.027205441	-24.1433676968	
1.23333333333	0.0	0.0	0.0 	0.0 	123.433333333 	19.0 	0.0 	0.0 	0.0 	-0.0 	19.0 	0.0 	0.0 	0.0 	0.387346495734	2.41993557593	180.031470317	-24.1482141248	
1.25	0.0	0.0	0.0 	0.0 	123.75 	19.0 	0.0 	0.0 	0.0 	-0.0 	19.0 	0.0 	0.0 	0.0 	0.42183983555	2.47838145377	180.035798749	-24.1537544238	
1.26666666667	0.0	0.0	0.0 	0.0 	124.066666667 	19.0 	0.0 	0.0 	0.0 	-0.0 	19.0 	0.0 	0.0 	0.0 	0.456214956069	2.53204828194	180.040151754	-24.1599886692	
1.28333333333	0.0	0.0	0.0 	0.0 	124.383333333 	19.0 	0.0 	0.0 	0.0 	-0.0 	19.0 	0.0 	0.0 	0.0 	0.490472262466	2.58167139418	180.04449341	-24.16691493	
1.3	0.0	0.0	0.0 	0.0 	124.7 	19.0 	0.0 	0.0 	0.0 	-0.0 	19.0 	0.0 	0.0 	0.0 	0.524612158526	2.6278285527	180.048790498	-24.1745296823	
1.31666666667	0.0	0.0	0.0 	0.0 	125.016666667 	19.0 	0.0 	0.0 	0.0 	-0.0 	19.0 	0.0 	0.0 	0.0 	0.558635046651	2.67098196728	180.053012203	-24.1828281272	
1.33333333333	0.0	0.0	0.0 	0.0 	125.333333333 	19.0 	0.0 	0.0 	0.0 	-0.0 	19.0 	0.0 	0.0 	0.0 	0.592541327862	2.71150718335	180.057129856	-24.1918044382	
1.35	0.0	0.0	0.0 	0.0 	125.65 	19.0 	0.0 	0.0 	0.0 	-0.0 	19.0 	0.0 	0.0 	0.0 	0.626331401807	2.74971347363	180.061116725	-24.2014519563	
1.36666666667	0.0	0.0	0.0 	0.0 	125.966666667 	19.0 	0.0 	0.0 	0.0 	-0.0 	19.0 	0.0 	0.0 	0.0 	0.660005666765	2.78585856535	180.064947822	-24.2117633467	
1.38333333333	0.0	0.0	0.0 	0.0 	126.283333333 	19.0 	0.0 	0.0 	0.0 	-0.0 	19.0 	0.0 	0.0 	0.0 	0.693564519649	2.82015949201	180.068599748	-24.2227307243	
1.4	0.0	0.0	0.0 	0.0 	126.6 	19.0 	0.0 	0.0 	0.0 	-0.0 	19.0 	0.0 	0.0 	0.0 	0.72700835601	2.85280073205	180.072050546	-24.2343457567	
1.41666666667	0.0	0.0	0.0 	0.0 	126.916666667 	19.0 	0.0 	0.0 	0.0 	-0.0 	19.0 	0.0 	0.0 	0.0 	0.760337570047	2.88394040986	180.075279585	-24.2465997482	
1.43333333333	0.0	0.0	0.0 	0.0 	127.233333333 	19.0 	0.0 	0.0 	0.0 	-0.0 	19.0 	0.0 	0.0 	0.0 	0.793552554605	2.9137150874	180.078267449	-24.2594837097	
1.45	0.0	0.0	0.0 	0.0 	127.55 	19.0 	0.0 	0.0 	0.0 	-0.0 	19.0 	0.0 	0.0 	0.0 	0.826653701184	2.94224351421	180.080995839	-24.2729884161	
1.46666666667	0.0	0.0	0.0 	0.0 	127.866666667 	19.0 	0.0 	0.0 	0.0 	-0.0 	19.0 	0.0 	0.0 	0.0 	0.859641399942	2.96962959612	180.08344749	-24.287104455	
1.48333333333	0.0	0.0	0.0 	0.0 	128.183333333 	19.0 	0.0 	0.0 	0.0 	-0.0 	19.0 	0.0 	0.0 	0.0 	0.892516039699	2.99596477026	180.085606095	-24.3018222675	
1.5	0.0	0.0	0.0 	0.0 	128.5 	19.0 	0.0 	0.0 	0.0 	-0.0 	19.0 	0.0 	0.0 	0.0 	0.925278007943	3.02132992334	180.087456236	-24.3171321818	
1.51666666667	0.0	0.0	0.0 	0.0 	128.816666667 	19.0 	0.0 	0.0 	0.0 	-0.0 	19.0 	0.0 	0.0 	0.0 	0.957927690835	3.04579695463	180.08898332	-24.3330244433	
1.53333333333	0.0	0.0	0.0 	0.0 	129.133333333 	19.0 	0.0 	0.0 	0.0 	-0.0 	19.0 	0.0 	0.0 	0.0 	0.99046547321	3.06943005991	180.090173529	-24.3494892383	
1.55	0.0	0.0	0.0 	0.0 	129.45 	19.0 	0.0 	0.0 	0.0 	-0.0 	19.0 	0.0 	0.0 	0.0 	1.02289173859	3.09228679402	180.091013764	-24.3665167154	
1.56666666667	0.0	0.0	0.0 	0.0 	129.766666667 	19.0 	0.0 	0.0 	0.0 	-0.0 	19.0 	0.0 	0.0 	0.0 	1.05520686917	3.11441895632	180.091491603	-24.3840970039	
1.58333333333	0.0	0.0	0.0 	0.0 	130.083333333 	19.0 	0.0 	0.0 	0.0 	-0.0 	19.0 	0.0 	0.0 	0.0 	1.08741124585	3.1358733333	180.091595257	-24.4022202282	
1.6	0.0	0.0	0.0 	0.0 	130.4 	19.0 	0.0 	0.0 	0.0 	-0.0 	19.0 	0.0 	0.0 	0.0 	1.11950524821	3.15669232525	180.091313532	-24.420876522	
1.61666666667	0.0	0.0	0.0 	0.0 	130.716666667 	19.0 	0.0 	0.0 	0.0 	-0.0 	19.0 	0.0 	0.0 	0.0 	1.15148925454	3.17691447786	180.090635794	-24.4400560389	
1.63333333333	0.0	0.0	0.0 	0.0 	131.033333333 	19.0 	0.0 	0.0 	0.0 	-0.0 	19.0 	0.0 	0.0 	0.0 	1.18336364184	3.19657493572	180.08955194	-24.4597489623	
1.65	0.0	0.0	0.0 	0.0 	131.35 	19.0 	0.0 	0.0 	0.0 	-0.0 	19.0 	0.0 	0.0 	0.0 	1.2151287858	3.21570583105	180.088052363	-24.4799455141	
1.66666666667	0.0	0.0	0.0 	0.0 	131.666666667 	19.0 	0.0 	0.0 	0.0 	-0.0 	19.0 	0.0 	0.0 	0.0 	1.24678506083	3.23433661837	180.086127928	-24.5006359612	
1.68333333333	0.0	0.0	0.0 	0.0 	131.983333333 	19.0 	0.0 	0.0 	0.0 	-0.0 	19.0 	0.0 	0.0 	0.0 	1.27833284006	3.25016377817	180.083819303	-24.5218160603	
1.7	0.0	0.0	0.0 	0.0 	132.3 	19.0 	0.0 	0.0 	0.0 	-0.0 	19.0 	0.0 	0.0 	0.0 	1.30977249533	3.263353078	180.081167891	-24.5434839837	
1.71666666667	0.0	0.0	0.0 	0.0 	132.616666667 	19.0 	0.0 	0.0 	0.0 	-0.0 	19.0 	0.0 	0.0 	0.0 	1.34110439723	3.27434416119	180.078209371	-24.5656390607	
1.73333333333	0.0	0.0	0.0 	0.0 	132.933333333 	19.0 	0.0 	0.0 	0.0 	-0.0 	19.0 	0.0 	0.0 	0.0 	1.37232891505	3.28350339719	180.074974451	-24.5882812884	
1.75	0.0	0.0	0.0 	0.0 	133.25 	19.0 	0.0 	0.0 	0.0 	-0.0 	19.0 	0.0 	0.0 	0.0 	1.40344641683	3.29113609385	180.071489537	-24.6114110023	
1.76666666667	0.0	0.0	0.0 	0.0 	133.566666667 	19.0 	0.0 	0.0 	0.0 	-0.0 	19.0 	0.0 	0.0 	0.0 	1.43445726936	3.2974966744	180.067777324	-24.6350286614	
1.78333333333	0.0	0.0	0.0 	0.0 	133.883333333 	19.0 	0.0 	0.0 	0.0 	-0.0 	19.0 	0.0 	0.0 	0.0 	1.46536183814	3.3027971582	180.063857305	-24.6591347103	
1.8	0.0	0.0	0.0 	0.0 	134.2 	19.0 	0.0 	0.0 	0.0 	-0.0 	19.0 	0.0 	0.0 	0.0 	1.49616048745	3.30721422802	180.059746219	-24.6837294958	
1.81666666667	0.0	0.0	0.0 	0.0 	134.516666667 	19.0 	0.0 	0.0 	0.0 	-0.0 	19.0 	0.0 	0.0 	0.0 	1.52685358031	3.31089511955	180.055458437	-24.70881322	
1.83333333333	0.0	0.0	0.0 	0.0 	134.833333333 	19.0 	0.0 	0.0 	0.0 	-0.0 	19.0 	0.0 	0.0 	0.0 	1.55744147848	3.31396252915	180.051006294	-24.7343859174	
1.85	0.0	0.0	0.0 	0.0 	135.15 	19.0 	0.0 	0.0 	0.0 	-0.0 	19.0 	0.0 	0.0 	0.0 	1.58792454252	3.31651870382	180.046400378	-24.7604474487	
1.86666666667	0.0	0.0	0.0 	0.0 	135.466666667 	19.0 	0.0 	0.0 	0.0 	-0.0 	19.0 	0.0 	0.0 	0.0 	1.6183031317	3.31864884938	180.04164978	-24.7869975041	
1.88333333333	0.0	0.0	0.0 	0.0 	135.783333333 	19.0 	0.0 	0.0 	0.0 	-0.0 	19.0 	0.0 	0.0 	0.0 	1.64857760411	3.32042397067	180.036762307	-24.8140356124	
1.9	0.0	0.0	0.0 	0.0 	136.1 	19.0 	0.0 	0.0 	0.0 	-0.0 	19.0 	0.0 	0.0 	0.0 	1.67874831658	3.32190323842	180.031744664	-24.8415611544	
1.91666666667	0.0	0.0	0.0 	0.0 	136.416666667 	19.0 	0.0 	0.0 	0.0 	-0.0 	19.0 	0.0 	0.0 	0.0 	1.70881562472	3.32313596155	180.026602618	-24.8695733765	
1.93333333333	0.0	0.0	0.0 	0.0 	136.733333333 	19.0 	0.0 	0.0 	0.0 	-0.0 	19.0 	0.0 	0.0 	0.0 	1.73877988295	3.32416323082	180.021341127	-24.898071406	
1.95	0.0	0.0	0.0 	0.0 	137.05 	19.0 	0.0 	0.0 	0.0 	-0.0 	19.0 	0.0 	0.0 	0.0 	1.76864144443	3.32501928854	180.015964463	-24.9270542645	
1.96666666667	0.0	0.0	0.0 	0.0 	137.366666667 	19.0 	0.0 	0.0 	0.0 	-0.0 	19.0 	0.0 	0.0 	0.0 	1.79840066115	3.32573266998	180.010476309	-24.9565208818	
1.98333333333	0.0	0.0	0.0 	0.0 	137.683333333 	19.0 	0.0 	0.0 	0.0 	-0.0 	19.0 	0.0 	0.0 	0.0 	1.82805788387	3.32632715451	180.004879845	-24.9864701081	
2.0	0.0	0.0	0.0 	0.0 	138.0 	19.0 	0.0 	0.0 	0.0 	-0.0 	19.0 	0.0 	0.0 	0.0 	1.85761346216	3.32682255828	179.999177823	-25.0169007248	
2.01666666667	0.0	0.0	0.0 	0.0 	138.316666667 	19.0 	0.0 	0.0 	0.0 	-0.0 	19.0 	0.0 	0.0 	0.0 	1.88706774438	3.32723539476	179.993372628	-25.0478114549	
2.03333333333	0.0	0.0	0.0 	0.0 	138.633333333 	19.0 	0.0 	0.0 	0.0 	-0.0 	19.0 	0.0 	0.0 	0.0 	1.9164210777	3.32757942516	179.987466334	-25.0792009712	
2.05	0.0	0.0	0.0 	0.0 	138.95 	19.0 	0.0 	0.0 	0.0 	-0.0 	19.0 	0.0 	0.0 	0.0 	1.94567380811	3.32786611716	179.981460749	-25.1110679044	
2.06666666667	0.0	0.0	0.0 	0.0 	139.266666667 	19.0 	0.0 	0.0 	0.0 	-0.0 	19.0 	0.0 	0.0 	0.0 	1.97482628041	3.32810502716	179.975357453	-25.1434108499	
2.08333333333	0.0	0.0	0.0 	0.0 	139.583333333 	19.0 	0.0 	0.0 	0.0 	-0.0 	19.0 	0.0 	0.0 	0.0 	2.00387883821	3.32830411883	179.969157835	-25.1762283734	
2.1	0.0	0.0	0.0 	0.0 	139.9 	19.0 	0.0 	0.0 	0.0 	-0.0 	19.0 	0.0 	0.0 	0.0 	2.03283182395	3.32847002855	179.962863119	-25.2095190161	
2.11666666667	0.0	0.0	0.0 	0.0 	140.216666667 	19.0 	0.0 	0.0 	0.0 	-0.0 	19.0 	0.0 	0.0 	0.0 	2.0616855789	3.32860828665	179.956474388	-25.2432812989	
2.13333333333	0.0	0.0	0.0 	0.0 	140.533333333 	19.0 	0.0 	0.0 	0.0 	-0.0 	19.0 	0.0 	0.0 	0.0 	2.09044044314	3.32872350174	179.949992608	-25.2775137264	
2.15	0.0	0.0	0.0 	0.0 	140.85 	19.0 	0.0 	0.0 	0.0 	-0.0 	19.0 	0.0 	0.0 	0.0 	2.1190967556	3.32881951431	179.943418643	-25.3122147902	
2.16666666667	0.0	0.0	0.0 	0.0 	141.166666667 	19.0 	0.0 	0.0 	0.0 	-0.0 	19.0 	0.0 	0.0 	0.0 	2.14765485406	3.32889952479	179.936753269	-25.3473829711	
2.18333333333	0.0	0.0	0.0 	0.0 	141.483333333 	19.0 	0.0 	0.0 	0.0 	-0.0 	19.0 	0.0 	0.0 	0.0 	2.17611507513	3.32896620018	179.929997191	-25.3830167422	
2.2	0.0	0.0	0.0 	0.0 	141.8 	19.0 	0.0 	0.0 	0.0 	-0.0 	19.0 	0.0 	0.0 	0.0 	2.20447775425	3.32902176301	179.923151051	-25.4191145703	
2.21666666667	0.0	0.0	0.0 	0.0 	142.116666667 	19.0 	0.0 	0.0 	0.0 	-0.0 	19.0 	0.0 	0.0 	0.0 	2.23274322574	3.32906806537	179.916215439	-25.4556749181	
2.23333333333	0.0	0.0	0.0 	0.0 	142.433333333 	19.0 	0.0 	0.0 	0.0 	-0.0 	19.0 	0.0 	0.0 	0.0 	2.26091182276	3.32910665067	179.909190897	-25.4926962453	
2.25	0.0	0.0	0.0 	0.0 	142.75 	19.0 	0.0 	0.0 	0.0 	-0.0 	19.0 	0.0 	0.0 	0.0 	2.28898387732	3.32913880508	179.902077931	-25.5301770099	
2.26666666667	0.0	0.0	0.0 	0.0 	143.066666667 	19.0 	0.0 	0.0 	0.0 	-0.0 	19.0 	0.0 	0.0 	0.0 	2.3169597203	3.32916560043	179.894877015	-25.5681156696	
2.28333333333	0.0	0.0	0.0 	0.0 	143.383333333 	19.0 	0.0 	0.0 	0.0 	-0.0 	19.0 	0.0 	0.0 	0.0 	2.34483968146	3.32918792989	179.887588593	-25.6065106822	
2.3	0.0	0.0	0.0 	0.0 	143.7 	19.0 	0.0 	0.0 	0.0 	-0.0 	19.0 	0.0 	0.0 	0.0 	2.37262408941	3.32920653777	179.880213086	-25.6453605067	
2.31666666667	0.0	0.0	0.0 	0.0 	144.016666667 	19.0 	0.0 	0.0 	0.0 	-0.0 	19.0 	0.0 	0.0 	0.0 	2.40031327163	3.32922204433	179.872750895	-25.6846636037	
2.33333333333	0.0	0.0	0.0 	0.0 	144.333333333 	19.0 	0.0 	0.0 	0.0 	-0.0 	19.0 	0.0 	0.0 	0.0 	2.4279075545	3.32923496647	179.865202404	-25.7244184362	
2.35	0.0	0.0	0.0 	0.0 	144.65 	19.0 	0.0 	0.0 	0.0 	-0.0 	19.0 	0.0 	0.0 	0.0 	2.45540726327	3.32924573492	179.857567983	-25.7646234698	
2.36666666667	0.0	0.0	0.0 	0.0 	144.966666667 	19.0 	0.0 	0.0 	0.0 	-0.0 	19.0 	0.0 	0.0 	0.0 	2.48281272207	3.32925470863	179.849847987	-25.8052771732	
2.38333333333	0.0	0.0	0.0 	0.0 	145.283333333 	19.0 	0.0 	0.0 	0.0 	-0.0 	19.0 	0.0 	0.0 	0.0 	2.51012425392	3.32926218672	179.842042761	-25.8463780188	
2.4	0.0	0.0	0.0 	0.0 	145.6 	19.0 	0.0 	0.0 	0.0 	-0.0 	19.0 	0.0 	0.0 	0.0 	2.53734218075	3.32926841846	179.834152643	-25.8879244823	
2.41666666667	0.0	0.0	0.0 	0.0 	145.916666667 	19.0 	0.0 	0.0 	0.0 	-0.0 	19.0 	0.0 	0.0 	0.0 	2.56446682336	3.32927361157	179.82617796	-25.9299150435	
2.43333333333	0.0	0.0	0.0 	0.0 	146.233333333 	19.0 	0.0 	0.0 	0.0 	-0.0 	19.0 	0.0 	0.0 	0.0 	2.59149850146	3.32927793917	179.818119033	-25.9723481863	
2.45	0.0	0.0	0.0 	0.0 	146.55 	19.0 	0.0 	0.0 	0.0 	-0.0 	19.0 	0.0 	0.0 	0.0 	2.61843753369	3.3292815455	179.809976178	-26.0152223989	
2.46666666667	0.0	0.0	0.0 	0.0 	146.866666667 	19.0 	0.0 	0.0 	0.0 	-0.0 	19.0 	0.0 	0.0 	0.0 	2.64528423755	3.32928455078	179.801749704	-26.0585361739	
2.48333333333	0.0	0.0	0.0 	0.0 	147.183333333 	19.0 	0.0 	0.0 	0.0 	-0.0 	19.0 	0.0 	0.0 	0.0 	2.6720389295	3.32928705518	179.793439918	-26.1022880083	
2.5	0.0	0.0	0.0 	0.0 	147.5 	19.0 	0.0 	0.0 	0.0 	-0.0 	19.0 	0.0 	0.0 	0.0 	2.69870192487	3.32928914218	179.785047119	-26.1464764038	
2.51666666667	0.0	0.0	0.0 	0.0 	147.816666667 	19.0 	0.0 	0.0 	0.0 	-0.0 	19.0 	0.0 	0.0 	0.0 	2.72527353796	3.32929088134	179.776571607	-26.1910998666	
2.53333333333	0.0	0.0	0.0 	0.0 	148.133333333 	19.0 	0.0 	0.0 	0.0 	-0.0 	19.0 	0.0 	0.0 	0.0 	2.75175408194	3.32929233064	179.768013676	-26.2361569078	
2.55	0.0	0.0	0.0 	0.0 	148.45 	19.0 	0.0 	0.0 	0.0 	-0.0 	19.0 	0.0 	0.0 	0.0 	2.77814386894	3.3292935384	179.759373619	-26.2816460433	
2.56666666667	0.0	0.0	0.0 	0.0 	148.766666667 	19.0 	0.0 	0.0 	0.0 	-0.0 	19.0 	0.0 	0.0 	0.0 	2.80444321002	3.32929454486	179.750651723	-26.3275657935	
2.58333333333	0.0	0.0	0.0 	0.0 	149.083333333 	19.0 	0.0 	0.0 	0.0 	-0.0 	19.0 	0.0 	0.0 	0.0 	2.83065241516	3.32929538358	179.741848278	-26.373914684	
2.6	0.0	0.0	0.0 	0.0 	149.4 	19.0 	0.0 	0.0 	0.0 	-0.0 	19.0 	0.0 	0.0 	0.0 	2.85677179329	3.32929608251	179.732963567	-26.4206912451	
2.61666666667	0.0	0.0	0.0 	0.0 	149.716666667 	19.0 	0.0 	0.0 	0.0 	-0.0 	19.0 	0.0 	0.0 	0.0 	2.88280165226	3.32929666495	179.723997875	-26.4678940118	
2.63333333333	0.0	0.0	0.0 	0.0 	150.033333333 	19.0 	0.0 	0.0 	0.0 	-0.0 	19.0 	0.0 	0.0 	0.0 	2.90874229889	3.32929715032	179.714951482	-26.5155215242	
2.65	0.0	0.0	0.0 	0.0 	150.35 	19.0 	0.0 	0.0 	0.0 	-0.0 	19.0 	0.0 	0.0 	0.0 	2.93459403894	3.32929755479	179.70582467	-26.5635723273	
2.66666666667	0.0	0.0	0.0 	0.0 	150.666666667 	19.0 	0.0 	0.0 	0.0 	-0.0 	19.0 	0.0 	0.0 	0.0 	2.96035717711	3.32929789185	179.696617716	-26.6120449707	
2.68333333333	0.0	0.0	0.0 	0.0 	150.983333333 	19.0 	0.0 	0.0 	0.0 	-0.0 	19.0 	0.0 	0.0 	0.0 	2.98603201708	3.32929817274	179.687330897	-26.6609380093	
2.7	0.0	0.0	0.0 	0.0 	151.3 	19.0 	0.0 	0.0 	0.0 	-0.0 	19.0 	0.0 	0.0 	0.0 	3.01161886147	3.32929840681	179.677964489	-26.7102500025	
2.71666666667	0.0	0.0	0.0 	0.0 	151.616666667 	19.0 	0.0 	0.0 	0.0 	-0.0 	19.0 	0.0 	0.0 	0.0 	3.03711801186	3.32929860187	179.668518767	-26.7599795148	
2.73333333333	0.0	0.0	0.0 	0.0 	151.933333333 	19.0 	0.0 	0.0 	0.0 	-0.0 	19.0 	0.0 	0.0 	0.0 	3.06252976881	3.32929876442	179.658994004	-26.8101251155	
2.75	0.0	0.0	0.0 	0.0 	152.25 	19.0 	0.0 	0.0 	0.0 	-0.0 	19.0 	0.0 	0.0 	0.0 	3.08785443185	3.32929889988	179.649390472	-26.8606853788	
2.76666666667	0.0	0.0	0.0 	0.0 	152.566666667 	19.0 	0.0 	0.0 	0.0 	-0.0 	19.0 	0.0 	0.0 	0.0 	3.11309229947	3.32929901276	179.639708441	-26.9116588837	
2.78333333333	0.0	0.0	0.0 	0.0 	152.883333333 	19.0 	0.0 	0.0 	0.0 	-0.0 	19.0 	0.0 	0.0 	0.0 	3.13824366914	3.32929910682	179.629948183	-26.963044214	
2.8	0.0	0.0	0.0 	0.0 	153.2 	19.0 	0.0 	0.0 	0.0 	-0.0 	19.0 	0.0 	0.0 	0.0 	3.16330883733	3.32929918521	179.620109965	-27.0148399584	
2.81666666667	0.0	0.0	0.0 	0.0 	153.516666667 	19.0 	0.0 	0.0 	0.0 	-0.0 	19.0 	0.0 	0.0 	0.0 	3.18828809947	3.32929925054	179.610194056	-27.0670447105	
2.83333333333	0.0	0.0	0.0 	0.0 	153.833333333 	19.0 	0.0 	0.0 	0.0 	-0.0 	19.0 	0.0 	0.0 	0.0 	3.21318174998	3.32929930498	179.600200723	-27.1196570685	
2.85	0.0	0.0	0.0 	0.0 	154.15 	19.0 	0.0 	0.0 	0.0 	-0.0 	19.0 	0.0 	0.0 	0.0 	3.2379900823	3.32929935034	179.59013023	-27.1726756355	
2.86666666667	0.0	0.0	0.0 	0.0 	154.466666667 	19.0 	0.0 	0.0 	0.0 	-0.0 	19.0 	0.0 	0.0 	0.0 	3.26271338881	3.32929938814	179.579982843	-27.2260990193	
2.88333333333	0.0	0.0	0.0 	0.0 	154.783333333 	19.0 	0.0 	0.0 	0.0 	-0.0 	19.0 	0.0 	0.0 	0.0 	3.28735196095	3.32929941965	179.569758826	-27.2799258327	
2.9	0.0	0.0	0.0 	0.0 	155.1 	19.0 	0.0 	0.0 	0.0 	-0.0 	19.0 	0.0 	0.0 	0.0 	3.31190608911	3.3292994459	179.559458441	-27.334154693	
2.91666666667	0.0	0.0	0.0 	0.0 	155.416666667 	19.0 	0.0 	0.0 	0.0 	-0.0 	19.0 	0.0 	0.0 	0.0 	3.33637606271	3.32929946778	179.549081951	-27.3887842222	
2.93333333333	0.0	0.0	0.0 	0.0 	155.733333333 	19.0 	0.0 	0.0 	0.0 	-0.0 	19.0 	0.0 	0.0 	0.0 	3.36076217018	3.32929948601	179.538629617	-27.4438130472	
2.95	0.0	0.0	0.0 	0.0 	156.05 	19.0 	0.0 	0.0 	0.0 	-0.0 	19.0 	0.0 	0.0 	0.0 	3.38506469895	3.3292995012	179.528101698	-27.4992397996	
2.96666666667	0.0	0.0	0.0 	0.0 	156.366666667 	19.0 	0.0 	0.0 	0.0 	-0.0 	19.0 	0.0 	0.0 	0.0 	3.40928393547	3.32929951386	179.517498454	-27.5550631154	
2.98333333333	0.0	0.0	0.0 	0.0 	156.683333333 	19.0 	0.0 	0.0 	0.0 	-0.0 	19.0 	0.0 	0.0 	0.0 	3.43342016521	3.32929952441	179.506820143	-27.6112816357	
3.0	0.0	0.0	0.0 	0.0 	157.0 	19.0 	0.0 	0.0 	0.0 	-0.0 	19.0 	0.0 	0.0 	0.0 	3.45747367266	3.3292995332	179.496067023	-27.6678940059	
3.01666666667	0.0	0.0	0.0 	0.0 	157.316666667 	19.0 	0.0 	0.0 	0.0 	-0.0 	19.0 	0.0 	0.0 	0.0 	3.48144474133	3.32929954053	179.485239349	-27.7248988761	
3.03333333333	0.0	0.0	0.0 	0.0 	157.633333333 	19.0 	0.0 	0.0 	0.0 	-0.0 	19.0 	0.0 	0.0 	0.0 	3.50533365377	3.32929954664	179.474337379	-27.7822949013	
3.05	0.0	0.0	0.0 	0.0 	157.95 	19.0 	0.0 	0.0 	0.0 	-0.0 	19.0 	0.0 	0.0 	0.0 	3.52914069155	3.32929955172	179.463361365	-27.8400807407	
3.06666666667	0.0	0.0	0.0 	0.0 	158.266666667 	19.0 	0.0 	0.0 	0.0 	-0.0 	19.0 	0.0 	0.0 	0.0 	3.55286613529	3.32929955596	179.452311562	-27.8982550585	
3.08333333333	0.0	0.0	0.0 	0.0 	158.583333333 	19.0 	0.0 	0.0 	0.0 	-0.0 	19.0 	0.0 	0.0 	0.0 	3.57651026462	3.3292995595	179.441188224	-27.956816523	
3.1	0.0	0.0	0.0 	0.0 	158.9 	19.0 	0.0 	0.0 	0.0 	-0.0 	19.0 	0.0 	0.0 	0.0 	3.60007335824	3.32929956244	179.429991601	-28.0157638076	
3.11666666667	0.0	0.0	0.0 	0.0 	159.216666667 	19.0 	0.0 	0.0 	0.0 	-0.0 	19.0 	0.0 	0.0 	0.0 	3.62355569388	3.32929956489	179.418721945	-28.0750955899	
3.13333333333	0.0	0.0	0.0 	0.0 	159.533333333 	19.0 	0.0 	0.0 	0.0 	-0.0 	19.0 	0.0 	0.0 	0.0 	3.64695754833	3.32929956694	179.407379508	-28.134810552	
3.15	0.0	0.0	0.0 	0.0 	159.85 	19.0 	0.0 	0.0 	0.0 	-0.0 	19.0 	0.0 	0.0 	0.0 	3.67027919742	3.32929956864	179.395964537	-28.1949073807	
3.16666666667	0.0	0.0	0.0 	0.0 	160.166666667 	19.0 	0.0 	0.0 	0.0 	-0.0 	19.0 	0.0 	0.0 	0.0 	3.69352091603	3.32929957006	179.384477281	-28.2553847673	
3.18333333333	0.0	0.0	0.0 	0.0 	160.483333333 	19.0 	0.0 	0.0 	0.0 	-0.0 	19.0 	0.0 	0.0 	0.0 	3.71668297812	3.32929957125	179.372917989	-28.3162414075	
3.2	0.0	0.0	0.0 	0.0 	160.8 	19.0 	0.0 	0.0 	0.0 	-0.0 	19.0 	0.0 	0.0 	0.0 	3.7397656567	3.32929957223	179.361286908	-28.3774760013	
3.21666666667	0.0	0.0	0.0 	0.0 	161.116666667 	19.0 	0.0 	0.0 	0.0 	-0.0 	19.0 	0.0 	0.0 	0.0 	3.76276922382	3.32929957305	179.349584283	-28.4390872536	
3.23333333333	0.0	0.0	0.0 	0.0 	161.433333333 	19.0 	0.0 	0.0 	0.0 	-0.0 	19.0 	0.0 	0.0 	0.0 	3.78569395064	3.32929957374	179.337810359	-28.5010738733	
3.25	0.0	0.0	0.0 	0.0 	161.75 	19.0 	0.0 	0.0 	0.0 	-0.0 	19.0 	0.0 	0.0 	0.0 	3.80854010736	3.32929957431	179.325965381	-28.5634345739	
3.26666666667	0.0	0.0	0.0 	0.0 	162.066666667 	19.0 	0.0 	0.0 	0.0 	-0.0 	19.0 	0.0 	0.0 	0.0 	3.83130796326	3.32929957479	179.314049593	-28.6261680735	
3.28333333333	0.0	0.0	0.0 	0.0 	162.383333333 	19.0 	0.0 	0.0 	0.0 	-0.0 	19.0 	0.0 	0.0 	0.0 	3.85399778672	3.32929957518	179.302063236	-28.6892730941	
3.3	0.0	0.0	0.0 	0.0 	162.7 	19.0 	0.0 	0.0 	0.0 	-0.0 	19.0 	0.0 	0.0 	0.0 	3.87660984516	3.32929957551	179.290006554	-28.7527483627	
3.31666666667	0.0	0.0	0.0 	0.0 	163.016666667 	19.0 	0.0 	0.0 	0.0 	-0.0 	19.0 	0.0 	0.0 	0.0 	3.89914440511	3.32929957579	179.277879787	-28.8165926101	
3.33333333333	0.0	0.0	0.0 	0.0 	163.333333333 	19.0 	0.0 	0.0 	0.0 	-0.0 	19.0 	0.0 	0.0 	0.0 	3.9216017322	3.32929957602	179.265683175	-28.8808045718	
3.35	0.0	0.0	0.0 	0.0 	163.65 	19.0 	0.0 	0.0 	0.0 	-0.0 	19.0 	0.0 	0.0 	0.0 	3.9439820911	3.32929957621	179.253416957	-28.9453829876	
3.36666666667	0.0	0.0	0.0 	0.0 	163.966666667 	19.0 	0.0 	0.0 	0.0 	-0.0 	19.0 	0.0 	0.0 	0.0 	3.96628574563	3.32929957637	179.241081373	-29.0103266014	
3.38333333333	0.0	0.0	0.0 	0.0 	164.283333333 	19.0 	0.0 	0.0 	0.0 	-0.0 	19.0 	0.0 	0.0 	0.0 	3.98851295866	3.3292995765	179.22867666	-29.0756341617	
3.4	0.0	0.0	0.0 	0.0 	164.6 	19.0 	0.0 	0.0 	0.0 	-0.0 	19.0 	0.0 	0.0 	0.0 	4.01066399219	3.32929957661	179.216203054	-29.141304421	
3.41666666667	0.0	0.0	0.0 	0.0 	164.916666667 	19.0 	0.0 	0.0 	0.0 	-0.0 	19.0 	0.0 	0.0 	0.0 	4.03273910731	3.3292995767	179.203660793	-29.2073361363	
3.43333333333	0.0	0.0	0.0 	0.0 	165.233333333 	19.0 	0.0 	0.0 	0.0 	-0.0 	19.0 	0.0 	0.0 	0.0 	4.05473856421	3.32929957678	179.191050111	-29.2737280688	
3.45	0.0	0.0	0.0 	0.0 	165.55 	19.0 	0.0 	0.0 	0.0 	-0.0 	19.0 	0.0 	0.0 	0.0 	4.0766626222	3.32929957684	179.178371242	-29.3404789839	
3.46666666667	0.0	0.0	0.0 	0.0 	165.866666667 	19.0 	0.0 	0.0 	0.0 	-0.0 	19.0 	0.0 	0.0 	0.0 	4.09851153969	3.3292995769	179.165624421	-29.4075876513	
3.48333333333	0.0	0.0	0.0 	0.0 	166.183333333 	19.0 	0.0 	0.0 	0.0 	-0.0 	19.0 	0.0 	0.0 	0.0 	4.12028557421	3.32929957694	179.152809881	-29.4750528447	
3.5	0.0	0.0	0.0 	0.0 	166.5 	19.0 	0.0 	0.0 	0.0 	-0.0 	19.0 	0.0 	0.0 	0.0 	4.14198498242	3.32929957698	179.139927852	-29.5428733424	
3.51666666667	0.0	0.0	0.0 	0.0 	166.816666667 	19.0 	0.0 	0.0 	0.0 	-0.0 	19.0 	0.0 	0.0 	0.0 	4.16361002007	3.32929957701	179.126978568	-29.6110479265	
3.53333333333	0.0	0.0	0.0 	0.0 	167.133333333 	19.0 	0.0 	0.0 	0.0 	-0.0 	19.0 	0.0 	0.0 	0.0 	4.18516094205	3.32929957703	179.113962258	-29.6795753836	
3.55	0.0	0.0	0.0 	0.0 	167.45 	19.0 	0.0 	0.0 	0.0 	-0.0 	19.0 	0.0 	0.0 	0.0 	4.2066380024	3.32929957706	179.100879152	-29.7484545041	
3.56666666667	0.0	0.0	0.0 	0.0 	167.766666667 	19.0 	0.0 	0.0 	0.0 	-0.0 	19.0 	0.0 	0.0 	0.0 	4.22804145424	3.32929957707	179.087729478	-29.8176840829	
3.58333333333	0.0	0.0	0.0 	0.0 	168.083333333 	19.0 	0.0 	0.0 	0.0 	-0.0 	19.0 	0.0 	0.0 	0.0 	4.24937154986	3.32929957709	179.074513466	-29.8872629187	
3.6	0.0	0.0	0.0 	0.0 	168.4 	19.0 	0.0 	0.0 	0.0 	-0.0 	19.0 	0.0 	0.0 	0.0 	4.27062854068	3.3292995771	179.061231342	-29.9571898147	
3.61666666667	0.0	0.0	0.0 	0.0 	168.716666667 	19.0 	0.0 	0.0 	0.0 	-0.0 	19.0 	0.0 	0.0 	0.0 	4.29181267725	3.32929957711	179.047883334	-30.0274635779	
3.63333333333	0.0	0.0	0.0 	0.0 	169.033333333 	19.0 	0.0 	0.0 	0.0 	-0.0 	19.0 	0.0 	0.0 	0.0 	4.31292420926	3.32929957712	179.034469666	-30.0980830194	
3.65	0.0	0.0	0.0 	0.0 	169.35 	19.0 	0.0 	0.0 	0.0 	-0.0 	19.0 	0.0 	0.0 	0.0 	4.33396338554	3.32929957713	179.020990563	-30.1690469545	
3.66666666667	0.0	0.0	0.0 	0.0 	169.666666667 	19.0 	0.0 	0.0 	0.0 	-0.0 	19.0 	0.0 	0.0 	0.0 	4.35493045409	3.32929957713	179.007446251	-30.2403542026	
3.68333333333	0.0	0.0	0.0 	0.0 	169.983333333 	19.0 	0.0 	0.0 	0.0 	-0.0 	19.0 	0.0 	0.0 	0.0 	4.37582566205	3.32929957714	178.993836953	-30.312003587	
3.7	0.0	0.0	0.0 	0.0 	170.3 	19.0 	0.0 	0.0 	0.0 	-0.0 	19.0 	0.0 	0.0 	0.0 	4.39664925569	3.32929957714	178.980162891	-30.3839939351	
3.71666666667	0.0	0.0	0.0 	0.0 	170.616666667 	19.0 	0.0 	0.0 	0.0 	-0.0 	19.0 	0.0 	0.0 	0.0 	4.41740148046	3.32929957715	178.966424287	-30.4563240782	
3.73333333333	0.0	0.0	0.0 	0.0 	170.933333333 	19.0 	0.0 	0.0 	0.0 	-0.0 	19.0 	0.0 	0.0 	0.0 	4.43808258097	3.32929957715	178.952621363	-30.5289928519	
3.75	0.0	0.0	0.0 	0.0 	171.25 	19.0 	0.0 	0.0 	0.0 	-0.0 	19.0 	0.0 	0.0 	0.0 	4.45869280098	3.32929957715	178.938754339	-30.6019990955	
3.76666666667	0.0	0.0	0.0 	0.0 	171.566666667 	19.0 	0.0 	0.0 	0.0 	-0.0 	19.0 	0.0 	0.0 	0.0 	4.47923238342	3.32929957715	178.924823434	-30.6753416525	
3.78333333333	0.0	0.0	0.0 	0.0 	171.883333333 	19.0 	0.0 	0.0 	0.0 	-0.0 	19.0 	0.0 	0.0 	0.0 	4.49970157039	3.32929957715	178.910828868	-30.7490193701	
3.8	0.0	0.0	0.0 	0.0 	172.2 	19.0 	0.0 	0.0 	0.0 	-0.0 	19.0 	0.0 	0.0 	0.0 	4.52010060315	3.32929957716	178.896770859	-30.8230310996	
3.81666666667	0.0	0.0	0.0 	0.0 	172.516666667 	19.0 	0.0 	0.0 	0.0 	-0.0 	19.0 	0.0 	0.0 	0.0 	4.54042972214	3.32929957716	178.882649624	-30.8973756964	
3.83333333333	0.0	0.0	0.0 	0.0 	172.833333333 	19.0 	0.0 	0.0 	0.0 	-0.0 	19.0 	0.0 	0.0 	0.0 	4.56068916698	3.32929957716	178.868465379	-30.9720520196	
3.85	0.0	0.0	0.0 	0.0 	173.15 	19.0 	0.0 	0.0 	0.0 	-0.0 	19.0 	0.0 	0.0 	0.0 	4.58087917647	3.32929957716	178.854218342	-31.0470589321	
3.86666666667	0.0	0.0	0.0 	0.0 	173.466666667 	19.0 	0.0 	0.0 	0.0 	-0.0 	19.0 	0.0 	0.0 	0.0 	4.60099998858	3.32929957716	178.839908727	-31.1223953011	
3.88333333333	0.0	0.0	0.0 	0.0 	173.783333333 	19.0 	0.0 	0.0 	0.0 	-0.0 	19.0 	0.0 	0.0 	0.0 	4.62105184047	3.32929957716	178.825536748	-31.1980599974	
3.9	0.0	0.0	0.0 	0.0 	174.1 	19.0 	0.0 	0.0 	0.0 	-0.0 	19.0 	0.0 	0.0 	0.0 	4.64103496849	3.32929957716	178.81110262	-31.2740518956	
3.91666666667	0.0	0.0	0.0 	0.0 	174.416666667 	19.0 	0.0 	0.0 	0.0 	-0.0 	19.0 	0.0 	0.0 	0.0 	4.66094960818	3.32929957716	178.796606554	-31.3503698744	
3.93333333333	0.0	0.0	0.0 	0.0 	174.733333333 	19.0 	0.0 	0.0 	0.0 	-0.0 	19.0 	0.0 	0.0 	0.0 	4.68079599427	3.32929957716	178.782048765	-31.4270128162	
3.95	0.0	0.0	0.0 	0.0 	175.05 	19.0 	0.0 	0.0 	0.0 	-0.0 	19.0 	0.0 	0.0 	0.0 	4.70057436068	3.32929957716	178.767429462	-31.5039796072	
3.96666666667	0.0	0.0	0.0 	0.0 	175.366666667 	19.0 	0.0 	0.0 	0.0 	-0.0 	19.0 	0.0 	0.0 	0.0 	4.72028494053	3.32929957716	178.752748858	-31.5812691375	
3.98333333333	0.0	0.0	0.0 	0.0 	175.683333333 	19.0 	0.0 	0.0 	0.0 	-0.0 	19.0 	0.0 	0.0 	0.0 	4.73992796617	3.32929957716	178.738007161	-31.6588803009	
4.0	0.0	0.0	0.0 	0.0 	176.0 	19.0 	0.0 	0.0 	0.0 	-0.0 	19.0 	0.0 	0.0 	0.0 	4.7595036691	3.32929957716	178.723204582	-31.7368119952	
4.01666666667	0.0	0.0	0.0 	0.0 	176.316666667 	19.0 	0.0 	0.0 	0.0 	-0.0 	19.0 	0.0 	0.0 	0.0 	4.77901228008	3.32929957716	178.708341329	-31.8150631218	
4.03333333333	0.0	0.0	0.0 	0.0 	176.633333333 	19.0 	0.0 	0.0 	0.0 	-0.0 	19.0 	0.0 	0.0 	0.0 	4.79845402903	3.32929957716	178.69341761	-31.8936325859	
4.05	0.0	0.0	0.0 	0.0 	176.95 	19.0 	0.0 	0.0 	0.0 	-0.0 	19.0 	0.0 	0.0 	0.0 	4.81782914513	3.32929957716	178.678433632	-31.9725192964	
4.06666666667	0.0	0.0	0.0 	0.0 	177.266666667 	19.0 	0.0 	0.0 	0.0 	-0.0 	19.0 	0.0 	0.0 	0.0 	4.83713785674	3.32929957716	178.663389602	-32.0517221661	
4.08333333333	0.0	0.0	0.0 	0.0 	177.583333333 	19.0 	0.0 	0.0 	0.0 	-0.0 	19.0 	0.0 	0.0 	0.0 	4.85638039145	3.32929957716	178.648285726	-32.1312401113	
4.1	0.0	0.0	0.0 	0.0 	177.9 	19.0 	0.0 	0.0 	0.0 	-0.0 	19.0 	0.0 	0.0 	0.0 	4.87555697607	3.32929957716	178.633122208	-32.2110720523	
4.11666666667	0.0	0.0	0.0 	0.0 	178.216666667 	19.0 	0.0 	0.0 	0.0 	-0.0 	19.0 	0.0 	0.0 	0.0 	4.89466783662	3.32929957716	178.617899253	-32.2912169128	
4.13333333333	0.0	0.0	0.0 	0.0 	178.533333333 	19.0 	0.0 	0.0 	0.0 	-0.0 	19.0 	0.0 	0.0 	0.0 	4.91371319838	3.32929957716	178.602617066	-32.3716736203	
4.15	0.0	0.0	0.0 	0.0 	178.85 	19.0 	0.0 	0.0 	0.0 	-0.0 	19.0 	0.0 	0.0 	0.0 	4.93269328581	3.32929957716	178.587275848	-32.4524411062	
4.16666666667	0.0	0.0	0.0 	0.0 	179.166666667 	19.0 	0.0 	0.0 	0.0 	-0.0 	19.0 	0.0 	0.0 	0.0 	4.95160832264	3.32929957716	178.571875802	-32.5335183052	
4.18333333333	0.0	0.0	0.0 	0.0 	179.483333333 	19.0 	0.0 	0.0 	0.0 	-0.0 	19.0 	0.0 	0.0 	0.0 	4.97045853182	3.32929957716	178.55641713	-32.6149041558	
4.2	0.0	0.0	0.0 	0.0 	179.8 	19.0 	0.0 	0.0 	0.0 	-0.0 	19.0 	0.0 	0.0 	0.0 	4.98924413552	3.32929957716	178.540900033	-32.6965976003	
4.21666666667	0.0	0.0	0.0 	0.0 	180.116666667 	19.0 	0.0 	0.0 	0.0 	-0.0 	19.0 	0.0 	0.0 	0.0 	5.00796535518	3.32929957716	178.525324711	-32.7785975844	
4.23333333333	0.0	0.0	0.0 	0.0 	180.433333333 	19.0 	0.0 	0.0 	0.0 	-0.0 	19.0 	0.0 	0.0 	0.0 	5.02662241145	3.32929957716	178.509691363	-32.8609030575	
4.25	0.0	0.0	0.0 	0.0 	180.75 	19.0 	0.0 	0.0 	0.0 	-0.0 	19.0 	0.0 	0.0 	0.0 	5.04521552425	3.32929957716	178.494000189	-32.9435129726	
4.26666666667	0.0	0.0	0.0 	0.0 	181.066666667 	19.0 	0.0 	0.0 	0.0 	-0.0 	19.0 	0.0 	0.0 	0.0 	5.06374491273	3.32929957716	178.478251386	-33.0264262863	
4.28333333333	0.0	0.0	0.0 	0.0 	181.383333333 	19.0 	0.0 	0.0 	0.0 	-0.0 	19.0 	0.0 	0.0 	0.0 	5.08221079528	3.32929957716	178.462445152	-33.1096419587	
4.3	0.0	0.0	0.0 	0.0 	181.7 	19.0 	0.0 	0.0 	0.0 	-0.0 	19.0 	0.0 	0.0 	0.0 	5.10061338957	3.32929957716	178.446581684	-33.1931589535	
4.31666666667	0.0	0.0	0.0 	0.0 	182.016666667 	19.0 	0.0 	0.0 	0.0 	-0.0 	19.0 	0.0 	0.0 	0.0 	5.1189529125	3.32929957716	178.430661178	-33.2769762381	
4.33333333333	0.0	0.0	0.0 	0.0 	182.333333333 	19.0 	0.0 	0.0 	0.0 	-0.0 	19.0 	0.0 	0.0 	0.0 	5.13722958024	3.32929957716	178.41468383	-33.3610927833	
4.35	0.0	0.0	0.0 	0.0 	182.65 	19.0 	0.0 	0.0 	0.0 	-0.0 	19.0 	0.0 	0.0 	0.0 	5.15544360821	3.32929957716	178.398649834	-33.4455075633	
4.36666666667	0.0	0.0	0.0 	0.0 	182.966666667 	19.0 	0.0 	0.0 	0.0 	-0.0 	19.0 	0.0 	0.0 	0.0 	5.17359521111	3.32929957716	178.382559385	-33.5302195561	
4.38333333333	0.0	0.0	0.0 	0.0 	183.283333333 	19.0 	0.0 	0.0 	0.0 	-0.0 	19.0 	0.0 	0.0 	0.0 	5.19168460286	3.32929957716	178.366412676	-33.615227743	
4.4	0.0	0.0	0.0 	0.0 	183.6 	19.0 	0.0 	0.0 	0.0 	-0.0 	19.0 	0.0 	0.0 	0.0 	5.20971199671	3.32929957716	178.350209899	-33.7005311088	
4.41666666667	0.0	0.0	0.0 	0.0 	183.916666667 	19.0 	0.0 	0.0 	0.0 	-0.0 	19.0 	0.0 	0.0 	0.0 	5.22767760512	3.32929957716	178.333951248	-33.786128642	
4.43333333333	0.0	0.0	0.0 	0.0 	184.233333333 	19.0 	0.0 	0.0 	0.0 	-0.0 	19.0 	0.0 	0.0 	0.0 	5.24558163986	3.32929957716	178.317636913	-33.8720193342	
4.45	0.0	0.0	0.0 	0.0 	184.55 	19.0 	0.0 	0.0 	0.0 	-0.0 	19.0 	0.0 	0.0 	0.0 	5.26342431196	3.32929957716	178.301267085	-33.9582021808	
4.46666666667	0.0	0.0	0.0 	0.0 	184.866666667 	19.0 	0.0 	0.0 	0.0 	-0.0 	19.0 	0.0 	0.0 	0.0 	5.28120583174	3.32929957716	178.284841955	-34.0446761804	
4.48333333333	0.0	0.0	0.0 	0.0 	185.183333333 	19.0 	0.0 	0.0 	0.0 	-0.0 	19.0 	0.0 	0.0 	0.0 	5.29892640876	3.32929957716	178.268361712	-34.1314403352	
4.5	0.0	0.0	0.0 	0.0 	185.5 	19.0 	0.0 	0.0 	0.0 	-0.0 	19.0 	0.0 	0.0 	0.0 	5.31658625192	3.32929957716	178.251826545	-34.2184936507	
4.51666666667	0.0	0.0	0.0 	0.0 	185.816666667 	19.0 	0.0 	0.0 	0.0 	-0.0 	19.0 	0.0 	0.0 	0.0 	5.33418556935	3.32929957716	178.235236642	-34.3058351359	
4.53333333333	0.0	0.0	0.0 	0.0 	186.133333333 	19.0 	0.0 	0.0 	0.0 	-0.0 	19.0 	0.0 	0.0 	0.0 	5.35172456851	3.32929957716	178.218592191	-34.3934638031	
4.55	0.0	0.0	0.0 	0.0 	186.45 	19.0 	0.0 	0.0 	0.0 	-0.0 	19.0 	0.0 	0.0 	0.0 	5.36920345611	3.32929957716	178.201893378	-34.481378668	
4.56666666667	0.0	0.0	0.0 	0.0 	186.766666667 	19.0 	0.0 	0.0 	0.0 	-0.0 	19.0 	0.0 	0.0 	0.0 	5.38662243818	3.32929957716	178.185140391	-34.5695787499	
4.58333333333	0.0	0.0	0.0 	0.0 	187.083333333 	19.0 	0.0 	0.0 	0.0 	-0.0 	19.0 	0.0 	0.0 	0.0 	5.40398172004	3.32929957716	178.168333414	-34.6580630711	
4.6	0.0	0.0	0.0 	0.0 	187.4 	19.0 	0.0 	0.0 	0.0 	-0.0 	19.0 	0.0 	0.0 	0.0 	5.4212815063	3.32929957716	178.151472633	-34.7468306575	
4.61666666667	0.0	0.0	0.0 	0.0 	187.716666667 	19.0 	0.0 	0.0 	0.0 	-0.0 	19.0 	0.0 	0.0 	0.0 	5.43852200086	3.32929957716	178.134558233	-34.8358805382	
4.63333333333	0.0	0.0	0.0 	0.0 	188.033333333 	19.0 	0.0 	0.0 	0.0 	-0.0 	19.0 	0.0 	0.0 	0.0 	5.45570340694	3.32929957716	178.117590396	-34.9252117458	
4.65	0.0	0.0	0.0 	0.0 	188.35 	19.0 	0.0 	0.0 	0.0 	-0.0 	19.0 	0.0 	0.0 	0.0 	5.47282592705	3.32929957716	178.100569306	-35.014823316	
4.66666666667	0.0	0.0	0.0 	0.0 	188.666666667 	19.0 	0.0 	0.0 	0.0 	-0.0 	19.0 	0.0 	0.0 	0.0 	5.48988976301	3.32929957716	178.083495146	-35.1047142879	
4.68333333333	0.0	0.0	0.0 	0.0 	188.983333333 	19.0 	0.0 	0.0 	0.0 	-0.0 	19.0 	0.0 	0.0 	0.0 	5.50689511595	3.32929957716	178.066368097	-35.194883704	
4.7	0.0	0.0	0.0 	0.0 	189.3 	19.0 	0.0 	0.0 	0.0 	-0.0 	19.0 	0.0 	0.0 	0.0 	5.52384218631	3.32929957716	178.049188341	-35.2853306099	
4.71666666667	0.0	0.0	0.0 	0.0 	189.616666667 	19.0 	0.0 	0.0 	0.0 	-0.0 	19.0 	0.0 	0.0 	0.0 	5.54073117384	3.32929957716	178.031956059	-35.3760540547	
4.73333333333	0.0	0.0	0.0 	0.0 	189.933333333 	19.0 	0.0 	0.0 	0.0 	-0.0 	19.0 	0.0 	0.0 	0.0 	5.55756227761	3.32929957716	178.01467143	-35.4670530904	
4.75	0.0	0.0	0.0 	0.0 	190.25 	19.0 	0.0 	0.0 	0.0 	-0.0 	19.0 	0.0 	0.0 	0.0 	5.57433569601	3.32929957716	177.997334634	-35.5583267726	
4.76666666667	0.0	0.0	0.0 	0.0 	190.566666667 	19.0 	0.0 	0.0 	0.0 	-0.0 	19.0 	0.0 	0.0 	0.0 	5.59105162673	3.32929957716	177.979945849	-35.64987416	
4.78333333333	0.0	0.0	0.0 	0.0 	190.883333333 	19.0 	0.0 	0.0 	0.0 	-0.0 	19.0 	0.0 	0.0 	0.0 	5.60771026682	3.32929957716	177.962505254	-35.7416943146	
4.8	0.0	0.0	0.0 	0.0 	191.2 	19.0 	0.0 	0.0 	0.0 	-0.0 	19.0 	0.0 	0.0 	0.0 	5.62431181261	3.32929957716	177.945013027	-35.8337863013	
4.81666666667	0.0	0.0	0.0 	0.0 	191.516666667 	19.0 	0.0 	0.0 	0.0 	-0.0 	19.0 	0.0 	0.0 	0.0 	5.6408564598	3.32929957716	177.927469344	-35.9261491887	
4.83333333333	0.0	0.0	0.0 	0.0 	191.833333333 	19.0 	0.0 	0.0 	0.0 	-0.0 	19.0 	0.0 	0.0 	0.0 	5.65734440339	3.32929957716	177.909874381	-36.0187820482	
4.85	0.0	0.0	0.0 	0.0 	192.15 	19.0 	0.0 	0.0 	0.0 	-0.0 	19.0 	0.0 	0.0 	0.0 	5.67377583772	3.32929957716	177.892228315	-36.1116839545	
4.86666666667	0.0	0.0	0.0 	0.0 	192.466666667 	19.0 	0.0 	0.0 	0.0 	-0.0 	19.0 	0.0 	0.0 	0.0 	5.69015095646	3.32929957716	177.874531321	-36.2048539856	
4.88333333333	0.0	0.0	0.0 	0.0 	192.783333333 	19.0 	0.0 	0.0 	0.0 	-0.0 	19.0 	0.0 	0.0 	0.0 	5.70646995263	3.32929957716	177.856783573	-36.2982912225	
4.9	0.0	0.0	0.0 	0.0 	193.1 	19.0 	0.0 	0.0 	0.0 	-0.0 	19.0 	0.0 	0.0 	0.0 	5.72273301857	3.32929957716	177.838985244	-36.3919947495	
4.91666666667	0.0	0.0	0.0 	0.0 	193.416666667 	19.0 	0.0 	0.0 	0.0 	-0.0 	19.0 	0.0 	0.0 	0.0 	5.73894034598	3.32929957716	177.82113651	-36.4859636537	
4.93333333333	0.0	0.0	0.0 	0.0 	193.733333333 	19.0 	0.0 	0.0 	0.0 	-0.0 	19.0 	0.0 	0.0 	0.0 	5.75509212589	3.32929957716	177.803237541	-36.5801970258	
4.95	0.0	0.0	0.0 	0.0 	194.05 	19.0 	0.0 	0.0 	0.0 	-0.0 	19.0 	0.0 	0.0 	0.0 	5.77118854868	3.32929957716	177.785288511	-36.6746939594	
4.96666666667	0.0	0.0	0.0 	0.0 	194.366666667 	19.0 	0.0 	0.0 	0.0 	-0.0 	19.0 	0.0 	0.0 	0.0 	5.78722980407	3.32929957716	177.767289591	-36.769453551	
4.98333333333	0.0	0.0	0.0 	0.0 	194.683333333 	19.0 	0.0 	0.0 	0.0 	-0.0 	19.0 	0.0 	0.0 	0.0 	5.80321608113	3.32929957716	177.749240951	-36.8644749005	
5.0	0.0	0.0	0.0 	0.0 	195.0 	19.0 	0.0 	0.0 	0.0 	-0.0 	19.0 	0.0 	0.0 	0.0 	5.81914756831	3.32929957716	177.731142763	-36.9597571108	
5.01666666667	0.0	0.0	0.0 	0.0 	195.316666667 	19.0 	0.0 	0.0 	0.0 	-0.0 	19.0 	0.0 	0.0 	0.0 	5.83502445337	3.32929957716	177.712995196	-37.0552992878	
5.03333333333	0.0	0.0	0.0 	0.0 	195.633333333 	19.0 	0.0 	0.0 	0.0 	-0.0 	19.0 	0.0 	0.0 	0.0 	5.85084692346	3.32929957716	177.69479842	-37.1511005405	
5.05	0.0	0.0	0.0 	0.0 	195.95 	19.0 	0.0 	0.0 	0.0 	-0.0 	19.0 	0.0 	0.0 	0.0 	5.86661516507	3.32929957716	177.676552602	-37.247159981	
5.06666666667	0.0	0.0	0.0 	0.0 	196.266666667 	19.0 	0.0 	0.0 	0.0 	-0.0 	19.0 	0.0 	0.0 	0.0 	5.88232936406	3.32929957716	177.658257912	-37.3434767245	
5.08333333333	0.0	0.0	0.0 	0.0 	196.583333333 	19.0 	0.0 	0.0 	0.0 	-0.0 	19.0 	0.0 	0.0 	0.0 	5.89798970565	3.32929957716	177.639914516	-37.440049889	
5.1	0.0	0.0	0.0 	0.0 	196.9 	19.0 	0.0 	0.0 	0.0 	-0.0 	19.0 	0.0 	0.0 	0.0 	5.91359637444	3.32929957716	177.621522582	-37.5368785957	
5.11666666667	0.0	0.0	0.0 	0.0 	197.216666667 	19.0 	0.0 	0.0 	0.0 	-0.0 	19.0 	0.0 	0.0 	0.0 	5.92914955436	3.32929957716	177.603082276	-37.6339619688	
5.13333333333	0.0	0.0	0.0 	0.0 	197.533333333 	19.0 	0.0 	0.0 	0.0 	-0.0 	19.0 	0.0 	0.0 	0.0 	5.94464942874	3.32929957716	177.584593763	-37.7312991355	
5.15	0.0	0.0	0.0 	0.0 	197.85 	19.0 	0.0 	0.0 	0.0 	-0.0 	19.0 	0.0 	0.0 	0.0 	5.96009618029	3.32929957716	177.566057209	-37.828889226	
5.16666666667	0.0	0.0	0.0 	0.0 	198.166666667 	19.0 	0.0 	0.0 	0.0 	-0.0 	19.0 	0.0 	0.0 	0.0 	5.97548999106	3.32929957716	177.547472779	-37.9267313733	
5.18333333333	0.0	0.0	0.0 	0.0 	198.483333333 	19.0 	0.0 	0.0 	0.0 	-0.0 	19.0 	0.0 	0.0 	0.0 	5.9908310425	3.32929957716	177.528840637	-38.0248247137	
5.2	0.0	0.0	0.0 	0.0 	198.8 	19.0 	0.0 	0.0 	0.0 	-0.0 	19.0 	0.0 	0.0 	0.0 	6.00611951543	3.32929957716	177.510160945	-38.1231683862	
5.21666666667	0.0	0.0	0.0 	0.0 	199.116666667 	19.0 	0.0 	0.0 	0.0 	-0.0 	19.0 	0.0 	0.0 	0.0 	6.02135559006	3.32929957716	177.491433868	-38.2217615328	
5.23333333333	0.0	0.0	0.0 	0.0 	199.433333333 	19.0 	0.0 	0.0 	0.0 	-0.0 	19.0 	0.0 	0.0 	0.0 	6.03653944597	3.32929957716	177.472659567	-38.3206032986	
5.25	0.0	0.0	0.0 	0.0 	199.75 	19.0 	0.0 	0.0 	0.0 	-0.0 	19.0 	0.0 	0.0 	0.0 	6.05167126213	3.32929957716	177.453838205	-38.4196928314	
5.26666666667	0.0	0.0	0.0 	0.0 	200.066666667 	19.0 	0.0 	0.0 	0.0 	-0.0 	19.0 	0.0 	0.0 	0.0 	6.0667512169	3.32929957716	177.434969943	-38.519029282	
5.28333333333	0.0	0.0	0.0 	0.0 	200.383333333 	19.0 	0.0 	0.0 	0.0 	-0.0 	19.0 	0.0 	0.0 	0.0 	6.08177948802	3.32929957716	177.41605494	-38.6186118042	
5.3	0.0	0.0	0.0 	0.0 	200.7 	19.0 	0.0 	0.0 	0.0 	-0.0 	19.0 	0.0 	0.0 	0.0 	6.09675625262	3.32929957716	177.397093359	-38.7184395547	
5.31666666667	0.0	0.0	0.0 	0.0 	201.016666667 	19.0 	0.0 	0.0 	0.0 	-0.0 	19.0 	0.0 	0.0 	0.0 	6.11168168725	3.32929957716	177.378085358	-38.8185116929	
5.33333333333	0.0	0.0	0.0 	0.0 	201.333333333 	19.0 	0.0 	0.0 	0.0 	-0.0 	19.0 	0.0 	0.0 	0.0 	6.12655596781	3.32929957716	177.359031096	-38.9188273812	
5.35	0.0	0.0	0.0 	0.0 	201.65 	19.0 	0.0 	0.0 	0.0 	-0.0 	19.0 	0.0 	0.0 	0.0 	6.14137926963	3.32929957716	177.339930732	-39.019385785	
5.36666666667	0.0	0.0	0.0 	0.0 	201.966666667 	19.0 	0.0 	0.0 	0.0 	-0.0 	19.0 	0.0 	0.0 	0.0 	6.15615176744	3.32929957716	177.320784424	-39.1201860724	
5.38333333333	0.0	0.0	0.0 	0.0 	202.283333333 	19.0 	0.0 	0.0 	0.0 	-0.0 	19.0 	0.0 	0.0 	0.0 	6.17087363534	3.32929957716	177.301592329	-39.2212274144	
5.4	0.0	0.0	0.0 	0.0 	202.6 	19.0 	0.0 	0.0 	0.0 	-0.0 	19.0 	0.0 	0.0 	0.0 	6.18554504688	3.32929957716	177.282354604	-39.3225089847	
5.41666666667	0.0	0.0	0.0 	0.0 	202.916666667 	19.0 	0.0 	0.0 	0.0 	-0.0 	19.0 	0.0 	0.0 	0.0 	6.20016617496	3.32929957716	177.263071407	-39.4240299601	
5.43333333333	0.0	0.0	0.0 	0.0 	203.233333333 	19.0 	0.0 	0.0 	0.0 	-0.0 	19.0 	0.0 	0.0 	0.0 	6.21473719194	3.32929957716	177.243742891	-39.5257895201	
5.45	0.0	0.0	0.0 	0.0 	203.55 	19.0 	0.0 	0.0 	0.0 	-0.0 	19.0 	0.0 	0.0 	0.0 	6.22925826956	3.32929957716	177.224369214	-39.6277868469	
5.46666666667	0.0	0.0	0.0 	0.0 	203.866666667 	19.0 	0.0 	0.0 	0.0 	-0.0 	19.0 	0.0 	0.0 	0.0 	6.24372957897	3.32929957716	177.204950529	-39.7300211257	
5.48333333333	0.0	0.0	0.0 	0.0 	204.183333333 	19.0 	0.0 	0.0 	0.0 	-0.0 	19.0 	0.0 	0.0 	0.0 	6.25815129075	3.32929957716	177.185486992	-39.8324915443	
5.5	0.0	0.0	0.0 	0.0 	204.5 	19.0 	0.0 	0.0 	0.0 	-0.0 	19.0 	0.0 	0.0 	0.0 	6.27252357489	3.32929957716	177.165978754	-39.9351972934	
5.51666666667	0.0	0.0	0.0 	0.0 	204.816666667 	19.0 	0.0 	0.0 	0.0 	-0.0 	19.0 	0.0 	0.0 	0.0 	6.28684660078	3.32929957716	177.146425971	-40.0381375665	
5.53333333333	0.0	0.0	0.0 	0.0 	205.133333333 	19.0 	0.0 	0.0 	0.0 	-0.0 	19.0 	0.0 	0.0 	0.0 	6.30112053725	3.32929957716	177.126828794	-40.1413115598	
5.55	0.0	0.0	0.0 	0.0 	205.45 	19.0 	0.0 	0.0 	0.0 	-0.0 	19.0 	0.0 	0.0 	0.0 	6.31534555254	3.32929957716	177.107187376	-40.2447184722	
5.56666666667	0.0	0.0	0.0 	0.0 	205.766666667 	19.0 	0.0 	0.0 	0.0 	-0.0 	19.0 	0.0 	0.0 	0.0 	6.32952181433	3.32929957716	177.087501868	-40.3483575055	
5.58333333333	0.0	0.0	0.0 	0.0 	206.083333333 	19.0 	0.0 	0.0 	0.0 	-0.0 	19.0 	0.0 	0.0 	0.0 	6.3436494897	3.32929957716	177.067772421	-40.4522278641	
5.6	0.0	0.0	0.0 	0.0 	206.4 	19.0 	0.0 	0.0 	0.0 	-0.0 	19.0 	0.0 	0.0 	0.0 	6.35772874519	3.32929957716	177.047999186	-40.5563287551	
5.61666666667	0.0	0.0	0.0 	0.0 	206.716666667 	19.0 	0.0 	0.0 	0.0 	-0.0 	19.0 	0.0 	0.0 	0.0 	6.37175974672	3.32929957716	177.028182314	-40.6606593886	
5.63333333333	0.0	0.0	0.0 	0.0 	207.033333333 	19.0 	0.0 	0.0 	0.0 	-0.0 	19.0 	0.0 	0.0 	0.0 	6.3857426597	3.32929957716	177.008321953	-40.7652189771	
5.65	0.0	0.0	0.0 	0.0 	207.35 	19.0 	0.0 	0.0 	0.0 	-0.0 	19.0 	0.0 	0.0 	0.0 	6.39967764892	3.32929957716	176.988418253	-40.8700067358	
5.66666666667	0.0	0.0	0.0 	0.0 	207.666666667 	19.0 	0.0 	0.0 	0.0 	-0.0 	19.0 	0.0 	0.0 	0.0 	6.41356487865	3.32929957716	176.968471361	-40.9750218828	
5.68333333333	0.0	0.0	0.0 	0.0 	207.983333333 	19.0 	0.0 	0.0 	0.0 	-0.0 	19.0 	0.0 	0.0 	0.0 	6.42740451256	3.32929957716	176.948481427	-41.0802636388	
5.7	0.0	0.0	0.0 	0.0 	208.3 	19.0 	0.0 	0.0 	0.0 	-0.0 	19.0 	0.0 	0.0 	0.0 	6.44119671379	3.32929957716	176.928448598	-41.185731227	
5.71666666667	0.0	0.0	0.0 	0.0 	208.616666667 	19.0 	0.0 	0.0 	0.0 	-0.0 	19.0 	0.0 	0.0 	0.0 	6.4549416449	3.32929957716	176.908373021	-41.2914238736	
5.73333333333	0.0	0.0	0.0 	0.0 	208.933333333 	19.0 	0.0 	0.0 	0.0 	-0.0 	19.0 	0.0 	0.0 	0.0 	6.4686394679	3.32929957716	176.888254842	-41.3973408071	
5.75	0.0	0.0	0.0 	0.0 	209.25 	19.0 	0.0 	0.0 	0.0 	-0.0 	19.0 	0.0 	0.0 	0.0 	6.48229034424	3.32929957716	176.868094207	-41.5034812588	
5.76666666667	0.0	0.0	0.0 	0.0 	209.566666667 	19.0 	0.0 	0.0 	0.0 	-0.0 	19.0 	0.0 	0.0 	0.0 	6.49589443482	3.32929957716	176.847891262	-41.6098444628	
5.78333333333	0.0	0.0	0.0 	0.0 	209.883333333 	19.0 	0.0 	0.0 	0.0 	-0.0 	19.0 	0.0 	0.0 	0.0 	6.5094519	3.32929957716	176.827646151	-41.7164296554	
5.8	0.0	0.0	0.0 	0.0 	210.2 	19.0 	0.0 	0.0 	0.0 	-0.0 	19.0 	0.0 	0.0 	0.0 	6.52296289957	3.32929957716	176.80735902	-41.823236076	
5.81666666667	0.0	0.0	0.0 	0.0 	210.516666667 	19.0 	0.0 	0.0 	0.0 	-0.0 	19.0 	0.0 	0.0 	0.0 	6.53642759278	3.32929957716	176.787030013	-41.9302629663	
5.83333333333	0.0	0.0	0.0 	0.0 	210.833333333 	19.0 	0.0 	0.0 	0.0 	-0.0 	19.0 	0.0 	0.0 	0.0 	6.54984613834	3.32929957716	176.766659272	-42.0375095707	
5.85	0.0	0.0	0.0 	0.0 	211.15 	19.0 	0.0 	0.0 	0.0 	-0.0 	19.0 	0.0 	0.0 	0.0 	6.56321869442	3.32929957716	176.746246941	-42.1449751361	
5.86666666667	0.0	0.0	0.0 	0.0 	211.466666667 	19.0 	0.0 	0.0 	0.0 	-0.0 	19.0 	0.0 	0.0 	0.0 	6.57654541863	3.32929957716	176.725793162	-42.2526589121	
5.88333333333	0.0	0.0	0.0 	0.0 	211.783333333 	19.0 	0.0 	0.0 	0.0 	-0.0 	19.0 	0.0 	0.0 	0.0 	6.58982646805	3.32929957716	176.705298078	-42.3605601509	
5.9	0.0	0.0	0.0 	0.0 	212.1 	19.0 	0.0 	0.0 	0.0 	-0.0 	19.0 	0.0 	0.0 	0.0 	6.60306199923	3.32929957716	176.68476183	-42.4686781071	
5.91666666667	0.0	0.0	0.0 	0.0 	212.416666667 	19.0 	0.0 	0.0 	0.0 	-0.0 	19.0 	0.0 	0.0 	0.0 	6.61625216816	3.32929957716	176.664184559	-42.577012038	
5.93333333333	0.0	0.0	0.0 	0.0 	212.733333333 	19.0 	0.0 	0.0 	0.0 	-0.0 	19.0 	0.0 	0.0 	0.0 	6.62939713033	3.32929957716	176.643566406	-42.6855612033	
5.95	0.0	0.0	0.0 	0.0 	213.05 	19.0 	0.0 	0.0 	0.0 	-0.0 	19.0 	0.0 	0.0 	0.0 	6.64249704066	3.32929957716	176.622907511	-42.7943248654	
5.96666666667	0.0	0.0	0.0 	0.0 	213.366666667 	19.0 	0.0 	0.0 	0.0 	-0.0 	19.0 	0.0 	0.0 	0.0 	6.65555205357	3.32929957716	176.602208013	-42.9033022891	
5.98333333333	0.0	0.0	0.0 	0.0 	213.683333333 	19.0 	0.0 	0.0 	0.0 	-0.0 	19.0 	0.0 	0.0 	0.0 	6.66856232293	3.32929957716	176.581468052	-43.0124927419	
6.0	0.0	0.0	0.0 	0.0 	214.0 	19.0 	0.0 	0.0 	0.0 	-0.0 	19.0 	0.0 	0.0 	0.0 	6.68152800208	3.32929957716	176.560687766	-43.1218954935	
6.01666666667	0.0	0.0	0.0 	0.0 	214.316666667 	19.0 	0.0 	0.0 	0.0 	-0.0 	19.0 	0.0 	0.0 	0.0 	6.69444924387	3.32929957716	176.539867293	-43.2315098164	
6.03333333333	0.0	0.0	0.0 	0.0 	214.633333333 	19.0 	0.0 	0.0 	0.0 	-0.0 	19.0 	0.0 	0.0 	0.0 	6.70732620058	3.32929957716	176.519006772	-43.3413349854	
6.05	0.0	0.0	0.0 	0.0 	214.95 	19.0 	0.0 	0.0 	0.0 	-0.0 	19.0 	0.0 	0.0 	0.0 	6.72015902399	3.32929957716	176.49810634	-43.451370278	
6.06666666667	0.0	0.0	0.0 	0.0 	215.266666667 	19.0 	0.0 	0.0 	0.0 	-0.0 	19.0 	0.0 	0.0 	0.0 	6.73294786537	3.32929957716	176.477166132	-43.561614974	
6.08333333333	0.0	0.0	0.0 	0.0 	215.583333333 	19.0 	0.0 	0.0 	0.0 	-0.0 	19.0 	0.0 	0.0 	0.0 	6.74569287545	3.32929957716	176.456186287	-43.6720683556	
6.1	0.0	0.0	0.0 	0.0 	215.9 	19.0 	0.0 	0.0 	0.0 	-0.0 	19.0 	0.0 	0.0 	0.0 	6.75839420446	3.32929957716	176.435166938	-43.7827297076	
6.11666666667	0.0	0.0	0.0 	0.0 	216.216666667 	19.0 	0.0 	0.0 	0.0 	-0.0 	19.0 	0.0 	0.0 	0.0 	6.7710520021	3.32929957716	176.414108223	-43.8935983174	
6.13333333333	0.0	0.0	0.0 	0.0 	216.533333333 	19.0 	0.0 	0.0 	0.0 	-0.0 	19.0 	0.0 	0.0 	0.0 	6.78366641757	3.32929957716	176.393010275	-44.0046734744	
6.15	0.0	0.0	0.0 	0.0 	216.85 	19.0 	0.0 	0.0 	0.0 	-0.0 	19.0 	0.0 	0.0 	0.0 	6.79623759955	3.32929957716	176.37187323	-44.1159544709	
6.16666666667	0.0	0.0	0.0 	0.0 	217.166666667 	19.0 	0.0 	0.0 	0.0 	-0.0 	19.0 	0.0 	0.0 	0.0 	6.80876569623	3.32929957716	176.350697221	-44.2274406013	
6.18333333333	0.0	0.0	0.0 	0.0 	217.483333333 	19.0 	0.0 	0.0 	0.0 	-0.0 	19.0 	0.0 	0.0 	0.0 	6.82125085526	3.32929957716	176.329482382	-44.3391311627	
6.2	0.0	0.0	0.0 	0.0 	217.8 	19.0 	0.0 	0.0 	0.0 	-0.0 	19.0 	0.0 	0.0 	0.0 	6.8336932238	3.32929957716	176.308228845	-44.4510254542	
6.21666666667	0.0	0.0	0.0 	0.0 	218.116666667 	19.0 	0.0 	0.0 	0.0 	-0.0 	19.0 	0.0 	0.0 	0.0 	6.84609294852	3.32929957716	176.286936744	-44.5631227778	
6.23333333333	0.0	0.0	0.0 	0.0 	218.433333333 	19.0 	0.0 	0.0 	0.0 	-0.0 	19.0 	0.0 	0.0 	0.0 	6.85845017556	3.32929957716	176.265606211	-44.6754224375	
6.25	0.0	0.0	0.0 	0.0 	218.75 	19.0 	0.0 	0.0 	0.0 	-0.0 	19.0 	0.0 	0.0 	0.0 	6.87076505058	3.32929957716	176.244237377	-44.7879237399	
6.26666666667	0.0	0.0	0.0 	0.0 	219.066666667 	19.0 	0.0 	0.0 	0.0 	-0.0 	19.0 	0.0 	0.0 	0.0 	6.88303771873	3.32929957716	176.222830374	-44.9006259939	
6.28333333333	0.0	0.0	0.0 	0.0 	219.383333333 	19.0 	0.0 	0.0 	0.0 	-0.0 	19.0 	0.0 	0.0 	0.0 	6.89526832467	3.32929957716	176.201385332	-45.0135285108	
6.3	0.0	0.0	0.0 	0.0 	219.7 	19.0 	0.0 	0.0 	0.0 	-0.0 	19.0 	0.0 	0.0 	0.0 	6.90745701256	3.32929957716	176.179902382	-45.1266306042	
6.31666666667	0.0	0.0	0.0 	0.0 	220.016666667 	19.0 	0.0 	0.0 	0.0 	-0.0 	19.0 	0.0 	0.0 	0.0 	6.91960392606	3.32929957716	176.158381654	-45.23993159	
6.33333333333	0.0	0.0	0.0 	0.0 	220.333333333 	19.0 	0.0 	0.0 	0.0 	-0.0 	19.0 	0.0 	0.0 	0.0 	6.93170920834	3.32929957716	176.136823277	-45.3534307867	
6.35	0.0	0.0	0.0 	0.0 	220.65 	19.0 	0.0 	0.0 	0.0 	-0.0 	19.0 	0.0 	0.0 	0.0 	6.9437730021	3.32929957716	176.11522738	-45.4671275149	
6.36666666667	0.0	0.0	0.0 	0.0 	220.966666667 	19.0 	0.0 	0.0 	0.0 	-0.0 	19.0 	0.0 	0.0 	0.0 	6.95579544952	3.32929957716	176.093594092	-45.5810210976	
6.38333333333	0.0	0.0	0.0 	0.0 	221.283333333 	19.0 	0.0 	0.0 	0.0 	-0.0 	19.0 	0.0 	0.0 	0.0 	6.96777669232	3.32929957716	176.071923542	-45.69511086	
6.4	0.0	0.0	0.0 	0.0 	221.6 	19.0 	0.0 	0.0 	0.0 	-0.0 	19.0 	0.0 	0.0 	0.0 	6.9797168717	3.32929957716	176.050215856	-45.80939613	
6.41666666667	0.0	0.0	0.0 	0.0 	221.916666667 	19.0 	0.0 	0.0 	0.0 	-0.0 	19.0 	0.0 	0.0 	0.0 	6.99161612842	3.32929957716	176.028471162	-45.9238762373	
6.43333333333	0.0	0.0	0.0 	0.0 	222.233333333 	19.0 	0.0 	0.0 	0.0 	-0.0 	19.0 	0.0 	0.0 	0.0 	7.00347460271	3.32929957716	176.006689586	-46.0385505142	
6.45	0.0	0.0	0.0 	0.0 	222.55 	19.0 	0.0 	0.0 	0.0 	-0.0 	19.0 	0.0 	0.0 	0.0 	7.01529243437	3.32929957716	175.984871256	-46.1534182953	
6.46666666667	0.0	0.0	0.0 	0.0 	222.866666667 	19.0 	0.0 	0.0 	0.0 	-0.0 	19.0 	0.0 	0.0 	0.0 	7.02706976268	3.32929957716	175.963016298	-46.2684789173	
6.48333333333	0.0	0.0	0.0 	0.0 	223.183333333 	19.0 	0.0 	0.0 	0.0 	-0.0 	19.0 	0.0 	0.0 	0.0 	7.03880672645	3.32929957716	175.941124836	-46.3837317193	
6.5	0.0	0.0	0.0 	0.0 	223.5 	19.0 	0.0 	0.0 	0.0 	-0.0 	19.0 	0.0 	0.0 	0.0 	7.05050346404	3.32929957716	175.919196996	-46.4991760427	
6.51666666667	0.0	0.0	0.0 	0.0 	223.816666667 	19.0 	0.0 	0.0 	0.0 	-0.0 	19.0 	0.0 	0.0 	0.0 	7.06216011331	3.32929957716	175.897232902	-46.614811231	
6.53333333333	0.0	0.0	0.0 	0.0 	224.133333333 	19.0 	0.0 	0.0 	0.0 	-0.0 	19.0 	0.0 	0.0 	0.0 	7.07377681165	3.32929957716	175.875232679	-46.7306366302	
6.55	0.0	0.0	0.0 	0.0 	224.45 	19.0 	0.0 	0.0 	0.0 	-0.0 	19.0 	0.0 	0.0 	0.0 	7.08535369598	3.32929957716	175.853196451	-46.8466515882	
6.56666666667	0.0	0.0	0.0 	0.0 	224.766666667 	19.0 	0.0 	0.0 	0.0 	-0.0 	19.0 	0.0 	0.0 	0.0 	7.09689090278	3.32929957716	175.831124341	-46.9628554554	
6.58333333333	0.0	0.0	0.0 	0.0 	225.083333333 	19.0 	0.0 	0.0 	0.0 	-0.0 	19.0 	0.0 	0.0 	0.0 	7.10838856801	3.32929957716	175.809016472	-47.0792475844	
6.6	0.0	0.0	0.0 	0.0 	225.4 	19.0 	0.0 	0.0 	0.0 	-0.0 	19.0 	0.0 	0.0 	0.0 	7.1198468272	3.32929957716	175.786872966	-47.1958273299	
6.61666666667	0.0	0.0	0.0 	0.0 	225.716666667 	19.0 	0.0 	0.0 	0.0 	-0.0 	19.0 	0.0 	0.0 	0.0 	7.13126581541	3.32929957716	175.764693946	-47.3125940489	
6.63333333333	0.0	0.0	0.0 	0.0 	226.033333333 	19.0 	0.0 	0.0 	0.0 	-0.0 	19.0 	0.0 	0.0 	0.0 	7.14264566723	3.32929957716	175.742479534	-47.4295471006	
6.65	0.0	0.0	0.0 	0.0 	226.35 	19.0 	0.0 	0.0 	0.0 	-0.0 	19.0 	0.0 	0.0 	0.0 	7.15398651679	3.32929957716	175.72022985	-47.5466858463	
6.66666666667	0.0	0.0	0.0 	0.0 	226.666666667 	19.0 	0.0 	0.0 	0.0 	-0.0 	19.0 	0.0 	0.0 	0.0 	7.16528849778	3.32929957716	175.697945016	-47.6640096498	
6.68333333333	0.0	0.0	0.0 	0.0 	226.983333333 	19.0 	0.0 	0.0 	0.0 	-0.0 	19.0 	0.0 	0.0 	0.0 	7.17655174339	3.32929957716	175.675625152	-47.7815178766	
6.7	0.0	0.0	0.0 	0.0 	227.3 	19.0 	0.0 	0.0 	0.0 	-0.0 	19.0 	0.0 	0.0 	0.0 	7.18777638639	3.32929957716	175.653270378	-47.8992098947	
6.71666666667	0.0	0.0	0.0 	0.0 	227.616666667 	19.0 	0.0 	0.0 	0.0 	-0.0 	19.0 	0.0 	0.0 	0.0 	7.19896255909	3.32929957716	175.630880814	-48.0170850742	
6.73333333333	0.0	0.0	0.0 	0.0 	227.933333333 	19.0 	0.0 	0.0 	0.0 	-0.0 	19.0 	0.0 	0.0 	0.0 	7.21011039332	3.32929957716	175.608456578	-48.1351427874	
6.75	0.0	0.0	0.0 	0.0 	228.25 	19.0 	0.0 	0.0 	0.0 	-0.0 	19.0 	0.0 	0.0 	0.0 	7.2212200205	3.32929957716	175.585997791	-48.2533824087	
6.76666666667	0.0	0.0	0.0 	0.0 	228.566666667 	19.0 	0.0 	0.0 	0.0 	-0.0 	19.0 	0.0 	0.0 	0.0 	7.23229157156	3.32929957716	175.56350457	-48.3718033145	
6.78333333333	0.0	0.0	0.0 	0.0 	228.883333333 	19.0 	0.0 	0.0 	0.0 	-0.0 	19.0 	0.0 	0.0 	0.0 	7.24332517701	3.32929957716	175.540977033	-48.4904048836	
6.8	0.0	0.0	0.0 	0.0 	229.2 	19.0 	0.0 	0.0 	0.0 	-0.0 	19.0 	0.0 	0.0 	0.0 	7.2543209669	3.32929957716	175.518415298	-48.6091864969	
6.81666666667	0.0	0.0	0.0 	0.0 	229.516666667 	19.0 	0.0 	0.0 	0.0 	-0.0 	19.0 	0.0 	0.0 	0.0 	7.26527907082	3.32929957716	175.495819482	-48.7281475371	
6.83333333333	0.0	0.0	0.0 	0.0 	229.833333333 	19.0 	0.0 	0.0 	0.0 	-0.0 	19.0 	0.0 	0.0 	0.0 	7.27619961795	3.32929957716	175.473189702	-48.8472873895	
6.85	0.0	0.0	0.0 	0.0 	230.15 	19.0 	0.0 	0.0 	0.0 	-0.0 	19.0 	0.0 	0.0 	0.0 	7.28708273701	3.32929957716	175.450526075	-48.9666054411	
6.86666666667	0.0	0.0	0.0 	0.0 	230.466666667 	19.0 	0.0 	0.0 	0.0 	-0.0 	19.0 	0.0 	0.0 	0.0 	7.29792855626	3.32929957716	175.427828716	-49.0861010811	
6.88333333333	0.0	0.0	0.0 	0.0 	230.783333333 	19.0 	0.0 	0.0 	0.0 	-0.0 	19.0 	0.0 	0.0 	0.0 	7.30873720355	3.32929957716	175.40509774	-49.205773701	
6.9	0.0	0.0	0.0 	0.0 	231.1 	19.0 	0.0 	0.0 	0.0 	-0.0 	19.0 	0.0 	0.0 	0.0 	7.31950880628	3.32929957716	175.382333264	-49.3256226942	
6.91666666667	0.0	0.0	0.0 	0.0 	231.416666667 	19.0 	0.0 	0.0 	0.0 	-0.0 	19.0 	0.0 	0.0 	0.0 	7.33024349141	3.32929957716	175.359535402	-49.4456474562	
6.93333333333	0.0	0.0	0.0 	0.0 	231.733333333 	19.0 	0.0 	0.0 	0.0 	-0.0 	19.0 	0.0 	0.0 	0.0 	7.34094138547	3.32929957716	175.336704268	-49.5658473845	
6.95	0.0	0.0	0.0 	0.0 	232.05 	19.0 	0.0 	0.0 	0.0 	-0.0 	19.0 	0.0 	0.0 	0.0 	7.35160261456	3.32929957716	175.313839976	-49.6862218789	
6.96666666667	0.0	0.0	0.0 	0.0 	232.366666667 	19.0 	0.0 	0.0 	0.0 	-0.0 	19.0 	0.0 	0.0 	0.0 	7.36222730432	3.32929957716	175.290942641	-49.806770341	
6.98333333333	0.0	0.0	0.0 	0.0 	232.683333333 	19.0 	0.0 	0.0 	0.0 	-0.0 	19.0 	0.0 	0.0 	0.0 	7.37281558001	3.32929957716	175.268012374	-49.9274921746	
7.0	0.0	0.0	0.0 	0.0 	233.0 	19.0 	0.0 	0.0 	0.0 	-0.0 	19.0 	0.0 	0.0 	0.0 	7.38336756641	3.32929957716	175.24504929	-50.0483867855	
7.01666666667	0.0	0.0	0.0 	0.0 	233.316666667 	19.0 	0.0 	0.0 	0.0 	-0.0 	19.0 	0.0 	0.0 	0.0 	7.39388338791	3.32929957716	175.222053501	-50.1694535815	
7.03333333333	0.0	0.0	0.0 	0.0 	233.633333333 	19.0 	0.0 	0.0 	0.0 	-0.0 	19.0 	0.0 	0.0 	0.0 	7.40436316845	3.32929957716	175.199025118	-50.2906919726	
7.05	0.0	0.0	0.0 	0.0 	233.95 	19.0 	0.0 	0.0 	0.0 	-0.0 	19.0 	0.0 	0.0 	0.0 	7.41480703155	3.32929957716	175.175964254	-50.4121013705	
7.06666666667	0.0	0.0	0.0 	0.0 	234.266666667 	19.0 	0.0 	0.0 	0.0 	-0.0 	19.0 	0.0 	0.0 	0.0 	7.42521510032	3.32929957716	175.15287102	-50.5336811892	
7.08333333333	0.0	0.0	0.0 	0.0 	234.583333333 	19.0 	0.0 	0.0 	0.0 	-0.0 	19.0 	0.0 	0.0 	0.0 	7.43558749744	3.32929957716	175.129745526	-50.6554308447	
7.1	0.0	0.0	0.0 	0.0 	234.9 	19.0 	0.0 	0.0 	0.0 	-0.0 	19.0 	0.0 	0.0 	0.0 	7.44592434515	3.32929957716	175.106587883	-50.7773497548	
7.11666666667	0.0	0.0	0.0 	0.0 	235.216666667 	19.0 	0.0 	0.0 	0.0 	-0.0 	19.0 	0.0 	0.0 	0.0 	7.4562257653	3.32929957716	175.083398202	-50.8994373394	
7.13333333333	0.0	0.0	0.0 	0.0 	235.533333333 	19.0 	0.0 	0.0 	0.0 	-0.0 	19.0 	0.0 	0.0 	0.0 	7.46649187932	3.32929957716	175.060176593	-51.0216930205	
7.15	0.0	0.0	0.0 	0.0 	235.85 	19.0 	0.0 	0.0 	0.0 	-0.0 	19.0 	0.0 	0.0 	0.0 	7.4767228082	3.32929957716	175.036923163	-51.1441162219	
7.16666666667	0.0	0.0	0.0 	0.0 	236.166666667 	19.0 	0.0 	0.0 	0.0 	-0.0 	19.0 	0.0 	0.0 	0.0 	7.48691867254	3.32929957716	175.013638024	-51.2667063695	
7.18333333333	0.0	0.0	0.0 	0.0 	236.483333333 	19.0 	0.0 	0.0 	0.0 	-0.0 	19.0 	0.0 	0.0 	0.0 	7.49707959251	3.32929957716	174.990321283	-51.3894628911	
7.2	0.0	0.0	0.0 	0.0 	236.8 	19.0 	0.0 	0.0 	0.0 	-0.0 	19.0 	0.0 	0.0 	0.0 	7.50720568789	3.32929957716	174.966973049	-51.5123852165	
7.21666666667	0.0	0.0	0.0 	0.0 	237.116666667 	19.0 	0.0 	0.0 	0.0 	-0.0 	19.0 	0.0 	0.0 	0.0 	7.51729707801	3.32929957716	174.94359343	-51.6354727775	
7.23333333333	0.0	0.0	0.0 	0.0 	237.433333333 	19.0 	0.0 	0.0 	0.0 	-0.0 	19.0 	0.0 	0.0 	0.0 	7.52735388183	3.32929957716	174.920182532	-51.7587250076	
7.25	0.0	0.0	0.0 	0.0 	237.75 	19.0 	0.0 	0.0 	0.0 	-0.0 	19.0 	0.0 	0.0 	0.0 	7.53737621789	3.32929957716	174.896740464	-51.8821413426	
7.26666666667	0.0	0.0	0.0 	0.0 	238.066666667 	19.0 	0.0 	0.0 	0.0 	-0.0 	19.0 	0.0 	0.0 	0.0 	7.54736420432	3.32929957716	174.873267333	-52.0057212201	
7.28333333333	0.0	0.0	0.0 	0.0 	238.383333333 	19.0 	0.0 	0.0 	0.0 	-0.0 	19.0 	0.0 	0.0 	0.0 	7.55731795885	3.32929957716	174.849763244	-52.1294640794	
7.3	0.0	0.0	0.0 	0.0 	238.7 	19.0 	0.0 	0.0 	0.0 	-0.0 	19.0 	0.0 	0.0 	0.0 	7.56723759879	3.32929957716	174.826228304	-52.253369362	
7.31666666667	0.0	0.0	0.0 	0.0 	239.016666667 	19.0 	0.0 	0.0 	0.0 	-0.0 	19.0 	0.0 	0.0 	0.0 	7.57712324107	3.32929957716	174.802662618	-52.3774365113	
7.33333333333	0.0	0.0	0.0 	0.0 	239.333333333 	19.0 	0.0 	0.0 	0.0 	-0.0 	19.0 	0.0 	0.0 	0.0 	7.58697500221	3.32929957716	174.779066293	-52.5016649724	
7.35	0.0	0.0	0.0 	0.0 	239.65 	19.0 	0.0 	0.0 	0.0 	-0.0 	19.0 	0.0 	0.0 	0.0 	7.59679299833	3.32929957716	174.755439432	-52.6260541925	
7.36666666667	0.0	0.0	0.0 	0.0 	239.966666667 	19.0 	0.0 	0.0 	0.0 	-0.0 	19.0 	0.0 	0.0 	0.0 	7.60657734516	3.32929957716	174.731782141	-52.7506036207	
7.38333333333	0.0	0.0	0.0 	0.0 	240.283333333 	19.0 	0.0 	0.0 	0.0 	-0.0 	19.0 	0.0 	0.0 	0.0 	7.61632815802	3.32929957716	174.708094524	-52.8753127079	
7.4	0.0	0.0	0.0 	0.0 	240.6 	19.0 	0.0 	0.0 	0.0 	-0.0 	19.0 	0.0 	0.0 	0.0 	7.62604555184	3.32929957716	174.684376685	-53.0001809067	
7.41666666667	0.0	0.0	0.0 	0.0 	240.916666667 	19.0 	0.0 	0.0 	0.0 	-0.0 	19.0 	0.0 	0.0 	0.0 	7.63572964116	3.32929957716	174.660628727	-53.125207672	
7.43333333333	0.0	0.0	0.0 	0.0 	241.233333333 	19.0 	0.0 	0.0 	0.0 	-0.0 	19.0 	0.0 	0.0 	0.0 	7.64538054012	3.32929957716	174.636850754	-53.2503924603	
7.45	0.0	0.0	0.0 	0.0 	241.55 	19.0 	0.0 	0.0 	0.0 	-0.0 	19.0 	0.0 	0.0 	0.0 	7.65499836248	3.32929957716	174.613042869	-53.37573473	
7.46666666667	0.0	0.0	0.0 	0.0 	241.866666667 	19.0 	0.0 	0.0 	0.0 	-0.0 	19.0 	0.0 	0.0 	0.0 	7.66458322161	3.32929957716	174.589205173	-53.5012339413	
7.48333333333	0.0	0.0	0.0 	0.0 	242.183333333 	19.0 	0.0 	0.0 	0.0 	-0.0 	19.0 	0.0 	0.0 	0.0 	7.67413523046	3.32929957716	174.56533777	-53.6268895563	
7.5	0.0	0.0	0.0 	0.0 	242.5 	19.0 	0.0 	0.0 	0.0 	-0.0 	19.0 	0.0 	0.0 	0.0 	7.68365450165	3.32929957716	174.54144076	-53.7527010391	
7.51666666667	0.0	0.0	0.0 	0.0 	242.816666667 	19.0 	0.0 	0.0 	0.0 	-0.0 	19.0 	0.0 	0.0 	0.0 	7.69314114736	3.32929957716	174.517514246	-53.8786678553	
7.53333333333	0.0	0.0	0.0 	0.0 	243.133333333 	19.0 	0.0 	0.0 	0.0 	-0.0 	19.0 	0.0 	0.0 	0.0 	7.70259527941	3.32929957716	174.493558329	-54.0047894727	
7.55	0.0	0.0	0.0 	0.0 	243.45 	19.0 	0.0 	0.0 	0.0 	-0.0 	19.0 	0.0 	0.0 	0.0 	7.71201700925	3.32929957716	174.469573109	-54.1310653607	
7.56666666667	0.0	0.0	0.0 	0.0 	243.766666667 	19.0 	0.0 	0.0 	0.0 	-0.0 	19.0 	0.0 	0.0 	0.0 	7.72140644791	3.32929957716	174.445558687	-54.2574949905	
7.58333333333	0.0	0.0	0.0 	0.0 	244.083333333 	19.0 	0.0 	0.0 	0.0 	-0.0 	19.0 	0.0 	0.0 	0.0 	7.73076370608	3.32929957716	174.421515163	-54.3840778352	
7.6	0.0	0.0	0.0 	0.0 	244.4 	19.0 	0.0 	0.0 	0.0 	-0.0 	19.0 	0.0 	0.0 	0.0 	7.74008889404	3.32929957716	174.397442636	-54.5108133697	
7.61666666667	0.0	0.0	0.0 	0.0 	244.716666667 	19.0 	0.0 	0.0 	0.0 	-0.0 	19.0 	0.0 	0.0 	0.0 	7.74938212171	3.32929957716	174.373341207	-54.6377010707	
7.63333333333	0.0	0.0	0.0 	0.0 	245.033333333 	19.0 	0.0 	0.0 	0.0 	-0.0 	19.0 	0.0 	0.0 	0.0 	7.75864349863	3.32929957716	174.349210973	-54.7647404167	
7.65	0.0	0.0	0.0 	0.0 	245.35 	19.0 	0.0 	0.0 	0.0 	-0.0 	19.0 	0.0 	0.0 	0.0 	7.76787313395	3.32929957716	174.325052035	-54.891930888	
7.66666666667	0.0	0.0	0.0 	0.0 	245.666666667 	19.0 	0.0 	0.0 	0.0 	-0.0 	19.0 	0.0 	0.0 	0.0 	7.77707113648	3.32929957716	174.30086449	-55.0192719665	
7.68333333333	0.0	0.0	0.0 	0.0 	245.983333333 	19.0 	0.0 	0.0 	0.0 	-0.0 	19.0 	0.0 	0.0 	0.0 	7.78623761462	3.32929957716	174.276648435	-55.1467631361	
7.7	0.0	0.0	0.0 	0.0 	246.3 	19.0 	0.0 	0.0 	0.0 	-0.0 	19.0 	0.0 	0.0 	0.0 	7.79537267642	3.32929957716	174.25240397	-55.2744038824	
7.71666666667	0.0	0.0	0.0 	0.0 	246.616666667 	19.0 	0.0 	0.0 	0.0 	-0.0 	19.0 	0.0 	0.0 	0.0 	7.80447642954	3.32929957716	174.228131191	-55.4021936928	
7.73333333333	0.0	0.0	0.0 	0.0 	246.933333333 	19.0 	0.0 	0.0 	0.0 	-0.0 	19.0 	0.0 	0.0 	0.0 	7.8135489813	3.32929957716	174.203830196	-55.5301320563	
7.75	0.0	0.0	0.0 	0.0 	247.25 	19.0 	0.0 	0.0 	0.0 	-0.0 	19.0 	0.0 	0.0 	0.0 	7.82259043864	3.32929957716	174.17950108	-55.6582184639	
7.76666666667	0.0	0.0	0.0 	0.0 	247.566666667 	19.0 	0.0 	0.0 	0.0 	-0.0 	19.0 	0.0 	0.0 	0.0 	7.83160090811	3.32929957716	174.155143942	-55.7864524081	
7.78333333333	0.0	0.0	0.0 	0.0 	247.883333333 	19.0 	0.0 	0.0 	0.0 	-0.0 	19.0 	0.0 	0.0 	0.0 	7.84058049593	3.32929957716	174.130758875	-55.9148333833	
7.8	0.0	0.0	0.0 	0.0 	248.2 	19.0 	0.0 	0.0 	0.0 	-0.0 	19.0 	0.0 	0.0 	0.0 	7.84952930794	3.32929957716	174.106345977	-56.0433608855	
7.81666666667	0.0	0.0	0.0 	0.0 	248.516666667 	19.0 	0.0 	0.0 	0.0 	-0.0 	19.0 	0.0 	0.0 	0.0 	7.85844744962	3.32929957716	174.081905342	-56.1720344126	
7.83333333333	0.0	0.0	0.0 	0.0 	248.833333333 	19.0 	0.0 	0.0 	0.0 	-0.0 	19.0 	0.0 	0.0 	0.0 	7.86733502608	3.32929957716	174.057437066	-56.3008534641	
7.85	0.0	0.0	0.0 	0.0 	249.15 	19.0 	0.0 	0.0 	0.0 	-0.0 	19.0 	0.0 	0.0 	0.0 	7.87619214207	3.32929957716	174.032941244	-56.4298175412	
7.86666666667	0.0	0.0	0.0 	0.0 	249.466666667 	19.0 	0.0 	0.0 	0.0 	-0.0 	19.0 	0.0 	0.0 	0.0 	7.88501890201	3.32929957716	174.008417969	-56.558926147	
7.88333333333	0.0	0.0	0.0 	0.0 	249.783333333 	19.0 	0.0 	0.0 	0.0 	-0.0 	19.0 	0.0 	0.0 	0.0 	7.89381540992	3.32929957716	173.983867336	-56.6881787859	
7.9	0.0	0.0	0.0 	0.0 	250.1 	19.0 	0.0 	0.0 	0.0 	-0.0 	19.0 	0.0 	0.0 	0.0 	7.90258176948	3.32929957716	173.959289439	-56.8175749645	
7.91666666667	0.0	0.0	0.0 	0.0 	250.416666667 	19.0 	0.0 	0.0 	0.0 	-0.0 	19.0 	0.0 	0.0 	0.0 	7.91131808404	3.32929957716	173.934684371	-56.9471141907	
7.93333333333	0.0	0.0	0.0 	0.0 	250.733333333 	19.0 	0.0 	0.0 	0.0 	-0.0 	19.0 	0.0 	0.0 	0.0 	7.92002445655	3.32929957716	173.910052225	-57.0767959743	
7.95	0.0	0.0	0.0 	0.0 	251.05 	19.0 	0.0 	0.0 	0.0 	-0.0 	19.0 	0.0 	0.0 	0.0 	7.92870098965	3.32929957716	173.885393094	-57.2066198267	
7.96666666667	0.0	0.0	0.0 	0.0 	251.366666667 	19.0 	0.0 	0.0 	0.0 	-0.0 	19.0 	0.0 	0.0 	0.0 	7.93734778559	3.32929957716	173.860707071	-57.336585261	
7.98333333333	0.0	0.0	0.0 	0.0 	251.683333333 	19.0 	0.0 	0.0 	0.0 	-0.0 	19.0 	0.0 	0.0 	0.0 	7.94596494631	3.32929957716	173.835994247	-57.4666917919	
8.0	0.0	0.0	0.0 	0.0 	252.0 	19.0 	0.0 	0.0 	0.0 	-0.0 	19.0 	0.0 	0.0 	0.0 	7.95455257336	3.32929957716	173.811254715	-57.5969389358	
8.01666666667	0.0	0.0	0.0 	0.0 	252.316666667 	19.0 	0.0 	0.0 	0.0 	-0.0 	19.0 	0.0 	0.0 	0.0 	7.96311076796	3.32929957716	173.786488566	-57.7273262109	
8.03333333333	0.0	0.0	0.0 	0.0 	252.633333333 	19.0 	0.0 	0.0 	0.0 	-0.0 	19.0 	0.0 	0.0 	0.0 	7.971639631	3.32929957716	173.761695891	-57.8578531368	
8.05	0.0	0.0	0.0 	0.0 	252.95 	19.0 	0.0 	0.0 	0.0 	-0.0 	19.0 	0.0 	0.0 	0.0 	7.980139263	3.32929957716	173.736876781	-57.988519235	
8.06666666667	0.0	0.0	0.0 	0.0 	253.266666667 	19.0 	0.0 	0.0 	0.0 	-0.0 	19.0 	0.0 	0.0 	0.0 	7.98860976415	3.32929957716	173.712031328	-58.1193240284	
8.08333333333	0.0	0.0	0.0 	0.0 	253.583333333 	19.0 	0.0 	0.0 	0.0 	-0.0 	19.0 	0.0 	0.0 	0.0 	7.99705123428	3.32929957716	173.68715962	-58.2502670417	
8.1	0.0	0.0	0.0 	0.0 	253.9 	19.0 	0.0 	0.0 	0.0 	-0.0 	19.0 	0.0 	0.0 	0.0 	8.00546377289	3.32929957716	173.662261748	-58.3813478011	
8.11666666667	0.0	0.0	0.0 	0.0 	254.216666667 	19.0 	0.0 	0.0 	0.0 	-0.0 	19.0 	0.0 	0.0 	0.0 	8.01384747914	3.32929957716	173.637337803	-58.5125658346	
8.13333333333	0.0	0.0	0.0 	0.0 	254.533333333 	19.0 	0.0 	0.0 	0.0 	-0.0 	19.0 	0.0 	0.0 	0.0 	8.02220245185	3.32929957716	173.612387872	-58.6439206717	
8.15	0.0	0.0	0.0 	0.0 	254.85 	19.0 	0.0 	0.0 	0.0 	-0.0 	19.0 	0.0 	0.0 	0.0 	8.03052878949	3.32929957716	173.587412045	-58.7754118436	
8.16666666667	0.0	0.0	0.0 	0.0 	255.166666667 	19.0 	0.0 	0.0 	0.0 	-0.0 	19.0 	0.0 	0.0 	0.0 	8.03882659021	3.32929957716	173.562410412	-58.9070388828	
8.18333333333	0.0	0.0	0.0 	0.0 	255.483333333 	19.0 	0.0 	0.0 	0.0 	-0.0 	19.0 	0.0 	0.0 	0.0 	8.04709595182	3.32929957716	173.53738306	-59.0388013239	
8.2	0.0	0.0	0.0 	0.0 	255.8 	19.0 	0.0 	0.0 	0.0 	-0.0 	19.0 	0.0 	0.0 	0.0 	8.05533697177	3.32929957716	173.512330077	-59.1706987027	
8.21666666667	0.0	0.0	0.0 	0.0 	256.116666667 	19.0 	0.0 	0.0 	0.0 	-0.0 	19.0 	0.0 	0.0 	0.0 	8.06354974721	3.32929957716	173.487251552	-59.3027305568	
8.23333333333	0.0	0.0	0.0 	0.0 	256.433333333 	19.0 	0.0 	0.0 	0.0 	-0.0 	19.0 	0.0 	0.0 	0.0 	8.07173437494	3.32929957716	173.462147571	-59.4348964253	
8.25	0.0	0.0	0.0 	0.0 	256.75 	19.0 	0.0 	0.0 	0.0 	-0.0 	19.0 	0.0 	0.0 	0.0 	8.07989095144	3.32929957716	173.437018223	-59.5671958488	
8.26666666667	0.0	0.0	0.0 	0.0 	257.066666667 	19.0 	0.0 	0.0 	0.0 	-0.0 	19.0 	0.0 	0.0 	0.0 	8.08801957283	3.32929957716	173.411863594	-59.6996283696	
8.28333333333	0.0	0.0	0.0 	0.0 	257.383333333 	19.0 	0.0 	0.0 	0.0 	-0.0 	19.0 	0.0 	0.0 	0.0 	8.09612033494	3.32929957716	173.38668377	-59.8321935317	
8.3	0.0	0.0	0.0 	0.0 	257.7 	19.0 	0.0 	0.0 	0.0 	-0.0 	19.0 	0.0 	0.0 	0.0 	8.10419333324	3.32929957716	173.361478839	-59.9648908802	
8.31666666667	0.0	0.0	0.0 	0.0 	258.016666667 	19.0 	0.0 	0.0 	0.0 	-0.0 	19.0 	0.0 	0.0 	0.0 	8.11223866288	3.32929957716	173.336248886	-60.0977199623	
8.33333333333	0.0	0.0	0.0 	0.0 	258.333333333 	19.0 	0.0 	0.0 	0.0 	-0.0 	19.0 	0.0 	0.0 	0.0 	8.12025641871	3.32929957716	173.310993997	-60.2306803265	
8.35	0.0	0.0	0.0 	0.0 	258.65 	19.0 	0.0 	0.0 	0.0 	-0.0 	19.0 	0.0 	0.0 	0.0 	8.12824669522	3.32929957716	173.285714257	-60.3637715227	
8.36666666667	0.0	0.0	0.0 	0.0 	258.966666667 	19.0 	0.0 	0.0 	0.0 	-0.0 	19.0 	0.0 	0.0 	0.0 	8.13620958659	3.32929957716	173.260409751	-60.4969931026	
8.38333333333	0.0	0.0	0.0 	0.0 	259.283333333 	19.0 	0.0 	0.0 	0.0 	-0.0 	19.0 	0.0 	0.0 	0.0 	8.14414518668	3.32929957716	173.235080565	-60.6303446193	
8.4	0.0	0.0	0.0 	0.0 	259.6 	19.0 	0.0 	0.0 	0.0 	-0.0 	19.0 	0.0 	0.0 	0.0 	8.15205358903	3.32929957716	173.209726783	-60.7638256275	
8.41666666667	0.0	0.0	0.0 	0.0 	259.916666667 	19.0 	0.0 	0.0 	0.0 	-0.0 	19.0 	0.0 	0.0 	0.0 	8.15993488684	3.32929957716	173.18434849	-60.8974356834	
8.43333333333	0.0	0.0	0.0 	0.0 	260.233333333 	19.0 	0.0 	0.0 	0.0 	-0.0 	19.0 	0.0 	0.0 	0.0 	8.16778917302	3.32929957716	173.158945768	-61.0311743446	
8.45	0.0	0.0	0.0 	0.0 	260.55 	19.0 	0.0 	0.0 	0.0 	-0.0 	19.0 	0.0 	0.0 	0.0 	8.17561654015	3.32929957716	173.133518703	-61.1650411705	
8.46666666667	0.0	0.0	0.0 	0.0 	260.866666667 	19.0 	0.0 	0.0 	0.0 	-0.0 	19.0 	0.0 	0.0 	0.0 	8.18341708047	3.32929957716	173.108067377	-61.2990357218	
8.48333333333	0.0	0.0	0.0 	0.0 	261.183333333 	19.0 	0.0 	0.0 	0.0 	-0.0 	19.0 	0.0 	0.0 	0.0 	8.19119088595	3.32929957716	173.082591874	-61.4331575606	
8.5	0.0	0.0	0.0 	0.0 	261.5 	19.0 	0.0 	0.0 	0.0 	-0.0 	19.0 	0.0 	0.0 	0.0 	8.19893804819	3.32929957716	173.057092276	-61.5674062508	
8.51666666667	0.0	0.0	0.0 	0.0 	261.816666667 	19.0 	0.0 	0.0 	0.0 	-0.0 	19.0 	0.0 	0.0 	0.0 	8.20665865853	3.32929957716	173.031568666	-61.7017813576	
8.53333333333	0.0	0.0	0.0 	0.0 	262.133333333 	19.0 	0.0 	0.0 	0.0 	-0.0 	19.0 	0.0 	0.0 	0.0 	8.21435280796	3.32929957716	173.006021127	-61.8362824478	
8.55	0.0	0.0	0.0 	0.0 	262.45 	19.0 	0.0 	0.0 	0.0 	-0.0 	19.0 	0.0 	0.0 	0.0 	8.22202058717	3.32929957716	172.98044974	-61.9709090894	
8.56666666667	0.0	0.0	0.0 	0.0 	262.766666667 	19.0 	0.0 	0.0 	0.0 	-0.0 	19.0 	0.0 	0.0 	0.0 	8.22966208654	3.32929957716	172.954854587	-62.1056608524	
8.58333333333	0.0	0.0	0.0 	0.0 	263.083333333 	19.0 	0.0 	0.0 	0.0 	-0.0 	19.0 	0.0 	0.0 	0.0 	8.23727739614	3.32929957716	172.929235749	-62.2405373077	
8.6	0.0	0.0	0.0 	0.0 	263.4 	19.0 	0.0 	0.0 	0.0 	-0.0 	19.0 	0.0 	0.0 	0.0 	8.24486660573	3.32929957716	172.903593309	-62.375538028	
8.61666666667	0.0	0.0	0.0 	0.0 	263.716666667 	19.0 	0.0 	0.0 	0.0 	-0.0 	19.0 	0.0 	0.0 	0.0 	8.25242980476	3.32929957716	172.877927346	-62.5106625876	
8.63333333333	0.0	0.0	0.0 	0.0 	264.033333333 	19.0 	0.0 	0.0 	0.0 	-0.0 	19.0 	0.0 	0.0 	0.0 	8.25996708237	3.32929957716	172.852237941	-62.6459105618	
8.65	0.0	0.0	0.0 	0.0 	264.35 	19.0 	0.0 	0.0 	0.0 	-0.0 	19.0 	0.0 	0.0 	0.0 	8.26747852742	3.32929957716	172.826525175	-62.7812815278	
8.66666666667	0.0	0.0	0.0 	0.0 	264.666666667 	19.0 	0.0 	0.0 	0.0 	-0.0 	19.0 	0.0 	0.0 	0.0 	8.27496422843	3.32929957716	172.800789127	-62.916775064	
8.68333333333	0.0	0.0	0.0 	0.0 	264.983333333 	19.0 	0.0 	0.0 	0.0 	-0.0 	19.0 	0.0 	0.0 	0.0 	8.28242427364	3.32929957716	172.775029878	-63.0523907503	
8.7	0.0	0.0	0.0 	0.0 	265.3 	19.0 	0.0 	0.0 	0.0 	-0.0 	19.0 	0.0 	0.0 	0.0 	8.28985875098	3.32929957716	172.749247507	-63.1881281681	
8.71666666667	0.0	0.0	0.0 	0.0 	265.616666667 	19.0 	0.0 	0.0 	0.0 	-0.0 	19.0 	0.0 	0.0 	0.0 	8.29726774807	3.32929957716	172.723442093	-63.3239869002	
8.73333333333	0.0	0.0	0.0 	0.0 	265.933333333 	19.0 	0.0 	0.0 	0.0 	-0.0 	19.0 	0.0 	0.0 	0.0 	8.30465135225	3.32929957716	172.697613715	-63.4599665307	
8.75	0.0	0.0	0.0 	0.0 	266.25 	19.0 	0.0 	0.0 	0.0 	-0.0 	19.0 	0.0 	0.0 	0.0 	8.31200965055	3.32929957716	172.671762452	-63.5960666454	
8.76666666667	0.0	0.0	0.0 	0.0 	266.566666667 	19.0 	0.0 	0.0 	0.0 	-0.0 	19.0 	0.0 	0.0 	0.0 	8.31934272969	3.32929957716	172.645888383	-63.7322868313	
8.78333333333	0.0	0.0	0.0 	0.0 	266.883333333 	19.0 	0.0 	0.0 	0.0 	-0.0 	19.0 	0.0 	0.0 	0.0 	8.32665067611	3.32929957716	172.619991585	-63.8686266768	
8.8	0.0	0.0	0.0 	0.0 	267.2 	19.0 	0.0 	0.0 	0.0 	-0.0 	19.0 	0.0 	0.0 	0.0 	8.33393357595	3.32929957716	172.594072136	-64.0050857719	
8.81666666667	0.0	0.0	0.0 	0.0 	267.516666667 	19.0 	0.0 	0.0 	0.0 	-0.0 	19.0 	0.0 	0.0 	0.0 	8.34119151505	3.32929957716	172.568130114	-64.1416637079	
8.83333333333	0.0	0.0	0.0 	0.0 	267.833333333 	19.0 	0.0 	0.0 	0.0 	-0.0 	19.0 	0.0 	0.0 	0.0 	8.34842457895	3.32929957716	172.542165597	-64.2783600774	
8.85	0.0	0.0	0.0 	0.0 	268.15 	19.0 	0.0 	0.0 	0.0 	-0.0 	19.0 	0.0 	0.0 	0.0 	8.35563285292	3.32929957716	172.516178661	-64.4151744745	
8.86666666667	0.0	0.0	0.0 	0.0 	268.466666667 	19.0 	0.0 	0.0 	0.0 	-0.0 	19.0 	0.0 	0.0 	0.0 	8.36281642192	3.32929957716	172.490169383	-64.5521064948	
8.88333333333	0.0	0.0	0.0 	0.0 	268.783333333 	19.0 	0.0 	0.0 	0.0 	-0.0 	19.0 	0.0 	0.0 	0.0 	8.36997537061	3.32929957716	172.464137841	-64.6891557351	
8.9	0.0	0.0	0.0 	0.0 	269.1 	19.0 	0.0 	0.0 	0.0 	-0.0 	19.0 	0.0 	0.0 	0.0 	8.37710978338	3.32929957716	172.438084109	-64.8263217936	
8.91666666667	0.0	0.0	0.0 	0.0 	269.416666667 	19.0 	0.0 	0.0 	0.0 	-0.0 	19.0 	0.0 	0.0 	0.0 	8.38421974432	3.32929957716	172.412008265	-64.96360427	
8.93333333333	0.0	0.0	0.0 	0.0 	269.733333333 	19.0 	0.0 	0.0 	0.0 	-0.0 	19.0 	0.0 	0.0 	0.0 	8.39130533724	3.32929957716	172.385910384	-65.1010027653	
8.95	0.0	0.0	0.0 	0.0 	270.05 	19.0 	0.0 	0.0 	0.0 	-0.0 	19.0 	0.0 	0.0 	0.0 	8.39836664565	3.32929957716	172.359790541	-65.2385168818	
8.96666666667	0.0	0.0	0.0 	0.0 	270.366666667 	19.0 	0.0 	0.0 	0.0 	-0.0 	19.0 	0.0 	0.0 	0.0 	8.40540375278	3.32929957716	172.333648812	-65.3761462233	
8.98333333333	0.0	0.0	0.0 	0.0 	270.683333333 	19.0 	0.0 	0.0 	0.0 	-0.0 	19.0 	0.0 	0.0 	0.0 	8.41241674157	3.32929957716	172.307485272	-65.5138903948	
9.0	0.0	0.0	0.0 	0.0 	271.0 	19.0 	0.0 	0.0 	0.0 	-0.0 	19.0 	0.0 	0.0 	0.0 	8.4194056947	3.32929957716	172.281299996	-65.6517490029	
9.01666666667	0.0	0.0	0.0 	0.0 	271.316666667 	19.0 	0.0 	0.0 	0.0 	-0.0 	19.0 	0.0 	0.0 	0.0 	8.42637069453	3.32929957716	172.255093058	-65.7897216552	
9.03333333333	0.0	0.0	0.0 	0.0 	271.633333333 	19.0 	0.0 	0.0 	0.0 	-0.0 	19.0 	0.0 	0.0 	0.0 	8.43331182316	3.32929957716	172.228864532	-65.927807961	
9.05	0.0	0.0	0.0 	0.0 	271.95 	19.0 	0.0 	0.0 	0.0 	-0.0 	19.0 	0.0 	0.0 	0.0 	8.4402291624	3.32929957716	172.202614492	-66.0660075307	
9.06666666667	0.0	0.0	0.0 	0.0 	272.266666667 	19.0 	0.0 	0.0 	0.0 	-0.0 	19.0 	0.0 	0.0 	0.0 	8.4471227938	3.32929957716	172.176343012	-66.2043199761	
9.08333333333	0.0	0.0	0.0 	0.0 	272.583333333 	19.0 	0.0 	0.0 	0.0 	-0.0 	19.0 	0.0 	0.0 	0.0 	8.4539927986	3.32929957716	172.150050166	-66.3427449103	
9.1	0.0	0.0	0.0 	0.0 	272.9 	19.0 	0.0 	0.0 	0.0 	-0.0 	19.0 	0.0 	0.0 	0.0 	8.46083925777	3.32929957716	172.123736027	-66.4812819479	
9.11666666667	0.0	0.0	0.0 	0.0 	273.216666667 	19.0 	0.0 	0.0 	0.0 	-0.0 	19.0 	0.0 	0.0 	0.0 	8.46766225202	3.32929957716	172.097400667	-66.6199307046	
9.13333333333	0.0	0.0	0.0 	0.0 	273.533333333 	19.0 	0.0 	0.0 	0.0 	-0.0 	19.0 	0.0 	0.0 	0.0 	8.47446186177	3.32929957716	172.07104416	-66.7586907975	
9.15	0.0	0.0	0.0 	0.0 	273.85 	19.0 	0.0 	0.0 	0.0 	-0.0 	19.0 	0.0 	0.0 	0.0 	8.48123816717	3.32929957716	172.044666578	-66.897561845	
9.16666666667	0.0	0.0	0.0 	0.0 	274.166666667 	19.0 	0.0 	0.0 	0.0 	-0.0 	19.0 	0.0 	0.0 	0.0 	8.48799124808	3.32929957716	172.018267993	-67.0365434669	
9.18333333333	0.0	0.0	0.0 	0.0 	274.483333333 	19.0 	0.0 	0.0 	0.0 	-0.0 	19.0 	0.0 	0.0 	0.0 	8.4947211841	3.32929957716	171.991848477	-67.1756352841	
9.2	0.0	0.0	0.0 	0.0 	274.8 	19.0 	0.0 	0.0 	0.0 	-0.0 	19.0 	0.0 	0.0 	0.0 	8.50142805456	3.32929957716	171.965408102	-67.3148369191	
9.21666666667	0.0	0.0	0.0 	0.0 	275.116666667 	19.0 	0.0 	0.0 	0.0 	-0.0 	19.0 	0.0 	0.0 	0.0 	8.5081119385	3.32929957716	171.93894694	-67.4541479954	
9.23333333333	0.0	0.0	0.0 	0.0 	275.433333333 	19.0 	0.0 	0.0 	0.0 	-0.0 	19.0 	0.0 	0.0 	0.0 	8.51477291472	3.32929957716	171.912465061	-67.5935681379	
9.25	0.0	0.0	0.0 	0.0 	275.75 	19.0 	0.0 	0.0 	0.0 	-0.0 	19.0 	0.0 	0.0 	0.0 	8.52141106173	3.32929957716	171.885962537	-67.7330969728	
9.26666666667	0.0	0.0	0.0 	0.0 	276.066666667 	19.0 	0.0 	0.0 	0.0 	-0.0 	19.0 	0.0 	0.0 	0.0 	8.52802645776	3.32929957716	171.859439438	-67.8727341277	
9.28333333333	0.0	0.0	0.0 	0.0 	276.383333333 	19.0 	0.0 	0.0 	0.0 	-0.0 	19.0 	0.0 	0.0 	0.0 	8.53461918079	3.32929957716	171.832895835	-68.0124792312	
9.3	0.0	0.0	0.0 	0.0 	276.7 	19.0 	0.0 	0.0 	0.0 	-0.0 	19.0 	0.0 	0.0 	0.0 	8.54118930852	3.32929957716	171.806331798	-68.1523319135	
9.31666666667	0.0	0.0	0.0 	0.0 	277.016666667 	19.0 	0.0 	0.0 	0.0 	-0.0 	19.0 	0.0 	0.0 	0.0 	8.54773691841	3.32929957716	171.779747397	-68.2922918057	
9.33333333333	0.0	0.0	0.0 	0.0 	277.333333333 	19.0 	0.0 	0.0 	0.0 	-0.0 	19.0 	0.0 	0.0 	0.0 	8.55426208762	3.32929957716	171.753142703	-68.4323585405	
9.35	0.0	0.0	0.0 	0.0 	277.65 	19.0 	0.0 	0.0 	0.0 	-0.0 	19.0 	0.0 	0.0 	0.0 	8.56076489307	3.32929957716	171.726517784	-68.5725317516	
9.36666666667	0.0	0.0	0.0 	0.0 	277.966666667 	19.0 	0.0 	0.0 	0.0 	-0.0 	19.0 	0.0 	0.0 	0.0 	8.56724541141	3.32929957716	171.69987271	-68.7128110742	
9.38333333333	0.0	0.0	0.0 	0.0 	278.283333333 	19.0 	0.0 	0.0 	0.0 	-0.0 	19.0 	0.0 	0.0 	0.0 	8.57370371901	3.32929957716	171.673207549	-68.8531961445	
9.4	0.0	0.0	0.0 	0.0 	278.6 	19.0 	0.0 	0.0 	0.0 	-0.0 	19.0 	0.0 	0.0 	0.0 	8.580139892	3.32929957716	171.646522372	-68.9936866001	
9.41666666667	0.0	0.0	0.0 	0.0 	278.916666667 	19.0 	0.0 	0.0 	0.0 	-0.0 	19.0 	0.0 	0.0 	0.0 	8.58655400624	3.32929957716	171.619817246	-69.1342820799	
9.43333333333	0.0	0.0	0.0 	0.0 	279.233333333 	19.0 	0.0 	0.0 	0.0 	-0.0 	19.0 	0.0 	0.0 	0.0 	8.59294613734	3.32929957716	171.59309224	-69.2749822239	
9.45	0.0	0.0	0.0 	0.0 	279.55 	19.0 	0.0 	0.0 	0.0 	-0.0 	19.0 	0.0 	0.0 	0.0 	8.59931636064	3.32929957716	171.566347421	-69.4157866734	
9.46666666667	0.0	0.0	0.0 	0.0 	279.866666667 	19.0 	0.0 	0.0 	0.0 	-0.0 	19.0 	0.0 	0.0 	0.0 	8.60566475123	3.32929957716	171.539582859	-69.5566950709	
9.48333333333	0.0	0.0	0.0 	0.0 	280.183333333 	19.0 	0.0 	0.0 	0.0 	-0.0 	19.0 	0.0 	0.0 	0.0 	8.61199138392	3.32929957716	171.51279862	-69.6977070601	
9.5	0.0	0.0	0.0 	0.0 	280.5 	19.0 	0.0 	0.0 	0.0 	-0.0 	19.0 	0.0 	0.0 	0.0 	8.61829633329	3.32929957716	171.485994772	-69.8388222859	
9.51666666667	0.0	0.0	0.0 	0.0 	280.816666667 	19.0 	0.0 	0.0 	0.0 	-0.0 	19.0 	0.0 	0.0 	0.0 	8.62457967367	3.32929957716	171.459171382	-69.9800403947	
9.53333333333	0.0	0.0	0.0 	0.0 	281.133333333 	19.0 	0.0 	0.0 	0.0 	-0.0 	19.0 	0.0 	0.0 	0.0 	8.6308414791	3.32929957716	171.432328517	-70.1213610336	
9.55	0.0	0.0	0.0 	0.0 	281.45 	19.0 	0.0 	0.0 	0.0 	-0.0 	19.0 	0.0 	0.0 	0.0 	8.63708182339	3.32929957716	171.405466244	-70.2627838515	
9.56666666667	0.0	0.0	0.0 	0.0 	281.766666667 	19.0 	0.0 	0.0 	0.0 	-0.0 	19.0 	0.0 	0.0 	0.0 	8.64330078011	3.32929957716	171.378584629	-70.404308498	
9.58333333333	0.0	0.0	0.0 	0.0 	282.083333333 	19.0 	0.0 	0.0 	0.0 	-0.0 	19.0 	0.0 	0.0 	0.0 	8.64949842254	3.32929957716	171.351683739	-70.5459346241	
9.6	0.0	0.0	0.0 	0.0 	282.4 	19.0 	0.0 	0.0 	0.0 	-0.0 	19.0 	0.0 	0.0 	0.0 	8.65567482375	3.32929957716	171.32476364	-70.6876618821	
9.61666666667	0.0	0.0	0.0 	0.0 	282.716666667 	19.0 	0.0 	0.0 	0.0 	-0.0 	19.0 	0.0 	0.0 	0.0 	8.66183005652	3.32929957716	171.297824397	-70.8294899253	
9.63333333333	0.0	0.0	0.0 	0.0 	283.033333333 	19.0 	0.0 	0.0 	0.0 	-0.0 	19.0 	0.0 	0.0 	0.0 	8.66796419342	3.32929957716	171.270866076	-70.9714184083	
9.65	0.0	0.0	0.0 	0.0 	283.35 	19.0 	0.0 	0.0 	0.0 	-0.0 	19.0 	0.0 	0.0 	0.0 	8.67407730674	3.32929957716	171.243888743	-71.113446987	
9.66666666667	0.0	0.0	0.0 	0.0 	283.666666667 	19.0 	0.0 	0.0 	0.0 	-0.0 	19.0 	0.0 	0.0 	0.0 	8.68016946854	3.32929957716	171.216892463	-71.2555753181	
9.68333333333	0.0	0.0	0.0 	0.0 	283.983333333 	19.0 	0.0 	0.0 	0.0 	-0.0 	19.0 	0.0 	0.0 	0.0 	8.68624075063	3.32929957716	171.1898773	-71.3978030599	
9.7	0.0	0.0	0.0 	0.0 	284.3 	19.0 	0.0 	0.0 	0.0 	-0.0 	19.0 	0.0 	0.0 	0.0 	8.69229122456	3.32929957716	171.16284332	-71.5401298716	
9.71666666667	0.0	0.0	0.0 	0.0 	284.616666667 	19.0 	0.0 	0.0 	0.0 	-0.0 	19.0 	0.0 	0.0 	0.0 	8.69832096166	3.32929957716	171.135790586	-71.6825554137	
9.73333333333	0.0	0.0	0.0 	0.0 	284.933333333 	19.0 	0.0 	0.0 	0.0 	-0.0 	19.0 	0.0 	0.0 	0.0 	8.70433003299	3.32929957716	171.108719164	-71.8250793478	
9.75	0.0	0.0	0.0 	0.0 	285.25 	19.0 	0.0 	0.0 	0.0 	-0.0 	19.0 	0.0 	0.0 	0.0 	8.71031850939	3.32929957716	171.081629117	-71.9677013367	
9.76666666667	0.0	0.0	0.0 	0.0 	285.566666667 	19.0 	0.0 	0.0 	0.0 	-0.0 	19.0 	0.0 	0.0 	0.0 	8.71628646143	3.32929957716	171.054520508	-72.1104210443	
9.78333333333	0.0	0.0	0.0 	0.0 	285.883333333 	19.0 	0.0 	0.0 	0.0 	-0.0 	19.0 	0.0 	0.0 	0.0 	8.72223395946	3.32929957716	171.027393403	-72.2532381357	
9.8	0.0	0.0	0.0 	0.0 	286.2 	19.0 	0.0 	0.0 	0.0 	-0.0 	19.0 	0.0 	0.0 	0.0 	8.72816107358	3.32929957716	171.000247863	-72.3961522772	
9.81666666667	0.0	0.0	0.0 	0.0 	286.516666667 	19.0 	0.0 	0.0 	0.0 	-0.0 	19.0 	0.0 	0.0 	0.0 	8.73406787366	3.32929957716	170.973083953	-72.539163136	
9.83333333333	0.0	0.0	0.0 	0.0 	286.833333333 	19.0 	0.0 	0.0 	0.0 	-0.0 	19.0 	0.0 	0.0 	0.0 	8.73995442932	3.32929957716	170.945901735	-72.6822703809	
9.85	0.0	0.0	0.0 	0.0 	287.15 	19.0 	0.0 	0.0 	0.0 	-0.0 	19.0 	0.0 	0.0 	0.0 	8.74582080994	3.32929957716	170.918701272	-72.8254736813	
9.86666666667	0.0	0.0	0.0 	0.0 	287.466666667 	19.0 	0.0 	0.0 	0.0 	-0.0 	19.0 	0.0 	0.0 	0.0 	8.75166708466	3.32929957716	170.891482626	-72.9687727081	
9.88333333333	0.0	0.0	0.0 	0.0 	287.783333333 	19.0 	0.0 	0.0 	0.0 	-0.0 	19.0 	0.0 	0.0 	0.0 	8.7574933224	3.32929957716	170.86424586	-73.1121671333	
9.9	0.0	0.0	0.0 	0.0 	288.1 	19.0 	0.0 	0.0 	0.0 	-0.0 	19.0 	0.0 	0.0 	0.0 	8.76329959184	3.32929957716	170.836991036	-73.2556566297	
9.91666666667	0.0	0.0	0.0 	0.0 	288.416666667 	19.0 	0.0 	0.0 	0.0 	-0.0 	19.0 	0.0 	0.0 	0.0 	8.76908596139	3.32929957716	170.809718215	-73.3992408717	
9.93333333333	0.0	0.0	0.0 	0.0 	288.733333333 	19.0 	0.0 	0.0 	0.0 	-0.0 	19.0 	0.0 	0.0 	0.0 	8.77485249928	3.32929957716	170.78242746	-73.5429195345	
9.95	0.0	0.0	0.0 	0.0 	289.05 	19.0 	0.0 	0.0 	0.0 	-0.0 	19.0 	0.0 	0.0 	0.0 	8.78059927347	3.32929957716	170.755118832	-73.6866922944	
9.96666666667	0.0	0.0	0.0 	0.0 	289.366666667 	19.0 	0.0 	0.0 	0.0 	-0.0 	19.0 	0.0 	0.0 	0.0 	8.78632635169	3.32929957716	170.727792392	-73.830558829	
9.98333333333	0.0	0.0	0.0 	0.0 	289.683333333 	19.0 	0.0 	0.0 	0.0 	-0.0 	19.0 	0.0 	0.0 	0.0 	8.79203380145	3.32929957716	170.700448201	-73.9745188169	
