0.0166666666667	0.0	0.0	0.0 	0.0 	80.3333333333 	20.0 	0.0 	0.0 	0.0 	0.0 	20.0 	0.0 	0.0 	0.0 	0.0	-0.658387096774	160.0	-16.5806451613	
0.0333333333333	0.0	0.0	0.0 	0.0 	80.6666666667 	20.0 	0.0 	0.0 	0.0 	-0.0 	20.0 	0.0 	0.0 	0.0 	0.0	-0.658387096774	160.0	-16.5806451613	
0.05	0.0	0.0	0.0 	0.0 	81.0 	20.0 	0.0 	0.0 	0.0 	-0.0 	20.0 	0.0 	0.0 	0.0 	0.0	-0.658387096774	160.0	-16.5806451613	
0.0666666666667	0.0	0.0	0.0 	0.0 	81.3333333333 	20.0 	0.0 	0.0 	0.0 	-0.0 	20.0 	0.0 	0.0 	0.0 	0.0	-0.658387096774	160.0	-16.5806451613	
0.0833333333333	0.0	0.0	0.0 	0.0 	81.6666666667 	20.0 	0.0 	0.0 	0.0 	-0.0 	20.0 	0.0 	0.0 	0.0 	0.0	-0.658387096774	160.0	-16.5806451613	
0.1	0.0	0.0	0.0 	0.0 	82.0 	20.0 	0.0 	0.0 	0.0 	-0.0 	20.0 	0.0 	0.0 	0.0 	0.0	-0.658387096774	160.0	-16.5806451613	
0.116666666667	0.0	0.0	0.0 	0.0 	82.3333333333 	20.0 	0.0 	0.0 	0.0 	-0.0 	20.0 	0.0 	0.0 	0.0 	0.0	-0.658387096774	160.0	-16.5806451613	
0.133333333333	0.0	0.0	0.0 	0.0 	82.6666666667 	20.0 	0.0 	0.0 	0.0 	-0.0 	20.0 	0.0 	0.0 	0.0 	0.0	-0.658387096774	160.0	-16.5806451613	
0.15	0.0	0.0	0.0 	0.0 	83.0 	20.0 	0.0 	0.0 	0.0 	-0.0 	20.0 	0.0 	0.0 	0.0 	0.0	-0.658387096774	160.0	-16.5806451613	
0.166666666667	0.0	0.0	0.0 	0.0 	83.3333333333 	20.0 	0.0 	0.0 	0.0 	-0.0 	20.0 	0.0 	0.0 	0.0 	0.0	-0.658387096774	160.0	-16.5806451613	
0.183333333333	0.0	0.0	0.0 	0.0 	83.6666666667 	20.0 	0.0 	0.0 	0.0 	-0.0 	20.0 	0.0 	0.0 	0.0 	0.0	-0.658387096774	160.0	-16.5806451613	
0.2	0.0	0.0	0.0 	0.0 	84.0 	20.0 	0.0 	0.0 	0.0 	-0.0 	20.0 	0.0 	0.0 	0.0 	0.0	-0.658387096774	160.0	-16.5806451613	
0.216666666667	0.0	0.0	0.0 	0.0 	84.3333333333 	20.0 	0.0 	0.0 	0.0 	-0.0 	20.0 	0.0 	0.0 	0.0 	0.0	-0.658387096774	160.0	-16.5806451613	
0.233333333333	0.0	0.0	0.0 	0.0 	84.6666666667 	20.0 	0.0 	0.0 	0.0 	-0.0 	20.0 	0.0 	0.0 	0.0 	0.0	-0.658387096774	160.0	-16.5806451613	
0.25	0.0	0.0	0.0 	0.0 	85.0 	20.0 	0.0 	0.0 	0.0 	-0.0 	20.0 	0.0 	0.0 	0.0 	0.0	-0.658387096774	160.0	-16.5806451613	
0.266666666667	0.0	0.0	0.0 	0.0 	85.3333333333 	20.0 	0.0 	0.0 	0.0 	-0.0 	20.0 	0.0 	0.0 	0.0 	0.0	-0.658387096774	160.0	-16.5806451613	
0.283333333333	0.0	0.0	0.0 	0.0 	85.6666666667 	20.0 	0.0 	0.0 	0.0 	-0.0 	20.0 	0.0 	0.0 	0.0 	0.0	-0.658387096774	160.0	-16.5806451613	
0.3	0.0	0.0	0.0 	0.0 	86.0 	20.0 	0.0 	0.0 	0.0 	-0.0 	20.0 	0.0 	0.0 	0.0 	0.0	-0.658387096774	160.0	-16.5806451613	
0.316666666667	0.0	0.0	0.0 	0.0 	86.3333333333 	20.0 	0.0 	0.0 	0.0 	-0.0 	20.0 	0.0 	0.0 	0.0 	0.0	-0.658387096774	160.0	-16.5806451613	
0.333333333333	0.0	0.0	0.0 	0.0 	86.6666666667 	20.0 	0.0 	0.0 	0.0 	-0.0 	20.0 	0.0 	0.0 	0.0 	0.0	-0.658387096774	160.0	-16.5806451613	
0.35	0.0	0.0	0.0 	0.0 	87.0 	20.0 	0.0 	0.0 	0.0 	-0.0 	20.0 	0.0 	0.0 	0.0 	0.0	-0.658387096774	160.0	-16.5806451613	
0.366666666667	0.0	0.0	0.0 	0.0 	87.3333333333 	20.0 	0.0 	0.0 	0.0 	-0.0 	20.0 	0.0 	0.0 	0.0 	0.0	-0.658387096774	160.0	-16.5806451613	
0.383333333333	0.0	0.0	0.0 	0.0 	87.6666666667 	20.0 	0.0 	0.0 	0.0 	-0.0 	20.0 	0.0 	0.0 	0.0 	0.0	-0.658387096774	160.0	-16.5806451613	
0.4	0.0	0.0	0.0 	0.0 	88.0 	20.0 	0.0 	0.0 	0.0 	-0.0 	20.0 	0.0 	0.0 	0.0 	0.0	-0.658387096774	160.0	-16.5806451613	
0.416666666667	0.0	0.0	0.0 	0.0 	88.3333333333 	20.0 	0.0 	0.0 	0.0 	-0.0 	20.0 	0.0 	0.0 	0.0 	0.0	-0.658387096774	160.0	-16.5806451613	
0.433333333333	0.0	0.0	0.0 	0.0 	88.6666666667 	20.0 	0.0 	0.0 	0.0 	-0.0 	20.0 	0.0 	0.0 	0.0 	0.0	-0.658387096774	160.0	-16.5806451613	
0.45	0.0	0.0	0.0 	0.0 	89.0 	20.0 	0.0 	0.0 	0.0 	-0.0 	20.0 	0.0 	0.0 	0.0 	0.0	-0.658387096774	160.0	-16.5806451613	
0.466666666667	0.0	0.0	0.0 	0.0 	89.3333333333 	20.0 	0.0 	0.0 	0.0 	-0.0 	20.0 	0.0 	0.0 	0.0 	0.0	-0.658387096774	160.0	-16.5806451613	
0.483333333333	0.0	0.0	0.0 	0.0 	89.6666666667 	20.0 	0.0 	0.0 	0.0 	-0.0 	20.0 	0.0 	0.0 	0.0 	0.0	-0.658387096774	160.0	-16.5806451613	
0.5	0.0	0.0	0.0 	0.0 	90.0 	20.0 	0.0 	0.0 	0.0 	-0.0 	20.0 	0.0 	0.0 	0.0 	0.0	-0.658387096774	160.0	-16.5806451613	
0.516666666667	0.0	0.0	0.0 	0.0 	90.3333333333 	20.0 	0.0 	0.0 	0.0 	-0.0 	20.0 	0.0 	0.0 	0.0 	0.0	-0.658387096774	160.0	-16.5806451613	
0.533333333333	0.0	0.0	0.0 	0.0 	90.6666666667 	20.0 	0.0 	0.0 	0.0 	-0.0 	20.0 	0.0 	0.0 	0.0 	0.0	-0.658387096774	160.0	-16.5806451613	
0.55	0.0	0.0	0.0 	0.0 	91.0 	20.0 	0.0 	0.0 	0.0 	-0.0 	20.0 	0.0 	0.0 	0.0 	0.0	-0.658387096774	160.0	-16.5806451613	
0.566666666667	0.0	0.0	0.0 	0.0 	91.3333333333 	20.0 	0.0 	0.0 	0.0 	-0.0 	20.0 	0.0 	0.0 	0.0 	0.0	-0.658387096774	160.0	-16.5806451613	
0.583333333333	0.0	0.0	0.0 	0.0 	91.6666666667 	20.0 	0.0 	0.0 	0.0 	-0.0 	20.0 	0.0 	0.0 	0.0 	0.0	-0.658387096774	160.0	-16.5806451613	
0.6	0.0	0.0	0.0 	0.0 	92.0 	20.0 	0.0 	0.0 	0.0 	-0.0 	20.0 	0.0 	0.0 	0.0 	0.0	-0.658387096774	160.0	-16.5806451613	
0.616666666667	0.0	0.0	0.0 	0.0 	92.3333333333 	20.0 	0.0 	0.0 	0.0 	-0.0 	20.0 	0.0 	0.0 	0.0 	0.0	-0.658387096774	160.0	-16.5806451613	
0.633333333333	0.0	0.0	0.0 	0.0 	92.6666666667 	20.0 	0.0 	0.0 	0.0 	-0.0 	20.0 	0.0 	0.0 	0.0 	0.0	-0.658387096774	160.0	-16.5806451613	
0.65	0.0	0.0	0.0 	0.0 	93.0 	20.0 	0.0 	0.0 	0.0 	-0.0 	20.0 	0.0 	0.0 	0.0 	0.0	-0.658387096774	160.0	-16.5806451613	
0.666666666667	0.0	0.0	0.0 	0.0 	93.3333333333 	20.0 	0.0 	0.0 	0.0 	-0.0 	20.0 	0.0 	0.0 	0.0 	0.0	-0.658387096774	160.0	-16.5806451613	
0.683333333333	0.0	0.0	0.0 	0.0 	93.6666666667 	20.0 	0.0 	0.0 	0.0 	-0.0 	20.0 	0.0 	0.0 	0.0 	0.0	-0.658387096774	160.0	-16.5806451613	
0.7	0.0	0.0	0.0 	0.0 	94.0 	20.0 	0.0 	0.0 	0.0 	-0.0 	20.0 	0.0 	0.0 	0.0 	0.0	-0.658387096774	160.0	-16.5806451613	
0.716666666667	0.0	0.0	0.0 	0.0 	94.3333333333 	20.0 	0.0 	0.0 	0.0 	-0.0 	20.0 	0.0 	0.0 	0.0 	0.0	-0.658387096774	160.0	-16.5806451613	
0.733333333333	0.0	0.0	0.0 	0.0 	94.6666666667 	20.0 	0.0 	0.0 	0.0 	-0.0 	20.0 	0.0 	0.0 	0.0 	0.0	-0.658387096774	160.0	-16.5806451613	
0.75	0.0	0.0	0.0 	0.0 	95.0 	20.0 	0.0 	0.0 	0.0 	-0.0 	20.0 	0.0 	0.0 	0.0 	0.0	-0.658387096774	160.0	-16.5806451613	
0.766666666667	0.0	0.0	0.0 	0.0 	95.3333333333 	20.0 	0.0 	0.0 	0.0 	-0.0 	20.0 	0.0 	0.0 	0.0 	0.0	-0.658387096774	160.0	-16.5806451613	
0.783333333333	0.0	0.0	0.0 	0.0 	95.6666666667 	20.0 	0.0 	0.0 	0.0 	-0.0 	20.0 	0.0 	0.0 	0.0 	0.0	-0.658387096774	160.0	-16.5806451613	
0.8	0.0	0.0	0.0 	0.0 	96.0 	20.0 	0.0 	0.0 	0.0 	-0.0 	20.0 	0.0 	0.0 	0.0 	0.0	-0.658387096774	160.0	-16.5806451613	
0.816666666667	0.0	0.0	0.0 	0.0 	96.3333333333 	20.0 	0.0 	0.0 	0.0 	-0.0 	20.0 	0.0 	0.0 	0.0 	0.0	-0.658387096774	160.0	-16.5806451613	
0.833333333333	0.0	0.0	0.0 	0.0 	96.6666666667 	20.0 	0.0 	0.0 	0.0 	-0.0 	20.0 	0.0 	0.0 	0.0 	0.0	-0.658387096774	160.0	-16.5806451613	
0.85	0.0	0.0	0.0 	0.0 	97.0 	20.0 	0.0 	0.0 	0.0 	-0.0 	20.0 	0.0 	0.0 	0.0 	0.0	-0.658387096774	160.0	-16.5806451613	
0.866666666667	0.0	0.0	0.0 	0.0 	97.3333333333 	20.0 	0.0 	0.0 	0.0 	-0.0 	20.0 	0.0 	0.0 	0.0 	0.0	-0.658387096774	160.0	-16.5806451613	
0.883333333333	0.0	0.0	0.0 	0.0 	97.6666666667 	20.0 	0.0 	0.0 	0.0 	-0.0 	20.0 	0.0 	0.0 	0.0 	0.0	-0.658387096774	160.0	-16.5806451613	
0.9	0.0	0.0	0.0 	0.0 	98.0 	20.0 	0.0 	0.0 	0.0 	-0.0 	20.0 	0.0 	0.0 	0.0 	0.0	-0.658387096774	160.0	-16.5806451613	
0.916666666667	0.0	0.0	0.0 	0.0 	98.3333333333 	20.0 	0.0 	0.0 	0.0 	-0.0 	20.0 	0.0 	0.0 	0.0 	0.0	-0.658387096774	160.0	-16.5806451613	
0.933333333333	0.0	0.0	0.0 	0.0 	98.6666666667 	20.0 	0.0 	0.0 	0.0 	-0.0 	20.0 	0.0 	0.0 	0.0 	0.0	-0.658387096774	160.0	-16.5806451613	
0.95	0.0	0.0	0.0 	0.0 	99.0 	20.0 	0.0 	0.0 	0.0 	-0.0 	20.0 	0.0 	0.0 	0.0 	0.0	-0.658387096774	160.0	-16.5806451613	
0.966666666667	0.0	0.0	0.0 	0.0 	99.3333333333 	20.0 	0.0 	0.0 	0.0 	-0.0 	20.0 	0.0 	0.0 	0.0 	0.0	-0.658387096774	160.0	-16.5806451613	
0.983333333333	0.0	0.0	0.0 	0.0 	99.6666666667 	20.0 	0.0 	0.0 	0.0 	-0.0 	20.0 	0.0 	0.0 	0.0 	0.0	-0.658387096774	160.0	-16.5806451613	
1.0	0.0	0.0	0.0 	0.0 	100.0 	20.0 	0.0 	0.0 	0.0 	-0.0 	20.0 	0.0 	0.0 	0.0 	0.0	-0.658387096774	160.0	-16.5806451613	
1.01666666667	0.0	0.0	0.0 	0.0 	100.333333333 	20.0 	0.0 	0.0 	0.0 	-0.0 	20.0 	0.0 	0.0 	0.0 	0.0547834843907	-0.658387096774	159.999441353	-16.5799229505	
1.03333333333	0.0	0.0	0.0 	0.0 	100.666666667 	20.0 	0.0 	0.0 	0.0 	-0.0 	20.0 	0.0 	0.0 	0.0 	0.109224916814	-0.658387096774	159.998327547	-16.5784830383	
1.05	0.0	0.0	0.0 	0.0 	101.0 	20.0 	0.0 	0.0 	0.0 	-0.0 	20.0 	0.0 	0.0 	0.0 	0.163326432943	-0.658387096774	159.996662047	-16.5763299056	
1.06666666667	0.0	0.0	0.0 	0.0 	101.333333333 	20.0 	0.0 	0.0 	0.0 	-0.0 	20.0 	0.0 	0.0 	0.0 	0.217090155114	-0.658387096774	159.9944483	-16.5734680057	
1.08333333333	0.0	0.0	0.0 	0.0 	101.666666667 	20.0 	0.0 	0.0 	0.0 	-0.0 	20.0 	0.0 	0.0 	0.0 	0.270518192413	-0.658387096774	159.991689727	-16.5699017639	
1.1	0.0	0.0	0.0 	0.0 	102.0 	20.0 	0.0 	0.0 	0.0 	-0.0 	20.0 	0.0 	0.0 	0.0 	0.323612640759	-0.658387096774	159.988389731	-16.565635578	
1.11666666667	0.0	0.0	0.0 	0.0 	102.333333333 	20.0 	0.0 	0.0 	0.0 	-0.0 	20.0 	0.0 	0.0 	0.0 	0.376375582982	-0.658387096774	159.984551692	-16.560673818	
1.13333333333	0.0	0.0	0.0 	0.0 	102.666666667 	20.0 	0.0 	0.0 	0.0 	-0.0 	20.0 	0.0 	0.0 	0.0 	0.428809088909	-0.658387096774	159.98017897	-16.5550208271	
1.15	0.0	0.0	0.0 	0.0 	103.0 	20.0 	0.0 	0.0 	0.0 	-0.0 	20.0 	0.0 	0.0 	0.0 	0.480915215443	-0.658387096774	159.975274902	-16.548680921	
1.16666666667	0.0	0.0	0.0 	0.0 	103.333333333 	20.0 	0.0 	0.0 	0.0 	-0.0 	20.0 	0.0 	0.0 	0.0 	0.532696006646	-0.658387096774	159.969842806	-16.5416583886	
1.18333333333	0.0	0.0	0.0 	0.0 	103.666666667 	20.0 	0.0 	0.0 	0.0 	-0.0 	20.0 	0.0 	0.0 	0.0 	0.584153493815	-0.658387096774	159.96388598	-16.5339574921	
1.2	0.0	0.0	0.0 	0.0 	104.0 	20.0 	0.0 	0.0 	0.0 	-0.0 	20.0 	0.0 	0.0 	0.0 	0.635289695566	-0.658387096774	159.9574077	-16.525582467	
1.21666666667	0.0	0.0	0.0 	0.0 	104.333333333 	20.0 	0.0 	0.0 	0.0 	-0.0 	20.0 	0.0 	0.0 	0.0 	0.686106617909	-0.658387096774	159.95041122	-16.5165375223	
1.23333333333	0.0	0.0	0.0 	0.0 	104.666666667 	20.0 	0.0 	0.0 	0.0 	-0.0 	20.0 	0.0 	0.0 	0.0 	0.736606254333	-0.658387096774	159.942899778	-16.5068268408	
1.25	0.0	0.0	0.0 	0.0 	105.0 	20.0 	0.0 	0.0 	0.0 	-0.0 	20.0 	0.0 	0.0 	0.0 	0.786790585877	-0.658387096774	159.934876587	-16.4964545791	
1.26666666667	0.0	0.0	0.0 	0.0 	105.333333333 	20.0 	0.0 	0.0 	0.0 	-0.0 	20.0 	0.0 	0.0 	0.0 	0.836661581212	-0.658387096774	159.926344844	-16.4854248681	
1.28333333333	0.0	0.0	0.0 	0.0 	105.666666667 	20.0 	0.0 	0.0 	0.0 	-0.0 	20.0 	0.0 	0.0 	0.0 	0.886221196717	-0.658387096774	159.917307724	-16.4737418126	
1.3	0.0	0.0	0.0 	0.0 	106.0 	20.0 	0.0 	0.0 	0.0 	-0.0 	20.0 	0.0 	0.0 	0.0 	0.935471376556	-0.658387096774	159.907768381	-16.4614094918	
1.31666666667	0.0	0.0	0.0 	0.0 	106.333333333 	20.0 	0.0 	0.0 	0.0 	-0.0 	20.0 	0.0 	0.0 	0.0 	0.984414052755	-0.658387096774	159.897729952	-16.4484319597	
1.33333333333	0.0	0.0	0.0 	0.0 	106.666666667 	20.0 	0.0 	0.0 	0.0 	-0.0 	20.0 	0.0 	0.0 	0.0 	1.03305114528	-0.658387096774	159.887195553	-16.4348132447	
1.35	0.0	0.0	0.0 	0.0 	107.0 	20.0 	0.0 	0.0 	0.0 	-0.0 	20.0 	0.0 	0.0 	0.0 	1.08138456209	-0.658387096774	159.87616828	-16.4205573502	
1.36666666667	0.0	0.0	0.0 	0.0 	107.333333333 	20.0 	0.0 	0.0 	0.0 	-0.0 	20.0 	0.0 	0.0 	0.0 	1.12941619927	-0.658387096774	159.864651211	-16.4056682545	
1.38333333333	0.0	0.0	0.0 	0.0 	107.666666667 	20.0 	0.0 	0.0 	0.0 	-0.0 	20.0 	0.0 	0.0 	0.0 	1.17714794102	-0.658387096774	159.852647405	-16.3901499112	
1.4	0.0	0.0	0.0 	0.0 	108.0 	20.0 	0.0 	0.0 	0.0 	-0.0 	20.0 	0.0 	0.0 	0.0 	1.22458165982	-0.658387096774	159.840159899	-16.3740062491	
1.41666666667	0.0	0.0	0.0 	0.0 	108.333333333 	20.0 	0.0 	0.0 	0.0 	-0.0 	20.0 	0.0 	0.0 	0.0 	1.27171921643	-0.658387096774	159.827191715	-16.3572411725	
1.43333333333	0.0	0.0	0.0 	0.0 	108.666666667 	20.0 	0.0 	0.0 	0.0 	-0.0 	20.0 	0.0 	0.0 	0.0 	1.31856245999	-0.658387096774	159.813745853	-16.3398585614	
1.45	0.0	0.0	0.0 	0.0 	109.0 	20.0 	0.0 	0.0 	0.0 	-0.0 	20.0 	0.0 	0.0 	0.0 	1.36511322812	-0.658387096774	159.799825295	-16.3218622714	
1.46666666667	0.0	0.0	0.0 	0.0 	109.333333333 	20.0 	0.0 	0.0 	0.0 	-0.0 	20.0 	0.0 	0.0 	0.0 	1.41137334693	-0.658387096774	159.785433007	-16.3032561342	
1.48333333333	0.0	0.0	0.0 	0.0 	109.666666667 	20.0 	0.0 	0.0 	0.0 	-0.0 	20.0 	0.0 	0.0 	0.0 	1.45734463117	-0.658387096774	159.770571932	-16.2840439574	
1.5	0.0	0.0	0.0 	0.0 	110.0 	20.0 	0.0 	0.0 	0.0 	-0.0 	20.0 	0.0 	0.0 	0.0 	1.50302888423	-0.658387096774	159.755244999	-16.2642295251	
1.51666666667	0.0	0.0	0.0 	0.0 	110.333333333 	20.0 	0.0 	0.0 	0.0 	-0.0 	20.0 	0.0 	0.0 	0.0 	1.54842789825	-0.658387096774	159.739455115	-16.2438165975	
1.53333333333	0.0	0.0	0.0 	0.0 	110.666666667 	20.0 	0.0 	0.0 	0.0 	-0.0 	20.0 	0.0 	0.0 	0.0 	1.59354345417	-0.658387096774	159.723205171	-16.2228089114	
1.55	0.0	0.0	0.0 	0.0 	111.0 	20.0 	0.0 	0.0 	0.0 	-0.0 	20.0 	0.0 	0.0 	0.0 	1.63837732183	-0.658387096774	159.706498041	-16.2012101804	
1.56666666667	0.0	0.0	0.0 	0.0 	111.333333333 	20.0 	0.0 	0.0 	0.0 	-0.0 	20.0 	0.0 	0.0 	0.0 	1.68293126	-0.658387096774	159.689336577	-16.1790240948	
1.58333333333	0.0	0.0	0.0 	0.0 	111.666666667 	20.0 	0.0 	0.0 	0.0 	-0.0 	20.0 	0.0 	0.0 	0.0 	1.72720701648	-0.658387096774	159.671723617	-16.1562543217	
1.6	0.0	0.0	0.0 	0.0 	112.0 	20.0 	0.0 	0.0 	0.0 	-0.0 	20.0 	0.0 	0.0 	0.0 	1.77120632816	-0.658387096774	159.653661981	-16.1329045057	
1.61666666667	0.0	0.0	0.0 	0.0 	112.333333333 	20.0 	0.0 	0.0 	0.0 	-0.0 	20.0 	0.0 	0.0 	0.0 	1.81493092108	-0.658387096774	159.635154468	-16.1089782683	
1.63333333333	0.0	0.0	0.0 	0.0 	112.666666667 	20.0 	0.0 	0.0 	0.0 	-0.0 	20.0 	0.0 	0.0 	0.0 	1.85838251049	-0.658387096774	159.616203864	-16.0844792085	
1.65	0.0	0.0	0.0 	0.0 	113.0 	20.0 	0.0 	0.0 	0.0 	-0.0 	20.0 	0.0 	0.0 	0.0 	1.90156280096	-0.658387096774	159.596812935	-16.0594109029	
1.66666666667	0.0	0.0	0.0 	0.0 	113.333333333 	20.0 	0.0 	0.0 	0.0 	-0.0 	20.0 	0.0 	0.0 	0.0 	1.94447348639	-0.658387096774	159.57698443	-16.0337769056	
1.68333333333	0.0	0.0	0.0 	0.0 	113.666666667 	20.0 	0.0 	0.0 	0.0 	-0.0 	20.0 	0.0 	0.0 	0.0 	1.98711625012	-0.658387096774	159.556721081	-16.0075807487	
1.7	0.0	0.0	0.0 	0.0 	114.0 	20.0 	0.0 	0.0 	0.0 	-0.0 	20.0 	0.0 	0.0 	0.0 	2.02949276498	-0.658387096774	159.536025604	-15.9808259422	
1.71666666667	0.0	0.0	0.0 	0.0 	114.333333333 	20.0 	0.0 	0.0 	0.0 	-0.0 	20.0 	0.0 	0.0 	0.0 	2.07160469333	-0.658387096774	159.514900695	-15.953515974	
1.73333333333	0.0	0.0	0.0 	0.0 	114.666666667 	20.0 	0.0 	0.0 	0.0 	-0.0 	20.0 	0.0 	0.0 	0.0 	2.11345368719	-0.658387096774	159.493349038	-15.9256543105	
1.75	0.0	0.0	0.0 	0.0 	115.0 	20.0 	0.0 	0.0 	0.0 	-0.0 	20.0 	0.0 	0.0 	0.0 	2.15504138824	-0.658387096774	159.471373295	-15.8972443962	
1.76666666667	0.0	0.0	0.0 	0.0 	115.333333333 	20.0 	0.0 	0.0 	0.0 	-0.0 	20.0 	0.0 	0.0 	0.0 	2.19636942791	-0.658387096774	159.448976115	-15.8682896543	
1.78333333333	0.0	0.0	0.0 	0.0 	115.666666667 	20.0 	0.0 	0.0 	0.0 	-0.0 	20.0 	0.0 	0.0 	0.0 	2.23743942745	-0.658387096774	159.42616013	-15.8387934865	
1.8	0.0	0.0	0.0 	0.0 	116.0 	20.0 	0.0 	0.0 	0.0 	-0.0 	20.0 	0.0 	0.0 	0.0 	2.27825299799	-0.658387096774	159.402927953	-15.8087592734	
1.81666666667	0.0	0.0	0.0 	0.0 	116.333333333 	20.0 	0.0 	0.0 	0.0 	-0.0 	20.0 	0.0 	0.0 	0.0 	2.31881174061	-0.658387096774	159.379282185	-15.7781903743	
1.83333333333	0.0	0.0	0.0 	0.0 	116.666666667 	20.0 	0.0 	0.0 	0.0 	-0.0 	20.0 	0.0 	0.0 	0.0 	2.35911724635	-0.658387096774	159.355225406	-15.7470901276	
1.85	0.0	0.0	0.0 	0.0 	117.0 	20.0 	0.0 	0.0 	0.0 	-0.0 	20.0 	0.0 	0.0 	0.0 	2.39917109638	-0.658387096774	159.330760184	-15.715461851	
1.86666666667	0.0	0.0	0.0 	0.0 	117.333333333 	20.0 	0.0 	0.0 	0.0 	-0.0 	20.0 	0.0 	0.0 	0.0 	2.43897486194	-0.658387096774	159.305889068	-15.6833088413	
1.88333333333	0.0	0.0	0.0 	0.0 	117.666666667 	20.0 	0.0 	0.0 	0.0 	-0.0 	20.0 	0.0 	0.0 	0.0 	2.47853010449	-0.658387096774	159.280614593	-15.6506343747	
1.9	0.0	0.0	0.0 	0.0 	118.0 	20.0 	0.0 	0.0 	0.0 	-0.0 	20.0 	0.0 	0.0 	0.0 	2.51783837574	-0.658387096774	159.254939277	-15.6174417071	
1.91666666667	0.0	0.0	0.0 	0.0 	118.333333333 	20.0 	0.0 	0.0 	0.0 	-0.0 	20.0 	0.0 	0.0 	0.0 	2.55690121771	-0.658387096774	159.228865623	-15.5837340741	
1.93333333333	0.0	0.0	0.0 	0.0 	118.666666667 	20.0 	0.0 	0.0 	0.0 	-0.0 	20.0 	0.0 	0.0 	0.0 	2.59572016277	-0.658387096774	159.202396118	-15.5495146908	
1.95	0.0	0.0	0.0 	0.0 	119.0 	20.0 	0.0 	0.0 	0.0 	-0.0 	20.0 	0.0 	0.0 	0.0 	2.63429673376	-0.658387096774	159.175533234	-15.5147867525	
1.96666666667	0.0	0.0	0.0 	0.0 	119.333333333 	20.0 	0.0 	0.0 	0.0 	-0.0 	20.0 	0.0 	0.0 	0.0 	2.67263244398	-0.658387096774	159.148279427	-15.4795534344	
1.98333333333	0.0	0.0	0.0 	0.0 	119.666666667 	20.0 	0.0 	0.0 	0.0 	-0.0 	20.0 	0.0 	0.0 	0.0 	2.7107287973	-0.658387096774	159.120637137	-15.4438178921	
2.0	0.0	0.0	0.0 	0.0 	120.0 	20.0 	0.0 	0.0 	0.0 	-0.0 	20.0 	0.0 	0.0 	0.0 	2.7485872882	-0.658387096774	159.09260879	-15.4075832612	
2.01666666667	0.0	0.0	0.0 	0.0 	120.333333333 	20.0 	0.0 	0.0 	0.0 	-0.0 	20.0 	0.0 	0.0 	0.0 	2.7862094018	-0.658387096774	159.064196797	-15.3708526579	
2.03333333333	0.0	0.0	0.0 	0.0 	120.666666667 	20.0 	0.0 	0.0 	0.0 	-0.0 	20.0 	0.0 	0.0 	0.0 	2.823596614	-0.658387096774	159.035403553	-15.333629179	
2.05	0.0	0.0	0.0 	0.0 	121.0 	20.0 	0.0 	0.0 	0.0 	-0.0 	20.0 	0.0 	0.0 	0.0 	2.86075039143	-0.658387096774	159.006231439	-15.2959159017	
2.06666666667	0.0	0.0	0.0 	0.0 	121.333333333 	20.0 	0.0 	0.0 	0.0 	-0.0 	20.0 	0.0 	0.0 	0.0 	2.89767219161	-0.658387096774	158.976682819	-15.2577158843	
2.08333333333	0.0	0.0	0.0 	0.0 	121.666666667 	20.0 	0.0 	0.0 	0.0 	-0.0 	20.0 	0.0 	0.0 	0.0 	2.93436346292	-0.658387096774	158.946760045	-15.2190321658	
2.1	0.0	0.0	0.0 	0.0 	122.0 	20.0 	0.0 	0.0 	0.0 	-0.0 	20.0 	0.0 	0.0 	0.0 	2.97082564472	-0.658387096774	158.916465453	-15.1798677663	
2.11666666667	0.0	0.0	0.0 	0.0 	122.333333333 	20.0 	0.0 	0.0 	0.0 	-0.0 	20.0 	0.0 	0.0 	0.0 	3.00706016738	-0.658387096774	158.885801364	-15.140225687	
2.13333333333	0.0	0.0	0.0 	0.0 	122.666666667 	20.0 	0.0 	0.0 	0.0 	-0.0 	20.0 	0.0 	0.0 	0.0 	3.04306845234	-0.658387096774	158.854770085	-15.1001089105	
2.15	0.0	0.0	0.0 	0.0 	123.0 	20.0 	0.0 	0.0 	0.0 	-0.0 	20.0 	0.0 	0.0 	0.0 	3.07885191215	-0.658387096774	158.82337391	-15.0595204005	
2.16666666667	0.0	0.0	0.0 	0.0 	123.333333333 	20.0 	0.0 	0.0 	0.0 	-0.0 	20.0 	0.0 	0.0 	0.0 	3.11441195057	-0.658387096774	158.791615116	-15.0184631025	
2.18333333333	0.0	0.0	0.0 	0.0 	123.666666667 	20.0 	0.0 	0.0 	0.0 	-0.0 	20.0 	0.0 	0.0 	0.0 	3.14974996256	-0.658387096774	158.759495967	-14.9769399434	
2.2	0.0	0.0	0.0 	0.0 	124.0 	20.0 	0.0 	0.0 	0.0 	-0.0 	20.0 	0.0 	0.0 	0.0 	3.18486733439	-0.658387096774	158.727018714	-14.9349538319	
2.21666666667	0.0	0.0	0.0 	0.0 	124.333333333 	20.0 	0.0 	0.0 	0.0 	-0.0 	20.0 	0.0 	0.0 	0.0 	3.21976544368	-0.658387096774	158.694185592	-14.8925076586	
2.23333333333	0.0	0.0	0.0 	0.0 	124.666666667 	20.0 	0.0 	0.0 	0.0 	-0.0 	20.0 	0.0 	0.0 	0.0 	3.25444565944	-0.658387096774	158.660998823	-14.849604296	
2.25	0.0	0.0	0.0 	0.0 	125.0 	20.0 	0.0 	0.0 	0.0 	-0.0 	20.0 	0.0 	0.0 	0.0 	3.28890934213	-0.658387096774	158.627460616	-14.8062465986	
2.26666666667	0.0	0.0	0.0 	0.0 	125.333333333 	20.0 	0.0 	0.0 	0.0 	-0.0 	20.0 	0.0 	0.0 	0.0 	3.32315784372	-0.658387096774	158.593573163	-14.7624374031	
2.28333333333	0.0	0.0	0.0 	0.0 	125.666666667 	20.0 	0.0 	0.0 	0.0 	-0.0 	20.0 	0.0 	0.0 	0.0 	3.35719250774	-0.658387096774	158.559338648	-14.7181795286	
2.3	0.0	0.0	0.0 	0.0 	126.0 	20.0 	0.0 	0.0 	0.0 	-0.0 	20.0 	0.0 	0.0 	0.0 	3.39101466932	-0.658387096774	158.524759235	-14.6734757764	
2.31666666667	0.0	0.0	0.0 	0.0 	126.333333333 	20.0 	0.0 	0.0 	0.0 	-0.0 	20.0 	0.0 	0.0 	0.0 	3.42462565528	-0.658387096774	158.489837078	-14.6283289306	
2.33333333333	0.0	0.0	0.0 	0.0 	126.666666667 	20.0 	0.0 	0.0 	0.0 	-0.0 	20.0 	0.0 	0.0 	0.0 	3.45802678412	-0.658387096774	158.454574319	-14.5827417577	
2.35	0.0	0.0	0.0 	0.0 	127.0 	20.0 	0.0 	0.0 	0.0 	-0.0 	20.0 	0.0 	0.0 	0.0 	3.49121936613	-0.658387096774	158.418973082	-14.5367170068	
2.36666666667	0.0	0.0	0.0 	0.0 	127.333333333 	20.0 	0.0 	0.0 	0.0 	-0.0 	20.0 	0.0 	0.0 	0.0 	3.52420470342	-0.658387096774	158.383035482	-14.4902574103	
2.38333333333	0.0	0.0	0.0 	0.0 	127.666666667 	20.0 	0.0 	0.0 	0.0 	-0.0 	20.0 	0.0 	0.0 	0.0 	3.55698408996	-0.658387096774	158.346763618	-14.443365683	
2.4	0.0	0.0	0.0 	0.0 	128.0 	20.0 	0.0 	0.0 	0.0 	-0.0 	20.0 	0.0 	0.0 	0.0 	3.58955881166	-0.658387096774	158.310159578	-14.3960445231	
2.41666666667	0.0	0.0	0.0 	0.0 	128.333333333 	20.0 	0.0 	0.0 	0.0 	-0.0 	20.0 	0.0 	0.0 	0.0 	3.62193014637	-0.658387096774	158.273225436	-14.3482966118	
2.43333333333	0.0	0.0	0.0 	0.0 	128.666666667 	20.0 	0.0 	0.0 	0.0 	-0.0 	20.0 	0.0 	0.0 	0.0 	3.58730698423	-0.667946409278	158.236193963	-14.3013569831	
2.45	0.0	0.0	0.0 	0.0 	129.0 	20.0 	0.0 	0.0 	0.0 	-0.0 	20.0 	0.0 	0.0 	0.0 	3.5526838221	-0.677597984202	158.199072949	-14.2552265179	
2.46666666667	0.0	0.0	0.0 	0.0 	129.333333333 	20.0 	0.0 	0.0 	0.0 	-0.0 	20.0 	0.0 	0.0 	0.0 	3.51806065996	-0.687343619859	158.161870266	-14.2099060292	
2.48333333333	0.0	0.0	0.0 	0.0 	129.666666667 	20.0 	0.0 	0.0 	0.0 	-0.0 	20.0 	0.0 	0.0 	0.0 	3.48343749783	-0.697185167655	158.124593871	-14.1653962603	
2.5	0.0	0.0	0.0 	0.0 	130.0 	20.0 	0.0 	0.0 	0.0 	-0.0 	20.0 	0.0 	0.0 	0.0 	3.44881433569	-0.707124534202	158.087251809	-14.1216978822	
2.51666666667	0.0	0.0	0.0 	0.0 	130.333333333 	20.0 	0.0 	0.0 	0.0 	-0.0 	20.0 	0.0 	0.0 	0.0 	3.41419117356	-0.717163683535	158.049852209	-14.0788114913	
2.53333333333	0.0	0.0	0.0 	0.0 	130.666666667 	20.0 	0.0 	0.0 	0.0 	-0.0 	20.0 	0.0 	0.0 	0.0 	3.37956801142	-0.727304639437	158.012403289	-14.0367376074	
2.55	0.0	0.0	0.0 	0.0 	131.0 	20.0 	0.0 	0.0 	0.0 	-0.0 	20.0 	0.0 	0.0 	0.0 	3.34494484929	-0.737549487897	157.974913355	-13.9954766707	
2.56666666667	0.0	0.0	0.0 	0.0 	131.333333333 	20.0 	0.0 	0.0 	0.0 	-0.0 	20.0 	0.0 	0.0 	0.0 	3.31032168715	-0.747900379674	157.937390805	-13.9550290396	
2.58333333333	0.0	0.0	0.0 	0.0 	131.666666667 	20.0 	0.0 	0.0 	0.0 	-0.0 	20.0 	0.0 	0.0 	0.0 	3.27569852502	-0.758359533015	157.899844123	-13.915394988	
2.6	0.0	0.0	0.0 	0.0 	132.0 	20.0 	0.0 	0.0 	0.0 	-0.0 	20.0 	0.0 	0.0 	0.0 	3.24107536288	-0.768929236506	157.862281889	-13.8765747025	
2.61666666667	0.0	0.0	0.0 	0.0 	132.333333333 	20.0 	0.0 	0.0 	0.0 	-0.0 	20.0 	0.0 	0.0 	0.0 	3.20645220075	-0.779611852076	157.824712775	-13.8385682792	
2.63333333333	0.0	0.0	0.0 	0.0 	132.666666667 	20.0 	0.0 	0.0 	0.0 	-0.0 	20.0 	0.0 	0.0 	0.0 	3.17182903861	-0.790409818166	157.787145544	-13.8013757217	
2.65	0.0	0.0	0.0 	0.0 	133.0 	20.0 	0.0 	0.0 	0.0 	-0.0 	20.0 	0.0 	0.0 	0.0 	3.13720587648	-0.801325653072	157.749589056	-13.7649969368	
2.66666666667	0.0	0.0	0.0 	0.0 	133.333333333 	20.0 	0.0 	0.0 	0.0 	-0.0 	20.0 	0.0 	0.0 	0.0 	3.10258271434	-0.812361958466	157.712052267	-13.7294317326	
2.68333333333	0.0	0.0	0.0 	0.0 	133.666666667 	20.0 	0.0 	0.0 	0.0 	-0.0 	20.0 	0.0 	0.0 	0.0 	3.06795955221	-0.823521423119	157.674544228	-13.694679814	
2.7	0.0	0.0	0.0 	0.0 	134.0 	20.0 	0.0 	0.0 	0.0 	-0.0 	20.0 	0.0 	0.0 	0.0 	3.03333639007	-0.834806826836	157.637074088	-13.6607407803	
2.71666666667	0.0	0.0	0.0 	0.0 	134.333333333 	20.0 	0.0 	0.0 	0.0 	-0.0 	20.0 	0.0 	0.0 	0.0 	2.99871322794	-0.846221044609	157.599651097	-13.6276141212	
2.73333333333	0.0	0.0	0.0 	0.0 	134.666666667 	20.0 	0.0 	0.0 	0.0 	-0.0 	20.0 	0.0 	0.0 	0.0 	2.9640900658	-0.857767051014	157.562284601	-13.5952992129	
2.75	0.0	0.0	0.0 	0.0 	135.0 	20.0 	0.0 	0.0 	0.0 	-0.0 	20.0 	0.0 	0.0 	0.0 	2.92946690367	-0.869447924863	157.524984049	-13.5637953149	
2.76666666667	0.0	0.0	0.0 	0.0 	135.333333333 	20.0 	0.0 	0.0 	0.0 	-0.0 	20.0 	0.0 	0.0 	0.0 	2.89484374153	-0.881266854133	157.487758991	-13.5331015656	
2.78333333333	0.0	0.0	0.0 	0.0 	135.666666667 	20.0 	0.0 	0.0 	0.0 	-0.0 	20.0 	0.0 	0.0 	0.0 	2.8602205794	-0.89322714119	157.450619079	-13.5032169783	
2.8	0.0	0.0	0.0 	0.0 	136.0 	20.0 	0.0 	0.0 	0.0 	-0.0 	20.0 	0.0 	0.0 	0.0 	2.82559741726	-0.905332208326	157.413574069	-13.4741404371	
2.81666666667	0.0	0.0	0.0 	0.0 	136.333333333 	20.0 	0.0 	0.0 	0.0 	-0.0 	20.0 	0.0 	0.0 	0.0 	2.79097425513	-0.917585603634	157.376633822	-13.445870692	
2.83333333333	0.0	0.0	0.0 	0.0 	136.666666667 	20.0 	0.0 	0.0 	0.0 	-0.0 	20.0 	0.0 	0.0 	0.0 	2.756351093	-0.929991007256	157.339808302	-13.418406355	
2.85	0.0	0.0	0.0 	0.0 	137.0 	20.0 	0.0 	0.0 	0.0 	-0.0 	20.0 	0.0 	0.0 	0.0 	2.72172793086	-0.942552238016	157.303107582	-13.3917458947	
2.86666666667	0.0	0.0	0.0 	0.0 	137.333333333 	20.0 	0.0 	0.0 	0.0 	-0.0 	20.0 	0.0 	0.0 	0.0 	2.68710476873	-0.955273260475	157.266541839	-13.3658876316	
2.88333333333	0.0	0.0	0.0 	0.0 	137.666666667 	20.0 	0.0 	0.0 	0.0 	-0.0 	20.0 	0.0 	0.0 	0.0 	2.65248160659	-0.968158192443	157.230121359	-13.3408297328	
2.9	0.0	0.0	0.0 	0.0 	138.0 	20.0 	0.0 	0.0 	0.0 	-0.0 	20.0 	0.0 	0.0 	0.0 	2.61785844446	-0.98121131298	157.193856537	-13.3165702067	
2.91666666667	0.0	0.0	0.0 	0.0 	138.333333333 	20.0 	0.0 	0.0 	0.0 	-0.0 	20.0 	0.0 	0.0 	0.0 	2.58323528232	-0.994437070931	157.157757877	-13.2931068974	
2.93333333333	0.0	0.0	0.0 	0.0 	138.666666667 	20.0 	0.0 	0.0 	0.0 	-0.0 	20.0 	0.0 	0.0 	0.0 	2.54861212019	-1.00784009402	157.121835992	-13.2704374787	
2.95	0.0	0.0	0.0 	0.0 	139.0 	20.0 	0.0 	0.0 	0.0 	-0.0 	20.0 	0.0 	0.0 	0.0 	2.51398895805	-1.02142519858	157.086101606	-13.248559448	
2.96666666667	0.0	0.0	0.0 	0.0 	139.333333333 	20.0 	0.0 	0.0 	0.0 	-0.0 	20.0 	0.0 	0.0 	0.0 	2.47936579592	-1.03519739994	157.050565554	-13.2274701202	
2.98333333333	0.0	0.0	0.0 	0.0 	139.666666667 	20.0 	0.0 	0.0 	0.0 	-0.0 	20.0 	0.0 	0.0 	0.0 	2.44474263378	-1.04916192352	157.015238781	-13.2071666206	
3.0	0.0	0.0	0.0 	0.0 	140.0 	20.0 	0.0 	0.0 	0.0 	-0.0 	20.0 	0.0 	0.0 	0.0 	2.41011947165	-1.06332421679	156.980132348	-13.1876458786	
3.01666666667	0.0	0.0	0.0 	0.0 	140.333333333 	20.0 	0.0 	0.0 	0.0 	-0.0 	20.0 	0.0 	0.0 	0.0 	2.37549630951	-1.07768996195	156.945257422	-13.1689046197	
3.03333333333	0.0	0.0	0.0 	0.0 	140.666666667 	20.0 	0.0 	0.0 	0.0 	-0.0 	20.0 	0.0 	0.0 	0.0 	2.34087314738	-1.09226508968	156.910625288	-13.1509393589	
3.05	0.0	0.0	0.0 	0.0 	141.0 	20.0 	0.0 	0.0 	0.0 	-0.0 	20.0 	0.0 	0.0 	0.0 	2.30624998524	-1.10705579381	156.876247341	-13.1337463918	
3.06666666667	0.0	0.0	0.0 	0.0 	141.333333333 	20.0 	0.0 	0.0 	0.0 	-0.0 	20.0 	0.0 	0.0 	0.0 	2.27162682311	-1.12206854713	156.842135088	-13.1173217872	
3.08333333333	0.0	0.0	0.0 	0.0 	141.666666667 	20.0 	0.0 	0.0 	0.0 	-0.0 	20.0 	0.0 	0.0 	0.0 	2.23700366097	-1.13731011841	156.808300149	-13.1016613781	
3.1	0.0	0.0	0.0 	0.0 	142.0 	20.0 	0.0 	0.0 	0.0 	-0.0 	20.0 	0.0 	0.0 	0.0 	2.20238049884	-1.15278759068	156.774754257	-13.0867607527	
3.11666666667	0.0	0.0	0.0 	0.0 	142.333333333 	20.0 	0.0 	0.0 	0.0 	-0.0 	20.0 	0.0 	0.0 	0.0 	2.1677573367	-1.16850838105	156.741509255	-13.0726152452	
3.13333333333	0.0	0.0	0.0 	0.0 	142.666666667 	20.0 	0.0 	0.0 	0.0 	-0.0 	20.0 	0.0 	0.0 	0.0 	2.13313417457	-1.18448026201	156.708577099	-13.0592199256	
3.15	0.0	0.0	0.0 	0.0 	143.0 	20.0 	0.0 	0.0 	0.0 	-0.0 	20.0 	0.0 	0.0 	0.0 	2.09851101243	-1.20071138453	156.675969853	-13.0465695897	
3.16666666667	0.0	0.0	0.0 	0.0 	143.333333333 	20.0 	0.0 	0.0 	0.0 	-0.0 	20.0 	0.0 	0.0 	0.0 	2.0638878503	-1.21721030302	156.643699693	-13.0346587482	
3.18333333333	0.0	0.0	0.0 	0.0 	143.666666667 	20.0 	0.0 	0.0 	0.0 	-0.0 	20.0 	0.0 	0.0 	0.0 	2.02926468816	-1.2339860024	156.6117789	-13.0234816151	
3.2	0.0	0.0	0.0 	0.0 	144.0 	20.0 	0.0 	0.0 	0.0 	-0.0 	20.0 	0.0 	0.0 	0.0 	1.99464152603	-1.25104792751	156.580219863	-13.0130320963	
3.21666666667	0.0	0.0	0.0 	0.0 	144.333333333 	20.0 	0.0 	0.0 	0.0 	-0.0 	20.0 	0.0 	0.0 	0.0 	1.96001836389	-1.268406015	156.549035077	-13.0033037767	
3.23333333333	0.0	0.0	0.0 	0.0 	144.666666667 	20.0 	0.0 	0.0 	0.0 	-0.0 	20.0 	0.0 	0.0 	0.0 	1.92539520176	-1.28607072814	156.518237137	-12.9942899073	
3.25	0.0	0.0	0.0 	0.0 	145.0 	20.0 	0.0 	0.0 	0.0 	-0.0 	20.0 	0.0 	0.0 	0.0 	1.89077203962	-1.30405309462	156.487838739	-12.9859833912	
3.26666666667	0.0	0.0	0.0 	0.0 	145.333333333 	20.0 	0.0 	0.0 	0.0 	-0.0 	20.0 	0.0 	0.0 	0.0 	1.85614887749	-1.32236474796	156.457852676	-12.9783767696	
3.28333333333	0.0	0.0	0.0 	0.0 	145.666666667 	20.0 	0.0 	0.0 	0.0 	-0.0 	20.0 	0.0 	0.0 	0.0 	1.82152571535	-1.34101797268	156.428291837	-12.9714622061	
3.3	0.0	0.0	0.0 	0.0 	146.0 	20.0 	0.0 	0.0 	0.0 	-0.0 	20.0 	0.0 	0.0 	0.0 	1.78690255322	-1.36002575382	156.399169197	-12.965231471	
3.31666666667	0.0	0.0	0.0 	0.0 	146.333333333 	20.0 	0.0 	0.0 	0.0 	-0.0 	20.0 	0.0 	0.0 	0.0 	1.75227939108	-1.3794018312	156.37049782	-12.9596759243	
3.33333333333	0.0	0.0	0.0 	0.0 	146.666666667 	20.0 	0.0 	0.0 	0.0 	-0.0 	20.0 	0.0 	0.0 	0.0 	1.71765622895	-1.39916075909	156.342290849	-12.9547864981	
3.35	0.0	0.0	0.0 	0.0 	147.0 	20.0 	0.0 	0.0 	0.0 	-0.0 	20.0 	0.0 	0.0 	0.0 	1.68303306681	-1.41931797189	156.314561503	-12.9505536777	
3.36666666667	0.0	0.0	0.0 	0.0 	147.333333333 	20.0 	0.0 	0.0 	0.0 	-0.0 	20.0 	0.0 	0.0 	0.0 	1.64840990468	-1.43988985656	156.287323068	-12.946967482	
3.38333333333	0.0	0.0	0.0 	0.0 	147.666666667 	20.0 	0.0 	0.0 	0.0 	-0.0 	20.0 	0.0 	0.0 	0.0 	1.61378674254	-1.46089383259	156.260588894	-12.9440174426	
3.4	0.0	0.0	0.0 	0.0 	148.0 	20.0 	0.0 	0.0 	0.0 	-0.0 	20.0 	0.0 	0.0 	0.0 	1.57916358041	-1.4823484407	156.234372383	-12.941692582	
3.41666666667	0.0	0.0	0.0 	0.0 	148.333333333 	20.0 	0.0 	0.0 	0.0 	-0.0 	20.0 	0.0 	0.0 	0.0 	1.54454041827	-1.50427344111	156.20868698	-12.9399813899	
3.43333333333	0.0	0.0	0.0 	0.0 	148.666666667 	20.0 	0.0 	0.0 	0.0 	-0.0 	20.0 	0.0 	0.0 	0.0 	1.50991725614	-1.52668992288	156.183546166	-12.9388717995	
3.45	0.0	0.0	0.0 	0.0 	149.0 	20.0 	0.0 	0.0 	0.0 	-0.0 	20.0 	0.0 	0.0 	0.0 	1.475294094	-1.54962042585	156.158963444	-12.9383511603	
3.46666666667	0.0	0.0	0.0 	0.0 	149.333333333 	20.0 	0.0 	0.0 	0.0 	-0.0 	20.0 	0.0 	0.0 	0.0 	1.44067093187	-1.5730890768	156.134952325	-12.9384062119	
3.48333333333	0.0	0.0	0.0 	0.0 	149.666666667 	20.0 	0.0 	0.0 	0.0 	-0.0 	20.0 	0.0 	0.0 	0.0 	1.40604776973	-1.59712174198	156.111526315	-12.9390230539	
3.5	0.0	0.0	0.0 	0.0 	150.0 	20.0 	0.0 	0.0 	0.0 	-0.0 	20.0 	0.0 	0.0 	0.0 	1.3714246076	-1.62174619847	156.088698899	-12.9401871152	
3.51666666667	0.0	0.0	0.0 	0.0 	150.333333333 	20.0 	0.0 	0.0 	0.0 	-0.0 	20.0 	0.0 	0.0 	0.0 	1.33680144546	-1.64699232716	156.066483521	-12.9418831217	
3.53333333333	0.0	0.0	0.0 	0.0 	150.666666667 	20.0 	0.0 	0.0 	0.0 	-0.0 	20.0 	0.0 	0.0 	0.0 	1.30217828333	-1.67289233068	156.044893563	-12.9440950609	
3.55	0.0	0.0	0.0 	0.0 	151.0 	20.0 	0.0 	0.0 	0.0 	-0.0 	20.0 	0.0 	0.0 	0.0 	1.26755512119	-1.69948098031	156.023942323	-12.9468061455	
3.56666666667	0.0	0.0	0.0 	0.0 	151.333333333 	20.0 	0.0 	0.0 	0.0 	-0.0 	20.0 	0.0 	0.0 	0.0 	1.23293195906	-1.72679589668	156.003642987	-12.9499987737	
3.58333333333	0.0	0.0	0.0 	0.0 	151.666666667 	20.0 	0.0 	0.0 	0.0 	-0.0 	20.0 	0.0 	0.0 	0.0 	1.19830879692	-1.75487786981	155.984008602	-12.9536544877	
3.6	0.0	0.0	0.0 	0.0 	152.0 	20.0 	0.0 	0.0 	0.0 	-0.0 	20.0 	0.0 	0.0 	0.0 	1.16368563479	-1.78377122536	155.965052038	-12.9577539295	
3.61666666667	0.0	0.0	0.0 	0.0 	152.333333333 	20.0 	0.0 	0.0 	0.0 	-0.0 	20.0 	0.0 	0.0 	0.0 	1.12906247265	-1.81352424551	155.946785954	-12.9622767932	
3.63333333333	0.0	0.0	0.0 	0.0 	152.666666667 	20.0 	0.0 	0.0 	0.0 	-0.0 	20.0 	0.0 	0.0 	0.0 	1.09443931052	-1.84418965417	155.929222752	-12.9672017753	
3.65	0.0	0.0	0.0 	0.0 	153.0 	20.0 	0.0 	0.0 	0.0 	-0.0 	20.0 	0.0 	0.0 	0.0 	1.05981614838	-1.87582517914	155.912374532	-12.9725065207	
3.66666666667	0.0	0.0	0.0 	0.0 	153.333333333 	20.0 	0.0 	0.0 	0.0 	-0.0 	20.0 	0.0 	0.0 	0.0 	1.02519298625	-1.90849420593	155.896253032	-12.9781675659	
3.68333333333	0.0	0.0	0.0 	0.0 	153.666666667 	20.0 	0.0 	0.0 	0.0 	-0.0 	20.0 	0.0 	0.0 	0.0 	0.990569824113	-1.94226654206	155.880869571	-12.9841602783	
3.7	0.0	0.0	0.0 	0.0 	154.0 	20.0 	0.0 	0.0 	0.0 	-0.0 	20.0 	0.0 	0.0 	0.0 	0.955946661978	-1.97721931499	155.866234971	-12.9904587915	
3.71666666667	0.0	0.0	0.0 	0.0 	154.333333333 	20.0 	0.0 	0.0 	0.0 	-0.0 	20.0 	0.0 	0.0 	0.0 	0.921323499843	-2.01343803253	155.852359481	-12.9970359367	
3.73333333333	0.0	0.0	0.0 	0.0 	154.666666667 	20.0 	0.0 	0.0 	0.0 	-0.0 	20.0 	0.0 	0.0 	0.0 	0.886700337708	-2.0510178426	155.839252682	-13.0038631694	
3.75	0.0	0.0	0.0 	0.0 	155.0 	20.0 	0.0 	0.0 	0.0 	-0.0 	20.0 	0.0 	0.0 	0.0 	0.852077175573	-2.09006503889	155.826923376	-13.0109104921	
3.76666666667	0.0	0.0	0.0 	0.0 	155.333333333 	20.0 	0.0 	0.0 	0.0 	-0.0 	20.0 	0.0 	0.0 	0.0 	0.817454013438	-2.11888312664	155.81529478	-13.0180094701	
3.78333333333	0.0	0.0	0.0 	0.0 	155.666666667 	20.0 	0.0 	0.0 	0.0 	-0.0 	20.0 	0.0 	0.0 	0.0 	0.782830851303	-2.13848122924	155.804294075	-13.0250246982	
3.8	0.0	0.0	0.0 	0.0 	156.0 	20.0 	0.0 	0.0 	0.0 	-0.0 	20.0 	0.0 	0.0 	0.0 	0.748207689168	-2.09425307692	155.793493742	-13.0312582284	
3.81666666667	0.0	0.0	0.0 	0.0 	156.333333333 	20.0 	0.0 	0.0 	0.0 	-0.0 	20.0 	0.0 	0.0 	0.0 	0.713584527033	-2.04797827564	155.78292921	-13.0367204533	
3.83333333333	0.0	0.0	0.0 	0.0 	156.666666667 	20.0 	0.0 	0.0 	0.0 	-0.0 	20.0 	0.0 	0.0 	0.0 	0.678961364898	-1.99945821834	155.77263703	-13.0414240049	
3.85	0.0	0.0	0.0 	0.0 	157.0 	20.0 	0.0 	0.0 	0.0 	-0.0 	20.0 	0.0 	0.0 	0.0 	0.644338202763	-1.94846391451	155.762654864	-13.045384037	
3.86666666667	0.0	0.0	0.0 	0.0 	157.333333333 	20.0 	0.0 	0.0 	0.0 	-0.0 	20.0 	0.0 	0.0 	0.0 	0.609715040629	-1.89472945955	155.75302146	-13.0486185508	
3.88333333333	0.0	0.0	0.0 	0.0 	157.666666667 	20.0 	0.0 	0.0 	0.0 	-0.0 	20.0 	0.0 	0.0 	0.0 	0.575091878494	-1.83794365007	155.74377659	-13.0511487732	
3.9	0.0	0.0	0.0 	0.0 	158.0 	20.0 	0.0 	0.0 	0.0 	-0.0 	20.0 	0.0 	0.0 	0.0 	0.540468716359	-1.77773907506	155.734960972	-13.0529995979	
3.91666666667	0.0	0.0	0.0 	0.0 	158.333333333 	20.0 	0.0 	0.0 	0.0 	-0.0 	20.0 	0.0 	0.0 	0.0 	0.505845554224	-1.71367771297	155.726616124	-13.054200102	
3.93333333333	0.0	0.0	0.0 	0.0 	158.666666667 	20.0 	0.0 	0.0 	0.0 	-0.0 	20.0 	0.0 	0.0 	0.0 	0.471222392089	-1.64523159964	155.718784165	-13.0547841551	
3.95	0.0	0.0	0.0 	0.0 	159.0 	20.0 	0.0 	0.0 	0.0 	-0.0 	20.0 	0.0 	0.0 	0.0 	0.436599229954	-1.57175639405	155.711507514	-13.0547911412	
3.96666666667	0.0	0.0	0.0 	0.0 	159.333333333 	20.0 	0.0 	0.0 	0.0 	-0.0 	20.0 	0.0 	0.0 	0.0 	0.401976067819	-1.49245446276	155.704828462	-13.0542668187	
3.98333333333	0.0	0.0	0.0 	0.0 	159.666666667 	20.0 	0.0 	0.0 	0.0 	-0.0 	20.0 	0.0 	0.0 	0.0 	0.367352905684	-1.40632206607	155.69878854	-13.0532643511	
4.0	0.0	0.0	0.0 	0.0 	160.0 	20.0 	0.0 	0.0 	0.0 	-0.0 	20.0 	0.0 	0.0 	0.0 	0.332729743549	-1.31207165563	155.693427615	-13.0518455478	
4.01666666667	0.0	0.0	0.0 	0.0 	160.333333333 	20.0 	0.0 	0.0 	0.0 	-0.0 	20.0 	0.0 	0.0 	0.0 	0.298106581414	-1.20801374435	155.688782553	-13.0500823612	
4.03333333333	0.0	0.0	0.0 	0.0 	160.666666667 	20.0 	0.0 	0.0 	0.0 	-0.0 	20.0 	0.0 	0.0 	0.0 	0.263483419279	-1.09187017593	155.684885236	-13.0480586926	
4.05	0.0	0.0	0.0 	0.0 	161.0 	20.0 	0.0 	0.0 	0.0 	-0.0 	20.0 	0.0 	0.0 	0.0 	0.228860257144	-0.960464707498	155.681759547	-13.045872546	
4.06666666667	0.0	0.0	0.0 	0.0 	161.333333333 	20.0 	0.0 	0.0 	0.0 	-0.0 	20.0 	0.0 	0.0 	0.0 	0.194237095009	-0.809179540877	155.679416655	-13.0436385202	
4.08333333333	0.0	0.0	0.0 	0.0 	161.666666667 	20.0 	0.0 	0.0 	0.0 	-0.0 	20.0 	0.0 	0.0 	0.0 	0.159613932874	-0.630927481798	155.6778474	-13.0414904339	
4.1	0.0	0.0	0.0 	0.0 	162.0 	20.0 	0.0 	0.0 	0.0 	-0.0 	20.0 	0.0 	0.0 	0.0 	0.124990770739	-0.414009312366	155.677009372	-13.0395832512	
4.11666666667	0.0	0.0	0.0 	0.0 	162.333333333 	20.0 	0.0 	0.0 	0.0 	-0.0 	20.0 	0.0 	0.0 	0.0 	0.0903676086044	-0.13700356282	155.676803672	-13.0380912372	
4.13333333333	0.0	0.0	0.0 	0.0 	162.666666667 	20.0 	0.0 	0.0 	0.0 	-0.0 	20.0 	0.0 	0.0 	0.0 	0.0557444464694	0.12057528604	155.676915425	-13.0371689086	
4.15	0.0	0.0	0.0 	0.0 	163.0 	20.0 	0.0 	0.0 	0.0 	-0.0 	20.0 	0.0 	0.0 	0.0 	0.0211212843345	0.338502736343	155.677032322	-13.0368368634	
4.16666666667	0.0	0.0	0.0 	0.0 	163.333333333 	20.0 	0.0 	0.0 	0.0 	-0.0 	20.0 	0.0 	0.0 	0.0 	0.0757728936367	0.523313587459	155.677663451	-13.0357429958	
4.18333333333	0.0	0.0	0.0 	0.0 	163.666666667 	20.0 	0.0 	0.0 	0.0 	-0.0 	20.0 	0.0 	0.0 	0.0 	0.130083274361	0.677322630056	155.67902219	-13.0340535318	
4.2	0.0	0.0	0.0 	0.0 	164.0 	20.0 	0.0 	0.0 	0.0 	-0.0 	20.0 	0.0 	0.0 	0.0 	0.184054557039	0.805663498887	155.681234803	-13.0319288281	
4.21666666667	0.0	0.0	0.0 	0.0 	164.333333333 	20.0 	0.0 	0.0 	0.0 	-0.0 	20.0 	0.0 	0.0 	0.0 	0.237688858898	0.912614222913	155.684368753	-13.0295056705	
4.23333333333	0.0	0.0	0.0 	0.0 	164.666666667 	20.0 	0.0 	0.0 	0.0 	-0.0 	20.0 	0.0 	0.0 	0.0 	0.290988283949	1.00173982627	155.688454275	-13.026892414	
4.25	0.0	0.0	0.0 	0.0 	165.0 	20.0 	0.0 	0.0 	0.0 	-0.0 	20.0 	0.0 	0.0 	0.0 	0.343954923062	1.0760111624	155.693499353	-13.0241703398	
4.26666666667	0.0	0.0	0.0 	0.0 	165.333333333 	20.0 	0.0 	0.0 	0.0 	-0.0 	20.0 	0.0 	0.0 	0.0 	0.396590854056	1.1379039425	155.699499483	-13.0213975211	
4.28333333333	0.0	0.0	0.0 	0.0 	165.666666667 	20.0 	0.0 	0.0 	0.0 	-0.0 	20.0 	0.0 	0.0 	0.0 	0.448898141775	1.18948125926	155.706443758	-13.0186132947	
4.3	0.0	0.0	0.0 	0.0 	166.0 	20.0 	0.0 	0.0 	0.0 	-0.0 	20.0 	0.0 	0.0 	0.0 	0.50087883817	1.23246235656	155.714318483	-13.0158424666	
4.31666666667	0.0	0.0	0.0 	0.0 	166.333333333 	20.0 	0.0 	0.0 	0.0 	-0.0 	20.0 	0.0 	0.0 	0.0 	0.552534982383	1.26827993764	155.723109221	-13.0130989161	
4.33333333333	0.0	0.0	0.0 	0.0 	166.666666667 	20.0 	0.0 	0.0 	0.0 	-0.0 	20.0 	0.0 	0.0 	0.0 	0.603868600822	1.29812792187	155.732801873	-13.0103885303	
4.35	0.0	0.0	0.0 	0.0 	167.0 	20.0 	0.0 	0.0 	0.0 	-0.0 	20.0 	0.0 	0.0 	0.0 	0.654881707241	1.32300124207	155.743383185	-13.0077115159	
4.36666666667	0.0	0.0	0.0 	0.0 	167.333333333 	20.0 	0.0 	0.0 	0.0 	-0.0 	20.0 	0.0 	0.0 	0.0 	0.705576302826	1.3437290089	155.75484093	-13.0050641807	
4.38333333333	0.0	0.0	0.0 	0.0 	167.666666667 	20.0 	0.0 	0.0 	0.0 	-0.0 	20.0 	0.0 	0.0 	0.0 	0.755954376262	1.36100214792	155.767163916	-13.0024402808	
4.4	0.0	0.0	0.0 	0.0 	168.0 	20.0 	0.0 	0.0 	0.0 	-0.0 	20.0 	0.0 	0.0 	0.0 	0.806017903822	1.37539643044	155.780341907	-12.9998320225	
4.41666666667	0.0	0.0	0.0 	0.0 	168.333333333 	20.0 	0.0 	0.0 	0.0 	-0.0 	20.0 	0.0 	0.0 	0.0 	0.855768849438	1.38739166587	155.794365512	-12.9972307963	
4.43333333333	0.0	0.0	0.0 	0.0 	168.666666667 	20.0 	0.0 	0.0 	0.0 	-0.0 	20.0 	0.0 	0.0 	0.0 	0.905209164779	1.3973876954	155.809226065	-12.9946277036	
4.45	0.0	0.0	0.0 	0.0 	169.0 	20.0 	0.0 	0.0 	0.0 	-0.0 	20.0 	0.0 	0.0 	0.0 	0.954340789329	1.40571772001	155.824915514	-12.9920139253	
4.46666666667	0.0	0.0	0.0 	0.0 	169.333333333 	20.0 	0.0 	0.0 	0.0 	-0.0 	20.0 	0.0 	0.0 	0.0 	1.00316565046	1.41265940718	155.841426323	-12.9893809725	
4.48333333333	0.0	0.0	0.0 	0.0 	169.666666667 	20.0 	0.0 	0.0 	0.0 	-0.0 	20.0 	0.0 	0.0 	0.0 	1.05168566352	1.41844414649	155.858751387	-12.9867208478	
4.5	0.0	0.0	0.0 	0.0 	170.0 	20.0 	0.0 	0.0 	0.0 	-0.0 	20.0 	0.0 	0.0 	0.0 	1.09990273189	1.42326476258	155.87688396	-12.9840261418	
4.51666666667	0.0	0.0	0.0 	0.0 	170.333333333 	20.0 	0.0 	0.0 	0.0 	-0.0 	20.0 	0.0 	0.0 	0.0 	1.14781874705	1.42728194266	155.895817603	-12.9812900816	
4.53333333333	0.0	0.0	0.0 	0.0 	170.666666667 	20.0 	0.0 	0.0 	0.0 	-0.0 	20.0 	0.0 	0.0 	0.0 	1.19543558871	1.43062959272	155.91554613	-12.9785065453	
4.55	0.0	0.0	0.0 	0.0 	171.0 	20.0 	0.0 	0.0 	0.0 	-0.0 	20.0 	0.0 	0.0 	0.0 	1.24275512482	1.43341930111	155.936063574	-12.9756700536	
4.56666666667	0.0	0.0	0.0 	0.0 	171.333333333 	20.0 	0.0 	0.0 	0.0 	-0.0 	20.0 	0.0 	0.0 	0.0 	1.28977921165	1.4357440581	155.957364155	-12.9727757438	
4.58333333333	0.0	0.0	0.0 	0.0 	171.666666667 	20.0 	0.0 	0.0 	0.0 	-0.0 	20.0 	0.0 	0.0 	0.0 	1.33650969391	1.43768135559	155.979442254	-12.9698193354	
4.6	0.0	0.0	0.0 	0.0 	172.0 	20.0 	0.0 	0.0 	0.0 	-0.0 	20.0 	0.0 	0.0 	0.0 	1.38294840479	1.43929577016	156.002292394	-12.9667970886	
4.61666666667	0.0	0.0	0.0 	0.0 	172.333333333 	20.0 	0.0 	0.0 	0.0 	-0.0 	20.0 	0.0 	0.0 	0.0 	1.42909716601	1.44064111564	156.02590922	-12.9637057599	
4.63333333333	0.0	0.0	0.0 	0.0 	172.666666667 	20.0 	0.0 	0.0 	0.0 	-0.0 	20.0 	0.0 	0.0 	0.0 	1.47495778793	1.44176223688	156.050287485	-12.9605425575	
4.65	0.0	0.0	0.0 	0.0 	173.0 	20.0 	0.0 	0.0 	0.0 	-0.0 	20.0 	0.0 	0.0 	0.0 	1.52053206962	1.44269650457	156.075422043	-12.9573050972	
4.66666666667	0.0	0.0	0.0 	0.0 	173.333333333 	20.0 	0.0 	0.0 	0.0 	-0.0 	20.0 	0.0 	0.0 	0.0 	1.56582179889	1.44347506098	156.101307833	-12.9539913603	
4.68333333333	0.0	0.0	0.0 	0.0 	173.666666667 	20.0 	0.0 	0.0 	0.0 	-0.0 	20.0 	0.0 	0.0 	0.0 	1.61082875241	1.44412385799	156.127939873	-12.9505996536	
4.7	0.0	0.0	0.0 	0.0 	174.0 	20.0 	0.0 	0.0 	0.0 	-0.0 	20.0 	0.0 	0.0 	0.0 	1.65555469575	1.44466452217	156.155313254	-12.9471285727	
4.71666666667	0.0	0.0	0.0 	0.0 	174.333333333 	20.0 	0.0 	0.0 	0.0 	-0.0 	20.0 	0.0 	0.0 	0.0 	1.70000138345	1.44511507565	156.183423131	-12.9435769683	
4.73333333333	0.0	0.0	0.0 	0.0 	174.666666667 	20.0 	0.0 	0.0 	0.0 	-0.0 	20.0 	0.0 	0.0 	0.0 	1.7441705591	1.44549053688	156.212264721	-12.9399439154	
4.75	0.0	0.0	0.0 	0.0 	175.0 	20.0 	0.0 	0.0 	0.0 	-0.0 	20.0 	0.0 	0.0 	0.0 	1.78806395541	1.44580342124	156.241833295	-12.9362286852	
4.76666666667	0.0	0.0	0.0 	0.0 	175.333333333 	20.0 	0.0 	0.0 	0.0 	-0.0 	20.0 	0.0 	0.0 	0.0 	1.83168329426	1.44606415821	156.272124179	-12.9324307208	
4.78333333333	0.0	0.0	0.0 	0.0 	175.666666667 	20.0 	0.0 	0.0 	0.0 	-0.0 	20.0 	0.0 	0.0 	0.0 	1.87503028678	1.44628143901	156.303132743	-12.9285496146	
4.8	0.0	0.0	0.0 	0.0 	176.0 	20.0 	0.0 	0.0 	0.0 	-0.0 	20.0 	0.0 	0.0 	0.0 	1.91810663343	1.44646250635	156.334854407	-12.9245850888	
4.81666666667	0.0	0.0	0.0 	0.0 	176.333333333 	20.0 	0.0 	0.0 	0.0 	-0.0 	20.0 	0.0 	0.0 	0.0 	1.96091402404	1.4466133958	156.36728463	-12.920536978	
4.83333333333	0.0	0.0	0.0 	0.0 	176.666666667 	20.0 	0.0 	0.0 	0.0 	-0.0 	20.0 	0.0 	0.0 	0.0 	2.00345413789	1.44673913701	156.400418916	-12.9164052137	
4.85	0.0	0.0	0.0 	0.0 	177.0 	20.0 	0.0 	0.0 	0.0 	-0.0 	20.0 	0.0 	0.0 	0.0 	2.04572864377	1.44684392134	156.434252804	-12.912189811	
4.86666666667	0.0	0.0	0.0 	0.0 	177.333333333 	20.0 	0.0 	0.0 	0.0 	-0.0 	20.0 	0.0 	0.0 	0.0 	2.08773920008	1.44693124163	156.468781871	-12.907890857	
4.88333333333	0.0	0.0	0.0 	0.0 	177.666666667 	20.0 	0.0 	0.0 	0.0 	-0.0 	20.0 	0.0 	0.0 	0.0 	2.12948745482	1.44700400853	156.50400173	-12.9035085001	
4.9	0.0	0.0	0.0 	0.0 	178.0 	20.0 	0.0 	0.0 	0.0 	-0.0 	20.0 	0.0 	0.0 	0.0 	2.17097504574	1.44706464761	156.539908029	-12.8990429416	
4.91666666667	0.0	0.0	0.0 	0.0 	178.333333333 	20.0 	0.0 	0.0 	0.0 	-0.0 	20.0 	0.0 	0.0 	0.0 	2.21220360033	1.44711518019	156.576496448	-12.8944944275	
4.93333333333	0.0	0.0	0.0 	0.0 	178.666666667 	20.0 	0.0 	0.0 	0.0 	-0.0 	20.0 	0.0 	0.0 	0.0 	2.25317473596	1.44715729066	156.613762697	-12.8898632419	
4.95	0.0	0.0	0.0 	0.0 	179.0 	20.0 	0.0 	0.0 	0.0 	-0.0 	20.0 	0.0 	0.0 	0.0 	2.29389005987	1.44719238272	156.65170252	-12.8851497012	
4.96666666667	0.0	0.0	0.0 	0.0 	179.333333333 	20.0 	0.0 	0.0 	0.0 	-0.0 	20.0 	0.0 	0.0 	0.0 	2.33435116926	1.44722162611	156.690311691	-12.8803541491	
4.98333333333	0.0	0.0	0.0 	0.0 	179.666666667 	20.0 	0.0 	0.0 	0.0 	-0.0 	20.0 	0.0 	0.0 	0.0 	2.37455965139	1.4472459956	156.729586012	-12.8754769522	
5.0	0.0	0.0	0.0 	0.0 	180.0 	20.0 	0.0 	0.0 	0.0 	-0.0 	20.0 	0.0 	0.0 	0.0 	2.41451708357	1.44726630351	156.769521314	-12.8705184962	
5.01666666667	0.0	0.0	0.0 	0.0 	180.333333333 	20.0 	0.0 	0.0 	0.0 	-0.0 	20.0 	0.0 	0.0 	0.0 	2.4542250333	1.44728322676	156.810113458	-12.8654791829	
5.03333333333	0.0	0.0	0.0 	0.0 	180.666666667 	20.0 	0.0 	0.0 	0.0 	-0.0 	20.0 	0.0 	0.0 	0.0 	2.49368505827	1.44729732947	156.851358331	-12.8603594271	
5.05	0.0	0.0	0.0 	0.0 	181.0 	20.0 	0.0 	0.0 	0.0 	-0.0 	20.0 	0.0 	0.0 	0.0 	2.53289870645	1.44730908174	156.893251848	-12.8551596546	
5.06666666667	0.0	0.0	0.0 	0.0 	181.333333333 	20.0 	0.0 	0.0 	0.0 	-0.0 	20.0 	0.0 	0.0 	0.0 	2.57186751613	1.44731887529	156.935789951	-12.8498802998	
5.08333333333	0.0	0.0	0.0 	0.0 	181.666666667 	20.0 	0.0 	0.0 	0.0 	-0.0 	20.0 	0.0 	0.0 	0.0 	2.61059301603	1.44732703658	156.978968609	-12.8445218044	
5.1	0.0	0.0	0.0 	0.0 	182.0 	20.0 	0.0 	0.0 	0.0 	-0.0 	20.0 	0.0 	0.0 	0.0 	2.6490767253	1.44733383766	157.022783816	-12.8390846154	
5.11666666667	0.0	0.0	0.0 	0.0 	182.333333333 	20.0 	0.0 	0.0 	0.0 	-0.0 	20.0 	0.0 	0.0 	0.0 	2.6873201536	1.44733950522	157.067231593	-12.8335691842	
5.13333333333	0.0	0.0	0.0 	0.0 	182.666666667 	20.0 	0.0 	0.0 	0.0 	-0.0 	20.0 	0.0 	0.0 	0.0 	2.72532480118	1.44734422819	157.112307987	-12.8279759656	
5.15	0.0	0.0	0.0 	0.0 	183.0 	20.0 	0.0 	0.0 	0.0 	-0.0 	20.0 	0.0 	0.0 	0.0 	2.76309215892	1.447348164	157.158009068	-12.8223054164	
5.16666666667	0.0	0.0	0.0 	0.0 	183.333333333 	20.0 	0.0 	0.0 	0.0 	-0.0 	20.0 	0.0 	0.0 	0.0 	2.80062370838	1.44735144384	157.204330934	-12.8165579951	
5.18333333333	0.0	0.0	0.0 	0.0 	183.666666667 	20.0 	0.0 	0.0 	0.0 	-0.0 	20.0 	0.0 	0.0 	0.0 	2.83792092188	1.44735417704	157.251269706	-12.810734161	
5.2	0.0	0.0	0.0 	0.0 	184.0 	20.0 	0.0 	0.0 	0.0 	-0.0 	20.0 	0.0 	0.0 	0.0 	2.87498526255	1.44735645471	157.298821529	-12.8048343737	
5.21666666667	0.0	0.0	0.0 	0.0 	184.333333333 	20.0 	0.0 	0.0 	0.0 	-0.0 	20.0 	0.0 	0.0 	0.0 	2.91181818438	1.44735835276	157.346982575	-12.7988590926	
5.23333333333	0.0	0.0	0.0 	0.0 	184.666666667 	20.0 	0.0 	0.0 	0.0 	-0.0 	20.0 	0.0 	0.0 	0.0 	2.94842113227	1.44735993447	157.395749038	-12.7928087765	
5.25	0.0	0.0	0.0 	0.0 	185.0 	20.0 	0.0 	0.0 	0.0 	-0.0 	20.0 	0.0 	0.0 	0.0 	2.98479554212	1.44736125257	157.445117136	-12.7866838832	
5.26666666667	0.0	0.0	0.0 	0.0 	185.333333333 	20.0 	0.0 	0.0 	0.0 	-0.0 	20.0 	0.0 	0.0 	0.0 	3.02094284085	1.44736235098	157.495083112	-12.7804848695	
5.28333333333	0.0	0.0	0.0 	0.0 	185.666666667 	20.0 	0.0 	0.0 	0.0 	-0.0 	20.0 	0.0 	0.0 	0.0 	3.05686444647	1.44736326632	157.545643233	-12.7742121904	
5.3	0.0	0.0	0.0 	0.0 	186.0 	20.0 	0.0 	0.0 	0.0 	-0.0 	20.0 	0.0 	0.0 	0.0 	3.09256176816	1.44736402911	157.596793787	-12.7678662995	
5.31666666667	0.0	0.0	0.0 	0.0 	186.333333333 	20.0 	0.0 	0.0 	0.0 	-0.0 	20.0 	0.0 	0.0 	0.0 	3.12803620626	1.44736466477	157.648531088	-12.7614476485	
5.33333333333	0.0	0.0	0.0 	0.0 	186.666666667 	20.0 	0.0 	0.0 	0.0 	-0.0 	20.0 	0.0 	0.0 	0.0 	3.1632891524	1.44736519448	157.700851471	-12.754956687	
5.35	0.0	0.0	0.0 	0.0 	187.0 	20.0 	0.0 	0.0 	0.0 	-0.0 	20.0 	0.0 	0.0 	0.0 	3.19832198952	1.44736563591	157.753751295	-12.7483938627	
5.36666666667	0.0	0.0	0.0 	0.0 	187.333333333 	20.0 	0.0 	0.0 	0.0 	-0.0 	20.0 	0.0 	0.0 	0.0 	3.2331360919	1.44736600376	157.807226943	-12.741759621	
5.38333333333	0.0	0.0	0.0 	0.0 	187.666666667 	20.0 	0.0 	0.0 	0.0 	-0.0 	20.0 	0.0 	0.0 	0.0 	3.26773282526	1.44736631031	157.861274818	-12.735054405	
5.4	0.0	0.0	0.0 	0.0 	188.0 	20.0 	0.0 	0.0 	0.0 	-0.0 	20.0 	0.0 	0.0 	0.0 	3.3021135468	1.44736656576	157.915891348	-12.7282786555	
5.41666666667	0.0	0.0	0.0 	0.0 	188.333333333 	20.0 	0.0 	0.0 	0.0 	-0.0 	20.0 	0.0 	0.0 	0.0 	3.33627960522	1.44736677864	157.971072981	-12.721432811	
5.43333333333	0.0	0.0	0.0 	0.0 	188.666666667 	20.0 	0.0 	0.0 	0.0 	-0.0 	20.0 	0.0 	0.0 	0.0 	3.37023234081	1.44736695604	158.026816189	-12.7145173073	
5.45	0.0	0.0	0.0 	0.0 	189.0 	20.0 	0.0 	0.0 	0.0 	-0.0 	20.0 	0.0 	0.0 	0.0 	3.40397308551	1.44736710388	158.083117466	-12.7075325782	
5.46666666667	0.0	0.0	0.0 	0.0 	189.333333333 	20.0 	0.0 	0.0 	0.0 	-0.0 	20.0 	0.0 	0.0 	0.0 	3.43750316293	1.44736722707	158.139973327	-12.7004790545	
5.48333333333	0.0	0.0	0.0 	0.0 	189.666666667 	20.0 	0.0 	0.0 	0.0 	-0.0 	20.0 	0.0 	0.0 	0.0 	3.47082388839	1.44736732973	158.197380309	-12.6933571648	
5.5	0.0	0.0	0.0 	0.0 	190.0 	20.0 	0.0 	0.0 	0.0 	-0.0 	20.0 	0.0 	0.0 	0.0 	3.50393656905	1.44736741528	158.255334971	-12.6861673352	
5.51666666667	0.0	0.0	0.0 	0.0 	190.333333333 	20.0 	0.0 	0.0 	0.0 	-0.0 	20.0 	0.0 	0.0 	0.0 	3.53684250387	1.44736748658	158.313833894	-12.6789099891	
5.53333333333	0.0	0.0	0.0 	0.0 	190.666666667 	20.0 	0.0 	0.0 	0.0 	-0.0 	20.0 	0.0 	0.0 	0.0 	3.5695429837	1.44736754599	158.372873679	-12.6715855474	
5.55	0.0	0.0	0.0 	0.0 	191.0 	20.0 	0.0 	0.0 	0.0 	-0.0 	20.0 	0.0 	0.0 	0.0 	3.60203929136	1.4473675955	158.432450949	-12.6641944287	
5.56666666667	0.0	0.0	0.0 	0.0 	191.333333333 	20.0 	0.0 	0.0 	0.0 	-0.0 	20.0 	0.0 	0.0 	0.0 	3.63433270162	1.44736763675	158.492562348	-12.6567370487	
5.58333333333	0.0	0.0	0.0 	0.0 	191.666666667 	20.0 	0.0 	0.0 	0.0 	-0.0 	20.0 	0.0 	0.0 	0.0 	3.66642448133	1.44736767113	158.553204541	-12.6492138209	
5.6	0.0	0.0	0.0 	0.0 	192.0 	20.0 	0.0 	0.0 	0.0 	-0.0 	20.0 	0.0 	0.0 	0.0 	3.6983158894	1.44736769979	158.614374215	-12.6416251561	
5.61666666667	0.0	0.0	0.0 	0.0 	192.333333333 	20.0 	0.0 	0.0 	0.0 	-0.0 	20.0 	0.0 	0.0 	0.0 	3.7300081769	1.44736772366	158.676068075	-12.6339714626	
5.63333333333	0.0	0.0	0.0 	0.0 	192.666666667 	20.0 	0.0 	0.0 	0.0 	-0.0 	20.0 	0.0 	0.0 	0.0 	3.76150258707	1.44736774356	158.738282848	-12.6262531461	
5.65	0.0	0.0	0.0 	0.0 	193.0 	20.0 	0.0 	0.0 	0.0 	-0.0 	20.0 	0.0 	0.0 	0.0 	3.79280035541	1.44736776014	158.801015283	-12.6184706101	
5.66666666667	0.0	0.0	0.0 	0.0 	193.333333333 	20.0 	0.0 	0.0 	0.0 	-0.0 	20.0 	0.0 	0.0 	0.0 	3.82390270969	1.44736777396	158.864262147	-12.6106242553	
5.68333333333	0.0	0.0	0.0 	0.0 	193.666666667 	20.0 	0.0 	0.0 	0.0 	-0.0 	20.0 	0.0 	0.0 	0.0 	3.85481087001	1.44736778547	158.928020229	-12.6027144801	
5.7	0.0	0.0	0.0 	0.0 	194.0 	20.0 	0.0 	0.0 	0.0 	-0.0 	20.0 	0.0 	0.0 	0.0 	3.88552604887	1.44736779506	158.992286335	-12.5947416803	
5.71666666667	0.0	0.0	0.0 	0.0 	194.333333333 	20.0 	0.0 	0.0 	0.0 	-0.0 	20.0 	0.0 	0.0 	0.0 	3.91604945118	1.44736780306	159.057057295	-12.5867062493	
5.73333333333	0.0	0.0	0.0 	0.0 	194.666666667 	20.0 	0.0 	0.0 	0.0 	-0.0 	20.0 	0.0 	0.0 	0.0 	3.94638227435	1.44736780972	159.122329955	-12.5786085782	
5.75	0.0	0.0	0.0 	0.0 	195.0 	20.0 	0.0 	0.0 	0.0 	-0.0 	20.0 	0.0 	0.0 	0.0 	3.97652570828	1.44736781528	159.188101185	-12.5704490554	
5.76666666667	0.0	0.0	0.0 	0.0 	195.333333333 	20.0 	0.0 	0.0 	0.0 	-0.0 	20.0 	0.0 	0.0 	0.0 	4.00648093548	1.4473678199	159.25436787	-12.5622280671	
5.78333333333	0.0	0.0	0.0 	0.0 	195.666666667 	20.0 	0.0 	0.0 	0.0 	-0.0 	20.0 	0.0 	0.0 	0.0 	4.03624913105	1.44736782376	159.321126917	-12.5539459971	
5.8	0.0	0.0	0.0 	0.0 	196.0 	20.0 	0.0 	0.0 	0.0 	-0.0 	20.0 	0.0 	0.0 	0.0 	4.06583146276	1.44736782697	159.388375252	-12.5456032266	
5.81666666667	0.0	0.0	0.0 	0.0 	196.333333333 	20.0 	0.0 	0.0 	0.0 	-0.0 	20.0 	0.0 	0.0 	0.0 	4.09522909109	1.44736782965	159.45610982	-12.5372001347	
5.83333333333	0.0	0.0	0.0 	0.0 	196.666666667 	20.0 	0.0 	0.0 	0.0 	-0.0 	20.0 	0.0 	0.0 	0.0 	4.12444316927	1.44736783188	159.524327586	-12.5287370979	
5.85	0.0	0.0	0.0 	0.0 	197.0 	20.0 	0.0 	0.0 	0.0 	-0.0 	20.0 	0.0 	0.0 	0.0 	4.15347484334	1.44736783374	159.593025531	-12.5202144905	
5.86666666667	0.0	0.0	0.0 	0.0 	197.333333333 	20.0 	0.0 	0.0 	0.0 	-0.0 	20.0 	0.0 	0.0 	0.0 	4.18232525217	1.44736783529	159.662200659	-12.5116326844	
5.88333333333	0.0	0.0	0.0 	0.0 	197.666666667 	20.0 	0.0 	0.0 	0.0 	-0.0 	20.0 	0.0 	0.0 	0.0 	4.21099552754	1.44736783658	159.73184999	-12.5029920492	
5.9	0.0	0.0	0.0 	0.0 	198.0 	20.0 	0.0 	0.0 	0.0 	-0.0 	20.0 	0.0 	0.0 	0.0 	4.23948679413	1.44736783766	159.801970562	-12.4942929522	
5.91666666667	0.0	0.0	0.0 	0.0 	198.333333333 	20.0 	0.0 	0.0 	0.0 	-0.0 	20.0 	0.0 	0.0 	0.0 	4.26780016964	1.44736783856	159.872559434	-12.4855357585	
5.93333333333	0.0	0.0	0.0 	0.0 	198.666666667 	20.0 	0.0 	0.0 	0.0 	-0.0 	20.0 	0.0 	0.0 	0.0 	4.29593676475	1.4473678393	159.943613682	-12.4767208307	
5.95	0.0	0.0	0.0 	0.0 	199.0 	20.0 	0.0 	0.0 	0.0 	-0.0 	20.0 	0.0 	0.0 	0.0 	4.32389768324	1.44736783993	160.0151304	-12.4678485293	
5.96666666667	0.0	0.0	0.0 	0.0 	199.333333333 	20.0 	0.0 	0.0 	0.0 	-0.0 	20.0 	0.0 	0.0 	0.0 	4.35168402198	1.44736784045	160.0871067	-12.4589192125	
5.98333333333	0.0	0.0	0.0 	0.0 	199.666666667 	20.0 	0.0 	0.0 	0.0 	-0.0 	20.0 	0.0 	0.0 	0.0 	4.37929687098	1.44736784088	160.159539714	-12.4499332364	
6.0	0.0	0.0	0.0 	0.0 	200.0 	20.0 	0.0 	0.0 	0.0 	-0.0 	20.0 	0.0 	0.0 	0.0 	4.40673731348	1.44736784124	160.232426588	-12.4408909546	
6.01666666667	0.0	0.0	0.0 	0.0 	200.333333333 	20.0 	0.0 	0.0 	0.0 	-0.0 	20.0 	0.0 	0.0 	0.0 	4.43400642592	1.44736784154	160.305764491	-12.4317927188	
6.03333333333	0.0	0.0	0.0 	0.0 	200.666666667 	20.0 	0.0 	0.0 	0.0 	-0.0 	20.0 	0.0 	0.0 	0.0 	4.46110527805	1.44736784179	160.379550605	-12.4226388782	
6.05	0.0	0.0	0.0 	0.0 	201.0 	20.0 	0.0 	0.0 	0.0 	-0.0 	20.0 	0.0 	0.0 	0.0 	4.48803493291	1.447367842	160.453782132	-12.4134297801	
6.06666666667	0.0	0.0	0.0 	0.0 	201.333333333 	20.0 	0.0 	0.0 	0.0 	-0.0 	20.0 	0.0 	0.0 	0.0 	4.51479644692	1.44736784217	160.528456291	-12.4041657695	
6.08333333333	0.0	0.0	0.0 	0.0 	201.666666667 	20.0 	0.0 	0.0 	0.0 	-0.0 	20.0 	0.0 	0.0 	0.0 	4.54139086991	1.44736784232	160.603570318	-12.3948471892	
6.1	0.0	0.0	0.0 	0.0 	202.0 	20.0 	0.0 	0.0 	0.0 	-0.0 	20.0 	0.0 	0.0 	0.0 	4.56781924515	1.44736784244	160.679121468	-12.38547438	
6.11666666667	0.0	0.0	0.0 	0.0 	202.333333333 	20.0 	0.0 	0.0 	0.0 	-0.0 	20.0 	0.0 	0.0 	0.0 	4.59408260938	1.44736784254	160.75510701	-12.3760476803	
6.13333333333	0.0	0.0	0.0 	0.0 	202.666666667 	20.0 	0.0 	0.0 	0.0 	-0.0 	20.0 	0.0 	0.0 	0.0 	4.62018199288	1.44736784262	160.831524233	-12.3665674268	
6.15	0.0	0.0	0.0 	0.0 	203.0 	20.0 	0.0 	0.0 	0.0 	-0.0 	20.0 	0.0 	0.0 	0.0 	4.64611841951	1.44736784269	160.908370441	-12.3570339538	
6.16666666667	0.0	0.0	0.0 	0.0 	203.333333333 	20.0 	0.0 	0.0 	0.0 	-0.0 	20.0 	0.0 	0.0 	0.0 	4.67189290672	1.44736784275	160.985642955	-12.3474475935	
6.18333333333	0.0	0.0	0.0 	0.0 	203.666666667 	20.0 	0.0 	0.0 	0.0 	-0.0 	20.0 	0.0 	0.0 	0.0 	4.69750646561	1.4473678428	161.063339115	-12.3378086762	
6.2	0.0	0.0	0.0 	0.0 	204.0 	20.0 	0.0 	0.0 	0.0 	-0.0 	20.0 	0.0 	0.0 	0.0 	4.72296010097	1.44736784284	161.141456274	-12.32811753	
6.21666666667	0.0	0.0	0.0 	0.0 	204.333333333 	20.0 	0.0 	0.0 	0.0 	-0.0 	20.0 	0.0 	0.0 	0.0 	4.74825481132	1.44736784287	161.219991805	-12.3183744811	
6.23333333333	0.0	0.0	0.0 	0.0 	204.666666667 	20.0 	0.0 	0.0 	0.0 	-0.0 	20.0 	0.0 	0.0 	0.0 	4.77339158893	1.4473678429	161.298943095	-12.3085798535	
6.25	0.0	0.0	0.0 	0.0 	205.0 	20.0 	0.0 	0.0 	0.0 	-0.0 	20.0 	0.0 	0.0 	0.0 	4.7983714199	1.44736784292	161.378307548	-12.2987339691	
6.26666666667	0.0	0.0	0.0 	0.0 	205.333333333 	20.0 	0.0 	0.0 	0.0 	-0.0 	20.0 	0.0 	0.0 	0.0 	4.82319528414	1.44736784294	161.458082585	-12.2888371482	
6.28333333333	0.0	0.0	0.0 	0.0 	205.666666667 	20.0 	0.0 	0.0 	0.0 	-0.0 	20.0 	0.0 	0.0 	0.0 	4.84786415548	1.44736784296	161.538265641	-12.2788897086	
6.3	0.0	0.0	0.0 	0.0 	206.0 	20.0 	0.0 	0.0 	0.0 	-0.0 	20.0 	0.0 	0.0 	0.0 	4.87237900164	1.44736784297	161.61885417	-12.2688919665	
6.31666666667	0.0	0.0	0.0 	0.0 	206.333333333 	20.0 	0.0 	0.0 	0.0 	-0.0 	20.0 	0.0 	0.0 	0.0 	4.89674078431	1.44736784298	161.69984564	-12.258844236	
6.33333333333	0.0	0.0	0.0 	0.0 	206.666666667 	20.0 	0.0 	0.0 	0.0 	-0.0 	20.0 	0.0 	0.0 	0.0 	4.92095045917	1.44736784299	161.781237535	-12.248746829	
6.35	0.0	0.0	0.0 	0.0 	207.0 	20.0 	0.0 	0.0 	0.0 	-0.0 	20.0 	0.0 	0.0 	0.0 	4.94500897594	1.447367843	161.863027355	-12.2386000559	
6.36666666667	0.0	0.0	0.0 	0.0 	207.333333333 	20.0 	0.0 	0.0 	0.0 	-0.0 	20.0 	0.0 	0.0 	0.0 	4.96891727841	1.44736784301	161.945212615	-12.2284042247	
6.38333333333	0.0	0.0	0.0 	0.0 	207.666666667 	20.0 	0.0 	0.0 	0.0 	-0.0 	20.0 	0.0 	0.0 	0.0 	4.99267630446	1.44736784301	162.027790846	-12.2181596419	
6.4	0.0	0.0	0.0 	0.0 	208.0 	20.0 	0.0 	0.0 	0.0 	-0.0 	20.0 	0.0 	0.0 	0.0 	5.01628698615	1.44736784302	162.110759595	-12.2078666119	
6.41666666667	0.0	0.0	0.0 	0.0 	208.333333333 	20.0 	0.0 	0.0 	0.0 	-0.0 	20.0 	0.0 	0.0 	0.0 	5.03975024968	1.44736784302	162.194116423	-12.197525437	
6.43333333333	0.0	0.0	0.0 	0.0 	208.666666667 	20.0 	0.0 	0.0 	0.0 	-0.0 	20.0 	0.0 	0.0 	0.0 	5.06306701549	1.44736784302	162.277858908	-12.187136418	
6.45	0.0	0.0	0.0 	0.0 	209.0 	20.0 	0.0 	0.0 	0.0 	-0.0 	20.0 	0.0 	0.0 	0.0 	5.08623819827	1.44736784303	162.361984641	-12.1766998535	
6.46666666667	0.0	0.0	0.0 	0.0 	209.333333333 	20.0 	0.0 	0.0 	0.0 	-0.0 	20.0 	0.0 	0.0 	0.0 	5.10926470701	1.44736784303	162.446491229	-12.1662160403	
6.48333333333	0.0	0.0	0.0 	0.0 	209.666666667 	20.0 	0.0 	0.0 	0.0 	-0.0 	20.0 	0.0 	0.0 	0.0 	5.13214744499	1.44736784303	162.531376295	-12.1556852736	
6.5	0.0	0.0	0.0 	0.0 	210.0 	20.0 	0.0 	0.0 	0.0 	-0.0 	20.0 	0.0 	0.0 	0.0 	5.15488730988	1.44736784303	162.616637476	-12.1451078465	
6.51666666667	0.0	0.0	0.0 	0.0 	210.333333333 	20.0 	0.0 	0.0 	0.0 	-0.0 	20.0 	0.0 	0.0 	0.0 	5.17748519375	1.44736784303	162.702272423	-12.1344840503	
6.53333333333	0.0	0.0	0.0 	0.0 	210.666666667 	20.0 	0.0 	0.0 	0.0 	-0.0 	20.0 	0.0 	0.0 	0.0 	5.19994198307	1.44736784304	162.788278802	-12.1238141745	
6.55	0.0	0.0	0.0 	0.0 	211.0 	20.0 	0.0 	0.0 	0.0 	-0.0 	20.0 	0.0 	0.0 	0.0 	5.22225855881	1.44736784304	162.874654294	-12.1130985068	
6.56666666667	0.0	0.0	0.0 	0.0 	211.333333333 	20.0 	0.0 	0.0 	0.0 	-0.0 	20.0 	0.0 	0.0 	0.0 	5.24443579641	1.44736784304	162.961396596	-12.1023373331	
6.58333333333	0.0	0.0	0.0 	0.0 	211.666666667 	20.0 	0.0 	0.0 	0.0 	-0.0 	20.0 	0.0 	0.0 	0.0 	5.26647456586	1.44736784304	163.048503415	-12.0915309376	
6.6	0.0	0.0	0.0 	0.0 	212.0 	20.0 	0.0 	0.0 	0.0 	-0.0 	20.0 	0.0 	0.0 	0.0 	5.28837573171	1.44736784304	163.135972477	-12.0806796026	
6.61666666667	0.0	0.0	0.0 	0.0 	212.333333333 	20.0 	0.0 	0.0 	0.0 	-0.0 	20.0 	0.0 	0.0 	0.0 	5.31014015312	1.44736784304	163.22380152	-12.0697836088	
6.63333333333	0.0	0.0	0.0 	0.0 	212.666666667 	20.0 	0.0 	0.0 	0.0 	-0.0 	20.0 	0.0 	0.0 	0.0 	5.33176868389	1.44736784304	163.311988296	-12.0588432348	
6.65	0.0	0.0	0.0 	0.0 	213.0 	20.0 	0.0 	0.0 	0.0 	-0.0 	20.0 	0.0 	0.0 	0.0 	5.35326217247	1.44736784304	163.400530572	-12.0478587579	
6.66666666667	0.0	0.0	0.0 	0.0 	213.333333333 	20.0 	0.0 	0.0 	0.0 	-0.0 	20.0 	0.0 	0.0 	0.0 	5.37462146203	1.44736784304	163.489426127	-12.0368304534	
6.68333333333	0.0	0.0	0.0 	0.0 	213.666666667 	20.0 	0.0 	0.0 	0.0 	-0.0 	20.0 	0.0 	0.0 	0.0 	5.39584739046	1.44736784304	163.578672757	-12.025758595	
6.7	0.0	0.0	0.0 	0.0 	214.0 	20.0 	0.0 	0.0 	0.0 	-0.0 	20.0 	0.0 	0.0 	0.0 	5.41694079044	1.44736784304	163.668268269	-12.0146434545	
6.71666666667	0.0	0.0	0.0 	0.0 	214.333333333 	20.0 	0.0 	0.0 	0.0 	-0.0 	20.0 	0.0 	0.0 	0.0 	5.43790248943	1.44736784304	163.758210485	-12.0034853023	
6.73333333333	0.0	0.0	0.0 	0.0 	214.666666667 	20.0 	0.0 	0.0 	0.0 	-0.0 	20.0 	0.0 	0.0 	0.0 	5.45873330974	1.44736784304	163.848497239	-11.9922844068	
6.75	0.0	0.0	0.0 	0.0 	215.0 	20.0 	0.0 	0.0 	0.0 	-0.0 	20.0 	0.0 	0.0 	0.0 	5.47943406853	1.44736784304	163.939126382	-11.981041035	
6.76666666667	0.0	0.0	0.0 	0.0 	215.333333333 	20.0 	0.0 	0.0 	0.0 	-0.0 	20.0 	0.0 	0.0 	0.0 	5.50000557787	1.44736784304	164.030095775	-11.9697554521	
6.78333333333	0.0	0.0	0.0 	0.0 	215.666666667 	20.0 	0.0 	0.0 	0.0 	-0.0 	20.0 	0.0 	0.0 	0.0 	5.52044864476	1.44736784304	164.121403294	-11.9584279216	
6.8	0.0	0.0	0.0 	0.0 	216.0 	20.0 	0.0 	0.0 	0.0 	-0.0 	20.0 	0.0 	0.0 	0.0 	5.54076407114	1.44736784304	164.213046827	-11.9470587054	
6.81666666667	0.0	0.0	0.0 	0.0 	216.333333333 	20.0 	0.0 	0.0 	0.0 	-0.0 	20.0 	0.0 	0.0 	0.0 	5.56095265398	1.44736784304	164.305024277	-11.9356480638	
6.83333333333	0.0	0.0	0.0 	0.0 	216.666666667 	20.0 	0.0 	0.0 	0.0 	-0.0 	20.0 	0.0 	0.0 	0.0 	5.58101518525	1.44736784304	164.397333558	-11.9241962555	
6.85	0.0	0.0	0.0 	0.0 	217.0 	20.0 	0.0 	0.0 	0.0 	-0.0 	20.0 	0.0 	0.0 	0.0 	5.60095245196	1.44736784304	164.489972599	-11.9127035374	
6.86666666667	0.0	0.0	0.0 	0.0 	217.333333333 	20.0 	0.0 	0.0 	0.0 	-0.0 	20.0 	0.0 	0.0 	0.0 	5.62076523625	1.44736784304	164.582939342	-11.9011701651	
6.88333333333	0.0	0.0	0.0 	0.0 	217.666666667 	20.0 	0.0 	0.0 	0.0 	-0.0 	20.0 	0.0 	0.0 	0.0 	5.64045431534	1.44736784304	164.676231739	-11.8895963923	
6.9	0.0	0.0	0.0 	0.0 	218.0 	20.0 	0.0 	0.0 	0.0 	-0.0 	20.0 	0.0 	0.0 	0.0 	5.66002046161	1.44736784304	164.769847757	-11.8779824713	
6.91666666667	0.0	0.0	0.0 	0.0 	218.333333333 	20.0 	0.0 	0.0 	0.0 	-0.0 	20.0 	0.0 	0.0 	0.0 	5.67946444262	1.44736784304	164.863785377	-11.8663286527	
6.93333333333	0.0	0.0	0.0 	0.0 	218.666666667 	20.0 	0.0 	0.0 	0.0 	-0.0 	20.0 	0.0 	0.0 	0.0 	5.69878702112	1.44736784304	164.95804259	-11.8546351858	
6.95	0.0	0.0	0.0 	0.0 	219.0 	20.0 	0.0 	0.0 	0.0 	-0.0 	20.0 	0.0 	0.0 	0.0 	5.71798895513	1.44736784304	165.0526174	-11.8429023179	
6.96666666667	0.0	0.0	0.0 	0.0 	219.333333333 	20.0 	0.0 	0.0 	0.0 	-0.0 	20.0 	0.0 	0.0 	0.0 	5.73707099791	1.44736784304	165.147507825	-11.8311302952	
6.98333333333	0.0	0.0	0.0 	0.0 	219.666666667 	20.0 	0.0 	0.0 	0.0 	-0.0 	20.0 	0.0 	0.0 	0.0 	5.75603389802	1.44736784304	165.242711894	-11.8193193621	
7.0	0.0	0.0	0.0 	0.0 	220.0 	20.0 	0.0 	0.0 	0.0 	-0.0 	20.0 	0.0 	0.0 	0.0 	5.77487839936	1.44736784304	165.338227648	-11.8074697616	
7.01666666667	0.0	0.0	0.0 	0.0 	220.333333333 	20.0 	0.0 	0.0 	0.0 	-0.0 	20.0 	0.0 	0.0 	0.0 	5.79360524118	1.44736784304	165.434053142	-11.795581735	
7.03333333333	0.0	0.0	0.0 	0.0 	220.666666667 	20.0 	0.0 	0.0 	0.0 	-0.0 	20.0 	0.0 	0.0 	0.0 	5.8122151581	1.44736784304	165.530186442	-11.7836555223	
7.05	0.0	0.0	0.0 	0.0 	221.0 	20.0 	0.0 	0.0 	0.0 	-0.0 	20.0 	0.0 	0.0 	0.0 	5.83070888018	1.44736784304	165.626625625	-11.771691362	
7.06666666667	0.0	0.0	0.0 	0.0 	221.333333333 	20.0 	0.0 	0.0 	0.0 	-0.0 	20.0 	0.0 	0.0 	0.0 	5.84908713289	1.44736784304	165.723368782	-11.7596894909	
7.08333333333	0.0	0.0	0.0 	0.0 	221.666666667 	20.0 	0.0 	0.0 	0.0 	-0.0 	20.0 	0.0 	0.0 	0.0 	5.86735063719	1.44736784304	165.820414016	-11.7476501445	
7.1	0.0	0.0	0.0 	0.0 	222.0 	20.0 	0.0 	0.0 	0.0 	-0.0 	20.0 	0.0 	0.0 	0.0 	5.88550010955	1.44736784304	165.917759439	-11.7355735569	
7.11666666667	0.0	0.0	0.0 	0.0 	222.333333333 	20.0 	0.0 	0.0 	0.0 	-0.0 	20.0 	0.0 	0.0 	0.0 	5.90353626194	1.44736784304	166.015403178	-11.7234599604	
7.13333333333	0.0	0.0	0.0 	0.0 	222.666666667 	20.0 	0.0 	0.0 	0.0 	-0.0 	20.0 	0.0 	0.0 	0.0 	5.92145980189	1.44736784304	166.11334337	-11.7113095862	
7.15	0.0	0.0	0.0 	0.0 	223.0 	20.0 	0.0 	0.0 	0.0 	-0.0 	20.0 	0.0 	0.0 	0.0 	5.93927143254	1.44736784304	166.211578165	-11.699122664	
7.16666666667	0.0	0.0	0.0 	0.0 	223.333333333 	20.0 	0.0 	0.0 	0.0 	-0.0 	20.0 	0.0 	0.0 	0.0 	5.95697185259	1.44736784304	166.310105722	-11.6868994219	
7.18333333333	0.0	0.0	0.0 	0.0 	223.666666667 	20.0 	0.0 	0.0 	0.0 	-0.0 	20.0 	0.0 	0.0 	0.0 	5.97456175643	1.44736784304	166.408924213	-11.6746400866	
7.2	0.0	0.0	0.0 	0.0 	224.0 	20.0 	0.0 	0.0 	0.0 	-0.0 	20.0 	0.0 	0.0 	0.0 	5.99204183409	1.44736784304	166.508031823	-11.6623448836	
7.21666666667	0.0	0.0	0.0 	0.0 	224.333333333 	20.0 	0.0 	0.0 	0.0 	-0.0 	20.0 	0.0 	0.0 	0.0 	6.00941277128	1.44736784304	166.607426746	-11.6500140368	
7.23333333333	0.0	0.0	0.0 	0.0 	224.666666667 	20.0 	0.0 	0.0 	0.0 	-0.0 	20.0 	0.0 	0.0 	0.0 	6.02667524944	1.44736784304	166.707107189	-11.6376477688	
7.25	0.0	0.0	0.0 	0.0 	225.0 	20.0 	0.0 	0.0 	0.0 	-0.0 	20.0 	0.0 	0.0 	0.0 	6.04382994577	1.44736784304	166.807071367	-11.6252463006	
7.26666666667	0.0	0.0	0.0 	0.0 	225.333333333 	20.0 	0.0 	0.0 	0.0 	-0.0 	20.0 	0.0 	0.0 	0.0 	6.06087753322	1.44736784304	166.907317511	-11.6128098521	
7.28333333333	0.0	0.0	0.0 	0.0 	225.666666667 	20.0 	0.0 	0.0 	0.0 	-0.0 	20.0 	0.0 	0.0 	0.0 	6.07781868054	1.44736784304	167.007843859	-11.6003386417	
7.3	0.0	0.0	0.0 	0.0 	226.0 	20.0 	0.0 	0.0 	0.0 	-0.0 	20.0 	0.0 	0.0 	0.0 	6.09465405233	1.44736784304	167.108648662	-11.5878328864	
7.31666666667	0.0	0.0	0.0 	0.0 	226.333333333 	20.0 	0.0 	0.0 	0.0 	-0.0 	20.0 	0.0 	0.0 	0.0 	6.111384309	1.44736784304	167.209730182	-11.575292802	
7.33333333333	0.0	0.0	0.0 	0.0 	226.666666667 	20.0 	0.0 	0.0 	0.0 	-0.0 	20.0 	0.0 	0.0 	0.0 	6.12801010687	1.44736784304	167.311086689	-11.5627186027	
7.35	0.0	0.0	0.0 	0.0 	227.0 	20.0 	0.0 	0.0 	0.0 	-0.0 	20.0 	0.0 	0.0 	0.0 	6.14453209814	1.44736784304	167.412716469	-11.5501105015	
7.36666666667	0.0	0.0	0.0 	0.0 	227.333333333 	20.0 	0.0 	0.0 	0.0 	-0.0 	20.0 	0.0 	0.0 	0.0 	6.16095093097	1.44736784304	167.514617814	-11.5374687102	
7.38333333333	0.0	0.0	0.0 	0.0 	227.666666667 	20.0 	0.0 	0.0 	0.0 	-0.0 	20.0 	0.0 	0.0 	0.0 	6.17726724942	1.44736784304	167.616789029	-11.5247934391	
7.4	0.0	0.0	0.0 	0.0 	228.0 	20.0 	0.0 	0.0 	0.0 	-0.0 	20.0 	0.0 	0.0 	0.0 	6.19348169359	1.44736784304	167.719228428	-11.5120848972	
7.41666666667	0.0	0.0	0.0 	0.0 	228.333333333 	20.0 	0.0 	0.0 	0.0 	-0.0 	20.0 	0.0 	0.0 	0.0 	6.20959489953	1.44736784304	167.821934338	-11.4993432923	
7.43333333333	0.0	0.0	0.0 	0.0 	228.666666667 	20.0 	0.0 	0.0 	0.0 	-0.0 	20.0 	0.0 	0.0 	0.0 	6.22560749935	1.44736784304	167.924905095	-11.4865688308	
7.45	0.0	0.0	0.0 	0.0 	229.0 	20.0 	0.0 	0.0 	0.0 	-0.0 	20.0 	0.0 	0.0 	0.0 	6.24152012121	1.44736784304	168.028139044	-11.4737617177	
7.46666666667	0.0	0.0	0.0 	0.0 	229.333333333 	20.0 	0.0 	0.0 	0.0 	-0.0 	20.0 	0.0 	0.0 	0.0 	6.25733338933	1.44736784304	168.131634543	-11.4609221572	
7.48333333333	0.0	0.0	0.0 	0.0 	229.666666667 	20.0 	0.0 	0.0 	0.0 	-0.0 	20.0 	0.0 	0.0 	0.0 	6.27304792406	1.44736784304	168.235389958	-11.4480503516	
7.5	0.0	0.0	0.0 	0.0 	230.0 	20.0 	0.0 	0.0 	0.0 	-0.0 	20.0 	0.0 	0.0 	0.0 	6.28866434186	1.44736784304	168.339403666	-11.4351465023	
7.51666666667	0.0	0.0	0.0 	0.0 	230.333333333 	20.0 	0.0 	0.0 	0.0 	-0.0 	20.0 	0.0 	0.0 	0.0 	6.30418325533	1.44736784304	168.443674055	-11.4222108094	
7.53333333333	0.0	0.0	0.0 	0.0 	230.666666667 	20.0 	0.0 	0.0 	0.0 	-0.0 	20.0 	0.0 	0.0 	0.0 	6.31960527327	1.44736784304	168.548199523	-11.4092434718	
7.55	0.0	0.0	0.0 	0.0 	231.0 	20.0 	0.0 	0.0 	0.0 	-0.0 	20.0 	0.0 	0.0 	0.0 	6.33493100067	1.44736784304	168.652978476	-11.3962446869	
7.56666666667	0.0	0.0	0.0 	0.0 	231.333333333 	20.0 	0.0 	0.0 	0.0 	-0.0 	20.0 	0.0 	0.0 	0.0 	6.35016103873	1.44736784304	168.758009332	-11.3832146512	
7.58333333333	0.0	0.0	0.0 	0.0 	231.666666667 	20.0 	0.0 	0.0 	0.0 	-0.0 	20.0 	0.0 	0.0 	0.0 	6.36529598492	1.44736784304	168.863290519	-11.3701535598	
7.6	0.0	0.0	0.0 	0.0 	232.0 	20.0 	0.0 	0.0 	0.0 	-0.0 	20.0 	0.0 	0.0 	0.0 	6.38033643295	1.44736784304	168.968820472	-11.3570616065	
7.61666666667	0.0	0.0	0.0 	0.0 	232.333333333 	20.0 	0.0 	0.0 	0.0 	-0.0 	20.0 	0.0 	0.0 	0.0 	6.39528297284	1.44736784304	169.074597639	-11.3439389841	
7.63333333333	0.0	0.0	0.0 	0.0 	232.666666667 	20.0 	0.0 	0.0 	0.0 	-0.0 	20.0 	0.0 	0.0 	0.0 	6.41013619094	1.44736784304	169.180620476	-11.3307858841	
7.65	0.0	0.0	0.0 	0.0 	233.0 	20.0 	0.0 	0.0 	0.0 	-0.0 	20.0 	0.0 	0.0 	0.0 	6.42489666991	1.44736784304	169.28688745	-11.3176024967	
7.66666666667	0.0	0.0	0.0 	0.0 	233.333333333 	20.0 	0.0 	0.0 	0.0 	-0.0 	20.0 	0.0 	0.0 	0.0 	6.43956498878	1.44736784304	169.393397036	-11.304389011	
7.68333333333	0.0	0.0	0.0 	0.0 	233.666666667 	20.0 	0.0 	0.0 	0.0 	-0.0 	20.0 	0.0 	0.0 	0.0 	6.45414172299	1.44736784304	169.50014772	-11.2911456151	
7.7	0.0	0.0	0.0 	0.0 	234.0 	20.0 	0.0 	0.0 	0.0 	-0.0 	20.0 	0.0 	0.0 	0.0 	6.46862744436	1.44736784304	169.607137995	-11.2778724955	
7.71666666667	0.0	0.0	0.0 	0.0 	234.333333333 	20.0 	0.0 	0.0 	0.0 	-0.0 	20.0 	0.0 	0.0 	0.0 	6.48302272114	1.44736784304	169.714366367	-11.264569838	
7.73333333333	0.0	0.0	0.0 	0.0 	234.666666667 	20.0 	0.0 	0.0 	0.0 	-0.0 	20.0 	0.0 	0.0 	0.0 	6.49732811805	1.44736784304	169.821831347	-11.2512378269	
7.75	0.0	0.0	0.0 	0.0 	235.0 	20.0 	0.0 	0.0 	0.0 	-0.0 	20.0 	0.0 	0.0 	0.0 	6.51154419627	1.44736784304	169.92953146	-11.2378766456	
7.76666666667	0.0	0.0	0.0 	0.0 	235.333333333 	20.0 	0.0 	0.0 	0.0 	-0.0 	20.0 	0.0 	0.0 	0.0 	6.52567151347	1.44736784304	170.037465237	-11.224486476	
7.78333333333	0.0	0.0	0.0 	0.0 	235.666666667 	20.0 	0.0 	0.0 	0.0 	-0.0 	20.0 	0.0 	0.0 	0.0 	6.53971062386	1.44736784304	170.14563122	-11.2110674994	
7.8	0.0	0.0	0.0 	0.0 	236.0 	20.0 	0.0 	0.0 	0.0 	-0.0 	20.0 	0.0 	0.0 	0.0 	6.55366207817	1.44736784304	170.254027957	-11.1976198954	
7.81666666667	0.0	0.0	0.0 	0.0 	236.333333333 	20.0 	0.0 	0.0 	0.0 	-0.0 	20.0 	0.0 	0.0 	0.0 	6.5675264237	1.44736784304	170.362654009	-11.1841438428	
7.83333333333	0.0	0.0	0.0 	0.0 	236.666666667 	20.0 	0.0 	0.0 	0.0 	-0.0 	20.0 	0.0 	0.0 	0.0 	6.58130420434	1.44736784304	170.471507943	-11.1706395194	
7.85	0.0	0.0	0.0 	0.0 	237.0 	20.0 	0.0 	0.0 	0.0 	-0.0 	20.0 	0.0 	0.0 	0.0 	6.59499596057	1.44736784304	170.580588338	-11.1571071015	
7.86666666667	0.0	0.0	0.0 	0.0 	237.333333333 	20.0 	0.0 	0.0 	0.0 	-0.0 	20.0 	0.0 	0.0 	0.0 	6.6086022295	1.44736784304	170.689893779	-11.1435467646	
7.88333333333	0.0	0.0	0.0 	0.0 	237.666666667 	20.0 	0.0 	0.0 	0.0 	-0.0 	20.0 	0.0 	0.0 	0.0 	6.62212354488	1.44736784304	170.79942286	-11.129958683	
7.9	0.0	0.0	0.0 	0.0 	238.0 	20.0 	0.0 	0.0 	0.0 	-0.0 	20.0 	0.0 	0.0 	0.0 	6.63556043715	1.44736784304	170.909174186	-11.11634303	
7.91666666667	0.0	0.0	0.0 	0.0 	238.333333333 	20.0 	0.0 	0.0 	0.0 	-0.0 	20.0 	0.0 	0.0 	0.0 	6.64891343341	1.44736784304	171.019146368	-11.1026999776	
7.93333333333	0.0	0.0	0.0 	0.0 	238.666666667 	20.0 	0.0 	0.0 	0.0 	-0.0 	20.0 	0.0 	0.0 	0.0 	6.66218305749	1.44736784304	171.129338029	-11.0890296971	
7.95	0.0	0.0	0.0 	0.0 	239.0 	20.0 	0.0 	0.0 	0.0 	-0.0 	20.0 	0.0 	0.0 	0.0 	6.67536982994	1.44736784304	171.239747797	-11.0753323583	
7.96666666667	0.0	0.0	0.0 	0.0 	239.333333333 	20.0 	0.0 	0.0 	0.0 	-0.0 	20.0 	0.0 	0.0 	0.0 	6.68847426806	1.44736784304	171.350374311	-11.0616081302	
7.98333333333	0.0	0.0	0.0 	0.0 	239.666666667 	20.0 	0.0 	0.0 	0.0 	-0.0 	20.0 	0.0 	0.0 	0.0 	6.70149688593	1.44736784304	171.461216217	-11.0478571807	
8.0	0.0	0.0	0.0 	0.0 	240.0 	20.0 	0.0 	0.0 	0.0 	-0.0 	20.0 	0.0 	0.0 	0.0 	6.71443819439	1.44736784304	171.572272171	-11.0340796766	
8.01666666667	0.0	0.0	0.0 	0.0 	240.333333333 	20.0 	0.0 	0.0 	0.0 	-0.0 	20.0 	0.0 	0.0 	0.0 	6.72729870114	1.44736784304	171.683540836	-11.0202757838	
8.03333333333	0.0	0.0	0.0 	0.0 	240.666666667 	20.0 	0.0 	0.0 	0.0 	-0.0 	20.0 	0.0 	0.0 	0.0 	6.74007891066	1.44736784304	171.795020885	-11.006445667	
8.05	0.0	0.0	0.0 	0.0 	241.0 	20.0 	0.0 	0.0 	0.0 	-0.0 	20.0 	0.0 	0.0 	0.0 	6.75277932431	1.44736784304	171.906710996	-10.99258949	
8.06666666667	0.0	0.0	0.0 	0.0 	241.333333333 	20.0 	0.0 	0.0 	0.0 	-0.0 	20.0 	0.0 	0.0 	0.0 	6.76540044031	1.44736784304	172.018609859	-10.9787074154	
8.08333333333	0.0	0.0	0.0 	0.0 	241.666666667 	20.0 	0.0 	0.0 	0.0 	-0.0 	20.0 	0.0 	0.0 	0.0 	6.77794275377	1.44736784304	172.13071617	-10.9647996049	
8.1	0.0	0.0	0.0 	0.0 	242.0 	20.0 	0.0 	0.0 	0.0 	-0.0 	20.0 	0.0 	0.0 	0.0 	6.79040675672	1.44736784304	172.243028634	-10.9508662193	
8.11666666667	0.0	0.0	0.0 	0.0 	242.333333333 	20.0 	0.0 	0.0 	0.0 	-0.0 	20.0 	0.0 	0.0 	0.0 	6.8027929381	1.44736784304	172.355545964	-10.9369074182	
8.13333333333	0.0	0.0	0.0 	0.0 	242.666666667 	20.0 	0.0 	0.0 	0.0 	-0.0 	20.0 	0.0 	0.0 	0.0 	6.8151017838	1.44736784304	172.468266881	-10.9229233603	
8.15	0.0	0.0	0.0 	0.0 	243.0 	20.0 	0.0 	0.0 	0.0 	-0.0 	20.0 	0.0 	0.0 	0.0 	6.82733377669	1.44736784304	172.581190114	-10.9089142034	
8.16666666667	0.0	0.0	0.0 	0.0 	243.333333333 	20.0 	0.0 	0.0 	0.0 	-0.0 	20.0 	0.0 	0.0 	0.0 	6.83948939661	1.44736784304	172.694314399	-10.894880104	
8.18333333333	0.0	0.0	0.0 	0.0 	243.666666667 	20.0 	0.0 	0.0 	0.0 	-0.0 	20.0 	0.0 	0.0 	0.0 	6.85156912042	1.44736784304	172.807638481	-10.880821218	
8.2	0.0	0.0	0.0 	0.0 	244.0 	20.0 	0.0 	0.0 	0.0 	-0.0 	20.0 	0.0 	0.0 	0.0 	6.86357342199	1.44736784304	172.921161112	-10.8667377001	
8.21666666667	0.0	0.0	0.0 	0.0 	244.333333333 	20.0 	0.0 	0.0 	0.0 	-0.0 	20.0 	0.0 	0.0 	0.0 	6.87550277222	1.44736784304	173.034881054	-10.852629704	
8.23333333333	0.0	0.0	0.0 	0.0 	244.666666667 	20.0 	0.0 	0.0 	0.0 	-0.0 	20.0 	0.0 	0.0 	0.0 	6.8873576391	1.44736784304	173.148797073	-10.8384973828	
8.25	0.0	0.0	0.0 	0.0 	245.0 	20.0 	0.0 	0.0 	0.0 	-0.0 	20.0 	0.0 	0.0 	0.0 	6.89913848768	1.44736784304	173.262907947	-10.8243408881	
8.26666666667	0.0	0.0	0.0 	0.0 	245.333333333 	20.0 	0.0 	0.0 	0.0 	-0.0 	20.0 	0.0 	0.0 	0.0 	6.9108457801	1.44736784304	173.377212457	-10.810160371	
8.28333333333	0.0	0.0	0.0 	0.0 	245.666666667 	20.0 	0.0 	0.0 	0.0 	-0.0 	20.0 	0.0 	0.0 	0.0 	6.92247997564	1.44736784304	173.491709396	-10.7959559814	
8.3	0.0	0.0	0.0 	0.0 	246.0 	20.0 	0.0 	0.0 	0.0 	-0.0 	20.0 	0.0 	0.0 	0.0 	6.93404153067	1.44736784304	173.606397561	-10.7817278685	
8.31666666667	0.0	0.0	0.0 	0.0 	246.333333333 	20.0 	0.0 	0.0 	0.0 	-0.0 	20.0 	0.0 	0.0 	0.0 	6.94553089876	1.44736784304	173.721275759	-10.7674761802	
8.33333333333	0.0	0.0	0.0 	0.0 	246.666666667 	20.0 	0.0 	0.0 	0.0 	-0.0 	20.0 	0.0 	0.0 	0.0 	6.95694853061	1.44736784304	173.836342803	-10.7532010638	
8.35	0.0	0.0	0.0 	0.0 	247.0 	20.0 	0.0 	0.0 	0.0 	-0.0 	20.0 	0.0 	0.0 	0.0 	6.96829487412	1.44736784304	173.951597514	-10.7389026657	
8.36666666667	0.0	0.0	0.0 	0.0 	247.333333333 	20.0 	0.0 	0.0 	0.0 	-0.0 	20.0 	0.0 	0.0 	0.0 	6.97957037441	1.44736784304	174.06703872	-10.724581131	
8.38333333333	0.0	0.0	0.0 	0.0 	247.666666667 	20.0 	0.0 	0.0 	0.0 	-0.0 	20.0 	0.0 	0.0 	0.0 	6.99077547378	1.44736784304	174.182665258	-10.7102366044	
8.4	0.0	0.0	0.0 	0.0 	248.0 	20.0 	0.0 	0.0 	0.0 	-0.0 	20.0 	0.0 	0.0 	0.0 	7.00191061181	1.44736784304	174.298475969	-10.6958692294	
8.41666666667	0.0	0.0	0.0 	0.0 	248.333333333 	20.0 	0.0 	0.0 	0.0 	-0.0 	20.0 	0.0 	0.0 	0.0 	7.01297622531	1.44736784304	174.414469704	-10.6814791486	
8.43333333333	0.0	0.0	0.0 	0.0 	248.666666667 	20.0 	0.0 	0.0 	0.0 	-0.0 	20.0 	0.0 	0.0 	0.0 	7.02397274838	1.44736784304	174.53064532	-10.6670665037	
8.45	0.0	0.0	0.0 	0.0 	249.0 	20.0 	0.0 	0.0 	0.0 	-0.0 	20.0 	0.0 	0.0 	0.0 	7.03490061238	1.44736784304	174.647001682	-10.6526314358	
8.46666666667	0.0	0.0	0.0 	0.0 	249.333333333 	20.0 	0.0 	0.0 	0.0 	-0.0 	20.0 	0.0 	0.0 	0.0 	7.04576024602	1.44736784304	174.76353766	-10.6381740847	
8.48333333333	0.0	0.0	0.0 	0.0 	249.666666667 	20.0 	0.0 	0.0 	0.0 	-0.0 	20.0 	0.0 	0.0 	0.0 	7.0565520753	1.44736784304	174.880252134	-10.6236945896	
8.5	0.0	0.0	0.0 	0.0 	250.0 	20.0 	0.0 	0.0 	0.0 	-0.0 	20.0 	0.0 	0.0 	0.0 	7.06727652357	1.44736784304	174.997143989	-10.6091930888	
8.51666666667	0.0	0.0	0.0 	0.0 	250.333333333 	20.0 	0.0 	0.0 	0.0 	-0.0 	20.0 	0.0 	0.0 	0.0 	7.07793401154	1.44736784304	175.114212118	-10.5946697197	
8.53333333333	0.0	0.0	0.0 	0.0 	250.666666667 	20.0 	0.0 	0.0 	0.0 	-0.0 	20.0 	0.0 	0.0 	0.0 	7.08852495729	1.44736784304	175.231455419	-10.5801246187	
8.55	0.0	0.0	0.0 	0.0 	251.0 	20.0 	0.0 	0.0 	0.0 	-0.0 	20.0 	0.0 	0.0 	0.0 	7.09904977629	1.44736784304	175.3488728	-10.5655579217	
8.56666666667	0.0	0.0	0.0 	0.0 	251.333333333 	20.0 	0.0 	0.0 	0.0 	-0.0 	20.0 	0.0 	0.0 	0.0 	7.10950888141	1.44736784304	175.466463172	-10.5509697634	
8.58333333333	0.0	0.0	0.0 	0.0 	251.666666667 	20.0 	0.0 	0.0 	0.0 	-0.0 	20.0 	0.0 	0.0 	0.0 	7.11990268296	1.44736784304	175.584225457	-10.5363602778	
8.6	0.0	0.0	0.0 	0.0 	252.0 	20.0 	0.0 	0.0 	0.0 	-0.0 	20.0 	0.0 	0.0 	0.0 	7.13023158866	1.44736784304	175.702158581	-10.5217295981	
8.61666666667	0.0	0.0	0.0 	0.0 	252.333333333 	20.0 	0.0 	0.0 	0.0 	-0.0 	20.0 	0.0 	0.0 	0.0 	7.14049600372	1.44736784304	175.820261477	-10.5070778566	
8.63333333333	0.0	0.0	0.0 	0.0 	252.666666667 	20.0 	0.0 	0.0 	0.0 	-0.0 	20.0 	0.0 	0.0 	0.0 	7.15069633079	1.44736784304	175.938533085	-10.4924051849	
8.65	0.0	0.0	0.0 	0.0 	253.0 	20.0 	0.0 	0.0 	0.0 	-0.0 	20.0 	0.0 	0.0 	0.0 	7.16083297001	1.44736784304	176.056972352	-10.4777117135	
8.66666666667	0.0	0.0	0.0 	0.0 	253.333333333 	20.0 	0.0 	0.0 	0.0 	-0.0 	20.0 	0.0 	0.0 	0.0 	7.17090631904	1.44736784304	176.175578231	-10.4629975724	
8.68333333333	0.0	0.0	0.0 	0.0 	253.666666667 	20.0 	0.0 	0.0 	0.0 	-0.0 	20.0 	0.0 	0.0 	0.0 	7.18091677304	1.44736784304	176.294349681	-10.4482628907	
8.7	0.0	0.0	0.0 	0.0 	254.0 	20.0 	0.0 	0.0 	0.0 	-0.0 	20.0 	0.0 	0.0 	0.0 	7.19086472471	1.44736784304	176.413285669	-10.4335077965	
8.71666666667	0.0	0.0	0.0 	0.0 	254.333333333 	20.0 	0.0 	0.0 	0.0 	-0.0 	20.0 	0.0 	0.0 	0.0 	7.20075056429	1.44736784304	176.532385168	-10.4187324174	
8.73333333333	0.0	0.0	0.0 	0.0 	254.666666667 	20.0 	0.0 	0.0 	0.0 	-0.0 	20.0 	0.0 	0.0 	0.0 	7.2105746796	1.44736784304	176.651647156	-10.4039368799	
8.75	0.0	0.0	0.0 	0.0 	255.0 	20.0 	0.0 	0.0 	0.0 	-0.0 	20.0 	0.0 	0.0 	0.0 	7.22033745602	1.44736784304	176.771070619	-10.38912131	
8.76666666667	0.0	0.0	0.0 	0.0 	255.333333333 	20.0 	0.0 	0.0 	0.0 	-0.0 	20.0 	0.0 	0.0 	0.0 	7.23003927654	1.44736784304	176.89065455	-10.3742858327	
8.78333333333	0.0	0.0	0.0 	0.0 	255.666666667 	20.0 	0.0 	0.0 	0.0 	-0.0 	20.0 	0.0 	0.0 	0.0 	7.23968052174	1.44736784304	177.010397945	-10.3594305724	
8.8	0.0	0.0	0.0 	0.0 	256.0 	20.0 	0.0 	0.0 	0.0 	-0.0 	20.0 	0.0 	0.0 	0.0 	7.24926156984	1.44736784304	177.130299809	-10.3445556524	
8.81666666667	0.0	0.0	0.0 	0.0 	256.333333333 	20.0 	0.0 	0.0 	0.0 	-0.0 	20.0 	0.0 	0.0 	0.0 	7.2587827967	1.44736784304	177.250359154	-10.3296611957	
8.83333333333	0.0	0.0	0.0 	0.0 	256.666666667 	20.0 	0.0 	0.0 	0.0 	-0.0 	20.0 	0.0 	0.0 	0.0 	7.26824457581	1.44736784304	177.370574995	-10.3147473241	
8.85	0.0	0.0	0.0 	0.0 	257.0 	20.0 	0.0 	0.0 	0.0 	-0.0 	20.0 	0.0 	0.0 	0.0 	7.27764727836	1.44736784304	177.490946355	-10.2998141589	
8.86666666667	0.0	0.0	0.0 	0.0 	257.333333333 	20.0 	0.0 	0.0 	0.0 	-0.0 	20.0 	0.0 	0.0 	0.0 	7.2869912732	1.44736784304	177.611472264	-10.2848618205	
8.88333333333	0.0	0.0	0.0 	0.0 	257.666666667 	20.0 	0.0 	0.0 	0.0 	-0.0 	20.0 	0.0 	0.0 	0.0 	7.29627692688	1.44736784304	177.732151757	-10.2698904287	
8.9	0.0	0.0	0.0 	0.0 	258.0 	20.0 	0.0 	0.0 	0.0 	-0.0 	20.0 	0.0 	0.0 	0.0 	7.30550460367	1.44736784304	177.852983874	-10.2549001025	
8.91666666667	0.0	0.0	0.0 	0.0 	258.333333333 	20.0 	0.0 	0.0 	0.0 	-0.0 	20.0 	0.0 	0.0 	0.0 	7.31467466556	1.44736784304	177.973967663	-10.2398909599	
8.93333333333	0.0	0.0	0.0 	0.0 	258.666666667 	20.0 	0.0 	0.0 	0.0 	-0.0 	20.0 	0.0 	0.0 	0.0 	7.32378747228	1.44736784304	178.095102176	-10.2248631186	
8.95	0.0	0.0	0.0 	0.0 	259.0 	20.0 	0.0 	0.0 	0.0 	-0.0 	20.0 	0.0 	0.0 	0.0 	7.33284338132	1.44736784304	178.216386473	-10.2098166953	
8.96666666667	0.0	0.0	0.0 	0.0 	259.333333333 	20.0 	0.0 	0.0 	0.0 	-0.0 	20.0 	0.0 	0.0 	0.0 	7.34184274792	1.44736784304	178.337819619	-10.194751806	
8.98333333333	0.0	0.0	0.0 	0.0 	259.666666667 	20.0 	0.0 	0.0 	0.0 	-0.0 	20.0 	0.0 	0.0 	0.0 	7.35078592512	1.44736784304	178.459400683	-10.179668566	
9.0	0.0	0.0	0.0 	0.0 	260.0 	20.0 	0.0 	0.0 	0.0 	-0.0 	20.0 	0.0 	0.0 	0.0 	7.35967326376	1.44736784304	178.581128743	-10.1645670899	
9.01666666667	0.0	0.0	0.0 	0.0 	260.333333333 	20.0 	0.0 	0.0 	0.0 	-0.0 	20.0 	0.0 	0.0 	0.0 	7.36850511246	1.44736784304	178.703002881	-10.1494474915	
9.03333333333	0.0	0.0	0.0 	0.0 	260.666666667 	20.0 	0.0 	0.0 	0.0 	-0.0 	20.0 	0.0 	0.0 	0.0 	7.3772818177	1.44736784304	178.825022184	-10.134309884	
9.05	0.0	0.0	0.0 	0.0 	261.0 	20.0 	0.0 	0.0 	0.0 	-0.0 	20.0 	0.0 	0.0 	0.0 	7.38600372377	1.44736784304	178.947185746	-10.1191543798	
9.06666666667	0.0	0.0	0.0 	0.0 	261.333333333 	20.0 	0.0 	0.0 	0.0 	-0.0 	20.0 	0.0 	0.0 	0.0 	7.39467117283	1.44736784304	179.069492667	-10.1039810907	
9.08333333333	0.0	0.0	0.0 	0.0 	261.666666667 	20.0 	0.0 	0.0 	0.0 	-0.0 	20.0 	0.0 	0.0 	0.0 	7.40328450488	1.44736784304	179.191942052	-10.0887901277	
9.1	0.0	0.0	0.0 	0.0 	262.0 	20.0 	0.0 	0.0 	0.0 	-0.0 	20.0 	0.0 	0.0 	0.0 	7.41184405782	1.44736784304	179.31453301	-10.0735816011	
9.11666666667	0.0	0.0	0.0 	0.0 	262.333333333 	20.0 	0.0 	0.0 	0.0 	-0.0 	20.0 	0.0 	0.0 	0.0 	7.42035016743	1.44736784304	179.437264658	-10.0583556207	
9.13333333333	0.0	0.0	0.0 	0.0 	262.666666667 	20.0 	0.0 	0.0 	0.0 	-0.0 	20.0 	0.0 	0.0 	0.0 	7.42880316739	1.44736784304	179.560136118	-10.0431122954	
9.15	0.0	0.0	0.0 	0.0 	263.0 	20.0 	0.0 	0.0 	0.0 	-0.0 	20.0 	0.0 	0.0 	0.0 	7.43720338931	1.44736784304	179.683146516	-10.0278517335	
9.16666666667	0.0	0.0	0.0 	0.0 	263.333333333 	20.0 	0.0 	0.0 	0.0 	-0.0 	20.0 	0.0 	0.0 	0.0 	7.44555116271	1.44736784304	179.806294986	-10.0125740426	
9.18333333333	0.0	0.0	0.0 	0.0 	263.666666667 	20.0 	0.0 	0.0 	0.0 	-0.0 	20.0 	0.0 	0.0 	0.0 	7.45384681507	1.44736784304	179.929580664	-9.99727932966	
9.2	0.0	0.0	0.0 	0.0 	264.0 	20.0 	0.0 	0.0 	0.0 	-0.0 	20.0 	0.0 	0.0 	0.0 	7.46209067181	1.44736784304	180.053002695	-9.98196770099	
9.21666666667	0.0	0.0	0.0 	0.0 	264.333333333 	20.0 	0.0 	0.0 	0.0 	-0.0 	20.0 	0.0 	0.0 	0.0 	7.47028305634	1.44736784304	180.176560227	-9.96663926217	
9.23333333333	0.0	0.0	0.0 	0.0 	264.666666667 	20.0 	0.0 	0.0 	0.0 	-0.0 	20.0 	0.0 	0.0 	0.0 	7.47842429002	1.44736784304	180.300252413	-9.95129411818	
9.25	0.0	0.0	0.0 	0.0 	265.0 	20.0 	0.0 	0.0 	0.0 	-0.0 	20.0 	0.0 	0.0 	0.0 	7.48651469224	1.44736784304	180.424078414	-9.93593237332	
9.26666666667	0.0	0.0	0.0 	0.0 	265.333333333 	20.0 	0.0 	0.0 	0.0 	-0.0 	20.0 	0.0 	0.0 	0.0 	7.49455458037	1.44736784304	180.548037394	-9.92055413123	
9.28333333333	0.0	0.0	0.0 	0.0 	265.666666667 	20.0 	0.0 	0.0 	0.0 	-0.0 	20.0 	0.0 	0.0 	0.0 	7.50254426979	1.44736784304	180.672128522	-9.90515949492	
9.3	0.0	0.0	0.0 	0.0 	266.0 	20.0 	0.0 	0.0 	0.0 	-0.0 	20.0 	0.0 	0.0 	0.0 	7.51048407395	1.44736784304	180.796350974	-9.88974856675	
9.31666666667	0.0	0.0	0.0 	0.0 	266.333333333 	20.0 	0.0 	0.0 	0.0 	-0.0 	20.0 	0.0 	0.0 	0.0 	7.5183743043	1.44736784304	180.920703929	-9.87432144845	
9.33333333333	0.0	0.0	0.0 	0.0 	266.666666667 	20.0 	0.0 	0.0 	0.0 	-0.0 	20.0 	0.0 	0.0 	0.0 	7.52621527038	1.44736784304	181.045186572	-9.85887824109	
9.35	0.0	0.0	0.0 	0.0 	267.0 	20.0 	0.0 	0.0 	0.0 	-0.0 	20.0 	0.0 	0.0 	0.0 	7.53400727977	1.44736784304	181.169798095	-9.84341904514	
9.36666666667	0.0	0.0	0.0 	0.0 	267.333333333 	20.0 	0.0 	0.0 	0.0 	-0.0 	20.0 	0.0 	0.0 	0.0 	7.54175063814	1.44736784304	181.294537691	-9.82794396042	
9.38333333333	0.0	0.0	0.0 	0.0 	267.666666667 	20.0 	0.0 	0.0 	0.0 	-0.0 	20.0 	0.0 	0.0 	0.0 	7.54944564926	1.44736784304	181.419404562	-9.81245308613	
9.4	0.0	0.0	0.0 	0.0 	268.0 	20.0 	0.0 	0.0 	0.0 	-0.0 	20.0 	0.0 	0.0 	0.0 	7.557092615	1.44736784304	181.544397913	-9.79694652087	
9.41666666667	0.0	0.0	0.0 	0.0 	268.333333333 	20.0 	0.0 	0.0 	0.0 	-0.0 	20.0 	0.0 	0.0 	0.0 	7.56469183533	1.44736784304	181.669516954	-9.7814243626	
9.43333333333	0.0	0.0	0.0 	0.0 	268.666666667 	20.0 	0.0 	0.0 	0.0 	-0.0 	20.0 	0.0 	0.0 	0.0 	7.57224360836	1.44736784304	181.794760901	-9.76588670868	
9.45	0.0	0.0	0.0 	0.0 	269.0 	20.0 	0.0 	0.0 	0.0 	-0.0 	20.0 	0.0 	0.0 	0.0 	7.57974823034	1.44736784304	181.920128973	-9.75033365585	
9.46666666667	0.0	0.0	0.0 	0.0 	269.333333333 	20.0 	0.0 	0.0 	0.0 	-0.0 	20.0 	0.0 	0.0 	0.0 	7.58720599567	1.44736784304	182.045620395	-9.73476530028	
9.48333333333	0.0	0.0	0.0 	0.0 	269.666666667 	20.0 	0.0 	0.0 	0.0 	-0.0 	20.0 	0.0 	0.0 	0.0 	7.59461719691	1.44736784304	182.171234398	-9.7191817375	
9.5	0.0	0.0	0.0 	0.0 	270.0 	20.0 	0.0 	0.0 	0.0 	-0.0 	20.0 	0.0 	0.0 	0.0 	7.60198212478	1.44736784304	182.296970215	-9.70358306246	
9.51666666667	0.0	0.0	0.0 	0.0 	270.333333333 	20.0 	0.0 	0.0 	0.0 	-0.0 	20.0 	0.0 	0.0 	0.0 	7.60930106821	1.44736784304	182.422827087	-9.68796936952	
9.53333333333	0.0	0.0	0.0 	0.0 	270.666666667 	20.0 	0.0 	0.0 	0.0 	-0.0 	20.0 	0.0 	0.0 	0.0 	7.61657431431	1.44736784304	182.548804258	-9.67234075244	
9.55	0.0	0.0	0.0 	0.0 	271.0 	20.0 	0.0 	0.0 	0.0 	-0.0 	20.0 	0.0 	0.0 	0.0 	7.6238021484	1.44736784304	182.674900976	-9.65669730441	
9.56666666667	0.0	0.0	0.0 	0.0 	271.333333333 	20.0 	0.0 	0.0 	0.0 	-0.0 	20.0 	0.0 	0.0 	0.0 	7.63098485402	1.44736784304	182.801116495	-9.64103911803	
9.58333333333	0.0	0.0	0.0 	0.0 	271.666666667 	20.0 	0.0 	0.0 	0.0 	-0.0 	20.0 	0.0 	0.0 	0.0 	7.63812271294	1.44736784304	182.927450074	-9.62536628532	
9.6	0.0	0.0	0.0 	0.0 	272.0 	20.0 	0.0 	0.0 	0.0 	-0.0 	20.0 	0.0 	0.0 	0.0 	7.64521600516	1.44736784304	183.053900974	-9.60967889773	
9.61666666667	0.0	0.0	0.0 	0.0 	272.333333333 	20.0 	0.0 	0.0 	0.0 	-0.0 	20.0 	0.0 	0.0 	0.0 	7.65226500896	1.44736784304	183.180468464	-9.59397704613	
9.63333333333	0.0	0.0	0.0 	0.0 	272.666666667 	20.0 	0.0 	0.0 	0.0 	-0.0 	20.0 	0.0 	0.0 	0.0 	7.65927000085	1.44736784304	183.307151816	-9.57826082083	
9.65	0.0	0.0	0.0 	0.0 	273.0 	20.0 	0.0 	0.0 	0.0 	-0.0 	20.0 	0.0 	0.0 	0.0 	7.66623125562	1.44736784304	183.433950306	-9.56253031158	
9.66666666667	0.0	0.0	0.0 	0.0 	273.333333333 	20.0 	0.0 	0.0 	0.0 	-0.0 	20.0 	0.0 	0.0 	0.0 	7.67314904637	1.44736784304	183.560863216	-9.54678560756	
9.68333333333	0.0	0.0	0.0 	0.0 	273.666666667 	20.0 	0.0 	0.0 	0.0 	-0.0 	20.0 	0.0 	0.0 	0.0 	7.68002364447	1.44736784304	183.68788983	-9.5310267974	
9.7	0.0	0.0	0.0 	0.0 	274.0 	20.0 	0.0 	0.0 	0.0 	-0.0 	20.0 	0.0 	0.0 	0.0 	7.6868553196	1.44736784304	183.81502944	-9.51525396918	
9.71666666667	0.0	0.0	0.0 	0.0 	274.333333333 	20.0 	0.0 	0.0 	0.0 	-0.0 	20.0 	0.0 	0.0 	0.0 	7.69364433976	1.44736784304	183.942281339	-9.49946721042	
9.73333333333	0.0	0.0	0.0 	0.0 	274.666666667 	20.0 	0.0 	0.0 	0.0 	-0.0 	20.0 	0.0 	0.0 	0.0 	7.70039097128	1.44736784304	184.069644826	-9.48366660809	
9.75	0.0	0.0	0.0 	0.0 	275.0 	20.0 	0.0 	0.0 	0.0 	-0.0 	20.0 	0.0 	0.0 	0.0 	7.70709547881	1.44736784304	184.197119205	-9.46785224864	
9.76666666667	0.0	0.0	0.0 	0.0 	275.333333333 	20.0 	0.0 	0.0 	0.0 	-0.0 	20.0 	0.0 	0.0 	0.0 	7.71375812537	1.44736784304	184.324703784	-9.45202421796	
9.78333333333	0.0	0.0	0.0 	0.0 	275.666666667 	20.0 	0.0 	0.0 	0.0 	-0.0 	20.0 	0.0 	0.0 	0.0 	7.72037917232	1.44736784304	184.452397874	-9.4361826014	
9.8	0.0	0.0	0.0 	0.0 	276.0 	20.0 	0.0 	0.0 	0.0 	-0.0 	20.0 	0.0 	0.0 	0.0 	7.7269588794	1.44736784304	184.580200791	-9.4203274838	
9.81666666667	0.0	0.0	0.0 	0.0 	276.333333333 	20.0 	0.0 	0.0 	0.0 	-0.0 	20.0 	0.0 	0.0 	0.0 	7.73349750472	1.44736784304	184.708111856	-9.40445894944	
9.83333333333	0.0	0.0	0.0 	0.0 	276.666666667 	20.0 	0.0 	0.0 	0.0 	-0.0 	20.0 	0.0 	0.0 	0.0 	7.73999530479	1.44736784304	184.836130394	-9.38857708211	
9.85	0.0	0.0	0.0 	0.0 	277.0 	20.0 	0.0 	0.0 	0.0 	-0.0 	20.0 	0.0 	0.0 	0.0 	7.74645253451	1.44736784304	184.964255734	-9.37268196505	
9.86666666667	0.0	0.0	0.0 	0.0 	277.333333333 	20.0 	0.0 	0.0 	0.0 	-0.0 	20.0 	0.0 	0.0 	0.0 	7.75286944719	1.44736784304	185.092487209	-9.35677368098	
9.88333333333	0.0	0.0	0.0 	0.0 	277.666666667 	20.0 	0.0 	0.0 	0.0 	-0.0 	20.0 	0.0 	0.0 	0.0 	7.75924629455	1.44736784304	185.220824156	-9.34085231211	
9.9	0.0	0.0	0.0 	0.0 	278.0 	20.0 	0.0 	0.0 	0.0 	-0.0 	20.0 	0.0 	0.0 	0.0 	7.76558332675	1.44736784304	185.349265917	-9.32491794015	
9.91666666667	0.0	0.0	0.0 	0.0 	278.333333333 	20.0 	0.0 	0.0 	0.0 	-0.0 	20.0 	0.0 	0.0 	0.0 	7.77188079238	1.44736784304	185.477811837	-9.30897064628	
9.93333333333	0.0	0.0	0.0 	0.0 	278.666666667 	20.0 	0.0 	0.0 	0.0 	-0.0 	20.0 	0.0 	0.0 	0.0 	7.77813893849	1.44736784304	185.606461266	-9.29301051119	
9.95	0.0	0.0	0.0 	0.0 	279.0 	20.0 	0.0 	0.0 	0.0 	-0.0 	20.0 	0.0 	0.0 	0.0 	7.78435801057	1.44736784304	185.735213557	-9.27703761504	
9.96666666667	0.0	0.0	0.0 	0.0 	279.333333333 	20.0 	0.0 	0.0 	0.0 	-0.0 	20.0 	0.0 	0.0 	0.0 	7.7905382526	1.44736784304	185.86406807	-9.26105203752	
9.98333333333	0.0	0.0	0.0 	0.0 	279.666666667 	20.0 	0.0 	0.0 	0.0 	-0.0 	20.0 	0.0 	0.0 	0.0 	7.79667990702	1.44736784304	185.993024164	-9.2450538578	
