0.0166666666667	0.0	0.0	0.0 	0.0 	80.2 	12.0 	0.0 	0.0 	0.0 	0.0 	12.0 	0.0 	0.0 	0.0 	0.0	-1.57	160.0	-5.67741935484	
0.0333333333333	0.0	0.0	0.0 	0.0 	80.4 	12.0 	0.0 	0.0 	0.0 	-0.0 	12.0 	0.0 	0.0 	0.0 	0.0	-1.57	160.0	-5.67741935484	
0.05	0.0	0.0	0.0 	0.0 	80.6 	12.0 	0.0 	0.0 	0.0 	-0.0 	12.0 	0.0 	0.0 	0.0 	0.0	-1.57	160.0	-5.67741935484	
0.0666666666667	0.0	0.0	0.0 	0.0 	80.8 	12.0 	0.0 	0.0 	0.0 	-0.0 	12.0 	0.0 	0.0 	0.0 	0.0	-1.57	160.0	-5.67741935484	
0.0833333333333	0.0	0.0	0.0 	0.0 	81.0 	12.0 	0.0 	0.0 	0.0 	-0.0 	12.0 	0.0 	0.0 	0.0 	0.0	-1.57	160.0	-5.67741935484	
0.1	0.0	0.0	0.0 	0.0 	81.2 	12.0 	0.0 	0.0 	0.0 	-0.0 	12.0 	0.0 	0.0 	0.0 	0.0	-1.57	160.0	-5.67741935484	
0.116666666667	0.0	0.0	0.0 	0.0 	81.4 	12.0 	0.0 	0.0 	0.0 	-0.0 	12.0 	0.0 	0.0 	0.0 	0.0	-1.57	160.0	-5.67741935484	
0.133333333333	0.0	0.0	0.0 	0.0 	81.6 	12.0 	0.0 	0.0 	0.0 	-0.0 	12.0 	0.0 	0.0 	0.0 	0.0	-1.57	160.0	-5.67741935484	
0.15	0.0	0.0	0.0 	0.0 	81.8 	12.0 	0.0 	0.0 	0.0 	-0.0 	12.0 	0.0 	0.0 	0.0 	0.0	-1.57	160.0	-5.67741935484	
0.166666666667	0.0	0.0	0.0 	0.0 	82.0 	12.0 	0.0 	0.0 	0.0 	-0.0 	12.0 	0.0 	0.0 	0.0 	0.0	-1.57	160.0	-5.67741935484	
0.183333333333	0.0	0.0	0.0 	0.0 	82.2 	12.0 	0.0 	0.0 	0.0 	-0.0 	12.0 	0.0 	0.0 	0.0 	0.0	-1.57	160.0	-5.67741935484	
0.2	0.0	0.0	0.0 	0.0 	82.4 	12.0 	0.0 	0.0 	0.0 	-0.0 	12.0 	0.0 	0.0 	0.0 	0.0	-1.57	160.0	-5.67741935484	
0.216666666667	0.0	0.0	0.0 	0.0 	82.6 	12.0 	0.0 	0.0 	0.0 	-0.0 	12.0 	0.0 	0.0 	0.0 	0.0	-1.57	160.0	-5.67741935484	
0.233333333333	0.0	0.0	0.0 	0.0 	82.8 	12.0 	0.0 	0.0 	0.0 	-0.0 	12.0 	0.0 	0.0 	0.0 	0.0	-1.57	160.0	-5.67741935484	
0.25	0.0	0.0	0.0 	0.0 	83.0 	12.0 	0.0 	0.0 	0.0 	-0.0 	12.0 	0.0 	0.0 	0.0 	0.0	-1.57	160.0	-5.67741935484	
0.266666666667	0.0	0.0	0.0 	0.0 	83.2 	12.0 	0.0 	0.0 	0.0 	-0.0 	12.0 	0.0 	0.0 	0.0 	0.0	-1.57	160.0	-5.67741935484	
0.283333333333	0.0	0.0	0.0 	0.0 	83.4 	12.0 	0.0 	0.0 	0.0 	-0.0 	12.0 	0.0 	0.0 	0.0 	0.0	-1.57	160.0	-5.67741935484	
0.3	0.0	0.0	0.0 	0.0 	83.6 	12.0 	0.0 	0.0 	0.0 	-0.0 	12.0 	0.0 	0.0 	0.0 	0.0	-1.57	160.0	-5.67741935484	
0.316666666667	0.0	0.0	0.0 	0.0 	83.8 	12.0 	0.0 	0.0 	0.0 	-0.0 	12.0 	0.0 	0.0 	0.0 	0.0	-1.57	160.0	-5.67741935484	
0.333333333333	0.0	0.0	0.0 	0.0 	84.0 	12.0 	0.0 	0.0 	0.0 	-0.0 	12.0 	0.0 	0.0 	0.0 	0.0	-1.57	160.0	-5.67741935484	
0.35	0.0	0.0	0.0 	0.0 	84.2 	12.0 	0.0 	0.0 	0.0 	-0.0 	12.0 	0.0 	0.0 	0.0 	0.0	-1.57	160.0	-5.67741935484	
0.366666666667	0.0	0.0	0.0 	0.0 	84.4 	12.0 	0.0 	0.0 	0.0 	-0.0 	12.0 	0.0 	0.0 	0.0 	0.0	-1.57	160.0	-5.67741935484	
0.383333333333	0.0	0.0	0.0 	0.0 	84.6 	12.0 	0.0 	0.0 	0.0 	-0.0 	12.0 	0.0 	0.0 	0.0 	0.0	-1.57	160.0	-5.67741935484	
0.4	0.0	0.0	0.0 	0.0 	84.8 	12.0 	0.0 	0.0 	0.0 	-0.0 	12.0 	0.0 	0.0 	0.0 	0.0	-1.57	160.0	-5.67741935484	
0.416666666667	0.0	0.0	0.0 	0.0 	85.0 	12.0 	0.0 	0.0 	0.0 	-0.0 	12.0 	0.0 	0.0 	0.0 	0.0	-1.57	160.0	-5.67741935484	
0.433333333333	0.0	0.0	0.0 	0.0 	85.2 	12.0 	0.0 	0.0 	0.0 	-0.0 	12.0 	0.0 	0.0 	0.0 	0.0	-1.57	160.0	-5.67741935484	
0.45	0.0	0.0	0.0 	0.0 	85.4 	12.0 	0.0 	0.0 	0.0 	-0.0 	12.0 	0.0 	0.0 	0.0 	0.0	-1.57	160.0	-5.67741935484	
0.466666666667	0.0	0.0	0.0 	0.0 	85.6 	12.0 	0.0 	0.0 	0.0 	-0.0 	12.0 	0.0 	0.0 	0.0 	0.0	-1.57	160.0	-5.67741935484	
0.483333333333	0.0	0.0	0.0 	0.0 	85.8 	12.0 	0.0 	0.0 	0.0 	-0.0 	12.0 	0.0 	0.0 	0.0 	0.0	-1.57	160.0	-5.67741935484	
0.5	0.0	0.0	0.0 	0.0 	86.0 	12.0 	0.0 	0.0 	0.0 	-0.0 	12.0 	0.0 	0.0 	0.0 	0.0	-1.57	160.0	-5.67741935484	
0.516666666667	0.0	0.0	0.0 	0.0 	86.2 	12.0 	0.0 	0.0 	0.0 	-0.0 	12.0 	0.0 	0.0 	0.0 	0.0	-1.57	160.0	-5.67741935484	
0.533333333333	0.0	0.0	0.0 	0.0 	86.4 	12.0 	0.0 	0.0 	0.0 	-0.0 	12.0 	0.0 	0.0 	0.0 	0.0	-1.57	160.0	-5.67741935484	
0.55	0.0	0.0	0.0 	0.0 	86.6 	12.0 	0.0 	0.0 	0.0 	-0.0 	12.0 	0.0 	0.0 	0.0 	0.0	-1.57	160.0	-5.67741935484	
0.566666666667	0.0	0.0	0.0 	0.0 	86.8 	12.0 	0.0 	0.0 	0.0 	-0.0 	12.0 	0.0 	0.0 	0.0 	0.0	-1.57	160.0	-5.67741935484	
0.583333333333	0.0	0.0	0.0 	0.0 	87.0 	12.0 	0.0 	0.0 	0.0 	-0.0 	12.0 	0.0 	0.0 	0.0 	0.0	-1.57	160.0	-5.67741935484	
0.6	0.0	0.0	0.0 	0.0 	87.2 	12.0 	0.0 	0.0 	0.0 	-0.0 	12.0 	0.0 	0.0 	0.0 	0.0	-1.57	160.0	-5.67741935484	
0.616666666667	0.0	0.0	0.0 	0.0 	87.4 	12.0 	0.0 	0.0 	0.0 	-0.0 	12.0 	0.0 	0.0 	0.0 	0.0	-1.57	160.0	-5.67741935484	
0.633333333333	0.0	0.0	0.0 	0.0 	87.6 	12.0 	0.0 	0.0 	0.0 	-0.0 	12.0 	0.0 	0.0 	0.0 	0.0	-1.57	160.0	-5.67741935484	
0.65	0.0	0.0	0.0 	0.0 	87.8 	12.0 	0.0 	0.0 	0.0 	-0.0 	12.0 	0.0 	0.0 	0.0 	0.0	-1.57	160.0	-5.67741935484	
0.666666666667	0.0	0.0	0.0 	0.0 	88.0 	12.0 	0.0 	0.0 	0.0 	-0.0 	12.0 	0.0 	0.0 	0.0 	0.0	-1.57	160.0	-5.67741935484	
0.683333333333	0.0	0.0	0.0 	0.0 	88.2 	12.0 	0.0 	0.0 	0.0 	-0.0 	12.0 	0.0 	0.0 	0.0 	0.0	-1.57	160.0	-5.67741935484	
0.7	0.0	0.0	0.0 	0.0 	88.4 	12.0 	0.0 	0.0 	0.0 	-0.0 	12.0 	0.0 	0.0 	0.0 	0.0	-1.57	160.0	-5.67741935484	
0.716666666667	0.0	0.0	0.0 	0.0 	88.6 	12.0 	0.0 	0.0 	0.0 	-0.0 	12.0 	0.0 	0.0 	0.0 	0.0	-1.57	160.0	-5.67741935484	
0.733333333333	0.0	0.0	0.0 	0.0 	88.8 	12.0 	0.0 	0.0 	0.0 	-0.0 	12.0 	0.0 	0.0 	0.0 	0.0	-1.57	160.0	-5.67741935484	
0.75	0.0	0.0	0.0 	0.0 	89.0 	12.0 	0.0 	0.0 	0.0 	-0.0 	12.0 	0.0 	0.0 	0.0 	0.0	-1.57	160.0	-5.67741935484	
0.766666666667	0.0	0.0	0.0 	0.0 	89.2 	12.0 	0.0 	0.0 	0.0 	-0.0 	12.0 	0.0 	0.0 	0.0 	0.0	-1.57	160.0	-5.67741935484	
0.783333333333	0.0	0.0	0.0 	0.0 	89.4 	12.0 	0.0 	0.0 	0.0 	-0.0 	12.0 	0.0 	0.0 	0.0 	0.0	-1.57	160.0	-5.67741935484	
0.8	0.0	0.0	0.0 	0.0 	89.6 	12.0 	0.0 	0.0 	0.0 	-0.0 	12.0 	0.0 	0.0 	0.0 	0.0	-1.57	160.0	-5.67741935484	
0.816666666667	0.0	0.0	0.0 	0.0 	89.8 	12.0 	0.0 	0.0 	0.0 	-0.0 	12.0 	0.0 	0.0 	0.0 	0.0	-1.57	160.0	-5.67741935484	
0.833333333333	0.0	0.0	0.0 	0.0 	90.0 	12.0 	0.0 	0.0 	0.0 	-0.0 	12.0 	0.0 	0.0 	0.0 	0.0	-1.57	160.0	-5.67741935484	
0.85	0.0	0.0	0.0 	0.0 	90.2 	12.0 	0.0 	0.0 	0.0 	-0.0 	12.0 	0.0 	0.0 	0.0 	0.0	-1.57	160.0	-5.67741935484	
0.866666666667	0.0	0.0	0.0 	0.0 	90.4 	12.0 	0.0 	0.0 	0.0 	-0.0 	12.0 	0.0 	0.0 	0.0 	0.0	-1.57	160.0	-5.67741935484	
0.883333333333	0.0	0.0	0.0 	0.0 	90.6 	12.0 	0.0 	0.0 	0.0 	-0.0 	12.0 	0.0 	0.0 	0.0 	0.0	-1.57	160.0	-5.67741935484	
0.9	0.0	0.0	0.0 	0.0 	90.8 	12.0 	0.0 	0.0 	0.0 	-0.0 	12.0 	0.0 	0.0 	0.0 	0.0	-1.57	160.0	-5.67741935484	
0.916666666667	0.0	0.0	0.0 	0.0 	91.0 	12.0 	0.0 	0.0 	0.0 	-0.0 	12.0 	0.0 	0.0 	0.0 	0.0	-1.57	160.0	-5.67741935484	
0.933333333333	0.0	0.0	0.0 	0.0 	91.2 	12.0 	0.0 	0.0 	0.0 	-0.0 	12.0 	0.0 	0.0 	0.0 	0.0	-1.57	160.0	-5.67741935484	
0.95	0.0	0.0	0.0 	0.0 	91.4 	12.0 	0.0 	0.0 	0.0 	-0.0 	12.0 	0.0 	0.0 	0.0 	0.0	-1.57	160.0	-5.67741935484	
0.966666666667	0.0	0.0	0.0 	0.0 	91.6 	12.0 	0.0 	0.0 	0.0 	-0.0 	12.0 	0.0 	0.0 	0.0 	0.0	-1.57	160.0	-5.67741935484	
0.983333333333	0.0	0.0	0.0 	0.0 	91.8 	12.0 	0.0 	0.0 	0.0 	-0.0 	12.0 	0.0 	0.0 	0.0 	0.0	-1.57	160.0	-5.67741935484	
1.0	0.0	0.0	0.0 	0.0 	92.0 	12.0 	0.0 	0.0 	0.0 	-0.0 	12.0 	0.0 	0.0 	0.0 	0.0	-1.57	160.0	-5.67741935484	
1.01666666667	0.0	0.0	0.0 	0.0 	92.2 	12.0 	0.0 	0.0 	0.0 	-0.0 	12.0 	0.0 	0.0 	0.0 	0.0	-1.57	160.0	-5.67741935484	
1.03333333333	0.0	0.0	0.0 	0.0 	92.4 	12.0 	0.0 	0.0 	0.0 	-0.0 	12.0 	0.0 	0.0 	0.0 	0.0	-1.57	160.0	-5.67741935484	
1.05	0.0	0.0	0.0 	0.0 	92.6 	12.0 	0.0 	0.0 	0.0 	-0.0 	12.0 	0.0 	0.0 	0.0 	0.0	-1.57	160.0	-5.67741935484	
1.06666666667	0.0	0.0	0.0 	0.0 	92.8 	12.0 	0.0 	0.0 	0.0 	-0.0 	12.0 	0.0 	0.0 	0.0 	0.0	-1.57	160.0	-5.67741935484	
1.08333333333	0.0	0.0	0.0 	0.0 	93.0 	12.0 	0.0 	0.0 	0.0 	-0.0 	12.0 	0.0 	0.0 	0.0 	0.0	-1.57	160.0	-5.67741935484	
1.1	0.0	0.0	0.0 	0.0 	93.2 	12.0 	0.0 	0.0 	0.0 	-0.0 	12.0 	0.0 	0.0 	0.0 	0.0	-1.57	160.0	-5.67741935484	
1.11666666667	0.0	0.0	0.0 	0.0 	93.4 	12.0 	0.0 	0.0 	0.0 	-0.0 	12.0 	0.0 	0.0 	0.0 	0.0	-1.57	160.0	-5.67741935484	
1.13333333333	0.0	0.0	0.0 	0.0 	93.6 	12.0 	0.0 	0.0 	0.0 	-0.0 	12.0 	0.0 	0.0 	0.0 	0.0	-1.57	160.0	-5.67741935484	
1.15	0.0	0.0	0.0 	0.0 	93.8 	12.0 	0.0 	0.0 	0.0 	-0.0 	12.0 	0.0 	0.0 	0.0 	0.0	-1.57	160.0	-5.67741935484	
1.16666666667	0.0	0.0	0.0 	0.0 	94.0 	12.0 	0.0 	0.0 	0.0 	-0.0 	12.0 	0.0 	0.0 	0.0 	0.0	-1.57	160.0	-5.67741935484	
1.18333333333	0.0	0.0	0.0 	0.0 	94.2 	12.0 	0.0 	0.0 	0.0 	-0.0 	12.0 	0.0 	0.0 	0.0 	0.0	-1.57	160.0	-5.67741935484	
1.2	0.0	0.0	0.0 	0.0 	94.4 	12.0 	0.0 	0.0 	0.0 	-0.0 	12.0 	0.0 	0.0 	0.0 	0.0	-1.57	160.0	-5.67741935484	
1.21666666667	0.0	0.0	0.0 	0.0 	94.6 	12.0 	0.0 	0.0 	0.0 	-0.0 	12.0 	0.0 	0.0 	0.0 	0.0	-1.57	160.0	-5.67741935484	
1.23333333333	0.0	0.0	0.0 	0.0 	94.8 	12.0 	0.0 	0.0 	0.0 	-0.0 	12.0 	0.0 	0.0 	0.0 	0.0	-1.57	160.0	-5.67741935484	
1.25	0.0	0.0	0.0 	0.0 	95.0 	12.0 	0.0 	0.0 	0.0 	-0.0 	12.0 	0.0 	0.0 	0.0 	0.0	-1.57	160.0	-5.67741935484	
1.26666666667	0.0	0.0	0.0 	0.0 	95.2 	12.0 	0.0 	0.0 	0.0 	-0.0 	12.0 	0.0 	0.0 	0.0 	0.0	-1.57	160.0	-5.67741935484	
1.28333333333	0.0	0.0	0.0 	0.0 	95.4 	12.0 	0.0 	0.0 	0.0 	-0.0 	12.0 	0.0 	0.0 	0.0 	0.0	-1.57	160.0	-5.67741935484	
1.3	0.0	0.0	0.0 	0.0 	95.6 	12.0 	0.0 	0.0 	0.0 	-0.0 	12.0 	0.0 	0.0 	0.0 	0.0	-1.57	160.0	-5.67741935484	
1.31666666667	0.0	0.0	0.0 	0.0 	95.8 	12.0 	0.0 	0.0 	0.0 	-0.0 	12.0 	0.0 	0.0 	0.0 	0.0	-1.57	160.0	-5.67741935484	
1.33333333333	0.0	0.0	0.0 	0.0 	96.0 	12.0 	0.0 	0.0 	0.0 	-0.0 	12.0 	0.0 	0.0 	0.0 	0.0	-1.57	160.0	-5.67741935484	
1.35	0.0	0.0	0.0 	0.0 	96.2 	12.0 	0.0 	0.0 	0.0 	-0.0 	12.0 	0.0 	0.0 	0.0 	0.0	-1.57	160.0	-5.67741935484	
1.36666666667	0.0	0.0	0.0 	0.0 	96.4 	12.0 	0.0 	0.0 	0.0 	-0.0 	12.0 	0.0 	0.0 	0.0 	0.0	-1.57	160.0	-5.67741935484	
1.38333333333	0.0	0.0	0.0 	0.0 	96.6 	12.0 	0.0 	0.0 	0.0 	-0.0 	12.0 	0.0 	0.0 	0.0 	0.0	-1.57	160.0	-5.67741935484	
1.4	0.0	0.0	0.0 	0.0 	96.8 	12.0 	0.0 	0.0 	0.0 	-0.0 	12.0 	0.0 	0.0 	0.0 	0.0	-1.57	160.0	-5.67741935484	
1.41666666667	0.0	0.0	0.0 	0.0 	97.0 	12.0 	0.0 	0.0 	0.0 	-0.0 	12.0 	0.0 	0.0 	0.0 	0.0	-1.57	160.0	-5.67741935484	
1.43333333333	0.0	0.0	0.0 	0.0 	97.2 	12.0 	0.0 	0.0 	0.0 	-0.0 	12.0 	0.0 	0.0 	0.0 	0.0	-1.57	160.0	-5.67741935484	
1.45	0.0	0.0	0.0 	0.0 	97.4 	12.0 	0.0 	0.0 	0.0 	-0.0 	12.0 	0.0 	0.0 	0.0 	0.0	-1.57	160.0	-5.67741935484	
1.46666666667	0.0	0.0	0.0 	0.0 	97.6 	12.0 	0.0 	0.0 	0.0 	-0.0 	12.0 	0.0 	0.0 	0.0 	0.0	-1.57	160.0	-5.67741935484	
1.48333333333	0.0	0.0	0.0 	0.0 	97.8 	12.0 	0.0 	0.0 	0.0 	-0.0 	12.0 	0.0 	0.0 	0.0 	0.0	-1.57	160.0	-5.67741935484	
1.5	0.0	0.0	0.0 	0.0 	98.0 	12.0 	0.0 	0.0 	0.0 	-0.0 	12.0 	0.0 	0.0 	0.0 	0.0	-1.57	160.0	-5.67741935484	
1.51666666667	0.0	0.0	0.0 	0.0 	98.2 	12.0 	0.0 	0.0 	0.0 	-0.0 	12.0 	0.0 	0.0 	0.0 	0.0	-1.57	160.0	-5.67741935484	
1.53333333333	0.0	0.0	0.0 	0.0 	98.4 	12.0 	0.0 	0.0 	0.0 	-0.0 	12.0 	0.0 	0.0 	0.0 	0.0	-1.57	160.0	-5.67741935484	
1.55	0.0	0.0	0.0 	0.0 	98.6 	12.0 	0.0 	0.0 	0.0 	-0.0 	12.0 	0.0 	0.0 	0.0 	0.0	-1.57	160.0	-5.67741935484	
1.56666666667	0.0	0.0	0.0 	0.0 	98.8 	12.0 	0.0 	0.0 	0.0 	-0.0 	12.0 	0.0 	0.0 	0.0 	0.0	-1.57	160.0	-5.67741935484	
1.58333333333	0.0	0.0	0.0 	0.0 	99.0 	12.0 	0.0 	0.0 	0.0 	-0.0 	12.0 	0.0 	0.0 	0.0 	0.0	-1.57	160.0	-5.67741935484	
1.6	0.0	0.0	0.0 	0.0 	99.2 	12.0 	0.0 	0.0 	0.0 	-0.0 	12.0 	0.0 	0.0 	0.0 	0.0	-1.57	160.0	-5.67741935484	
1.61666666667	0.0	0.0	0.0 	0.0 	99.4 	12.0 	0.0 	0.0 	0.0 	-0.0 	12.0 	0.0 	0.0 	0.0 	0.0	-1.57	160.0	-5.67741935484	
1.63333333333	0.0	0.0	0.0 	0.0 	99.6 	12.0 	0.0 	0.0 	0.0 	-0.0 	12.0 	0.0 	0.0 	0.0 	0.0	-1.57	160.0	-5.67741935484	
1.65	0.0	0.0	0.0 	0.0 	99.8 	12.0 	0.0 	0.0 	0.0 	-0.0 	12.0 	0.0 	0.0 	0.0 	0.0	-1.57	160.0	-5.67741935484	
1.66666666667	0.0	0.0	0.0 	0.0 	100.0 	12.0 	0.0 	0.0 	0.0 	-0.0 	12.0 	0.0 	0.0 	0.0 	0.111111111111	-1.57	159.998148149	-5.67741788016	
1.68333333333	0.0	0.0	0.0 	0.0 	100.2 	12.0 	0.0 	0.0 	0.0 	-0.0 	12.0 	0.0 	0.0 	0.0 	0.21975308642	-1.57	159.994485598	-5.67741496357	
1.7	0.0	0.0	0.0 	0.0 	100.4 	12.0 	0.0 	0.0 	0.0 	-0.0 	12.0 	0.0 	0.0 	0.0 	0.32598079561	-1.57	159.989052587	-5.67741063712	
1.71666666667	0.0	0.0	0.0 	0.0 	100.6 	12.0 	0.0 	0.0 	0.0 	-0.0 	12.0 	0.0 	0.0 	0.0 	0.429847889041	-1.57	159.981888458	-5.67740493213	
1.73333333333	0.0	0.0	0.0 	0.0 	100.8 	12.0 	0.0 	0.0 	0.0 	-0.0 	12.0 	0.0 	0.0 	0.0 	0.53140682484	-1.57	159.97303168	-5.67739787924	
1.75	0.0	0.0	0.0 	0.0 	101.0 	12.0 	0.0 	0.0 	0.0 	-0.0 	12.0 	0.0 	0.0 	0.0 	0.630708895399	-1.57	159.962519869	-5.6773895084	
1.76666666667	0.0	0.0	0.0 	0.0 	101.2 	12.0 	0.0 	0.0 	0.0 	-0.0 	12.0 	0.0 	0.0 	0.0 	0.72780425328	-1.57	159.950389801	-5.6773798489	
1.78333333333	0.0	0.0	0.0 	0.0 	101.4 	12.0 	0.0 	0.0 	0.0 	-0.0 	12.0 	0.0 	0.0 	0.0 	0.82274193654	-1.57	159.93667744	-5.67736892938	
1.8	0.0	0.0	0.0 	0.0 	101.6 	12.0 	0.0 	0.0 	0.0 	-0.0 	12.0 	0.0 	0.0 	0.0 	0.915569893506	-1.57	159.921417947	-5.67735677783	
1.81666666667	0.0	0.0	0.0 	0.0 	101.8 	12.0 	0.0 	0.0 	0.0 	-0.0 	12.0 	0.0 	0.0 	0.0 	1.00633500698	-1.57	159.904645702	-5.67734342164	
1.83333333333	0.0	0.0	0.0 	0.0 	102.0 	12.0 	0.0 	0.0 	0.0 	-0.0 	12.0 	0.0 	0.0 	0.0 	1.09508311794	-1.57	159.886394323	-5.67732888757	
1.85	0.0	0.0	0.0 	0.0 	102.2 	12.0 	0.0 	0.0 	0.0 	-0.0 	12.0 	0.0 	0.0 	0.0 	1.18185904865	-1.57	159.866696678	-5.67731320181	
1.86666666667	0.0	0.0	0.0 	0.0 	102.4 	12.0 	0.0 	0.0 	0.0 	-0.0 	12.0 	0.0 	0.0 	0.0 	1.26670662535	-1.57	159.845584908	-5.67729638994	
1.88333333333	0.0	0.0	0.0 	0.0 	102.6 	12.0 	0.0 	0.0 	0.0 	-0.0 	12.0 	0.0 	0.0 	0.0 	1.34966870034	-1.57	159.823090436	-5.67727847698	
1.9	0.0	0.0	0.0 	0.0 	102.8 	12.0 	0.0 	0.0 	0.0 	-0.0 	12.0 	0.0 	0.0 	0.0 	1.43078717367	-1.57	159.799243991	-5.67725948742	
1.91666666667	0.0	0.0	0.0 	0.0 	103.0 	12.0 	0.0 	0.0 	0.0 	-0.0 	12.0 	0.0 	0.0 	0.0 	1.51010301425	-1.57	159.774075615	-5.67723944516	
1.93333333333	0.0	0.0	0.0 	0.0 	103.2 	12.0 	0.0 	0.0 	0.0 	-0.0 	12.0 	0.0 	0.0 	0.0 	1.5876562806	-1.57	159.747614686	-5.67721837361	
1.95	0.0	0.0	0.0 	0.0 	103.4 	12.0 	0.0 	0.0 	0.0 	-0.0 	12.0 	0.0 	0.0 	0.0 	1.66348614103	-1.57	159.719889926	-5.67719629563	
1.96666666667	0.0	0.0	0.0 	0.0 	103.6 	12.0 	0.0 	0.0 	0.0 	-0.0 	12.0 	0.0 	0.0 	0.0 	1.73763089345	-1.57	159.69092942	-5.6771732336	
1.98333333333	0.0	0.0	0.0 	0.0 	103.8 	12.0 	0.0 	0.0 	0.0 	-0.0 	12.0 	0.0 	0.0 	0.0 	1.81012798471	-1.57	159.66076063	-5.67714920938	
2.0	0.0	0.0	0.0 	0.0 	104.0 	12.0 	0.0 	0.0 	0.0 	-0.0 	12.0 	0.0 	0.0 	0.0 	1.88101402949	-1.57	159.629410406	-5.67712424435	
2.01666666667	0.0	0.0	0.0 	0.0 	104.2 	12.0 	0.0 	0.0 	0.0 	-0.0 	12.0 	0.0 	0.0 	0.0 	1.95032482884	-1.57	159.596905002	-5.67709835942	
2.03333333333	0.0	0.0	0.0 	0.0 	104.4 	12.0 	0.0 	0.0 	0.0 	-0.0 	12.0 	0.0 	0.0 	0.0 	2.0180953882	-1.57	159.56327009	-5.67707157504	
2.05	0.0	0.0	0.0 	0.0 	104.6 	12.0 	0.0 	0.0 	0.0 	-0.0 	12.0 	0.0 	0.0 	0.0 	2.08435993513	-1.57	159.528530769	-5.67704391118	
2.06666666667	0.0	0.0	0.0 	0.0 	104.8 	12.0 	0.0 	0.0 	0.0 	-0.0 	12.0 	0.0 	0.0 	0.0 	2.14915193657	-1.57	159.492711581	-5.67701538739	
2.08333333333	0.0	0.0	0.0 	0.0 	105.0 	12.0 	0.0 	0.0 	0.0 	-0.0 	12.0 	0.0 	0.0 	0.0 	2.21250411576	-1.57	159.455836524	-5.67698602279	
2.1	0.0	0.0	0.0 	0.0 	105.2 	12.0 	0.0 	0.0 	0.0 	-0.0 	12.0 	0.0 	0.0 	0.0 	2.27444846874	-1.57	159.417929062	-5.67695583606	
2.11666666667	0.0	0.0	0.0 	0.0 	105.4 	12.0 	0.0 	0.0 	0.0 	-0.0 	12.0 	0.0 	0.0 	0.0 	2.33501628055	-1.57	159.379012136	-5.67692484546	
2.13333333333	0.0	0.0	0.0 	0.0 	105.6 	12.0 	0.0 	0.0 	0.0 	-0.0 	12.0 	0.0 	0.0 	0.0 	2.39423814098	-1.57	159.33910818	-5.67689306886	
2.15	0.0	0.0	0.0 	0.0 	105.8 	12.0 	0.0 	0.0 	0.0 	-0.0 	12.0 	0.0 	0.0 	0.0 	2.45214396007	-1.57	159.298239127	-5.67686052373	
2.16666666667	0.0	0.0	0.0 	0.0 	106.0 	12.0 	0.0 	0.0 	0.0 	-0.0 	12.0 	0.0 	0.0 	0.0 	2.50876298318	-1.57	159.256426423	-5.67682722715	
2.18333333333	0.0	0.0	0.0 	0.0 	106.2 	12.0 	0.0 	0.0 	0.0 	-0.0 	12.0 	0.0 	0.0 	0.0 	2.56412380577	-1.57	159.21369104	-5.67679319581	
2.2	0.0	0.0	0.0 	0.0 	106.4 	12.0 	0.0 	0.0 	0.0 	-0.0 	12.0 	0.0 	0.0 	0.0 	2.61825438787	-1.57	159.170053481	-5.67675844605	
2.21666666667	0.0	0.0	0.0 	0.0 	106.6 	12.0 	0.0 	0.0 	0.0 	-0.0 	12.0 	0.0 	0.0 	0.0 	2.67118206814	-1.57	159.125533794	-5.67672299382	
2.23333333333	0.0	0.0	0.0 	0.0 	106.8 	12.0 	0.0 	0.0 	0.0 	-0.0 	12.0 	0.0 	0.0 	0.0 	2.72293357773	-1.57	159.080151582	-5.67668685474	
2.25	0.0	0.0	0.0 	0.0 	107.0 	12.0 	0.0 	0.0 	0.0 	-0.0 	12.0 	0.0 	0.0 	0.0 	2.77353505378	-1.57	159.033926012	-5.67665004407	
2.26666666667	0.0	0.0	0.0 	0.0 	107.2 	12.0 	0.0 	0.0 	0.0 	-0.0 	12.0 	0.0 	0.0 	0.0 	2.82301205259	-1.57	158.986875826	-5.67661257674	
2.28333333333	0.0	0.0	0.0 	0.0 	107.4 	12.0 	0.0 	0.0 	0.0 	-0.0 	12.0 	0.0 	0.0 	0.0 	2.87138956253	-1.57	158.939019349	-5.67657446734	
2.3	0.0	0.0	0.0 	0.0 	107.6 	12.0 	0.0 	0.0 	0.0 	-0.0 	12.0 	0.0 	0.0 	0.0 	2.9186920167	-1.57	158.890374497	-5.67653573013	
2.31666666667	0.0	0.0	0.0 	0.0 	107.8 	12.0 	0.0 	0.0 	0.0 	-0.0 	12.0 	0.0 	0.0 	0.0 	2.96494330521	-1.57	158.840958791	-5.67649637907	
2.33333333333	0.0	0.0	0.0 	0.0 	108.0 	12.0 	0.0 	0.0 	0.0 	-0.0 	12.0 	0.0 	0.0 	0.0 	3.01016678732	-1.57	158.790789361	-5.6764564278	
2.35	0.0	0.0	0.0 	0.0 	108.2 	12.0 	0.0 	0.0 	0.0 	-0.0 	12.0 	0.0 	0.0 	0.0 	3.05438530316	-1.57	158.739882955	-5.67641588966	
2.36666666667	0.0	0.0	0.0 	0.0 	108.4 	12.0 	0.0 	0.0 	0.0 	-0.0 	12.0 	0.0 	0.0 	0.0 	3.09762118531	-1.57	158.688255952	-5.67637477768	
2.38333333333	0.0	0.0	0.0 	0.0 	108.6 	12.0 	0.0 	0.0 	0.0 	-0.0 	12.0 	0.0 	0.0 	0.0 	3.13989627008	-1.57	158.635924364	-5.67633310463	
2.4	0.0	0.0	0.0 	0.0 	108.8 	12.0 	0.0 	0.0 	0.0 	-0.0 	12.0 	0.0 	0.0 	0.0 	3.18123190852	-1.57	158.582903849	-5.67629088296	
2.41666666667	0.0	0.0	0.0 	0.0 	109.0 	12.0 	0.0 	0.0 	0.0 	-0.0 	12.0 	0.0 	0.0 	0.0 	3.22164897722	-1.57	158.529209716	-5.67624812488	
2.43333333333	0.0	0.0	0.0 	0.0 	109.2 	12.0 	0.0 	0.0 	0.0 	-0.0 	12.0 	0.0 	0.0 	0.0 	3.26116788884	-1.57	158.474856935	-5.67620484229	
2.45	0.0	0.0	0.0 	0.0 	109.4 	12.0 	0.0 	0.0 	0.0 	-0.0 	12.0 	0.0 	0.0 	0.0 	3.29980860242	-1.57	158.419860143	-5.67616104686	
2.46666666667	0.0	0.0	0.0 	0.0 	109.6 	12.0 	0.0 	0.0 	0.0 	-0.0 	12.0 	0.0 	0.0 	0.0 	3.33759063348	-1.57	158.36423365	-5.67611674999	
2.48333333333	0.0	0.0	0.0 	0.0 	109.8 	12.0 	0.0 	0.0 	0.0 	-0.0 	12.0 	0.0 	0.0 	0.0 	3.37453306385	-1.57	158.30799145	-5.67607196281	
2.5	0.0	0.0	0.0 	0.0 	110.0 	12.0 	0.0 	0.0 	0.0 	-0.0 	12.0 	0.0 	0.0 	0.0 	3.41065455132	-1.57	158.251147225	-5.67602669622	
2.51666666667	0.0	0.0	0.0 	0.0 	110.2 	12.0 	0.0 	0.0 	0.0 	-0.0 	12.0 	0.0 	0.0 	0.0 	3.44597333907	-1.57	158.193714355	-5.67598096088	
2.53333333333	0.0	0.0	0.0 	0.0 	110.4 	12.0 	0.0 	0.0 	0.0 	-0.0 	12.0 	0.0 	0.0 	0.0 	3.48050726486	-1.57	158.135705919	-5.67593476719	
2.55	0.0	0.0	0.0 	0.0 	110.6 	12.0 	0.0 	0.0 	0.0 	-0.0 	12.0 	0.0 	0.0 	0.0 	3.51427377009	-1.57	158.077134708	-5.67588812536	
2.56666666667	0.0	0.0	0.0 	0.0 	110.8 	12.0 	0.0 	0.0 	0.0 	-0.0 	12.0 	0.0 	0.0 	0.0 	3.54728990853	-1.57	158.018013228	-5.67584104533	
2.58333333333	0.0	0.0	0.0 	0.0 	111.0 	12.0 	0.0 	0.0 	0.0 	-0.0 	12.0 	0.0 	0.0 	0.0 	3.57957235501	-1.57	157.958353708	-5.67579353685	
2.6	0.0	0.0	0.0 	0.0 	111.2 	12.0 	0.0 	0.0 	0.0 	-0.0 	12.0 	0.0 	0.0 	0.0 	3.61113741379	-1.57	157.898168103	-5.67574560943	
2.61666666667	0.0	0.0	0.0 	0.0 	111.4 	12.0 	0.0 	0.0 	0.0 	-0.0 	12.0 	0.0 	0.0 	0.0 	3.64200102681	-1.57	157.837468105	-5.67569727238	
2.63333333333	0.0	0.0	0.0 	0.0 	111.6 	12.0 	0.0 	0.0 	0.0 	-0.0 	12.0 	0.0 	0.0 	0.0 	3.67217878177	-1.57	157.776265145	-5.67564853481	
2.65	0.0	0.0	0.0 	0.0 	111.8 	12.0 	0.0 	0.0 	0.0 	-0.0 	12.0 	0.0 	0.0 	0.0 	3.70168591996	-1.57	157.714570399	-5.67559940563	
2.66666666667	0.0	0.0	0.0 	0.0 	112.0 	12.0 	0.0 	0.0 	0.0 	-0.0 	12.0 	0.0 	0.0 	0.0 	3.73053734396	-1.57	157.652394797	-5.67554989352	
2.68333333333	0.0	0.0	0.0 	0.0 	112.2 	12.0 	0.0 	0.0 	0.0 	-0.0 	12.0 	0.0 	0.0 	0.0 	3.7587476252	-1.57	157.589749023	-5.675500007	
2.7	0.0	0.0	0.0 	0.0 	112.4 	12.0 	0.0 	0.0 	0.0 	-0.0 	12.0 	0.0 	0.0 	0.0 	3.78633101131	-1.57	157.526643526	-5.67544975439	
2.71666666667	0.0	0.0	0.0 	0.0 	112.6 	12.0 	0.0 	0.0 	0.0 	-0.0 	12.0 	0.0 	0.0 	0.0 	3.81330143328	-1.57	157.463088522	-5.67539914383	
2.73333333333	0.0	0.0	0.0 	0.0 	112.8 	12.0 	0.0 	0.0 	0.0 	-0.0 	12.0 	0.0 	0.0 	0.0 	3.83967251254	-1.57	157.399094001	-5.67534818326	
2.75	0.0	0.0	0.0 	0.0 	113.0 	12.0 	0.0 	0.0 	0.0 	-0.0 	12.0 	0.0 	0.0 	0.0 	3.86545756782	-1.57	157.334669728	-5.67529688048	
2.76666666667	0.0	0.0	0.0 	0.0 	113.2 	12.0 	0.0 	0.0 	0.0 	-0.0 	12.0 	0.0 	0.0 	0.0 	3.89066962187	-1.57	157.269825255	-5.67524524307	
2.78333333333	0.0	0.0	0.0 	0.0 	113.4 	12.0 	0.0 	0.0 	0.0 	-0.0 	12.0 	0.0 	0.0 	0.0 	3.91532140805	-1.57	157.204569919	-5.67519327849	
2.8	0.0	0.0	0.0 	0.0 	113.6 	12.0 	0.0 	0.0 	0.0 	-0.0 	12.0 	0.0 	0.0 	0.0 	3.93942537676	-1.57	157.13891285	-5.675140994	
2.81666666667	0.0	0.0	0.0 	0.0 	113.8 	12.0 	0.0 	0.0 	0.0 	-0.0 	12.0 	0.0 	0.0 	0.0 	3.96299370172	-1.57	157.072862976	-5.6750883967	
2.83333333333	0.0	0.0	0.0 	0.0 	114.0 	12.0 	0.0 	0.0 	0.0 	-0.0 	12.0 	0.0 	0.0 	0.0 	3.98603828612	-1.57	157.006429026	-5.67503549356	
2.85	0.0	0.0	0.0 	0.0 	114.2 	12.0 	0.0 	0.0 	0.0 	-0.0 	12.0 	0.0 	0.0 	0.0 	4.00857076865	-1.57	156.939619534	-5.67498229136	
2.86666666667	0.0	0.0	0.0 	0.0 	114.4 	12.0 	0.0 	0.0 	0.0 	-0.0 	12.0 	0.0 	0.0 	0.0 	4.03060252935	-1.57	156.872442847	-5.67492879675	
2.88333333333	0.0	0.0	0.0 	0.0 	114.6 	12.0 	0.0 	0.0 	0.0 	-0.0 	12.0 	0.0 	0.0 	0.0 	4.05214469537	-1.57	156.804907123	-5.67487501623	
2.9	0.0	0.0	0.0 	0.0 	114.8 	12.0 	0.0 	0.0 	0.0 	-0.0 	12.0 	0.0 	0.0 	0.0 	4.07320814658	-1.57	156.737020342	-5.67482095616	
2.91666666667	0.0	0.0	0.0 	0.0 	115.0 	12.0 	0.0 	0.0 	0.0 	-0.0 	12.0 	0.0 	0.0 	0.0 	4.0938035211	-1.57	156.668790305	-5.67476662274	
2.93333333333	0.0	0.0	0.0 	0.0 	115.2 	12.0 	0.0 	0.0 	0.0 	-0.0 	12.0 	0.0 	0.0 	0.0 	4.11394122063	-1.57	156.60022464	-5.67471202205	
2.95	0.0	0.0	0.0 	0.0 	115.4 	12.0 	0.0 	0.0 	0.0 	-0.0 	12.0 	0.0 	0.0 	0.0 	4.13363141573	-1.57	156.531330805	-5.67465716003	
2.96666666667	0.0	0.0	0.0 	0.0 	115.6 	12.0 	0.0 	0.0 	0.0 	-0.0 	12.0 	0.0 	0.0 	0.0 	4.15288405093	-1.57	156.462116092	-5.67460204249	
2.98333333333	0.0	0.0	0.0 	0.0 	115.8 	12.0 	0.0 	0.0 	0.0 	-0.0 	12.0 	0.0 	0.0 	0.0 	4.1717088498	-1.57	156.392587634	-5.6745466751	
3.0	0.0	0.0	0.0 	0.0 	116.0 	12.0 	0.0 	0.0 	0.0 	-0.0 	12.0 	0.0 	0.0 	0.0 	4.19011531981	-1.57	156.3227524	-5.67449106342	
3.01666666667	0.0	0.0	0.0 	0.0 	116.2 	12.0 	0.0 	0.0 	0.0 	-0.0 	12.0 	0.0 	0.0 	0.0 	4.20811275714	-1.57	156.25261721	-5.67443521288	
3.03333333333	0.0	0.0	0.0 	0.0 	116.4 	12.0 	0.0 	0.0 	0.0 	-0.0 	12.0 	0.0 	0.0 	0.0 	4.22571025143	-1.57	156.182188728	-5.67437912878	
3.05	0.0	0.0	0.0 	0.0 	116.6 	12.0 	0.0 	0.0 	0.0 	-0.0 	12.0 	0.0 	0.0 	0.0 	4.24291669029	-1.57	156.111473472	-5.67432281632	
3.06666666667	0.0	0.0	0.0 	0.0 	116.8 	12.0 	0.0 	0.0 	0.0 	-0.0 	12.0 	0.0 	0.0 	0.0 	4.25974076384	-1.57	156.040477816	-5.67426628056	
3.08333333333	0.0	0.0	0.0 	0.0 	117.0 	12.0 	0.0 	0.0 	0.0 	-0.0 	12.0 	0.0 	0.0 	0.0 	4.27619096908	-1.57	155.969207989	-5.67420952648	
3.1	0.0	0.0	0.0 	0.0 	117.2 	12.0 	0.0 	0.0 	0.0 	-0.0 	12.0 	0.0 	0.0 	0.0 	4.29227561422	-1.57	155.897670084	-5.67415255891	
3.11666666667	0.0	0.0	0.0 	0.0 	117.4 	12.0 	0.0 	0.0 	0.0 	-0.0 	12.0 	0.0 	0.0 	0.0 	4.30800282279	-1.57	155.82587006	-5.67409538262	
3.13333333333	0.0	0.0	0.0 	0.0 	117.6 	12.0 	0.0 	0.0 	0.0 	-0.0 	12.0 	0.0 	0.0 	0.0 	4.32338053784	-1.57	155.753813741	-5.67403800223	
3.15	0.0	0.0	0.0 	0.0 	117.8 	12.0 	0.0 	0.0 	0.0 	-0.0 	12.0 	0.0 	0.0 	0.0 	4.33841652589	-1.57	155.681506822	-5.67398042228	
3.16666666667	0.0	0.0	0.0 	0.0 	118.0 	12.0 	0.0 	0.0 	0.0 	-0.0 	12.0 	0.0 	0.0 	0.0 	4.35311838087	-1.57	155.608954872	-5.67392264721	
3.18333333333	0.0	0.0	0.0 	0.0 	118.2 	12.0 	0.0 	0.0 	0.0 	-0.0 	12.0 	0.0 	0.0 	0.0 	4.36749352796	-1.57	155.536163336	-5.67386468134	
3.2	0.0	0.0	0.0 	0.0 	118.4 	12.0 	0.0 	0.0 	0.0 	-0.0 	12.0 	0.0 	0.0 	0.0 	4.38154922734	-1.57	155.463137539	-5.67380652893	
3.21666666667	0.0	0.0	0.0 	0.0 	118.6 	12.0 	0.0 	0.0 	0.0 	-0.0 	12.0 	0.0 	0.0 	0.0 	4.39529257784	-1.57	155.389882685	-5.67374819412	
3.23333333333	0.0	0.0	0.0 	0.0 	118.8 	12.0 	0.0 	0.0 	0.0 	-0.0 	12.0 	0.0 	0.0 	0.0 	4.40873052055	-1.57	155.316403867	-5.67368968095	
3.25	0.0	0.0	0.0 	0.0 	119.0 	12.0 	0.0 	0.0 	0.0 	-0.0 	12.0 	0.0 	0.0 	0.0 	4.42186984232	-1.57	155.242706059	-5.6736309934	
3.26666666667	0.0	0.0	0.0 	0.0 	119.2 	12.0 	0.0 	0.0 	0.0 	-0.0 	12.0 	0.0 	0.0 	0.0 	4.43471717916	-1.57	155.16879413	-5.67357213534	
3.28333333333	0.0	0.0	0.0 	0.0 	119.4 	12.0 	0.0 	0.0 	0.0 	-0.0 	12.0 	0.0 	0.0 	0.0 	4.44727901962	-1.57	155.094672836	-5.67351311055	
3.3	0.0	0.0	0.0 	0.0 	119.6 	12.0 	0.0 	0.0 	0.0 	-0.0 	12.0 	0.0 	0.0 	0.0 	4.45956170807	-1.57	155.020346831	-5.67345392275	
3.31666666667	0.0	0.0	0.0 	0.0 	119.8 	12.0 	0.0 	0.0 	0.0 	-0.0 	12.0 	0.0 	0.0 	0.0 	4.47157144789	-1.57	154.945820664	-5.67339457556	
3.33333333333	0.0	0.0	0.0 	0.0 	120.0 	12.0 	0.0 	0.0 	0.0 	-0.0 	12.0 	0.0 	0.0 	0.0 	4.48331430461	-1.57	154.871098783	-5.67333507251	
3.35	0.0	0.0	0.0 	0.0 	120.2 	12.0 	0.0 	0.0 	0.0 	-0.0 	12.0 	0.0 	0.0 	0.0 	4.49479620895	-1.57	154.796185537	-5.67327541707	
3.36666666667	0.0	0.0	0.0 	0.0 	120.4 	12.0 	0.0 	0.0 	0.0 	-0.0 	12.0 	0.0 	0.0 	0.0 	4.50602295986	-1.57	154.721085178	-5.67321561263	
3.38333333333	0.0	0.0	0.0 	0.0 	120.6 	12.0 	0.0 	0.0 	0.0 	-0.0 	12.0 	0.0 	0.0 	0.0 	4.51700022742	-1.57	154.645801864	-5.6731556625	
3.4	0.0	0.0	0.0 	0.0 	120.8 	12.0 	0.0 	0.0 	0.0 	-0.0 	12.0 	0.0 	0.0 	0.0 	4.5277335557	-1.57	154.570339662	-5.67309556991	
3.41666666667	0.0	0.0	0.0 	0.0 	121.0 	12.0 	0.0 	0.0 	0.0 	-0.0 	12.0 	0.0 	0.0 	0.0 	4.53822836557	-1.57	154.494702547	-5.67303533804	
3.43333333333	0.0	0.0	0.0 	0.0 	121.2 	12.0 	0.0 	0.0 	0.0 	-0.0 	12.0 	0.0 	0.0 	0.0 	4.54848995745	-1.57	154.418894405	-5.67297496997	
3.45	0.0	0.0	0.0 	0.0 	121.4 	12.0 	0.0 	0.0 	0.0 	-0.0 	12.0 	0.0 	0.0 	0.0 	4.55852351395	-1.57	154.342919037	-5.67291446873	
3.46666666667	0.0	0.0	0.0 	0.0 	121.6 	12.0 	0.0 	0.0 	0.0 	-0.0 	12.0 	0.0 	0.0 	0.0 	4.56833410253	-1.57	154.26678016	-5.67285383729	
3.48333333333	0.0	0.0	0.0 	0.0 	121.8 	12.0 	0.0 	0.0 	0.0 	-0.0 	12.0 	0.0 	0.0 	0.0 	4.57792667803	-1.57	154.190481406	-5.67279307854	
3.5	0.0	0.0	0.0 	0.0 	122.0 	12.0 	0.0 	0.0 	0.0 	-0.0 	12.0 	0.0 	0.0 	0.0 	4.58730608518	-1.57	154.114026329	-5.6727321953	
3.51666666667	0.0	0.0	0.0 	0.0 	122.2 	12.0 	0.0 	0.0 	0.0 	-0.0 	12.0 	0.0 	0.0 	0.0 	4.59647706107	-1.57	154.037418402	-5.67267119034	
3.53333333333	0.0	0.0	0.0 	0.0 	122.4 	12.0 	0.0 	0.0 	0.0 	-0.0 	12.0 	0.0 	0.0 	0.0 	4.60544423749	-1.57	153.960661022	-5.67261006637	
3.55	0.0	0.0	0.0 	0.0 	122.6 	12.0 	0.0 	0.0 	0.0 	-0.0 	12.0 	0.0 	0.0 	0.0 	4.61421214332	-1.57	153.883757511	-5.67254882603	
3.56666666667	0.0	0.0	0.0 	0.0 	122.8 	12.0 	0.0 	0.0 	0.0 	-0.0 	12.0 	0.0 	0.0 	0.0 	4.6227852068	-1.57	153.806711115	-5.67248747191	
3.58333333333	0.0	0.0	0.0 	0.0 	123.0 	12.0 	0.0 	0.0 	0.0 	-0.0 	12.0 	0.0 	0.0 	0.0 	4.63116775776	-1.57	153.729525011	-5.67242600653	
3.6	0.0	0.0	0.0 	0.0 	123.2 	12.0 	0.0 	0.0 	0.0 	-0.0 	12.0 	0.0 	0.0 	0.0 	4.63936402981	-1.57	153.652202301	-5.67236443237	
3.61666666667	0.0	0.0	0.0 	0.0 	123.4 	12.0 	0.0 	0.0 	0.0 	-0.0 	12.0 	0.0 	0.0 	0.0 	4.64737816249	-1.57	153.574746023	-5.67230275185	
3.63333333333	0.0	0.0	0.0 	0.0 	123.6 	12.0 	0.0 	0.0 	0.0 	-0.0 	12.0 	0.0 	0.0 	0.0 	4.65521420332	-1.57	153.497159144	-5.67224096733	
3.65	0.0	0.0	0.0 	0.0 	123.8 	12.0 	0.0 	0.0 	0.0 	-0.0 	12.0 	0.0 	0.0 	0.0 	4.66287610991	-1.57	153.419444567	-5.67217908111	
3.66666666667	0.0	0.0	0.0 	0.0 	124.0 	12.0 	0.0 	0.0 	0.0 	-0.0 	12.0 	0.0 	0.0 	0.0 	4.67036775191	-1.57	153.341605129	-5.67211709547	
3.68333333333	0.0	0.0	0.0 	0.0 	124.2 	12.0 	0.0 	0.0 	0.0 	-0.0 	12.0 	0.0 	0.0 	0.0 	4.67769291298	-1.57	153.263643605	-5.67205501261	
3.7	0.0	0.0	0.0 	0.0 	124.4 	12.0 	0.0 	0.0 	0.0 	-0.0 	12.0 	0.0 	0.0 	0.0 	4.68485529269	-1.57	153.185562709	-5.67199283468	
3.71666666667	0.0	0.0	0.0 	0.0 	124.6 	12.0 	0.0 	0.0 	0.0 	-0.0 	12.0 	0.0 	0.0 	0.0 	4.69185850841	-1.57	153.107365092	-5.67193056381	
3.73333333333	0.0	0.0	0.0 	0.0 	124.8 	12.0 	0.0 	0.0 	0.0 	-0.0 	12.0 	0.0 	0.0 	0.0 	4.69870609711	-1.57	153.029053348	-5.67186820206	
3.75	0.0	0.0	0.0 	0.0 	125.0 	12.0 	0.0 	0.0 	0.0 	-0.0 	12.0 	0.0 	0.0 	0.0 	4.70540151718	-1.57	152.950630014	-5.67180575145	
3.76666666667	0.0	0.0	0.0 	0.0 	125.2 	12.0 	0.0 	0.0 	0.0 	-0.0 	12.0 	0.0 	0.0 	0.0 	4.71194815013	-1.57	152.87209757	-5.67174321394	
3.78333333333	0.0	0.0	0.0 	0.0 	125.4 	12.0 	0.0 	0.0 	0.0 	-0.0 	12.0 	0.0 	0.0 	0.0 	4.71834930235	-1.57	152.79345844	-5.67168059148	
3.8	0.0	0.0	0.0 	0.0 	125.6 	12.0 	0.0 	0.0 	0.0 	-0.0 	12.0 	0.0 	0.0 	0.0 	4.72460820674	-1.57	152.714714995	-5.67161788595	
3.81666666667	0.0	0.0	0.0 	0.0 	125.8 	12.0 	0.0 	0.0 	0.0 	-0.0 	12.0 	0.0 	0.0 	0.0 	4.73072802437	-1.57	152.635869553	-5.6715550992	
3.83333333333	0.0	0.0	0.0 	0.0 	126.0 	12.0 	0.0 	0.0 	0.0 	-0.0 	12.0 	0.0 	0.0 	0.0 	4.73671184605	-1.57	152.55692438	-5.67149223303	
3.85	0.0	0.0	0.0 	0.0 	126.2 	12.0 	0.0 	0.0 	0.0 	-0.0 	12.0 	0.0 	0.0 	0.0 	4.74256269392	-1.57	152.477881694	-5.67142928921	
3.86666666667	0.0	0.0	0.0 	0.0 	126.4 	12.0 	0.0 	0.0 	0.0 	-0.0 	12.0 	0.0 	0.0 	0.0 	4.74828352294	-1.57	152.39874366	-5.67136626946	
3.88333333333	0.0	0.0	0.0 	0.0 	126.6 	12.0 	0.0 	0.0 	0.0 	-0.0 	12.0 	0.0 	0.0 	0.0 	4.75387722243	-1.57	152.319512398	-5.67130317547	
3.9	0.0	0.0	0.0 	0.0 	126.8 	12.0 	0.0 	0.0 	0.0 	-0.0 	12.0 	0.0 	0.0 	0.0 	4.75934661749	-1.57	152.24018998	-5.67124000889	
3.91666666667	0.0	0.0	0.0 	0.0 	127.0 	12.0 	0.0 	0.0 	0.0 	-0.0 	12.0 	0.0 	0.0 	0.0 	4.76469447043	-1.57	152.160778431	-5.67117677133	
3.93333333333	0.0	0.0	0.0 	0.0 	127.2 	12.0 	0.0 	0.0 	0.0 	-0.0 	12.0 	0.0 	0.0 	0.0 	4.7699234822	-1.57	152.081279731	-5.67111346437	
3.95	0.0	0.0	0.0 	0.0 	127.4 	12.0 	0.0 	0.0 	0.0 	-0.0 	12.0 	0.0 	0.0 	0.0 	4.77503629371	-1.57	152.001695818	-5.67105008956	
3.96666666667	0.0	0.0	0.0 	0.0 	127.6 	12.0 	0.0 	0.0 	0.0 	-0.0 	12.0 	0.0 	0.0 	0.0 	4.78003548718	-1.57	151.922028585	-5.67098664839	
3.98333333333	0.0	0.0	0.0 	0.0 	127.8 	12.0 	0.0 	0.0 	0.0 	-0.0 	12.0 	0.0 	0.0 	0.0 	4.78492358746	-1.57	151.842279884	-5.67092314235	
4.0	0.0	0.0	0.0 	0.0 	128.0 	12.0 	0.0 	0.0 	0.0 	-0.0 	12.0 	0.0 	0.0 	0.0 	4.7897030633	-1.57	151.762451525	-5.67085957288	
4.01666666667	0.0	0.0	0.0 	0.0 	128.2 	12.0 	0.0 	0.0 	0.0 	-0.0 	12.0 	0.0 	0.0 	0.0 	4.79437632856	-1.57	151.682545278	-5.67079594138	
4.03333333333	0.0	0.0	0.0 	0.0 	128.4 	12.0 	0.0 	0.0 	0.0 	-0.0 	12.0 	0.0 	0.0 	0.0 	4.79894574348	-1.57	151.602562874	-5.67073224923	
4.05	0.0	0.0	0.0 	0.0 	128.6 	12.0 	0.0 	0.0 	0.0 	-0.0 	12.0 	0.0 	0.0 	0.0 	4.80341361585	-1.57	151.522506006	-5.67066849779	
4.06666666667	0.0	0.0	0.0 	0.0 	128.8 	12.0 	0.0 	0.0 	0.0 	-0.0 	12.0 	0.0 	0.0 	0.0 	4.80778220216	-1.57	151.442376328	-5.67060468837	
4.08333333333	0.0	0.0	0.0 	0.0 	129.0 	12.0 	0.0 	0.0 	0.0 	-0.0 	12.0 	0.0 	0.0 	0.0 	4.81205370878	-1.57	151.362175459	-5.67054082225	
4.1	0.0	0.0	0.0 	0.0 	129.2 	12.0 	0.0 	0.0 	0.0 	-0.0 	12.0 	0.0 	0.0 	0.0 	4.81623029303	-1.57	151.281904979	-5.67047690071	
4.11666666667	0.0	0.0	0.0 	0.0 	129.4 	12.0 	0.0 	0.0 	0.0 	-0.0 	12.0 	0.0 	0.0 	0.0 	4.8203140643	-1.57	151.201566437	-5.67041292496	
4.13333333333	0.0	0.0	0.0 	0.0 	129.6 	12.0 	0.0 	0.0 	0.0 	-0.0 	12.0 	0.0 	0.0 	0.0 	4.82430708509	-1.57	151.121161344	-5.67034889622	
4.15	0.0	0.0	0.0 	0.0 	129.8 	12.0 	0.0 	0.0 	0.0 	-0.0 	12.0 	0.0 	0.0 	0.0 	4.82821137209	-1.57	151.04069118	-5.67028481565	
4.16666666667	0.0	0.0	0.0 	0.0 	130.0 	12.0 	0.0 	0.0 	0.0 	-0.0 	12.0 	0.0 	0.0 	0.0 	4.83202889715	-1.57	150.960157391	-5.67022068443	
4.18333333333	0.0	0.0	0.0 	0.0 	130.2 	12.0 	0.0 	0.0 	0.0 	-0.0 	12.0 	0.0 	0.0 	0.0 	4.83576158833	-1.57	150.87956139	-5.67015650366	
4.2	0.0	0.0	0.0 	0.0 	130.4 	12.0 	0.0 	0.0 	0.0 	-0.0 	12.0 	0.0 	0.0 	0.0 	4.83941133081	-1.57	150.79890456	-5.67009227445	
4.21666666667	0.0	0.0	0.0 	0.0 	130.6 	12.0 	0.0 	0.0 	0.0 	-0.0 	12.0 	0.0 	0.0 	0.0 	4.8429799679	-1.57	150.718188253	-5.67002799788	
4.23333333333	0.0	0.0	0.0 	0.0 	130.8 	12.0 	0.0 	0.0 	0.0 	-0.0 	12.0 	0.0 	0.0 	0.0 	4.84646930195	-1.57	150.63741379	-5.66996367499	
4.25	0.0	0.0	0.0 	0.0 	131.0 	12.0 	0.0 	0.0 	0.0 	-0.0 	12.0 	0.0 	0.0 	0.0 	4.84988109524	-1.57	150.556582464	-5.66989930683	
4.26666666667	0.0	0.0	0.0 	0.0 	131.2 	12.0 	0.0 	0.0 	0.0 	-0.0 	12.0 	0.0 	0.0 	0.0 	4.8532170709	-1.57	150.475695539	-5.66983489439	
4.28333333333	0.0	0.0	0.0 	0.0 	131.4 	12.0 	0.0 	0.0 	0.0 	-0.0 	12.0 	0.0 	0.0 	0.0 	4.78299484868	-1.58446921108	150.395986409	-5.67092481601	
4.3	0.0	0.0	0.0 	0.0 	131.6 	12.0 	0.0 	0.0 	0.0 	-0.0 	12.0 	0.0 	0.0 	0.0 	4.71277262645	-1.59915085395	150.317471771	-5.67315165825	
4.31666666667	0.0	0.0	0.0 	0.0 	131.8 	12.0 	0.0 	0.0 	0.0 	-0.0 	12.0 	0.0 	0.0 	0.0 	4.64255040423	-1.61405125925	150.240168305	-5.67649750142	
4.33333333333	0.0	0.0	0.0 	0.0 	132.0 	12.0 	0.0 	0.0 	0.0 	-0.0 	12.0 	0.0 	0.0 	0.0 	4.57232818201	-1.62917704489	150.164092664	-5.68094390468	
4.35	0.0	0.0	0.0 	0.0 	132.2 	12.0 	0.0 	0.0 	0.0 	-0.0 	12.0 	0.0 	0.0 	0.0 	4.50210595979	-1.64453513369	150.08926147	-5.68647189054	
4.36666666667	0.0	0.0	0.0 	0.0 	132.4 	12.0 	0.0 	0.0 	0.0 	-0.0 	12.0 	0.0 	0.0 	0.0 	4.43188373757	-1.6601327724	150.015691303	-5.69306192886	
4.38333333333	0.0	0.0	0.0 	0.0 	132.6 	12.0 	0.0 	0.0 	0.0 	-0.0 	12.0 	0.0 	0.0 	0.0 	4.36166151534	-1.67597755227	149.943398686	-5.70069392017	
4.4	0.0	0.0	0.0 	0.0 	132.8 	12.0 	0.0 	0.0 	0.0 	-0.0 	12.0 	0.0 	0.0 	0.0 	4.29143929312	-1.69207743117	149.87240008	-5.70934717837	
4.41666666667	0.0	0.0	0.0 	0.0 	133.0 	12.0 	0.0 	0.0 	0.0 	-0.0 	12.0 	0.0 	0.0 	0.0 	4.2212170709	-1.70844075765	149.80271187	-5.71900041287	
4.43333333333	0.0	0.0	0.0 	0.0 	133.2 	12.0 	0.0 	0.0 	0.0 	-0.0 	12.0 	0.0 	0.0 	0.0 	4.15099484868	-1.72507629689	149.734350351	-5.72963170991	
4.45	0.0	0.0	0.0 	0.0 	133.4 	12.0 	0.0 	0.0 	0.0 	-0.0 	12.0 	0.0 	0.0 	0.0 	4.08077262645	-1.74199325892	149.667331716	-5.74121851326	
4.46666666667	0.0	0.0	0.0 	0.0 	133.6 	12.0 	0.0 	0.0 	0.0 	-0.0 	12.0 	0.0 	0.0 	0.0 	4.01055040423	-1.75920132922	149.60167204	-5.75373760416	
4.48333333333	0.0	0.0	0.0 	0.0 	133.8 	12.0 	0.0 	0.0 	0.0 	-0.0 	12.0 	0.0 	0.0 	0.0 	3.94032818201	-1.77671070203	149.537387264	-5.76716508046	
4.5	0.0	0.0	0.0 	0.0 	134.0 	12.0 	0.0 	0.0 	0.0 	-0.0 	12.0 	0.0 	0.0 	0.0 	3.87010595979	-1.79453211664	149.47449318	-5.78147633494	
4.51666666667	0.0	0.0	0.0 	0.0 	134.2 	12.0 	0.0 	0.0 	0.0 	-0.0 	12.0 	0.0 	0.0 	0.0 	3.79988373757	-1.8126768969	149.41300541	-5.79664603284	
4.53333333333	0.0	0.0	0.0 	0.0 	134.4 	12.0 	0.0 	0.0 	0.0 	-0.0 	12.0 	0.0 	0.0 	0.0 	3.72966151534	-1.83115699447	149.352939385	-5.81264808843	
4.55	0.0	0.0	0.0 	0.0 	134.6 	12.0 	0.0 	0.0 	0.0 	-0.0 	12.0 	0.0 	0.0 	0.0 	3.65943929312	-1.84998503608	149.29431033	-5.82945564074	
4.56666666667	0.0	0.0	0.0 	0.0 	134.8 	12.0 	0.0 	0.0 	0.0 	-0.0 	12.0 	0.0 	0.0 	0.0 	3.5892170709	-1.86917437538	149.237133231	-5.84704102828	
4.58333333333	0.0	0.0	0.0 	0.0 	135.0 	12.0 	0.0 	0.0 	0.0 	-0.0 	12.0 	0.0 	0.0 	0.0 	3.51899484868	-1.88873914977	149.18142282	-5.86537576275	
4.6	0.0	0.0	0.0 	0.0 	135.2 	12.0 	0.0 	0.0 	0.0 	-0.0 	12.0 	0.0 	0.0 	0.0 	3.44877262645	-1.90869434301	149.127193539	-5.88443050177	
4.61666666667	0.0	0.0	0.0 	0.0 	135.4 	12.0 	0.0 	0.0 	0.0 	-0.0 	12.0 	0.0 	0.0 	0.0 	3.37855040423	-1.92905585414	149.074459518	-5.90417502049	
4.63333333333	0.0	0.0	0.0 	0.0 	135.6 	12.0 	0.0 	0.0 	0.0 	-0.0 	12.0 	0.0 	0.0 	0.0 	3.30832818201	-1.94984057357	149.023234538	-5.92457818208	
4.65	0.0	0.0	0.0 	0.0 	135.8 	12.0 	0.0 	0.0 	0.0 	-0.0 	12.0 	0.0 	0.0 	0.0 	3.23810595979	-1.97106646724	148.973531999	-5.9456079071	
4.66666666667	0.0	0.0	0.0 	0.0 	136.0 	12.0 	0.0 	0.0 	0.0 	-0.0 	12.0 	0.0 	0.0 	0.0 	3.16788373757	-1.99275266994	148.925364882	-5.96723114163	
4.68333333333	0.0	0.0	0.0 	0.0 	136.2 	12.0 	0.0 	0.0 	0.0 	-0.0 	12.0 	0.0 	0.0 	0.0 	3.09766151534	-2.01491958895	148.878745711	-5.9894138242	
4.7	0.0	0.0	0.0 	0.0 	136.4 	12.0 	0.0 	0.0 	0.0 	-0.0 	12.0 	0.0 	0.0 	0.0 	3.02743929312	-2.03758901938	148.833686503	-6.01212085143	
4.71666666667	0.0	0.0	0.0 	0.0 	136.6 	12.0 	0.0 	0.0 	0.0 	-0.0 	12.0 	0.0 	0.0 	0.0 	2.9572170709	-2.060784273	148.790198727	-6.03531604242	
4.73333333333	0.0	0.0	0.0 	0.0 	136.8 	12.0 	0.0 	0.0 	0.0 	-0.0 	12.0 	0.0 	0.0 	0.0 	2.88699484868	-2.08453032225	148.748293247	-6.05896210172	
4.75	0.0	0.0	0.0 	0.0 	137.0 	12.0 	0.0 	0.0 	0.0 	-0.0 	12.0 	0.0 	0.0 	0.0 	2.81677262645	-2.10885396185	148.707980268	-6.08302058109	
4.76666666667	0.0	0.0	0.0 	0.0 	137.2 	12.0 	0.0 	0.0 	0.0 	-0.0 	12.0 	0.0 	0.0 	0.0 	2.74655040423	-2.13378399048	148.669269273	-6.10745183984	
4.78333333333	0.0	0.0	0.0 	0.0 	137.4 	12.0 	0.0 	0.0 	0.0 	-0.0 	12.0 	0.0 	0.0 	0.0 	2.67632818201	-2.15935141575	148.632168955	-6.1322150038	
4.8	0.0	0.0	0.0 	0.0 	137.6 	12.0 	0.0 	0.0 	0.0 	-0.0 	12.0 	0.0 	0.0 	0.0 	2.60610595979	-2.18558968604	148.596687141	-6.15726792307	
4.81666666667	0.0	0.0	0.0 	0.0 	137.8 	12.0 	0.0 	0.0 	0.0 	-0.0 	12.0 	0.0 	0.0 	0.0 	2.53588373757	-2.21253495354	148.562830716	-6.18256712843	
4.83333333333	0.0	0.0	0.0 	0.0 	138.0 	12.0 	0.0 	0.0 	0.0 	-0.0 	12.0 	0.0 	0.0 	0.0 	2.46566151534	-2.24022637377	148.530605528	-6.20806778655	
4.85	0.0	0.0	0.0 	0.0 	138.2 	12.0 	0.0 	0.0 	0.0 	-0.0 	12.0 	0.0 	0.0 	0.0 	2.39543929312	-2.26870644769	148.500016293	-6.23372365418	
4.86666666667	0.0	0.0	0.0 	0.0 	138.4 	12.0 	0.0 	0.0 	0.0 	-0.0 	12.0 	0.0 	0.0 	0.0 	2.3252170709	-2.29802141402	148.471066487	-6.25948703128	
4.88333333333	0.0	0.0	0.0 	0.0 	138.6 	12.0 	0.0 	0.0 	0.0 	-0.0 	12.0 	0.0 	0.0 	0.0 	2.25499484868	-2.32822170074	148.443758224	-6.28530871354	
4.9	0.0	0.0	0.0 	0.0 	138.8 	12.0 	0.0 	0.0 	0.0 	-0.0 	12.0 	0.0 	0.0 	0.0 	2.18477262645	-2.35936244692	148.418092129	-6.31113794442	
4.91666666667	0.0	0.0	0.0 	0.0 	139.0 	12.0 	0.0 	0.0 	0.0 	-0.0 	12.0 	0.0 	0.0 	0.0 	2.11455040423	-2.39150410842	148.394067187	-6.33692236711	
4.93333333333	0.0	0.0	0.0 	0.0 	139.2 	12.0 	0.0 	0.0 	0.0 	-0.0 	12.0 	0.0 	0.0 	0.0 	2.04432818201	-2.42471316416	148.371680585	-6.36260797701	
4.95	0.0	0.0	0.0 	0.0 	139.4 	12.0 	0.0 	0.0 	0.0 	-0.0 	12.0 	0.0 	0.0 	0.0 	1.97410595979	-2.45906294363	148.350927532	-6.38813907519	
4.96666666667	0.0	0.0	0.0 	0.0 	139.6 	12.0 	0.0 	0.0 	0.0 	-0.0 	12.0 	0.0 	0.0 	0.0 	1.90388373757	-2.49463460171	148.331801054	-6.41345822396	
4.98333333333	0.0	0.0	0.0 	0.0 	139.8 	12.0 	0.0 	0.0 	0.0 	-0.0 	12.0 	0.0 	0.0 	0.0 	1.83366151534	-2.53151827315	148.314291774	-6.43850620546	
5.0	0.0	0.0	0.0 	0.0 	140.0 	12.0 	0.0 	0.0 	0.0 	-0.0 	12.0 	0.0 	0.0 	0.0 	1.76343929312	-2.56981444811	148.298387659	-6.46322198477	
5.01666666667	0.0	0.0	0.0 	0.0 	140.2 	12.0 	0.0 	0.0 	0.0 	-0.0 	12.0 	0.0 	0.0 	0.0 	1.6932170709	-2.60963562171	148.284073741	-6.48754267958	
5.03333333333	0.0	0.0	0.0 	0.0 	140.4 	12.0 	0.0 	0.0 	0.0 	-0.0 	12.0 	0.0 	0.0 	0.0 	1.62299484868	-2.65110828545	148.271331792	-6.51140353866	
5.05	0.0	0.0	0.0 	0.0 	140.6 	12.0 	0.0 	0.0 	0.0 	-0.0 	12.0 	0.0 	0.0 	0.0 	1.55277262645	-2.6943753496	148.260139972	-6.5347379326	
5.06666666667	0.0	0.0	0.0 	0.0 	140.8 	12.0 	0.0 	0.0 	0.0 	-0.0 	12.0 	0.0 	0.0 	0.0 	1.48255040423	-2.73959911322	148.250472415	-6.55747736095	
5.08333333333	0.0	0.0	0.0 	0.0 	141.0 	12.0 	0.0 	0.0 	0.0 	-0.0 	12.0 	0.0 	0.0 	0.0 	1.41232818201	-2.7869649377	148.242298771	-6.57955148141	
5.1	0.0	0.0	0.0 	0.0 	141.2 	12.0 	0.0 	0.0 	0.0 	-0.0 	12.0 	0.0 	0.0 	0.0 	1.34210595979	-2.83668583339	148.235583672	-6.60088816855	
5.11666666667	0.0	0.0	0.0 	0.0 	141.4 	12.0 	0.0 	0.0 	0.0 	-0.0 	12.0 	0.0 	0.0 	0.0 	1.27188373757	-2.88900824632	148.230286123	-6.62141361196	
5.13333333333	0.0	0.0	0.0 	0.0 	141.6 	12.0 	0.0 	0.0 	0.0 	-0.0 	12.0 	0.0 	0.0 	0.0 	1.20166151534	-2.94421944224	148.226358809	-6.64105246741	
5.15	0.0	0.0	0.0 	0.0 	141.8 	12.0 	0.0 	0.0 	0.0 	-0.0 	12.0 	0.0 	0.0 	0.0 	1.13143929312	-3.00265704827	148.223747276	-6.65972807914	
5.16666666667	0.0	0.0	0.0 	0.0 	142.0 	12.0 	0.0 	0.0 	0.0 	-0.0 	12.0 	0.0 	0.0 	0.0 	1.0612170709	-3.05573691104	148.222230615	-6.67734988325	
5.18333333333	0.0	0.0	0.0 	0.0 	142.2 	12.0 	0.0 	0.0 	0.0 	-0.0 	12.0 	0.0 	0.0 	0.0 	0.990994848676	-3.09701799479	148.221494638	-6.69385005838	
5.2	0.0	0.0	0.0 	0.0 	142.4 	12.0 	0.0 	0.0 	0.0 	-0.0 	12.0 	0.0 	0.0 	0.0 	0.920772626454	-3.12841054797	148.221292348	-6.7091949355	
5.21666666667	0.0	0.0	0.0 	0.0 	142.6 	12.0 	0.0 	0.0 	0.0 	-0.0 	12.0 	0.0 	0.0 	0.0 	0.850550404232	-3.15150259301	148.221432827	-6.72337007949	
5.23333333333	0.0	0.0	0.0 	0.0 	142.8 	12.0 	0.0 	0.0 	0.0 	-0.0 	12.0 	0.0 	0.0 	0.0 	0.78032818201	-3.16761387569	148.221771207	-6.73637114641	
5.25	0.0	0.0	0.0 	0.0 	143.0 	12.0 	0.0 	0.0 	0.0 	-0.0 	12.0 	0.0 	0.0 	0.0 	0.710105959788	-3.17784089935	148.222200115	-6.74819847132	
5.26666666667	0.0	0.0	0.0 	0.0 	143.2 	12.0 	0.0 	0.0 	0.0 	-0.0 	12.0 	0.0 	0.0 	0.0 	0.639883737565	-3.18309448667	148.222642594	-6.75885401712	
5.28333333333	0.0	0.0	0.0 	0.0 	143.4 	12.0 	0.0 	0.0 	0.0 	-0.0 	12.0 	0.0 	0.0 	0.0 	0.569661515343	-3.18413109194	148.223046347	-6.76833978689	
5.3	0.0	0.0	0.0 	0.0 	143.6 	12.0 	0.0 	0.0 	0.0 	-0.0 	12.0 	0.0 	0.0 	0.0 	0.499439293121	-3.18157889527	148.223379104	-6.77665712139	
5.31666666667	0.0	0.0	0.0 	0.0 	143.8 	12.0 	0.0 	0.0 	0.0 	-0.0 	12.0 	0.0 	0.0 	0.0 	0.429217070899	-3.17595954546	148.223624903	-6.78380651514	
5.33333333333	0.0	0.0	0.0 	0.0 	144.0 	12.0 	0.0 	0.0 	0.0 	-0.0 	12.0 	0.0 	0.0 	0.0 	0.358994848676	-3.16770627762	148.223781129	-6.78978772268	
5.35	0.0	0.0	0.0 	0.0 	144.2 	12.0 	0.0 	0.0 	0.0 	-0.0 	12.0 	0.0 	0.0 	0.0 	0.288772626454	-3.15717901265	148.223856142	-6.7946000152	
5.36666666667	0.0	0.0	0.0 	0.0 	144.4 	12.0 	0.0 	0.0 	0.0 	-0.0 	12.0 	0.0 	0.0 	0.0 	0.218550404232	-3.14467694527	148.223867376	-6.79824250461	
5.38333333333	0.0	0.0	0.0 	0.0 	144.6 	12.0 	0.0 	0.0 	0.0 	-0.0 	12.0 	0.0 	0.0 	0.0 	0.14832818201	-3.13044904273	148.223839828	-6.80071448748	
5.4	0.0	0.0	0.0 	0.0 	144.8 	12.0 	0.0 	0.0 	0.0 	-0.0 	12.0 	0.0 	0.0 	0.0 	0.0781059597875	-3.11470280588	148.223804828	-6.80201578288	
5.41666666667	0.0	0.0	0.0 	0.0 	145.0 	12.0 	0.0 	0.0 	0.0 	-0.0 	12.0 	0.0 	0.0 	0.0 	0.00788373756532	-3.09761158461	148.223799051	-6.80214705144	
5.43333333333	0.0	0.0	0.0 	0.0 	145.2 	12.0 	0.0 	0.0 	0.0 	-0.0 	12.0 	0.0 	0.0 	0.0 	0.118819654508	-3.07932069053	148.223675812	-6.8041235406	
5.45	0.0	0.0	0.0 	0.0 	145.4 	12.0 	0.0 	0.0 	0.0 	-0.0 	12.0 	0.0 	0.0 	0.0 	0.227290328853	-3.0640782788	148.223382468	-6.80790033787	
5.46666666667	0.0	0.0	0.0 	0.0 	145.6 	12.0 	0.0 	0.0 	0.0 	-0.0 	12.0 	0.0 	0.0 	0.0 	0.333350543767	-3.05137626902	148.22288192	-6.81343358611	
5.48333333333	0.0	0.0	0.0 	0.0 	145.8 	12.0 	0.0 	0.0 	0.0 	-0.0 	12.0 	0.0 	0.0 	0.0 	0.437053865017	-3.04079126088	148.222148902	-6.82068084127	
5.5	0.0	0.0	0.0 	0.0 	146.0 	12.0 	0.0 	0.0 	0.0 	-0.0 	12.0 	0.0 	0.0 	0.0 	0.538452668016	-3.03197042075	148.221167098	-6.82960118468	
5.51666666667	0.0	0.0	0.0 	0.0 	146.2 	12.0 	0.0 	0.0 	0.0 	-0.0 	12.0 	0.0 	0.0 	0.0 	0.637598164283	-3.02461972065	148.219926902	-6.84015520325	
5.53333333333	0.0	0.0	0.0 	0.0 	146.4 	12.0 	0.0 	0.0 	0.0 	-0.0 	12.0 	0.0 	0.0 	0.0 	0.734540427298	-3.01849413723	148.218423691	-6.85230490518	
5.55	0.0	0.0	0.0 	0.0 	146.6 	12.0 	0.0 	0.0 	0.0 	-0.0 	12.0 	0.0 	0.0 	0.0 	0.829328417803	-3.01338948438	148.216656499	-6.86601361026	
5.56666666667	0.0	0.0	0.0 	0.0 	146.8 	12.0 	0.0 	0.0 	0.0 	-0.0 	12.0 	0.0 	0.0 	0.0 	0.922010008518	-3.00913560701	148.214627	-6.88124583617	
5.58333333333	0.0	0.0	0.0 	0.0 	147.0 	12.0 	0.0 	0.0 	0.0 	-0.0 	12.0 	0.0 	0.0 	0.0 	1.01263200833	-3.0055907092	148.212338738	-6.89796719194	
5.6	0.0	0.0	0.0 	0.0 	147.2 	12.0 	0.0 	0.0 	0.0 	-0.0 	12.0 	0.0 	0.0 	0.0 	1.10124018592	-3.00263662769	148.209796538	-6.9161442833	
5.61666666667	0.0	0.0	0.0 	0.0 	147.4 	12.0 	0.0 	0.0 	0.0 	-0.0 	12.0 	0.0 	0.0 	0.0 	1.1878792929	-3.0001748931	148.207006074	-6.93574463141	
5.63333333333	0.0	0.0	0.0 	0.0 	147.6 	12.0 	0.0 	0.0 	0.0 	-0.0 	12.0 	0.0 	0.0 	0.0 	1.27259308639	-2.9981234476	148.203973537	-6.95673660444	
5.65	0.0	0.0	0.0 	0.0 	147.8 	12.0 	0.0 	0.0 	0.0 	-0.0 	12.0 	0.0 	0.0 	0.0 	1.35542435114	-2.99641390969	148.200705399	-6.97908936065	
5.66666666667	0.0	0.0	0.0 	0.0 	148.0 	12.0 	0.0 	0.0 	0.0 	-0.0 	12.0 	0.0 	0.0 	0.0 	1.43641492111	-2.99498929477	148.197208236	-7.00277280135	
5.68333333333	0.0	0.0	0.0 	0.0 	148.2 	12.0 	0.0 	0.0 	0.0 	-0.0 	12.0 	0.0 	0.0 	0.0 	1.51560570064	-2.99380211566	148.193488609	-7.02775753207	
5.7	0.0	0.0	0.0 	0.0 	148.4 	12.0 	0.0 	0.0 	0.0 	-0.0 	12.0 	0.0 	0.0 	0.0 	1.59303668507	-2.99281279974	148.18955297	-7.05401483034	
5.71666666667	0.0	0.0	0.0 	0.0 	148.6 	12.0 	0.0 	0.0 	0.0 	-0.0 	12.0 	0.0 	0.0 	0.0 	1.66874698096	-2.99198836981	148.185407612	-7.08151661874	
5.73333333333	0.0	0.0	0.0 	0.0 	148.8 	12.0 	0.0 	0.0 	0.0 	-0.0 	12.0 	0.0 	0.0 	0.0 	1.74277482583	-2.99130134486	148.181058629	-7.11023544211	
5.75	0.0	0.0	0.0 	0.0 	149.0 	12.0 	0.0 	0.0 	0.0 	-0.0 	12.0 	0.0 	0.0 	0.0 	1.81515760748	-2.99072882407	148.176511895	-7.14014444807	
5.76666666667	0.0	0.0	0.0 	0.0 	149.2 	12.0 	0.0 	0.0 	0.0 	-0.0 	12.0 	0.0 	0.0 	0.0 	1.88593188287	-2.99025172342	148.171773055	-7.1712173699	
5.78333333333	0.0	0.0	0.0 	0.0 	149.4 	12.0 	0.0 	0.0 	0.0 	-0.0 	12.0 	0.0 	0.0 	0.0 	1.95513339658	-2.98985413954	148.166847523	-7.20342851141	
5.8	0.0	0.0	0.0 	0.0 	149.6 	12.0 	0.0 	0.0 	0.0 	-0.0 	12.0 	0.0 	0.0 	0.0 	2.02279709888	-2.98952281964	148.161740486	-7.23675273321	
5.81666666667	0.0	0.0	0.0 	0.0 	149.8 	12.0 	0.0 	0.0 	0.0 	-0.0 	12.0 	0.0 	0.0 	0.0 	2.08895716335	-2.98924671972	148.156456911	-7.2711654401	
5.83333333333	0.0	0.0	0.0 	0.0 	150.0 	12.0 	0.0 	0.0 	0.0 	-0.0 	12.0 	0.0 	0.0 	0.0 	2.15364700416	-2.98901663646	148.151001553	-7.30664256923	
5.85	0.0	0.0	0.0 	0.0 	150.2 	12.0 	0.0 	0.0 	0.0 	-0.0 	12.0 	0.0 	0.0 	0.0 	2.21689929296	-2.9888249004	148.145378971	-7.34316057893	
5.86666666667	0.0	0.0	0.0 	0.0 	150.4 	12.0 	0.0 	0.0 	0.0 	-0.0 	12.0 	0.0 	0.0 	0.0 	2.27874597534	-2.98866512036	148.139593533	-7.38069643798	
5.88333333333	0.0	0.0	0.0 	0.0 	150.6 	12.0 	0.0 	0.0 	0.0 	-0.0 	12.0 	0.0 	0.0 	0.0 	2.339218287	-2.98853197032	148.133649434	-7.41922761527	
5.9	0.0	0.0	0.0 	0.0 	150.8 	12.0 	0.0 	0.0 	0.0 	-0.0 	12.0 	0.0 	0.0 	0.0 	2.39834676951	-2.98842101196	148.127550701	-7.45873206968	
5.91666666667	0.0	0.0	0.0 	0.0 	151.0 	12.0 	0.0 	0.0 	0.0 	-0.0 	12.0 	0.0 	0.0 	0.0 	2.45616128574	-2.98832854666	148.121301212	-7.49918824026	
5.93333333333	0.0	0.0	0.0 	0.0 	151.2 	12.0 	0.0 	0.0 	0.0 	-0.0 	12.0 	0.0 	0.0 	0.0 	2.51269103495	-2.98825149224	148.114904699	-7.54057503658	
5.95	0.0	0.0	0.0 	0.0 	151.4 	12.0 	0.0 	0.0 	0.0 	-0.0 	12.0 	0.0 	0.0 	0.0 	2.5679645675	-2.98818728022	148.108364762	-7.58287182917	
5.96666666667	0.0	0.0	0.0 	0.0 	151.6 	12.0 	0.0 	0.0 	0.0 	-0.0 	12.0 	0.0 	0.0 	0.0 	2.62200979934	-2.98813377021	148.101684874	-7.62605844019	
5.98333333333	0.0	0.0	0.0 	0.0 	151.8 	12.0 	0.0 	0.0 	0.0 	-0.0 	12.0 	0.0 	0.0 	0.0 	2.67485402602	-2.98808917853	148.094868394	-7.67011513424	
6.0	0.0	0.0	0.0 	0.0 	152.0 	12.0 	0.0 	0.0 	0.0 	-0.0 	12.0 	0.0 	0.0 	0.0 	2.72652393655	-2.9880520188	148.087918573	-7.71502260919	
6.01666666667	0.0	0.0	0.0 	0.0 	152.2 	12.0 	0.0 	0.0 	0.0 	-0.0 	12.0 	0.0 	0.0 	0.0 	2.77704562685	-2.98802105235	148.080838556	-7.76076198728	
6.03333333333	0.0	0.0	0.0 	0.0 	152.4 	12.0 	0.0 	0.0 	0.0 	-0.0 	12.0 	0.0 	0.0 	0.0 	2.82644461292	-2.98799524698	148.073631397	-7.80731480626	
6.05	0.0	0.0	0.0 	0.0 	152.6 	12.0 	0.0 	0.0 	0.0 	-0.0 	12.0 	0.0 	0.0 	0.0 	2.87474584374	-2.98797374251	148.066300057	-7.85466301067	
6.06666666667	0.0	0.0	0.0 	0.0 	152.8 	12.0 	0.0 	0.0 	0.0 	-0.0 	12.0 	0.0 	0.0 	0.0 	2.92197371388	-2.98795582211	148.05884741	-7.90278894329	
6.08333333333	0.0	0.0	0.0 	0.0 	153.0 	12.0 	0.0 	0.0 	0.0 	-0.0 	12.0 	0.0 	0.0 	0.0 	2.9681520758	-2.98794088845	148.051276253	-7.95167533669	
6.1	0.0	0.0	0.0 	0.0 	153.2 	12.0 	0.0 	0.0 	0.0 	-0.0 	12.0 	0.0 	0.0 	0.0 	3.01330425189	-2.98792844373	148.043589305	-8.00130530489	
6.11666666667	0.0	0.0	0.0 	0.0 	153.4 	12.0 	0.0 	0.0 	0.0 	-0.0 	12.0 	0.0 	0.0 	0.0 	3.05745304629	-2.98791807313	148.03578921	-8.05166233526	
6.13333333333	0.0	0.0	0.0 	0.0 	153.6 	12.0 	0.0 	0.0 	0.0 	-0.0 	12.0 	0.0 	0.0 	0.0 	3.10062075638	-2.98790943097	148.027878546	-8.10273028044	
6.15	0.0	0.0	0.0 	0.0 	153.8 	12.0 	0.0 	0.0 	0.0 	-0.0 	12.0 	0.0 	0.0 	0.0 	3.14282918401	-2.98790222916	148.019859822	-8.1544933505	
6.16666666667	0.0	0.0	0.0 	0.0 	154.0 	12.0 	0.0 	0.0 	0.0 	-0.0 	12.0 	0.0 	0.0 	0.0 	3.18409964659	-2.98789622766	148.011735485	-8.20693610517	
6.18333333333	0.0	0.0	0.0 	0.0 	154.2 	12.0 	0.0 	0.0 	0.0 	-0.0 	12.0 	0.0 	0.0 	0.0 	3.22445298778	-2.98789122641	148.003507919	-8.26004344624	
6.2	0.0	0.0	0.0 	0.0 	154.4 	12.0 	0.0 	0.0 	0.0 	-0.0 	12.0 	0.0 	0.0 	0.0 	3.26390958805	-2.98788705869	147.995179451	-8.31380061016	
6.21666666667	0.0	0.0	0.0 	0.0 	154.6 	12.0 	0.0 	0.0 	0.0 	-0.0 	12.0 	0.0 	0.0 	0.0 	3.30248937498	-2.9878835856	147.98675235	-8.36819316067	
6.23333333333	0.0	0.0	0.0 	0.0 	154.8 	12.0 	0.0 	0.0 	0.0 	-0.0 	12.0 	0.0 	0.0 	0.0 	3.34021183331	-2.98788069136	147.978228832	-8.42320698169	
6.25	0.0	0.0	0.0 	0.0 	155.0 	12.0 	0.0 	0.0 	0.0 	-0.0 	12.0 	0.0 	0.0 	0.0 	3.3770960148	-2.98787827949	147.96961106	-8.47882827027	
6.26666666667	0.0	0.0	0.0 	0.0 	155.2 	12.0 	0.0 	0.0 	0.0 	-0.0 	12.0 	0.0 	0.0 	0.0 	3.4131605478	-2.9878762696	147.960901143	-8.53504352973	
6.28333333333	0.0	0.0	0.0 	0.0 	155.4 	12.0 	0.0 	0.0 	0.0 	-0.0 	12.0 	0.0 	0.0 	0.0 	3.44842364674	-2.98787459469	147.952101146	-8.5918395629	
6.3	0.0	0.0	0.0 	0.0 	155.6 	12.0 	0.0 	0.0 	0.0 	-0.0 	12.0 	0.0 	0.0 	0.0 	3.48290312125	-2.98787319893	147.94321308	-8.64920346558	
6.31666666667	0.0	0.0	0.0 	0.0 	155.8 	12.0 	0.0 	0.0 	0.0 	-0.0 	12.0 	0.0 	0.0 	0.0 	3.51661638523	-2.9878720358	147.934238913	-8.70712262	
6.33333333333	0.0	0.0	0.0 	0.0 	156.0 	12.0 	0.0 	0.0 	0.0 	-0.0 	12.0 	0.0 	0.0 	0.0 	3.54958046556	-2.98787106652	147.925180568	-8.76558468856	
6.35	0.0	0.0	0.0 	0.0 	156.2 	12.0 	0.0 	0.0 	0.0 	-0.0 	12.0 	0.0 	0.0 	0.0 	3.58181201077	-2.98787025879	147.916039922	-8.82457760764	
6.36666666667	0.0	0.0	0.0 	0.0 	156.4 	12.0 	0.0 	0.0 	0.0 	-0.0 	12.0 	0.0 	0.0 	0.0 	3.61332729941	-2.98786958568	147.90681881	-8.88408958149	
6.38333333333	0.0	0.0	0.0 	0.0 	156.6 	12.0 	0.0 	0.0 	0.0 	-0.0 	12.0 	0.0 	0.0 	0.0 	3.64414224832	-2.98786902476	147.897519026	-8.94410907637	
6.4	0.0	0.0	0.0 	0.0 	156.8 	12.0 	0.0 	0.0 	0.0 	-0.0 	12.0 	0.0 	0.0 	0.0 	3.67427242058	-2.98786855732	147.888142321	-9.00462481471	
6.41666666667	0.0	0.0	0.0 	0.0 	157.0 	12.0 	0.0 	0.0 	0.0 	-0.0 	12.0 	0.0 	0.0 	0.0 	3.70373303345	-2.98786816779	147.87869041	-9.06562576944	
6.43333333333	0.0	0.0	0.0 	0.0 	157.2 	12.0 	0.0 	0.0 	0.0 	-0.0 	12.0 	0.0 	0.0 	0.0 	3.73253896604	-2.98786784318	147.869164966	-9.12710115846	
6.45	0.0	0.0	0.0 	0.0 	157.4 	12.0 	0.0 	0.0 	0.0 	-0.0 	12.0 	0.0 	0.0 	0.0 	3.7607047668	-2.98786757267	147.859567626	-9.18904043919	
6.46666666667	0.0	0.0	0.0 	0.0 	157.6 	12.0 	0.0 	0.0 	0.0 	-0.0 	12.0 	0.0 	0.0 	0.0 	3.78824466087	-2.98786734725	147.84989999	-9.25143330325	
6.48333333333	0.0	0.0	0.0 	0.0 	157.8 	12.0 	0.0 	0.0 	0.0 	-0.0 	12.0 	0.0 	0.0 	0.0 	3.81517255729	-2.9878671594	147.840163623	-9.31426967132	
6.5	0.0	0.0	0.0 	0.0 	158.0 	12.0 	0.0 	0.0 	0.0 	-0.0 	12.0 	0.0 	0.0 	0.0 	3.84150205602	-2.98786700286	147.830360052	-9.37753968797	
6.51666666667	0.0	0.0	0.0 	0.0 	158.2 	12.0 	0.0 	0.0 	0.0 	-0.0 	12.0 	0.0 	0.0 	0.0 	3.86724645478	-2.9878668724	147.820490772	-9.44123371679	
6.53333333333	0.0	0.0	0.0 	0.0 	158.4 	12.0 	0.0 	0.0 	0.0 	-0.0 	12.0 	0.0 	0.0 	0.0 	3.89241875578	-2.98786676369	147.810557246	-9.50534233546	
6.55	0.0	0.0	0.0 	0.0 	158.6 	12.0 	0.0 	0.0 	0.0 	-0.0 	12.0 	0.0 	0.0 	0.0 	3.91703167232	-2.9878666731	147.800560901	-9.56985633099	
6.56666666667	0.0	0.0	0.0 	0.0 	158.8 	12.0 	0.0 	0.0 	0.0 	-0.0 	12.0 	0.0 	0.0 	0.0 	3.94109763516	-2.98786659761	147.790503134	-9.63476669515	
6.58333333333	0.0	0.0	0.0 	0.0 	159.0 	12.0 	0.0 	0.0 	0.0 	-0.0 	12.0 	0.0 	0.0 	0.0 	3.96462879882	-2.98786653469	147.780385311	-9.70006461984	
6.6	0.0	0.0	0.0 	0.0 	159.2 	12.0 	0.0 	0.0 	0.0 	-0.0 	12.0 	0.0 	0.0 	0.0 	3.98763704773	-2.98786648227	147.770208767	-9.76574149269	
6.61666666667	0.0	0.0	0.0 	0.0 	159.4 	12.0 	0.0 	0.0 	0.0 	-0.0 	12.0 	0.0 	0.0 	0.0 	4.01013400223	-2.98786643858	147.759974807	-9.8317888927	
6.63333333333	0.0	0.0	0.0 	0.0 	159.6 	12.0 	0.0 	0.0 	0.0 	-0.0 	12.0 	0.0 	0.0 	0.0 	4.0321310244	-2.98786640217	147.749684708	-9.898198586	
6.65	0.0	0.0	0.0 	0.0 	159.8 	12.0 	0.0 	0.0 	0.0 	-0.0 	12.0 	0.0 	0.0 	0.0 	4.05363922386	-2.98786637183	147.739339718	-9.96496252167	
6.66666666667	0.0	0.0	0.0 	0.0 	160.0 	12.0 	0.0 	0.0 	0.0 	-0.0 	12.0 	0.0 	0.0 	0.0 	4.07466946333	-2.98786634655	147.728941056	-10.0320728277	
6.68333333333	0.0	0.0	0.0 	0.0 	160.2 	12.0 	0.0 	0.0 	0.0 	-0.0 	12.0 	0.0 	0.0 	0.0 	4.09523236414	-2.98786632548	147.718489916	-10.099521807	
6.7	0.0	0.0	0.0 	0.0 	160.4 	12.0 	0.0 	0.0 	0.0 	-0.0 	12.0 	0.0 	0.0 	0.0 	4.11533831161	-2.98786630792	147.707987464	-10.1673019336	
6.71666666667	0.0	0.0	0.0 	0.0 	160.6 	12.0 	0.0 	0.0 	0.0 	-0.0 	12.0 	0.0 	0.0 	0.0 	4.13499746024	-2.98786629329	147.69743484	-10.2354058485	
6.73333333333	0.0	0.0	0.0 	0.0 	160.8 	12.0 	0.0 	0.0 	0.0 	-0.0 	12.0 	0.0 	0.0 	0.0 	4.1542197389	-2.9878662811	147.686833159	-10.3038263567	
6.75	0.0	0.0	0.0 	0.0 	161.0 	12.0 	0.0 	0.0 	0.0 	-0.0 	12.0 	0.0 	0.0 	0.0 	4.17301485581	-2.98786627094	147.676183512	-10.3725564226	
6.76666666667	0.0	0.0	0.0 	0.0 	161.2 	12.0 	0.0 	0.0 	0.0 	-0.0 	12.0 	0.0 	0.0 	0.0 	4.19139230346	-2.98786626247	147.665486965	-10.4415891672	
6.78333333333	0.0	0.0	0.0 	0.0 	161.4 	12.0 	0.0 	0.0 	0.0 	-0.0 	12.0 	0.0 	0.0 	0.0 	4.20936136338	-2.98786625542	147.654744559	-10.5109178644	
6.8	0.0	0.0	0.0 	0.0 	161.6 	12.0 	0.0 	0.0 	0.0 	-0.0 	12.0 	0.0 	0.0 	0.0 	4.22693111087	-2.98786624954	147.643957315	-10.5805359374	
6.81666666667	0.0	0.0	0.0 	0.0 	161.8 	12.0 	0.0 	0.0 	0.0 	-0.0 	12.0 	0.0 	0.0 	0.0 	4.24411041951	-2.98786624464	147.633126228	-10.6504369557	
6.83333333333	0.0	0.0	0.0 	0.0 	162.0 	12.0 	0.0 	0.0 	0.0 	-0.0 	12.0 	0.0 	0.0 	0.0 	4.26090796575	-2.98786624055	147.622252274	-10.7206146315	
6.85	0.0	0.0	0.0 	0.0 	162.2 	12.0 	0.0 	0.0 	0.0 	-0.0 	12.0 	0.0 	0.0 	0.0 	4.27733223317	-2.98786623715	147.611336404	-10.7910628171	
6.86666666667	0.0	0.0	0.0 	0.0 	162.4 	12.0 	0.0 	0.0 	0.0 	-0.0 	12.0 	0.0 	0.0 	0.0 	4.29339151688	-2.98786623432	147.60037955	-10.8617755009	
6.88333333333	0.0	0.0	0.0 	0.0 	162.6 	12.0 	0.0 	0.0 	0.0 	-0.0 	12.0 	0.0 	0.0 	0.0 	4.30909392762	-2.98786623195	147.589382622	-10.9327468054	
6.9	0.0	0.0	0.0 	0.0 	162.8 	12.0 	0.0 	0.0 	0.0 	-0.0 	12.0 	0.0 	0.0 	0.0 	4.32444739589	-2.98786622998	147.578346512	-11.0039709833	
6.91666666667	0.0	0.0	0.0 	0.0 	163.0 	12.0 	0.0 	0.0 	0.0 	-0.0 	12.0 	0.0 	0.0 	0.0 	4.33945967598	-2.98786622834	147.567272091	-11.0754424153	
6.93333333333	0.0	0.0	0.0 	0.0 	163.2 	12.0 	0.0 	0.0 	0.0 	-0.0 	12.0 	0.0 	0.0 	0.0 	4.35413834985	-2.98786622698	147.556160209	-11.1471556069	
6.95	0.0	0.0	0.0 	0.0 	163.4 	12.0 	0.0 	0.0 	0.0 	-0.0 	12.0 	0.0 	0.0 	0.0 	4.36849083096	-2.98786622584	147.545011698	-11.2191051856	
6.96666666667	0.0	0.0	0.0 	0.0 	163.6 	12.0 	0.0 	0.0 	0.0 	-0.0 	12.0 	0.0 	0.0 	0.0 	4.38252436805	-2.98786622489	147.533827374	-11.2912858983	
6.98333333333	0.0	0.0	0.0 	0.0 	163.8 	12.0 	0.0 	0.0 	0.0 	-0.0 	12.0 	0.0 	0.0 	0.0 	4.39624604876	-2.98786622409	147.522608032	-11.3636926088	
7.0	0.0	0.0	0.0 	0.0 	164.0 	12.0 	0.0 	0.0 	0.0 	-0.0 	12.0 	0.0 	0.0 	0.0 	4.40966280324	-2.98786622344	147.511354449	-11.4363202948	
7.01666666667	0.0	0.0	0.0 	0.0 	164.2 	12.0 	0.0 	0.0 	0.0 	-0.0 	12.0 	0.0 	0.0 	0.0 	4.42278140761	-2.98786622289	147.500067388	-11.5091640459	
7.03333333333	0.0	0.0	0.0 	0.0 	164.4 	12.0 	0.0 	0.0 	0.0 	-0.0 	12.0 	0.0 	0.0 	0.0 	4.43560848744	-2.98786622243	147.488747591	-11.5822190606	
7.05	0.0	0.0	0.0 	0.0 	164.6 	12.0 	0.0 	0.0 	0.0 	-0.0 	12.0 	0.0 	0.0 	0.0 	4.44815052105	-2.98786622205	147.477395787	-11.655480644	
7.06666666667	0.0	0.0	0.0 	0.0 	164.8 	12.0 	0.0 	0.0 	0.0 	-0.0 	12.0 	0.0 	0.0 	0.0 	4.46041384281	-2.98786622173	147.466012686	-11.7289442059	
7.08333333333	0.0	0.0	0.0 	0.0 	165.0 	12.0 	0.0 	0.0 	0.0 	-0.0 	12.0 	0.0 	0.0 	0.0 	4.4724046463	-2.98786622146	147.454598985	-11.8026052578	
7.1	0.0	0.0	0.0 	0.0 	165.2 	12.0 	0.0 	0.0 	0.0 	-0.0 	12.0 	0.0 	0.0 	0.0 	4.48412898749	-2.98786622124	147.443155362	-11.876459411	
7.11666666667	0.0	0.0	0.0 	0.0 	165.4 	12.0 	0.0 	0.0 	0.0 	-0.0 	12.0 	0.0 	0.0 	0.0 	4.49559278777	-2.98786622106	147.431682484	-11.9505023744	
7.13333333333	0.0	0.0	0.0 	0.0 	165.6 	12.0 	0.0 	0.0 	0.0 	-0.0 	12.0 	0.0 	0.0 	0.0 	4.50680183693	-2.9878662209	147.420181	-12.0247299522	
7.15	0.0	0.0	0.0 	0.0 	165.8 	12.0 	0.0 	0.0 	0.0 	-0.0 	12.0 	0.0 	0.0 	0.0 	4.51776179611	-2.98786622078	147.408651546	-12.0991380418	
7.16666666667	0.0	0.0	0.0 	0.0 	166.0 	12.0 	0.0 	0.0 	0.0 	-0.0 	12.0 	0.0 	0.0 	0.0 	4.52847820064	-2.98786622067	147.397094743	-12.173722632	
7.18333333333	0.0	0.0	0.0 	0.0 	166.2 	12.0 	0.0 	0.0 	0.0 	-0.0 	12.0 	0.0 	0.0 	0.0 	4.53895646285	-2.98786622058	147.385511199	-12.2484798004	
7.2	0.0	0.0	0.0 	0.0 	166.4 	12.0 	0.0 	0.0 	0.0 	-0.0 	12.0 	0.0 	0.0 	0.0 	4.54920187479	-2.98786622051	147.373901509	-12.323405712	
7.21666666667	0.0	0.0	0.0 	0.0 	166.6 	12.0 	0.0 	0.0 	0.0 	-0.0 	12.0 	0.0 	0.0 	0.0 	4.5592196109	-2.98786622045	147.362266253	-12.398496617	
7.23333333333	0.0	0.0	0.0 	0.0 	166.8 	12.0 	0.0 	0.0 	0.0 	-0.0 	12.0 	0.0 	0.0 	0.0 	4.56901473066	-2.98786622039	147.350606	-12.4737488488	
7.25	0.0	0.0	0.0 	0.0 	167.0 	12.0 	0.0 	0.0 	0.0 	-0.0 	12.0 	0.0 	0.0 	0.0 	4.57859218109	-2.98786622035	147.338921305	-12.5491588223	
7.26666666667	0.0	0.0	0.0 	0.0 	167.2 	12.0 	0.0 	0.0 	0.0 	-0.0 	12.0 	0.0 	0.0 	0.0 	4.58795679929	-2.98786622032	147.327212711	-12.6247230323	
7.28333333333	0.0	0.0	0.0 	0.0 	167.4 	12.0 	0.0 	0.0 	0.0 	-0.0 	12.0 	0.0 	0.0 	0.0 	4.59711331486	-2.98786622029	147.315480749	-12.7004380512	
7.3	0.0	0.0	0.0 	0.0 	167.6 	12.0 	0.0 	0.0 	0.0 	-0.0 	12.0 	0.0 	0.0 	0.0 	4.60606635231	-2.98786622026	147.303725939	-12.7763005277	
7.31666666667	0.0	0.0	0.0 	0.0 	167.8 	12.0 	0.0 	0.0 	0.0 	-0.0 	12.0 	0.0 	0.0 	0.0 	4.61482043337	-2.98786622024	147.291948789	-12.852307185	
7.33333333333	0.0	0.0	0.0 	0.0 	168.0 	12.0 	0.0 	0.0 	0.0 	-0.0 	12.0 	0.0 	0.0 	0.0 	4.62337997929	-2.98786622022	147.280149794	-12.9284548191	
7.35	0.0	0.0	0.0 	0.0 	168.2 	12.0 	0.0 	0.0 	0.0 	-0.0 	12.0 	0.0 	0.0 	0.0 	4.63174931309	-2.98786622021	147.26832944	-13.0047402971	
7.36666666667	0.0	0.0	0.0 	0.0 	168.4 	12.0 	0.0 	0.0 	0.0 	-0.0 	12.0 	0.0 	0.0 	0.0 	4.63993266168	-2.9878662202	147.256488203	-13.0811605558	
7.38333333333	0.0	0.0	0.0 	0.0 	168.6 	12.0 	0.0 	0.0 	0.0 	-0.0 	12.0 	0.0 	0.0 	0.0 	4.64793415809	-2.98786622019	147.244626545	-13.1577126002	
7.4	0.0	0.0	0.0 	0.0 	168.8 	12.0 	0.0 	0.0 	0.0 	-0.0 	12.0 	0.0 	0.0 	0.0 	4.65575784347	-2.98786622018	147.232744921	-13.2343935017	
7.41666666667	0.0	0.0	0.0 	0.0 	169.0 	12.0 	0.0 	0.0 	0.0 	-0.0 	12.0 	0.0 	0.0 	0.0 	4.66340766917	-2.98786622017	147.220843774	-13.3112003967	
7.43333333333	0.0	0.0	0.0 	0.0 	169.2 	12.0 	0.0 	0.0 	0.0 	-0.0 	12.0 	0.0 	0.0 	0.0 	4.67088749874	-2.98786622017	147.208923539	-13.3881304854	
7.45	0.0	0.0	0.0 	0.0 	169.4 	12.0 	0.0 	0.0 	0.0 	-0.0 	12.0 	0.0 	0.0 	0.0 	4.67820110988	-2.98786622016	147.196984639	-13.4651810302	
7.46666666667	0.0	0.0	0.0 	0.0 	169.6 	12.0 	0.0 	0.0 	0.0 	-0.0 	12.0 	0.0 	0.0 	0.0 	4.68535219633	-2.98786622016	147.185027489	-13.5423493543	
7.48333333333	0.0	0.0	0.0 	0.0 	169.8 	12.0 	0.0 	0.0 	0.0 	-0.0 	12.0 	0.0 	0.0 	0.0 	4.69234436974	-2.98786622015	147.173052495	-13.6196328403	
7.5	0.0	0.0	0.0 	0.0 	170.0 	12.0 	0.0 	0.0 	0.0 	-0.0 	12.0 	0.0 	0.0 	0.0 	4.69918116153	-2.98786622015	147.161060054	-13.6970289291	
7.51666666667	0.0	0.0	0.0 	0.0 	170.2 	12.0 	0.0 	0.0 	0.0 	-0.0 	12.0 	0.0 	0.0 	0.0 	4.7058660246	-2.98786622015	147.149050552	-13.7745351185	
7.53333333333	0.0	0.0	0.0 	0.0 	170.4 	12.0 	0.0 	0.0 	0.0 	-0.0 	12.0 	0.0 	0.0 	0.0 	4.71240233517	-2.98786622015	147.13702437	-13.8521489616	
7.55	0.0	0.0	0.0 	0.0 	170.6 	12.0 	0.0 	0.0 	0.0 	-0.0 	12.0 	0.0 	0.0 	0.0 	4.71879339439	-2.98786622015	147.124981877	-13.9298680663	
7.56666666667	0.0	0.0	0.0 	0.0 	170.8 	12.0 	0.0 	0.0 	0.0 	-0.0 	12.0 	0.0 	0.0 	0.0 	4.72504243007	-2.98786622014	147.112923437	-14.0076900934	
7.58333333333	0.0	0.0	0.0 	0.0 	171.0 	12.0 	0.0 	0.0 	0.0 	-0.0 	12.0 	0.0 	0.0 	0.0 	4.73115259829	-2.98786622014	147.100849403	-14.0856127557	
7.6	0.0	0.0	0.0 	0.0 	171.2 	12.0 	0.0 	0.0 	0.0 	-0.0 	12.0 	0.0 	0.0 	0.0 	4.73712698499	-2.98786622014	147.088760123	-14.1636338169	
7.61666666667	0.0	0.0	0.0 	0.0 	171.4 	12.0 	0.0 	0.0 	0.0 	-0.0 	12.0 	0.0 	0.0 	0.0 	4.74296860755	-2.98786622014	147.076655935	-14.2417510903	
7.63333333333	0.0	0.0	0.0 	0.0 	171.6 	12.0 	0.0 	0.0 	0.0 	-0.0 	12.0 	0.0 	0.0 	0.0 	4.74868041627	-2.98786622014	147.064537169	-14.3199624379	
7.65	0.0	0.0	0.0 	0.0 	171.8 	12.0 	0.0 	0.0 	0.0 	-0.0 	12.0 	0.0 	0.0 	0.0 	4.75426529591	-2.98786622014	147.052404152	-14.3982657691	
7.66666666667	0.0	0.0	0.0 	0.0 	172.0 	12.0 	0.0 	0.0 	0.0 	-0.0 	12.0 	0.0 	0.0 	0.0 	4.75972606711	-2.98786622014	147.040257198	-14.4766590399	
7.68333333333	0.0	0.0	0.0 	0.0 	172.2 	12.0 	0.0 	0.0 	0.0 	-0.0 	12.0 	0.0 	0.0 	0.0 	4.76506548784	-2.98786622014	147.028096618	-14.5551402517	
7.7	0.0	0.0	0.0 	0.0 	172.4 	12.0 	0.0 	0.0 	0.0 	-0.0 	12.0 	0.0 	0.0 	0.0 	4.77028625478	-2.98786622014	147.015922714	-14.6337074501	
7.71666666667	0.0	0.0	0.0 	0.0 	172.6 	12.0 	0.0 	0.0 	0.0 	-0.0 	12.0 	0.0 	0.0 	0.0 	4.77539100467	-2.98786622014	147.003735783	-14.7123587243	
7.73333333333	0.0	0.0	0.0 	0.0 	172.8 	12.0 	0.0 	0.0 	0.0 	-0.0 	12.0 	0.0 	0.0 	0.0 	4.78038231568	-2.98786622014	146.991536113	-14.7910922061	
7.75	0.0	0.0	0.0 	0.0 	173.0 	12.0 	0.0 	0.0 	0.0 	-0.0 	12.0 	0.0 	0.0 	0.0 	4.78526270866	-2.98786622014	146.979323989	-14.8699060685	
7.76666666667	0.0	0.0	0.0 	0.0 	173.2 	12.0 	0.0 	0.0 	0.0 	-0.0 	12.0 	0.0 	0.0 	0.0 	4.79003464847	-2.98786622014	146.967099687	-14.9487985254	
7.78333333333	0.0	0.0	0.0 	0.0 	173.4 	12.0 	0.0 	0.0 	0.0 	-0.0 	12.0 	0.0 	0.0 	0.0 	4.79470054517	-2.98786622014	146.954863477	-15.0277678301	
7.8	0.0	0.0	0.0 	0.0 	173.6 	12.0 	0.0 	0.0 	0.0 	-0.0 	12.0 	0.0 	0.0 	0.0 	4.79926275528	-2.98786622014	146.942615625	-15.106812275	
7.81666666667	0.0	0.0	0.0 	0.0 	173.8 	12.0 	0.0 	0.0 	0.0 	-0.0 	12.0 	0.0 	0.0 	0.0 	4.80372358294	-2.98786622014	146.930356388	-15.1859301903	
7.83333333333	0.0	0.0	0.0 	0.0 	174.0 	12.0 	0.0 	0.0 	0.0 	-0.0 	12.0 	0.0 	0.0 	0.0 	4.8080852811	-2.98786622014	146.91808602	-15.2651199433	
7.85	0.0	0.0	0.0 	0.0 	174.2 	12.0 	0.0 	0.0 	0.0 	-0.0 	12.0 	0.0 	0.0 	0.0 	4.81235005263	-2.98786622014	146.905804768	-15.3443799376	
7.86666666667	0.0	0.0	0.0 	0.0 	174.4 	12.0 	0.0 	0.0 	0.0 	-0.0 	12.0 	0.0 	0.0 	0.0 	4.81652005146	-2.98786622014	146.893512874	-15.4237086123	
7.88333333333	0.0	0.0	0.0 	0.0 	174.6 	12.0 	0.0 	0.0 	0.0 	-0.0 	12.0 	0.0 	0.0 	0.0 	4.82059738365	-2.98786622014	146.881210575	-15.5031044412	
7.9	0.0	0.0	0.0 	0.0 	174.8 	12.0 	0.0 	0.0 	0.0 	-0.0 	12.0 	0.0 	0.0 	0.0 	4.82458410846	-2.98786622014	146.868898102	-15.5825659319	
7.91666666667	0.0	0.0	0.0 	0.0 	175.0 	12.0 	0.0 	0.0 	0.0 	-0.0 	12.0 	0.0 	0.0 	0.0 	4.82848223938	-2.98786622014	146.85657568	-15.6620916253	
7.93333333333	0.0	0.0	0.0 	0.0 	175.2 	12.0 	0.0 	0.0 	0.0 	-0.0 	12.0 	0.0 	0.0 	0.0 	4.83229374517	-2.98786622014	146.844243532	-15.7416800946	
7.95	0.0	0.0	0.0 	0.0 	175.4 	12.0 	0.0 	0.0 	0.0 	-0.0 	12.0 	0.0 	0.0 	0.0 	4.83602055083	-2.98786622014	146.831901872	-15.8213299449	
7.96666666667	0.0	0.0	0.0 	0.0 	175.6 	12.0 	0.0 	0.0 	0.0 	-0.0 	12.0 	0.0 	0.0 	0.0 	4.83966453859	-2.98786622014	146.819550913	-15.9010398122	
7.98333333333	0.0	0.0	0.0 	0.0 	175.8 	12.0 	0.0 	0.0 	0.0 	-0.0 	12.0 	0.0 	0.0 	0.0 	4.84322754885	-2.98786622014	146.807190861	-15.9808083626	
8.0	0.0	0.0	0.0 	0.0 	176.0 	12.0 	0.0 	0.0 	0.0 	-0.0 	12.0 	0.0 	0.0 	0.0 	4.84671138109	-2.98786622014	146.794821918	-16.0606342922	
8.01666666667	0.0	0.0	0.0 	0.0 	176.2 	12.0 	0.0 	0.0 	0.0 	-0.0 	12.0 	0.0 	0.0 	0.0 	4.85011779485	-2.98786622014	146.782444282	-16.1405163258	
8.03333333333	0.0	0.0	0.0 	0.0 	176.4 	12.0 	0.0 	0.0 	0.0 	-0.0 	12.0 	0.0 	0.0 	0.0 	4.85344851052	-2.98786622014	146.770058146	-16.2204532168	
8.05	0.0	0.0	0.0 	0.0 	176.6 	12.0 	0.0 	0.0 	0.0 	-0.0 	12.0 	0.0 	0.0 	0.0 	4.85670521028	-2.98786622014	146.757663699	-16.3004437459	
8.06666666667	0.0	0.0	0.0 	0.0 	176.8 	12.0 	0.0 	0.0 	0.0 	-0.0 	12.0 	0.0 	0.0 	0.0 	4.85988953894	-2.98786622014	146.745261125	-16.3804867214	
8.08333333333	0.0	0.0	0.0 	0.0 	177.0 	12.0 	0.0 	0.0 	0.0 	-0.0 	12.0 	0.0 	0.0 	0.0 	4.86300310474	-2.98786622014	146.732850605	-16.4605809777	
8.1	0.0	0.0	0.0 	0.0 	177.2 	12.0 	0.0 	0.0 	0.0 	-0.0 	12.0 	0.0 	0.0 	0.0 	4.8660474802	-2.98786622014	146.720432316	-16.5407253752	
8.11666666667	0.0	0.0	0.0 	0.0 	177.4 	12.0 	0.0 	0.0 	0.0 	-0.0 	12.0 	0.0 	0.0 	0.0 	4.86902420286	-2.98786622014	146.70800643	-16.6209187997	
8.13333333333	0.0	0.0	0.0 	0.0 	177.6 	12.0 	0.0 	0.0 	0.0 	-0.0 	12.0 	0.0 	0.0 	0.0 	4.87193477613	-2.98786622014	146.695573117	-16.7011601616	
8.15	0.0	0.0	0.0 	0.0 	177.8 	12.0 	0.0 	0.0 	0.0 	-0.0 	12.0 	0.0 	0.0 	0.0 	4.87478066999	-2.98786622014	146.68313254	-16.7814483959	
8.16666666667	0.0	0.0	0.0 	0.0 	178.0 	12.0 	0.0 	0.0 	0.0 	-0.0 	12.0 	0.0 	0.0 	0.0 	4.87756332177	-2.98786622014	146.670684862	-16.8617824607	
8.18333333333	0.0	0.0	0.0 	0.0 	178.2 	12.0 	0.0 	0.0 	0.0 	-0.0 	12.0 	0.0 	0.0 	0.0 	4.88028413684	-2.98786622014	146.658230241	-16.9421613377	
8.2	0.0	0.0	0.0 	0.0 	178.4 	12.0 	0.0 	0.0 	0.0 	-0.0 	12.0 	0.0 	0.0 	0.0 	4.88294448936	-2.98786622014	146.64576883	-17.022584031	
8.21666666667	0.0	0.0	0.0 	0.0 	178.6 	12.0 	0.0 	0.0 	0.0 	-0.0 	12.0 	0.0 	0.0 	0.0 	4.88554572293	-2.98786622014	146.633300781	-17.1030495669	
8.23333333333	0.0	0.0	0.0 	0.0 	178.8 	12.0 	0.0 	0.0 	0.0 	-0.0 	12.0 	0.0 	0.0 	0.0 	4.8880891513	-2.98786622014	146.620826241	-17.1835569934	
8.25	0.0	0.0	0.0 	0.0 	179.0 	12.0 	0.0 	0.0 	0.0 	-0.0 	12.0 	0.0 	0.0 	0.0 	4.89057605905	-2.98786622014	146.608345354	-17.2641053796	
8.26666666667	0.0	0.0	0.0 	0.0 	179.2 	12.0 	0.0 	0.0 	0.0 	-0.0 	12.0 	0.0 	0.0 	0.0 	4.89300770219	-2.98786622014	146.595858262	-17.3446938153	
8.28333333333	0.0	0.0	0.0 	0.0 	179.4 	12.0 	0.0 	0.0 	0.0 	-0.0 	12.0 	0.0 	0.0 	0.0 	4.8953853088	-2.98786622014	146.583365102	-17.4253214104	
8.3	0.0	0.0	0.0 	0.0 	179.6 	12.0 	0.0 	0.0 	0.0 	-0.0 	12.0 	0.0 	0.0 	0.0 	4.89771007972	-2.98786622014	146.570866009	-17.5059872948	
8.31666666667	0.0	0.0	0.0 	0.0 	179.8 	12.0 	0.0 	0.0 	0.0 	-0.0 	12.0 	0.0 	0.0 	0.0 	4.89998318906	-2.98786622014	146.558361115	-17.5866906176	
8.33333333333	0.0	0.0	0.0 	0.0 	180.0 	12.0 	0.0 	0.0 	0.0 	-0.0 	12.0 	0.0 	0.0 	0.0 	4.90220578486	-2.98786622014	146.545850549	-17.6674305468	
8.35	0.0	0.0	0.0 	0.0 	180.2 	12.0 	0.0 	0.0 	0.0 	-0.0 	12.0 	0.0 	0.0 	0.0 	4.90437898964	-2.98786622014	146.533334437	-17.748206269	
8.36666666667	0.0	0.0	0.0 	0.0 	180.4 	12.0 	0.0 	0.0 	0.0 	-0.0 	12.0 	0.0 	0.0 	0.0 	4.90650390098	-2.98786622014	146.520812902	-17.8290169887	
8.38333333333	0.0	0.0	0.0 	0.0 	180.6 	12.0 	0.0 	0.0 	0.0 	-0.0 	12.0 	0.0 	0.0 	0.0 	4.90858159207	-2.98786622014	146.508286064	-17.9098619282	
8.4	0.0	0.0	0.0 	0.0 	180.8 	12.0 	0.0 	0.0 	0.0 	-0.0 	12.0 	0.0 	0.0 	0.0 	4.91061311225	-2.98786622014	146.495754042	-17.9907403271	
8.41666666667	0.0	0.0	0.0 	0.0 	181.0 	12.0 	0.0 	0.0 	0.0 	-0.0 	12.0 	0.0 	0.0 	0.0 	4.91259948753	-2.98786622014	146.483216951	-18.0716514419	
8.43333333333	0.0	0.0	0.0 	0.0 	181.2 	12.0 	0.0 	0.0 	0.0 	-0.0 	12.0 	0.0 	0.0 	0.0 	4.91454172114	-2.98786622014	146.470674904	-18.1525945455	
8.45	0.0	0.0	0.0 	0.0 	181.4 	12.0 	0.0 	0.0 	0.0 	-0.0 	12.0 	0.0 	0.0 	0.0 	4.916440794	-2.98786622014	146.458128009	-18.233568927	
8.46666666667	0.0	0.0	0.0 	0.0 	181.6 	12.0 	0.0 	0.0 	0.0 	-0.0 	12.0 	0.0 	0.0 	0.0 	4.91829766525	-2.98786622014	146.445576376	-18.3145738915	
8.48333333333	0.0	0.0	0.0 	0.0 	181.8 	12.0 	0.0 	0.0 	0.0 	-0.0 	12.0 	0.0 	0.0 	0.0 	4.92011327269	-2.98786622014	146.43302011	-18.3956087592	
8.5	0.0	0.0	0.0 	0.0 	182.0 	12.0 	0.0 	0.0 	0.0 	-0.0 	12.0 	0.0 	0.0 	0.0 	4.92188853329	-2.98786622014	146.420459313	-18.4766728657	
8.51666666667	0.0	0.0	0.0 	0.0 	182.2 	12.0 	0.0 	0.0 	0.0 	-0.0 	12.0 	0.0 	0.0 	0.0 	4.92362434366	-2.98786622014	146.407894086	-18.5577655612	
8.53333333333	0.0	0.0	0.0 	0.0 	182.4 	12.0 	0.0 	0.0 	0.0 	-0.0 	12.0 	0.0 	0.0 	0.0 	4.92532158047	-2.98786622014	146.395324528	-18.6388862104	
8.55	0.0	0.0	0.0 	0.0 	182.6 	12.0 	0.0 	0.0 	0.0 	-0.0 	12.0 	0.0 	0.0 	0.0 	4.92698110091	-2.98786622014	146.382750734	-18.7200341921	
8.56666666667	0.0	0.0	0.0 	0.0 	182.8 	12.0 	0.0 	0.0 	0.0 	-0.0 	12.0 	0.0 	0.0 	0.0 	4.92860374311	-2.98786622014	146.3701728	-18.8012088989	
8.58333333333	0.0	0.0	0.0 	0.0 	183.0 	12.0 	0.0 	0.0 	0.0 	-0.0 	12.0 	0.0 	0.0 	0.0 	4.93019032659	-2.98786622014	146.357590816	-18.8824097369	
8.6	0.0	0.0	0.0 	0.0 	183.2 	12.0 	0.0 	0.0 	0.0 	-0.0 	12.0 	0.0 	0.0 	0.0 	4.93174165267	-2.98786622014	146.345004874	-18.9636361255	
8.61666666667	0.0	0.0	0.0 	0.0 	183.4 	12.0 	0.0 	0.0 	0.0 	-0.0 	12.0 	0.0 	0.0 	0.0 	4.93325850483	-2.98786622014	146.33241506	-19.0448874968	
8.63333333333	0.0	0.0	0.0 	0.0 	183.6 	12.0 	0.0 	0.0 	0.0 	-0.0 	12.0 	0.0 	0.0 	0.0 	4.93474164917	-2.98786622014	146.319821462	-19.1261632957	
8.65	0.0	0.0	0.0 	0.0 	183.8 	12.0 	0.0 	0.0 	0.0 	-0.0 	12.0 	0.0 	0.0 	0.0 	4.93619183474	-2.98786622014	146.307224162	-19.2074629793	
8.66666666667	0.0	0.0	0.0 	0.0 	184.0 	12.0 	0.0 	0.0 	0.0 	-0.0 	12.0 	0.0 	0.0 	0.0 	4.93760979397	-2.98786622014	146.294623244	-19.2887860168	
8.68333333333	0.0	0.0	0.0 	0.0 	184.2 	12.0 	0.0 	0.0 	0.0 	-0.0 	12.0 	0.0 	0.0 	0.0 	4.93899624299	-2.98786622014	146.282018788	-19.3701318894	
8.7	0.0	0.0	0.0 	0.0 	184.4 	12.0 	0.0 	0.0 	0.0 	-0.0 	12.0 	0.0 	0.0 	0.0 	4.94035188204	-2.98786622014	146.269410872	-19.4515000895	
8.71666666667	0.0	0.0	0.0 	0.0 	184.6 	12.0 	0.0 	0.0 	0.0 	-0.0 	12.0 	0.0 	0.0 	0.0 	4.94167739577	-2.98786622014	146.256799573	-19.532890121	
8.73333333333	0.0	0.0	0.0 	0.0 	184.8 	12.0 	0.0 	0.0 	0.0 	-0.0 	12.0 	0.0 	0.0 	0.0 	4.94297345364	-2.98786622014	146.244184967	-19.6143014987	
8.75	0.0	0.0	0.0 	0.0 	185.0 	12.0 	0.0 	0.0 	0.0 	-0.0 	12.0 	0.0 	0.0 	0.0 	4.94424071023	-2.98786622014	146.231567126	-19.6957337482	
8.76666666667	0.0	0.0	0.0 	0.0 	185.2 	12.0 	0.0 	0.0 	0.0 	-0.0 	12.0 	0.0 	0.0 	0.0 	4.94547980556	-2.98786622014	146.218946124	-19.7771864059	
8.78333333333	0.0	0.0	0.0 	0.0 	185.4 	12.0 	0.0 	0.0 	0.0 	-0.0 	12.0 	0.0 	0.0 	0.0 	4.94669136543	-2.98786622014	146.206322029	-19.858659018	
8.8	0.0	0.0	0.0 	0.0 	185.6 	12.0 	0.0 	0.0 	0.0 	-0.0 	12.0 	0.0 	0.0 	0.0 	4.94787600176	-2.98786622014	146.193694912	-19.9401511413	
8.81666666667	0.0	0.0	0.0 	0.0 	185.8 	12.0 	0.0 	0.0 	0.0 	-0.0 	12.0 	0.0 	0.0 	0.0 	4.94903431283	-2.98786622014	146.181064838	-20.0216623421	
8.83333333333	0.0	0.0	0.0 	0.0 	186.0 	12.0 	0.0 	0.0 	0.0 	-0.0 	12.0 	0.0 	0.0 	0.0 	4.95016688366	-2.98786622014	146.168431874	-20.1031921965	
8.85	0.0	0.0	0.0 	0.0 	186.2 	12.0 	0.0 	0.0 	0.0 	-0.0 	12.0 	0.0 	0.0 	0.0 	4.95127428624	-2.98786622014	146.155796083	-20.1847402899	
8.86666666667	0.0	0.0	0.0 	0.0 	186.4 	12.0 	0.0 	0.0 	0.0 	-0.0 	12.0 	0.0 	0.0 	0.0 	4.95235707988	-2.98786622014	146.14315753	-20.2663062171	
8.88333333333	0.0	0.0	0.0 	0.0 	186.6 	12.0 	0.0 	0.0 	0.0 	-0.0 	12.0 	0.0 	0.0 	0.0 	4.95341581144	-2.98786622014	146.130516274	-20.3478895817	
8.9	0.0	0.0	0.0 	0.0 	186.8 	12.0 	0.0 	0.0 	0.0 	-0.0 	12.0 	0.0 	0.0 	0.0 	4.95445101563	-2.98786622014	146.117872377	-20.4294899962	
8.91666666667	0.0	0.0	0.0 	0.0 	187.0 	12.0 	0.0 	0.0 	0.0 	-0.0 	12.0 	0.0 	0.0 	0.0 	4.95546321528	-2.98786622014	146.105225896	-20.5111070818	
8.93333333333	0.0	0.0	0.0 	0.0 	187.2 	12.0 	0.0 	0.0 	0.0 	-0.0 	12.0 	0.0 	0.0 	0.0 	4.95645292161	-2.98786622014	146.09257689	-20.592740468	
8.95	0.0	0.0	0.0 	0.0 	187.4 	12.0 	0.0 	0.0 	0.0 	-0.0 	12.0 	0.0 	0.0 	0.0 	4.95742063446	-2.98786622014	146.079925414	-20.6743897926	
8.96666666667	0.0	0.0	0.0 	0.0 	187.6 	12.0 	0.0 	0.0 	0.0 	-0.0 	12.0 	0.0 	0.0 	0.0 	4.95836684258	-2.98786622014	146.067271523	-20.7560547013	
8.98333333333	0.0	0.0	0.0 	0.0 	187.8 	12.0 	0.0 	0.0 	0.0 	-0.0 	12.0 	0.0 	0.0 	0.0 	4.95929202386	-2.98786622014	146.054615272	-20.8377348478	
9.0	0.0	0.0	0.0 	0.0 	188.0 	12.0 	0.0 	0.0 	0.0 	-0.0 	12.0 	0.0 	0.0 	0.0 	4.96019664555	-2.98786622014	146.041956711	-20.9194298936	
9.01666666667	0.0	0.0	0.0 	0.0 	188.2 	12.0 	0.0 	0.0 	0.0 	-0.0 	12.0 	0.0 	0.0 	0.0 	4.96108116454	-2.98786622014	146.029295893	-21.0011395075	
9.03333333333	0.0	0.0	0.0 	0.0 	188.4 	12.0 	0.0 	0.0 	0.0 	-0.0 	12.0 	0.0 	0.0 	0.0 	4.96194602755	-2.98786622014	146.016632869	-21.0828633658	
9.05	0.0	0.0	0.0 	0.0 	188.6 	12.0 	0.0 	0.0 	0.0 	-0.0 	12.0 	0.0 	0.0 	0.0 	4.96279167138	-2.98786622014	146.003967686	-21.164601152	
9.06666666667	0.0	0.0	0.0 	0.0 	188.8 	12.0 	0.0 	0.0 	0.0 	-0.0 	12.0 	0.0 	0.0 	0.0 	4.96361852313	-2.98786622014	145.991300392	-21.2463525565	
9.08333333333	0.0	0.0	0.0 	0.0 	189.0 	12.0 	0.0 	0.0 	0.0 	-0.0 	12.0 	0.0 	0.0 	0.0 	4.96442700039	-2.98786622014	145.978631036	-21.3281172768	
9.1	0.0	0.0	0.0 	0.0 	189.2 	12.0 	0.0 	0.0 	0.0 	-0.0 	12.0 	0.0 	0.0 	0.0 	4.9652175115	-2.98786622014	145.965959662	-21.4098950168	
9.11666666667	0.0	0.0	0.0 	0.0 	189.4 	12.0 	0.0 	0.0 	0.0 	-0.0 	12.0 	0.0 	0.0 	0.0 	4.96599045568	-2.98786622014	145.953286316	-21.4916854874	
9.13333333333	0.0	0.0	0.0 	0.0 	189.6 	12.0 	0.0 	0.0 	0.0 	-0.0 	12.0 	0.0 	0.0 	0.0 	4.96674622334	-2.98786622014	145.940611041	-21.5734884055	
9.15	0.0	0.0	0.0 	0.0 	189.8 	12.0 	0.0 	0.0 	0.0 	-0.0 	12.0 	0.0 	0.0 	0.0 	4.96748519615	-2.98786622014	145.92793388	-21.6553034946	
9.16666666667	0.0	0.0	0.0 	0.0 	190.0 	12.0 	0.0 	0.0 	0.0 	-0.0 	12.0 	0.0 	0.0 	0.0 	4.96820774735	-2.98786622014	145.915254875	-21.7371304842	
9.18333333333	0.0	0.0	0.0 	0.0 	190.2 	12.0 	0.0 	0.0 	0.0 	-0.0 	12.0 	0.0 	0.0 	0.0 	4.96891424185	-2.98786622014	145.902574067	-21.8189691099	
9.2	0.0	0.0	0.0 	0.0 	190.4 	12.0 	0.0 	0.0 	0.0 	-0.0 	12.0 	0.0 	0.0 	0.0 	4.96960503648	-2.98786622014	145.889891496	-21.900819113	
9.21666666667	0.0	0.0	0.0 	0.0 	190.6 	12.0 	0.0 	0.0 	0.0 	-0.0 	12.0 	0.0 	0.0 	0.0 	4.97028048011	-2.98786622014	145.877207202	-21.9826802408	
9.23333333333	0.0	0.0	0.0 	0.0 	190.8 	12.0 	0.0 	0.0 	0.0 	-0.0 	12.0 	0.0 	0.0 	0.0 	4.97094091389	-2.98786622014	145.864521221	-22.0645522459	
9.25	0.0	0.0	0.0 	0.0 	191.0 	12.0 	0.0 	0.0 	0.0 	-0.0 	12.0 	0.0 	0.0 	0.0 	4.97158667136	-2.98786622014	145.851833593	-22.1464348868	
9.26666666667	0.0	0.0	0.0 	0.0 	191.2 	12.0 	0.0 	0.0 	0.0 	-0.0 	12.0 	0.0 	0.0 	0.0 	4.97221807866	-2.98786622014	145.839144354	-22.2283279271	
9.28333333333	0.0	0.0	0.0 	0.0 	191.4 	12.0 	0.0 	0.0 	0.0 	-0.0 	12.0 	0.0 	0.0 	0.0 	4.97283545469	-2.98786622014	145.826453539	-22.3102311356	
9.3	0.0	0.0	0.0 	0.0 	191.6 	12.0 	0.0 	0.0 	0.0 	-0.0 	12.0 	0.0 	0.0 	0.0 	4.97343911125	-2.98786622014	145.813761183	-22.3921442864	
9.31666666667	0.0	0.0	0.0 	0.0 	191.8 	12.0 	0.0 	0.0 	0.0 	-0.0 	12.0 	0.0 	0.0 	0.0 	4.97402935322	-2.98786622014	145.801067322	-22.4740671586	
9.33333333333	0.0	0.0	0.0 	0.0 	192.0 	12.0 	0.0 	0.0 	0.0 	-0.0 	12.0 	0.0 	0.0 	0.0 	4.97460647871	-2.98786622014	145.788371987	-22.5559995361	
9.35	0.0	0.0	0.0 	0.0 	192.2 	12.0 	0.0 	0.0 	0.0 	-0.0 	12.0 	0.0 	0.0 	0.0 	4.97517077918	-2.98786622014	145.775675212	-22.6379412077	
9.36666666667	0.0	0.0	0.0 	0.0 	192.4 	12.0 	0.0 	0.0 	0.0 	-0.0 	12.0 	0.0 	0.0 	0.0 	4.97572253964	-2.98786622014	145.762977029	-22.7198919668	
9.38333333333	0.0	0.0	0.0 	0.0 	192.6 	12.0 	0.0 	0.0 	0.0 	-0.0 	12.0 	0.0 	0.0 	0.0 	4.97626203876	-2.98786622014	145.750277469	-22.8018516116	
9.4	0.0	0.0	0.0 	0.0 	192.8 	12.0 	0.0 	0.0 	0.0 	-0.0 	12.0 	0.0 	0.0 	0.0 	4.97678954901	-2.98786622014	145.737576564	-22.8838199445	
9.41666666667	0.0	0.0	0.0 	0.0 	193.0 	12.0 	0.0 	0.0 	0.0 	-0.0 	12.0 	0.0 	0.0 	0.0 	4.97730533681	-2.98786622014	145.724874341	-22.9657967726	
9.43333333333	0.0	0.0	0.0 	0.0 	193.2 	12.0 	0.0 	0.0 	0.0 	-0.0 	12.0 	0.0 	0.0 	0.0 	4.97780966266	-2.98786622014	145.712170832	-23.0477819069	
9.45	0.0	0.0	0.0 	0.0 	193.4 	12.0 	0.0 	0.0 	0.0 	-0.0 	12.0 	0.0 	0.0 	0.0 	4.97830278127	-2.98786622014	145.699466064	-23.1297751629	
9.46666666667	0.0	0.0	0.0 	0.0 	193.6 	12.0 	0.0 	0.0 	0.0 	-0.0 	12.0 	0.0 	0.0 	0.0 	4.97878494168	-2.98786622014	145.686760066	-23.2117763602	
9.48333333333	0.0	0.0	0.0 	0.0 	193.8 	12.0 	0.0 	0.0 	0.0 	-0.0 	12.0 	0.0 	0.0 	0.0 	4.97925638742	-2.98786622014	145.674052865	-23.2937853223	
9.5	0.0	0.0	0.0 	0.0 	194.0 	12.0 	0.0 	0.0 	0.0 	-0.0 	12.0 	0.0 	0.0 	0.0 	4.97971735659	-2.98786622014	145.661344487	-23.3758018766	
9.51666666667	0.0	0.0	0.0 	0.0 	194.2 	12.0 	0.0 	0.0 	0.0 	-0.0 	12.0 	0.0 	0.0 	0.0 	4.980168082	-2.98786622014	145.648634959	-23.4578258544	
9.53333333333	0.0	0.0	0.0 	0.0 	194.4 	12.0 	0.0 	0.0 	0.0 	-0.0 	12.0 	0.0 	0.0 	0.0 	4.98060879129	-2.98786622014	145.635924306	-23.5398570907	
9.55	0.0	0.0	0.0 	0.0 	194.6 	12.0 	0.0 	0.0 	0.0 	-0.0 	12.0 	0.0 	0.0 	0.0 	4.98103970704	-2.98786622014	145.623212553	-23.6218954242	
9.56666666667	0.0	0.0	0.0 	0.0 	194.8 	12.0 	0.0 	0.0 	0.0 	-0.0 	12.0 	0.0 	0.0 	0.0 	4.98146104688	-2.98786622014	145.610499726	-23.7039406973	
9.58333333333	0.0	0.0	0.0 	0.0 	195.0 	12.0 	0.0 	0.0 	0.0 	-0.0 	12.0 	0.0 	0.0 	0.0 	4.98187302362	-2.98786622014	145.597785847	-23.7859927557	
9.6	0.0	0.0	0.0 	0.0 	195.2 	12.0 	0.0 	0.0 	0.0 	-0.0 	12.0 	0.0 	0.0 	0.0 	4.98227584532	-2.98786622014	145.585070939	-23.8680514486	
9.61666666667	0.0	0.0	0.0 	0.0 	195.4 	12.0 	0.0 	0.0 	0.0 	-0.0 	12.0 	0.0 	0.0 	0.0 	4.98266971542	-2.98786622014	145.572355027	-23.9501166286	
9.63333333333	0.0	0.0	0.0 	0.0 	195.6 	12.0 	0.0 	0.0 	0.0 	-0.0 	12.0 	0.0 	0.0 	0.0 	4.98305483286	-2.98786622014	145.559638132	-24.0321881515	
9.65	0.0	0.0	0.0 	0.0 	195.8 	12.0 	0.0 	0.0 	0.0 	-0.0 	12.0 	0.0 	0.0 	0.0 	4.98343139213	-2.98786622014	145.546920276	-24.1142658764	
9.66666666667	0.0	0.0	0.0 	0.0 	196.0 	12.0 	0.0 	0.0 	0.0 	-0.0 	12.0 	0.0 	0.0 	0.0 	4.98379958341	-2.98786622014	145.53420148	-24.1963496654	
9.68333333333	0.0	0.0	0.0 	0.0 	196.2 	12.0 	0.0 	0.0 	0.0 	-0.0 	12.0 	0.0 	0.0 	0.0 	4.98415959267	-2.98786622014	145.521481766	-24.2784393839	
9.7	0.0	0.0	0.0 	0.0 	196.4 	12.0 	0.0 	0.0 	0.0 	-0.0 	12.0 	0.0 	0.0 	0.0 	4.98451160172	-2.98786622014	145.508761153	-24.3605349	
9.71666666667	0.0	0.0	0.0 	0.0 	196.6 	12.0 	0.0 	0.0 	0.0 	-0.0 	12.0 	0.0 	0.0 	0.0 	4.98485578835	-2.98786622014	145.496039662	-24.4426360849	
9.73333333333	0.0	0.0	0.0 	0.0 	196.8 	12.0 	0.0 	0.0 	0.0 	-0.0 	12.0 	0.0 	0.0 	0.0 	4.98519232639	-2.98786622014	145.483317312	-24.5247428126	
9.75	0.0	0.0	0.0 	0.0 	197.0 	12.0 	0.0 	0.0 	0.0 	-0.0 	12.0 	0.0 	0.0 	0.0 	4.9855213858	-2.98786622014	145.470594122	-24.6068549599	
9.76666666667	0.0	0.0	0.0 	0.0 	197.2 	12.0 	0.0 	0.0 	0.0 	-0.0 	12.0 	0.0 	0.0 	0.0 	4.98584313278	-2.98786622014	145.457870111	-24.6889724065	
9.78333333333	0.0	0.0	0.0 	0.0 	197.4 	12.0 	0.0 	0.0 	0.0 	-0.0 	12.0 	0.0 	0.0 	0.0 	4.98615772983	-2.98786622014	145.445145297	-24.7710950345	
9.8	0.0	0.0	0.0 	0.0 	197.6 	12.0 	0.0 	0.0 	0.0 	-0.0 	12.0 	0.0 	0.0 	0.0 	4.98646533583	-2.98786622014	145.432419698	-24.8532227288	
9.81666666667	0.0	0.0	0.0 	0.0 	197.8 	12.0 	0.0 	0.0 	0.0 	-0.0 	12.0 	0.0 	0.0 	0.0 	4.98676610615	-2.98786622014	145.419693332	-24.9353553769	
9.83333333333	0.0	0.0	0.0 	0.0 	198.0 	12.0 	0.0 	0.0 	0.0 	-0.0 	12.0 	0.0 	0.0 	0.0 	4.98706019268	-2.98786622014	145.406966215	-25.0174928686	
9.85	0.0	0.0	0.0 	0.0 	198.2 	12.0 	0.0 	0.0 	0.0 	-0.0 	12.0 	0.0 	0.0 	0.0 	4.98734774395	-2.98786622014	145.394238364	-25.0996350962	
9.86666666667	0.0	0.0	0.0 	0.0 	198.4 	12.0 	0.0 	0.0 	0.0 	-0.0 	12.0 	0.0 	0.0 	0.0 	4.9876289052	-2.98786622014	145.381509796	-25.1817819547	
9.88333333333	0.0	0.0	0.0 	0.0 	198.6 	12.0 	0.0 	0.0 	0.0 	-0.0 	12.0 	0.0 	0.0 	0.0 	4.98790381842	-2.98786622014	145.368780526	-25.263933341	
9.9	0.0	0.0	0.0 	0.0 	198.8 	12.0 	0.0 	0.0 	0.0 	-0.0 	12.0 	0.0 	0.0 	0.0 	4.98817262245	-2.98786622014	145.35605057	-25.3460891546	
9.91666666667	0.0	0.0	0.0 	0.0 	199.0 	12.0 	0.0 	0.0 	0.0 	-0.0 	12.0 	0.0 	0.0 	0.0 	4.98843545306	-2.98786622014	145.343319943	-25.4282492969	
9.93333333333	0.0	0.0	0.0 	0.0 	199.2 	12.0 	0.0 	0.0 	0.0 	-0.0 	12.0 	0.0 	0.0 	0.0 	4.988692443	-2.98786622014	145.330588661	-25.510413672	
9.95	0.0	0.0	0.0 	0.0 	199.4 	12.0 	0.0 	0.0 	0.0 	-0.0 	12.0 	0.0 	0.0 	0.0 	4.98894372204	-2.98786622014	145.317856737	-25.5925821856	
9.96666666667	0.0	0.0	0.0 	0.0 	199.6 	12.0 	0.0 	0.0 	0.0 	-0.0 	12.0 	0.0 	0.0 	0.0 	4.98918941711	-2.98786622014	145.305124186	-25.6747547459	
9.98333333333	0.0	0.0	0.0 	0.0 	199.8 	12.0 	0.0 	0.0 	0.0 	-0.0 	12.0 	0.0 	0.0 	0.0 	4.98942965228	-2.98786622014	145.292391023	-25.7569312629	
