0.0166666666667	0.0	0.0	0.0 	0.0 	80.2333333333 	14.0 	0.0 	0.0 	0.0 	0.0 	14.0 	0.0 	0.0 	0.0 	0.0	-1.36741935484	160.0	-17.4193548387	
0.0333333333333	0.0	0.0	0.0 	0.0 	80.4666666667 	14.0 	0.0 	0.0 	0.0 	-0.0 	14.0 	0.0 	0.0 	0.0 	0.0	-1.36741935484	160.0	-17.4193548387	
0.05	0.0	0.0	0.0 	0.0 	80.7 	14.0 	0.0 	0.0 	0.0 	-0.0 	14.0 	0.0 	0.0 	0.0 	0.0	-1.36741935484	160.0	-17.4193548387	
0.0666666666667	0.0	0.0	0.0 	0.0 	80.9333333333 	14.0 	0.0 	0.0 	0.0 	-0.0 	14.0 	0.0 	0.0 	0.0 	0.0	-1.36741935484	160.0	-17.4193548387	
0.0833333333333	0.0	0.0	0.0 	0.0 	81.1666666667 	14.0 	0.0 	0.0 	0.0 	-0.0 	14.0 	0.0 	0.0 	0.0 	0.0	-1.36741935484	160.0	-17.4193548387	
0.1	0.0	0.0	0.0 	0.0 	81.4 	14.0 	0.0 	0.0 	0.0 	-0.0 	14.0 	0.0 	0.0 	0.0 	0.0	-1.36741935484	160.0	-17.4193548387	
0.116666666667	0.0	0.0	0.0 	0.0 	81.6333333333 	14.0 	0.0 	0.0 	0.0 	-0.0 	14.0 	0.0 	0.0 	0.0 	0.0	-1.36741935484	160.0	-17.4193548387	
0.133333333333	0.0	0.0	0.0 	0.0 	81.8666666667 	14.0 	0.0 	0.0 	0.0 	-0.0 	14.0 	0.0 	0.0 	0.0 	0.0	-1.36741935484	160.0	-17.4193548387	
0.15	0.0	0.0	0.0 	0.0 	82.1 	14.0 	0.0 	0.0 	0.0 	-0.0 	14.0 	0.0 	0.0 	0.0 	0.0	-1.36741935484	160.0	-17.4193548387	
0.166666666667	0.0	0.0	0.0 	0.0 	82.3333333333 	14.0 	0.0 	0.0 	0.0 	-0.0 	14.0 	0.0 	0.0 	0.0 	0.0	-1.36741935484	160.0	-17.4193548387	
0.183333333333	0.0	0.0	0.0 	0.0 	82.5666666667 	14.0 	0.0 	0.0 	0.0 	-0.0 	14.0 	0.0 	0.0 	0.0 	0.0	-1.36741935484	160.0	-17.4193548387	
0.2	0.0	0.0	0.0 	0.0 	82.8 	14.0 	0.0 	0.0 	0.0 	-0.0 	14.0 	0.0 	0.0 	0.0 	0.0	-1.36741935484	160.0	-17.4193548387	
0.216666666667	0.0	0.0	0.0 	0.0 	83.0333333333 	14.0 	0.0 	0.0 	0.0 	-0.0 	14.0 	0.0 	0.0 	0.0 	0.0	-1.36741935484	160.0	-17.4193548387	
0.233333333333	0.0	0.0	0.0 	0.0 	83.2666666667 	14.0 	0.0 	0.0 	0.0 	-0.0 	14.0 	0.0 	0.0 	0.0 	0.0	-1.36741935484	160.0	-17.4193548387	
0.25	0.0	0.0	0.0 	0.0 	83.5 	14.0 	0.0 	0.0 	0.0 	-0.0 	14.0 	0.0 	0.0 	0.0 	0.0	-1.36741935484	160.0	-17.4193548387	
0.266666666667	0.0	0.0	0.0 	0.0 	83.7333333333 	14.0 	0.0 	0.0 	0.0 	-0.0 	14.0 	0.0 	0.0 	0.0 	0.0	-1.36741935484	160.0	-17.4193548387	
0.283333333333	0.0	0.0	0.0 	0.0 	83.9666666667 	14.0 	0.0 	0.0 	0.0 	-0.0 	14.0 	0.0 	0.0 	0.0 	0.0	-1.36741935484	160.0	-17.4193548387	
0.3	0.0	0.0	0.0 	0.0 	84.2 	14.0 	0.0 	0.0 	0.0 	-0.0 	14.0 	0.0 	0.0 	0.0 	0.0	-1.36741935484	160.0	-17.4193548387	
0.316666666667	0.0	0.0	0.0 	0.0 	84.4333333333 	14.0 	0.0 	0.0 	0.0 	-0.0 	14.0 	0.0 	0.0 	0.0 	0.0	-1.36741935484	160.0	-17.4193548387	
0.333333333333	0.0	0.0	0.0 	0.0 	84.6666666667 	14.0 	0.0 	0.0 	0.0 	-0.0 	14.0 	0.0 	0.0 	0.0 	0.0	-1.36741935484	160.0	-17.4193548387	
0.35	0.0	0.0	0.0 	0.0 	84.9 	14.0 	0.0 	0.0 	0.0 	-0.0 	14.0 	0.0 	0.0 	0.0 	0.0	-1.36741935484	160.0	-17.4193548387	
0.366666666667	0.0	0.0	0.0 	0.0 	85.1333333333 	14.0 	0.0 	0.0 	0.0 	-0.0 	14.0 	0.0 	0.0 	0.0 	0.0	-1.36741935484	160.0	-17.4193548387	
0.383333333333	0.0	0.0	0.0 	0.0 	85.3666666667 	14.0 	0.0 	0.0 	0.0 	-0.0 	14.0 	0.0 	0.0 	0.0 	0.0	-1.36741935484	160.0	-17.4193548387	
0.4	0.0	0.0	0.0 	0.0 	85.6 	14.0 	0.0 	0.0 	0.0 	-0.0 	14.0 	0.0 	0.0 	0.0 	0.0	-1.36741935484	160.0	-17.4193548387	
0.416666666667	0.0	0.0	0.0 	0.0 	85.8333333333 	14.0 	0.0 	0.0 	0.0 	-0.0 	14.0 	0.0 	0.0 	0.0 	0.0	-1.36741935484	160.0	-17.4193548387	
0.433333333333	0.0	0.0	0.0 	0.0 	86.0666666667 	14.0 	0.0 	0.0 	0.0 	-0.0 	14.0 	0.0 	0.0 	0.0 	0.0	-1.36741935484	160.0	-17.4193548387	
0.45	0.0	0.0	0.0 	0.0 	86.3 	14.0 	0.0 	0.0 	0.0 	-0.0 	14.0 	0.0 	0.0 	0.0 	0.0	-1.36741935484	160.0	-17.4193548387	
0.466666666667	0.0	0.0	0.0 	0.0 	86.5333333333 	14.0 	0.0 	0.0 	0.0 	-0.0 	14.0 	0.0 	0.0 	0.0 	0.0	-1.36741935484	160.0	-17.4193548387	
0.483333333333	0.0	0.0	0.0 	0.0 	86.7666666667 	14.0 	0.0 	0.0 	0.0 	-0.0 	14.0 	0.0 	0.0 	0.0 	0.0	-1.36741935484	160.0	-17.4193548387	
0.5	0.0	0.0	0.0 	0.0 	87.0 	14.0 	0.0 	0.0 	0.0 	-0.0 	14.0 	0.0 	0.0 	0.0 	0.0	-1.36741935484	160.0	-17.4193548387	
0.516666666667	0.0	0.0	0.0 	0.0 	87.2333333333 	14.0 	0.0 	0.0 	0.0 	-0.0 	14.0 	0.0 	0.0 	0.0 	0.0	-1.36741935484	160.0	-17.4193548387	
0.533333333333	0.0	0.0	0.0 	0.0 	87.4666666667 	14.0 	0.0 	0.0 	0.0 	-0.0 	14.0 	0.0 	0.0 	0.0 	0.0	-1.36741935484	160.0	-17.4193548387	
0.55	0.0	0.0	0.0 	0.0 	87.7 	14.0 	0.0 	0.0 	0.0 	-0.0 	14.0 	0.0 	0.0 	0.0 	0.0	-1.36741935484	160.0	-17.4193548387	
0.566666666667	0.0	0.0	0.0 	0.0 	87.9333333333 	14.0 	0.0 	0.0 	0.0 	-0.0 	14.0 	0.0 	0.0 	0.0 	0.0	-1.36741935484	160.0	-17.4193548387	
0.583333333333	0.0	0.0	0.0 	0.0 	88.1666666667 	14.0 	0.0 	0.0 	0.0 	-0.0 	14.0 	0.0 	0.0 	0.0 	0.0	-1.36741935484	160.0	-17.4193548387	
0.6	0.0	0.0	0.0 	0.0 	88.4 	14.0 	0.0 	0.0 	0.0 	-0.0 	14.0 	0.0 	0.0 	0.0 	0.0	-1.36741935484	160.0	-17.4193548387	
0.616666666667	0.0	0.0	0.0 	0.0 	88.6333333333 	14.0 	0.0 	0.0 	0.0 	-0.0 	14.0 	0.0 	0.0 	0.0 	0.0	-1.36741935484	160.0	-17.4193548387	
0.633333333333	0.0	0.0	0.0 	0.0 	88.8666666667 	14.0 	0.0 	0.0 	0.0 	-0.0 	14.0 	0.0 	0.0 	0.0 	0.0	-1.36741935484	160.0	-17.4193548387	
0.65	0.0	0.0	0.0 	0.0 	89.1 	14.0 	0.0 	0.0 	0.0 	-0.0 	14.0 	0.0 	0.0 	0.0 	0.0	-1.36741935484	160.0	-17.4193548387	
0.666666666667	0.0	0.0	0.0 	0.0 	89.3333333333 	14.0 	0.0 	0.0 	0.0 	-0.0 	14.0 	0.0 	0.0 	0.0 	0.0	-1.36741935484	160.0	-17.4193548387	
0.683333333333	0.0	0.0	0.0 	0.0 	89.5666666667 	14.0 	0.0 	0.0 	0.0 	-0.0 	14.0 	0.0 	0.0 	0.0 	0.0	-1.36741935484	160.0	-17.4193548387	
0.7	0.0	0.0	0.0 	0.0 	89.8 	14.0 	0.0 	0.0 	0.0 	-0.0 	14.0 	0.0 	0.0 	0.0 	0.0	-1.36741935484	160.0	-17.4193548387	
0.716666666667	0.0	0.0	0.0 	0.0 	90.0333333333 	14.0 	0.0 	0.0 	0.0 	-0.0 	14.0 	0.0 	0.0 	0.0 	0.0	-1.36741935484	160.0	-17.4193548387	
0.733333333333	0.0	0.0	0.0 	0.0 	90.2666666667 	14.0 	0.0 	0.0 	0.0 	-0.0 	14.0 	0.0 	0.0 	0.0 	0.0	-1.36741935484	160.0	-17.4193548387	
0.75	0.0	0.0	0.0 	0.0 	90.5 	14.0 	0.0 	0.0 	0.0 	-0.0 	14.0 	0.0 	0.0 	0.0 	0.0	-1.36741935484	160.0	-17.4193548387	
0.766666666667	0.0	0.0	0.0 	0.0 	90.7333333333 	14.0 	0.0 	0.0 	0.0 	-0.0 	14.0 	0.0 	0.0 	0.0 	0.0	-1.36741935484	160.0	-17.4193548387	
0.783333333333	0.0	0.0	0.0 	0.0 	90.9666666667 	14.0 	0.0 	0.0 	0.0 	-0.0 	14.0 	0.0 	0.0 	0.0 	0.0	-1.36741935484	160.0	-17.4193548387	
0.8	0.0	0.0	0.0 	0.0 	91.2 	14.0 	0.0 	0.0 	0.0 	-0.0 	14.0 	0.0 	0.0 	0.0 	0.0	-1.36741935484	160.0	-17.4193548387	
0.816666666667	0.0	0.0	0.0 	0.0 	91.4333333333 	14.0 	0.0 	0.0 	0.0 	-0.0 	14.0 	0.0 	0.0 	0.0 	0.0	-1.36741935484	160.0	-17.4193548387	
0.833333333333	0.0	0.0	0.0 	0.0 	91.6666666667 	14.0 	0.0 	0.0 	0.0 	-0.0 	14.0 	0.0 	0.0 	0.0 	0.0	-1.36741935484	160.0	-17.4193548387	
0.85	0.0	0.0	0.0 	0.0 	91.9 	14.0 	0.0 	0.0 	0.0 	-0.0 	14.0 	0.0 	0.0 	0.0 	0.0	-1.36741935484	160.0	-17.4193548387	
0.866666666667	0.0	0.0	0.0 	0.0 	92.1333333333 	14.0 	0.0 	0.0 	0.0 	-0.0 	14.0 	0.0 	0.0 	0.0 	0.0	-1.36741935484	160.0	-17.4193548387	
0.883333333333	0.0	0.0	0.0 	0.0 	92.3666666667 	14.0 	0.0 	0.0 	0.0 	-0.0 	14.0 	0.0 	0.0 	0.0 	0.0	-1.36741935484	160.0	-17.4193548387	
0.9	0.0	0.0	0.0 	0.0 	92.6 	14.0 	0.0 	0.0 	0.0 	-0.0 	14.0 	0.0 	0.0 	0.0 	0.0	-1.36741935484	160.0	-17.4193548387	
0.916666666667	0.0	0.0	0.0 	0.0 	92.8333333333 	14.0 	0.0 	0.0 	0.0 	-0.0 	14.0 	0.0 	0.0 	0.0 	0.0	-1.36741935484	160.0	-17.4193548387	
0.933333333333	0.0	0.0	0.0 	0.0 	93.0666666667 	14.0 	0.0 	0.0 	0.0 	-0.0 	14.0 	0.0 	0.0 	0.0 	0.0	-1.36741935484	160.0	-17.4193548387	
0.95	0.0	0.0	0.0 	0.0 	93.3 	14.0 	0.0 	0.0 	0.0 	-0.0 	14.0 	0.0 	0.0 	0.0 	0.0	-1.36741935484	160.0	-17.4193548387	
0.966666666667	0.0	0.0	0.0 	0.0 	93.5333333333 	14.0 	0.0 	0.0 	0.0 	-0.0 	14.0 	0.0 	0.0 	0.0 	0.0	-1.36741935484	160.0	-17.4193548387	
0.983333333333	0.0	0.0	0.0 	0.0 	93.7666666667 	14.0 	0.0 	0.0 	0.0 	-0.0 	14.0 	0.0 	0.0 	0.0 	0.0	-1.36741935484	160.0	-17.4193548387	
1.0	0.0	0.0	0.0 	0.0 	94.0 	14.0 	0.0 	0.0 	0.0 	-0.0 	14.0 	0.0 	0.0 	0.0 	0.0	-1.36741935484	160.0	-17.4193548387	
1.01666666667	0.0	0.0	0.0 	0.0 	94.2333333333 	14.0 	0.0 	0.0 	0.0 	-0.0 	14.0 	0.0 	0.0 	0.0 	0.0	-1.36741935484	160.0	-17.4193548387	
1.03333333333	0.0	0.0	0.0 	0.0 	94.4666666667 	14.0 	0.0 	0.0 	0.0 	-0.0 	14.0 	0.0 	0.0 	0.0 	0.0	-1.36741935484	160.0	-17.4193548387	
1.05	0.0	0.0	0.0 	0.0 	94.7 	14.0 	0.0 	0.0 	0.0 	-0.0 	14.0 	0.0 	0.0 	0.0 	0.0	-1.36741935484	160.0	-17.4193548387	
1.06666666667	0.0	0.0	0.0 	0.0 	94.9333333333 	14.0 	0.0 	0.0 	0.0 	-0.0 	14.0 	0.0 	0.0 	0.0 	0.0	-1.36741935484	160.0	-17.4193548387	
1.08333333333	0.0	0.0	0.0 	0.0 	95.1666666667 	14.0 	0.0 	0.0 	0.0 	-0.0 	14.0 	0.0 	0.0 	0.0 	0.0	-1.36741935484	160.0	-17.4193548387	
1.1	0.0	0.0	0.0 	0.0 	95.4 	14.0 	0.0 	0.0 	0.0 	-0.0 	14.0 	0.0 	0.0 	0.0 	0.0	-1.36741935484	160.0	-17.4193548387	
1.11666666667	0.0	0.0	0.0 	0.0 	95.6333333333 	14.0 	0.0 	0.0 	0.0 	-0.0 	14.0 	0.0 	0.0 	0.0 	0.0	-1.36741935484	160.0	-17.4193548387	
1.13333333333	0.0	0.0	0.0 	0.0 	95.8666666667 	14.0 	0.0 	0.0 	0.0 	-0.0 	14.0 	0.0 	0.0 	0.0 	0.0	-1.36741935484	160.0	-17.4193548387	
1.15	0.0	0.0	0.0 	0.0 	96.1 	14.0 	0.0 	0.0 	0.0 	-0.0 	14.0 	0.0 	0.0 	0.0 	0.0	-1.36741935484	160.0	-17.4193548387	
1.16666666667	0.0	0.0	0.0 	0.0 	96.3333333333 	14.0 	0.0 	0.0 	0.0 	-0.0 	14.0 	0.0 	0.0 	0.0 	0.0	-1.36741935484	160.0	-17.4193548387	
1.18333333333	0.0	0.0	0.0 	0.0 	96.5666666667 	14.0 	0.0 	0.0 	0.0 	-0.0 	14.0 	0.0 	0.0 	0.0 	0.0	-1.36741935484	160.0	-17.4193548387	
1.2	0.0	0.0	0.0 	0.0 	96.8 	14.0 	0.0 	0.0 	0.0 	-0.0 	14.0 	0.0 	0.0 	0.0 	0.0	-1.36741935484	160.0	-17.4193548387	
1.21666666667	0.0	0.0	0.0 	0.0 	97.0333333333 	14.0 	0.0 	0.0 	0.0 	-0.0 	14.0 	0.0 	0.0 	0.0 	0.0	-1.36741935484	160.0	-17.4193548387	
1.23333333333	0.0	0.0	0.0 	0.0 	97.2666666667 	14.0 	0.0 	0.0 	0.0 	-0.0 	14.0 	0.0 	0.0 	0.0 	0.0	-1.36741935484	160.0	-17.4193548387	
1.25	0.0	0.0	0.0 	0.0 	97.5 	14.0 	0.0 	0.0 	0.0 	-0.0 	14.0 	0.0 	0.0 	0.0 	0.0	-1.36741935484	160.0	-17.4193548387	
1.26666666667	0.0	0.0	0.0 	0.0 	97.7333333333 	14.0 	0.0 	0.0 	0.0 	-0.0 	14.0 	0.0 	0.0 	0.0 	0.0	-1.36741935484	160.0	-17.4193548387	
1.28333333333	0.0	0.0	0.0 	0.0 	97.9666666667 	14.0 	0.0 	0.0 	0.0 	-0.0 	14.0 	0.0 	0.0 	0.0 	0.0	-1.36741935484	160.0	-17.4193548387	
1.3	0.0	0.0	0.0 	0.0 	98.2 	14.0 	0.0 	0.0 	0.0 	-0.0 	14.0 	0.0 	0.0 	0.0 	0.0	-1.36741935484	160.0	-17.4193548387	
1.31666666667	0.0	0.0	0.0 	0.0 	98.4333333333 	14.0 	0.0 	0.0 	0.0 	-0.0 	14.0 	0.0 	0.0 	0.0 	0.0	-1.36741935484	160.0	-17.4193548387	
1.33333333333	0.0	0.0	0.0 	0.0 	98.6666666667 	14.0 	0.0 	0.0 	0.0 	-0.0 	14.0 	0.0 	0.0 	0.0 	0.0	-1.36741935484	160.0	-17.4193548387	
1.35	0.0	0.0	0.0 	0.0 	98.9 	14.0 	0.0 	0.0 	0.0 	-0.0 	14.0 	0.0 	0.0 	0.0 	0.0	-1.36741935484	160.0	-17.4193548387	
1.36666666667	0.0	0.0	0.0 	0.0 	99.1333333333 	14.0 	0.0 	0.0 	0.0 	-0.0 	14.0 	0.0 	0.0 	0.0 	0.0	-1.36741935484	160.0	-17.4193548387	
1.38333333333	0.0	0.0	0.0 	0.0 	99.3666666667 	14.0 	0.0 	0.0 	0.0 	-0.0 	14.0 	0.0 	0.0 	0.0 	0.0	-1.36741935484	160.0	-17.4193548387	
1.4	0.0	0.0	0.0 	0.0 	99.6 	14.0 	0.0 	0.0 	0.0 	-0.0 	14.0 	0.0 	0.0 	0.0 	0.0	-1.36741935484	160.0	-17.4193548387	
1.41666666667	0.0	0.0	0.0 	0.0 	99.8333333333 	14.0 	0.0 	0.0 	0.0 	-0.0 	14.0 	0.0 	0.0 	0.0 	0.0	-1.36741935484	160.0	-17.4193548387	
1.43333333333	0.0	0.0	0.0 	0.0 	100.066666667 	14.0 	0.0 	0.0 	0.0 	-0.0 	14.0 	0.0 	0.0 	0.0 	0.070189701897	-1.36741935484	159.998854282	-17.4191185593	
1.45	0.0	0.0	0.0 	0.0 	100.3 	14.0 	0.0 	0.0 	0.0 	-0.0 	14.0 	0.0 	0.0 	0.0 	0.139789734212	-1.36741935484	159.99657247	-17.4186479855	
1.46666666667	0.0	0.0	0.0 	0.0 	100.533333333 	14.0 	0.0 	0.0 	0.0 	-0.0 	14.0 	0.0 	0.0 	0.0 	0.208805050808	-1.36741935484	159.99316411	-17.4179450855	
1.48333333333	0.0	0.0	0.0 	0.0 	100.766666667 	14.0 	0.0 	0.0 	0.0 	-0.0 	14.0 	0.0 	0.0 	0.0 	0.277240563931	-1.36741935484	159.988638666	-17.4170118113	
1.5	0.0	0.0	0.0 	0.0 	101.0 	14.0 	0.0 	0.0 	0.0 	-0.0 	14.0 	0.0 	0.0 	0.0 	0.345101144559	-1.36741935484	159.983005522	-17.4158500982	
1.51666666667	0.0	0.0	0.0 	0.0 	101.233333333 	14.0 	0.0 	0.0 	0.0 	-0.0 	14.0 	0.0 	0.0 	0.0 	0.412391622749	-1.36741935484	159.976273984	-17.4144618653	
1.53333333333	0.0	0.0	0.0 	0.0 	101.466666667 	14.0 	0.0 	0.0 	0.0 	-0.0 	14.0 	0.0 	0.0 	0.0 	0.479116787978	-1.36741935484	159.96845328	-17.4128490157	
1.55	0.0	0.0	0.0 	0.0 	101.7 	14.0 	0.0 	0.0 	0.0 	-0.0 	14.0 	0.0 	0.0 	0.0 	0.545281389488	-1.36741935484	159.95955256	-17.4110134363	
1.56666666667	0.0	0.0	0.0 	0.0 	101.933333333 	14.0 	0.0 	0.0 	0.0 	-0.0 	14.0 	0.0 	0.0 	0.0 	0.610890136622	-1.36741935484	159.949580898	-17.4089569984	
1.58333333333	0.0	0.0	0.0 	0.0 	102.166666667 	14.0 	0.0 	0.0 	0.0 	-0.0 	14.0 	0.0 	0.0 	0.0 	0.67594769916	-1.36741935484	159.93854729	-17.4066815574	
1.6	0.0	0.0	0.0 	0.0 	102.4 	14.0 	0.0 	0.0 	0.0 	-0.0 	14.0 	0.0 	0.0 	0.0 	0.740458707649	-1.36741935484	159.926460658	-17.4041889531	
1.61666666667	0.0	0.0	0.0 	0.0 	102.633333333 	14.0 	0.0 	0.0 	0.0 	-0.0 	14.0 	0.0 	0.0 	0.0 	0.804427753737	-1.36741935484	159.913329849	-17.40148101	
1.63333333333	0.0	0.0	0.0 	0.0 	102.866666667 	14.0 	0.0 	0.0 	0.0 	-0.0 	14.0 	0.0 	0.0 	0.0 	0.867859390494	-1.36741935484	159.899163634	-17.3985595371	
1.65	0.0	0.0	0.0 	0.0 	103.1 	14.0 	0.0 	0.0 	0.0 	-0.0 	14.0 	0.0 	0.0 	0.0 	0.930758132742	-1.36741935484	159.883970712	-17.3954263283	
1.66666666667	0.0	0.0	0.0 	0.0 	103.333333333 	14.0 	0.0 	0.0 	0.0 	-0.0 	14.0 	0.0 	0.0 	0.0 	0.993128457372	-1.36741935484	159.867759709	-17.3920831625	
1.68333333333	0.0	0.0	0.0 	0.0 	103.566666667 	14.0 	0.0 	0.0 	0.0 	-0.0 	14.0 	0.0 	0.0 	0.0 	1.05497480367	-1.36741935484	159.850539178	-17.3885318035	
1.7	0.0	0.0	0.0 	0.0 	103.8 	14.0 	0.0 	0.0 	0.0 	-0.0 	14.0 	0.0 	0.0 	0.0 	1.11630157361	-1.36741935484	159.8323176	-17.3847740003	
1.71666666667	0.0	0.0	0.0 	0.0 	104.033333333 	14.0 	0.0 	0.0 	0.0 	-0.0 	14.0 	0.0 	0.0 	0.0 	1.1771131322	-1.36741935484	159.813103384	-17.3808114873	
1.73333333333	0.0	0.0	0.0 	0.0 	104.266666667 	14.0 	0.0 	0.0 	0.0 	-0.0 	14.0 	0.0 	0.0 	0.0 	1.23741380779	-1.36741935484	159.792904871	-17.3766459843	
1.75	0.0	0.0	0.0 	0.0 	104.5 	14.0 	0.0 	0.0 	0.0 	-0.0 	14.0 	0.0 	0.0 	0.0 	1.29720789233	-1.36741935484	159.771730328	-17.3722791966	
1.76666666667	0.0	0.0	0.0 	0.0 	104.733333333 	14.0 	0.0 	0.0 	0.0 	-0.0 	14.0 	0.0 	0.0 	0.0 	1.35649964174	-1.36741935484	159.749587956	-17.3677128153	
1.78333333333	0.0	0.0	0.0 	0.0 	104.966666667 	14.0 	0.0 	0.0 	0.0 	-0.0 	14.0 	0.0 	0.0 	0.0 	1.41529327619	-1.36741935484	159.726485886	-17.3629485171	
1.8	0.0	0.0	0.0 	0.0 	105.2 	14.0 	0.0 	0.0 	0.0 	-0.0 	14.0 	0.0 	0.0 	0.0 	1.47359298037	-1.36741935484	159.70243218	-17.3579879648	
1.81666666667	0.0	0.0	0.0 	0.0 	105.433333333 	14.0 	0.0 	0.0 	0.0 	-0.0 	14.0 	0.0 	0.0 	0.0 	1.53140290384	-1.36741935484	159.677434833	-17.352832807	
1.83333333333	0.0	0.0	0.0 	0.0 	105.666666667 	14.0 	0.0 	0.0 	0.0 	-0.0 	14.0 	0.0 	0.0 	0.0 	1.58872716129	-1.36741935484	159.651501772	-17.3474846788	
1.85	0.0	0.0	0.0 	0.0 	105.9 	14.0 	0.0 	0.0 	0.0 	-0.0 	14.0 	0.0 	0.0 	0.0 	1.64556983283	-1.36741935484	159.624640859	-17.3419452012	
1.86666666667	0.0	0.0	0.0 	0.0 	106.133333333 	14.0 	0.0 	0.0 	0.0 	-0.0 	14.0 	0.0 	0.0 	0.0 	1.70193496432	-1.36741935484	159.596859889	-17.3362159818	
1.88333333333	0.0	0.0	0.0 	0.0 	106.366666667 	14.0 	0.0 	0.0 	0.0 	-0.0 	14.0 	0.0 	0.0 	0.0 	1.7578265676	-1.36741935484	159.56816659	-17.3302986147	
1.9	0.0	0.0	0.0 	0.0 	106.6 	14.0 	0.0 	0.0 	0.0 	-0.0 	14.0 	0.0 	0.0 	0.0 	1.81324862083	-1.36741935484	159.538568628	-17.3241946804	
1.91666666667	0.0	0.0	0.0 	0.0 	106.833333333 	14.0 	0.0 	0.0 	0.0 	-0.0 	14.0 	0.0 	0.0 	0.0 	1.86820506873	-1.36741935484	159.508073602	-17.3179057464	
1.93333333333	0.0	0.0	0.0 	0.0 	107.066666667 	14.0 	0.0 	0.0 	0.0 	-0.0 	14.0 	0.0 	0.0 	0.0 	1.92269982289	-1.36741935484	159.47668905	-17.3114333668	
1.95	0.0	0.0	0.0 	0.0 	107.3 	14.0 	0.0 	0.0 	0.0 	-0.0 	14.0 	0.0 	0.0 	0.0 	1.97673676205	-1.36741935484	159.444422443	-17.3047790828	
1.96666666667	0.0	0.0	0.0 	0.0 	107.533333333 	14.0 	0.0 	0.0 	0.0 	-0.0 	14.0 	0.0 	0.0 	0.0 	2.03031973234	-1.36741935484	159.411281193	-17.2979444226	
1.98333333333	0.0	0.0	0.0 	0.0 	107.766666667 	14.0 	0.0 	0.0 	0.0 	-0.0 	14.0 	0.0 	0.0 	0.0 	2.0834525476	-1.36741935484	159.377272646	-17.2909309015	
2.0	0.0	0.0	0.0 	0.0 	108.0 	14.0 	0.0 	0.0 	0.0 	-0.0 	14.0 	0.0 	0.0 	0.0 	2.13613898961	-1.36741935484	159.342404091	-17.2837400222	
2.01666666667	0.0	0.0	0.0 	0.0 	108.233333333 	14.0 	0.0 	0.0 	0.0 	-0.0 	14.0 	0.0 	0.0 	0.0 	2.1883828084	-1.36741935484	159.30668275	-17.2763732747	
2.03333333333	0.0	0.0	0.0 	0.0 	108.466666667 	14.0 	0.0 	0.0 	0.0 	-0.0 	14.0 	0.0 	0.0 	0.0 	2.24018772247	-1.36741935484	159.270115789	-17.2688321364	
2.05	0.0	0.0	0.0 	0.0 	108.7 	14.0 	0.0 	0.0 	0.0 	-0.0 	14.0 	0.0 	0.0 	0.0 	2.29155741911	-1.36741935484	159.232710312	-17.2611180724	
2.06666666667	0.0	0.0	0.0 	0.0 	108.933333333 	14.0 	0.0 	0.0 	0.0 	-0.0 	14.0 	0.0 	0.0 	0.0 	2.34249555462	-1.36741935484	159.194473363	-17.2532325355	
2.08333333333	0.0	0.0	0.0 	0.0 	109.166666667 	14.0 	0.0 	0.0 	0.0 	-0.0 	14.0 	0.0 	0.0 	0.0 	2.39300575457	-1.36741935484	159.155411928	-17.2451769663	
2.1	0.0	0.0	0.0 	0.0 	109.4 	14.0 	0.0 	0.0 	0.0 	-0.0 	14.0 	0.0 	0.0 	0.0 	2.44309161408	-1.36741935484	159.115532932	-17.2369527931	
2.11666666667	0.0	0.0	0.0 	0.0 	109.633333333 	14.0 	0.0 	0.0 	0.0 	-0.0 	14.0 	0.0 	0.0 	0.0 	2.49275669808	-1.36741935484	159.074843246	-17.2285614325	
2.13333333333	0.0	0.0	0.0 	0.0 	109.866666667 	14.0 	0.0 	0.0 	0.0 	-0.0 	14.0 	0.0 	0.0 	0.0 	2.54200454154	-1.36741935484	159.033349678	-17.220004289	
2.15	0.0	0.0	0.0 	0.0 	110.1 	14.0 	0.0 	0.0 	0.0 	-0.0 	14.0 	0.0 	0.0 	0.0 	2.59083864973	-1.36741935484	158.991058983	-17.2112827554	
2.16666666667	0.0	0.0	0.0 	0.0 	110.333333333 	14.0 	0.0 	0.0 	0.0 	-0.0 	14.0 	0.0 	0.0 	0.0 	2.63926249847	-1.36741935484	158.947977857	-17.2023982127	
2.18333333333	0.0	0.0	0.0 	0.0 	110.566666667 	14.0 	0.0 	0.0 	0.0 	-0.0 	14.0 	0.0 	0.0 	0.0 	2.68727953439	-1.36741935484	158.904112942	-17.1933520303	
2.2	0.0	0.0	0.0 	0.0 	110.8 	14.0 	0.0 	0.0 	0.0 	-0.0 	14.0 	0.0 	0.0 	0.0 	2.73489317516	-1.36741935484	158.85947082	-17.1841455663	
2.21666666667	0.0	0.0	0.0 	0.0 	111.033333333 	14.0 	0.0 	0.0 	0.0 	-0.0 	14.0 	0.0 	0.0 	0.0 	2.78210680973	-1.36741935484	158.814058023	-17.1747801672	
2.23333333333	0.0	0.0	0.0 	0.0 	111.266666667 	14.0 	0.0 	0.0 	0.0 	-0.0 	14.0 	0.0 	0.0 	0.0 	2.82892379859	-1.36741935484	158.767881024	-17.1652571681	
2.25	0.0	0.0	0.0 	0.0 	111.5 	14.0 	0.0 	0.0 	0.0 	-0.0 	14.0 	0.0 	0.0 	0.0 	2.87534747399	-1.36741935484	158.720946244	-17.1555778931	
2.26666666667	0.0	0.0	0.0 	0.0 	111.733333333 	14.0 	0.0 	0.0 	0.0 	-0.0 	14.0 	0.0 	0.0 	0.0 	2.9213811402	-1.36741935484	158.673260048	-17.1457436552	
2.28333333333	0.0	0.0	0.0 	0.0 	111.966666667 	14.0 	0.0 	0.0 	0.0 	-0.0 	14.0 	0.0 	0.0 	0.0 	2.96702807371	-1.36741935484	158.62482875	-17.135755756	
2.3	0.0	0.0	0.0 	0.0 	112.2 	14.0 	0.0 	0.0 	0.0 	-0.0 	14.0 	0.0 	0.0 	0.0 	3.0122915235	-1.36741935484	158.575658609	-17.1256154866	
2.31666666667	0.0	0.0	0.0 	0.0 	112.433333333 	14.0 	0.0 	0.0 	0.0 	-0.0 	14.0 	0.0 	0.0 	0.0 	3.05717471124	-1.36741935484	158.525755832	-17.1153241271	
2.33333333333	0.0	0.0	0.0 	0.0 	112.666666667 	14.0 	0.0 	0.0 	0.0 	-0.0 	14.0 	0.0 	0.0 	0.0 	3.10168083156	-1.36741935484	158.475126574	-17.1048829467	
2.35	0.0	0.0	0.0 	0.0 	112.9 	14.0 	0.0 	0.0 	0.0 	-0.0 	14.0 	0.0 	0.0 	0.0 	3.14581305221	-1.36741935484	158.423776939	-17.0942932042	
2.36666666667	0.0	0.0	0.0 	0.0 	113.133333333 	14.0 	0.0 	0.0 	0.0 	-0.0 	14.0 	0.0 	0.0 	0.0 	3.18957451437	-1.36741935484	158.371712978	-17.0835561475	
2.38333333333	0.0	0.0	0.0 	0.0 	113.366666667 	14.0 	0.0 	0.0 	0.0 	-0.0 	14.0 	0.0 	0.0 	0.0 	3.23296833282	-1.36741935484	158.318940692	-17.0726730143	
2.4	0.0	0.0	0.0 	0.0 	113.6 	14.0 	0.0 	0.0 	0.0 	-0.0 	14.0 	0.0 	0.0 	0.0 	3.27599759615	-1.36741935484	158.265466032	-17.0616450319	
2.41666666667	0.0	0.0	0.0 	0.0 	113.833333333 	14.0 	0.0 	0.0 	0.0 	-0.0 	14.0 	0.0 	0.0 	0.0 	3.31866536702	-1.36741935484	158.211294899	-17.050473417	
2.43333333333	0.0	0.0	0.0 	0.0 	114.066666667 	14.0 	0.0 	0.0 	0.0 	-0.0 	14.0 	0.0 	0.0 	0.0 	3.36097468236	-1.36741935484	158.156433144	-17.0391593764	
2.45	0.0	0.0	0.0 	0.0 	114.3 	14.0 	0.0 	0.0 	0.0 	-0.0 	14.0 	0.0 	0.0 	0.0 	3.4029285536	-1.36741935484	158.100886569	-17.0277041065	
2.46666666667	0.0	0.0	0.0 	0.0 	114.533333333 	14.0 	0.0 	0.0 	0.0 	-0.0 	14.0 	0.0 	0.0 	0.0 	3.44452996683	-1.36741935484	158.044660927	-17.016108794	
2.48333333333	0.0	0.0	0.0 	0.0 	114.766666667 	14.0 	0.0 	0.0 	0.0 	-0.0 	14.0 	0.0 	0.0 	0.0 	3.4857818831	-1.36741935484	157.987761923	-17.0043746152	
2.5	0.0	0.0	0.0 	0.0 	115.0 	14.0 	0.0 	0.0 	0.0 	-0.0 	14.0 	0.0 	0.0 	0.0 	3.52668723855	-1.36741935484	157.930195215	-16.9925027368	
2.51666666667	0.0	0.0	0.0 	0.0 	115.233333333 	14.0 	0.0 	0.0 	0.0 	-0.0 	14.0 	0.0 	0.0 	0.0 	3.56724894468	-1.36741935484	157.87196641	-16.9804943157	
2.53333333333	0.0	0.0	0.0 	0.0 	115.466666667 	14.0 	0.0 	0.0 	0.0 	-0.0 	14.0 	0.0 	0.0 	0.0 	3.6074698885	-1.36741935484	157.813081073	-16.9683504989	
2.55	0.0	0.0	0.0 	0.0 	115.7 	14.0 	0.0 	0.0 	0.0 	-0.0 	14.0 	0.0 	0.0 	0.0 	3.6473529328	-1.36741935484	157.753544717	-16.9560724239	
2.56666666667	0.0	0.0	0.0 	0.0 	115.933333333 	14.0 	0.0 	0.0 	0.0 	-0.0 	14.0 	0.0 	0.0 	0.0 	3.68690091629	-1.36741935484	157.693362814	-16.9436612186	
2.58333333333	0.0	0.0	0.0 	0.0 	116.166666667 	14.0 	0.0 	0.0 	0.0 	-0.0 	14.0 	0.0 	0.0 	0.0 	3.72611665385	-1.36741935484	157.632540785	-16.9311180015	
2.6	0.0	0.0	0.0 	0.0 	116.4 	14.0 	0.0 	0.0 	0.0 	-0.0 	14.0 	0.0 	0.0 	0.0 	3.76500293671	-1.36741935484	157.571084009	-16.9184438816	
2.61666666667	0.0	0.0	0.0 	0.0 	116.633333333 	14.0 	0.0 	0.0 	0.0 	-0.0 	14.0 	0.0 	0.0 	0.0 	3.80356253263	-1.36741935484	157.508997818	-16.9056399586	
2.63333333333	0.0	0.0	0.0 	0.0 	116.866666667 	14.0 	0.0 	0.0 	0.0 	-0.0 	14.0 	0.0 	0.0 	0.0 	3.84179818615	-1.36741935484	157.4462875	-16.892707323	
2.65	0.0	0.0	0.0 	0.0 	117.1 	14.0 	0.0 	0.0 	0.0 	-0.0 	14.0 	0.0 	0.0 	0.0 	3.87971261873	-1.36741935484	157.382958298	-16.8796470562	
2.66666666667	0.0	0.0	0.0 	0.0 	117.333333333 	14.0 	0.0 	0.0 	0.0 	-0.0 	14.0 	0.0 	0.0 	0.0 	3.91730852898	-1.36741935484	157.319015413	-16.8664602303	
2.68333333333	0.0	0.0	0.0 	0.0 	117.566666667 	14.0 	0.0 	0.0 	0.0 	-0.0 	14.0 	0.0 	0.0 	0.0 	3.95458859283	-1.36741935484	157.254463998	-16.8531479087	
2.7	0.0	0.0	0.0 	0.0 	117.8 	14.0 	0.0 	0.0 	0.0 	-0.0 	14.0 	0.0 	0.0 	0.0 	3.99155546373	-1.36741935484	157.189309167	-16.8397111456	
2.71666666667	0.0	0.0	0.0 	0.0 	118.033333333 	14.0 	0.0 	0.0 	0.0 	-0.0 	14.0 	0.0 	0.0 	0.0 	4.02821177284	-1.36741935484	157.123555989	-16.8261509864	
2.73333333333	0.0	0.0	0.0 	0.0 	118.266666667 	14.0 	0.0 	0.0 	0.0 	-0.0 	14.0 	0.0 	0.0 	0.0 	4.06456012922	-1.36741935484	157.05720949	-16.8124684679	
2.75	0.0	0.0	0.0 	0.0 	118.5 	14.0 	0.0 	0.0 	0.0 	-0.0 	14.0 	0.0 	0.0 	0.0 	4.10060312001	-1.36741935484	156.990274656	-16.7986646179	
2.76666666667	0.0	0.0	0.0 	0.0 	118.733333333 	14.0 	0.0 	0.0 	0.0 	-0.0 	14.0 	0.0 	0.0 	0.0 	4.1363433106	-1.36741935484	156.922756428	-16.7847404558	
2.78333333333	0.0	0.0	0.0 	0.0 	118.966666667 	14.0 	0.0 	0.0 	0.0 	-0.0 	14.0 	0.0 	0.0 	0.0 	4.17178324484	-1.36741935484	156.854659709	-16.7706969924	
2.8	0.0	0.0	0.0 	0.0 	119.2 	14.0 	0.0 	0.0 	0.0 	-0.0 	14.0 	0.0 	0.0 	0.0 	4.20692544523	-1.36741935484	156.785989357	-16.7565352299	
2.81666666667	0.0	0.0	0.0 	0.0 	119.433333333 	14.0 	0.0 	0.0 	0.0 	-0.0 	14.0 	0.0 	0.0 	0.0 	4.24177241303	-1.36741935484	156.716750193	-16.7422561621	
2.83333333333	0.0	0.0	0.0 	0.0 	119.666666667 	14.0 	0.0 	0.0 	0.0 	-0.0 	14.0 	0.0 	0.0 	0.0 	4.27632662853	-1.36741935484	156.646946994	-16.7278607745	
2.85	0.0	0.0	0.0 	0.0 	119.9 	14.0 	0.0 	0.0 	0.0 	-0.0 	14.0 	0.0 	0.0 	0.0 	4.31059055116	-1.36741935484	156.5765845	-16.7133500444	
2.86666666667	0.0	0.0	0.0 	0.0 	120.133333333 	14.0 	0.0 	0.0 	0.0 	-0.0 	14.0 	0.0 	0.0 	0.0 	4.3445666197	-1.36741935484	156.505667408	-16.6987249407	
2.88333333333	0.0	0.0	0.0 	0.0 	120.366666667 	14.0 	0.0 	0.0 	0.0 	-0.0 	14.0 	0.0 	0.0 	0.0 	4.37825725244	-1.36741935484	156.434200379	-16.6839864243	
2.9	0.0	0.0	0.0 	0.0 	120.6 	14.0 	0.0 	0.0 	0.0 	-0.0 	14.0 	0.0 	0.0 	0.0 	4.41166484734	-1.36741935484	156.362188032	-16.669135448	
2.91666666667	0.0	0.0	0.0 	0.0 	120.833333333 	14.0 	0.0 	0.0 	0.0 	-0.0 	14.0 	0.0 	0.0 	0.0 	4.44479178222	-1.36741935484	156.289634948	-16.6541729566	
2.93333333333	0.0	0.0	0.0 	0.0 	121.066666667 	14.0 	0.0 	0.0 	0.0 	-0.0 	14.0 	0.0 	0.0 	0.0 	4.47764041495	-1.36741935484	156.21654567	-16.639099887	
2.95	0.0	0.0	0.0 	0.0 	121.3 	14.0 	0.0 	0.0 	0.0 	-0.0 	14.0 	0.0 	0.0 	0.0 	4.51021308355	-1.36741935484	156.142924704	-16.623917168	
2.96666666667	0.0	0.0	0.0 	0.0 	121.533333333 	14.0 	0.0 	0.0 	0.0 	-0.0 	14.0 	0.0 	0.0 	0.0 	4.54251210642	-1.36741935484	156.068776515	-16.6086257209	
2.98333333333	0.0	0.0	0.0 	0.0 	121.766666667 	14.0 	0.0 	0.0 	0.0 	-0.0 	14.0 	0.0 	0.0 	0.0 	4.57453978249	-1.36741935484	155.994105533	-16.5932264592	
3.0	0.0	0.0	0.0 	0.0 	122.0 	14.0 	0.0 	0.0 	0.0 	-0.0 	14.0 	0.0 	0.0 	0.0 	4.60629839137	-1.36741935484	155.918916149	-16.5777202885	
3.01666666667	0.0	0.0	0.0 	0.0 	122.233333333 	14.0 	0.0 	0.0 	0.0 	-0.0 	14.0 	0.0 	0.0 	0.0 	4.6377901935	-1.36741935484	155.84321272	-16.562108107	
3.03333333333	0.0	0.0	0.0 	0.0 	122.466666667 	14.0 	0.0 	0.0 	0.0 	-0.0 	14.0 	0.0 	0.0 	0.0 	4.66901743036	-1.36741935484	155.766999563	-16.5463908054	
3.05	0.0	0.0	0.0 	0.0 	122.7 	14.0 	0.0 	0.0 	0.0 	-0.0 	14.0 	0.0 	0.0 	0.0 	4.69998232457	-1.36741935484	155.690280962	-16.5305692667	
3.06666666667	0.0	0.0	0.0 	0.0 	122.933333333 	14.0 	0.0 	0.0 	0.0 	-0.0 	14.0 	0.0 	0.0 	0.0 	4.73068708011	-1.36741935484	155.613061161	-16.5146443667	
3.08333333333	0.0	0.0	0.0 	0.0 	123.166666667 	14.0 	0.0 	0.0 	0.0 	-0.0 	14.0 	0.0 	0.0 	0.0 	4.76113388242	-1.36741935484	155.535344372	-16.4986169737	
3.1	0.0	0.0	0.0 	0.0 	123.4 	14.0 	0.0 	0.0 	0.0 	-0.0 	14.0 	0.0 	0.0 	0.0 	4.79132489858	-1.36741935484	155.45713477	-16.4824879487	
3.11666666667	0.0	0.0	0.0 	0.0 	123.633333333 	14.0 	0.0 	0.0 	0.0 	-0.0 	14.0 	0.0 	0.0 	0.0 	4.82126227749	-1.36741935484	155.378436495	-16.4662581457	
3.13333333333	0.0	0.0	0.0 	0.0 	123.866666667 	14.0 	0.0 	0.0 	0.0 	-0.0 	14.0 	0.0 	0.0 	0.0 	4.85094814995	-1.36741935484	155.299253652	-16.4499284111	
3.15	0.0	0.0	0.0 	0.0 	124.1 	14.0 	0.0 	0.0 	0.0 	-0.0 	14.0 	0.0 	0.0 	0.0 	4.88038462891	-1.36741935484	155.219590313	-16.4334995846	
3.16666666667	0.0	0.0	0.0 	0.0 	124.333333333 	14.0 	0.0 	0.0 	0.0 	-0.0 	14.0 	0.0 	0.0 	0.0 	4.90957380953	-1.36741935484	155.139450514	-16.4169724987	
3.18333333333	0.0	0.0	0.0 	0.0 	124.566666667 	14.0 	0.0 	0.0 	0.0 	-0.0 	14.0 	0.0 	0.0 	0.0 	4.9385177694	-1.36741935484	155.058838258	-16.4003479787	
3.2	0.0	0.0	0.0 	0.0 	124.8 	14.0 	0.0 	0.0 	0.0 	-0.0 	14.0 	0.0 	0.0 	0.0 	4.96721856863	-1.36741935484	154.977757514	-16.3836268433	
3.21666666667	0.0	0.0	0.0 	0.0 	125.033333333 	14.0 	0.0 	0.0 	0.0 	-0.0 	14.0 	0.0 	0.0 	0.0 	4.99567825003	-1.36741935484	154.896212218	-16.3668099042	
3.23333333333	0.0	0.0	0.0 	0.0 	125.266666667 	14.0 	0.0 	0.0 	0.0 	-0.0 	14.0 	0.0 	0.0 	0.0 	5.02389883925	-1.36741935484	154.814206273	-16.3498979662	
3.25	0.0	0.0	0.0 	0.0 	125.5 	14.0 	0.0 	0.0 	0.0 	-0.0 	14.0 	0.0 	0.0 	0.0 	5.05188234494	-1.36741935484	154.731743547	-16.3328918274	
3.26666666667	0.0	0.0	0.0 	0.0 	125.733333333 	14.0 	0.0 	0.0 	0.0 	-0.0 	14.0 	0.0 	0.0 	0.0 	5.07963075885	-1.36741935484	154.64882788	-16.3157922791	
3.28333333333	0.0	0.0	0.0 	0.0 	125.966666667 	14.0 	0.0 	0.0 	0.0 	-0.0 	14.0 	0.0 	0.0 	0.0 	5.10714605599	-1.36741935484	154.565463076	-16.2986001062	
3.3	0.0	0.0	0.0 	0.0 	126.2 	14.0 	0.0 	0.0 	0.0 	-0.0 	14.0 	0.0 	0.0 	0.0 	5.06278616439	-1.3761052023	154.482677454	-16.2822757003	
3.31666666667	0.0	0.0	0.0 	0.0 	126.433333333 	14.0 	0.0 	0.0 	0.0 	-0.0 	14.0 	0.0 	0.0 	0.0 	5.0184262728	-1.38486715474	154.400478567	-16.2668139482	
3.33333333333	0.0	0.0	0.0 	0.0 	126.666666667 	14.0 	0.0 	0.0 	0.0 	-0.0 	14.0 	0.0 	0.0 	0.0 	4.9740663812	-1.39370655761	154.318873989	-16.2522096244	
3.35	0.0	0.0	0.0 	0.0 	126.9 	14.0 	0.0 	0.0 	0.0 	-0.0 	14.0 	0.0 	0.0 	0.0 	4.9297064896	-1.40262479235	154.237871314	-16.2384573899	
3.36666666667	0.0	0.0	0.0 	0.0 	127.133333333 	14.0 	0.0 	0.0 	0.0 	-0.0 	14.0 	0.0 	0.0 	0.0 	4.885346598	-1.4116232777	154.157478157	-16.225551789	
3.38333333333	0.0	0.0	0.0 	0.0 	127.366666667 	14.0 	0.0 	0.0 	0.0 	-0.0 	14.0 	0.0 	0.0 	0.0 	4.8409867064	-1.42070347103	154.077702149	-16.2134872478	
3.4	0.0	0.0	0.0 	0.0 	127.6 	14.0 	0.0 	0.0 	0.0 	-0.0 	14.0 	0.0 	0.0 	0.0 	4.7966268148	-1.42986686979	153.998550942	-16.2022580712	
3.41666666667	0.0	0.0	0.0 	0.0 	127.833333333 	14.0 	0.0 	0.0 	0.0 	-0.0 	14.0 	0.0 	0.0 	0.0 	4.7522669232	-1.43911501298	153.920032203	-16.1918584411	
3.43333333333	0.0	0.0	0.0 	0.0 	128.066666667 	14.0 	0.0 	0.0 	0.0 	-0.0 	14.0 	0.0 	0.0 	0.0 	4.7079070316	-1.44844948268	153.842153616	-16.1822824136	
3.45	0.0	0.0	0.0 	0.0 	128.3 	14.0 	0.0 	0.0 	0.0 	-0.0 	14.0 	0.0 	0.0 	0.0 	4.66354714	-1.4578719057	153.764922881	-16.1735239166	
3.46666666667	0.0	0.0	0.0 	0.0 	128.533333333 	14.0 	0.0 	0.0 	0.0 	-0.0 	14.0 	0.0 	0.0 	0.0 	4.6191872484	-1.46738395528	153.688347711	-16.1655767472	
3.48333333333	0.0	0.0	0.0 	0.0 	128.766666667 	14.0 	0.0 	0.0 	0.0 	-0.0 	14.0 	0.0 	0.0 	0.0 	4.57482735681	-1.47698735285	153.612435835	-16.1584345689	
3.5	0.0	0.0	0.0 	0.0 	129.0 	14.0 	0.0 	0.0 	0.0 	-0.0 	14.0 	0.0 	0.0 	0.0 	4.53046746521	-1.48668386992	153.537194991	-16.1520909094	
3.51666666667	0.0	0.0	0.0 	0.0 	129.233333333 	14.0 	0.0 	0.0 	0.0 	-0.0 	14.0 	0.0 	0.0 	0.0 	4.48610757361	-1.49647533006	153.462632933	-16.1465391572	
3.53333333333	0.0	0.0	0.0 	0.0 	129.466666667 	14.0 	0.0 	0.0 	0.0 	-0.0 	14.0 	0.0 	0.0 	0.0 	4.44174768201	-1.50636361091	153.38875742	-16.1417725592	
3.55	0.0	0.0	0.0 	0.0 	129.7 	14.0 	0.0 	0.0 	0.0 	-0.0 	14.0 	0.0 	0.0 	0.0 	4.39738779041	-1.51635064637	153.315576224	-16.1377842175	
3.56666666667	0.0	0.0	0.0 	0.0 	129.933333333 	14.0 	0.0 	0.0 	0.0 	-0.0 	14.0 	0.0 	0.0 	0.0 	4.35302789881	-1.52643842887	153.243097124	-16.1345670867	
3.58333333333	0.0	0.0	0.0 	0.0 	130.166666667 	14.0 	0.0 	0.0 	0.0 	-0.0 	14.0 	0.0 	0.0 	0.0 	4.30866800721	-1.53662901175	153.171327903	-16.1321139704	
3.6	0.0	0.0	0.0 	0.0 	130.4 	14.0 	0.0 	0.0 	0.0 	-0.0 	14.0 	0.0 	0.0 	0.0 	4.26430811561	-1.54692451178	153.10027635	-16.1304175186	
3.61666666667	0.0	0.0	0.0 	0.0 	130.633333333 	14.0 	0.0 	0.0 	0.0 	-0.0 	14.0 	0.0 	0.0 	0.0 	4.21994822401	-1.55732711178	153.02995026	-16.1294702241	
3.63333333333	0.0	0.0	0.0 	0.0 	130.866666667 	14.0 	0.0 	0.0 	0.0 	-0.0 	14.0 	0.0 	0.0 	0.0 	4.17558833242	-1.56783906341	152.960357425	-16.1292644192	
3.65	0.0	0.0	0.0 	0.0 	131.1 	14.0 	0.0 	0.0 	0.0 	-0.0 	14.0 	0.0 	0.0 	0.0 	4.13122844082	-1.57846269009	152.891505641	-16.1297922723	
3.66666666667	0.0	0.0	0.0 	0.0 	131.333333333 	14.0 	0.0 	0.0 	0.0 	-0.0 	14.0 	0.0 	0.0 	0.0 	4.08686854922	-1.58920039008	152.8234027	-16.1310457846	
3.68333333333	0.0	0.0	0.0 	0.0 	131.566666667 	14.0 	0.0 	0.0 	0.0 	-0.0 	14.0 	0.0 	0.0 	0.0 	4.04250865762	-1.60005463975	152.756056392	-16.1330167865	
3.7	0.0	0.0	0.0 	0.0 	131.8 	14.0 	0.0 	0.0 	0.0 	-0.0 	14.0 	0.0 	0.0 	0.0 	3.99814876602	-1.61102799698	152.6894745	-16.1356969334	
3.71666666667	0.0	0.0	0.0 	0.0 	132.033333333 	14.0 	0.0 	0.0 	0.0 	-0.0 	14.0 	0.0 	0.0 	0.0 	3.95378887442	-1.62212310479	152.6236648	-16.1390777026	
3.73333333333	0.0	0.0	0.0 	0.0 	132.266666667 	14.0 	0.0 	0.0 	0.0 	-0.0 	14.0 	0.0 	0.0 	0.0 	3.90942898282	-1.63334269516	152.558635058	-16.143150389	
3.75	0.0	0.0	0.0 	0.0 	132.5 	14.0 	0.0 	0.0 	0.0 	-0.0 	14.0 	0.0 	0.0 	0.0 	3.86506909122	-1.64468959308	152.494393027	-16.1479061014	
3.76666666667	0.0	0.0	0.0 	0.0 	132.733333333 	14.0 	0.0 	0.0 	0.0 	-0.0 	14.0 	0.0 	0.0 	0.0 	3.82070919962	-1.6561667208	152.430946447	-16.1533357579	
3.78333333333	0.0	0.0	0.0 	0.0 	132.966666667 	14.0 	0.0 	0.0 	0.0 	-0.0 	14.0 	0.0 	0.0 	0.0 	3.77634930803	-1.66777710235	152.36830304	-16.1594300824	
3.8	0.0	0.0	0.0 	0.0 	133.2 	14.0 	0.0 	0.0 	0.0 	-0.0 	14.0 	0.0 	0.0 	0.0 	3.73198941643	-1.67952386834	152.306470508	-16.1661795995	
3.81666666667	0.0	0.0	0.0 	0.0 	133.433333333 	14.0 	0.0 	0.0 	0.0 	-0.0 	14.0 	0.0 	0.0 	0.0 	3.68762952483	-1.69141026099	152.245456529	-16.1735746306	
3.83333333333	0.0	0.0	0.0 	0.0 	133.666666667 	14.0 	0.0 	0.0 	0.0 	-0.0 	14.0 	0.0 	0.0 	0.0 	3.64326963323	-1.70343963957	152.185268757	-16.1816052892	
3.85	0.0	0.0	0.0 	0.0 	133.9 	14.0 	0.0 	0.0 	0.0 	-0.0 	14.0 	0.0 	0.0 	0.0 	3.59890974163	-1.71561548601	152.125914817	-16.1902614759	
3.86666666667	0.0	0.0	0.0 	0.0 	134.133333333 	14.0 	0.0 	0.0 	0.0 	-0.0 	14.0 	0.0 	0.0 	0.0 	3.55454985003	-1.72794141102	152.067402299	-16.1995328741	
3.88333333333	0.0	0.0	0.0 	0.0 	134.366666667 	14.0 	0.0 	0.0 	0.0 	-0.0 	14.0 	0.0 	0.0 	0.0 	3.51018995843	-1.74042116049	152.009738761	-16.2094089444	
3.9	0.0	0.0	0.0 	0.0 	134.6 	14.0 	0.0 	0.0 	0.0 	-0.0 	14.0 	0.0 	0.0 	0.0 	3.46583006683	-1.75305862232	151.952931718	-16.2198789201	
3.91666666667	0.0	0.0	0.0 	0.0 	134.833333333 	14.0 	0.0 	0.0 	0.0 	-0.0 	14.0 	0.0 	0.0 	0.0 	3.42147017523	-1.76585783369	151.896988642	-16.2309318013	
3.93333333333	0.0	0.0	0.0 	0.0 	135.066666667 	14.0 	0.0 	0.0 	0.0 	-0.0 	14.0 	0.0 	0.0 	0.0 	3.37711028364	-1.77882298882	151.841916958	-16.2425563502	
3.95	0.0	0.0	0.0 	0.0 	135.3 	14.0 	0.0 	0.0 	0.0 	-0.0 	14.0 	0.0 	0.0 	0.0 	3.33275039204	-1.7919584472	151.787724038	-16.2547410848	
3.96666666667	0.0	0.0	0.0 	0.0 	135.533333333 	14.0 	0.0 	0.0 	0.0 	-0.0 	14.0 	0.0 	0.0 	0.0 	3.28839050044	-1.80526874242	151.734417197	-16.2674742737	
3.98333333333	0.0	0.0	0.0 	0.0 	135.766666667 	14.0 	0.0 	0.0 	0.0 	-0.0 	14.0 	0.0 	0.0 	0.0 	3.24403060884	-1.81875859151	151.682003689	-16.2807439301	
4.0	0.0	0.0	0.0 	0.0 	136.0 	14.0 	0.0 	0.0 	0.0 	-0.0 	14.0 	0.0 	0.0 	0.0 	3.19967071724	-1.83243290503	151.630490699	-16.2945378055	
4.01666666667	0.0	0.0	0.0 	0.0 	136.233333333 	14.0 	0.0 	0.0 	0.0 	-0.0 	14.0 	0.0 	0.0 	0.0 	3.15531082564	-1.84629679776	151.579885342	-16.3088433836	
4.03333333333	0.0	0.0	0.0 	0.0 	136.466666667 	14.0 	0.0 	0.0 	0.0 	-0.0 	14.0 	0.0 	0.0 	0.0 	3.11095093404	-1.86035560022	151.530194651	-16.3236478741	
4.05	0.0	0.0	0.0 	0.0 	136.7 	14.0 	0.0 	0.0 	0.0 	-0.0 	14.0 	0.0 	0.0 	0.0 	3.06659104244	-1.87461487095	151.481425577	-16.3389382056	
4.06666666667	0.0	0.0	0.0 	0.0 	136.933333333 	14.0 	0.0 	0.0 	0.0 	-0.0 	14.0 	0.0 	0.0 	0.0 	3.02223115084	-1.88908040971	151.433584978	-16.3547010193	
4.08333333333	0.0	0.0	0.0 	0.0 	137.166666667 	14.0 	0.0 	0.0 	0.0 	-0.0 	14.0 	0.0 	0.0 	0.0 	2.97787125925	-1.90375827166	151.386679615	-16.3709226617	
4.1	0.0	0.0	0.0 	0.0 	137.4 	14.0 	0.0 	0.0 	0.0 	-0.0 	14.0 	0.0 	0.0 	0.0 	2.93351136765	-1.91865478253	151.340716142	-16.3875891775	
4.11666666667	0.0	0.0	0.0 	0.0 	137.633333333 	14.0 	0.0 	0.0 	0.0 	-0.0 	14.0 	0.0 	0.0 	0.0 	2.88915147605	-1.93377655506	151.2957011	-16.404686302	
4.13333333333	0.0	0.0	0.0 	0.0 	137.866666667 	14.0 	0.0 	0.0 	0.0 	-0.0 	14.0 	0.0 	0.0 	0.0 	2.84479158445	-1.94913050654	151.25164091	-16.4221994538	
4.15	0.0	0.0	0.0 	0.0 	138.1 	14.0 	0.0 	0.0 	0.0 	-0.0 	14.0 	0.0 	0.0 	0.0 	2.80043169285	-1.9647238779	151.208541859	-16.4401137267	
4.16666666667	0.0	0.0	0.0 	0.0 	138.333333333 	14.0 	0.0 	0.0 	0.0 	-0.0 	14.0 	0.0 	0.0 	0.0 	2.75607180125	-1.98056425412	151.166410097	-16.4584138817	
4.18333333333	0.0	0.0	0.0 	0.0 	138.566666667 	14.0 	0.0 	0.0 	0.0 	-0.0 	14.0 	0.0 	0.0 	0.0 	2.71171190965	-1.99665958646	151.125251622	-16.4770843387	
4.2	0.0	0.0	0.0 	0.0 	138.8 	14.0 	0.0 	0.0 	0.0 	-0.0 	14.0 	0.0 	0.0 	0.0 	2.66735201805	-2.01301821639	151.085072275	-16.4961091678	
4.21666666667	0.0	0.0	0.0 	0.0 	139.033333333 	14.0 	0.0 	0.0 	0.0 	-0.0 	14.0 	0.0 	0.0 	0.0 	2.62299212645	-2.02964890154	151.045877721	-16.5154720809	
4.23333333333	0.0	0.0	0.0 	0.0 	139.266666667 	14.0 	0.0 	0.0 	0.0 	-0.0 	14.0 	0.0 	0.0 	0.0 	2.57863223485	-2.04656084388	151.007673444	-16.5351564222	
4.25	0.0	0.0	0.0 	0.0 	139.5 	14.0 	0.0 	0.0 	0.0 	-0.0 	14.0 	0.0 	0.0 	0.0 	2.53427234326	-2.06376372027	150.970464732	-16.5551451591	
4.26666666667	0.0	0.0	0.0 	0.0 	139.733333333 	14.0 	0.0 	0.0 	0.0 	-0.0 	14.0 	0.0 	0.0 	0.0 	2.48991245166	-2.08126771573	150.934256662	-16.5754208729	
4.28333333333	0.0	0.0	0.0 	0.0 	139.966666667 	14.0 	0.0 	0.0 	0.0 	-0.0 	14.0 	0.0 	0.0 	0.0 	2.44555256006	-2.09908355965	150.899054088	-16.5959657485	
4.3	0.0	0.0	0.0 	0.0 	140.2 	14.0 	0.0 	0.0 	0.0 	-0.0 	14.0 	0.0 	0.0 	0.0 	2.40119266846	-2.11722256525	150.864861623	-16.6167615649	
4.31666666667	0.0	0.0	0.0 	0.0 	140.433333333 	14.0 	0.0 	0.0 	0.0 	-0.0 	14.0 	0.0 	0.0 	0.0 	2.35683277686	-2.1356966728	150.831683626	-16.6377896844	
4.33333333333	0.0	0.0	0.0 	0.0 	140.666666667 	14.0 	0.0 	0.0 	0.0 	-0.0 	14.0 	0.0 	0.0 	0.0 	2.31247288526	-2.15451849675	150.79952418	-16.6590310425	
4.35	0.0	0.0	0.0 	0.0 	140.9 	14.0 	0.0 	0.0 	0.0 	-0.0 	14.0 	0.0 	0.0 	0.0 	2.26811299366	-2.1737013775	150.768387078	-16.6804661365	
4.36666666667	0.0	0.0	0.0 	0.0 	141.133333333 	14.0 	0.0 	0.0 	0.0 	-0.0 	14.0 	0.0 	0.0 	0.0 	2.22375310206	-2.1932594382	150.738275799	-16.7020750151	
4.38333333333	0.0	0.0	0.0 	0.0 	141.366666667 	14.0 	0.0 	0.0 	0.0 	-0.0 	14.0 	0.0 	0.0 	0.0 	2.17939321046	-2.21320764718	150.70919349	-16.7238372665	
4.4	0.0	0.0	0.0 	0.0 	141.6 	14.0 	0.0 	0.0 	0.0 	-0.0 	14.0 	0.0 	0.0 	0.0 	2.13503331887	-2.23356188678	150.681142938	-16.7457320074	
4.41666666667	0.0	0.0	0.0 	0.0 	141.833333333 	14.0 	0.0 	0.0 	0.0 	-0.0 	14.0 	0.0 	0.0 	0.0 	2.09067342727	-2.25433902932	150.654126552	-16.7677378708	
4.43333333333	0.0	0.0	0.0 	0.0 	142.066666667 	14.0 	0.0 	0.0 	0.0 	-0.0 	14.0 	0.0 	0.0 	0.0 	2.04631353567	-2.27555702111	150.628146329	-16.7898329942	
4.45	0.0	0.0	0.0 	0.0 	142.3 	14.0 	0.0 	0.0 	0.0 	-0.0 	14.0 	0.0 	0.0 	0.0 	2.00195364407	-2.29723497555	150.603203835	-16.8119950075	
4.46666666667	0.0	0.0	0.0 	0.0 	142.533333333 	14.0 	0.0 	0.0 	0.0 	-0.0 	14.0 	0.0 	0.0 	0.0 	1.95759375247	-2.31939327663	150.579300162	-16.834201021	
4.48333333333	0.0	0.0	0.0 	0.0 	142.766666667 	14.0 	0.0 	0.0 	0.0 	-0.0 	14.0 	0.0 	0.0 	0.0 	1.91323386087	-2.34205369407	150.556435908	-16.8564276125	
4.5	0.0	0.0	0.0 	0.0 	143.0 	14.0 	0.0 	0.0 	0.0 	-0.0 	14.0 	0.0 	0.0 	0.0 	1.86887396927	-2.36523951181	150.534611131	-16.8786508154	
4.51666666667	0.0	0.0	0.0 	0.0 	143.233333333 	14.0 	0.0 	0.0 	0.0 	-0.0 	14.0 	0.0 	0.0 	0.0 	1.82451407767	-2.38897567183	150.513825316	-16.900846106	
4.53333333333	0.0	0.0	0.0 	0.0 	143.466666667 	14.0 	0.0 	0.0 	0.0 	-0.0 	14.0 	0.0 	0.0 	0.0 	1.78015418607	-2.41328893537	150.494077335	-16.9229883915	
4.55	0.0	0.0	0.0 	0.0 	143.7 	14.0 	0.0 	0.0 	0.0 	-0.0 	14.0 	0.0 	0.0 	0.0 	1.73579429448	-2.43820806426	150.475365395	-16.9450519975	
4.56666666667	0.0	0.0	0.0 	0.0 	143.933333333 	14.0 	0.0 	0.0 	0.0 	-0.0 	14.0 	0.0 	0.0 	0.0 	1.69143440288	-2.46376402543	150.457686998	-16.9670106564	
4.58333333333	0.0	0.0	0.0 	0.0 	144.166666667 	14.0 	0.0 	0.0 	0.0 	-0.0 	14.0 	0.0 	0.0 	0.0 	1.64707451128	-2.48735630512	150.44098145	-16.9887935705	
4.6	0.0	0.0	0.0 	0.0 	144.4 	14.0 	0.0 	0.0 	0.0 	-0.0 	14.0 	0.0 	0.0 	0.0 	1.60271461968	-2.50477942651	150.425097578	-17.0102698077	
4.61666666667	0.0	0.0	0.0 	0.0 	144.633333333 	14.0 	0.0 	0.0 	0.0 	-0.0 	14.0 	0.0 	0.0 	0.0 	1.55835472808	-2.51705396606	150.409910811	-17.0313396193	
4.63333333333	0.0	0.0	0.0 	0.0 	144.866666667 	14.0 	0.0 	0.0 	0.0 	-0.0 	14.0 	0.0 	0.0 	0.0 	1.51399483648	-2.52503032155	150.395320092	-17.0519266953	
4.65	0.0	0.0	0.0 	0.0 	145.1 	14.0 	0.0 	0.0 	0.0 	-0.0 	14.0 	0.0 	0.0 	0.0 	1.46963494488	-2.52941715657	150.381244682	-17.0719725112	
4.66666666667	0.0	0.0	0.0 	0.0 	145.333333333 	14.0 	0.0 	0.0 	0.0 	-0.0 	14.0 	0.0 	0.0 	0.0 	1.42527505328	-2.53080511112	150.367621124	-17.091432186	
4.68333333333	0.0	0.0	0.0 	0.0 	145.566666667 	14.0 	0.0 	0.0 	0.0 	-0.0 	14.0 	0.0 	0.0 	0.0 	1.38091516168	-2.52968655998	150.354400501	-17.1102714267	
4.7	0.0	0.0	0.0 	0.0 	145.8 	14.0 	0.0 	0.0 	0.0 	-0.0 	14.0 	0.0 	0.0 	0.0 	1.33655527009	-2.5264720734	150.341546025	-17.1284642578	
4.71666666667	0.0	0.0	0.0 	0.0 	146.033333333 	14.0 	0.0 	0.0 	0.0 	-0.0 	14.0 	0.0 	0.0 	0.0 	1.29219537849	-2.52150412767	150.329030958	-17.1459913163	
4.73333333333	0.0	0.0	0.0 	0.0 	146.266666667 	14.0 	0.0 	0.0 	0.0 	-0.0 	14.0 	0.0 	0.0 	0.0 	1.24783548689	-2.51506852315	150.316836847	-17.1628385597	
4.75	0.0	0.0	0.0 	0.0 	146.5 	14.0 	0.0 	0.0 	0.0 	-0.0 	14.0 	0.0 	0.0 	0.0 	1.20347559529	-2.50740389174	150.30495204	-17.1789962755	
4.76666666667	0.0	0.0	0.0 	0.0 	146.733333333 	14.0 	0.0 	0.0 	0.0 	-0.0 	14.0 	0.0 	0.0 	0.0 	1.15911570369	-2.49870961251	150.293370437	-17.1944583127	
4.78333333333	0.0	0.0	0.0 	0.0 	146.966666667 	14.0 	0.0 	0.0 	0.0 	-0.0 	14.0 	0.0 	0.0 	0.0 	1.11475581209	-2.48915240138	150.28209046	-17.2092214814	
4.8	0.0	0.0	0.0 	0.0 	147.2 	14.0 	0.0 	0.0 	0.0 	-0.0 	14.0 	0.0 	0.0 	0.0 	1.07039592049	-2.47887179628	150.271114191	-17.2232850763	
4.81666666667	0.0	0.0	0.0 	0.0 	147.433333333 	14.0 	0.0 	0.0 	0.0 	-0.0 	14.0 	0.0 	0.0 	0.0 	1.02603602889	-2.46798472264	150.260446667	-17.2366504968	
4.83333333333	0.0	0.0	0.0 	0.0 	147.666666667 	14.0 	0.0 	0.0 	0.0 	-0.0 	14.0 	0.0 	0.0 	0.0 	0.981676137294	-2.45658929289	150.250095291	-17.2493209404	
4.85	0.0	0.0	0.0 	0.0 	147.9 	14.0 	0.0 	0.0 	0.0 	-0.0 	14.0 	0.0 	0.0 	0.0 	0.937316245695	-2.44476796815	150.240069353	-17.261301153	
4.86666666667	0.0	0.0	0.0 	0.0 	148.133333333 	14.0 	0.0 	0.0 	0.0 	-0.0 	14.0 	0.0 	0.0 	0.0 	0.892956354096	-2.43259018894	150.230379632	-17.2725972254	
4.88333333333	0.0	0.0	0.0 	0.0 	148.366666667 	14.0 	0.0 	0.0 	0.0 	-0.0 	14.0 	0.0 	0.0 	0.0 	0.848596462497	-2.42011456367	150.221038067	-17.283216424	
4.9	0.0	0.0	0.0 	0.0 	148.6 	14.0 	0.0 	0.0 	0.0 	-0.0 	14.0 	0.0 	0.0 	0.0 	0.804236570898	-2.40739068901	150.212057493	-17.293167051	
4.91666666667	0.0	0.0	0.0 	0.0 	148.833333333 	14.0 	0.0 	0.0 	0.0 	-0.0 	14.0 	0.0 	0.0 	0.0 	0.759876679299	-2.39446066372	150.203451415	-17.3024583267	
4.93333333333	0.0	0.0	0.0 	0.0 	149.066666667 	14.0 	0.0 	0.0 	0.0 	-0.0 	14.0 	0.0 	0.0 	0.0 	0.7155167877	-2.38136034735	150.195233827	-17.3111002901	
4.95	0.0	0.0	0.0 	0.0 	149.3 	14.0 	0.0 	0.0 	0.0 	-0.0 	14.0 	0.0 	0.0 	0.0 	0.671156896101	-2.36812040637	150.187419057	-17.3191037152	
4.96666666667	0.0	0.0	0.0 	0.0 	149.533333333 	14.0 	0.0 	0.0 	0.0 	-0.0 	14.0 	0.0 	0.0 	0.0 	0.626797004502	-2.35476718352	150.180021647	-17.3264800379	
4.98333333333	0.0	0.0	0.0 	0.0 	149.766666667 	14.0 	0.0 	0.0 	0.0 	-0.0 	14.0 	0.0 	0.0 	0.0 	0.582437112904	-2.34132341987	150.173056247	-17.3332412936	
5.0	0.0	0.0	0.0 	0.0 	150.0 	14.0 	0.0 	0.0 	0.0 	-0.0 	14.0 	0.0 	0.0 	0.0 	0.538077221305	-2.32780885428	150.166537523	-17.3394000622	
5.01666666667	0.0	0.0	0.0 	0.0 	150.233333333 	14.0 	0.0 	0.0 	0.0 	-0.0 	14.0 	0.0 	0.0 	0.0 	0.493717329706	-2.41025035123	150.161041879	-17.3455244495	
5.03333333333	0.0	0.0	0.0 	0.0 	150.466666667 	14.0 	0.0 	0.0 	0.0 	-0.0 	14.0 	0.0 	0.0 	0.0 	0.449357438107	-2.50009911474	150.156560342	-17.3515248911	
5.05	0.0	0.0	0.0 	0.0 	150.7 	14.0 	0.0 	0.0 	0.0 	-0.0 	14.0 	0.0 	0.0 	0.0 	0.404997546508	-2.59881761329	150.153073892	-17.3573047368	
5.06666666667	0.0	0.0	0.0 	0.0 	150.933333333 	14.0 	0.0 	0.0 	0.0 	-0.0 	14.0 	0.0 	0.0 	0.0 	0.360637654909	-2.70834887337	150.150550528	-17.3627600349	
5.08333333333	0.0	0.0	0.0 	0.0 	151.166666667 	14.0 	0.0 	0.0 	0.0 	-0.0 	14.0 	0.0 	0.0 	0.0 	0.31627776331	-2.83135292188	150.14894127	-17.3677796815	
5.1	0.0	0.0	0.0 	0.0 	151.4 	14.0 	0.0 	0.0 	0.0 	-0.0 	14.0 	0.0 	0.0 	0.0 	0.271917871711	-2.97160904085	150.148174615	-17.3722463292	
5.11666666667	0.0	0.0	0.0 	0.0 	151.633333333 	14.0 	0.0 	0.0 	0.0 	-0.0 	14.0 	0.0 	0.0 	0.0 	0.227557980112	-3.13474613559	150.148148649	-17.3760388734	
5.13333333333	0.0	0.0	0.0 	0.0 	151.866666667 	14.0 	0.0 	0.0 	0.0 	-0.0 	14.0 	0.0 	0.0 	0.0 	0.183198088513	-3.32968498844	150.148719571	-17.3790383229	
5.15	0.0	0.0	0.0 	0.0 	152.1 	14.0 	0.0 	0.0 	0.0 	-0.0 	14.0 	0.0 	0.0 	0.0 	0.138838196914	-3.57182666119	150.14968469	-17.3811414166	
5.16666666667	0.0	0.0	0.0 	0.0 	152.333333333 	14.0 	0.0 	0.0 	0.0 	-0.0 	14.0 	0.0 	0.0 	0.0 	0.0944783053155	-3.85433330552	150.150714361	-17.3823327448	
5.18333333333	0.0	0.0	0.0 	0.0 	152.566666667 	14.0 	0.0 	0.0 	0.0 	-0.0 	14.0 	0.0 	0.0 	0.0 	0.0501184137166	-4.08756787916	150.151391851	-17.3828213594	
5.2	0.0	0.0	0.0 	0.0 	152.8 	14.0 	0.0 	0.0 	0.0 	-0.0 	14.0 	0.0 	0.0 	0.0 	0.00575852211765	-4.2797463413	150.151478984	-17.3828615991	
5.21666666667	0.0	0.0	0.0 	0.0 	153.033333333 	14.0 	0.0 	0.0 	0.0 	-0.0 	14.0 	0.0 	0.0 	0.0 	0.0758998461866	-4.43771398039	150.152696561	-17.3832047096	
5.23333333333	0.0	0.0	0.0 	0.0 	153.266666667 	14.0 	0.0 	0.0 	0.0 	-0.0 	14.0 	0.0 	0.0 	0.0 	0.145451907099	-4.56935367964	150.155096003	-17.3835502744	
5.25	0.0	0.0	0.0 	0.0 	153.5 	14.0 	0.0 	0.0 	0.0 	-0.0 	14.0 	0.0 	0.0 	0.0 	0.214419655305	-4.67905342901	150.158667678	-17.3836693823	
5.26666666667	0.0	0.0	0.0 	0.0 	153.733333333 	14.0 	0.0 	0.0 	0.0 	-0.0 	14.0 	0.0 	0.0 	0.0 	0.282807999665	-4.77046988682	150.163373197	-17.3833957738	
5.28333333333	0.0	0.0	0.0 	0.0 	153.966666667 	14.0 	0.0 	0.0 	0.0 	-0.0 	14.0 	0.0 	0.0 	0.0 	0.350621807797	-4.84665026833	150.169164304	-17.3826135466	
5.3	0.0	0.0	0.0 	0.0 	154.2 	14.0 	0.0 	0.0 	0.0 	-0.0 	14.0 	0.0 	0.0 	0.0 	0.417865906431	-4.91013391958	150.175993013	-17.3812453232	
5.31666666667	0.0	0.0	0.0 	0.0 	154.433333333 	14.0 	0.0 	0.0 	0.0 	-0.0 	14.0 	0.0 	0.0 	0.0 	0.484545081743	-4.9630369623	150.183816413	-17.3792422805	
5.33333333333	0.0	0.0	0.0 	0.0 	154.666666667 	14.0 	0.0 	0.0 	0.0 	-0.0 	14.0 	0.0 	0.0 	0.0 	0.550664079701	-5.00712283123	150.192598399	-17.3765762846	
5.35	0.0	0.0	0.0 	0.0 	154.9 	14.0 	0.0 	0.0 	0.0 	-0.0 	14.0 	0.0 	0.0 	0.0 	0.616227606403	-5.04386105533	150.202309779	-17.3732339141	
5.36666666667	0.0	0.0	0.0 	0.0 	155.133333333 	14.0 	0.0 	0.0 	0.0 	-0.0 	14.0 	0.0 	0.0 	0.0 	0.681240328409	-5.07447624209	150.212927585	-17.3692120196	
5.38333333333	0.0	0.0	0.0 	0.0 	155.366666667 	14.0 	0.0 	0.0 	0.0 	-0.0 	14.0 	0.0 	0.0 	0.0 	0.745706873075	-5.09998889772	150.224434077	-17.3645144707	
5.4	0.0	0.0	0.0 	0.0 	155.6 	14.0 	0.0 	0.0 	0.0 	-0.0 	14.0 	0.0 	0.0 	0.0 	0.809631828884	-5.12124944408	150.236815702	-17.3591497965	
5.41666666667	0.0	0.0	0.0 	0.0 	155.833333333 	14.0 	0.0 	0.0 	0.0 	-0.0 	14.0 	0.0 	0.0 	0.0 	0.873019745769	-5.13896656604	150.250062134	-17.3531294886	
5.43333333333	0.0	0.0	0.0 	0.0 	156.066666667 	14.0 	0.0 	0.0 	0.0 	-0.0 	14.0 	0.0 	0.0 	0.0 	0.935875135438	-5.15373083435	150.264165449	-17.3464667888	
5.45	0.0	0.0	0.0 	0.0 	156.3 	14.0 	0.0 	0.0 	0.0 	-0.0 	14.0 	0.0 	0.0 	0.0 	0.998202471699	-5.16603439127	150.279119446	-17.3391758325	
5.46666666667	0.0	0.0	0.0 	0.0 	156.533333333 	14.0 	0.0 	0.0 	0.0 	-0.0 	14.0 	0.0 	0.0 	0.0 	1.06000619077	-5.17628735537	150.294919103	-17.3312710505	
5.48333333333	0.0	0.0	0.0 	0.0 	156.766666667 	14.0 	0.0 	0.0 	0.0 	-0.0 	14.0 	0.0 	0.0 	0.0 	1.12129069161	-5.18483149212	150.311560168	-17.3227667596	
5.5	0.0	0.0	0.0 	0.0 	157.0 	14.0 	0.0 	0.0 	0.0 	-0.0 	14.0 	0.0 	0.0 	0.0 	1.1820603362	-5.19195160607	150.329038837	-17.3136768893	
5.51666666667	0.0	0.0	0.0 	0.0 	157.233333333 	14.0 	0.0 	0.0 	0.0 	-0.0 	14.0 	0.0 	0.0 	0.0 	1.24231944991	-5.19788503437	150.347351528	-17.3040148088	
5.53333333333	0.0	0.0	0.0 	0.0 	157.466666667 	14.0 	0.0 	0.0 	0.0 	-0.0 	14.0 	0.0 	0.0 	0.0 	1.30207232174	-5.20282955796	150.366494713	-17.2937932247	
5.55	0.0	0.0	0.0 	0.0 	157.7 	14.0 	0.0 	0.0 	0.0 	-0.0 	14.0 	0.0 	0.0 	0.0 	1.36132320467	-5.20694999427	150.386464806	-17.2830241301	
5.56666666667	0.0	0.0	0.0 	0.0 	157.933333333 	14.0 	0.0 	0.0 	0.0 	-0.0 	14.0 	0.0 	0.0 	0.0 	1.42007631596	-5.21038369121	150.407258089	-17.2717187897	
5.58333333333	0.0	0.0	0.0 	0.0 	158.166666667 	14.0 	0.0 	0.0 	0.0 	-0.0 	14.0 	0.0 	0.0 	0.0 	1.47833583743	-5.21324510532	150.428870664	-17.2598877497	
5.6	0.0	0.0	0.0 	0.0 	158.4 	14.0 	0.0 	0.0 	0.0 	-0.0 	14.0 	0.0 	0.0 	0.0 	1.53610591576	-5.21562961708	150.451298433	-17.2475408647	
5.61666666667	0.0	0.0	0.0 	0.0 	158.633333333 	14.0 	0.0 	0.0 	0.0 	-0.0 	14.0 	0.0 	0.0 	0.0 	1.59339066281	-5.21761671021	150.474537087	-17.2346873346	
5.63333333333	0.0	0.0	0.0 	0.0 	158.866666667 	14.0 	0.0 	0.0 	0.0 	-0.0 	14.0 	0.0 	0.0 	0.0 	1.65019415588	-5.21927262115	150.49858211	-17.2213357486	
5.65	0.0	0.0	0.0 	0.0 	159.1 	14.0 	0.0 	0.0 	0.0 	-0.0 	14.0 	0.0 	0.0 	0.0 	1.70652043804	-5.22065254694	150.523428788	-17.2074941314	
5.66666666667	0.0	0.0	0.0 	0.0 	159.333333333 	14.0 	0.0 	0.0 	0.0 	-0.0 	14.0 	0.0 	0.0 	0.0 	1.76237351837	-5.22180248509	150.549072224	-17.1931699912	
5.68333333333	0.0	0.0	0.0 	0.0 	159.566666667 	14.0 	0.0 	0.0 	0.0 	-0.0 	14.0 	0.0 	0.0 	0.0 	1.81775737229	-5.22276076689	150.575507353	-17.1783703655	
5.7	0.0	0.0	0.0 	0.0 	159.8 	14.0 	0.0 	0.0 	0.0 	-0.0 	14.0 	0.0 	0.0 	0.0 	1.87267594179	-5.22355933505	150.602728962	-17.1631018663	
5.71666666667	0.0	0.0	0.0 	0.0 	160.033333333 	14.0 	0.0 	0.0 	0.0 	-0.0 	14.0 	0.0 	0.0 	0.0 	1.92713313577	-5.22422480852	150.630731711	-17.1473707225	
5.73333333333	0.0	0.0	0.0 	0.0 	160.266666667 	14.0 	0.0 	0.0 	0.0 	-0.0 	14.0 	0.0 	0.0 	0.0 	1.98113283029	-5.22477936974	150.659510144	-17.1311828184	
5.75	0.0	0.0	0.0 	0.0 	160.5 	14.0 	0.0 	0.0 	0.0 	-0.0 	14.0 	0.0 	0.0 	0.0 	2.03467886885	-5.2252415041	150.689058715	-17.1145437307	
5.76666666667	0.0	0.0	0.0 	0.0 	160.733333333 	14.0 	0.0 	0.0 	0.0 	-0.0 	14.0 	0.0 	0.0 	0.0 	2.08777506263	-5.22562661606	150.719371796	-17.0974587606	
5.78333333333	0.0	0.0	0.0 	0.0 	160.966666667 	14.0 	0.0 	0.0 	0.0 	-0.0 	14.0 	0.0 	0.0 	0.0 	2.14042519083	-5.22594754269	150.750443698	-17.0799329639	
5.8	0.0	0.0	0.0 	0.0 	161.2 	14.0 	0.0 	0.0 	0.0 	-0.0 	14.0 	0.0 	0.0 	0.0 	2.19263300088	-5.22621498156	150.782268683	-17.061971178	
5.81666666667	0.0	0.0	0.0 	0.0 	161.433333333 	14.0 	0.0 	0.0 	0.0 	-0.0 	14.0 	0.0 	0.0 	0.0 	2.24440220873	-5.22643784727	150.814840974	-17.0435780452	
5.83333333333	0.0	0.0	0.0 	0.0 	161.666666667 	14.0 	0.0 	0.0 	0.0 	-0.0 	14.0 	0.0 	0.0 	0.0 	2.29573649912	-5.22662356871	150.848154768	-17.0247580346	
5.85	0.0	0.0	0.0 	0.0 	161.9 	14.0 	0.0 	0.0 	0.0 	-0.0 	14.0 	0.0 	0.0 	0.0 	2.34663952582	-5.22677833657	150.882204246	-17.0055154607	
5.86666666667	0.0	0.0	0.0 	0.0 	162.133333333 	14.0 	0.0 	0.0 	0.0 	-0.0 	14.0 	0.0 	0.0 	0.0 	2.39711491192	-5.22690730978	150.916983582	-16.9858545001	
5.88333333333	0.0	0.0	0.0 	0.0 	162.366666667 	14.0 	0.0 	0.0 	0.0 	-0.0 	14.0 	0.0 	0.0 	0.0 	2.44716625006	-5.22701478746	150.952486946	-16.9657792061	
5.9	0.0	0.0	0.0 	0.0 	162.6 	14.0 	0.0 	0.0 	0.0 	-0.0 	14.0 	0.0 	0.0 	0.0 	2.4967971027	-5.2271043522	150.988708517	-16.9452935219	
5.91666666667	0.0	0.0	0.0 	0.0 	162.833333333 	14.0 	0.0 	0.0 	0.0 	-0.0 	14.0 	0.0 	0.0 	0.0 	2.54601100238	-5.22717898948	151.025642486	-16.9244012915	
5.93333333333	0.0	0.0	0.0 	0.0 	163.066666667 	14.0 	0.0 	0.0 	0.0 	-0.0 	14.0 	0.0 	0.0 	0.0 	2.59481145195	-5.22724118721	151.063283059	-16.9031062699	
5.95	0.0	0.0	0.0 	0.0 	163.3 	14.0 	0.0 	0.0 	0.0 	-0.0 	14.0 	0.0 	0.0 	0.0 	2.64320192485	-5.22729301865	151.101624464	-16.8814121314	
5.96666666667	0.0	0.0	0.0 	0.0 	163.533333333 	14.0 	0.0 	0.0 	0.0 	-0.0 	14.0 	0.0 	0.0 	0.0 	2.69118586532	-5.22733621152	151.140660954	-16.8593224775	
5.98333333333	0.0	0.0	0.0 	0.0 	163.766666667 	14.0 	0.0 	0.0 	0.0 	-0.0 	14.0 	0.0 	0.0 	0.0 	2.73876668867	-5.22737220558	151.18038681	-16.8368408433	
6.0	0.0	0.0	0.0 	0.0 	164.0 	14.0 	0.0 	0.0 	0.0 	-0.0 	14.0 	0.0 	0.0 	0.0 	2.78594778153	-5.22740220063	151.220796343	-16.8139707029	
6.01666666667	0.0	0.0	0.0 	0.0 	164.233333333 	14.0 	0.0 	0.0 	0.0 	-0.0 	14.0 	0.0 	0.0 	0.0 	2.83273250207	-5.2274271965	151.261883895	-16.7907154748	
6.03333333333	0.0	0.0	0.0 	0.0 	164.466666667 	14.0 	0.0 	0.0 	0.0 	-0.0 	14.0 	0.0 	0.0 	0.0 	2.87912418023	-5.22744802639	151.303643847	-16.7670785257	
6.05	0.0	0.0	0.0 	0.0 	164.7 	14.0 	0.0 	0.0 	0.0 	-0.0 	14.0 	0.0 	0.0 	0.0 	2.92512611801	-5.22746538464	151.346070611	-16.7430631749	
6.06666666667	0.0	0.0	0.0 	0.0 	164.933333333 	14.0 	0.0 	0.0 	0.0 	-0.0 	14.0 	0.0 	0.0 	0.0 	2.97074158965	-5.22747984984	151.389158642	-16.7186726967	
6.08333333333	0.0	0.0	0.0 	0.0 	165.166666667 	14.0 	0.0 	0.0 	0.0 	-0.0 	14.0 	0.0 	0.0 	0.0 	3.01597384188	-5.22749190418	151.432902428	-16.693910324	
6.1	0.0	0.0	0.0 	0.0 	165.4 	14.0 	0.0 	0.0 	0.0 	-0.0 	14.0 	0.0 	0.0 	0.0 	3.06082609416	-5.22750194946	151.4772965	-16.66877925	
6.11666666667	0.0	0.0	0.0 	0.0 	165.633333333 	14.0 	0.0 	0.0 	0.0 	-0.0 	14.0 	0.0 	0.0 	0.0 	3.10530153889	-5.22751032053	151.522335429	-16.6432826311	
6.13333333333	0.0	0.0	0.0 	0.0 	165.866666667 	14.0 	0.0 	0.0 	0.0 	-0.0 	14.0 	0.0 	0.0 	0.0 	3.14940334168	-5.22751729642	151.568013825	-16.6174235879	
6.15	0.0	0.0	0.0 	0.0 	166.1 	14.0 	0.0 	0.0 	0.0 	-0.0 	14.0 	0.0 	0.0 	0.0 	3.19313464152	-5.22752310966	151.614326339	-16.5912052077	
6.16666666667	0.0	0.0	0.0 	0.0 	166.333333333 	14.0 	0.0 	0.0 	0.0 	-0.0 	14.0 	0.0 	0.0 	0.0 	3.23649855104	-5.22752795403	151.661267666	-16.5646305451	
6.18333333333	0.0	0.0	0.0 	0.0 	166.566666667 	14.0 	0.0 	0.0 	0.0 	-0.0 	14.0 	0.0 	0.0 	0.0 	3.27949815671	-5.227531991	151.708832538	-16.5377026237	
6.2	0.0	0.0	0.0 	0.0 	166.8 	14.0 	0.0 	0.0 	0.0 	-0.0 	14.0 	0.0 	0.0 	0.0 	3.32213651908	-5.22753535515	151.757015733	-16.5104244371	
6.21666666667	0.0	0.0	0.0 	0.0 	167.033333333 	14.0 	0.0 	0.0 	0.0 	-0.0 	14.0 	0.0 	0.0 	0.0 	3.36441667298	-5.2275381586	151.805812068	-16.4827989498	
6.23333333333	0.0	0.0	0.0 	0.0 	167.266666667 	14.0 	0.0 	0.0 	0.0 	-0.0 	14.0 	0.0 	0.0 	0.0 	3.40634162776	-5.22754049481	151.855216403	-16.454829098	
6.25	0.0	0.0	0.0 	0.0 	167.5 	14.0 	0.0 	0.0 	0.0 	-0.0 	14.0 	0.0 	0.0 	0.0 	3.44791436747	-5.22754244165	151.905223639	-16.4265177905	
6.26666666667	0.0	0.0	0.0 	0.0 	167.733333333 	14.0 	0.0 	0.0 	0.0 	-0.0 	14.0 	0.0 	0.0 	0.0 	3.48913785111	-5.22754406402	151.955828717	-16.397867909	
6.28333333333	0.0	0.0	0.0 	0.0 	167.966666667 	14.0 	0.0 	0.0 	0.0 	-0.0 	14.0 	0.0 	0.0 	0.0 	3.53001501279	-5.227545416	152.007026623	-16.3688823093	
6.3	0.0	0.0	0.0 	0.0 	168.2 	14.0 	0.0 	0.0 	0.0 	-0.0 	14.0 	0.0 	0.0 	0.0 	3.57054876201	-5.22754654264	152.058812381	-16.3395638212	
6.31666666667	0.0	0.0	0.0 	0.0 	168.433333333 	14.0 	0.0 	0.0 	0.0 	-0.0 	14.0 	0.0 	0.0 	0.0 	3.61074198379	-5.22754748151	152.111181057	-16.3099152494	
6.33333333333	0.0	0.0	0.0 	0.0 	168.666666667 	14.0 	0.0 	0.0 	0.0 	-0.0 	14.0 	0.0 	0.0 	0.0 	3.65059753894	-5.2275482639	152.164127757	-16.2799393737	
6.35	0.0	0.0	0.0 	0.0 	168.9 	14.0 	0.0 	0.0 	0.0 	-0.0 	14.0 	0.0 	0.0 	0.0 	3.69011826422	-5.2275489159	152.21764763	-16.2496389495	
6.36666666667	0.0	0.0	0.0 	0.0 	169.133333333 	14.0 	0.0 	0.0 	0.0 	-0.0 	14.0 	0.0 	0.0 	0.0 	3.72930697257	-5.22754945923	152.271735862	-16.2190167083	
6.38333333333	0.0	0.0	0.0 	0.0 	169.366666667 	14.0 	0.0 	0.0 	0.0 	-0.0 	14.0 	0.0 	0.0 	0.0 	3.76816645329	-5.227549912	152.32638768	-16.1880753578	
6.4	0.0	0.0	0.0 	0.0 	169.6 	14.0 	0.0 	0.0 	0.0 	-0.0 	14.0 	0.0 	0.0 	0.0 	3.80669947225	-5.22755028931	152.381598353	-16.1568175823	
6.41666666667	0.0	0.0	0.0 	0.0 	169.833333333 	14.0 	0.0 	0.0 	0.0 	-0.0 	14.0 	0.0 	0.0 	0.0 	3.84490877207	-5.22755060374	152.437363186	-16.1252460429	
6.43333333333	0.0	0.0	0.0 	0.0 	170.066666667 	14.0 	0.0 	0.0 	0.0 	-0.0 	14.0 	0.0 	0.0 	0.0 	3.88279707236	-5.22755086576	152.493677526	-16.0933633782	
6.45	0.0	0.0	0.0 	0.0 	170.3 	14.0 	0.0 	0.0 	0.0 	-0.0 	14.0 	0.0 	0.0 	0.0 	3.92036706986	-5.22755108411	152.550536757	-16.061172204	
6.46666666667	0.0	0.0	0.0 	0.0 	170.533333333 	14.0 	0.0 	0.0 	0.0 	-0.0 	14.0 	0.0 	0.0 	0.0 	3.95762143865	-5.22755126607	152.607936303	-16.0286751138	
6.48333333333	0.0	0.0	0.0 	0.0 	170.766666667 	14.0 	0.0 	0.0 	0.0 	-0.0 	14.0 	0.0 	0.0 	0.0 	3.99456283035	-5.2275514177	152.665871625	-15.9958746791	
6.5	0.0	0.0	0.0 	0.0 	171.0 	14.0 	0.0 	0.0 	0.0 	-0.0 	14.0 	0.0 	0.0 	0.0 	4.03119387433	-5.22755154406	152.724338223	-15.9627734497	
6.51666666667	0.0	0.0	0.0 	0.0 	171.233333333 	14.0 	0.0 	0.0 	0.0 	-0.0 	14.0 	0.0 	0.0 	0.0 	4.06751717782	-5.22755164936	152.783331634	-15.9293739536	
6.53333333333	0.0	0.0	0.0 	0.0 	171.466666667 	14.0 	0.0 	0.0 	0.0 	-0.0 	14.0 	0.0 	0.0 	0.0 	4.10353532619	-5.22755173711	152.842847433	-15.8956786973	
6.55	0.0	0.0	0.0 	0.0 	171.7 	14.0 	0.0 	0.0 	0.0 	-0.0 	14.0 	0.0 	0.0 	0.0 	4.13925088307	-5.22755181024	152.902881232	-15.8616901664	
6.56666666667	0.0	0.0	0.0 	0.0 	171.933333333 	14.0 	0.0 	0.0 	0.0 	-0.0 	14.0 	0.0 	0.0 	0.0 	4.17466639056	-5.22755187118	152.963428678	-15.8274108253	
6.58333333333	0.0	0.0	0.0 	0.0 	172.166666667 	14.0 	0.0 	0.0 	0.0 	-0.0 	14.0 	0.0 	0.0 	0.0 	4.20978436939	-5.22755192196	153.024485458	-15.7928431177	
6.6	0.0	0.0	0.0 	0.0 	172.4 	14.0 	0.0 	0.0 	0.0 	-0.0 	14.0 	0.0 	0.0 	0.0 	4.24460731913	-5.22755196428	153.086047293	-15.7579894666	
6.61666666667	0.0	0.0	0.0 	0.0 	172.633333333 	14.0 	0.0 	0.0 	0.0 	-0.0 	14.0 	0.0 	0.0 	0.0 	4.27913771835	-5.22755199954	153.148109939	-15.7228522745	
6.63333333333	0.0	0.0	0.0 	0.0 	172.866666667 	14.0 	0.0 	0.0 	0.0 	-0.0 	14.0 	0.0 	0.0 	0.0 	4.31337802478	-5.22755202893	153.21066919	-15.687433924	
6.65	0.0	0.0	0.0 	0.0 	173.1 	14.0 	0.0 	0.0 	0.0 	-0.0 	14.0 	0.0 	0.0 	0.0 	4.34733067552	-5.22755205342	153.273720874	-15.6517367772	
6.66666666667	0.0	0.0	0.0 	0.0 	173.333333333 	14.0 	0.0 	0.0 	0.0 	-0.0 	14.0 	0.0 	0.0 	0.0 	4.38099808719	-5.22755207383	153.337260853	-15.6157631765	
6.68333333333	0.0	0.0	0.0 	0.0 	173.566666667 	14.0 	0.0 	0.0 	0.0 	-0.0 	14.0 	0.0 	0.0 	0.0 	4.41438265611	-5.22755209083	153.401285027	-15.5795154448	
6.7	0.0	0.0	0.0 	0.0 	173.8 	14.0 	0.0 	0.0 	0.0 	-0.0 	14.0 	0.0 	0.0 	0.0 	4.44748675845	-5.22755210501	153.465789327	-15.5429958851	
6.71666666667	0.0	0.0	0.0 	0.0 	174.033333333 	14.0 	0.0 	0.0 	0.0 	-0.0 	14.0 	0.0 	0.0 	0.0 	4.48031275045	-5.22755211682	153.530769719	-15.5062067812	
6.73333333333	0.0	0.0	0.0 	0.0 	174.266666667 	14.0 	0.0 	0.0 	0.0 	-0.0 	14.0 	0.0 	0.0 	0.0 	4.51286296854	-5.22755212666	153.596222204	-15.4691503977	
6.75	0.0	0.0	0.0 	0.0 	174.5 	14.0 	0.0 	0.0 	0.0 	-0.0 	14.0 	0.0 	0.0 	0.0 	4.54513972951	-5.22755213486	153.662142816	-15.4318289801	
6.76666666667	0.0	0.0	0.0 	0.0 	174.733333333 	14.0 	0.0 	0.0 	0.0 	-0.0 	14.0 	0.0 	0.0 	0.0 	4.5771453307	-5.22755214169	153.728527623	-15.3942447551	
6.78333333333	0.0	0.0	0.0 	0.0 	174.966666667 	14.0 	0.0 	0.0 	0.0 	-0.0 	14.0 	0.0 	0.0 	0.0 	4.60888205014	-5.22755214739	153.795372724	-15.3563999306	
6.8	0.0	0.0	0.0 	0.0 	175.2 	14.0 	0.0 	0.0 	0.0 	-0.0 	14.0 	0.0 	0.0 	0.0 	4.64035214674	-5.22755215214	153.862674252	-15.318296696	
6.81666666667	0.0	0.0	0.0 	0.0 	175.433333333 	14.0 	0.0 	0.0 	0.0 	-0.0 	14.0 	0.0 	0.0 	0.0 	4.67155786041	-5.22755215609	153.930428374	-15.2799372222	
6.83333333333	0.0	0.0	0.0 	0.0 	175.666666667 	14.0 	0.0 	0.0 	0.0 	-0.0 	14.0 	0.0 	0.0 	0.0 	4.70250141226	-5.22755215939	153.998631286	-15.241323662	
6.85	0.0	0.0	0.0 	0.0 	175.9 	14.0 	0.0 	0.0 	0.0 	-0.0 	14.0 	0.0 	0.0 	0.0 	4.73318500473	-5.22755216213	154.06727922	-15.2024581501	
6.86666666667	0.0	0.0	0.0 	0.0 	176.133333333 	14.0 	0.0 	0.0 	0.0 	-0.0 	14.0 	0.0 	0.0 	0.0 	4.76361082177	-5.22755216442	154.136368435	-15.163342803	
6.88333333333	0.0	0.0	0.0 	0.0 	176.366666667 	14.0 	0.0 	0.0 	0.0 	-0.0 	14.0 	0.0 	0.0 	0.0 	4.79378102896	-5.22755216633	154.205895224	-15.1239797198	
6.9	0.0	0.0	0.0 	0.0 	176.6 	14.0 	0.0 	0.0 	0.0 	-0.0 	14.0 	0.0 	0.0 	0.0 	4.8236977737	-5.22755216792	154.275855913	-15.0843709816	
6.91666666667	0.0	0.0	0.0 	0.0 	176.833333333 	14.0 	0.0 	0.0 	0.0 	-0.0 	14.0 	0.0 	0.0 	0.0 	4.85336318536	-5.22755216924	154.346246855	-15.0445186523	
6.93333333333	0.0	0.0	0.0 	0.0 	177.066666667 	14.0 	0.0 	0.0 	0.0 	-0.0 	14.0 	0.0 	0.0 	0.0 	4.8827793754	-5.22755217035	154.417064435	-15.0044247784	
6.95	0.0	0.0	0.0 	0.0 	177.3 	14.0 	0.0 	0.0 	0.0 	-0.0 	14.0 	0.0 	0.0 	0.0 	4.91194843756	-5.22755217127	154.48830507	-14.964091389	
6.96666666667	0.0	0.0	0.0 	0.0 	177.533333333 	14.0 	0.0 	0.0 	0.0 	-0.0 	14.0 	0.0 	0.0 	0.0 	4.94087244797	-5.22755217203	154.559965206	-14.9235204963	
6.98333333333	0.0	0.0	0.0 	0.0 	177.766666667 	14.0 	0.0 	0.0 	0.0 	-0.0 	14.0 	0.0 	0.0 	0.0 	4.96955346535	-5.22755217267	154.632041318	-14.8827140958	
7.0	0.0	0.0	0.0 	0.0 	178.0 	14.0 	0.0 	0.0 	0.0 	-0.0 	14.0 	0.0 	0.0 	0.0 	4.99799353108	-5.22755217321	154.704529911	-14.8416741658	
7.01666666667	0.0	0.0	0.0 	0.0 	178.233333333 	14.0 	0.0 	0.0 	0.0 	-0.0 	14.0 	0.0 	0.0 	0.0 	5.02619466944	-5.22755217365	154.777427521	-14.8004026683	
7.03333333333	0.0	0.0	0.0 	0.0 	178.466666667 	14.0 	0.0 	0.0 	0.0 	-0.0 	14.0 	0.0 	0.0 	0.0 	5.05415888767	-5.22755217402	154.850730711	-14.7589015487	
7.05	0.0	0.0	0.0 	0.0 	178.7 	14.0 	0.0 	0.0 	0.0 	-0.0 	14.0 	0.0 	0.0 	0.0 	5.08188817614	-5.22755217433	154.924436074	-14.7171727361	
7.06666666667	0.0	0.0	0.0 	0.0 	178.933333333 	14.0 	0.0 	0.0 	0.0 	-0.0 	14.0 	0.0 	0.0 	0.0 	5.10938450854	-5.22755217458	154.998540231	-14.6752181434	
7.08333333333	0.0	0.0	0.0 	0.0 	179.166666667 	14.0 	0.0 	0.0 	0.0 	-0.0 	14.0 	0.0 	0.0 	0.0 	5.13664984194	-5.2275521748	155.073039831	-14.6330396674	
7.1	0.0	0.0	0.0 	0.0 	179.4 	14.0 	0.0 	0.0 	0.0 	-0.0 	14.0 	0.0 	0.0 	0.0 	5.16368611698	-5.22755217498	155.147931553	-14.5906391888	
7.11666666667	0.0	0.0	0.0 	0.0 	179.633333333 	14.0 	0.0 	0.0 	0.0 	-0.0 	14.0 	0.0 	0.0 	0.0 	5.190495258	-5.22755217512	155.223212103	-14.5480185729	
7.13333333333	0.0	0.0	0.0 	0.0 	179.866666667 	14.0 	0.0 	0.0 	0.0 	-0.0 	14.0 	0.0 	0.0 	0.0 	5.21707917318	-5.22755217525	155.298878214	-14.505179669	
7.15	0.0	0.0	0.0 	0.0 	180.1 	14.0 	0.0 	0.0 	0.0 	-0.0 	14.0 	0.0 	0.0 	0.0 	5.24343975465	-5.22755217535	155.374926646	-14.4621243109	
7.16666666667	0.0	0.0	0.0 	0.0 	180.333333333 	14.0 	0.0 	0.0 	0.0 	-0.0 	14.0 	0.0 	0.0 	0.0 	5.26957887866	-5.22755217544	155.451354188	-14.4188543171	
7.18333333333	0.0	0.0	0.0 	0.0 	180.566666667 	14.0 	0.0 	0.0 	0.0 	-0.0 	14.0 	0.0 	0.0 	0.0 	5.2954984057	-5.22755217551	155.528157655	-14.3753714907	
7.2	0.0	0.0	0.0 	0.0 	180.8 	14.0 	0.0 	0.0 	0.0 	-0.0 	14.0 	0.0 	0.0 	0.0 	5.32120018061	-5.22755217557	155.605333888	-14.3316776199	
7.21666666667	0.0	0.0	0.0 	0.0 	181.033333333 	14.0 	0.0 	0.0 	0.0 	-0.0 	14.0 	0.0 	0.0 	0.0 	5.34668603275	-5.22755217562	155.682879757	-14.2877744776	
7.23333333333	0.0	0.0	0.0 	0.0 	181.266666667 	14.0 	0.0 	0.0 	0.0 	-0.0 	14.0 	0.0 	0.0 	0.0 	5.3719577761	-5.22755217566	155.760792155	-14.2436638218	
7.25	0.0	0.0	0.0 	0.0 	181.5 	14.0 	0.0 	0.0 	0.0 	-0.0 	14.0 	0.0 	0.0 	0.0 	5.39701720942	-5.22755217569	155.839068004	-14.1993473961	
7.26666666667	0.0	0.0	0.0 	0.0 	181.733333333 	14.0 	0.0 	0.0 	0.0 	-0.0 	14.0 	0.0 	0.0 	0.0 	5.42186611633	-5.22755217572	155.91770425	-14.1548269289	
7.28333333333	0.0	0.0	0.0 	0.0 	181.966666667 	14.0 	0.0 	0.0 	0.0 	-0.0 	14.0 	0.0 	0.0 	0.0 	5.44650626549	-5.22755217575	155.996697865	-14.1101041346	
7.3	0.0	0.0	0.0 	0.0 	182.2 	14.0 	0.0 	0.0 	0.0 	-0.0 	14.0 	0.0 	0.0 	0.0 	5.47093941069	-5.22755217577	156.076045848	-14.0651807128	
7.31666666667	0.0	0.0	0.0 	0.0 	182.433333333 	14.0 	0.0 	0.0 	0.0 	-0.0 	14.0 	0.0 	0.0 	0.0 	5.49516729098	-5.22755217578	156.15574522	-14.0200583491	
7.33333333333	0.0	0.0	0.0 	0.0 	182.666666667 	14.0 	0.0 	0.0 	0.0 	-0.0 	14.0 	0.0 	0.0 	0.0 	5.51919163081	-5.2275521758	156.23579303	-13.9747387148	
7.35	0.0	0.0	0.0 	0.0 	182.9 	14.0 	0.0 	0.0 	0.0 	-0.0 	14.0 	0.0 	0.0 	0.0 	5.54301414014	-5.22755217581	156.316186351	-13.9292234671	
7.36666666667	0.0	0.0	0.0 	0.0 	183.133333333 	14.0 	0.0 	0.0 	0.0 	-0.0 	14.0 	0.0 	0.0 	0.0 	5.56663651458	-5.22755217582	156.39692228	-13.8835142495	
7.38333333333	0.0	0.0	0.0 	0.0 	183.366666667 	14.0 	0.0 	0.0 	0.0 	-0.0 	14.0 	0.0 	0.0 	0.0 	5.59006043546	-5.22755217583	156.477997939	-13.8376126915	
7.4	0.0	0.0	0.0 	0.0 	183.6 	14.0 	0.0 	0.0 	0.0 	-0.0 	14.0 	0.0 	0.0 	0.0 	5.61328757001	-5.22755217583	156.559410473	-13.791520409	
7.41666666667	0.0	0.0	0.0 	0.0 	183.833333333 	14.0 	0.0 	0.0 	0.0 	-0.0 	14.0 	0.0 	0.0 	0.0 	5.63631957145	-5.22755217584	156.641157053	-13.7452390042	
7.43333333333	0.0	0.0	0.0 	0.0 	184.066666667 	14.0 	0.0 	0.0 	0.0 	-0.0 	14.0 	0.0 	0.0 	0.0 	5.65915807912	-5.22755217584	156.723234872	-13.6987700661	
7.45	0.0	0.0	0.0 	0.0 	184.3 	14.0 	0.0 	0.0 	0.0 	-0.0 	14.0 	0.0 	0.0 	0.0 	5.68180471856	-5.22755217585	156.805641148	-13.65211517	
7.46666666667	0.0	0.0	0.0 	0.0 	184.533333333 	14.0 	0.0 	0.0 	0.0 	-0.0 	14.0 	0.0 	0.0 	0.0 	5.70426110169	-5.22755217585	156.88837312	-13.6052758782	
7.48333333333	0.0	0.0	0.0 	0.0 	184.766666667 	14.0 	0.0 	0.0 	0.0 	-0.0 	14.0 	0.0 	0.0 	0.0 	5.72652882685	-5.22755217585	156.971428054	-13.5582537398	
7.5	0.0	0.0	0.0 	0.0 	185.0 	14.0 	0.0 	0.0 	0.0 	-0.0 	14.0 	0.0 	0.0 	0.0 	5.74860947898	-5.22755217586	157.054803235	-13.5110502911	
7.51666666667	0.0	0.0	0.0 	0.0 	185.233333333 	14.0 	0.0 	0.0 	0.0 	-0.0 	14.0 	0.0 	0.0 	0.0 	5.7705046297	-5.22755217586	157.138495973	-13.463667055	
7.53333333333	0.0	0.0	0.0 	0.0 	185.466666667 	14.0 	0.0 	0.0 	0.0 	-0.0 	14.0 	0.0 	0.0 	0.0 	5.79221583742	-5.22755217586	157.2225036	-13.4161055422	
7.55	0.0	0.0	0.0 	0.0 	185.7 	14.0 	0.0 	0.0 	0.0 	-0.0 	14.0 	0.0 	0.0 	0.0 	5.81374464746	-5.22755217586	157.306823471	-13.3683672502	
7.56666666667	0.0	0.0	0.0 	0.0 	185.933333333 	14.0 	0.0 	0.0 	0.0 	-0.0 	14.0 	0.0 	0.0 	0.0 	5.83509259215	-5.22755217586	157.391452964	-13.3204536643	
7.58333333333	0.0	0.0	0.0 	0.0 	186.166666667 	14.0 	0.0 	0.0 	0.0 	-0.0 	14.0 	0.0 	0.0 	0.0 	5.85626119097	-5.22755217586	157.476389475	-13.272366257	
7.6	0.0	0.0	0.0 	0.0 	186.4 	14.0 	0.0 	0.0 	0.0 	-0.0 	14.0 	0.0 	0.0 	0.0 	5.87725195061	-5.22755217586	157.561630427	-13.2241064887	
7.61666666667	0.0	0.0	0.0 	0.0 	186.633333333 	14.0 	0.0 	0.0 	0.0 	-0.0 	14.0 	0.0 	0.0 	0.0 	5.89806636512	-5.22755217586	157.647173262	-13.1756758075	
7.63333333333	0.0	0.0	0.0 	0.0 	186.866666667 	14.0 	0.0 	0.0 	0.0 	-0.0 	14.0 	0.0 	0.0 	0.0 	5.91870591598	-5.22755217586	157.733015443	-13.127075649	
7.65	0.0	0.0	0.0 	0.0 	187.1 	14.0 	0.0 	0.0 	0.0 	-0.0 	14.0 	0.0 	0.0 	0.0 	5.93917207224	-5.22755217586	157.819154456	-13.0783074372	
7.66666666667	0.0	0.0	0.0 	0.0 	187.333333333 	14.0 	0.0 	0.0 	0.0 	-0.0 	14.0 	0.0 	0.0 	0.0 	5.95946629061	-5.22755217587	157.905587807	-13.0293725838	
7.68333333333	0.0	0.0	0.0 	0.0 	187.566666667 	14.0 	0.0 	0.0 	0.0 	-0.0 	14.0 	0.0 	0.0 	0.0 	5.97959001554	-5.22755217587	157.992313023	-12.9802724889	
7.7	0.0	0.0	0.0 	0.0 	187.8 	14.0 	0.0 	0.0 	0.0 	-0.0 	14.0 	0.0 	0.0 	0.0 	5.99954467936	-5.22755217587	158.079327653	-12.9310085407	
7.71666666667	0.0	0.0	0.0 	0.0 	188.033333333 	14.0 	0.0 	0.0 	0.0 	-0.0 	14.0 	0.0 	0.0 	0.0 	6.01933170238	-5.22755217587	158.166629264	-12.8815821156	
7.73333333333	0.0	0.0	0.0 	0.0 	188.266666667 	14.0 	0.0 	0.0 	0.0 	-0.0 	14.0 	0.0 	0.0 	0.0 	6.03895249296	-5.22755217587	158.254215446	-12.8319945787	
7.75	0.0	0.0	0.0 	0.0 	188.5 	14.0 	0.0 	0.0 	0.0 	-0.0 	14.0 	0.0 	0.0 	0.0 	6.05840844762	-5.22755217587	158.342083808	-12.7822472835	
7.76666666667	0.0	0.0	0.0 	0.0 	188.733333333 	14.0 	0.0 	0.0 	0.0 	-0.0 	14.0 	0.0 	0.0 	0.0 	6.07770095118	-5.22755217587	158.43023198	-12.7323415721	
7.78333333333	0.0	0.0	0.0 	0.0 	188.966666667 	14.0 	0.0 	0.0 	0.0 	-0.0 	14.0 	0.0 	0.0 	0.0 	6.09683137679	-5.22755217587	158.518657611	-12.6822787754	
7.8	0.0	0.0	0.0 	0.0 	189.2 	14.0 	0.0 	0.0 	0.0 	-0.0 	14.0 	0.0 	0.0 	0.0 	6.11580108609	-5.22755217587	158.60735837	-12.6320602131	
7.81666666667	0.0	0.0	0.0 	0.0 	189.433333333 	14.0 	0.0 	0.0 	0.0 	-0.0 	14.0 	0.0 	0.0 	0.0 	6.13461142927	-5.22755217587	158.696331945	-12.5816871938	
7.83333333333	0.0	0.0	0.0 	0.0 	189.666666667 	14.0 	0.0 	0.0 	0.0 	-0.0 	14.0 	0.0 	0.0 	0.0 	6.15326374518	-5.22755217587	158.785576045	-12.531161015	
7.85	0.0	0.0	0.0 	0.0 	189.9 	14.0 	0.0 	0.0 	0.0 	-0.0 	14.0 	0.0 	0.0 	0.0 	6.17175936141	-5.22755217587	158.875088396	-12.4804829636	
7.86666666667	0.0	0.0	0.0 	0.0 	190.133333333 	14.0 	0.0 	0.0 	0.0 	-0.0 	14.0 	0.0 	0.0 	0.0 	6.19009959442	-5.22755217587	158.964866746	-12.4296543153	
7.88333333333	0.0	0.0	0.0 	0.0 	190.366666667 	14.0 	0.0 	0.0 	0.0 	-0.0 	14.0 	0.0 	0.0 	0.0 	6.20828574959	-5.22755217587	159.05490886	-12.3786763354	
7.9	0.0	0.0	0.0 	0.0 	190.6 	14.0 	0.0 	0.0 	0.0 	-0.0 	14.0 	0.0 	0.0 	0.0 	6.22631912134	-5.22755217587	159.145212521	-12.3275502785	
7.91666666667	0.0	0.0	0.0 	0.0 	190.833333333 	14.0 	0.0 	0.0 	0.0 	-0.0 	14.0 	0.0 	0.0 	0.0 	6.24420099322	-5.22755217587	159.235775533	-12.2762773884	
7.93333333333	0.0	0.0	0.0 	0.0 	191.066666667 	14.0 	0.0 	0.0 	0.0 	-0.0 	14.0 	0.0 	0.0 	0.0 	6.26193263799	-5.22755217587	159.326595716	-12.2248588988	
7.95	0.0	0.0	0.0 	0.0 	191.3 	14.0 	0.0 	0.0 	0.0 	-0.0 	14.0 	0.0 	0.0 	0.0 	6.27951531773	-5.22755217587	159.417670911	-12.1732960329	
7.96666666667	0.0	0.0	0.0 	0.0 	191.533333333 	14.0 	0.0 	0.0 	0.0 	-0.0 	14.0 	0.0 	0.0 	0.0 	6.29695028389	-5.22755217587	159.508998974	-12.1215900036	
7.98333333333	0.0	0.0	0.0 	0.0 	191.766666667 	14.0 	0.0 	0.0 	0.0 	-0.0 	14.0 	0.0 	0.0 	0.0 	6.31423877744	-5.22755217587	159.600577781	-12.0697420136	
8.0	0.0	0.0	0.0 	0.0 	192.0 	14.0 	0.0 	0.0 	0.0 	-0.0 	14.0 	0.0 	0.0 	0.0 	6.33138202891	-5.22755217587	159.692405226	-12.0177532556	
8.01666666667	0.0	0.0	0.0 	0.0 	192.233333333 	14.0 	0.0 	0.0 	0.0 	-0.0 	14.0 	0.0 	0.0 	0.0 	6.34838125847	-5.22755217587	159.784479221	-11.9656249121	
8.03333333333	0.0	0.0	0.0 	0.0 	192.466666667 	14.0 	0.0 	0.0 	0.0 	-0.0 	14.0 	0.0 	0.0 	0.0 	6.36523767609	-5.22755217587	159.876797693	-11.9133581558	
8.05	0.0	0.0	0.0 	0.0 	192.7 	14.0 	0.0 	0.0 	0.0 	-0.0 	14.0 	0.0 	0.0 	0.0 	6.38195248152	-5.22755217587	159.969358588	-11.8609541496	
8.06666666667	0.0	0.0	0.0 	0.0 	192.933333333 	14.0 	0.0 	0.0 	0.0 	-0.0 	14.0 	0.0 	0.0 	0.0 	6.39852686446	-5.22755217587	160.062159871	-11.8084140464	
8.08333333333	0.0	0.0	0.0 	0.0 	193.166666667 	14.0 	0.0 	0.0 	0.0 	-0.0 	14.0 	0.0 	0.0 	0.0 	6.41496200463	-5.22755217587	160.155199522	-11.7557389897	
8.1	0.0	0.0	0.0 	0.0 	193.4 	14.0 	0.0 	0.0 	0.0 	-0.0 	14.0 	0.0 	0.0 	0.0 	6.4312590718	-5.22755217587	160.248475538	-11.7029301131	
8.11666666667	0.0	0.0	0.0 	0.0 	193.633333333 	14.0 	0.0 	0.0 	0.0 	-0.0 	14.0 	0.0 	0.0 	0.0 	6.44741922594	-5.22755217587	160.341985933	-11.649988541	
8.13333333333	0.0	0.0	0.0 	0.0 	193.866666667 	14.0 	0.0 	0.0 	0.0 	-0.0 	14.0 	0.0 	0.0 	0.0 	6.46344361726	-5.22755217587	160.435728739	-11.5969153882	
8.15	0.0	0.0	0.0 	0.0 	194.1 	14.0 	0.0 	0.0 	0.0 	-0.0 	14.0 	0.0 	0.0 	0.0 	6.47933338633	-5.22755217587	160.529702002	-11.5437117599	
8.16666666667	0.0	0.0	0.0 	0.0 	194.333333333 	14.0 	0.0 	0.0 	0.0 	-0.0 	14.0 	0.0 	0.0 	0.0 	6.49508966412	-5.22755217587	160.623903788	-11.4903787525	
8.18333333333	0.0	0.0	0.0 	0.0 	194.566666667 	14.0 	0.0 	0.0 	0.0 	-0.0 	14.0 	0.0 	0.0 	0.0 	6.51071357209	-5.22755217587	160.718332175	-11.4369174527	
8.2	0.0	0.0	0.0 	0.0 	194.8 	14.0 	0.0 	0.0 	0.0 	-0.0 	14.0 	0.0 	0.0 	0.0 	6.52620622229	-5.22755217587	160.81298526	-11.3833289384	
8.21666666667	0.0	0.0	0.0 	0.0 	195.033333333 	14.0 	0.0 	0.0 	0.0 	-0.0 	14.0 	0.0 	0.0 	0.0 	6.54156871745	-5.22755217587	160.907861156	-11.3296142784	
8.23333333333	0.0	0.0	0.0 	0.0 	195.266666667 	14.0 	0.0 	0.0 	0.0 	-0.0 	14.0 	0.0 	0.0 	0.0 	6.55680215098	-5.22755217587	161.002957991	-11.2757745323	
8.25	0.0	0.0	0.0 	0.0 	195.5 	14.0 	0.0 	0.0 	0.0 	-0.0 	14.0 	0.0 	0.0 	0.0 	6.57190760717	-5.22755217587	161.098273908	-11.2218107511	
8.26666666667	0.0	0.0	0.0 	0.0 	195.733333333 	14.0 	0.0 	0.0 	0.0 	-0.0 	14.0 	0.0 	0.0 	0.0 	6.58688616115	-5.22755217587	161.193807068	-11.1677239768	
8.28333333333	0.0	0.0	0.0 	0.0 	195.966666667 	14.0 	0.0 	0.0 	0.0 	-0.0 	14.0 	0.0 	0.0 	0.0 	6.60173887903	-5.22755217587	161.289555644	-11.1135152426	
8.3	0.0	0.0	0.0 	0.0 	196.2 	14.0 	0.0 	0.0 	0.0 	-0.0 	14.0 	0.0 	0.0 	0.0 	6.61646681799	-5.22755217587	161.385517828	-11.0591855732	
8.31666666667	0.0	0.0	0.0 	0.0 	196.433333333 	14.0 	0.0 	0.0 	0.0 	-0.0 	14.0 	0.0 	0.0 	0.0 	6.63107102629	-5.22755217587	161.481691824	-11.0047359846	
8.33333333333	0.0	0.0	0.0 	0.0 	196.666666667 	14.0 	0.0 	0.0 	0.0 	-0.0 	14.0 	0.0 	0.0 	0.0 	6.64555254342	-5.22755217587	161.578075854	-10.9501674841	
8.35	0.0	0.0	0.0 	0.0 	196.9 	14.0 	0.0 	0.0 	0.0 	-0.0 	14.0 	0.0 	0.0 	0.0 	6.6599124001	-5.22755217587	161.674668152	-10.8954810708	
8.36666666667	0.0	0.0	0.0 	0.0 	197.133333333 	14.0 	0.0 	0.0 	0.0 	-0.0 	14.0 	0.0 	0.0 	0.0 	6.67415161842	-5.22755217587	161.771466969	-10.8406777353	
8.38333333333	0.0	0.0	0.0 	0.0 	197.366666667 	14.0 	0.0 	0.0 	0.0 	-0.0 	14.0 	0.0 	0.0 	0.0 	6.68827121187	-5.22755217587	161.86847057	-10.7857584598	
8.4	0.0	0.0	0.0 	0.0 	197.6 	14.0 	0.0 	0.0 	0.0 	-0.0 	14.0 	0.0 	0.0 	0.0 	6.70227218543	-5.22755217587	161.965677236	-10.7307242184	
8.41666666667	0.0	0.0	0.0 	0.0 	197.833333333 	14.0 	0.0 	0.0 	0.0 	-0.0 	14.0 	0.0 	0.0 	0.0 	6.71615553563	-5.22755217587	162.063085258	-10.6755759769	
8.43333333333	0.0	0.0	0.0 	0.0 	198.066666667 	14.0 	0.0 	0.0 	0.0 	-0.0 	14.0 	0.0 	0.0 	0.0 	6.72992225064	-5.22755217587	162.160692947	-10.620314693	
8.45	0.0	0.0	0.0 	0.0 	198.3 	14.0 	0.0 	0.0 	0.0 	-0.0 	14.0 	0.0 	0.0 	0.0 	6.74357331033	-5.22755217587	162.258498625	-10.5649413165	
8.46666666667	0.0	0.0	0.0 	0.0 	198.533333333 	14.0 	0.0 	0.0 	0.0 	-0.0 	14.0 	0.0 	0.0 	0.0 	6.75710968631	-5.22755217587	162.356500628	-10.5094567889	
8.48333333333	0.0	0.0	0.0 	0.0 	198.766666667 	14.0 	0.0 	0.0 	0.0 	-0.0 	14.0 	0.0 	0.0 	0.0 	6.77053234206	-5.22755217587	162.454697306	-10.4538620442	
8.5	0.0	0.0	0.0 	0.0 	199.0 	14.0 	0.0 	0.0 	0.0 	-0.0 	14.0 	0.0 	0.0 	0.0 	6.78384223295	-5.22755217587	162.553087026	-10.3981580082	
8.51666666667	0.0	0.0	0.0 	0.0 	199.233333333 	14.0 	0.0 	0.0 	0.0 	-0.0 	14.0 	0.0 	0.0 	0.0 	6.79704030634	-5.22755217587	162.651668164	-10.3423455991	
8.53333333333	0.0	0.0	0.0 	0.0 	199.466666667 	14.0 	0.0 	0.0 	0.0 	-0.0 	14.0 	0.0 	0.0 	0.0 	6.81012750159	-5.22755217587	162.750439113	-10.2864257273	
8.55	0.0	0.0	0.0 	0.0 	199.7 	14.0 	0.0 	0.0 	0.0 	-0.0 	14.0 	0.0 	0.0 	0.0 	6.82310475023	-5.22755217587	162.849398278	-10.2303992958	
8.56666666667	0.0	0.0	0.0 	0.0 	199.933333333 	14.0 	0.0 	0.0 	0.0 	-0.0 	14.0 	0.0 	0.0 	0.0 	6.8359729759	-5.22755217587	162.948544077	-10.1742671996	
8.58333333333	0.0	0.0	0.0 	0.0 	200.166666667 	14.0 	0.0 	0.0 	0.0 	-0.0 	14.0 	0.0 	0.0 	0.0 	6.84873309453	-5.22755217587	163.047874944	-10.1180303265	
8.6	0.0	0.0	0.0 	0.0 	200.4 	14.0 	0.0 	0.0 	0.0 	-0.0 	14.0 	0.0 	0.0 	0.0 	6.86138601433	-5.22755217587	163.147389323	-10.0616895567	
8.61666666667	0.0	0.0	0.0 	0.0 	200.633333333 	14.0 	0.0 	0.0 	0.0 	-0.0 	14.0 	0.0 	0.0 	0.0 	6.87393263589	-5.22755217587	163.247085672	-10.0052457631	
8.63333333333	0.0	0.0	0.0 	0.0 	200.866666667 	14.0 	0.0 	0.0 	0.0 	-0.0 	14.0 	0.0 	0.0 	0.0 	6.88637385223	-5.22755217587	163.346962462	-9.9486998111	
8.65	0.0	0.0	0.0 	0.0 	201.1 	14.0 	0.0 	0.0 	0.0 	-0.0 	14.0 	0.0 	0.0 	0.0 	6.89871054887	-5.22755217587	163.447018179	-9.89205255906	
8.66666666667	0.0	0.0	0.0 	0.0 	201.333333333 	14.0 	0.0 	0.0 	0.0 	-0.0 	14.0 	0.0 	0.0 	0.0 	6.91094360388	-5.22755217587	163.547251318	-9.83530485796	
8.68333333333	0.0	0.0	0.0 	0.0 	201.566666667 	14.0 	0.0 	0.0 	0.0 	-0.0 	14.0 	0.0 	0.0 	0.0 	6.92307388796	-5.22755217587	163.647660389	-9.77845755169	
8.7	0.0	0.0	0.0 	0.0 	201.8 	14.0 	0.0 	0.0 	0.0 	-0.0 	14.0 	0.0 	0.0 	0.0 	6.93510226451	-5.22755217587	163.748243914	-9.72151147704	
8.71666666667	0.0	0.0	0.0 	0.0 	202.033333333 	14.0 	0.0 	0.0 	0.0 	-0.0 	14.0 	0.0 	0.0 	0.0 	6.94702958966	-5.22755217587	163.849000428	-9.66446746377	
8.73333333333	0.0	0.0	0.0 	0.0 	202.266666667 	14.0 	0.0 	0.0 	0.0 	-0.0 	14.0 	0.0 	0.0 	0.0 	6.95885671235	-5.22755217587	163.949928476	-9.60732633467	
8.75	0.0	0.0	0.0 	0.0 	202.5 	14.0 	0.0 	0.0 	0.0 	-0.0 	14.0 	0.0 	0.0 	0.0 	6.97058447439	-5.22755217587	164.051026619	-9.55008890562	
8.76666666667	0.0	0.0	0.0 	0.0 	202.733333333 	14.0 	0.0 	0.0 	0.0 	-0.0 	14.0 	0.0 	0.0 	0.0 	6.98221371051	-5.22755217587	164.152293427	-9.49275598564	
8.78333333333	0.0	0.0	0.0 	0.0 	202.966666667 	14.0 	0.0 	0.0 	0.0 	-0.0 	14.0 	0.0 	0.0 	0.0 	6.99374524844	-5.22755217587	164.253727483	-9.43532837696	
8.8	0.0	0.0	0.0 	0.0 	203.2 	14.0 	0.0 	0.0 	0.0 	-0.0 	14.0 	0.0 	0.0 	0.0 	7.00517990896	-5.22755217587	164.355327382	-9.37780687507	
8.81666666667	0.0	0.0	0.0 	0.0 	203.433333333 	14.0 	0.0 	0.0 	0.0 	-0.0 	14.0 	0.0 	0.0 	0.0 	7.01651850593	-5.22755217587	164.457091731	-9.32019226877	
8.83333333333	0.0	0.0	0.0 	0.0 	203.666666667 	14.0 	0.0 	0.0 	0.0 	-0.0 	14.0 	0.0 	0.0 	0.0 	7.0277618464	-5.22755217587	164.559019148	-9.26248534024	
8.85	0.0	0.0	0.0 	0.0 	203.9 	14.0 	0.0 	0.0 	0.0 	-0.0 	14.0 	0.0 	0.0 	0.0 	7.03891073061	-5.22755217587	164.661108263	-9.20468686508	
8.86666666667	0.0	0.0	0.0 	0.0 	204.133333333 	14.0 	0.0 	0.0 	0.0 	-0.0 	14.0 	0.0 	0.0 	0.0 	7.04996595212	-5.22755217587	164.763357718	-9.1467976124	
8.88333333333	0.0	0.0	0.0 	0.0 	204.366666667 	14.0 	0.0 	0.0 	0.0 	-0.0 	14.0 	0.0 	0.0 	0.0 	7.06092829778	-5.22755217587	164.865766166	-9.08881834481	
8.9	0.0	0.0	0.0 	0.0 	204.6 	14.0 	0.0 	0.0 	0.0 	-0.0 	14.0 	0.0 	0.0 	0.0 	7.07179854785	-5.22755217587	164.968332271	-9.03074981854	
8.91666666667	0.0	0.0	0.0 	0.0 	204.833333333 	14.0 	0.0 	0.0 	0.0 	-0.0 	14.0 	0.0 	0.0 	0.0 	7.08257747604	-5.22755217587	165.071054709	-8.97259278347	
8.93333333333	0.0	0.0	0.0 	0.0 	205.066666667 	14.0 	0.0 	0.0 	0.0 	-0.0 	14.0 	0.0 	0.0 	0.0 	7.09326584955	-5.22755217587	165.173932166	-8.91434798315	
8.95	0.0	0.0	0.0 	0.0 	205.3 	14.0 	0.0 	0.0 	0.0 	-0.0 	14.0 	0.0 	0.0 	0.0 	7.10386442913	-5.22755217587	165.276963339	-8.85601615491	
8.96666666667	0.0	0.0	0.0 	0.0 	205.533333333 	14.0 	0.0 	0.0 	0.0 	-0.0 	14.0 	0.0 	0.0 	0.0 	7.11437396916	-5.22755217587	165.380146939	-8.79759802989	
8.98333333333	0.0	0.0	0.0 	0.0 	205.766666667 	14.0 	0.0 	0.0 	0.0 	-0.0 	14.0 	0.0 	0.0 	0.0 	7.12479521765	-5.22755217587	165.483481683	-8.73909433306	
9.0	0.0	0.0	0.0 	0.0 	206.0 	14.0 	0.0 	0.0 	0.0 	-0.0 	14.0 	0.0 	0.0 	0.0 	7.13512891637	-5.22755217587	165.586966302	-8.68050578333	
9.01666666667	0.0	0.0	0.0 	0.0 	206.233333333 	14.0 	0.0 	0.0 	0.0 	-0.0 	14.0 	0.0 	0.0 	0.0 	7.14537580081	-5.22755217587	165.690599538	-8.62183309355	
9.03333333333	0.0	0.0	0.0 	0.0 	206.466666667 	14.0 	0.0 	0.0 	0.0 	-0.0 	14.0 	0.0 	0.0 	0.0 	7.15553660031	-5.22755217587	165.794380141	-8.56307697059	
9.05	0.0	0.0	0.0 	0.0 	206.7 	14.0 	0.0 	0.0 	0.0 	-0.0 	14.0 	0.0 	0.0 	0.0 	7.16561203809	-5.22755217587	165.898306874	-8.50423811538	
9.06666666667	0.0	0.0	0.0 	0.0 	206.933333333 	14.0 	0.0 	0.0 	0.0 	-0.0 	14.0 	0.0 	0.0 	0.0 	7.17560283127	-5.22755217587	166.002378508	-8.44531722295	
9.08333333333	0.0	0.0	0.0 	0.0 	207.166666667 	14.0 	0.0 	0.0 	0.0 	-0.0 	14.0 	0.0 	0.0 	0.0 	7.18550969095	-5.22755217587	166.106593827	-8.38631498252	
9.1	0.0	0.0	0.0 	0.0 	207.4 	14.0 	0.0 	0.0 	0.0 	-0.0 	14.0 	0.0 	0.0 	0.0 	7.19533332227	-5.22755217587	166.210951623	-8.32723207748	
9.11666666667	0.0	0.0	0.0 	0.0 	207.633333333 	14.0 	0.0 	0.0 	0.0 	-0.0 	14.0 	0.0 	0.0 	0.0 	7.20507442444	-5.22755217587	166.3154507	-8.26806918552	
9.13333333333	0.0	0.0	0.0 	0.0 	207.866666667 	14.0 	0.0 	0.0 	0.0 	-0.0 	14.0 	0.0 	0.0 	0.0 	7.21473369079	-5.22755217587	166.420089871	-8.2088269786	
9.15	0.0	0.0	0.0 	0.0 	208.1 	14.0 	0.0 	0.0 	0.0 	-0.0 	14.0 	0.0 	0.0 	0.0 	7.22431180884	-5.22755217587	166.524867958	-8.14950612307	
9.16666666667	0.0	0.0	0.0 	0.0 	208.333333333 	14.0 	0.0 	0.0 	0.0 	-0.0 	14.0 	0.0 	0.0 	0.0 	7.23380946031	-5.22755217587	166.629783794	-8.09010727964	
9.18333333333	0.0	0.0	0.0 	0.0 	208.566666667 	14.0 	0.0 	0.0 	0.0 	-0.0 	14.0 	0.0 	0.0 	0.0 	7.24322732121	-5.22755217587	166.734836223	-8.03063110352	
9.2	0.0	0.0	0.0 	0.0 	208.8 	14.0 	0.0 	0.0 	0.0 	-0.0 	14.0 	0.0 	0.0 	0.0 	7.25256606187	-5.22755217587	166.840024097	-7.97107824436	
9.21666666667	0.0	0.0	0.0 	0.0 	209.033333333 	14.0 	0.0 	0.0 	0.0 	-0.0 	14.0 	0.0 	0.0 	0.0 	7.26182634699	-5.22755217587	166.945346277	-7.91144934641	
9.23333333333	0.0	0.0	0.0 	0.0 	209.266666667 	14.0 	0.0 	0.0 	0.0 	-0.0 	14.0 	0.0 	0.0 	0.0 	7.27100883568	-5.22755217587	167.050801637	-7.85174504845	
9.25	0.0	0.0	0.0 	0.0 	209.5 	14.0 	0.0 	0.0 	0.0 	-0.0 	14.0 	0.0 	0.0 	0.0 	7.2801141815	-5.22755217587	167.156389055	-7.79196598394	
9.26666666667	0.0	0.0	0.0 	0.0 	209.733333333 	14.0 	0.0 	0.0 	0.0 	-0.0 	14.0 	0.0 	0.0 	0.0 	7.28914303255	-5.22755217587	167.262107425	-7.732112781	
9.28333333333	0.0	0.0	0.0 	0.0 	209.966666667 	14.0 	0.0 	0.0 	0.0 	-0.0 	14.0 	0.0 	0.0 	0.0 	7.29809603146	-5.22755217587	167.367955644	-7.67218606247	
9.3	0.0	0.0	0.0 	0.0 	210.2 	14.0 	0.0 	0.0 	0.0 	-0.0 	14.0 	0.0 	0.0 	0.0 	7.30697381548	-5.22755217587	167.473932623	-7.61218644595	
9.31666666667	0.0	0.0	0.0 	0.0 	210.433333333 	14.0 	0.0 	0.0 	0.0 	-0.0 	14.0 	0.0 	0.0 	0.0 	7.31577701649	-5.22755217587	167.580037279	-7.55211454388	
9.33333333333	0.0	0.0	0.0 	0.0 	210.666666667 	14.0 	0.0 	0.0 	0.0 	-0.0 	14.0 	0.0 	0.0 	0.0 	7.32450626107	-5.22755217587	167.68626854	-7.49197096352	
9.35	0.0	0.0	0.0 	0.0 	210.9 	14.0 	0.0 	0.0 	0.0 	-0.0 	14.0 	0.0 	0.0 	0.0 	7.33316217053	-5.22755217587	167.792625342	-7.43175630706	
9.36666666667	0.0	0.0	0.0 	0.0 	211.133333333 	14.0 	0.0 	0.0 	0.0 	-0.0 	14.0 	0.0 	0.0 	0.0 	7.34174536096	-5.22755217587	167.899106632	-7.37147117161	
9.38333333333	0.0	0.0	0.0 	0.0 	211.366666667 	14.0 	0.0 	0.0 	0.0 	-0.0 	14.0 	0.0 	0.0 	0.0 	7.3502564433	-5.22755217587	168.005711361	-7.31111614927	
9.4	0.0	0.0	0.0 	0.0 	211.6 	14.0 	0.0 	0.0 	0.0 	-0.0 	14.0 	0.0 	0.0 	0.0 	7.35869602331	-5.22755217587	168.112438495	-7.25069182716	
9.41666666667	0.0	0.0	0.0 	0.0 	211.833333333 	14.0 	0.0 	0.0 	0.0 	-0.0 	14.0 	0.0 	0.0 	0.0 	7.36706470171	-5.22755217587	168.219287004	-7.19019878748	
9.43333333333	0.0	0.0	0.0 	0.0 	212.066666667 	14.0 	0.0 	0.0 	0.0 	-0.0 	14.0 	0.0 	0.0 	0.0 	7.37536307413	-5.22755217587	168.326255869	-7.12963760754	
9.45	0.0	0.0	0.0 	0.0 	212.3 	14.0 	0.0 	0.0 	0.0 	-0.0 	14.0 	0.0 	0.0 	0.0 	7.38359173123	-5.22755217587	168.433344079	-7.06900885977	
9.46666666667	0.0	0.0	0.0 	0.0 	212.533333333 	14.0 	0.0 	0.0 	0.0 	-0.0 	14.0 	0.0 	0.0 	0.0 	7.39175125869	-5.22755217587	168.54055063	-7.00831311183	
9.48333333333	0.0	0.0	0.0 	0.0 	212.766666667 	14.0 	0.0 	0.0 	0.0 	-0.0 	14.0 	0.0 	0.0 	0.0 	7.39984223728	-5.22755217587	168.64787453	-6.9475509266	
9.5	0.0	0.0	0.0 	0.0 	213.0 	14.0 	0.0 	0.0 	0.0 	-0.0 	14.0 	0.0 	0.0 	0.0 	7.40786524287	-5.22755217587	168.755314791	-6.8867228622	
9.51666666667	0.0	0.0	0.0 	0.0 	213.233333333 	14.0 	0.0 	0.0 	0.0 	-0.0 	14.0 	0.0 	0.0 	0.0 	7.41582084652	-5.22755217587	168.862870437	-6.82582947211	
9.53333333333	0.0	0.0	0.0 	0.0 	213.466666667 	14.0 	0.0 	0.0 	0.0 	-0.0 	14.0 	0.0 	0.0 	0.0 	7.42370961448	-5.22755217587	168.970540498	-6.76487130513	
9.55	0.0	0.0	0.0 	0.0 	213.7 	14.0 	0.0 	0.0 	0.0 	-0.0 	14.0 	0.0 	0.0 	0.0 	7.43153210823	-5.22755217587	169.078324012	-6.70384890545	
9.56666666667	0.0	0.0	0.0 	0.0 	213.933333333 	14.0 	0.0 	0.0 	0.0 	-0.0 	14.0 	0.0 	0.0 	0.0 	7.43928888456	-5.22755217587	169.186220028	-6.6427628127	
9.58333333333	0.0	0.0	0.0 	0.0 	214.166666667 	14.0 	0.0 	0.0 	0.0 	-0.0 	14.0 	0.0 	0.0 	0.0 	7.44698049556	-5.22755217587	169.294227599	-6.58161356197	
9.6	0.0	0.0	0.0 	0.0 	214.4 	14.0 	0.0 	0.0 	0.0 	-0.0 	14.0 	0.0 	0.0 	0.0 	7.45460748868	-5.22755217587	169.402345788	-6.52040168385	
9.61666666667	0.0	0.0	0.0 	0.0 	214.633333333 	14.0 	0.0 	0.0 	0.0 	-0.0 	14.0 	0.0 	0.0 	0.0 	7.4621704068	-5.22755217587	169.510573667	-6.45912770449	
9.63333333333	0.0	0.0	0.0 	0.0 	214.866666667 	14.0 	0.0 	0.0 	0.0 	-0.0 	14.0 	0.0 	0.0 	0.0 	7.46966978821	-5.22755217587	169.618910313	-6.39779214559	
9.65	0.0	0.0	0.0 	0.0 	215.1 	14.0 	0.0 	0.0 	0.0 	-0.0 	14.0 	0.0 	0.0 	0.0 	7.47710616668	-5.22755217587	169.727354812	-6.33639552451	
9.66666666667	0.0	0.0	0.0 	0.0 	215.333333333 	14.0 	0.0 	0.0 	0.0 	-0.0 	14.0 	0.0 	0.0 	0.0 	7.48448007151	-5.22755217587	169.83590626	-6.27493835421	
9.68333333333	0.0	0.0	0.0 	0.0 	215.566666667 	14.0 	0.0 	0.0 	0.0 	-0.0 	14.0 	0.0 	0.0 	0.0 	7.49179202755	-5.22755217587	169.944563757	-6.21342114339	
9.7	0.0	0.0	0.0 	0.0 	215.8 	14.0 	0.0 	0.0 	0.0 	-0.0 	14.0 	0.0 	0.0 	0.0 	7.49904255523	-5.22755217587	170.053326412	-6.15184439645	
9.71666666667	0.0	0.0	0.0 	0.0 	216.033333333 	14.0 	0.0 	0.0 	0.0 	-0.0 	14.0 	0.0 	0.0 	0.0 	7.50623217062	-5.22755217587	170.162193342	-6.09020861356	
9.73333333333	0.0	0.0	0.0 	0.0 	216.266666667 	14.0 	0.0 	0.0 	0.0 	-0.0 	14.0 	0.0 	0.0 	0.0 	7.51336138545	-5.22755217587	170.27116367	-6.02851429068	
9.75	0.0	0.0	0.0 	0.0 	216.5 	14.0 	0.0 	0.0 	0.0 	-0.0 	14.0 	0.0 	0.0 	0.0 	7.52043070714	-5.22755217587	170.380236529	-5.9667619196	
9.76666666667	0.0	0.0	0.0 	0.0 	216.733333333 	14.0 	0.0 	0.0 	0.0 	-0.0 	14.0 	0.0 	0.0 	0.0 	7.52744063887	-5.22755217587	170.489411057	-5.90495198801	
9.78333333333	0.0	0.0	0.0 	0.0 	216.966666667 	14.0 	0.0 	0.0 	0.0 	-0.0 	14.0 	0.0 	0.0 	0.0 	7.53439167958	-5.22755217587	170.5986864	-5.84308497947	
9.8	0.0	0.0	0.0 	0.0 	217.2 	14.0 	0.0 	0.0 	0.0 	-0.0 	14.0 	0.0 	0.0 	0.0 	7.541284324	-5.22755217587	170.70806171	-5.78116137349	
9.81666666667	0.0	0.0	0.0 	0.0 	217.433333333 	14.0 	0.0 	0.0 	0.0 	-0.0 	14.0 	0.0 	0.0 	0.0 	7.54811906274	-5.22755217587	170.817536148	-5.71918164555	
9.83333333333	0.0	0.0	0.0 	0.0 	217.666666667 	14.0 	0.0 	0.0 	0.0 	-0.0 	14.0 	0.0 	0.0 	0.0 	7.55489638227	-5.22755217587	170.927108881	-5.65714626713	
9.85	0.0	0.0	0.0 	0.0 	217.9 	14.0 	0.0 	0.0 	0.0 	-0.0 	14.0 	0.0 	0.0 	0.0 	7.56161676497	-5.22755217587	171.036779084	-5.59505570576	
9.86666666667	0.0	0.0	0.0 	0.0 	218.133333333 	14.0 	0.0 	0.0 	0.0 	-0.0 	14.0 	0.0 	0.0 	0.0 	7.56828068916	-5.22755217587	171.146545937	-5.53291042503	
9.88333333333	0.0	0.0	0.0 	0.0 	218.366666667 	14.0 	0.0 	0.0 	0.0 	-0.0 	14.0 	0.0 	0.0 	0.0 	7.57488862917	-5.22755217587	171.256408628	-5.47071088465	
9.9	0.0	0.0	0.0 	0.0 	218.6 	14.0 	0.0 	0.0 	0.0 	-0.0 	14.0 	0.0 	0.0 	0.0 	7.58144105532	-5.22755217587	171.366366353	-5.40845754045	
9.91666666667	0.0	0.0	0.0 	0.0 	218.833333333 	14.0 	0.0 	0.0 	0.0 	-0.0 	14.0 	0.0 	0.0 	0.0 	7.58793843399	-5.22755217587	171.476418313	-5.34615084446	
9.93333333333	0.0	0.0	0.0 	0.0 	219.066666667 	14.0 	0.0 	0.0 	0.0 	-0.0 	14.0 	0.0 	0.0 	0.0 	7.59438122764	-5.22755217587	171.586563716	-5.28379124487	
9.95	0.0	0.0	0.0 	0.0 	219.3 	14.0 	0.0 	0.0 	0.0 	-0.0 	14.0 	0.0 	0.0 	0.0 	7.60076989483	-5.22755217587	171.696801778	-5.22137918614	
9.96666666667	0.0	0.0	0.0 	0.0 	219.533333333 	14.0 	0.0 	0.0 	0.0 	-0.0 	14.0 	0.0 	0.0 	0.0 	7.60710489029	-5.22755217587	171.807131719	-5.15891510898	
9.98333333333	0.0	0.0	0.0 	0.0 	219.766666667 	14.0 	0.0 	0.0 	0.0 	-0.0 	14.0 	0.0 	0.0 	0.0 	7.61338666493	-5.22755217587	171.917552768	-5.09639945041	
