0.0166666666667	0.0	0.0	0.0 	0.0 	20.4166666667 	25.0 	0.0 	0.0 	0.0 	0.0 	25.0 	0.0 	0.0 	0.0 	0.0	1.26612903226	100.0	-19.0967741935	
0.0333333333333	0.0	0.0	0.0 	0.0 	20.8333333333 	25.0 	0.0 	0.0 	0.0 	-0.0 	25.0 	0.0 	0.0 	0.0 	0.0	1.26612903226	100.0	-19.0967741935	
0.05	0.0	0.0	0.0 	0.0 	21.25 	25.0 	0.0 	0.0 	0.0 	-0.0 	25.0 	0.0 	0.0 	0.0 	0.0	1.26612903226	100.0	-19.0967741935	
0.0666666666667	0.0	0.0	0.0 	0.0 	21.6666666667 	25.0 	0.0 	0.0 	0.0 	-0.0 	25.0 	0.0 	0.0 	0.0 	0.0	1.26612903226	100.0	-19.0967741935	
0.0833333333333	0.0	0.0	0.0 	0.0 	22.0833333333 	25.0 	0.0 	0.0 	0.0 	-0.0 	25.0 	0.0 	0.0 	0.0 	0.0	1.26612903226	100.0	-19.0967741935	
0.1	0.0	0.0	0.0 	0.0 	22.5 	25.0 	0.0 	0.0 	0.0 	-0.0 	25.0 	0.0 	0.0 	0.0 	0.0	1.26612903226	100.0	-19.0967741935	
0.116666666667	0.0	0.0	0.0 	0.0 	22.9166666667 	25.0 	0.0 	0.0 	0.0 	-0.0 	25.0 	0.0 	0.0 	0.0 	0.0	1.26612903226	100.0	-19.0967741935	
0.133333333333	0.0	0.0	0.0 	0.0 	23.3333333333 	25.0 	0.0 	0.0 	0.0 	-0.0 	25.0 	0.0 	0.0 	0.0 	0.0	1.26612903226	100.0	-19.0967741935	
0.15	0.0	0.0	0.0 	0.0 	23.75 	25.0 	0.0 	0.0 	0.0 	-0.0 	25.0 	0.0 	0.0 	0.0 	0.0	1.26612903226	100.0	-19.0967741935	
0.166666666667	0.0	0.0	0.0 	0.0 	24.1666666667 	25.0 	0.0 	0.0 	0.0 	-0.0 	25.0 	0.0 	0.0 	0.0 	0.0	1.26612903226	100.0	-19.0967741935	
0.183333333333	0.0	0.0	0.0 	0.0 	24.5833333333 	25.0 	0.0 	0.0 	0.0 	-0.0 	25.0 	0.0 	0.0 	0.0 	0.0	1.26612903226	100.0	-19.0967741935	
0.2	0.0	0.0	0.0 	0.0 	25.0 	25.0 	0.0 	0.0 	0.0 	-0.0 	25.0 	0.0 	0.0 	0.0 	0.0	1.26612903226	100.0	-19.0967741935	
0.216666666667	0.0	0.0	0.0 	0.0 	25.4166666667 	25.0 	0.0 	0.0 	0.0 	-0.0 	25.0 	0.0 	0.0 	0.0 	0.0	1.26612903226	100.0	-19.0967741935	
0.233333333333	0.0	0.0	0.0 	0.0 	25.8333333333 	25.0 	0.0 	0.0 	0.0 	-0.0 	25.0 	0.0 	0.0 	0.0 	0.0	1.26612903226	100.0	-19.0967741935	
0.25	0.0	0.0	0.0 	0.0 	26.25 	25.0 	0.0 	0.0 	0.0 	-0.0 	25.0 	0.0 	0.0 	0.0 	0.0	1.26612903226	100.0	-19.0967741935	
0.266666666667	0.0	0.0	0.0 	0.0 	26.6666666667 	25.0 	0.0 	0.0 	0.0 	-0.0 	25.0 	0.0 	0.0 	0.0 	0.0	1.26612903226	100.0	-19.0967741935	
0.283333333333	0.0	0.0	0.0 	0.0 	27.0833333333 	25.0 	0.0 	0.0 	0.0 	-0.0 	25.0 	0.0 	0.0 	0.0 	0.0	1.26612903226	100.0	-19.0967741935	
0.3	0.0	0.0	0.0 	0.0 	27.5 	25.0 	0.0 	0.0 	0.0 	-0.0 	25.0 	0.0 	0.0 	0.0 	0.0	1.26612903226	100.0	-19.0967741935	
0.316666666667	0.0	0.0	0.0 	0.0 	27.9166666667 	25.0 	0.0 	0.0 	0.0 	-0.0 	25.0 	0.0 	0.0 	0.0 	0.0	1.26612903226	100.0	-19.0967741935	
0.333333333333	0.0	0.0	0.0 	0.0 	28.3333333333 	25.0 	0.0 	0.0 	0.0 	-0.0 	25.0 	0.0 	0.0 	0.0 	0.0	1.26612903226	100.0	-19.0967741935	
0.35	0.0	0.0	0.0 	0.0 	28.75 	25.0 	0.0 	0.0 	0.0 	-0.0 	25.0 	0.0 	0.0 	0.0 	0.0	1.26612903226	100.0	-19.0967741935	
0.366666666667	0.0	0.0	0.0 	0.0 	29.1666666667 	25.0 	0.0 	0.0 	0.0 	-0.0 	25.0 	0.0 	0.0 	0.0 	0.0	1.26612903226	100.0	-19.0967741935	
0.383333333333	0.0	0.0	0.0 	0.0 	29.5833333333 	25.0 	0.0 	0.0 	0.0 	-0.0 	25.0 	0.0 	0.0 	0.0 	0.0	1.26612903226	100.0	-19.0967741935	
0.4	0.0	0.0	0.0 	0.0 	30.0 	25.0 	0.0 	0.0 	0.0 	-0.0 	25.0 	0.0 	0.0 	0.0 	0.0	1.26612903226	100.0	-19.0967741935	
0.416666666667	0.0	0.0	0.0 	0.0 	30.4166666667 	25.0 	0.0 	0.0 	0.0 	-0.0 	25.0 	0.0 	0.0 	0.0 	0.0	1.26612903226	100.0	-19.0967741935	
0.433333333333	0.0	0.0	0.0 	0.0 	30.8333333333 	25.0 	0.0 	0.0 	0.0 	-0.0 	25.0 	0.0 	0.0 	0.0 	0.0	1.26612903226	100.0	-19.0967741935	
0.45	0.0	0.0	0.0 	0.0 	31.25 	25.0 	0.0 	0.0 	0.0 	-0.0 	25.0 	0.0 	0.0 	0.0 	0.0	1.26612903226	100.0	-19.0967741935	
0.466666666667	0.0	0.0	0.0 	0.0 	31.6666666667 	25.0 	0.0 	0.0 	0.0 	-0.0 	25.0 	0.0 	0.0 	0.0 	0.0	1.26612903226	100.0	-19.0967741935	
0.483333333333	0.0	0.0	0.0 	0.0 	32.0833333333 	25.0 	0.0 	0.0 	0.0 	-0.0 	25.0 	0.0 	0.0 	0.0 	0.0	1.26612903226	100.0	-19.0967741935	
0.5	0.0	0.0	0.0 	0.0 	32.5 	25.0 	0.0 	0.0 	0.0 	-0.0 	25.0 	0.0 	0.0 	0.0 	0.0	1.26612903226	100.0	-19.0967741935	
0.516666666667	0.0	0.0	0.0 	0.0 	32.9166666667 	25.0 	0.0 	0.0 	0.0 	-0.0 	25.0 	0.0 	0.0 	0.0 	0.0	1.26612903226	100.0	-19.0967741935	
0.533333333333	0.0	0.0	0.0 	0.0 	33.3333333333 	25.0 	0.0 	0.0 	0.0 	-0.0 	25.0 	0.0 	0.0 	0.0 	0.0	1.26612903226	100.0	-19.0967741935	
0.55	0.0	0.0	0.0 	0.0 	33.75 	25.0 	0.0 	0.0 	0.0 	-0.0 	25.0 	0.0 	0.0 	0.0 	0.0	1.26612903226	100.0	-19.0967741935	
0.566666666667	0.0	0.0	0.0 	0.0 	34.1666666667 	25.0 	0.0 	0.0 	0.0 	-0.0 	25.0 	0.0 	0.0 	0.0 	0.0	1.26612903226	100.0	-19.0967741935	
0.583333333333	0.0	0.0	0.0 	0.0 	34.5833333333 	25.0 	0.0 	0.0 	0.0 	-0.0 	25.0 	0.0 	0.0 	0.0 	0.0	1.26612903226	100.0	-19.0967741935	
0.6	0.0	0.0	0.0 	0.0 	35.0 	25.0 	0.0 	0.0 	0.0 	-0.0 	25.0 	0.0 	0.0 	0.0 	0.0	1.26612903226	100.0	-19.0967741935	
0.616666666667	0.0	0.0	0.0 	0.0 	35.4166666667 	25.0 	0.0 	0.0 	0.0 	-0.0 	25.0 	0.0 	0.0 	0.0 	0.0	1.26612903226	100.0	-19.0967741935	
0.633333333333	0.0	0.0	0.0 	0.0 	35.8333333333 	25.0 	0.0 	0.0 	0.0 	-0.0 	25.0 	0.0 	0.0 	0.0 	0.0	1.26612903226	100.0	-19.0967741935	
0.65	0.0	0.0	0.0 	0.0 	36.25 	25.0 	0.0 	0.0 	0.0 	-0.0 	25.0 	0.0 	0.0 	0.0 	0.0	1.26612903226	100.0	-19.0967741935	
0.666666666667	0.0	0.0	0.0 	0.0 	36.6666666667 	25.0 	0.0 	0.0 	0.0 	-0.0 	25.0 	0.0 	0.0 	0.0 	0.0	1.26612903226	100.0	-19.0967741935	
0.683333333333	0.0	0.0	0.0 	0.0 	37.0833333333 	25.0 	0.0 	0.0 	0.0 	-0.0 	25.0 	0.0 	0.0 	0.0 	0.0	1.26612903226	100.0	-19.0967741935	
0.7	0.0	0.0	0.0 	0.0 	37.5 	25.0 	0.0 	0.0 	0.0 	-0.0 	25.0 	0.0 	0.0 	0.0 	0.0	1.26612903226	100.0	-19.0967741935	
0.716666666667	0.0	0.0	0.0 	0.0 	37.9166666667 	25.0 	0.0 	0.0 	0.0 	-0.0 	25.0 	0.0 	0.0 	0.0 	0.0	1.26612903226	100.0	-19.0967741935	
0.733333333333	0.0	0.0	0.0 	0.0 	38.3333333333 	25.0 	0.0 	0.0 	0.0 	-0.0 	25.0 	0.0 	0.0 	0.0 	0.0	1.26612903226	100.0	-19.0967741935	
0.75	0.0	0.0	0.0 	0.0 	38.75 	25.0 	0.0 	0.0 	0.0 	-0.0 	25.0 	0.0 	0.0 	0.0 	0.0	1.26612903226	100.0	-19.0967741935	
0.766666666667	0.0	0.0	0.0 	0.0 	39.1666666667 	25.0 	0.0 	0.0 	0.0 	-0.0 	25.0 	0.0 	0.0 	0.0 	0.0	1.26612903226	100.0	-19.0967741935	
0.783333333333	0.0	0.0	0.0 	0.0 	39.5833333333 	25.0 	0.0 	0.0 	0.0 	-0.0 	25.0 	0.0 	0.0 	0.0 	0.0	1.26612903226	100.0	-19.0967741935	
0.8	0.0	0.0	0.0 	0.0 	40.0 	25.0 	0.0 	0.0 	0.0 	-0.0 	25.0 	0.0 	0.0 	0.0 	0.0	1.26612903226	100.0	-19.0967741935	
0.816666666667	0.0	0.0	0.0 	0.0 	40.4166666667 	25.0 	0.0 	0.0 	0.0 	-0.0 	25.0 	0.0 	0.0 	0.0 	0.162037037037	1.56551824085	100.00270058	-19.0967599395	
0.833333333333	0.0	0.0	0.0 	0.0 	40.8333333333 	25.0 	0.0 	0.0 	0.0 	-0.0 	25.0 	0.0 	0.0 	0.0 	0.321748542524	1.81500924801	100.00790394	-19.0980565469	
0.85	0.0	0.0	0.0 	0.0 	41.25 	25.0 	0.0 	0.0 	0.0 	-0.0 	25.0 	0.0 	0.0 	0.0 	0.479167892145	2.02291842064	100.015087641	-19.1015454912	
0.866666666667	0.0	0.0	0.0 	0.0 	41.6666666667 	25.0 	0.0 	0.0 	0.0 	-0.0 	25.0 	0.0 	0.0 	0.0 	0.634327982582	2.1961760645	100.023658901	-19.1077344727	
0.883333333333	0.0	0.0	0.0 	0.0 	42.0833333333 	25.0 	0.0 	0.0 	0.0 	-0.0 	25.0 	0.0 	0.0 	0.0 	0.787261238388	2.34055743439	100.033080804	-19.1168662269	
0.9	0.0	0.0	0.0 	0.0 	42.5 	25.0 	0.0 	0.0 	0.0 	-0.0 	25.0 	0.0 	0.0 	0.0 	0.937999618763	2.46087524263	100.042919649	-19.1290152201	
0.916666666667	0.0	0.0	0.0 	0.0 	42.9166666667 	25.0 	0.0 	0.0 	0.0 	-0.0 	25.0 	0.0 	0.0 	0.0 	1.08657462423	2.56114008282	100.052850985	-19.1441587119	
0.933333333333	0.0	0.0	0.0 	0.0 	43.3333333333 	25.0 	0.0 	0.0 	0.0 	-0.0 	25.0 	0.0 	0.0 	0.0 	1.23301730324	2.64469411632	100.062647338	-19.1622237565	
0.95	0.0	0.0	0.0 	0.0 	43.75 	25.0 	0.0 	0.0 	0.0 	-0.0 	25.0 	0.0 	0.0 	0.0 	1.37735825861	2.71432247757	100.072160015	-19.1831159936	
0.966666666667	0.0	0.0	0.0 	0.0 	44.1666666667 	25.0 	0.0 	0.0 	0.0 	-0.0 	25.0 	0.0 	0.0 	0.0 	1.51962765397	2.77234611194	100.081300901	-19.2067360612	
0.983333333333	0.0	0.0	0.0 	0.0 	44.5833333333 	25.0 	0.0 	0.0 	0.0 	-0.0 	25.0 	0.0 	0.0 	0.0 	1.65985522005	2.82069914059	100.09002661	-19.2329881645	
1.0	0.0	0.0	0.0 	0.0 	45.0 	25.0 	0.0 	0.0 	0.0 	-0.0 	25.0 	0.0 	0.0 	0.0 	1.79807026087	2.86099333112	100.098325651	-19.2617839493	
1.01666666667	0.0	0.0	0.0 	0.0 	45.4166666667 	25.0 	0.0 	0.0 	0.0 	-0.0 	25.0 	0.0 	0.0 	0.0 	1.93430165991	2.89457182324	100.106208456	-19.2930437206	
1.03333333333	0.0	0.0	0.0 	0.0 	45.8333333333 	25.0 	0.0 	0.0 	0.0 	-0.0 	25.0 	0.0 	0.0 	0.0 	2.06857788608	2.9225539	100.113699861	-19.3266962686	
1.05	0.0	0.0	0.0 	0.0 	46.25 	25.0 	0.0 	0.0 	0.0 	-0.0 	25.0 	0.0 	0.0 	0.0 	2.20092699975	2.9458722973	100.120833549	-19.3626780442	
1.06666666667	0.0	0.0	0.0 	0.0 	46.6666666667 	25.0 	0.0 	0.0 	0.0 	-0.0 	25.0 	0.0 	0.0 	0.0 	2.33137665855	2.96530429505	100.127648034	-19.4009321043	
1.08333333333	0.0	0.0	0.0 	0.0 	47.0833333333 	25.0 	0.0 	0.0 	0.0 	-0.0 	25.0 	0.0 	0.0 	0.0 	2.45995412318	2.98149762651	100.134183804	-19.4414070471	
1.1	0.0	0.0	0.0 	0.0 	47.5 	25.0 	0.0 	0.0 	0.0 	-0.0 	25.0 	0.0 	0.0 	0.0 	2.58668626308	2.9949920694	100.140481352	-19.4840560442	
1.11666666667	0.0	0.0	0.0 	0.0 	47.9166666667 	25.0 	0.0 	0.0 	0.0 	-0.0 	25.0 	0.0 	0.0 	0.0 	2.71159956208	3.00623743846	100.146579843	-19.5288360077	
1.13333333333	0.0	0.0	0.0 	0.0 	48.3333333333 	25.0 	0.0 	0.0 	0.0 	-0.0 	25.0 	0.0 	0.0 	0.0 	2.83472012392	3.01560857936	100.15251627	-19.5757069001	
1.15	0.0	0.0	0.0 	0.0 	48.75 	25.0 	0.0 	0.0 	0.0 	-0.0 	25.0 	0.0 	0.0 	0.0 	2.9560736777	3.02341786343	100.158324951	-19.6246311749	
1.16666666667	0.0	0.0	0.0 	0.0 	49.1666666667 	25.0 	0.0 	0.0 	0.0 	-0.0 	25.0 	0.0 	0.0 	0.0 	3.07568558325	3.02992560016	100.164037274	-19.6755733303	
1.18333333333	0.0	0.0	0.0 	0.0 	49.5833333333 	25.0 	0.0 	0.0 	0.0 	-0.0 	25.0 	0.0 	0.0 	0.0 	3.19358083645	3.0353487141	100.169681619	-19.7284995565	
1.2	0.0	0.0	0.0 	0.0 	50.0 	25.0 	0.0 	0.0 	0.0 	-0.0 	25.0 	0.0 	0.0 	0.0 	3.30978407445	3.03986797572	100.175283391	-19.7833774592	
1.21666666667	0.0	0.0	0.0 	0.0 	50.4166666667 	25.0 	0.0 	0.0 	0.0 	-0.0 	25.0 	0.0 	0.0 	0.0 	3.42431958078	3.04363402707	100.180865148	-19.8401758428	
1.23333333333	0.0	0.0	0.0 	0.0 	50.8333333333 	25.0 	0.0 	0.0 	0.0 	-0.0 	25.0 	0.0 	0.0 	0.0 	3.53721129051	3.04677240319	100.186446763	-19.8988645408	
1.25	0.0	0.0	0.0 	0.0 	51.25 	25.0 	0.0 	0.0 	0.0 	-0.0 	25.0 	0.0 	0.0 	0.0 	3.64848279513	3.04938771663	100.192045624	-19.959414283	
1.26666666667	0.0	0.0	0.0 	0.0 	51.6666666667 	25.0 	0.0 	0.0 	0.0 	-0.0 	25.0 	0.0 	0.0 	0.0 	3.75815734761	3.05156714449	100.197676844	-20.0217965908	
1.28333333333	0.0	0.0	0.0 	0.0 	52.0833333333 	25.0 	0.0 	0.0 	0.0 	-0.0 	25.0 	0.0 	0.0 	0.0 	3.86625786716	3.05338333438	100.203353475	-20.0859836935	
1.3	0.0	0.0	0.0 	0.0 	52.5 	25.0 	0.0 	0.0 	0.0 	-0.0 	25.0 	0.0 	0.0 	0.0 	3.97280694406	3.05489682595	100.209086717	-20.1519484628	
1.31666666667	0.0	0.0	0.0 	0.0 	52.9166666667 	25.0 	0.0 	0.0 	0.0 	-0.0 	25.0 	0.0 	0.0 	0.0 	4.0778268444	3.05615806893	100.214886113	-20.2196643582	
1.33333333333	0.0	0.0	0.0 	0.0 	53.3333333333 	25.0 	0.0 	0.0 	0.0 	-0.0 	25.0 	0.0 	0.0 	0.0 	4.18133951469	3.05720910474	100.220759741	-20.2891053842	
1.35	0.0	0.0	0.0 	0.0 	53.75 	25.0 	0.0 	0.0 	0.0 	-0.0 	25.0 	0.0 	0.0 	0.0 	4.28336658647	3.05808496792	100.226714382	-20.3602460536	
1.36666666667	0.0	0.0	0.0 	0.0 	54.1666666667 	25.0 	0.0 	0.0 	0.0 	-0.0 	25.0 	0.0 	0.0 	0.0 	4.38392938083	3.0588148539	100.232755678	-20.4330613578	
1.38333333333	0.0	0.0	0.0 	0.0 	54.5833333333 	25.0 	0.0 	0.0 	0.0 	-0.0 	25.0 	0.0 	0.0 	0.0 	4.48304891287	3.05942309222	100.238888274	-20.5075267414	
1.4	0.0	0.0	0.0 	0.0 	55.0 	25.0 	0.0 	0.0 	0.0 	-0.0 	25.0 	0.0 	0.0 	0.0 	4.58074589606	3.05992995748	100.245115948	-20.5836180806	
1.41666666667	0.0	0.0	0.0 	0.0 	55.4166666667 	25.0 	0.0 	0.0 	0.0 	-0.0 	25.0 	0.0 	0.0 	0.0 	4.67704074663	3.0603523452	100.251441721	-20.6613116644	
1.43333333333	0.0	0.0	0.0 	0.0 	55.8333333333 	25.0 	0.0 	0.0 	0.0 	-0.0 	25.0 	0.0 	0.0 	0.0 	4.77195358776	3.06070433497	100.257867963	-20.7405841785	
1.45	0.0	0.0	0.0 	0.0 	56.25 	25.0 	0.0 	0.0 	0.0 	-0.0 	25.0 	0.0 	0.0 	0.0 	4.86550425387	3.06099765978	100.264396478	-20.8214126907	
1.46666666667	0.0	0.0	0.0 	0.0 	56.6666666667 	25.0 	0.0 	0.0 	0.0 	-0.0 	25.0 	0.0 	0.0 	0.0 	4.95771229467	3.06124209712	100.271028585	-20.9037746388	
1.48333333333	0.0	0.0	0.0 	0.0 	57.0833333333 	25.0 	0.0 	0.0 	0.0 	-0.0 	25.0 	0.0 	0.0 	0.0 	5.04859697933	3.0614457949	100.277765188	-20.9876478184	
1.5	0.0	0.0	0.0 	0.0 	57.5 	25.0 	0.0 	0.0 	0.0 	-0.0 	25.0 	0.0 	0.0 	0.0 	5.13817730046	3.06161554305	100.284606832	-21.0730103734	
1.51666666667	0.0	0.0	0.0 	0.0 	57.9166666667 	25.0 	0.0 	0.0 	0.0 	-0.0 	25.0 	0.0 	0.0 	0.0 	5.22647197809	3.06175699984	100.29155376	-21.159840786	
1.53333333333	0.0	0.0	0.0 	0.0 	58.3333333333 	25.0 	0.0 	0.0 	0.0 	-0.0 	25.0 	0.0 	0.0 	0.0 	5.31349946359	3.0618748805	100.298605957	-21.2481178687	
1.55	0.0	0.0	0.0 	0.0 	58.75 	25.0 	0.0 	0.0 	0.0 	-0.0 	25.0 	0.0 	0.0 	0.0 	5.39927794351	3.06197311439	100.30576319	-21.337820756	
1.56666666667	0.0	0.0	0.0 	0.0 	59.1666666667 	25.0 	0.0 	0.0 	0.0 	-0.0 	25.0 	0.0 	0.0 	0.0 	5.48382534339	3.06205497596	100.31302504	-21.4289288974	
1.58333333333	0.0	0.0	0.0 	0.0 	59.5833333333 	25.0 	0.0 	0.0 	0.0 	-0.0 	25.0 	0.0 	0.0 	0.0 	5.56715933152	3.06212319393	100.320390934	-21.5214220503	
1.6	0.0	0.0	0.0 	0.0 	60.0 	25.0 	0.0 	0.0 	0.0 	-0.0 	25.0 	0.0 	0.0 	0.0 	5.6492973226	3.06218004225	100.327860168	-21.6152802741	
1.61666666667	0.0	0.0	0.0 	0.0 	60.4166666667 	25.0 	0.0 	0.0 	0.0 	-0.0 	25.0 	0.0 	0.0 	0.0 	5.73025648139	3.06222741584	100.335431933	-21.7104839235	
1.63333333333	0.0	0.0	0.0 	0.0 	60.8333333333 	25.0 	0.0 	0.0 	0.0 	-0.0 	25.0 	0.0 	0.0 	0.0 	5.81005372634	3.06226689384	100.343105328	-21.8070136436	
1.65	0.0	0.0	0.0 	0.0 	61.25 	25.0 	0.0 	0.0 	0.0 	-0.0 	25.0 	0.0 	0.0 	0.0 	5.88870573304	3.06229979216	100.350879381	-21.9048503641	
1.66666666667	0.0	0.0	0.0 	0.0 	61.6666666667 	25.0 	0.0 	0.0 	0.0 	-0.0 	25.0 	0.0 	0.0 	0.0 	5.9662289378	3.06232720744	100.35875306	-22.0039752942	
1.68333333333	0.0	0.0	0.0 	0.0 	62.0833333333 	25.0 	0.0 	0.0 	0.0 	-0.0 	25.0 	0.0 	0.0 	0.0 	6.04263954101	3.0623500535	100.366725285	-22.1043699179	
1.7	0.0	0.0	0.0 	0.0 	62.5 	25.0 	0.0 	0.0 	0.0 	-0.0 	25.0 	0.0 	0.0 	0.0 	6.11795351056	3.06236909189	100.374794939	-22.2060159891	
1.71666666667	0.0	0.0	0.0 	0.0 	62.9166666667 	25.0 	0.0 	0.0 	0.0 	-0.0 	25.0 	0.0 	0.0 	0.0 	6.19218658517	3.06238495721	100.382960874	-22.3088955272	
1.73333333333	0.0	0.0	0.0 	0.0 	63.3333333333 	25.0 	0.0 	0.0 	0.0 	-0.0 	25.0 	0.0 	0.0 	0.0 	6.2653542777	3.06239817831	100.391221923	-22.4129908127	
1.75	0.0	0.0	0.0 	0.0 	63.75 	25.0 	0.0 	0.0 	0.0 	-0.0 	25.0 	0.0 	0.0 	0.0 	6.33747187835	3.06240919589	100.399576902	-22.5182843831	
1.76666666667	0.0	0.0	0.0 	0.0 	64.1666666667 	25.0 	0.0 	0.0 	0.0 	-0.0 	25.0 	0.0 	0.0 	0.0 	6.40855445787	3.06241837721	100.408024614	-22.6247590285	
1.78333333333	0.0	0.0	0.0 	0.0 	64.5833333333 	25.0 	0.0 	0.0 	0.0 	-0.0 	25.0 	0.0 	0.0 	0.0 	6.47861687074	3.06242602831	100.416563858	-22.7323977881	
1.8	0.0	0.0	0.0 	0.0 	65.0 	25.0 	0.0 	0.0 	0.0 	-0.0 	25.0 	0.0 	0.0 	0.0 	6.54767375825	3.06243240423	100.42519343	-22.841183946	
1.81666666667	0.0	0.0	0.0 	0.0 	65.4166666667 	25.0 	0.0 	0.0 	0.0 	-0.0 	25.0 	0.0 	0.0 	0.0 	6.61573955153	3.06243771749	100.433912126	-22.9511010277	
1.83333333333	0.0	0.0	0.0 	0.0 	65.8333333333 	25.0 	0.0 	0.0 	0.0 	-0.0 	25.0 	0.0 	0.0 	0.0 	6.68282847463	3.06244214521	100.442718746	-23.062132796	
1.85	0.0	0.0	0.0 	0.0 	66.25 	25.0 	0.0 	0.0 	0.0 	-0.0 	25.0 	0.0 	0.0 	0.0 	6.74895454745	3.06244583498	100.451612092	-23.1742632479	
1.86666666667	0.0	0.0	0.0 	0.0 	66.6666666667 	25.0 	0.0 	0.0 	0.0 	-0.0 	25.0 	0.0 	0.0 	0.0 	6.81413158867	3.06244890978	100.460590976	-23.2874766109	
1.88333333333	0.0	0.0	0.0 	0.0 	67.0833333333 	25.0 	0.0 	0.0 	0.0 	-0.0 	25.0 	0.0 	0.0 	0.0 	6.87837321865	3.06245147212	100.469654218	-23.4017573394	
1.9	0.0	0.0	0.0 	0.0 	67.5 	25.0 	0.0 	0.0 	0.0 	-0.0 	25.0 	0.0 	0.0 	0.0 	6.94169286227	3.0624536074	100.478800646	-23.5170901117	
1.91666666667	0.0	0.0	0.0 	0.0 	67.9166666667 	25.0 	0.0 	0.0 	0.0 	-0.0 	25.0 	0.0 	0.0 	0.0 	7.00410375174	3.0624553868	100.4880291	-23.6334598262	
1.93333333333	0.0	0.0	0.0 	0.0 	68.3333333333 	25.0 	0.0 	0.0 	0.0 	-0.0 	25.0 	0.0 	0.0 	0.0 	7.06561892938	3.06245686964	100.497338432	-23.7508515987	
1.95	0.0	0.0	0.0 	0.0 	68.75 	25.0 	0.0 	0.0 	0.0 	-0.0 	25.0 	0.0 	0.0 	0.0 	7.1262512503	3.06245810533	100.506727503	-23.8692507589	
1.96666666667	0.0	0.0	0.0 	0.0 	69.1666666667 	25.0 	0.0 	0.0 	0.0 	-0.0 	25.0 	0.0 	0.0 	0.0 	7.18601338514	3.06245913508	100.51619519	-23.9886428474	
1.98333333333	0.0	0.0	0.0 	0.0 	69.5833333333 	25.0 	0.0 	0.0 	0.0 	-0.0 	25.0 	0.0 	0.0 	0.0 	7.24491782266	3.0624599932	100.525740381	-24.1090136124	
2.0	0.0	0.0	0.0 	0.0 	70.0 	25.0 	0.0 	0.0 	0.0 	-0.0 	25.0 	0.0 	0.0 	0.0 	7.30297687243	3.0624607083	100.535361978	-24.2303490069	
2.01666666667	0.0	0.0	0.0 	0.0 	70.4166666667 	25.0 	0.0 	0.0 	0.0 	-0.0 	25.0 	0.0 	0.0 	0.0 	7.36020266732	3.06246130422	100.545058897	-24.3526351859	
2.03333333333	0.0	0.0	0.0 	0.0 	70.8333333333 	25.0 	0.0 	0.0 	0.0 	-0.0 	25.0 	0.0 	0.0 	0.0 	7.41660716607	3.06246180082	100.554830066	-24.475858503	
2.05	0.0	0.0	0.0 	0.0 	71.25 	25.0 	0.0 	0.0 	0.0 	-0.0 	25.0 	0.0 	0.0 	0.0 	7.47220215582	3.06246221465	100.564674429	-24.6000055079	
2.06666666667	0.0	0.0	0.0 	0.0 	71.6666666667 	25.0 	0.0 	0.0 	0.0 	-0.0 	25.0 	0.0 	0.0 	0.0 	7.52699925451	3.06246255951	100.574590942	-24.7250629433	
2.08333333333	0.0	0.0	0.0 	0.0 	72.0833333333 	25.0 	0.0 	0.0 	0.0 	-0.0 	25.0 	0.0 	0.0 	0.0 	7.58100991336	3.06246284689	100.584578576	-24.8510177425	
2.1	0.0	0.0	0.0 	0.0 	72.5 	25.0 	0.0 	0.0 	0.0 	-0.0 	25.0 	0.0 	0.0 	0.0 	7.63424541923	3.06246308638	100.594636314	-24.9778570261	
2.11666666667	0.0	0.0	0.0 	0.0 	72.9166666667 	25.0 	0.0 	0.0 	0.0 	-0.0 	25.0 	0.0 	0.0 	0.0 	7.68671689701	3.06246328595	100.604763156	-25.1055680999	
2.13333333333	0.0	0.0	0.0 	0.0 	73.3333333333 	25.0 	0.0 	0.0 	0.0 	-0.0 	25.0 	0.0 	0.0 	0.0 	7.73843531191	3.06246345226	100.614958112	-25.2341384518	
2.15	0.0	0.0	0.0 	0.0 	73.75 	25.0 	0.0 	0.0 	0.0 	-0.0 	25.0 	0.0 	0.0 	0.0 	7.78941147179	3.06246359085	100.625220209	-25.3635557493	
2.16666666667	0.0	0.0	0.0 	0.0 	74.1666666667 	25.0 	0.0 	0.0 	0.0 	-0.0 	25.0 	0.0 	0.0 	0.0 	7.83965602937	3.06246370635	100.635548485	-25.4938078369	
2.18333333333	0.0	0.0	0.0 	0.0 	74.5833333333 	25.0 	0.0 	0.0 	0.0 	-0.0 	25.0 	0.0 	0.0 	0.0 	7.8891794845	3.06246380259	100.645941993	-25.6248827338	
2.2	0.0	0.0	0.0 	0.0 	75.0 	25.0 	0.0 	0.0 	0.0 	-0.0 	25.0 	0.0 	0.0 	0.0 	7.93799218635	3.06246388279	100.656399797	-25.756768631	
2.21666666667	0.0	0.0	0.0 	0.0 	75.4166666667 	25.0 	0.0 	0.0 	0.0 	-0.0 	25.0 	0.0 	0.0 	0.0 	7.98610433552	3.06246394963	100.666920978	-25.8894538889	
2.23333333333	0.0	0.0	0.0 	0.0 	75.8333333333 	25.0 	0.0 	0.0 	0.0 	-0.0 	25.0 	0.0 	0.0 	0.0 	8.03352598626	3.06246400533	100.677504626	-26.0229270351	
2.25	0.0	0.0	0.0 	0.0 	76.25 	25.0 	0.0 	0.0 	0.0 	-0.0 	25.0 	0.0 	0.0 	0.0 	8.0802670485	3.06246405174	100.688149846	-26.157176762	
2.26666666667	0.0	0.0	0.0 	0.0 	76.6666666667 	25.0 	0.0 	0.0 	0.0 	-0.0 	25.0 	0.0 	0.0 	0.0 	8.12633728993	3.06246409042	100.698855756	-26.2921919241	
2.28333333333	0.0	0.0	0.0 	0.0 	77.0833333333 	25.0 	0.0 	0.0 	0.0 	-0.0 	25.0 	0.0 	0.0 	0.0 	8.17174633809	3.06246412265	100.709621484	-26.4279615358	
2.3	0.0	0.0	0.0 	0.0 	77.5 	25.0 	0.0 	0.0 	0.0 	-0.0 	25.0 	0.0 	0.0 	0.0 	8.21650368231	3.06246414951	100.720446174	-26.5644747695	
2.31666666667	0.0	0.0	0.0 	0.0 	77.9166666667 	25.0 	0.0 	0.0 	0.0 	-0.0 	25.0 	0.0 	0.0 	0.0 	8.26061867576	3.06246417189	100.731328979	-26.7017209527	
2.33333333333	0.0	0.0	0.0 	0.0 	78.3333333333 	25.0 	0.0 	0.0 	0.0 	-0.0 	25.0 	0.0 	0.0 	0.0 	8.30410053735	3.06246419055	100.742269066	-26.8396895662	
2.35	0.0	0.0	0.0 	0.0 	78.75 	25.0 	0.0 	0.0 	0.0 	-0.0 	25.0 	0.0 	0.0 	0.0 	8.34695835372	3.06246420609	100.753265613	-26.9783702418	
2.36666666667	0.0	0.0	0.0 	0.0 	79.1666666667 	25.0 	0.0 	0.0 	0.0 	-0.0 	25.0 	0.0 	0.0 	0.0 	8.38920108105	3.06246421904	100.76431781	-27.11775276	
2.38333333333	0.0	0.0	0.0 	0.0 	79.5833333333 	25.0 	0.0 	0.0 	0.0 	-0.0 	25.0 	0.0 	0.0 	0.0 	8.43083754701	3.06246422984	100.775424859	-27.257827048	
2.4	0.0	0.0	0.0 	0.0 	80.0 	25.0 	0.0 	0.0 	0.0 	-0.0 	25.0 	0.0 	0.0 	0.0 	8.47187645259	3.06246423883	100.786585973	-27.3985831777	
2.41666666667	0.0	0.0	0.0 	0.0 	80.4166666667 	25.0 	0.0 	0.0 	0.0 	-0.0 	25.0 	0.0 	0.0 	0.0 	8.51232637387	3.06246424633	100.797800375	-27.5400113634	
2.43333333333	0.0	0.0	0.0 	0.0 	80.8333333333 	25.0 	0.0 	0.0 	0.0 	-0.0 	25.0 	0.0 	0.0 	0.0 	8.55219576387	3.06246425258	100.809067302	-27.6821019598	
2.45	0.0	0.0	0.0 	0.0 	81.25 	25.0 	0.0 	0.0 	0.0 	-0.0 	25.0 	0.0 	0.0 	0.0 	8.5914929543	3.06246425778	100.820385999	-27.8248454601	
2.46666666667	0.0	0.0	0.0 	0.0 	81.6666666667 	25.0 	0.0 	0.0 	0.0 	-0.0 	25.0 	0.0 	0.0 	0.0 	8.63022615727	3.06246426212	100.831755724	-27.9682324938	
2.48333333333	0.0	0.0	0.0 	0.0 	82.0833333333 	25.0 	0.0 	0.0 	0.0 	-0.0 	25.0 	0.0 	0.0 	0.0 	8.66840346705	3.06246426573	100.843175745	-28.1122538251	
2.5	0.0	0.0	0.0 	0.0 	82.5 	25.0 	0.0 	0.0 	0.0 	-0.0 	25.0 	0.0 	0.0 	0.0 	8.70603286174	3.06246426875	100.854645339	-28.2569003507	
2.51666666667	0.0	0.0	0.0 	0.0 	82.9166666667 	25.0 	0.0 	0.0 	0.0 	-0.0 	25.0 	0.0 	0.0 	0.0 	8.74312220493	3.06246427126	100.866163795	-28.4021630977	
2.53333333333	0.0	0.0	0.0 	0.0 	83.3333333333 	25.0 	0.0 	0.0 	0.0 	-0.0 	25.0 	0.0 	0.0 	0.0 	8.77967924735	3.06246427335	100.877730413	-28.5480332224	
2.55	0.0	0.0	0.0 	0.0 	83.75 	25.0 	0.0 	0.0 	0.0 	-0.0 	25.0 	0.0 	0.0 	0.0 	8.81571162853	3.06246427509	100.8893445	-28.6945020077	
2.56666666667	0.0	0.0	0.0 	0.0 	84.1666666667 	25.0 	0.0 	0.0 	0.0 	-0.0 	25.0 	0.0 	0.0 	0.0 	8.8512268783	3.06246427655	100.901005376	-28.8415608617	
2.58333333333	0.0	0.0	0.0 	0.0 	84.5833333333 	25.0 	0.0 	0.0 	0.0 	-0.0 	25.0 	0.0 	0.0 	0.0 	8.88623241848	3.06246427776	100.912712369	-28.9892013158	
2.6	0.0	0.0	0.0 	0.0 	85.0 	25.0 	0.0 	0.0 	0.0 	-0.0 	25.0 	0.0 	0.0 	0.0 	8.92073556432	3.06246427877	100.924464818	-29.1374150231	
2.61666666667	0.0	0.0	0.0 	0.0 	85.4166666667 	25.0 	0.0 	0.0 	0.0 	-0.0 	25.0 	0.0 	0.0 	0.0 	8.95474352613	3.06246427961	100.93626207	-29.2861937561	
2.63333333333	0.0	0.0	0.0 	0.0 	85.8333333333 	25.0 	0.0 	0.0 	0.0 	-0.0 	25.0 	0.0 	0.0 	0.0 	8.98826341071	3.06246428031	100.948103481	-29.4355294059	
2.65	0.0	0.0	0.0 	0.0 	86.25 	25.0 	0.0 	0.0 	0.0 	-0.0 	25.0 	0.0 	0.0 	0.0 	9.02130222287	3.06246428089	100.959988419	-29.5854139795	
2.66666666667	0.0	0.0	0.0 	0.0 	86.6666666667 	25.0 	0.0 	0.0 	0.0 	-0.0 	25.0 	0.0 	0.0 	0.0 	9.05386686689	3.06246428138	100.971916258	-29.735839599	
2.68333333333	0.0	0.0	0.0 	0.0 	87.0833333333 	25.0 	0.0 	0.0 	0.0 	-0.0 	25.0 	0.0 	0.0 	0.0 	9.08596414797	3.06246428178	100.983886384	-29.8867984993	
2.7	0.0	0.0	0.0 	0.0 	87.5 	25.0 	0.0 	0.0 	0.0 	-0.0 	25.0 	0.0 	0.0 	0.0 	9.11760077362	3.06246428212	100.995898188	-30.0382830268	
2.71666666667	0.0	0.0	0.0 	0.0 	87.9166666667 	25.0 	0.0 	0.0 	0.0 	-0.0 	25.0 	0.0 	0.0 	0.0 	9.14878335511	3.0624642824	101.007951073	-30.1902856378	
2.73333333333	0.0	0.0	0.0 	0.0 	88.3333333333 	25.0 	0.0 	0.0 	0.0 	-0.0 	25.0 	0.0 	0.0 	0.0 	9.17951840881	3.06246428264	101.020044449	-30.3427988969	
2.75	0.0	0.0	0.0 	0.0 	88.75 	25.0 	0.0 	0.0 	0.0 	-0.0 	25.0 	0.0 	0.0 	0.0 	9.20981235758	3.06246428283	101.032177736	-30.4958154753	
2.76666666667	0.0	0.0	0.0 	0.0 	89.1666666667 	25.0 	0.0 	0.0 	0.0 	-0.0 	25.0 	0.0 	0.0 	0.0 	9.23967153207	3.06246428299	101.04435036	-30.6493281495	
2.78333333333	0.0	0.0	0.0 	0.0 	89.5833333333 	25.0 	0.0 	0.0 	0.0 	-0.0 	25.0 	0.0 	0.0 	0.0 	9.26910217212	3.06246428313	101.056561756	-30.8033297995	
2.8	0.0	0.0	0.0 	0.0 	90.0 	25.0 	0.0 	0.0 	0.0 	-0.0 	25.0 	0.0 	0.0 	0.0 	9.29811042799	3.06246428324	101.068811369	-30.9578134076	
2.81666666667	0.0	0.0	0.0 	0.0 	90.4166666667 	25.0 	0.0 	0.0 	0.0 	-0.0 	25.0 	0.0 	0.0 	0.0 	9.32670236166	3.06246428334	101.08109865	-31.1127720569	
2.83333333333	0.0	0.0	0.0 	0.0 	90.8333333333 	25.0 	0.0 	0.0 	0.0 	-0.0 	25.0 	0.0 	0.0 	0.0 	9.35488394813	3.06246428342	101.093423058	-31.2681989296	
2.85	0.0	0.0	0.0 	0.0 	91.25 	25.0 	0.0 	0.0 	0.0 	-0.0 	25.0 	0.0 	0.0 	0.0 	9.38266107666	3.06246428348	101.105784061	-31.4240873059	
2.86666666667	0.0	0.0	0.0 	0.0 	91.6666666667 	25.0 	0.0 	0.0 	0.0 	-0.0 	25.0 	0.0 	0.0 	0.0 	9.41003955195	3.06246428354	101.118181133	-31.5804305623	
2.88333333333	0.0	0.0	0.0 	0.0 	92.0833333333 	25.0 	0.0 	0.0 	0.0 	-0.0 	25.0 	0.0 	0.0 	0.0 	9.43702509541	3.06246428358	101.130613756	-31.7372221705	
2.9	0.0	0.0	0.0 	0.0 	92.5 	25.0 	0.0 	0.0 	0.0 	-0.0 	25.0 	0.0 	0.0 	0.0 	9.46362334636	3.06246428362	101.143081421	-31.8944556957	
2.91666666667	0.0	0.0	0.0 	0.0 	92.9166666667 	25.0 	0.0 	0.0 	0.0 	-0.0 	25.0 	0.0 	0.0 	0.0 	9.48983986315	3.06246428365	101.155583624	-32.0521247957	
2.93333333333	0.0	0.0	0.0 	0.0 	93.3333333333 	25.0 	0.0 	0.0 	0.0 	-0.0 	25.0 	0.0 	0.0 	0.0 	9.51568012437	3.06246428368	101.16811987	-32.2102232192	
2.95	0.0	0.0	0.0 	0.0 	93.75 	25.0 	0.0 	0.0 	0.0 	-0.0 	25.0 	0.0 	0.0 	0.0 	9.54114952999	3.0624642837	101.18068967	-32.3687448044	
2.96666666667	0.0	0.0	0.0 	0.0 	94.1666666667 	25.0 	0.0 	0.0 	0.0 	-0.0 	25.0 	0.0 	0.0 	0.0 	9.56625340248	3.06246428372	101.193292542	-32.5276834784	
2.98333333333	0.0	0.0	0.0 	0.0 	94.5833333333 	25.0 	0.0 	0.0 	0.0 	-0.0 	25.0 	0.0 	0.0 	0.0 	9.59099698791	3.06246428373	101.205928013	-32.6870332551	
3.0	0.0	0.0	0.0 	0.0 	95.0 	25.0 	0.0 	0.0 	0.0 	-0.0 	25.0 	0.0 	0.0 	0.0 	9.61538545706	3.06246428375	101.218595614	-32.8467882345	
3.01666666667	0.0	0.0	0.0 	0.0 	95.4166666667 	25.0 	0.0 	0.0 	0.0 	-0.0 	25.0 	0.0 	0.0 	0.0 	9.63942390652	3.06246428376	101.231294883	-33.006942601	
3.03333333333	0.0	0.0	0.0 	0.0 	95.8333333333 	25.0 	0.0 	0.0 	0.0 	-0.0 	25.0 	0.0 	0.0 	0.0 	9.66311735971	3.06246428377	101.244025367	-33.1674906228	
3.05	0.0	0.0	0.0 	0.0 	96.25 	25.0 	0.0 	0.0 	0.0 	-0.0 	25.0 	0.0 	0.0 	0.0 	9.68647076798	3.06246428377	101.256786618	-33.3284266502	
3.06666666667	0.0	0.0	0.0 	0.0 	96.6666666667 	25.0 	0.0 	0.0 	0.0 	-0.0 	25.0 	0.0 	0.0 	0.0 	9.70948901158	3.06246428378	101.269578193	-33.4897451145	
3.08333333333	0.0	0.0	0.0 	0.0 	97.0833333333 	25.0 	0.0 	0.0 	0.0 	-0.0 	25.0 	0.0 	0.0 	0.0 	9.73217690077	3.06246428378	101.282399659	-33.6514405272	
3.1	0.0	0.0	0.0 	0.0 	97.5 	25.0 	0.0 	0.0 	0.0 	-0.0 	25.0 	0.0 	0.0 	0.0 	9.75453917673	3.06246428379	101.295250585	-33.8135074783	
3.11666666667	0.0	0.0	0.0 	0.0 	97.9166666667 	25.0 	0.0 	0.0 	0.0 	-0.0 	25.0 	0.0 	0.0 	0.0 	9.77658051262	3.06246428379	101.308130549	-33.9759406355	
3.13333333333	0.0	0.0	0.0 	0.0 	98.3333333333 	25.0 	0.0 	0.0 	0.0 	-0.0 	25.0 	0.0 	0.0 	0.0 	9.79830551452	3.06246428379	101.321039134	-34.1387347431	
3.15	0.0	0.0	0.0 	0.0 	98.75 	25.0 	0.0 	0.0 	0.0 	-0.0 	25.0 	0.0 	0.0 	0.0 	9.81971872242	3.0624642838	101.333975929	-34.3018846208	
3.16666666667	0.0	0.0	0.0 	0.0 	99.1666666667 	25.0 	0.0 	0.0 	0.0 	-0.0 	25.0 	0.0 	0.0 	0.0 	9.84082461112	3.0624642838	101.34694053	-34.4653851627	
3.18333333333	0.0	0.0	0.0 	0.0 	99.5833333333 	25.0 	0.0 	0.0 	0.0 	-0.0 	25.0 	0.0 	0.0 	0.0 	9.86162759124	3.0624642838	101.359932538	-34.629231336	
3.2	0.0	0.0	0.0 	0.0 	100.0 	25.0 	0.0 	0.0 	0.0 	-0.0 	25.0 	0.0 	0.0 	0.0 	9.88213201007	3.0624642838	101.372951559	-34.7934181803	
3.21666666667	0.0	0.0	0.0 	0.0 	100.416666667 	25.0 	0.0 	0.0 	0.0 	-0.0 	25.0 	0.0 	0.0 	0.0 	9.90234215252	3.0624642838	101.385997205	-34.9579408063	
3.23333333333	0.0	0.0	0.0 	0.0 	100.833333333 	25.0 	0.0 	0.0 	0.0 	-0.0 	25.0 	0.0 	0.0 	0.0 	9.922262242	3.0624642838	101.399069094	-35.122794395	
3.25	0.0	0.0	0.0 	0.0 	101.25 	25.0 	0.0 	0.0 	0.0 	-0.0 	25.0 	0.0 	0.0 	0.0 	9.9418964413	3.06246428381	101.41216685	-35.2879741964	
3.26666666667	0.0	0.0	0.0 	0.0 	101.666666667 	25.0 	0.0 	0.0 	0.0 	-0.0 	25.0 	0.0 	0.0 	0.0 	9.96124885349	3.06246428381	101.425290102	-35.4534755288	
3.28333333333	0.0	0.0	0.0 	0.0 	102.083333333 	25.0 	0.0 	0.0 	0.0 	-0.0 	25.0 	0.0 	0.0 	0.0 	9.98032352272	3.06246428381	101.438438483	-35.6192937776	
3.3	0.0	0.0	0.0 	0.0 	102.5 	25.0 	0.0 	0.0 	0.0 	-0.0 	25.0 	0.0 	0.0 	0.0 	9.99912443512	3.06246428381	101.451611633	-35.7854243945	
3.31666666667	0.0	0.0	0.0 	0.0 	102.916666667 	25.0 	0.0 	0.0 	0.0 	-0.0 	25.0 	0.0 	0.0 	0.0 	10.0176555196	3.06246428381	101.464809197	-35.9518628963	
3.33333333333	0.0	0.0	0.0 	0.0 	103.333333333 	25.0 	0.0 	0.0 	0.0 	-0.0 	25.0 	0.0 	0.0 	0.0 	10.0359206487	3.06246428381	101.478030823	-36.1186048645	
3.35	0.0	0.0	0.0 	0.0 	103.75 	25.0 	0.0 	0.0 	0.0 	-0.0 	25.0 	0.0 	0.0 	0.0 	10.0539236394	3.06246428381	101.491276167	-36.2856459436	
3.36666666667	0.0	0.0	0.0 	0.0 	104.166666667 	25.0 	0.0 	0.0 	0.0 	-0.0 	25.0 	0.0 	0.0 	0.0 	10.0716682539	3.06246428381	101.504544889	-36.452981841	
3.38333333333	0.0	0.0	0.0 	0.0 	104.583333333 	25.0 	0.0 	0.0 	0.0 	-0.0 	25.0 	0.0 	0.0 	0.0 	10.0891582002	3.06246428381	101.517836652	-36.6206083253	
3.4	0.0	0.0	0.0 	0.0 	105.0 	25.0 	0.0 	0.0 	0.0 	-0.0 	25.0 	0.0 	0.0 	0.0 	10.1063971335	3.06246428381	101.531151126	-36.7885212262	
3.41666666667	0.0	0.0	0.0 	0.0 	105.416666667 	25.0 	0.0 	0.0 	0.0 	-0.0 	25.0 	0.0 	0.0 	0.0 	10.1233886561	3.06246428381	101.544487986	-36.956716433	
3.43333333333	0.0	0.0	0.0 	0.0 	105.833333333 	25.0 	0.0 	0.0 	0.0 	-0.0 	25.0 	0.0 	0.0 	0.0 	10.1401363189	3.06246428381	101.557846909	-37.1251898941	
3.45	0.0	0.0	0.0 	0.0 	106.25 	25.0 	0.0 	0.0 	0.0 	-0.0 	25.0 	0.0 	0.0 	0.0 	10.1566436217	3.06246428381	101.57122758	-37.2939376161	
3.46666666667	0.0	0.0	0.0 	0.0 	106.666666667 	25.0 	0.0 	0.0 	0.0 	-0.0 	25.0 	0.0 	0.0 	0.0 	10.1729140142	3.06246428381	101.584629685	-37.4629556627	
3.48333333333	0.0	0.0	0.0 	0.0 	107.083333333 	25.0 	0.0 	0.0 	0.0 	-0.0 	25.0 	0.0 	0.0 	0.0 	10.1889508964	3.06246428381	101.598052919	-37.6322401545	
3.5	0.0	0.0	0.0 	0.0 	107.5 	25.0 	0.0 	0.0 	0.0 	-0.0 	25.0 	0.0 	0.0 	0.0 	10.2047576196	3.06246428381	101.611496976	-37.8017872672	
3.51666666667	0.0	0.0	0.0 	0.0 	107.916666667 	25.0 	0.0 	0.0 	0.0 	-0.0 	25.0 	0.0 	0.0 	0.0 	10.2203374871	3.06246428381	101.624961559	-37.971593232	
3.53333333333	0.0	0.0	0.0 	0.0 	108.333333333 	25.0 	0.0 	0.0 	0.0 	-0.0 	25.0 	0.0 	0.0 	0.0 	10.2356937547	3.06246428381	101.638446373	-38.1416543337	
3.55	0.0	0.0	0.0 	0.0 	108.75 	25.0 	0.0 	0.0 	0.0 	-0.0 	25.0 	0.0 	0.0 	0.0 	10.2508296313	3.06246428381	101.651951127	-38.3119669106	
3.56666666667	0.0	0.0	0.0 	0.0 	109.166666667 	25.0 	0.0 	0.0 	0.0 	-0.0 	25.0 	0.0 	0.0 	0.0 	10.2657482801	3.06246428381	101.665475535	-38.4825273538	
3.58333333333	0.0	0.0	0.0 	0.0 	109.583333333 	25.0 	0.0 	0.0 	0.0 	-0.0 	25.0 	0.0 	0.0 	0.0 	10.2804528187	3.06246428381	101.679019316	-38.6533321057	
3.6	0.0	0.0	0.0 	0.0 	110.0 	25.0 	0.0 	0.0 	0.0 	-0.0 	25.0 	0.0 	0.0 	0.0 	10.2949463199	3.06246428381	101.69258219	-38.8243776601	
3.61666666667	0.0	0.0	0.0 	0.0 	110.416666667 	25.0 	0.0 	0.0 	0.0 	-0.0 	25.0 	0.0 	0.0 	0.0 	10.3092318126	3.06246428381	101.706163885	-38.995660561	
3.63333333333	0.0	0.0	0.0 	0.0 	110.833333333 	25.0 	0.0 	0.0 	0.0 	-0.0 	25.0 	0.0 	0.0 	0.0 	10.3233122819	3.06246428381	101.71976413	-39.1671774022	
3.65	0.0	0.0	0.0 	0.0 	111.25 	25.0 	0.0 	0.0 	0.0 	-0.0 	25.0 	0.0 	0.0 	0.0 	10.3371906705	3.06246428381	101.733382659	-39.3389248261	
3.66666666667	0.0	0.0	0.0 	0.0 	111.666666667 	25.0 	0.0 	0.0 	0.0 	-0.0 	25.0 	0.0 	0.0 	0.0 	10.3508698784	3.06246428381	101.747019209	-39.5108995234	
3.68333333333	0.0	0.0	0.0 	0.0 	112.083333333 	25.0 	0.0 	0.0 	0.0 	-0.0 	25.0 	0.0 	0.0 	0.0 	10.3643527644	3.06246428381	101.760673522	-39.6830982323	
3.7	0.0	0.0	0.0 	0.0 	112.5 	25.0 	0.0 	0.0 	0.0 	-0.0 	25.0 	0.0 	0.0 	0.0 	10.3776421461	3.06246428381	101.774345343	-39.8555177379	
3.71666666667	0.0	0.0	0.0 	0.0 	112.916666667 	25.0 	0.0 	0.0 	0.0 	-0.0 	25.0 	0.0 	0.0 	0.0 	10.3907408004	3.06246428381	101.78803442	-40.0281548713	
3.73333333333	0.0	0.0	0.0 	0.0 	113.333333333 	25.0 	0.0 	0.0 	0.0 	-0.0 	25.0 	0.0 	0.0 	0.0 	10.4036514649	3.06246428381	101.801740507	-40.2010065091	
3.75	0.0	0.0	0.0 	0.0 	113.75 	25.0 	0.0 	0.0 	0.0 	-0.0 	25.0 	0.0 	0.0 	0.0 	10.4163768374	3.06246428381	101.815463358	-40.3740695728	
3.76666666667	0.0	0.0	0.0 	0.0 	114.166666667 	25.0 	0.0 	0.0 	0.0 	-0.0 	25.0 	0.0 	0.0 	0.0 	10.4289195772	3.06246428381	101.829202733	-40.5473410281	
3.78333333333	0.0	0.0	0.0 	0.0 	114.583333333 	25.0 	0.0 	0.0 	0.0 	-0.0 	25.0 	0.0 	0.0 	0.0 	10.4412823055	3.06246428381	101.842958395	-40.7208178842	
3.8	0.0	0.0	0.0 	0.0 	115.0 	25.0 	0.0 	0.0 	0.0 	-0.0 	25.0 	0.0 	0.0 	0.0 	10.4534676058	3.06246428381	101.856730111	-40.8944971931	
3.81666666667	0.0	0.0	0.0 	0.0 	115.416666667 	25.0 	0.0 	0.0 	0.0 	-0.0 	25.0 	0.0 	0.0 	0.0 	10.4654780244	3.06246428381	101.870517649	-41.0683760493	
3.83333333333	0.0	0.0	0.0 	0.0 	115.833333333 	25.0 	0.0 	0.0 	0.0 	-0.0 	25.0 	0.0 	0.0 	0.0 	10.4773160712	3.06246428381	101.884320783	-41.242451589	
3.85	0.0	0.0	0.0 	0.0 	116.25 	25.0 	0.0 	0.0 	0.0 	-0.0 	25.0 	0.0 	0.0 	0.0 	10.4889842202	3.06246428381	101.898139289	-41.4167209893	
3.86666666667	0.0	0.0	0.0 	0.0 	116.666666667 	25.0 	0.0 	0.0 	0.0 	-0.0 	25.0 	0.0 	0.0 	0.0 	10.5004849097	3.06246428381	101.911972947	-41.591181468	
3.88333333333	0.0	0.0	0.0 	0.0 	117.083333333 	25.0 	0.0 	0.0 	0.0 	-0.0 	25.0 	0.0 	0.0 	0.0 	10.5118205429	3.06246428381	101.925821538	-41.7658302827	
3.9	0.0	0.0	0.0 	0.0 	117.5 	25.0 	0.0 	0.0 	0.0 	-0.0 	25.0 	0.0 	0.0 	0.0 	10.5229934888	3.06246428381	101.939684849	-41.9406647305	
3.91666666667	0.0	0.0	0.0 	0.0 	117.916666667 	25.0 	0.0 	0.0 	0.0 	-0.0 	25.0 	0.0 	0.0 	0.0 	10.5340060823	3.06246428381	101.953562669	-42.1156821473	
3.93333333333	0.0	0.0	0.0 	0.0 	118.333333333 	25.0 	0.0 	0.0 	0.0 	-0.0 	25.0 	0.0 	0.0 	0.0 	10.5448606246	3.06246428381	101.967454788	-42.290879907	
3.95	0.0	0.0	0.0 	0.0 	118.75 	25.0 	0.0 	0.0 	0.0 	-0.0 	25.0 	0.0 	0.0 	0.0 	10.5555593841	3.06246428381	101.981361003	-42.4662554215	
3.96666666667	0.0	0.0	0.0 	0.0 	119.166666667 	25.0 	0.0 	0.0 	0.0 	-0.0 	25.0 	0.0 	0.0 	0.0 	10.5661045967	3.06246428381	101.995281109	-42.6418061395	
3.98333333333	0.0	0.0	0.0 	0.0 	119.583333333 	25.0 	0.0 	0.0 	0.0 	-0.0 	25.0 	0.0 	0.0 	0.0 	10.5764984659	3.06246428381	102.00921491	-42.8175295467	
4.0	0.0	0.0	0.0 	0.0 	120.0 	25.0 	0.0 	0.0 	0.0 	-0.0 	25.0 	0.0 	0.0 	0.0 	10.5867431638	3.06246428381	102.023162206	-42.9934231646	
4.01666666667	0.0	0.0	0.0 	0.0 	120.416666667 	25.0 	0.0 	0.0 	0.0 	-0.0 	25.0 	0.0 	0.0 	0.0 	10.5968408314	3.06246428381	102.037122806	-43.1694845503	
4.03333333333	0.0	0.0	0.0 	0.0 	120.833333333 	25.0 	0.0 	0.0 	0.0 	-0.0 	25.0 	0.0 	0.0 	0.0 	10.6067935787	3.06246428381	102.051096518	-43.3457112961	
4.05	0.0	0.0	0.0 	0.0 	121.25 	25.0 	0.0 	0.0 	0.0 	-0.0 	25.0 	0.0 	0.0 	0.0 	10.6166034857	3.06246428381	102.065083154	-43.5221010288	
4.06666666667	0.0	0.0	0.0 	0.0 	121.666666667 	25.0 	0.0 	0.0 	0.0 	-0.0 	25.0 	0.0 	0.0 	0.0 	10.6262726023	3.06246428381	102.079082528	-43.6986514091	
4.08333333333	0.0	0.0	0.0 	0.0 	122.083333333 	25.0 	0.0 	0.0 	0.0 	-0.0 	25.0 	0.0 	0.0 	0.0 	10.6358029493	3.06246428381	102.093094457	-43.8753601316	
4.1	0.0	0.0	0.0 	0.0 	122.5 	25.0 	0.0 	0.0 	0.0 	-0.0 	25.0 	0.0 	0.0 	0.0 	10.645196518	3.06246428381	102.107118762	-44.0522249237	
4.11666666667	0.0	0.0	0.0 	0.0 	122.916666667 	25.0 	0.0 	0.0 	0.0 	-0.0 	25.0 	0.0 	0.0 	0.0 	10.6544552717	3.06246428381	102.121155265	-44.2292435455	
4.13333333333	0.0	0.0	0.0 	0.0 	123.333333333 	25.0 	0.0 	0.0 	0.0 	-0.0 	25.0 	0.0 	0.0 	0.0 	10.6635811451	3.06246428381	102.135203791	-44.4064137893	
4.15	0.0	0.0	0.0 	0.0 	123.75 	25.0 	0.0 	0.0 	0.0 	-0.0 	25.0 	0.0 	0.0 	0.0 	10.6725760454	3.06246428381	102.149264166	-44.5837334789	
4.16666666667	0.0	0.0	0.0 	0.0 	124.166666667 	25.0 	0.0 	0.0 	0.0 	-0.0 	25.0 	0.0 	0.0 	0.0 	10.6814418521	3.06246428381	102.163336222	-44.7612004697	
4.18333333333	0.0	0.0	0.0 	0.0 	124.583333333 	25.0 	0.0 	0.0 	0.0 	-0.0 	25.0 	0.0 	0.0 	0.0 	10.6901804181	3.06246428381	102.17741979	-44.9388126475	
4.2	0.0	0.0	0.0 	0.0 	125.0 	25.0 	0.0 	0.0 	0.0 	-0.0 	25.0 	0.0 	0.0 	0.0 	10.6987935695	3.06246428381	102.191514706	-45.1165679287	
4.21666666667	0.0	0.0	0.0 	0.0 	125.416666667 	25.0 	0.0 	0.0 	0.0 	-0.0 	25.0 	0.0 	0.0 	0.0 	10.7072831063	3.06246428381	102.205620805	-45.2944642594	
4.23333333333	0.0	0.0	0.0 	0.0 	125.833333333 	25.0 	0.0 	0.0 	0.0 	-0.0 	25.0 	0.0 	0.0 	0.0 	10.7156508024	3.06246428381	102.219737929	-45.4724996154	
4.25	0.0	0.0	0.0 	0.0 	126.25 	25.0 	0.0 	0.0 	0.0 	-0.0 	25.0 	0.0 	0.0 	0.0 	10.7238984067	3.06246428381	102.233865918	-45.6506720013	
4.26666666667	0.0	0.0	0.0 	0.0 	126.666666667 	25.0 	0.0 	0.0 	0.0 	-0.0 	25.0 	0.0 	0.0 	0.0 	10.7320276425	3.06246428381	102.248004617	-45.8289794505	
4.28333333333	0.0	0.0	0.0 	0.0 	127.083333333 	25.0 	0.0 	0.0 	0.0 	-0.0 	25.0 	0.0 	0.0 	0.0 	10.7400402087	3.06246428381	102.262153872	-46.0074200246	
4.3	0.0	0.0	0.0 	0.0 	127.5 	25.0 	0.0 	0.0 	0.0 	-0.0 	25.0 	0.0 	0.0 	0.0 	10.7479377798	3.06246428381	102.276313532	-46.1859918131	
4.31666666667	0.0	0.0	0.0 	0.0 	127.916666667 	25.0 	0.0 	0.0 	0.0 	-0.0 	25.0 	0.0 	0.0 	0.0 	10.7557220061	3.06246428381	102.290483446	-46.3646929327	
4.33333333333	0.0	0.0	0.0 	0.0 	128.333333333 	25.0 	0.0 	0.0 	0.0 	-0.0 	25.0 	0.0 	0.0 	0.0 	10.7633945144	3.06246428381	102.304663469	-46.5435215273	
4.35	0.0	0.0	0.0 	0.0 	128.75 	25.0 	0.0 	0.0 	0.0 	-0.0 	25.0 	0.0 	0.0 	0.0 	10.7709569079	3.06246428381	102.318853455	-46.7224757674	
4.36666666667	0.0	0.0	0.0 	0.0 	129.166666667 	25.0 	0.0 	0.0 	0.0 	-0.0 	25.0 	0.0 	0.0 	0.0 	10.7784107671	3.06246428381	102.33305326	-46.9015538498	
4.38333333333	0.0	0.0	0.0 	0.0 	129.583333333 	25.0 	0.0 	0.0 	0.0 	-0.0 	25.0 	0.0 	0.0 	0.0 	10.7857576496	3.06246428381	102.347262745	-47.0807539971	
4.4	0.0	0.0	0.0 	0.0 	130.0 	25.0 	0.0 	0.0 	0.0 	-0.0 	25.0 	0.0 	0.0 	0.0 	10.7929990907	3.06246428381	102.361481769	-47.2600744575	
4.41666666667	0.0	0.0	0.0 	0.0 	130.416666667 	25.0 	0.0 	0.0 	0.0 	-0.0 	25.0 	0.0 	0.0 	0.0 	10.8001366038	3.06246428381	102.375710197	-47.4395135042	
4.43333333333	0.0	0.0	0.0 	0.0 	130.833333333 	25.0 	0.0 	0.0 	0.0 	-0.0 	25.0 	0.0 	0.0 	0.0 	10.8071716803	3.06246428381	102.389947893	-47.6190694352	
4.45	0.0	0.0	0.0 	0.0 	131.25 	25.0 	0.0 	0.0 	0.0 	-0.0 	25.0 	0.0 	0.0 	0.0 	10.8141057905	3.06246428381	102.404194724	-47.7987405732	
4.46666666667	0.0	0.0	0.0 	0.0 	131.666666667 	25.0 	0.0 	0.0 	0.0 	-0.0 	25.0 	0.0 	0.0 	0.0 	10.8209403833	3.06246428381	102.418450559	-47.9785252646	
4.48333333333	0.0	0.0	0.0 	0.0 	132.083333333 	25.0 	0.0 	0.0 	0.0 	-0.0 	25.0 	0.0 	0.0 	0.0 	10.827676887	3.06246428381	102.43271527	-48.1584218797	
4.5	0.0	0.0	0.0 	0.0 	132.5 	25.0 	0.0 	0.0 	0.0 	-0.0 	25.0 	0.0 	0.0 	0.0 	10.8343167095	3.06246428381	102.446988727	-48.3384288123	
4.51666666667	0.0	0.0	0.0 	0.0 	132.916666667 	25.0 	0.0 	0.0 	0.0 	-0.0 	25.0 	0.0 	0.0 	0.0 	10.8408612382	3.06246428381	102.461270807	-48.5185444791	
4.53333333333	0.0	0.0	0.0 	0.0 	133.333333333 	25.0 	0.0 	0.0 	0.0 	-0.0 	25.0 	0.0 	0.0 	0.0 	10.8473118408	3.06246428381	102.475561385	-48.6987673195	
4.55	0.0	0.0	0.0 	0.0 	133.75 	25.0 	0.0 	0.0 	0.0 	-0.0 	25.0 	0.0 	0.0 	0.0 	10.8536698653	3.06246428381	102.489860339	-48.8790957955	
4.56666666667	0.0	0.0	0.0 	0.0 	134.166666667 	25.0 	0.0 	0.0 	0.0 	-0.0 	25.0 	0.0 	0.0 	0.0 	10.8599366404	3.06246428381	102.504167549	-49.0595283908	
4.58333333333	0.0	0.0	0.0 	0.0 	134.583333333 	25.0 	0.0 	0.0 	0.0 	-0.0 	25.0 	0.0 	0.0 	0.0 	10.8661134756	3.06246428381	102.518482897	-49.2400636113	
4.6	0.0	0.0	0.0 	0.0 	135.0 	25.0 	0.0 	0.0 	0.0 	-0.0 	25.0 	0.0 	0.0 	0.0 	10.8722016619	3.06246428381	102.532806265	-49.4206999841	
4.61666666667	0.0	0.0	0.0 	0.0 	135.416666667 	25.0 	0.0 	0.0 	0.0 	-0.0 	25.0 	0.0 	0.0 	0.0 	10.8782024714	3.06246428381	102.54713754	-49.6014360574	
4.63333333333	0.0	0.0	0.0 	0.0 	135.833333333 	25.0 	0.0 	0.0 	0.0 	-0.0 	25.0 	0.0 	0.0 	0.0 	10.8841171581	3.06246428381	102.561476606	-49.7822704004	
4.65	0.0	0.0	0.0 	0.0 	136.25 	25.0 	0.0 	0.0 	0.0 	-0.0 	25.0 	0.0 	0.0 	0.0 	10.8899469582	3.06246428381	102.575823353	-49.9632016026	
4.66666666667	0.0	0.0	0.0 	0.0 	136.666666667 	25.0 	0.0 	0.0 	0.0 	-0.0 	25.0 	0.0 	0.0 	0.0 	10.8956930898	3.06246428381	102.590177669	-50.1442282741	
4.68333333333	0.0	0.0	0.0 	0.0 	137.083333333 	25.0 	0.0 	0.0 	0.0 	-0.0 	25.0 	0.0 	0.0 	0.0 	10.9013567538	3.06246428381	102.604539448	-50.3253490446	
4.7	0.0	0.0	0.0 	0.0 	137.5 	25.0 	0.0 	0.0 	0.0 	-0.0 	25.0 	0.0 	0.0 	0.0 	10.9069391337	3.06246428381	102.61890858	-50.5065625637	
4.71666666667	0.0	0.0	0.0 	0.0 	137.916666667 	25.0 	0.0 	0.0 	0.0 	-0.0 	25.0 	0.0 	0.0 	0.0 	10.9124413961	3.06246428381	102.633284962	-50.6878675002	
4.73333333333	0.0	0.0	0.0 	0.0 	138.333333333 	25.0 	0.0 	0.0 	0.0 	-0.0 	25.0 	0.0 	0.0 	0.0 	10.9178646909	3.06246428381	102.647668488	-50.8692625421	
4.75	0.0	0.0	0.0 	0.0 	138.75 	25.0 	0.0 	0.0 	0.0 	-0.0 	25.0 	0.0 	0.0 	0.0 	10.9232101513	3.06246428381	102.662059057	-51.0507463962	
4.76666666667	0.0	0.0	0.0 	0.0 	139.166666667 	25.0 	0.0 	0.0 	0.0 	-0.0 	25.0 	0.0 	0.0 	0.0 	10.9284788945	3.06246428381	102.676456567	-51.232317788	
4.78333333333	0.0	0.0	0.0 	0.0 	139.583333333 	25.0 	0.0 	0.0 	0.0 	-0.0 	25.0 	0.0 	0.0 	0.0 	10.9336720215	3.06246428381	102.690860918	-51.413975461	
4.8	0.0	0.0	0.0 	0.0 	140.0 	25.0 	0.0 	0.0 	0.0 	-0.0 	25.0 	0.0 	0.0 	0.0 	10.9387906175	3.06246428381	102.705272013	-51.5957181771	
4.81666666667	0.0	0.0	0.0 	0.0 	140.416666667 	25.0 	0.0 	0.0 	0.0 	-0.0 	25.0 	0.0 	0.0 	0.0 	10.9438357522	3.06246428381	102.719689754	-51.7775447156	
4.83333333333	0.0	0.0	0.0 	0.0 	140.833333333 	25.0 	0.0 	0.0 	0.0 	-0.0 	25.0 	0.0 	0.0 	0.0 	10.9488084798	3.06246428381	102.734114047	-51.9594538736	
4.85	0.0	0.0	0.0 	0.0 	141.25 	25.0 	0.0 	0.0 	0.0 	-0.0 	25.0 	0.0 	0.0 	0.0 	10.9537098396	3.06246428381	102.748544797	-52.1414444653	
4.86666666667	0.0	0.0	0.0 	0.0 	141.666666667 	25.0 	0.0 	0.0 	0.0 	-0.0 	25.0 	0.0 	0.0 	0.0 	10.9585408558	3.06246428381	102.762981911	-52.323515322	
4.88333333333	0.0	0.0	0.0 	0.0 	142.083333333 	25.0 	0.0 	0.0 	0.0 	-0.0 	25.0 	0.0 	0.0 	0.0 	10.9633025379	3.06246428381	102.777425299	-52.5056652918	
4.9	0.0	0.0	0.0 	0.0 	142.5 	25.0 	0.0 	0.0 	0.0 	-0.0 	25.0 	0.0 	0.0 	0.0 	10.9679958811	3.06246428381	102.791874869	-52.6878932392	
4.91666666667	0.0	0.0	0.0 	0.0 	142.916666667 	25.0 	0.0 	0.0 	0.0 	-0.0 	25.0 	0.0 	0.0 	0.0 	10.9726218662	3.06246428381	102.806330534	-52.8701980451	
4.93333333333	0.0	0.0	0.0 	0.0 	143.333333333 	25.0 	0.0 	0.0 	0.0 	-0.0 	25.0 	0.0 	0.0 	0.0 	10.9771814598	3.06246428381	102.820792206	-53.0525786064	
4.95	0.0	0.0	0.0 	0.0 	143.75 	25.0 	0.0 	0.0 	0.0 	-0.0 	25.0 	0.0 	0.0 	0.0 	10.9816756147	3.06246428381	102.835259799	-53.235033836	
4.96666666667	0.0	0.0	0.0 	0.0 	144.166666667 	25.0 	0.0 	0.0 	0.0 	-0.0 	25.0 	0.0 	0.0 	0.0 	10.9861052703	3.06246428381	102.849733228	-53.4175626621	
4.98333333333	0.0	0.0	0.0 	0.0 	144.583333333 	25.0 	0.0 	0.0 	0.0 	-0.0 	25.0 	0.0 	0.0 	0.0 	10.990471352	3.06246428381	102.864212408	-53.6001640286	
5.0	0.0	0.0	0.0 	0.0 	145.0 	25.0 	0.0 	0.0 	0.0 	-0.0 	25.0 	0.0 	0.0 	0.0 	10.9947747724	3.06246428381	102.878697258	-53.7828368943	
5.01666666667	0.0	0.0	0.0 	0.0 	145.416666667 	25.0 	0.0 	0.0 	0.0 	-0.0 	25.0 	0.0 	0.0 	0.0 	10.9990164308	3.06246428381	102.893187696	-53.9655802331	
5.03333333333	0.0	0.0	0.0 	0.0 	145.833333333 	25.0 	0.0 	0.0 	0.0 	-0.0 	25.0 	0.0 	0.0 	0.0 	11.0031972135	3.06246428381	102.907683642	-54.1483930336	
5.05	0.0	0.0	0.0 	0.0 	146.25 	25.0 	0.0 	0.0 	0.0 	-0.0 	25.0 	0.0 	0.0 	0.0 	11.0073179942	3.06246428381	102.922185017	-54.3312742989	
5.06666666667	0.0	0.0	0.0 	0.0 	146.666666667 	25.0 	0.0 	0.0 	0.0 	-0.0 	25.0 	0.0 	0.0 	0.0 	11.0113796341	3.06246428381	102.936691743	-54.5142230463	
5.08333333333	0.0	0.0	0.0 	0.0 	147.083333333 	25.0 	0.0 	0.0 	0.0 	-0.0 	25.0 	0.0 	0.0 	0.0 	11.015382982	3.06246428381	102.951203743	-54.6972383075	
5.1	0.0	0.0	0.0 	0.0 	147.5 	25.0 	0.0 	0.0 	0.0 	-0.0 	25.0 	0.0 	0.0 	0.0 	11.0193288744	3.06246428381	102.965720941	-54.8803191277	
5.11666666667	0.0	0.0	0.0 	0.0 	147.916666667 	25.0 	0.0 	0.0 	0.0 	-0.0 	25.0 	0.0 	0.0 	0.0 	11.0232181359	3.06246428381	102.980243263	-55.0634645662	
5.13333333333	0.0	0.0	0.0 	0.0 	148.333333333 	25.0 	0.0 	0.0 	0.0 	-0.0 	25.0 	0.0 	0.0 	0.0 	11.0270515793	3.06246428381	102.994770636	-55.2466736954	
5.15	0.0	0.0	0.0 	0.0 	148.75 	25.0 	0.0 	0.0 	0.0 	-0.0 	25.0 	0.0 	0.0 	0.0 	11.0308300057	3.06246428381	103.009302986	-55.4299456014	
5.16666666667	0.0	0.0	0.0 	0.0 	149.166666667 	25.0 	0.0 	0.0 	0.0 	-0.0 	25.0 	0.0 	0.0 	0.0 	11.0345542047	3.06246428381	103.023840243	-55.6132793832	
5.18333333333	0.0	0.0	0.0 	0.0 	149.583333333 	25.0 	0.0 	0.0 	0.0 	-0.0 	25.0 	0.0 	0.0 	0.0 	11.0382249546	3.06246428381	103.038382335	-55.7966741526	
5.2	0.0	0.0	0.0 	0.0 	150.0 	25.0 	0.0 	0.0 	0.0 	-0.0 	25.0 	0.0 	0.0 	0.0 	11.0418430223	3.06246428381	103.052929195	-55.9801290346	
5.21666666667	0.0	0.0	0.0 	0.0 	150.416666667 	25.0 	0.0 	0.0 	0.0 	-0.0 	25.0 	0.0 	0.0 	0.0 	11.0454091641	3.06246428381	103.067480752	-56.1636431662	
5.23333333333	0.0	0.0	0.0 	0.0 	150.833333333 	25.0 	0.0 	0.0 	0.0 	-0.0 	25.0 	0.0 	0.0 	0.0 	11.0489241252	3.06246428381	103.08203694	-56.3472156972	
5.25	0.0	0.0	0.0 	0.0 	151.25 	25.0 	0.0 	0.0 	0.0 	-0.0 	25.0 	0.0 	0.0 	0.0 	11.0523886401	3.06246428381	103.096597692	-56.5308457895	
5.26666666667	0.0	0.0	0.0 	0.0 	151.666666667 	25.0 	0.0 	0.0 	0.0 	-0.0 	25.0 	0.0 	0.0 	0.0 	11.0558034328	3.06246428381	103.111162943	-56.7145326169	
5.28333333333	0.0	0.0	0.0 	0.0 	152.083333333 	25.0 	0.0 	0.0 	0.0 	-0.0 	25.0 	0.0 	0.0 	0.0 	11.0591692168	3.06246428381	103.125732628	-56.8982753652	
5.3	0.0	0.0	0.0 	0.0 	152.5 	25.0 	0.0 	0.0 	0.0 	-0.0 	25.0 	0.0 	0.0 	0.0 	11.0624866957	3.06246428381	103.140306684	-57.0820732317	
5.31666666667	0.0	0.0	0.0 	0.0 	152.916666667 	25.0 	0.0 	0.0 	0.0 	-0.0 	25.0 	0.0 	0.0 	0.0 	11.0657565625	3.06246428381	103.154885048	-57.2659254256	
5.33333333333	0.0	0.0	0.0 	0.0 	153.333333333 	25.0 	0.0 	0.0 	0.0 	-0.0 	25.0 	0.0 	0.0 	0.0 	11.0689795007	3.06246428381	103.169467657	-57.449831167	
5.35	0.0	0.0	0.0 	0.0 	153.75 	25.0 	0.0 	0.0 	0.0 	-0.0 	25.0 	0.0 	0.0 	0.0 	11.0721561838	3.06246428381	103.184054452	-57.6337896874	
5.36666666667	0.0	0.0	0.0 	0.0 	154.166666667 	25.0 	0.0 	0.0 	0.0 	-0.0 	25.0 	0.0 	0.0 	0.0 	11.0752872756	3.06246428381	103.198645372	-57.8178002294	
5.38333333333	0.0	0.0	0.0 	0.0 	154.583333333 	25.0 	0.0 	0.0 	0.0 	-0.0 	25.0 	0.0 	0.0 	0.0 	11.0783734305	3.06246428381	103.213240357	-58.0018620464	
5.4	0.0	0.0	0.0 	0.0 	155.0 	25.0 	0.0 	0.0 	0.0 	-0.0 	25.0 	0.0 	0.0 	0.0 	11.0814152933	3.06246428381	103.22783935	-58.1859744025	
5.41666666667	0.0	0.0	0.0 	0.0 	155.416666667 	25.0 	0.0 	0.0 	0.0 	-0.0 	25.0 	0.0 	0.0 	0.0 	11.0844134997	3.06246428381	103.242442293	-58.3701365723	
5.43333333333	0.0	0.0	0.0 	0.0 	155.833333333 	25.0 	0.0 	0.0 	0.0 	-0.0 	25.0 	0.0 	0.0 	0.0 	11.0873686763	3.06246428381	103.257049129	-58.554347841	
5.45	0.0	0.0	0.0 	0.0 	156.25 	25.0 	0.0 	0.0 	0.0 	-0.0 	25.0 	0.0 	0.0 	0.0 	11.0902814407	3.06246428381	103.271659802	-58.7386075038	
5.46666666667	0.0	0.0	0.0 	0.0 	156.666666667 	25.0 	0.0 	0.0 	0.0 	-0.0 	25.0 	0.0 	0.0 	0.0 	11.0931524015	3.06246428381	103.286274258	-58.9229148662	
5.48333333333	0.0	0.0	0.0 	0.0 	157.083333333 	25.0 	0.0 	0.0 	0.0 	-0.0 	25.0 	0.0 	0.0 	0.0 	11.0959821587	3.06246428381	103.300892442	-59.1072692437	
5.5	0.0	0.0	0.0 	0.0 	157.5 	25.0 	0.0 	0.0 	0.0 	-0.0 	25.0 	0.0 	0.0 	0.0 	11.0987713037	3.06246428381	103.3155143	-59.2916699615	
5.51666666667	0.0	0.0	0.0 	0.0 	157.916666667 	25.0 	0.0 	0.0 	0.0 	-0.0 	25.0 	0.0 	0.0 	0.0 	11.1015204192	3.06246428381	103.33013978	-59.4761163545	
5.53333333333	0.0	0.0	0.0 	0.0 	158.333333333 	25.0 	0.0 	0.0 	0.0 	-0.0 	25.0 	0.0 	0.0 	0.0 	11.1042300799	3.06246428381	103.34476883	-59.6606077673	
5.55	0.0	0.0	0.0 	0.0 	158.75 	25.0 	0.0 	0.0 	0.0 	-0.0 	25.0 	0.0 	0.0 	0.0 	11.1069008519	3.06246428381	103.359401398	-59.8451435536	
5.56666666667	0.0	0.0	0.0 	0.0 	159.166666667 	25.0 	0.0 	0.0 	0.0 	-0.0 	25.0 	0.0 	0.0 	0.0 	11.1095332933	3.06246428381	103.374037434	-60.0297230766	
5.58333333333	0.0	0.0	0.0 	0.0 	159.583333333 	25.0 	0.0 	0.0 	0.0 	-0.0 	25.0 	0.0 	0.0 	0.0 	11.1121279544	3.06246428381	103.388676889	-60.2143457087	
5.6	0.0	0.0	0.0 	0.0 	160.0 	25.0 	0.0 	0.0 	0.0 	-0.0 	25.0 	0.0 	0.0 	0.0 	11.1146853773	3.06246428381	103.403319713	-60.3990108311	
5.61666666667	0.0	0.0	0.0 	0.0 	160.416666667 	25.0 	0.0 	0.0 	0.0 	-0.0 	25.0 	0.0 	0.0 	0.0 	11.1172060964	3.06246428381	103.417965858	-60.5837178341	
5.63333333333	0.0	0.0	0.0 	0.0 	160.833333333 	25.0 	0.0 	0.0 	0.0 	-0.0 	25.0 	0.0 	0.0 	0.0 	11.1196906385	3.06246428381	103.432615276	-60.7684661165	
5.65	0.0	0.0	0.0 	0.0 	161.25 	25.0 	0.0 	0.0 	0.0 	-0.0 	25.0 	0.0 	0.0 	0.0 	11.1221395229	3.06246428381	103.44726792	-60.9532550859	
5.66666666667	0.0	0.0	0.0 	0.0 	161.666666667 	25.0 	0.0 	0.0 	0.0 	-0.0 	25.0 	0.0 	0.0 	0.0 	11.1245532612	3.06246428381	103.461923744	-61.1380841585	
5.68333333333	0.0	0.0	0.0 	0.0 	162.083333333 	25.0 	0.0 	0.0 	0.0 	-0.0 	25.0 	0.0 	0.0 	0.0 	11.1269323579	3.06246428381	103.476582702	-61.3229527586	
5.7	0.0	0.0	0.0 	0.0 	162.5 	25.0 	0.0 	0.0 	0.0 	-0.0 	25.0 	0.0 	0.0 	0.0 	11.1292773102	3.06246428381	103.49124475	-61.5078603189	
5.71666666667	0.0	0.0	0.0 	0.0 	162.916666667 	25.0 	0.0 	0.0 	0.0 	-0.0 	25.0 	0.0 	0.0 	0.0 	11.1315886081	3.06246428381	103.505909843	-61.6928062803	
5.73333333333	0.0	0.0	0.0 	0.0 	163.333333333 	25.0 	0.0 	0.0 	0.0 	-0.0 	25.0 	0.0 	0.0 	0.0 	11.1338667345	3.06246428381	103.520577937	-61.8777900917	
5.75	0.0	0.0	0.0 	0.0 	163.75 	25.0 	0.0 	0.0 	0.0 	-0.0 	25.0 	0.0 	0.0 	0.0 	11.1361121657	3.06246428381	103.535248989	-62.0628112099	
5.76666666667	0.0	0.0	0.0 	0.0 	164.166666667 	25.0 	0.0 	0.0 	0.0 	-0.0 	25.0 	0.0 	0.0 	0.0 	11.1383253707	3.06246428381	103.549922957	-62.2478690994	
5.78333333333	0.0	0.0	0.0 	0.0 	164.583333333 	25.0 	0.0 	0.0 	0.0 	-0.0 	25.0 	0.0 	0.0 	0.0 	11.1405068121	3.06246428381	103.564599799	-62.4329632325	
5.8	0.0	0.0	0.0 	0.0 	165.0 	25.0 	0.0 	0.0 	0.0 	-0.0 	25.0 	0.0 	0.0 	0.0 	11.1426569458	3.06246428381	103.579279473	-62.618093089	
5.81666666667	0.0	0.0	0.0 	0.0 	165.416666667 	25.0 	0.0 	0.0 	0.0 	-0.0 	25.0 	0.0 	0.0 	0.0 	11.1447762212	3.06246428381	103.59396194	-62.8032581562	
5.83333333333	0.0	0.0	0.0 	0.0 	165.833333333 	25.0 	0.0 	0.0 	0.0 	-0.0 	25.0 	0.0 	0.0 	0.0 	11.1468650809	3.06246428381	103.608647158	-62.9884579288	
5.85	0.0	0.0	0.0 	0.0 	166.25 	25.0 	0.0 	0.0 	0.0 	-0.0 	25.0 	0.0 	0.0 	0.0 	11.1489239617	3.06246428381	103.623335089	-63.1736919088	
5.86666666667	0.0	0.0	0.0 	0.0 	166.666666667 	25.0 	0.0 	0.0 	0.0 	-0.0 	25.0 	0.0 	0.0 	0.0 	11.1509532938	3.06246428381	103.638025693	-63.3589596051	
5.88333333333	0.0	0.0	0.0 	0.0 	167.083333333 	25.0 	0.0 	0.0 	0.0 	-0.0 	25.0 	0.0 	0.0 	0.0 	11.1529535011	3.06246428381	103.652718933	-63.5442605339	
5.9	0.0	0.0	0.0 	0.0 	167.5 	25.0 	0.0 	0.0 	0.0 	-0.0 	25.0 	0.0 	0.0 	0.0 	11.1549250018	3.06246428381	103.66741477	-63.7295942182	
5.91666666667	0.0	0.0	0.0 	0.0 	167.916666667 	25.0 	0.0 	0.0 	0.0 	-0.0 	25.0 	0.0 	0.0 	0.0 	11.1568682078	3.06246428381	103.682113166	-63.914960188	
5.93333333333	0.0	0.0	0.0 	0.0 	168.333333333 	25.0 	0.0 	0.0 	0.0 	-0.0 	25.0 	0.0 	0.0 	0.0 	11.1587835252	3.06246428381	103.696814087	-64.1003579798	
5.95	0.0	0.0	0.0 	0.0 	168.75 	25.0 	0.0 	0.0 	0.0 	-0.0 	25.0 	0.0 	0.0 	0.0 	11.1606713542	3.06246428381	103.711517494	-64.285787137	
5.96666666667	0.0	0.0	0.0 	0.0 	169.166666667 	25.0 	0.0 	0.0 	0.0 	-0.0 	25.0 	0.0 	0.0 	0.0 	11.1625320894	3.06246428381	103.726223352	-64.4712472094	
5.98333333333	0.0	0.0	0.0 	0.0 	169.583333333 	25.0 	0.0 	0.0 	0.0 	-0.0 	25.0 	0.0 	0.0 	0.0 	11.1643661196	3.06246428381	103.740931627	-64.6567377534	
6.0	0.0	0.0	0.0 	0.0 	170.0 	25.0 	0.0 	0.0 	0.0 	-0.0 	25.0 	0.0 	0.0 	0.0 	11.1661738281	3.06246428381	103.755642283	-64.8422583315	
6.01666666667	0.0	0.0	0.0 	0.0 	170.416666667 	25.0 	0.0 	0.0 	0.0 	-0.0 	25.0 	0.0 	0.0 	0.0 	11.1679555926	3.06246428381	103.770355287	-65.0278085128	
6.03333333333	0.0	0.0	0.0 	0.0 	170.833333333 	25.0 	0.0 	0.0 	0.0 	-0.0 	25.0 	0.0 	0.0 	0.0 	11.1697117855	3.06246428381	103.785070605	-65.2133878724	
6.05	0.0	0.0	0.0 	0.0 	171.25 	25.0 	0.0 	0.0 	0.0 	-0.0 	25.0 	0.0 	0.0 	0.0 	11.1714427737	3.06246428381	103.799788202	-65.3989959915	
6.06666666667	0.0	0.0	0.0 	0.0 	171.666666667 	25.0 	0.0 	0.0 	0.0 	-0.0 	25.0 	0.0 	0.0 	0.0 	11.1731489191	3.06246428381	103.814508048	-65.5846324574	
6.08333333333	0.0	0.0	0.0 	0.0 	172.083333333 	25.0 	0.0 	0.0 	0.0 	-0.0 	25.0 	0.0 	0.0 	0.0 	11.1748305781	3.06246428381	103.829230109	-65.7702968632	
6.1	0.0	0.0	0.0 	0.0 	172.5 	25.0 	0.0 	0.0 	0.0 	-0.0 	25.0 	0.0 	0.0 	0.0 	11.1764881022	3.06246428381	103.843954354	-65.9559888081	
6.11666666667	0.0	0.0	0.0 	0.0 	172.916666667 	25.0 	0.0 	0.0 	0.0 	-0.0 	25.0 	0.0 	0.0 	0.0 	11.1781218378	3.06246428381	103.858680751	-66.1417078966	
6.13333333333	0.0	0.0	0.0 	0.0 	173.333333333 	25.0 	0.0 	0.0 	0.0 	-0.0 	25.0 	0.0 	0.0 	0.0 	11.1797321263	3.06246428381	103.873409269	-66.3274537393	
6.15	0.0	0.0	0.0 	0.0 	173.75 	25.0 	0.0 	0.0 	0.0 	-0.0 	25.0 	0.0 	0.0 	0.0 	11.1813193041	3.06246428381	103.888139878	-66.5132259522	
6.16666666667	0.0	0.0	0.0 	0.0 	174.166666667 	25.0 	0.0 	0.0 	0.0 	-0.0 	25.0 	0.0 	0.0 	0.0 	11.1828837029	3.06246428381	103.902872549	-66.6990241568	
6.18333333333	0.0	0.0	0.0 	0.0 	174.583333333 	25.0 	0.0 	0.0 	0.0 	-0.0 	25.0 	0.0 	0.0 	0.0 	11.1844256498	3.06246428381	103.917607251	-66.8848479802	
6.2	0.0	0.0	0.0 	0.0 	175.0 	25.0 	0.0 	0.0 	0.0 	-0.0 	25.0 	0.0 	0.0 	0.0 	11.1859454669	3.06246428381	103.932343955	-67.0706970545	
6.21666666667	0.0	0.0	0.0 	0.0 	175.416666667 	25.0 	0.0 	0.0 	0.0 	-0.0 	25.0 	0.0 	0.0 	0.0 	11.1874434717	3.06246428381	103.947082632	-67.2565710175	
6.23333333333	0.0	0.0	0.0 	0.0 	175.833333333 	25.0 	0.0 	0.0 	0.0 	-0.0 	25.0 	0.0 	0.0 	0.0 	11.1889199775	3.06246428381	103.961823255	-67.4424695119	
6.25	0.0	0.0	0.0 	0.0 	176.25 	25.0 	0.0 	0.0 	0.0 	-0.0 	25.0 	0.0 	0.0 	0.0 	11.1903752926	3.06246428381	103.976565795	-67.6283921857	
6.26666666667	0.0	0.0	0.0 	0.0 	176.666666667 	25.0 	0.0 	0.0 	0.0 	-0.0 	25.0 	0.0 	0.0 	0.0 	11.1918097213	3.06246428381	103.991310225	-67.8143386918	
6.28333333333	0.0	0.0	0.0 	0.0 	177.083333333 	25.0 	0.0 	0.0 	0.0 	-0.0 	25.0 	0.0 	0.0 	0.0 	11.1932235632	3.06246428381	104.006056518	-68.0003086882	
6.3	0.0	0.0	0.0 	0.0 	177.5 	25.0 	0.0 	0.0 	0.0 	-0.0 	25.0 	0.0 	0.0 	0.0 	11.194617114	3.06246428381	104.020804646	-68.1863018377	
6.31666666667	0.0	0.0	0.0 	0.0 	177.916666667 	25.0 	0.0 	0.0 	0.0 	-0.0 	25.0 	0.0 	0.0 	0.0 	11.1959906646	3.06246428381	104.035554584	-68.3723178082	
6.33333333333	0.0	0.0	0.0 	0.0 	178.333333333 	25.0 	0.0 	0.0 	0.0 	-0.0 	25.0 	0.0 	0.0 	0.0 	11.1973445023	3.06246428381	104.050306306	-68.558356272	
6.35	0.0	0.0	0.0 	0.0 	178.75 	25.0 	0.0 	0.0 	0.0 	-0.0 	25.0 	0.0 	0.0 	0.0 	11.1986789099	3.06246428381	104.065059785	-68.7444169064	
6.36666666667	0.0	0.0	0.0 	0.0 	179.166666667 	25.0 	0.0 	0.0 	0.0 	-0.0 	25.0 	0.0 	0.0 	0.0 	11.1999941663	3.06246428381	104.079814997	-68.9304993931	
6.38333333333	0.0	0.0	0.0 	0.0 	179.583333333 	25.0 	0.0 	0.0 	0.0 	-0.0 	25.0 	0.0 	0.0 	0.0 	11.2012905463	3.06246428381	104.094571917	-69.1166034185	
6.4	0.0	0.0	0.0 	0.0 	180.0 	25.0 	0.0 	0.0 	0.0 	-0.0 	25.0 	0.0 	0.0 	0.0 	11.2025683209	3.06246428381	104.109330521	-69.3027286735	
6.41666666667	0.0	0.0	0.0 	0.0 	180.416666667 	25.0 	0.0 	0.0 	0.0 	-0.0 	25.0 	0.0 	0.0 	0.0 	11.203827757	3.06246428381	104.124090784	-69.4888748535	
6.43333333333	0.0	0.0	0.0 	0.0 	180.833333333 	25.0 	0.0 	0.0 	0.0 	-0.0 	25.0 	0.0 	0.0 	0.0 	11.2050691179	3.06246428381	104.138852682	-69.6750416581	
6.45	0.0	0.0	0.0 	0.0 	181.25 	25.0 	0.0 	0.0 	0.0 	-0.0 	25.0 	0.0 	0.0 	0.0 	11.206292663	3.06246428381	104.153616192	-69.8612287912	
6.46666666667	0.0	0.0	0.0 	0.0 	181.666666667 	25.0 	0.0 	0.0 	0.0 	-0.0 	25.0 	0.0 	0.0 	0.0 	11.2074986479	3.06246428381	104.168381291	-70.0474359613	
6.48333333333	0.0	0.0	0.0 	0.0 	182.083333333 	25.0 	0.0 	0.0 	0.0 	-0.0 	25.0 	0.0 	0.0 	0.0 	11.2086873247	3.06246428381	104.183147956	-70.2336628806	
6.5	0.0	0.0	0.0 	0.0 	182.5 	25.0 	0.0 	0.0 	0.0 	-0.0 	25.0 	0.0 	0.0 	0.0 	11.2098589418	3.06246428381	104.197916164	-70.4199092658	
6.51666666667	0.0	0.0	0.0 	0.0 	182.916666667 	25.0 	0.0 	0.0 	0.0 	-0.0 	25.0 	0.0 	0.0 	0.0 	11.2110137441	3.06246428381	104.212685894	-70.6061748374	
6.53333333333	0.0	0.0	0.0 	0.0 	183.333333333 	25.0 	0.0 	0.0 	0.0 	-0.0 	25.0 	0.0 	0.0 	0.0 	11.2121519727	3.06246428381	104.227457123	-70.7924593202	
6.55	0.0	0.0	0.0 	0.0 	183.75 	25.0 	0.0 	0.0 	0.0 	-0.0 	25.0 	0.0 	0.0 	0.0 	11.2132738657	3.06246428381	104.242229831	-70.9787624427	
6.56666666667	0.0	0.0	0.0 	0.0 	184.166666667 	25.0 	0.0 	0.0 	0.0 	-0.0 	25.0 	0.0 	0.0 	0.0 	11.2143796575	3.06246428381	104.257003995	-71.1650839374	
6.58333333333	0.0	0.0	0.0 	0.0 	184.583333333 	25.0 	0.0 	0.0 	0.0 	-0.0 	25.0 	0.0 	0.0 	0.0 	11.215469579	3.06246428381	104.271779595	-71.3514235406	
6.6	0.0	0.0	0.0 	0.0 	185.0 	25.0 	0.0 	0.0 	0.0 	-0.0 	25.0 	0.0 	0.0 	0.0 	11.2165438582	3.06246428381	104.28655661	-71.5377809924	
6.61666666667	0.0	0.0	0.0 	0.0 	185.416666667 	25.0 	0.0 	0.0 	0.0 	-0.0 	25.0 	0.0 	0.0 	0.0 	11.2176027195	3.06246428381	104.301335021	-71.7241560367	
6.63333333333	0.0	0.0	0.0 	0.0 	185.833333333 	25.0 	0.0 	0.0 	0.0 	-0.0 	25.0 	0.0 	0.0 	0.0 	11.2186463842	3.06246428381	104.316114806	-71.910548421	
6.65	0.0	0.0	0.0 	0.0 	186.25 	25.0 	0.0 	0.0 	0.0 	-0.0 	25.0 	0.0 	0.0 	0.0 	11.2196750703	3.06246428381	104.330895946	-72.0969578964	
6.66666666667	0.0	0.0	0.0 	0.0 	186.666666667 	25.0 	0.0 	0.0 	0.0 	-0.0 	25.0 	0.0 	0.0 	0.0 	11.220688993	3.06246428381	104.345678423	-72.2833842176	
6.68333333333	0.0	0.0	0.0 	0.0 	187.083333333 	25.0 	0.0 	0.0 	0.0 	-0.0 	25.0 	0.0 	0.0 	0.0 	11.2216883639	3.06246428381	104.360462216	-72.4698271429	
6.7	0.0	0.0	0.0 	0.0 	187.5 	25.0 	0.0 	0.0 	0.0 	-0.0 	25.0 	0.0 	0.0 	0.0 	11.222673392	3.06246428381	104.375247306	-72.656286434	
6.71666666667	0.0	0.0	0.0 	0.0 	187.916666667 	25.0 	0.0 	0.0 	0.0 	-0.0 	25.0 	0.0 	0.0 	0.0 	11.2236442831	3.06246428381	104.390033676	-72.8427618559	
6.73333333333	0.0	0.0	0.0 	0.0 	188.333333333 	25.0 	0.0 	0.0 	0.0 	-0.0 	25.0 	0.0 	0.0 	0.0 	11.2246012402	3.06246428381	104.404821306	-73.0292531773	
6.75	0.0	0.0	0.0 	0.0 	188.75 	25.0 	0.0 	0.0 	0.0 	-0.0 	25.0 	0.0 	0.0 	0.0 	11.2255444631	3.06246428381	104.419610179	-73.2157601698	
6.76666666667	0.0	0.0	0.0 	0.0 	189.166666667 	25.0 	0.0 	0.0 	0.0 	-0.0 	25.0 	0.0 	0.0 	0.0 	11.2264741491	3.06246428381	104.434400277	-73.4022826086	
6.78333333333	0.0	0.0	0.0 	0.0 	189.583333333 	25.0 	0.0 	0.0 	0.0 	-0.0 	25.0 	0.0 	0.0 	0.0 	11.2273904923	3.06246428381	104.449191582	-73.588820272	
6.8	0.0	0.0	0.0 	0.0 	190.0 	25.0 	0.0 	0.0 	0.0 	-0.0 	25.0 	0.0 	0.0 	0.0 	11.2282936843	3.06246428381	104.463984077	-73.7753729415	
6.81666666667	0.0	0.0	0.0 	0.0 	190.416666667 	25.0 	0.0 	0.0 	0.0 	-0.0 	25.0 	0.0 	0.0 	0.0 	11.2291839138	3.06246428381	104.478777745	-73.9619404017	
6.83333333333	0.0	0.0	0.0 	0.0 	190.833333333 	25.0 	0.0 	0.0 	0.0 	-0.0 	25.0 	0.0 	0.0 	0.0 	11.2300613669	3.06246428381	104.493572568	-74.1485224404	
6.85	0.0	0.0	0.0 	0.0 	191.25 	25.0 	0.0 	0.0 	0.0 	-0.0 	25.0 	0.0 	0.0 	0.0 	11.2309262269	3.06246428381	104.508368532	-74.3351188484	
6.86666666667	0.0	0.0	0.0 	0.0 	191.666666667 	25.0 	0.0 	0.0 	0.0 	-0.0 	25.0 	0.0 	0.0 	0.0 	11.2317786746	3.06246428381	104.523165618	-74.5217294193	
6.88333333333	0.0	0.0	0.0 	0.0 	192.083333333 	25.0 	0.0 	0.0 	0.0 	-0.0 	25.0 	0.0 	0.0 	0.0 	11.2326188881	3.06246428381	104.537963811	-74.70835395	
6.9	0.0	0.0	0.0 	0.0 	192.5 	25.0 	0.0 	0.0 	0.0 	-0.0 	25.0 	0.0 	0.0 	0.0 	11.2334470429	3.06246428381	104.552763095	-74.89499224	
6.91666666667	0.0	0.0	0.0 	0.0 	192.916666667 	25.0 	0.0 	0.0 	0.0 	-0.0 	25.0 	0.0 	0.0 	0.0 	11.2342633122	3.06246428381	104.567563454	-75.081644092	
6.93333333333	0.0	0.0	0.0 	0.0 	193.333333333 	25.0 	0.0 	0.0 	0.0 	-0.0 	25.0 	0.0 	0.0 	0.0 	11.2350678665	3.06246428381	104.582364874	-75.2683093113	
6.95	0.0	0.0	0.0 	0.0 	193.75 	25.0 	0.0 	0.0 	0.0 	-0.0 	25.0 	0.0 	0.0 	0.0 	11.235860874	3.06246428381	104.597167338	-75.454987706	
6.96666666667	0.0	0.0	0.0 	0.0 	194.166666667 	25.0 	0.0 	0.0 	0.0 	-0.0 	25.0 	0.0 	0.0 	0.0 	11.2366425003	3.06246428381	104.611970832	-75.641679087	
6.98333333333	0.0	0.0	0.0 	0.0 	194.583333333 	25.0 	0.0 	0.0 	0.0 	-0.0 	25.0 	0.0 	0.0 	0.0 	11.2374129089	3.06246428381	104.626775341	-75.8283832681	
7.0	0.0	0.0	0.0 	0.0 	195.0 	25.0 	0.0 	0.0 	0.0 	-0.0 	25.0 	0.0 	0.0 	0.0 	11.2381722607	3.06246428381	104.64158085	-76.0151000653	
7.01666666667	0.0	0.0	0.0 	0.0 	195.416666667 	25.0 	0.0 	0.0 	0.0 	-0.0 	25.0 	0.0 	0.0 	0.0 	11.2389207143	3.06246428381	104.656387345	-76.2018292978	
7.03333333333	0.0	0.0	0.0 	0.0 	195.833333333 	25.0 	0.0 	0.0 	0.0 	-0.0 	25.0 	0.0 	0.0 	0.0 	11.2396584263	3.06246428381	104.671194813	-76.388570787	
7.05	0.0	0.0	0.0 	0.0 	196.25 	25.0 	0.0 	0.0 	0.0 	-0.0 	25.0 	0.0 	0.0 	0.0 	11.2403855507	3.06246428381	104.686003238	-76.575324357	
7.06666666667	0.0	0.0	0.0 	0.0 	196.666666667 	25.0 	0.0 	0.0 	0.0 	-0.0 	25.0 	0.0 	0.0 	0.0 	11.2411022396	3.06246428381	104.700812607	-76.7620898345	
7.08333333333	0.0	0.0	0.0 	0.0 	197.083333333 	25.0 	0.0 	0.0 	0.0 	-0.0 	25.0 	0.0 	0.0 	0.0 	11.2418086426	3.06246428381	104.715622907	-76.9488670485	
7.1	0.0	0.0	0.0 	0.0 	197.5 	25.0 	0.0 	0.0 	0.0 	-0.0 	25.0 	0.0 	0.0 	0.0 	11.2425049075	3.06246428381	104.730434124	-77.1356558306	
7.11666666667	0.0	0.0	0.0 	0.0 	197.916666667 	25.0 	0.0 	0.0 	0.0 	-0.0 	25.0 	0.0 	0.0 	0.0 	11.2431911797	3.06246428381	104.745246245	-77.3224560148	
7.13333333333	0.0	0.0	0.0 	0.0 	198.333333333 	25.0 	0.0 	0.0 	0.0 	-0.0 	25.0 	0.0 	0.0 	0.0 	11.2438676025	3.06246428381	104.760059258	-77.5092674374	
7.15	0.0	0.0	0.0 	0.0 	198.75 	25.0 	0.0 	0.0 	0.0 	-0.0 	25.0 	0.0 	0.0 	0.0 	11.2445343175	3.06246428381	104.774873149	-77.6960899372	
7.16666666667	0.0	0.0	0.0 	0.0 	199.166666667 	25.0 	0.0 	0.0 	0.0 	-0.0 	25.0 	0.0 	0.0 	0.0 	11.2451914639	3.06246428381	104.789687905	-77.8829233551	
7.18333333333	0.0	0.0	0.0 	0.0 	199.583333333 	25.0 	0.0 	0.0 	0.0 	-0.0 	25.0 	0.0 	0.0 	0.0 	11.245839179	3.06246428381	104.804503515	-78.0697675345	
7.2	0.0	0.0	0.0 	0.0 	200.0 	25.0 	0.0 	0.0 	0.0 	-0.0 	25.0 	0.0 	0.0 	0.0 	11.2464775982	3.06246428381	104.819319966	-78.256622321	
7.21666666667	0.0	0.0	0.0 	0.0 	200.416666667 	25.0 	0.0 	0.0 	0.0 	-0.0 	25.0 	0.0 	0.0 	0.0 	11.2471068549	3.06246428381	104.834137246	-78.4434875622	
7.23333333333	0.0	0.0	0.0 	0.0 	200.833333333 	25.0 	0.0 	0.0 	0.0 	-0.0 	25.0 	0.0 	0.0 	0.0 	11.2477270806	3.06246428381	104.848955343	-78.6303631082	
7.25	0.0	0.0	0.0 	0.0 	201.25 	25.0 	0.0 	0.0 	0.0 	-0.0 	25.0 	0.0 	0.0 	0.0 	11.2483384049	3.06246428381	104.863774246	-78.817248811	
7.26666666667	0.0	0.0	0.0 	0.0 	201.666666667 	25.0 	0.0 	0.0 	0.0 	-0.0 	25.0 	0.0 	0.0 	0.0 	11.2489409555	3.06246428381	104.878593942	-79.004144525	
7.28333333333	0.0	0.0	0.0 	0.0 	202.083333333 	25.0 	0.0 	0.0 	0.0 	-0.0 	25.0 	0.0 	0.0 	0.0 	11.2495348585	3.06246428381	104.893414421	-79.1910501063	
7.3	0.0	0.0	0.0 	0.0 	202.5 	25.0 	0.0 	0.0 	0.0 	-0.0 	25.0 	0.0 	0.0 	0.0 	11.2501202378	3.06246428381	104.90823567	-79.3779654135	
7.31666666667	0.0	0.0	0.0 	0.0 	202.916666667 	25.0 	0.0 	0.0 	0.0 	-0.0 	25.0 	0.0 	0.0 	0.0 	11.2506972159	3.06246428381	104.92305768	-79.5648903068	
7.33333333333	0.0	0.0	0.0 	0.0 	203.333333333 	25.0 	0.0 	0.0 	0.0 	-0.0 	25.0 	0.0 	0.0 	0.0 	11.2512659133	3.06246428381	104.93788044	-79.7518246488	
7.35	0.0	0.0	0.0 	0.0 	203.75 	25.0 	0.0 	0.0 	0.0 	-0.0 	25.0 	0.0 	0.0 	0.0 	11.2518264488	3.06246428381	104.952703937	-79.9387683038	
7.36666666667	0.0	0.0	0.0 	0.0 	204.166666667 	25.0 	0.0 	0.0 	0.0 	-0.0 	25.0 	0.0 	0.0 	0.0 	11.2523789395	3.06246428381	104.967528163	-80.1257211382	
7.38333333333	0.0	0.0	0.0 	0.0 	204.583333333 	25.0 	0.0 	0.0 	0.0 	-0.0 	25.0 	0.0 	0.0 	0.0 	11.2529235011	3.06246428381	104.982353106	-80.3126830202	
7.4	0.0	0.0	0.0 	0.0 	205.0 	25.0 	0.0 	0.0 	0.0 	-0.0 	25.0 	0.0 	0.0 	0.0 	11.2534602471	3.06246428381	104.997178756	-80.4996538199	
7.41666666667	0.0	0.0	0.0 	0.0 	205.416666667 	25.0 	0.0 	0.0 	0.0 	-0.0 	25.0 	0.0 	0.0 	0.0 	11.2539892899	3.06246428381	105.012005103	-80.6866334095	
7.43333333333	0.0	0.0	0.0 	0.0 	205.833333333 	25.0 	0.0 	0.0 	0.0 	-0.0 	25.0 	0.0 	0.0 	0.0 	11.2545107399	3.06246428381	105.026832137	-80.8736216627	
7.45	0.0	0.0	0.0 	0.0 	206.25 	25.0 	0.0 	0.0 	0.0 	-0.0 	25.0 	0.0 	0.0 	0.0 	11.2550247061	3.06246428381	105.041659848	-81.0606184552	
7.46666666667	0.0	0.0	0.0 	0.0 	206.666666667 	25.0 	0.0 	0.0 	0.0 	-0.0 	25.0 	0.0 	0.0 	0.0 	11.255531296	3.06246428381	105.056488227	-81.2476236645	
7.48333333333	0.0	0.0	0.0 	0.0 	207.083333333 	25.0 	0.0 	0.0 	0.0 	-0.0 	25.0 	0.0 	0.0 	0.0 	11.2560306153	3.06246428381	105.071317263	-81.4346371697	
7.5	0.0	0.0	0.0 	0.0 	207.5 	25.0 	0.0 	0.0 	0.0 	-0.0 	25.0 	0.0 	0.0 	0.0 	11.2565227685	3.06246428381	105.086146948	-81.6216588518	
7.51666666667	0.0	0.0	0.0 	0.0 	207.916666667 	25.0 	0.0 	0.0 	0.0 	-0.0 	25.0 	0.0 	0.0 	0.0 	11.2570078584	3.06246428381	105.100977272	-81.8086885934	
7.53333333333	0.0	0.0	0.0 	0.0 	208.333333333 	25.0 	0.0 	0.0 	0.0 	-0.0 	25.0 	0.0 	0.0 	0.0 	11.2574859864	3.06246428381	105.115808226	-81.9957262789	
7.55	0.0	0.0	0.0 	0.0 	208.75 	25.0 	0.0 	0.0 	0.0 	-0.0 	25.0 	0.0 	0.0 	0.0 	11.2579572523	3.06246428381	105.1306398	-82.1827717942	
7.56666666667	0.0	0.0	0.0 	0.0 	209.166666667 	25.0 	0.0 	0.0 	0.0 	-0.0 	25.0 	0.0 	0.0 	0.0 	11.2584217547	3.06246428381	105.145471987	-82.369825027	
7.58333333333	0.0	0.0	0.0 	0.0 	209.583333333 	25.0 	0.0 	0.0 	0.0 	-0.0 	25.0 	0.0 	0.0 	0.0 	11.2588795907	3.06246428381	105.160304777	-82.5568858666	
7.6	0.0	0.0	0.0 	0.0 	210.0 	25.0 	0.0 	0.0 	0.0 	-0.0 	25.0 	0.0 	0.0 	0.0 	11.2593308558	3.06246428381	105.175138161	-82.7439542037	
7.61666666667	0.0	0.0	0.0 	0.0 	210.416666667 	25.0 	0.0 	0.0 	0.0 	-0.0 	25.0 	0.0 	0.0 	0.0 	11.2597756444	3.06246428381	105.189972131	-82.9310299307	
7.63333333333	0.0	0.0	0.0 	0.0 	210.833333333 	25.0 	0.0 	0.0 	0.0 	-0.0 	25.0 	0.0 	0.0 	0.0 	11.2602140495	3.06246428381	105.204806679	-83.1181129417	
7.65	0.0	0.0	0.0 	0.0 	211.25 	25.0 	0.0 	0.0 	0.0 	-0.0 	25.0 	0.0 	0.0 	0.0 	11.2606461627	3.06246428381	105.219641796	-83.305203132	
7.66666666667	0.0	0.0	0.0 	0.0 	211.666666667 	25.0 	0.0 	0.0 	0.0 	-0.0 	25.0 	0.0 	0.0 	0.0 	11.2610720743	3.06246428381	105.234477474	-83.4923003986	
7.68333333333	0.0	0.0	0.0 	0.0 	212.083333333 	25.0 	0.0 	0.0 	0.0 	-0.0 	25.0 	0.0 	0.0 	0.0 	11.2614918732	3.06246428381	105.249313705	-83.6794046399	
7.7	0.0	0.0	0.0 	0.0 	212.5 	25.0 	0.0 	0.0 	0.0 	-0.0 	25.0 	0.0 	0.0 	0.0 	11.2619056472	3.06246428381	105.264150482	-83.8665157559	
7.71666666667	0.0	0.0	0.0 	0.0 	212.916666667 	25.0 	0.0 	0.0 	0.0 	-0.0 	25.0 	0.0 	0.0 	0.0 	11.2623134829	3.06246428381	105.278987795	-84.0536336479	
7.73333333333	0.0	0.0	0.0 	0.0 	213.333333333 	25.0 	0.0 	0.0 	0.0 	-0.0 	25.0 	0.0 	0.0 	0.0 	11.2627154653	3.06246428381	105.293825639	-84.2407582187	
7.75	0.0	0.0	0.0 	0.0 	213.75 	25.0 	0.0 	0.0 	0.0 	-0.0 	25.0 	0.0 	0.0 	0.0 	11.2631116785	3.06246428381	105.308664004	-84.4278893723	
7.76666666667	0.0	0.0	0.0 	0.0 	214.166666667 	25.0 	0.0 	0.0 	0.0 	-0.0 	25.0 	0.0 	0.0 	0.0 	11.2635022053	3.06246428381	105.323502883	-84.6150270144	
7.78333333333	0.0	0.0	0.0 	0.0 	214.583333333 	25.0 	0.0 	0.0 	0.0 	-0.0 	25.0 	0.0 	0.0 	0.0 	11.2638871274	3.06246428381	105.33834227	-84.8021710517	
7.8	0.0	0.0	0.0 	0.0 	215.0 	25.0 	0.0 	0.0 	0.0 	-0.0 	25.0 	0.0 	0.0 	0.0 	11.2642665251	3.06246428381	105.353182157	-84.9893213926	
7.81666666667	0.0	0.0	0.0 	0.0 	215.416666667 	25.0 	0.0 	0.0 	0.0 	-0.0 	25.0 	0.0 	0.0 	0.0 	11.2646404778	3.06246428381	105.368022536	-85.1764779465	
7.83333333333	0.0	0.0	0.0 	0.0 	215.833333333 	25.0 	0.0 	0.0 	0.0 	-0.0 	25.0 	0.0 	0.0 	0.0 	11.2650090635	3.06246428381	105.382863401	-85.3636406243	
7.85	0.0	0.0	0.0 	0.0 	216.25 	25.0 	0.0 	0.0 	0.0 	-0.0 	25.0 	0.0 	0.0 	0.0 	11.2653723593	3.06246428381	105.397704745	-85.550809338	
7.86666666667	0.0	0.0	0.0 	0.0 	216.666666667 	25.0 	0.0 	0.0 	0.0 	-0.0 	25.0 	0.0 	0.0 	0.0 	11.2657304412	3.06246428381	105.41254656	-85.7379840012	
7.88333333333	0.0	0.0	0.0 	0.0 	217.083333333 	25.0 	0.0 	0.0 	0.0 	-0.0 	25.0 	0.0 	0.0 	0.0 	11.266083384	3.06246428381	105.42738884	-85.9251645283	
7.9	0.0	0.0	0.0 	0.0 	217.5 	25.0 	0.0 	0.0 	0.0 	-0.0 	25.0 	0.0 	0.0 	0.0 	11.2664312613	3.06246428381	105.442231579	-86.1123508352	
7.91666666667	0.0	0.0	0.0 	0.0 	217.916666667 	25.0 	0.0 	0.0 	0.0 	-0.0 	25.0 	0.0 	0.0 	0.0 	11.266774146	3.06246428381	105.457074769	-86.2995428389	
7.93333333333	0.0	0.0	0.0 	0.0 	218.333333333 	25.0 	0.0 	0.0 	0.0 	-0.0 	25.0 	0.0 	0.0 	0.0 	11.2671121096	3.06246428381	105.471918404	-86.4867404578	
7.95	0.0	0.0	0.0 	0.0 	218.75 	25.0 	0.0 	0.0 	0.0 	-0.0 	25.0 	0.0 	0.0 	0.0 	11.2674452229	3.06246428381	105.486762479	-86.6739436112	
7.96666666667	0.0	0.0	0.0 	0.0 	219.166666667 	25.0 	0.0 	0.0 	0.0 	-0.0 	25.0 	0.0 	0.0 	0.0 	11.2677735553	3.06246428381	105.501606986	-86.8611522197	
7.98333333333	0.0	0.0	0.0 	0.0 	219.583333333 	25.0 	0.0 	0.0 	0.0 	-0.0 	25.0 	0.0 	0.0 	0.0 	11.2680971756	3.06246428381	105.516451919	-87.0483662049	
8.0	0.0	0.0	0.0 	0.0 	220.0 	25.0 	0.0 	0.0 	0.0 	-0.0 	25.0 	0.0 	0.0 	0.0 	11.2684161513	3.06246428381	105.531297272	-87.2355854898	
8.01666666667	0.0	0.0	0.0 	0.0 	220.416666667 	25.0 	0.0 	0.0 	0.0 	-0.0 	25.0 	0.0 	0.0 	0.0 	11.2687305492	3.06246428381	105.54614304	-87.4228099983	
8.03333333333	0.0	0.0	0.0 	0.0 	220.833333333 	25.0 	0.0 	0.0 	0.0 	-0.0 	25.0 	0.0 	0.0 	0.0 	11.2690404348	3.06246428381	105.560989216	-87.6100396553	
8.05	0.0	0.0	0.0 	0.0 	221.25 	25.0 	0.0 	0.0 	0.0 	-0.0 	25.0 	0.0 	0.0 	0.0 	11.269345873	3.06246428381	105.575835794	-87.7972743871	
8.06666666667	0.0	0.0	0.0 	0.0 	221.666666667 	25.0 	0.0 	0.0 	0.0 	-0.0 	25.0 	0.0 	0.0 	0.0 	11.2696469276	3.06246428381	105.590682769	-87.9845141207	
8.08333333333	0.0	0.0	0.0 	0.0 	222.083333333 	25.0 	0.0 	0.0 	0.0 	-0.0 	25.0 	0.0 	0.0 	0.0 	11.2699436615	3.06246428381	105.605530135	-88.1717587845	
8.1	0.0	0.0	0.0 	0.0 	222.5 	25.0 	0.0 	0.0 	0.0 	-0.0 	25.0 	0.0 	0.0 	0.0 	11.2702361367	3.06246428381	105.620377886	-88.3590083075	
8.11666666667	0.0	0.0	0.0 	0.0 	222.916666667 	25.0 	0.0 	0.0 	0.0 	-0.0 	25.0 	0.0 	0.0 	0.0 	11.2705244144	3.06246428381	105.635226017	-88.5462626202	
8.13333333333	0.0	0.0	0.0 	0.0 	223.333333333 	25.0 	0.0 	0.0 	0.0 	-0.0 	25.0 	0.0 	0.0 	0.0 	11.2708085547	3.06246428381	105.650074522	-88.7335216537	
8.15	0.0	0.0	0.0 	0.0 	223.75 	25.0 	0.0 	0.0 	0.0 	-0.0 	25.0 	0.0 	0.0 	0.0 	11.2710886172	3.06246428381	105.664923397	-88.9207853403	
8.16666666667	0.0	0.0	0.0 	0.0 	224.166666667 	25.0 	0.0 	0.0 	0.0 	-0.0 	25.0 	0.0 	0.0 	0.0 	11.2713646602	3.06246428381	105.679772635	-89.1080536133	
8.18333333333	0.0	0.0	0.0 	0.0 	224.583333333 	25.0 	0.0 	0.0 	0.0 	-0.0 	25.0 	0.0 	0.0 	0.0 	11.2716367414	3.06246428381	105.694622231	-89.2953264067	
8.2	0.0	0.0	0.0 	0.0 	225.0 	25.0 	0.0 	0.0 	0.0 	-0.0 	25.0 	0.0 	0.0 	0.0 	11.2719049178	3.06246428381	105.709472181	-89.4826036558	
8.21666666667	0.0	0.0	0.0 	0.0 	225.416666667 	25.0 	0.0 	0.0 	0.0 	-0.0 	25.0 	0.0 	0.0 	0.0 	11.2721692454	3.06246428381	105.724322479	-89.6698852965	
8.23333333333	0.0	0.0	0.0 	0.0 	225.833333333 	25.0 	0.0 	0.0 	0.0 	-0.0 	25.0 	0.0 	0.0 	0.0 	11.2724297794	3.06246428381	105.73917312	-89.8571712659	
8.25	0.0	0.0	0.0 	0.0 	226.25 	25.0 	0.0 	0.0 	0.0 	-0.0 	25.0 	0.0 	0.0 	0.0 	11.2726865742	3.06246428381	105.754024099	-90.0444615018	
8.26666666667	0.0	0.0	0.0 	0.0 	226.666666667 	25.0 	0.0 	0.0 	0.0 	-0.0 	25.0 	0.0 	0.0 	0.0 	11.2729396835	3.06246428381	105.768875412	-90.231755943	
8.28333333333	0.0	0.0	0.0 	0.0 	227.083333333 	25.0 	0.0 	0.0 	0.0 	-0.0 	25.0 	0.0 	0.0 	0.0 	11.2731891603	3.06246428381	105.783727054	-90.4190545291	
8.3	0.0	0.0	0.0 	0.0 	227.5 	25.0 	0.0 	0.0 	0.0 	-0.0 	25.0 	0.0 	0.0 	0.0 	11.2734350566	3.06246428381	105.798579019	-90.6063572007	
8.31666666667	0.0	0.0	0.0 	0.0 	227.916666667 	25.0 	0.0 	0.0 	0.0 	-0.0 	25.0 	0.0 	0.0 	0.0 	11.2736774239	3.06246428381	105.813431304	-90.7936638991	
8.33333333333	0.0	0.0	0.0 	0.0 	228.333333333 	25.0 	0.0 	0.0 	0.0 	-0.0 	25.0 	0.0 	0.0 	0.0 	11.2739163127	3.06246428381	105.828283904	-90.9809745665	
8.35	0.0	0.0	0.0 	0.0 	228.75 	25.0 	0.0 	0.0 	0.0 	-0.0 	25.0 	0.0 	0.0 	0.0 	11.274151773	3.06246428381	105.843136813	-91.168289146	
8.36666666667	0.0	0.0	0.0 	0.0 	229.166666667 	25.0 	0.0 	0.0 	0.0 	-0.0 	25.0 	0.0 	0.0 	0.0 	11.2743838541	3.06246428381	105.857990029	-91.3556075814	
8.38333333333	0.0	0.0	0.0 	0.0 	229.583333333 	25.0 	0.0 	0.0 	0.0 	-0.0 	25.0 	0.0 	0.0 	0.0 	11.2746126043	3.06246428381	105.872843546	-91.5429298173	
8.4	0.0	0.0	0.0 	0.0 	230.0 	25.0 	0.0 	0.0 	0.0 	-0.0 	25.0 	0.0 	0.0 	0.0 	11.2748380715	3.06246428381	105.88769736	-91.7302557993	
8.41666666667	0.0	0.0	0.0 	0.0 	230.416666667 	25.0 	0.0 	0.0 	0.0 	-0.0 	25.0 	0.0 	0.0 	0.0 	11.2750603029	3.06246428381	105.902551466	-91.9175854736	
8.43333333333	0.0	0.0	0.0 	0.0 	230.833333333 	25.0 	0.0 	0.0 	0.0 	-0.0 	25.0 	0.0 	0.0 	0.0 	11.2752793449	3.06246428381	105.917405862	-92.1049187871	
8.45	0.0	0.0	0.0 	0.0 	231.25 	25.0 	0.0 	0.0 	0.0 	-0.0 	25.0 	0.0 	0.0 	0.0 	11.2754952432	3.06246428381	105.932260541	-92.2922556877	
8.46666666667	0.0	0.0	0.0 	0.0 	231.666666667 	25.0 	0.0 	0.0 	0.0 	-0.0 	25.0 	0.0 	0.0 	0.0 	11.2757080429	3.06246428381	105.947115501	-92.4795961238	
8.48333333333	0.0	0.0	0.0 	0.0 	232.083333333 	25.0 	0.0 	0.0 	0.0 	-0.0 	25.0 	0.0 	0.0 	0.0 	11.2759177886	3.06246428381	105.961970738	-92.6669400448	
8.5	0.0	0.0	0.0 	0.0 	232.5 	25.0 	0.0 	0.0 	0.0 	-0.0 	25.0 	0.0 	0.0 	0.0 	11.276124524	3.06246428381	105.976826246	-92.8542874006	
8.51666666667	0.0	0.0	0.0 	0.0 	232.916666667 	25.0 	0.0 	0.0 	0.0 	-0.0 	25.0 	0.0 	0.0 	0.0 	11.2763282924	3.06246428381	105.991682024	-93.0416381419	
8.53333333333	0.0	0.0	0.0 	0.0 	233.333333333 	25.0 	0.0 	0.0 	0.0 	-0.0 	25.0 	0.0 	0.0 	0.0 	11.2765291364	3.06246428381	106.006538065	-93.2289922201	
8.55	0.0	0.0	0.0 	0.0 	233.75 	25.0 	0.0 	0.0 	0.0 	-0.0 	25.0 	0.0 	0.0 	0.0 	11.2767270979	3.06246428381	106.021394368	-93.4163495873	
8.56666666667	0.0	0.0	0.0 	0.0 	234.166666667 	25.0 	0.0 	0.0 	0.0 	-0.0 	25.0 	0.0 	0.0 	0.0 	11.2769222182	3.06246428381	106.036250928	-93.6037101964	
8.58333333333	0.0	0.0	0.0 	0.0 	234.583333333 	25.0 	0.0 	0.0 	0.0 	-0.0 	25.0 	0.0 	0.0 	0.0 	11.2771145382	3.06246428381	106.051107741	-93.7910740008	
8.6	0.0	0.0	0.0 	0.0 	235.0 	25.0 	0.0 	0.0 	0.0 	-0.0 	25.0 	0.0 	0.0 	0.0 	11.2773040981	3.06246428381	106.065964803	-93.9784409546	
8.61666666667	0.0	0.0	0.0 	0.0 	235.416666667 	25.0 	0.0 	0.0 	0.0 	-0.0 	25.0 	0.0 	0.0 	0.0 	11.2774909374	3.06246428381	106.080822112	-94.1658110127	
8.63333333333	0.0	0.0	0.0 	0.0 	235.833333333 	25.0 	0.0 	0.0 	0.0 	-0.0 	25.0 	0.0 	0.0 	0.0 	11.2776750953	3.06246428381	106.095679664	-94.3531841305	
8.65	0.0	0.0	0.0 	0.0 	236.25 	25.0 	0.0 	0.0 	0.0 	-0.0 	25.0 	0.0 	0.0 	0.0 	11.2778566101	3.06246428381	106.110537454	-94.540560264	
8.66666666667	0.0	0.0	0.0 	0.0 	236.666666667 	25.0 	0.0 	0.0 	0.0 	-0.0 	25.0 	0.0 	0.0 	0.0 	11.2780355199	3.06246428381	106.125395481	-94.7279393701	
8.68333333333	0.0	0.0	0.0 	0.0 	237.083333333 	25.0 	0.0 	0.0 	0.0 	-0.0 	25.0 	0.0 	0.0 	0.0 	11.278211862	3.06246428381	106.140253739	-94.915321406	
8.7	0.0	0.0	0.0 	0.0 	237.5 	25.0 	0.0 	0.0 	0.0 	-0.0 	25.0 	0.0 	0.0 	0.0 	11.2783856732	3.06246428381	106.155112227	-95.1027063296	
8.71666666667	0.0	0.0	0.0 	0.0 	237.916666667 	25.0 	0.0 	0.0 	0.0 	-0.0 	25.0 	0.0 	0.0 	0.0 	11.2785569899	3.06246428381	106.16997094	-95.2900940997	
8.73333333333	0.0	0.0	0.0 	0.0 	238.333333333 	25.0 	0.0 	0.0 	0.0 	-0.0 	25.0 	0.0 	0.0 	0.0 	11.2787258479	3.06246428381	106.184829876	-95.4774846752	
8.75	0.0	0.0	0.0 	0.0 	238.75 	25.0 	0.0 	0.0 	0.0 	-0.0 	25.0 	0.0 	0.0 	0.0 	11.2788922825	3.06246428381	106.199689031	-95.6648780159	
8.76666666667	0.0	0.0	0.0 	0.0 	239.166666667 	25.0 	0.0 	0.0 	0.0 	-0.0 	25.0 	0.0 	0.0 	0.0 	11.2790563285	3.06246428381	106.214548402	-95.8522740822	
8.78333333333	0.0	0.0	0.0 	0.0 	239.583333333 	25.0 	0.0 	0.0 	0.0 	-0.0 	25.0 	0.0 	0.0 	0.0 	11.2792180201	3.06246428381	106.229407986	-96.0396728349	
8.8	0.0	0.0	0.0 	0.0 	240.0 	25.0 	0.0 	0.0 	0.0 	-0.0 	25.0 	0.0 	0.0 	0.0 	11.2793773911	3.06246428381	106.244267781	-96.2270742355	
8.81666666667	0.0	0.0	0.0 	0.0 	240.416666667 	25.0 	0.0 	0.0 	0.0 	-0.0 	25.0 	0.0 	0.0 	0.0 	11.2795344748	3.06246428381	106.259127782	-96.414478246	
8.83333333333	0.0	0.0	0.0 	0.0 	240.833333333 	25.0 	0.0 	0.0 	0.0 	-0.0 	25.0 	0.0 	0.0 	0.0 	11.2796893041	3.06246428381	106.273987987	-96.6018848288	
8.85	0.0	0.0	0.0 	0.0 	241.25 	25.0 	0.0 	0.0 	0.0 	-0.0 	25.0 	0.0 	0.0 	0.0 	11.2798419113	3.06246428381	106.288848393	-96.7892939472	
8.86666666667	0.0	0.0	0.0 	0.0 	241.666666667 	25.0 	0.0 	0.0 	0.0 	-0.0 	25.0 	0.0 	0.0 	0.0 	11.2799923283	3.06246428381	106.303708997	-96.9767055647	
8.88333333333	0.0	0.0	0.0 	0.0 	242.083333333 	25.0 	0.0 	0.0 	0.0 	-0.0 	25.0 	0.0 	0.0 	0.0 	11.2801405866	3.06246428381	106.318569797	-97.1641196454	
8.9	0.0	0.0	0.0 	0.0 	242.5 	25.0 	0.0 	0.0 	0.0 	-0.0 	25.0 	0.0 	0.0 	0.0 	11.280286717	3.06246428381	106.333430789	-97.351536154	
8.91666666667	0.0	0.0	0.0 	0.0 	242.916666667 	25.0 	0.0 	0.0 	0.0 	-0.0 	25.0 	0.0 	0.0 	0.0 	11.2804307503	3.06246428381	106.348291971	-97.5389550556	
8.93333333333	0.0	0.0	0.0 	0.0 	243.333333333 	25.0 	0.0 	0.0 	0.0 	-0.0 	25.0 	0.0 	0.0 	0.0 	11.2805727164	3.06246428381	106.36315334	-97.726376316	
8.95	0.0	0.0	0.0 	0.0 	243.75 	25.0 	0.0 	0.0 	0.0 	-0.0 	25.0 	0.0 	0.0 	0.0 	11.280712645	3.06246428381	106.378014893	-97.9137999012	
8.96666666667	0.0	0.0	0.0 	0.0 	244.166666667 	25.0 	0.0 	0.0 	0.0 	-0.0 	25.0 	0.0 	0.0 	0.0 	11.2808505653	3.06246428381	106.392876628	-98.1012257778	
8.98333333333	0.0	0.0	0.0 	0.0 	244.583333333 	25.0 	0.0 	0.0 	0.0 	-0.0 	25.0 	0.0 	0.0 	0.0 	11.2809865063	3.06246428381	106.407738542	-98.2886539131	
9.0	0.0	0.0	0.0 	0.0 	245.0 	25.0 	0.0 	0.0 	0.0 	-0.0 	25.0 	0.0 	0.0 	0.0 	11.2811204963	3.06246428381	106.422600632	-98.4760842745	
9.01666666667	0.0	0.0	0.0 	0.0 	245.416666667 	25.0 	0.0 	0.0 	0.0 	-0.0 	25.0 	0.0 	0.0 	0.0 	11.2812525632	3.06246428381	106.437462897	-98.6635168302	
9.03333333333	0.0	0.0	0.0 	0.0 	245.833333333 	25.0 	0.0 	0.0 	0.0 	-0.0 	25.0 	0.0 	0.0 	0.0 	11.2813827348	3.06246428381	106.452325333	-98.8509515486	
9.05	0.0	0.0	0.0 	0.0 	246.25 	25.0 	0.0 	0.0 	0.0 	-0.0 	25.0 	0.0 	0.0 	0.0 	11.2815110381	3.06246428381	106.467187938	-99.0383883987	
9.06666666667	0.0	0.0	0.0 	0.0 	246.666666667 	25.0 	0.0 	0.0 	0.0 	-0.0 	25.0 	0.0 	0.0 	0.0 	11.2816375	3.06246428381	106.48205071	-99.2258273499	
9.08333333333	0.0	0.0	0.0 	0.0 	247.083333333 	25.0 	0.0 	0.0 	0.0 	-0.0 	25.0 	0.0 	0.0 	0.0 	11.281762147	3.06246428381	106.496913646	-99.4132683721	
9.1	0.0	0.0	0.0 	0.0 	247.5 	25.0 	0.0 	0.0 	0.0 	-0.0 	25.0 	0.0 	0.0 	0.0 	11.2818850051	3.06246428381	106.511776743	-99.6007114355	
9.11666666667	0.0	0.0	0.0 	0.0 	247.916666667 	25.0 	0.0 	0.0 	0.0 	-0.0 	25.0 	0.0 	0.0 	0.0 	11.2820060999	3.06246428381	106.526640001	-99.7881565108	
9.13333333333	0.0	0.0	0.0 	0.0 	248.333333333 	25.0 	0.0 	0.0 	0.0 	-0.0 	25.0 	0.0 	0.0 	0.0 	11.2821254568	3.06246428381	106.541503415	-99.9756035692	
9.15	0.0	0.0	0.0 	0.0 	248.75 	25.0 	0.0 	0.0 	0.0 	-0.0 	25.0 	0.0 	0.0 	0.0 	11.2822431008	3.06246428381	106.556366985	-100.163052582	
9.16666666667	0.0	0.0	0.0 	0.0 	249.166666667 	25.0 	0.0 	0.0 	0.0 	-0.0 	25.0 	0.0 	0.0 	0.0 	11.2823590563	3.06246428381	106.571230707	-100.350503522	
9.18333333333	0.0	0.0	0.0 	0.0 	249.583333333 	25.0 	0.0 	0.0 	0.0 	-0.0 	25.0 	0.0 	0.0 	0.0 	11.2824733476	3.06246428381	106.58609458	-100.53795636	
9.2	0.0	0.0	0.0 	0.0 	250.0 	25.0 	0.0 	0.0 	0.0 	-0.0 	25.0 	0.0 	0.0 	0.0 	11.2825859986	3.06246428381	106.600958601	-100.72541107	
9.21666666667	0.0	0.0	0.0 	0.0 	250.416666667 	25.0 	0.0 	0.0 	0.0 	-0.0 	25.0 	0.0 	0.0 	0.0 	11.2826970329	3.06246428381	106.615822769	-100.912867625	
9.23333333333	0.0	0.0	0.0 	0.0 	250.833333333 	25.0 	0.0 	0.0 	0.0 	-0.0 	25.0 	0.0 	0.0 	0.0 	11.2828064736	3.06246428381	106.630687081	-101.100325998	
9.25	0.0	0.0	0.0 	0.0 	251.25 	25.0 	0.0 	0.0 	0.0 	-0.0 	25.0 	0.0 	0.0 	0.0 	11.2829143437	3.06246428381	106.645551534	-101.287786163	
9.26666666667	0.0	0.0	0.0 	0.0 	251.666666667 	25.0 	0.0 	0.0 	0.0 	-0.0 	25.0 	0.0 	0.0 	0.0 	11.2830206656	3.06246428381	106.660416128	-101.475248095	
9.28333333333	0.0	0.0	0.0 	0.0 	252.083333333 	25.0 	0.0 	0.0 	0.0 	-0.0 	25.0 	0.0 	0.0 	0.0 	11.2831254616	3.06246428381	106.67528086	-101.662711768	
9.3	0.0	0.0	0.0 	0.0 	252.5 	25.0 	0.0 	0.0 	0.0 	-0.0 	25.0 	0.0 	0.0 	0.0 	11.2832287536	3.06246428381	106.690145728	-101.850177157	
9.31666666667	0.0	0.0	0.0 	0.0 	252.916666667 	25.0 	0.0 	0.0 	0.0 	-0.0 	25.0 	0.0 	0.0 	0.0 	11.2833305631	3.06246428381	106.70501073	-102.037644238	
9.33333333333	0.0	0.0	0.0 	0.0 	253.333333333 	25.0 	0.0 	0.0 	0.0 	-0.0 	25.0 	0.0 	0.0 	0.0 	11.2834309115	3.06246428381	106.719875865	-102.225112986	
9.35	0.0	0.0	0.0 	0.0 	253.75 	25.0 	0.0 	0.0 	0.0 	-0.0 	25.0 	0.0 	0.0 	0.0 	11.2835298197	3.06246428381	106.73474113	-102.412583377	
9.36666666667	0.0	0.0	0.0 	0.0 	254.166666667 	25.0 	0.0 	0.0 	0.0 	-0.0 	25.0 	0.0 	0.0 	0.0 	11.2836273084	3.06246428381	106.749606523	-102.600055388	
9.38333333333	0.0	0.0	0.0 	0.0 	254.583333333 	25.0 	0.0 	0.0 	0.0 	-0.0 	25.0 	0.0 	0.0 	0.0 	11.283723398	3.06246428381	106.764472042	-102.787528995	
9.4	0.0	0.0	0.0 	0.0 	255.0 	25.0 	0.0 	0.0 	0.0 	-0.0 	25.0 	0.0 	0.0 	0.0 	11.2838181085	3.06246428381	106.779337687	-102.975004176	
9.41666666667	0.0	0.0	0.0 	0.0 	255.416666667 	25.0 	0.0 	0.0 	0.0 	-0.0 	25.0 	0.0 	0.0 	0.0 	11.2839114597	3.06246428381	106.794203454	-103.162480908	
9.43333333333	0.0	0.0	0.0 	0.0 	255.833333333 	25.0 	0.0 	0.0 	0.0 	-0.0 	25.0 	0.0 	0.0 	0.0 	11.2840034712	3.06246428381	106.809069343	-103.349959169	
9.45	0.0	0.0	0.0 	0.0 	256.25 	25.0 	0.0 	0.0 	0.0 	-0.0 	25.0 	0.0 	0.0 	0.0 	11.2840941621	3.06246428381	106.823935351	-103.537438936	
9.46666666667	0.0	0.0	0.0 	0.0 	256.666666667 	25.0 	0.0 	0.0 	0.0 	-0.0 	25.0 	0.0 	0.0 	0.0 	11.2841835514	3.06246428381	106.838801477	-103.724920189	
9.48333333333	0.0	0.0	0.0 	0.0 	257.083333333 	25.0 	0.0 	0.0 	0.0 	-0.0 	25.0 	0.0 	0.0 	0.0 	11.2842716579	3.06246428381	106.853667719	-103.912402905	
9.5	0.0	0.0	0.0 	0.0 	257.5 	25.0 	0.0 	0.0 	0.0 	-0.0 	25.0 	0.0 	0.0 	0.0 	11.2843584998	3.06246428381	106.868534075	-104.099887065	
9.51666666667	0.0	0.0	0.0 	0.0 	257.916666667 	25.0 	0.0 	0.0 	0.0 	-0.0 	25.0 	0.0 	0.0 	0.0 	11.2844440954	3.06246428381	106.883400545	-104.287372646	
9.53333333333	0.0	0.0	0.0 	0.0 	258.333333333 	25.0 	0.0 	0.0 	0.0 	-0.0 	25.0 	0.0 	0.0 	0.0 	11.2845284626	3.06246428381	106.898267125	-104.474859629	
9.55	0.0	0.0	0.0 	0.0 	258.75 	25.0 	0.0 	0.0 	0.0 	-0.0 	25.0 	0.0 	0.0 	0.0 	11.2846116189	3.06246428381	106.913133815	-104.662347994	
9.56666666667	0.0	0.0	0.0 	0.0 	259.166666667 	25.0 	0.0 	0.0 	0.0 	-0.0 	25.0 	0.0 	0.0 	0.0 	11.2846935818	3.06246428381	106.928000613	-104.849837721	
9.58333333333	0.0	0.0	0.0 	0.0 	259.583333333 	25.0 	0.0 	0.0 	0.0 	-0.0 	25.0 	0.0 	0.0 	0.0 	11.2847743683	3.06246428381	106.942867517	-105.037328789	
9.6	0.0	0.0	0.0 	0.0 	260.0 	25.0 	0.0 	0.0 	0.0 	-0.0 	25.0 	0.0 	0.0 	0.0 	11.2848539955	3.06246428381	106.957734526	-105.224821181	
9.61666666667	0.0	0.0	0.0 	0.0 	260.416666667 	25.0 	0.0 	0.0 	0.0 	-0.0 	25.0 	0.0 	0.0 	0.0 	11.2849324798	3.06246428381	106.972601639	-105.412314877	
9.63333333333	0.0	0.0	0.0 	0.0 	260.833333333 	25.0 	0.0 	0.0 	0.0 	-0.0 	25.0 	0.0 	0.0 	0.0 	11.2850098377	3.06246428381	106.987468853	-105.599809858	
9.65	0.0	0.0	0.0 	0.0 	261.25 	25.0 	0.0 	0.0 	0.0 	-0.0 	25.0 	0.0 	0.0 	0.0 	11.2850860854	3.06246428381	107.002336168	-105.787306106	
9.66666666667	0.0	0.0	0.0 	0.0 	261.666666667 	25.0 	0.0 	0.0 	0.0 	-0.0 	25.0 	0.0 	0.0 	0.0 	11.2851612388	3.06246428381	107.017203582	-105.974803602	
9.68333333333	0.0	0.0	0.0 	0.0 	262.083333333 	25.0 	0.0 	0.0 	0.0 	-0.0 	25.0 	0.0 	0.0 	0.0 	11.2852353136	3.06246428381	107.032071094	-106.162302329	
9.7	0.0	0.0	0.0 	0.0 	262.5 	25.0 	0.0 	0.0 	0.0 	-0.0 	25.0 	0.0 	0.0 	0.0 	11.2853083253	3.06246428381	107.046938702	-106.349802269	
9.71666666667	0.0	0.0	0.0 	0.0 	262.916666667 	25.0 	0.0 	0.0 	0.0 	-0.0 	25.0 	0.0 	0.0 	0.0 	11.2853802892	3.06246428381	107.061806404	-106.537303405	
9.73333333333	0.0	0.0	0.0 	0.0 	263.333333333 	25.0 	0.0 	0.0 	0.0 	-0.0 	25.0 	0.0 	0.0 	0.0 	11.2854512202	3.06246428381	107.0766742	-106.724805719	
9.75	0.0	0.0	0.0 	0.0 	263.75 	25.0 	0.0 	0.0 	0.0 	-0.0 	25.0 	0.0 	0.0 	0.0 	11.2855211333	3.06246428381	107.091542088	-106.912309195	
9.76666666667	0.0	0.0	0.0 	0.0 	264.166666667 	25.0 	0.0 	0.0 	0.0 	-0.0 	25.0 	0.0 	0.0 	0.0 	11.2855900429	3.06246428381	107.106410067	-107.099813816	
9.78333333333	0.0	0.0	0.0 	0.0 	264.583333333 	25.0 	0.0 	0.0 	0.0 	-0.0 	25.0 	0.0 	0.0 	0.0 	11.2856579636	3.06246428381	107.121278135	-107.287319565	
9.8	0.0	0.0	0.0 	0.0 	265.0 	25.0 	0.0 	0.0 	0.0 	-0.0 	25.0 	0.0 	0.0 	0.0 	11.2857249095	3.06246428381	107.136146292	-107.474826427	
9.81666666667	0.0	0.0	0.0 	0.0 	265.416666667 	25.0 	0.0 	0.0 	0.0 	-0.0 	25.0 	0.0 	0.0 	0.0 	11.2857908946	3.06246428381	107.151014535	-107.662334385	
9.83333333333	0.0	0.0	0.0 	0.0 	265.833333333 	25.0 	0.0 	0.0 	0.0 	-0.0 	25.0 	0.0 	0.0 	0.0 	11.2858559327	3.06246428381	107.165882865	-107.849843423	
9.85	0.0	0.0	0.0 	0.0 	266.25 	25.0 	0.0 	0.0 	0.0 	-0.0 	25.0 	0.0 	0.0 	0.0 	11.2859200373	3.06246428381	107.180751278	-108.037353527	
9.86666666667	0.0	0.0	0.0 	0.0 	266.666666667 	25.0 	0.0 	0.0 	0.0 	-0.0 	25.0 	0.0 	0.0 	0.0 	11.285983222	3.06246428381	107.195619775	-108.22486468	
9.88333333333	0.0	0.0	0.0 	0.0 	267.083333333 	25.0 	0.0 	0.0 	0.0 	-0.0 	25.0 	0.0 	0.0 	0.0 	11.2860454998	3.06246428381	107.210488354	-108.412376868	
9.9	0.0	0.0	0.0 	0.0 	267.5 	25.0 	0.0 	0.0 	0.0 	-0.0 	25.0 	0.0 	0.0 	0.0 	11.2861068839	3.06246428381	107.225357014	-108.599890076	
9.91666666667	0.0	0.0	0.0 	0.0 	267.916666667 	25.0 	0.0 	0.0 	0.0 	-0.0 	25.0 	0.0 	0.0 	0.0 	11.2861673869	3.06246428381	107.240225753	-108.787404289	
9.93333333333	0.0	0.0	0.0 	0.0 	268.333333333 	25.0 	0.0 	0.0 	0.0 	-0.0 	25.0 	0.0 	0.0 	0.0 	11.2862270216	3.06246428381	107.255094571	-108.974919493	
9.95	0.0	0.0	0.0 	0.0 	268.75 	25.0 	0.0 	0.0 	0.0 	-0.0 	25.0 	0.0 	0.0 	0.0 	11.2862858005	3.06246428381	107.269963467	-109.162435673	
9.96666666667	0.0	0.0	0.0 	0.0 	269.166666667 	25.0 	0.0 	0.0 	0.0 	-0.0 	25.0 	0.0 	0.0 	0.0 	11.2863437358	3.06246428381	107.284832439	-109.349952816	
9.98333333333	0.0	0.0	0.0 	0.0 	269.583333333 	25.0 	0.0 	0.0 	0.0 	-0.0 	25.0 	0.0 	0.0 	0.0 	11.2864008396	3.06246428381	107.299701486	-109.537470908	
