0.0166666666667	0.0	0.0	0.0 	0.0 	60.3166666667 	19.0 	0.0 	0.0 	0.0 	0.0 	19.0 	0.0 	0.0 	0.0 	0.0	0.557096774194	140.0	-17.4193548387	
0.0333333333333	0.0	0.0	0.0 	0.0 	60.6333333333 	19.0 	0.0 	0.0 	0.0 	-0.0 	19.0 	0.0 	0.0 	0.0 	0.0	0.557096774194	140.0	-17.4193548387	
0.05	0.0	0.0	0.0 	0.0 	60.95 	19.0 	0.0 	0.0 	0.0 	-0.0 	19.0 	0.0 	0.0 	0.0 	0.0	0.557096774194	140.0	-17.4193548387	
0.0666666666667	0.0	0.0	0.0 	0.0 	61.2666666667 	19.0 	0.0 	0.0 	0.0 	-0.0 	19.0 	0.0 	0.0 	0.0 	0.0	0.557096774194	140.0	-17.4193548387	
0.0833333333333	0.0	0.0	0.0 	0.0 	61.5833333333 	19.0 	0.0 	0.0 	0.0 	-0.0 	19.0 	0.0 	0.0 	0.0 	0.0	0.557096774194	140.0	-17.4193548387	
0.1	0.0	0.0	0.0 	0.0 	61.9 	19.0 	0.0 	0.0 	0.0 	-0.0 	19.0 	0.0 	0.0 	0.0 	0.0	0.557096774194	140.0	-17.4193548387	
0.116666666667	0.0	0.0	0.0 	0.0 	62.2166666667 	19.0 	0.0 	0.0 	0.0 	-0.0 	19.0 	0.0 	0.0 	0.0 	0.0	0.557096774194	140.0	-17.4193548387	
0.133333333333	0.0	0.0	0.0 	0.0 	62.5333333333 	19.0 	0.0 	0.0 	0.0 	-0.0 	19.0 	0.0 	0.0 	0.0 	0.0	0.557096774194	140.0	-17.4193548387	
0.15	0.0	0.0	0.0 	0.0 	62.85 	19.0 	0.0 	0.0 	0.0 	-0.0 	19.0 	0.0 	0.0 	0.0 	0.0	0.557096774194	140.0	-17.4193548387	
0.166666666667	0.0	0.0	0.0 	0.0 	63.1666666667 	19.0 	0.0 	0.0 	0.0 	-0.0 	19.0 	0.0 	0.0 	0.0 	0.0	0.557096774194	140.0	-17.4193548387	
0.183333333333	0.0	0.0	0.0 	0.0 	63.4833333333 	19.0 	0.0 	0.0 	0.0 	-0.0 	19.0 	0.0 	0.0 	0.0 	0.0	0.557096774194	140.0	-17.4193548387	
0.2	0.0	0.0	0.0 	0.0 	63.8 	19.0 	0.0 	0.0 	0.0 	-0.0 	19.0 	0.0 	0.0 	0.0 	0.0	0.557096774194	140.0	-17.4193548387	
0.216666666667	0.0	0.0	0.0 	0.0 	64.1166666667 	19.0 	0.0 	0.0 	0.0 	-0.0 	19.0 	0.0 	0.0 	0.0 	0.0	0.557096774194	140.0	-17.4193548387	
0.233333333333	0.0	0.0	0.0 	0.0 	64.4333333333 	19.0 	0.0 	0.0 	0.0 	-0.0 	19.0 	0.0 	0.0 	0.0 	0.0	0.557096774194	140.0	-17.4193548387	
0.25	0.0	0.0	0.0 	0.0 	64.75 	19.0 	0.0 	0.0 	0.0 	-0.0 	19.0 	0.0 	0.0 	0.0 	0.0	0.557096774194	140.0	-17.4193548387	
0.266666666667	0.0	0.0	0.0 	0.0 	65.0666666667 	19.0 	0.0 	0.0 	0.0 	-0.0 	19.0 	0.0 	0.0 	0.0 	0.0	0.557096774194	140.0	-17.4193548387	
0.283333333333	0.0	0.0	0.0 	0.0 	65.3833333333 	19.0 	0.0 	0.0 	0.0 	-0.0 	19.0 	0.0 	0.0 	0.0 	0.0	0.557096774194	140.0	-17.4193548387	
0.3	0.0	0.0	0.0 	0.0 	65.7 	19.0 	0.0 	0.0 	0.0 	-0.0 	19.0 	0.0 	0.0 	0.0 	0.0	0.557096774194	140.0	-17.4193548387	
0.316666666667	0.0	0.0	0.0 	0.0 	66.0166666667 	19.0 	0.0 	0.0 	0.0 	-0.0 	19.0 	0.0 	0.0 	0.0 	0.0	0.557096774194	140.0	-17.4193548387	
0.333333333333	0.0	0.0	0.0 	0.0 	66.3333333333 	19.0 	0.0 	0.0 	0.0 	-0.0 	19.0 	0.0 	0.0 	0.0 	0.0	0.557096774194	140.0	-17.4193548387	
0.35	0.0	0.0	0.0 	0.0 	66.65 	19.0 	0.0 	0.0 	0.0 	-0.0 	19.0 	0.0 	0.0 	0.0 	0.0	0.557096774194	140.0	-17.4193548387	
0.366666666667	0.0	0.0	0.0 	0.0 	66.9666666667 	19.0 	0.0 	0.0 	0.0 	-0.0 	19.0 	0.0 	0.0 	0.0 	0.0	0.557096774194	140.0	-17.4193548387	
0.383333333333	0.0	0.0	0.0 	0.0 	67.2833333333 	19.0 	0.0 	0.0 	0.0 	-0.0 	19.0 	0.0 	0.0 	0.0 	0.0	0.557096774194	140.0	-17.4193548387	
0.4	0.0	0.0	0.0 	0.0 	67.6 	19.0 	0.0 	0.0 	0.0 	-0.0 	19.0 	0.0 	0.0 	0.0 	0.0	0.557096774194	140.0	-17.4193548387	
0.416666666667	0.0	0.0	0.0 	0.0 	67.9166666667 	19.0 	0.0 	0.0 	0.0 	-0.0 	19.0 	0.0 	0.0 	0.0 	0.0	0.557096774194	140.0	-17.4193548387	
0.433333333333	0.0	0.0	0.0 	0.0 	68.2333333333 	19.0 	0.0 	0.0 	0.0 	-0.0 	19.0 	0.0 	0.0 	0.0 	0.0	0.557096774194	140.0	-17.4193548387	
0.45	0.0	0.0	0.0 	0.0 	68.55 	19.0 	0.0 	0.0 	0.0 	-0.0 	19.0 	0.0 	0.0 	0.0 	0.0	0.557096774194	140.0	-17.4193548387	
0.466666666667	0.0	0.0	0.0 	0.0 	68.8666666667 	19.0 	0.0 	0.0 	0.0 	-0.0 	19.0 	0.0 	0.0 	0.0 	0.0	0.557096774194	140.0	-17.4193548387	
0.483333333333	0.0	0.0	0.0 	0.0 	69.1833333333 	19.0 	0.0 	0.0 	0.0 	-0.0 	19.0 	0.0 	0.0 	0.0 	0.0	0.557096774194	140.0	-17.4193548387	
0.5	0.0	0.0	0.0 	0.0 	69.5 	19.0 	0.0 	0.0 	0.0 	-0.0 	19.0 	0.0 	0.0 	0.0 	0.0	0.557096774194	140.0	-17.4193548387	
0.516666666667	0.0	0.0	0.0 	0.0 	69.8166666667 	19.0 	0.0 	0.0 	0.0 	-0.0 	19.0 	0.0 	0.0 	0.0 	0.0	0.557096774194	140.0	-17.4193548387	
0.533333333333	0.0	0.0	0.0 	0.0 	70.1333333333 	19.0 	0.0 	0.0 	0.0 	-0.0 	19.0 	0.0 	0.0 	0.0 	0.0	0.557096774194	140.0	-17.4193548387	
0.55	0.0	0.0	0.0 	0.0 	70.45 	19.0 	0.0 	0.0 	0.0 	-0.0 	19.0 	0.0 	0.0 	0.0 	0.0	0.557096774194	140.0	-17.4193548387	
0.566666666667	0.0	0.0	0.0 	0.0 	70.7666666667 	19.0 	0.0 	0.0 	0.0 	-0.0 	19.0 	0.0 	0.0 	0.0 	0.0	0.557096774194	140.0	-17.4193548387	
0.583333333333	0.0	0.0	0.0 	0.0 	71.0833333333 	19.0 	0.0 	0.0 	0.0 	-0.0 	19.0 	0.0 	0.0 	0.0 	0.0	0.557096774194	140.0	-17.4193548387	
0.6	0.0	0.0	0.0 	0.0 	71.4 	19.0 	0.0 	0.0 	0.0 	-0.0 	19.0 	0.0 	0.0 	0.0 	0.0	0.557096774194	140.0	-17.4193548387	
0.616666666667	0.0	0.0	0.0 	0.0 	71.7166666667 	19.0 	0.0 	0.0 	0.0 	-0.0 	19.0 	0.0 	0.0 	0.0 	0.0	0.557096774194	140.0	-17.4193548387	
0.633333333333	0.0	0.0	0.0 	0.0 	72.0333333333 	19.0 	0.0 	0.0 	0.0 	-0.0 	19.0 	0.0 	0.0 	0.0 	0.0	0.557096774194	140.0	-17.4193548387	
0.65	0.0	0.0	0.0 	0.0 	72.35 	19.0 	0.0 	0.0 	0.0 	-0.0 	19.0 	0.0 	0.0 	0.0 	0.0	0.557096774194	140.0	-17.4193548387	
0.666666666667	0.0	0.0	0.0 	0.0 	72.6666666667 	19.0 	0.0 	0.0 	0.0 	-0.0 	19.0 	0.0 	0.0 	0.0 	0.0	0.557096774194	140.0	-17.4193548387	
0.683333333333	0.0	0.0	0.0 	0.0 	72.9833333333 	19.0 	0.0 	0.0 	0.0 	-0.0 	19.0 	0.0 	0.0 	0.0 	0.0	0.557096774194	140.0	-17.4193548387	
0.7	0.0	0.0	0.0 	0.0 	73.3 	19.0 	0.0 	0.0 	0.0 	-0.0 	19.0 	0.0 	0.0 	0.0 	0.0	0.557096774194	140.0	-17.4193548387	
0.716666666667	0.0	0.0	0.0 	0.0 	73.6166666667 	19.0 	0.0 	0.0 	0.0 	-0.0 	19.0 	0.0 	0.0 	0.0 	0.0	0.557096774194	140.0	-17.4193548387	
0.733333333333	0.0	0.0	0.0 	0.0 	73.9333333333 	19.0 	0.0 	0.0 	0.0 	-0.0 	19.0 	0.0 	0.0 	0.0 	0.0	0.557096774194	140.0	-17.4193548387	
0.75	0.0	0.0	0.0 	0.0 	74.25 	19.0 	0.0 	0.0 	0.0 	-0.0 	19.0 	0.0 	0.0 	0.0 	0.0	0.557096774194	140.0	-17.4193548387	
0.766666666667	0.0	0.0	0.0 	0.0 	74.5666666667 	19.0 	0.0 	0.0 	0.0 	-0.0 	19.0 	0.0 	0.0 	0.0 	0.0	0.557096774194	140.0	-17.4193548387	
0.783333333333	0.0	0.0	0.0 	0.0 	74.8833333333 	19.0 	0.0 	0.0 	0.0 	-0.0 	19.0 	0.0 	0.0 	0.0 	0.0	0.557096774194	140.0	-17.4193548387	
0.8	0.0	0.0	0.0 	0.0 	75.2 	19.0 	0.0 	0.0 	0.0 	-0.0 	19.0 	0.0 	0.0 	0.0 	0.0	0.557096774194	140.0	-17.4193548387	
0.816666666667	0.0	0.0	0.0 	0.0 	75.5166666667 	19.0 	0.0 	0.0 	0.0 	-0.0 	19.0 	0.0 	0.0 	0.0 	0.0	0.557096774194	140.0	-17.4193548387	
0.833333333333	0.0	0.0	0.0 	0.0 	75.8333333333 	19.0 	0.0 	0.0 	0.0 	-0.0 	19.0 	0.0 	0.0 	0.0 	0.0	0.557096774194	140.0	-17.4193548387	
0.85	0.0	0.0	0.0 	0.0 	76.15 	19.0 	0.0 	0.0 	0.0 	-0.0 	19.0 	0.0 	0.0 	0.0 	0.0	0.557096774194	140.0	-17.4193548387	
0.866666666667	0.0	0.0	0.0 	0.0 	76.4666666667 	19.0 	0.0 	0.0 	0.0 	-0.0 	19.0 	0.0 	0.0 	0.0 	0.0	0.557096774194	140.0	-17.4193548387	
0.883333333333	0.0	0.0	0.0 	0.0 	76.7833333333 	19.0 	0.0 	0.0 	0.0 	-0.0 	19.0 	0.0 	0.0 	0.0 	0.0	0.557096774194	140.0	-17.4193548387	
0.9	0.0	0.0	0.0 	0.0 	77.1 	19.0 	0.0 	0.0 	0.0 	-0.0 	19.0 	0.0 	0.0 	0.0 	0.0	0.557096774194	140.0	-17.4193548387	
0.916666666667	0.0	0.0	0.0 	0.0 	77.4166666667 	19.0 	0.0 	0.0 	0.0 	-0.0 	19.0 	0.0 	0.0 	0.0 	0.0	0.557096774194	140.0	-17.4193548387	
0.933333333333	0.0	0.0	0.0 	0.0 	77.7333333333 	19.0 	0.0 	0.0 	0.0 	-0.0 	19.0 	0.0 	0.0 	0.0 	0.0	0.557096774194	140.0	-17.4193548387	
0.95	0.0	0.0	0.0 	0.0 	78.05 	19.0 	0.0 	0.0 	0.0 	-0.0 	19.0 	0.0 	0.0 	0.0 	0.0	0.557096774194	140.0	-17.4193548387	
0.966666666667	0.0	0.0	0.0 	0.0 	78.3666666667 	19.0 	0.0 	0.0 	0.0 	-0.0 	19.0 	0.0 	0.0 	0.0 	0.0	0.557096774194	140.0	-17.4193548387	
0.983333333333	0.0	0.0	0.0 	0.0 	78.6833333333 	19.0 	0.0 	0.0 	0.0 	-0.0 	19.0 	0.0 	0.0 	0.0 	0.0	0.557096774194	140.0	-17.4193548387	
1.0	0.0	0.0	0.0 	0.0 	79.0 	19.0 	0.0 	0.0 	0.0 	-0.0 	19.0 	0.0 	0.0 	0.0 	0.0	0.557096774194	140.0	-17.4193548387	
1.01666666667	0.0	0.0	0.0 	0.0 	79.3166666667 	19.0 	0.0 	0.0 	0.0 	-0.0 	19.0 	0.0 	0.0 	0.0 	0.0	0.557096774194	140.0	-17.4193548387	
1.03333333333	0.0	0.0	0.0 	0.0 	79.6333333333 	19.0 	0.0 	0.0 	0.0 	-0.0 	19.0 	0.0 	0.0 	0.0 	0.0	0.557096774194	140.0	-17.4193548387	
1.05	0.0	0.0	0.0 	0.0 	79.95 	19.0 	0.0 	0.0 	0.0 	-0.0 	19.0 	0.0 	0.0 	0.0 	0.0	0.557096774194	140.0	-17.4193548387	
1.06666666667	0.0	0.0	0.0 	0.0 	80.2666666667 	19.0 	0.0 	0.0 	0.0 	-0.0 	19.0 	0.0 	0.0 	0.0 	0.0748397435897	0.904286939801	140.000980381	-17.4185836823	
1.08333333333	0.0	0.0	0.0 	0.0 	80.5833333333 	19.0 	0.0 	0.0 	0.0 	-0.0 	19.0 	0.0 	0.0 	0.0 	0.149307687171	1.19361207781	140.003293917	-17.4176671717	
1.1	0.0	0.0	0.0 	0.0 	80.9 	19.0 	0.0 	0.0 	0.0 	-0.0 	19.0 	0.0 	0.0 	0.0 	0.223405677828	1.43471635948	140.006982924	-17.4171620501	
1.11666666667	0.0	0.0	0.0 	0.0 	81.2166666667 	19.0 	0.0 	0.0 	0.0 	-0.0 	19.0 	0.0 	0.0 	0.0 	0.297135553467	1.63563659421	140.011924776	-17.4174829309	
1.13333333333	0.0	0.0	0.0 	0.0 	81.5333333333 	19.0 	0.0 	0.0 	0.0 	-0.0 	19.0 	0.0 	0.0 	0.0 	0.370499142865	1.79481888457	140.01794546	-17.4188547253	
1.15	0.0	0.0	0.0 	0.0 	81.85 	19.0 	0.0 	0.0 	0.0 	-0.0 	19.0 	0.0 	0.0 	0.0 	0.443498265713	1.92248103672	140.024884683	-17.4214009959	
1.16666666667	0.0	0.0	0.0 	0.0 	82.1666666667 	19.0 	0.0 	0.0 	0.0 	-0.0 	19.0 	0.0 	0.0 	0.0 	0.516134732662	2.02913019773	140.032599098	-17.4252070986	
1.18333333333	0.0	0.0	0.0 	0.0 	82.4833333333 	19.0 	0.0 	0.0 	0.0 	-0.0 	19.0 	0.0 	0.0 	0.0 	0.588410345368	2.12077045163	140.040959802	-17.4303327918	
1.2	0.0	0.0	0.0 	0.0 	82.8 	19.0 	0.0 	0.0 	0.0 	-0.0 	19.0 	0.0 	0.0 	0.0 	0.660326896537	2.20115435093	140.049850185	-17.4368197773	
1.21666666667	0.0	0.0	0.0 	0.0 	83.1166666667 	19.0 	0.0 	0.0 	0.0 	-0.0 	19.0 	0.0 	0.0 	0.0 	0.731886169968	2.27278359729	140.059164174	-17.4446965359	
1.23333333333	0.0	0.0	0.0 	0.0 	83.4333333333 	19.0 	0.0 	0.0 	0.0 	-0.0 	19.0 	0.0 	0.0 	0.0 	0.803089940598	2.33402595905	140.068836151	-17.453948919	
1.25	0.0	0.0	0.0 	0.0 	83.75 	19.0 	0.0 	0.0 	0.0 	-0.0 	19.0 	0.0 	0.0 	0.0 	0.873939974547	2.38506126051	140.07883407	-17.464541381	
1.26666666667	0.0	0.0	0.0 	0.0 	84.0666666667 	19.0 	0.0 	0.0 	0.0 	-0.0 	19.0 	0.0 	0.0 	0.0 	0.94443802916	2.4275906784	140.089142036	-17.4764373207	
1.28333333333	0.0	0.0	0.0 	0.0 	84.3833333333 	19.0 	0.0 	0.0 	0.0 	-0.0 	19.0 	0.0 	0.0 	0.0 	1.01458585305	2.46303185997	140.099755843	-17.4896011811	
1.3	0.0	0.0	0.0 	0.0 	84.7 	19.0 	0.0 	0.0 	0.0 	-0.0 	19.0 	0.0 	0.0 	0.0 	1.08438518616	2.49256617795	140.110679418	-17.5039995136	
1.31666666667	0.0	0.0	0.0 	0.0 	85.0166666667 	19.0 	0.0 	0.0 	0.0 	-0.0 	19.0 	0.0 	0.0 	0.0 	1.15383775975	2.5171781096	140.121922074	-17.5196014295	
1.33333333333	0.0	0.0	0.0 	0.0 	85.3333333333 	19.0 	0.0 	0.0 	0.0 	-0.0 	19.0 	0.0 	0.0 	0.0 	1.22294529652	2.53768805264	140.133496452	-17.5363787027	
1.35	0.0	0.0	0.0 	0.0 	85.65 	19.0 	0.0 	0.0 	0.0 	-0.0 	19.0 	0.0 	0.0 	0.0 	1.29170951059	2.55477967184	140.145416992	-17.5543056843	
1.36666666667	0.0	0.0	0.0 	0.0 	85.9666666667 	19.0 	0.0 	0.0 	0.0 	-0.0 	19.0 	0.0 	0.0 	0.0 	1.36013210758	2.56902268784	140.157698848	-17.5733591257	
1.38333333333	0.0	0.0	0.0 	0.0 	86.2833333333 	19.0 	0.0 	0.0 	0.0 	-0.0 	19.0 	0.0 	0.0 	0.0 	1.4282147846	2.58089186784	140.170357111	-17.5935179646	
1.4	0.0	0.0	0.0 	0.0 	86.6 	19.0 	0.0 	0.0 	0.0 	-0.0 	19.0 	0.0 	0.0 	0.0 	1.49595923039	2.59078285117	140.183406299	-17.6147631031	
1.41666666667	0.0	0.0	0.0 	0.0 	86.9166666667 	19.0 	0.0 	0.0 	0.0 	-0.0 	19.0 	0.0 	0.0 	0.0 	1.56336712524	2.59902533728	140.196860019	-17.6370771959	
1.43333333333	0.0	0.0	0.0 	0.0 	87.2333333333 	19.0 	0.0 	0.0 	0.0 	-0.0 	19.0 	0.0 	0.0 	0.0 	1.63044014112	2.60589407571	140.210730768	-17.6604444536	
1.45	0.0	0.0	0.0 	0.0 	87.55 	19.0 	0.0 	0.0 	0.0 	-0.0 	19.0 	0.0 	0.0 	0.0 	1.6971799417	2.6116180244	140.225029833	-17.6848504639	
1.46666666667	0.0	0.0	0.0 	0.0 	87.8666666667 	19.0 	0.0 	0.0 	0.0 	-0.0 	19.0 	0.0 	0.0 	0.0 	1.76358818237	2.61638798164	140.239767261	-17.7102820328	
1.48333333333	0.0	0.0	0.0 	0.0 	88.1833333333 	19.0 	0.0 	0.0 	0.0 	-0.0 	19.0 	0.0 	0.0 	0.0 	1.82966651031	2.620362946	140.254951874	-17.7367270416	
1.5	0.0	0.0	0.0 	0.0 	88.5 	19.0 	0.0 	0.0 	0.0 	-0.0 	19.0 	0.0 	0.0 	0.0 	1.89541656451	2.62367541631	140.270591323	-17.7641743219	
1.51666666667	0.0	0.0	0.0 	0.0 	88.8166666667 	19.0 	0.0 	0.0 	0.0 	-0.0 	19.0 	0.0 	0.0 	0.0 	1.96083997581	2.62643580823	140.28669215	-17.7926135429	
1.53333333333	0.0	0.0	0.0 	0.0 	89.1333333333 	19.0 	0.0 	0.0 	0.0 	-0.0 	19.0 	0.0 	0.0 	0.0 	2.02593836695	2.62873613483	140.303259878	-17.8220351133	
1.55	0.0	0.0	0.0 	0.0 	89.45 	19.0 	0.0 	0.0 	0.0 	-0.0 	19.0 	0.0 	0.0 	0.0 	2.09071335263	2.63065307367	140.320299089	-17.8524300936	
1.56666666667	0.0	0.0	0.0 	0.0 	89.7666666667 	19.0 	0.0 	0.0 	0.0 	-0.0 	19.0 	0.0 	0.0 	0.0 	2.1551665395	2.6322505227	140.337813516	-17.8837901186	
1.58333333333	0.0	0.0	0.0 	0.0 	90.0833333333 	19.0 	0.0 	0.0 	0.0 	-0.0 	19.0 	0.0 	0.0 	0.0 	2.21929952624	2.63358173022	140.35580613	-17.9161073291	
1.6	0.0	0.0	0.0 	0.0 	90.4 	19.0 	0.0 	0.0 	0.0 	-0.0 	19.0 	0.0 	0.0 	0.0 	2.2831139036	2.63469106982	140.374279214	-17.9493743113	
1.61666666667	0.0	0.0	0.0 	0.0 	90.7166666667 	19.0 	0.0 	0.0 	0.0 	-0.0 	19.0 	0.0 	0.0 	0.0 	2.3466112544	2.63561551949	140.393234451	-17.9835840437	
1.63333333333	0.0	0.0	0.0 	0.0 	91.0333333333 	19.0 	0.0 	0.0 	0.0 	-0.0 	19.0 	0.0 	0.0 	0.0 	2.40979315361	2.63638589422	140.412672982	-18.0187298496	
1.65	0.0	0.0	0.0 	0.0 	91.35 	19.0 	0.0 	0.0 	0.0 	-0.0 	19.0 	0.0 	0.0 	0.0 	2.4726611684	2.63702787315	140.432595481	-18.054805356	
1.66666666667	0.0	0.0	0.0 	0.0 	91.6666666667 	19.0 	0.0 	0.0 	0.0 	-0.0 	19.0 	0.0 	0.0 	0.0 	2.5352168581	2.6375628556	140.453002207	-18.0918044568	
1.68333333333	0.0	0.0	0.0 	0.0 	91.9833333333 	19.0 	0.0 	0.0 	0.0 	-0.0 	19.0 	0.0 	0.0 	0.0 	2.59746177435	2.63800867431	140.473893059	-18.1297212807	
1.7	0.0	0.0	0.0 	0.0 	92.3 	19.0 	0.0 	0.0 	0.0 	-0.0 	19.0 	0.0 	0.0 	0.0 	2.65939746105	2.6383801899	140.495267623	-18.1685501635	
1.71666666667	0.0	0.0	0.0 	0.0 	92.6166666667 	19.0 	0.0 	0.0 	0.0 	-0.0 	19.0 	0.0 	0.0 	0.0 	2.72102545443	2.63868978622	140.517125214	-18.2082856228	
1.73333333333	0.0	0.0	0.0 	0.0 	92.9333333333 	19.0 	0.0 	0.0 	0.0 	-0.0 	19.0 	0.0 	0.0 	0.0 	2.78234728311	2.63894778316	140.53946491	-18.248922337	
1.75	0.0	0.0	0.0 	0.0 	93.25 	19.0 	0.0 	0.0 	0.0 	-0.0 	19.0 	0.0 	0.0 	0.0 	2.84336446808	2.6391627806	140.562285589	-18.2904551262	
1.76666666667	0.0	0.0	0.0 	0.0 	93.5666666667 	19.0 	0.0 	0.0 	0.0 	-0.0 	19.0 	0.0 	0.0 	0.0 	2.9040785228	2.63934194514	140.585585955	-18.3328789359	
1.78333333333	0.0	0.0	0.0 	0.0 	93.8833333333 	19.0 	0.0 	0.0 	0.0 	-0.0 	19.0 	0.0 	0.0 	0.0 	2.96449095322	2.63949124893	140.609364563	-18.3761888225	
1.8	0.0	0.0	0.0 	0.0 	94.2 	19.0 	0.0 	0.0 	0.0 	-0.0 	19.0 	0.0 	0.0 	0.0 	3.02460325778	2.63961566874	140.633619843	-18.4203799411	
1.81666666667	0.0	0.0	0.0 	0.0 	94.5166666667 	19.0 	0.0 	0.0 	0.0 	-0.0 	19.0 	0.0 	0.0 	0.0 	3.08441692749	2.63971935193	140.658350116	-18.4654475348	
1.83333333333	0.0	0.0	0.0 	0.0 	94.8333333333 	19.0 	0.0 	0.0 	0.0 	-0.0 	19.0 	0.0 	0.0 	0.0 	3.14393344596	2.63980575458	140.683553611	-18.5113869249	
1.85	0.0	0.0	0.0 	0.0 	95.15 	19.0 	0.0 	0.0 	0.0 	-0.0 	19.0 	0.0 	0.0 	0.0 	3.20315428942	2.63987775679	140.709228484	-18.5581935031	
1.86666666667	0.0	0.0	0.0 	0.0 	95.4666666667 	19.0 	0.0 	0.0 	0.0 	-0.0 	19.0 	0.0 	0.0 	0.0 	3.26208092676	2.63993775863	140.735372822	-18.6058627245	
1.88333333333	0.0	0.0	0.0 	0.0 	95.7833333333 	19.0 	0.0 	0.0 	0.0 	-0.0 	19.0 	0.0 	0.0 	0.0 	3.32071481959	2.63998776017	140.761984663	-18.6543901015	
1.9	0.0	0.0	0.0 	0.0 	96.1 	19.0 	0.0 	0.0 	0.0 	-0.0 	19.0 	0.0 	0.0 	0.0 	3.37905742225	2.64002942811	140.789061997	-18.7037711984	
1.91666666667	0.0	0.0	0.0 	0.0 	96.4166666667 	19.0 	0.0 	0.0 	0.0 	-0.0 	19.0 	0.0 	0.0 	0.0 	3.43711018185	2.6400641514	140.816602779	-18.7540016269	
1.93333333333	0.0	0.0	0.0 	0.0 	96.7333333333 	19.0 	0.0 	0.0 	0.0 	-0.0 	19.0 	0.0 	0.0 	0.0 	3.49487453832	2.64009308747	140.844604937	-18.8050770424	
1.95	0.0	0.0	0.0 	0.0 	97.05 	19.0 	0.0 	0.0 	0.0 	-0.0 	19.0 	0.0 	0.0 	0.0 	3.55235192443	2.64011720087	140.873066371	-18.8569931405	
1.96666666667	0.0	0.0	0.0 	0.0 	97.3666666667 	19.0 	0.0 	0.0 	0.0 	-0.0 	19.0 	0.0 	0.0 	0.0 	3.60954376583	2.64013729536	140.901984967	-18.9097456539	
1.98333333333	0.0	0.0	0.0 	0.0 	97.6833333333 	19.0 	0.0 	0.0 	0.0 	-0.0 	19.0 	0.0 	0.0 	0.0 	3.6664514811	2.64015404077	140.931358593	-18.9633303501	
2.0	0.0	0.0	0.0 	0.0 	98.0 	19.0 	0.0 	0.0 	0.0 	-0.0 	19.0 	0.0 	0.0 	0.0 	3.72307648175	2.64016799529	140.961185108	-19.0177430294	
2.01666666667	0.0	0.0	0.0 	0.0 	98.3166666667 	19.0 	0.0 	0.0 	0.0 	-0.0 	19.0 	0.0 	0.0 	0.0 	3.77942017231	2.64017962404	140.991462365	-19.0729795225	
2.03333333333	0.0	0.0	0.0 	0.0 	98.6333333333 	19.0 	0.0 	0.0 	0.0 	-0.0 	19.0 	0.0 	0.0 	0.0 	3.8354839503	2.64018931468	141.022188211	-19.1290356895	
2.05	0.0	0.0	0.0 	0.0 	98.95 	19.0 	0.0 	0.0 	0.0 	-0.0 	19.0 	0.0 	0.0 	0.0 	3.89126920631	2.6401973902	141.053360489	-19.185907418	
2.06666666667	0.0	0.0	0.0 	0.0 	99.2666666667 	19.0 	0.0 	0.0 	0.0 	-0.0 	19.0 	0.0 	0.0 	0.0 	3.94677732404	2.64020411981	141.084977045	-19.2435906222	
2.08333333333	0.0	0.0	0.0 	0.0 	99.5833333333 	19.0 	0.0 	0.0 	0.0 	-0.0 	19.0 	0.0 	0.0 	0.0 	4.00200968028	2.64020972781	141.117035725	-19.3020812418	
2.1	0.0	0.0	0.0 	0.0 	99.9 	19.0 	0.0 	0.0 	0.0 	-0.0 	19.0 	0.0 	0.0 	0.0 	4.05696764501	2.64021440115	141.149534376	-19.3613752411	
2.11666666667	0.0	0.0	0.0 	0.0 	100.216666667 	19.0 	0.0 	0.0 	0.0 	-0.0 	19.0 	0.0 	0.0 	0.0 	4.11165258139	2.6402182956	141.182470851	-19.4214686082	
2.13333333333	0.0	0.0	0.0 	0.0 	100.533333333 	19.0 	0.0 	0.0 	0.0 	-0.0 	19.0 	0.0 	0.0 	0.0 	4.16606584581	2.64022154097	141.215843007	-19.482357354	
2.15	0.0	0.0	0.0 	0.0 	100.85 	19.0 	0.0 	0.0 	0.0 	-0.0 	19.0 	0.0 	0.0 	0.0 	4.22020878792	2.64022424545	141.249648707	-19.5440375125	
2.16666666667	0.0	0.0	0.0 	0.0 	101.166666667 	19.0 	0.0 	0.0 	0.0 	-0.0 	19.0 	0.0 	0.0 	0.0 	4.27408275067	2.64022649918	141.28388582	-19.6065051391	
2.18333333333	0.0	0.0	0.0 	0.0 	101.483333333 	19.0 	0.0 	0.0 	0.0 	-0.0 	19.0 	0.0 	0.0 	0.0 	4.32768907034	2.64022837729	141.318552222	-19.6697563111	
2.2	0.0	0.0	0.0 	0.0 	101.8 	19.0 	0.0 	0.0 	0.0 	-0.0 	19.0 	0.0 	0.0 	0.0 	4.38102907656	2.64022994238	141.353645797	-19.7337871269	
2.21666666667	0.0	0.0	0.0 	0.0 	102.116666667 	19.0 	0.0 	0.0 	0.0 	-0.0 	19.0 	0.0 	0.0 	0.0 	4.43410409237	2.64023124663	141.389164437	-19.7985937054	
2.23333333333	0.0	0.0	0.0 	0.0 	102.433333333 	19.0 	0.0 	0.0 	0.0 	-0.0 	19.0 	0.0 	0.0 	0.0 	4.48691543422	2.64023233349	141.425106042	-19.8641721864	
2.25	0.0	0.0	0.0 	0.0 	102.75 	19.0 	0.0 	0.0 	0.0 	-0.0 	19.0 	0.0 	0.0 	0.0 	4.53946441203	2.64023323922	141.461468521	-19.9305187295	
2.26666666667	0.0	0.0	0.0 	0.0 	103.066666667 	19.0 	0.0 	0.0 	0.0 	-0.0 	19.0 	0.0 	0.0 	0.0 	4.59175232921	2.64023399399	141.498249791	-19.9976295145	
2.28333333333	0.0	0.0	0.0 	0.0 	103.383333333 	19.0 	0.0 	0.0 	0.0 	-0.0 	19.0 	0.0 	0.0 	0.0 	4.6437804827	2.64023462296	141.535447779	-20.0655007406	
2.3	0.0	0.0	0.0 	0.0 	103.7 	19.0 	0.0 	0.0 	0.0 	-0.0 	19.0 	0.0 	0.0 	0.0 	4.695550163	2.64023514711	141.573060421	-20.1341286268	
2.31666666667	0.0	0.0	0.0 	0.0 	104.016666667 	19.0 	0.0 	0.0 	0.0 	-0.0 	19.0 	0.0 	0.0 	0.0 	4.74706265418	2.6402355839	141.611085662	-20.2035094112	
2.33333333333	0.0	0.0	0.0 	0.0 	104.333333333 	19.0 	0.0 	0.0 	0.0 	-0.0 	19.0 	0.0 	0.0 	0.0 	4.79831923394	2.64023594789	141.649521456	-20.2736393512	
2.35	0.0	0.0	0.0 	0.0 	104.65 	19.0 	0.0 	0.0 	0.0 	-0.0 	19.0 	0.0 	0.0 	0.0 	4.84932117364	2.64023625121	141.688365768	-20.3445147228	
2.36666666667	0.0	0.0	0.0 	0.0 	104.966666667 	19.0 	0.0 	0.0 	0.0 	-0.0 	19.0 	0.0 	0.0 	0.0 	4.90006973832	2.64023650398	141.72761657	-20.4161318213	
2.38333333333	0.0	0.0	0.0 	0.0 	105.283333333 	19.0 	0.0 	0.0 	0.0 	-0.0 	19.0 	0.0 	0.0 	0.0 	4.95056618674	2.64023671463	141.767271847	-20.4884869603	
2.4	0.0	0.0	0.0 	0.0 	105.6 	19.0 	0.0 	0.0 	0.0 	-0.0 	19.0 	0.0 	0.0 	0.0 	5.00081177139	2.64023689016	141.80732959	-20.5615764721	
2.41666666667	0.0	0.0	0.0 	0.0 	105.916666667 	19.0 	0.0 	0.0 	0.0 	-0.0 	19.0 	0.0 	0.0 	0.0 	5.05080773855	2.64023703644	141.847787803	-20.6353967074	
2.43333333333	0.0	0.0	0.0 	0.0 	106.233333333 	19.0 	0.0 	0.0 	0.0 	-0.0 	19.0 	0.0 	0.0 	0.0 	5.10055532831	2.64023715834	141.888644497	-20.709944035	
2.45	0.0	0.0	0.0 	0.0 	106.55 	19.0 	0.0 	0.0 	0.0 	-0.0 	19.0 	0.0 	0.0 	0.0 	5.1500557746	2.64023725992	141.929897694	-20.7852148422	
2.46666666667	0.0	0.0	0.0 	0.0 	106.866666667 	19.0 	0.0 	0.0 	0.0 	-0.0 	19.0 	0.0 	0.0 	0.0 	5.1993103052	2.64023734458	141.971545426	-20.8612055341	
2.48333333333	0.0	0.0	0.0 	0.0 	107.183333333 	19.0 	0.0 	0.0 	0.0 	-0.0 	19.0 	0.0 	0.0 	0.0 	5.24832014183	2.64023741512	142.013585732	-20.9379125338	
2.5	0.0	0.0	0.0 	0.0 	107.5 	19.0 	0.0 	0.0 	0.0 	-0.0 	19.0 	0.0 	0.0 	0.0 	5.2970865001	2.64023747391	142.056016665	-21.0153322824	
2.51666666667	0.0	0.0	0.0 	0.0 	107.816666667 	19.0 	0.0 	0.0 	0.0 	-0.0 	19.0 	0.0 	0.0 	0.0 	5.3456105896	2.6402375229	142.098836283	-21.0934612386	
2.53333333333	0.0	0.0	0.0 	0.0 	108.133333333 	19.0 	0.0 	0.0 	0.0 	-0.0 	19.0 	0.0 	0.0 	0.0 	5.39389361392	2.64023756372	142.142042657	-21.1722958788	
2.55	0.0	0.0	0.0 	0.0 	108.45 	19.0 	0.0 	0.0 	0.0 	-0.0 	19.0 	0.0 	0.0 	0.0 	5.44193677064	2.64023759774	142.185633864	-21.2518326968	
2.56666666667	0.0	0.0	0.0 	0.0 	108.766666667 	19.0 	0.0 	0.0 	0.0 	-0.0 	19.0 	0.0 	0.0 	0.0 	5.48974125143	2.64023762609	142.229607995	-21.3320682042	
2.58333333333	0.0	0.0	0.0 	0.0 	109.083333333 	19.0 	0.0 	0.0 	0.0 	-0.0 	19.0 	0.0 	0.0 	0.0 	5.53730824201	2.64023764971	142.273963147	-21.4129989297	
2.6	0.0	0.0	0.0 	0.0 	109.4 	19.0 	0.0 	0.0 	0.0 	-0.0 	19.0 	0.0 	0.0 	0.0 	5.58463892221	2.6402376694	142.318697428	-21.4946214193	
2.61666666667	0.0	0.0	0.0 	0.0 	109.716666667 	19.0 	0.0 	0.0 	0.0 	-0.0 	19.0 	0.0 	0.0 	0.0 	5.63173446603	2.64023768581	142.363808953	-21.5769322362	
2.63333333333	0.0	0.0	0.0 	0.0 	110.033333333 	19.0 	0.0 	0.0 	0.0 	-0.0 	19.0 	0.0 	0.0 	0.0 	5.6785960416	2.64023769948	142.409295849	-21.6599279608	
2.65	0.0	0.0	0.0 	0.0 	110.35 	19.0 	0.0 	0.0 	0.0 	-0.0 	19.0 	0.0 	0.0 	0.0 	5.72522481126	2.64023771087	142.455156253	-21.7436051903	
2.66666666667	0.0	0.0	0.0 	0.0 	110.666666667 	19.0 	0.0 	0.0 	0.0 	-0.0 	19.0 	0.0 	0.0 	0.0 	5.77162193159	2.64023772037	142.501388307	-21.8279605391	
2.68333333333	0.0	0.0	0.0 	0.0 	110.983333333 	19.0 	0.0 	0.0 	0.0 	-0.0 	19.0 	0.0 	0.0 	0.0 	5.81778855341	2.64023772828	142.547990166	-21.9129906382	
2.7	0.0	0.0	0.0 	0.0 	111.3 	19.0 	0.0 	0.0 	0.0 	-0.0 	19.0 	0.0 	0.0 	0.0 	5.86372582181	2.64023773487	142.594959993	-21.9986921354	
2.71666666667	0.0	0.0	0.0 	0.0 	111.616666667 	19.0 	0.0 	0.0 	0.0 	-0.0 	19.0 	0.0 	0.0 	0.0 	5.90943487622	2.64023774037	142.642295959	-22.0850616952	
2.73333333333	0.0	0.0	0.0 	0.0 	111.933333333 	19.0 	0.0 	0.0 	0.0 	-0.0 	19.0 	0.0 	0.0 	0.0 	5.9549168504	2.64023774495	142.689996247	-22.1720959987	
2.75	0.0	0.0	0.0 	0.0 	112.25 	19.0 	0.0 	0.0 	0.0 	-0.0 	19.0 	0.0 	0.0 	0.0 	6.00017287245	2.64023774876	142.738059045	-22.2597917434	
2.76666666667	0.0	0.0	0.0 	0.0 	112.566666667 	19.0 	0.0 	0.0 	0.0 	-0.0 	19.0 	0.0 	0.0 	0.0 	6.04520406491	2.64023775194	142.786482554	-22.3481456432	
2.78333333333	0.0	0.0	0.0 	0.0 	112.883333333 	19.0 	0.0 	0.0 	0.0 	-0.0 	19.0 	0.0 	0.0 	0.0 	6.09001154472	2.64023775459	142.835264981	-22.4371544286	
2.8	0.0	0.0	0.0 	0.0 	113.2 	19.0 	0.0 	0.0 	0.0 	-0.0 	19.0 	0.0 	0.0 	0.0 	6.13459642326	2.6402377568	142.884404544	-22.5268148459	
2.81666666667	0.0	0.0	0.0 	0.0 	113.516666667 	19.0 	0.0 	0.0 	0.0 	-0.0 	19.0 	0.0 	0.0 	0.0 	6.17895980642	2.64023775864	142.933899467	-22.617123658	
2.83333333333	0.0	0.0	0.0 	0.0 	113.833333333 	19.0 	0.0 	0.0 	0.0 	-0.0 	19.0 	0.0 	0.0 	0.0 	6.22310279456	2.64023776017	142.983747986	-22.7080776437	
2.85	0.0	0.0	0.0 	0.0 	114.15 	19.0 	0.0 	0.0 	0.0 	-0.0 	19.0 	0.0 	0.0 	0.0 	6.2670264826	2.64023776145	143.033948343	-22.7996735976	
2.86666666667	0.0	0.0	0.0 	0.0 	114.466666667 	19.0 	0.0 	0.0 	0.0 	-0.0 	19.0 	0.0 	0.0 	0.0 	6.31073196001	2.64023776251	143.084498792	-22.8919083306	
2.88333333333	0.0	0.0	0.0 	0.0 	114.783333333 	19.0 	0.0 	0.0 	0.0 	-0.0 	19.0 	0.0 	0.0 	0.0 	6.35422031085	2.6402377634	143.135397593	-22.9847786693	
2.9	0.0	0.0	0.0 	0.0 	115.1 	19.0 	0.0 	0.0 	0.0 	-0.0 	19.0 	0.0 	0.0 	0.0 	6.39749261379	2.64023776414	143.186643015	-23.0782814559	
2.91666666667	0.0	0.0	0.0 	0.0 	115.416666667 	19.0 	0.0 	0.0 	0.0 	-0.0 	19.0 	0.0 	0.0 	0.0 	6.44054994215	2.64023776476	143.238233336	-23.1724135484	
2.93333333333	0.0	0.0	0.0 	0.0 	115.733333333 	19.0 	0.0 	0.0 	0.0 	-0.0 	19.0 	0.0 	0.0 	0.0 	6.48339336391	2.64023776527	143.290166843	-23.2671718206	
2.95	0.0	0.0	0.0 	0.0 	116.05 	19.0 	0.0 	0.0 	0.0 	-0.0 	19.0 	0.0 	0.0 	0.0 	6.52602394175	2.6402377657	143.342441831	-23.3625531616	
2.96666666667	0.0	0.0	0.0 	0.0 	116.366666667 	19.0 	0.0 	0.0 	0.0 	-0.0 	19.0 	0.0 	0.0 	0.0 	6.56844273307	2.64023776606	143.395056604	-23.458554476	
2.98333333333	0.0	0.0	0.0 	0.0 	116.683333333 	19.0 	0.0 	0.0 	0.0 	-0.0 	19.0 	0.0 	0.0 	0.0 	6.61065079	2.64023776635	143.448009473	-23.5551726838	
3.0	0.0	0.0	0.0 	0.0 	117.0 	19.0 	0.0 	0.0 	0.0 	-0.0 	19.0 	0.0 	0.0 	0.0 	6.65264915948	2.6402377666	143.501298758	-23.6524047203	
3.01666666667	0.0	0.0	0.0 	0.0 	117.316666667 	19.0 	0.0 	0.0 	0.0 	-0.0 	19.0 	0.0 	0.0 	0.0 	6.6944388832	2.64023776681	143.55492279	-23.7502475361	
3.03333333333	0.0	0.0	0.0 	0.0 	117.633333333 	19.0 	0.0 	0.0 	0.0 	-0.0 	19.0 	0.0 	0.0 	0.0 	6.73602099773	2.64023776698	143.608879903	-23.8486980968	
3.05	0.0	0.0	0.0 	0.0 	117.95 	19.0 	0.0 	0.0 	0.0 	-0.0 	19.0 	0.0 	0.0 	0.0 	6.77739653444	2.64023776712	143.663168445	-23.9477533831	
3.06666666667	0.0	0.0	0.0 	0.0 	118.266666667 	19.0 	0.0 	0.0 	0.0 	-0.0 	19.0 	0.0 	0.0 	0.0 	6.8185665196	2.64023776724	143.717786768	-24.0474103909	
3.08333333333	0.0	0.0	0.0 	0.0 	118.583333333 	19.0 	0.0 	0.0 	0.0 	-0.0 	19.0 	0.0 	0.0 	0.0 	6.85953197439	2.64023776734	143.772733233	-24.1476661308	
3.1	0.0	0.0	0.0 	0.0 	118.9 	19.0 	0.0 	0.0 	0.0 	-0.0 	19.0 	0.0 	0.0 	0.0 	6.9002939149	2.64023776742	143.828006212	-24.2485176283	
3.11666666667	0.0	0.0	0.0 	0.0 	119.216666667 	19.0 	0.0 	0.0 	0.0 	-0.0 	19.0 	0.0 	0.0 	0.0 	6.94085335218	2.64023776749	143.883604081	-24.3499619238	
3.13333333333	0.0	0.0	0.0 	0.0 	119.533333333 	19.0 	0.0 	0.0 	0.0 	-0.0 	19.0 	0.0 	0.0 	0.0 	6.98121129226	2.64023776755	143.939525227	-24.4519960722	
3.15	0.0	0.0	0.0 	0.0 	119.85 	19.0 	0.0 	0.0 	0.0 	-0.0 	19.0 	0.0 	0.0 	0.0 	7.02136873616	2.6402377676	143.995768043	-24.5546171432	
3.16666666667	0.0	0.0	0.0 	0.0 	120.166666667 	19.0 	0.0 	0.0 	0.0 	-0.0 	19.0 	0.0 	0.0 	0.0 	7.06132667994	2.64023776764	144.052330932	-24.657822221	
3.18333333333	0.0	0.0	0.0 	0.0 	120.483333333 	19.0 	0.0 	0.0 	0.0 	-0.0 	19.0 	0.0 	0.0 	0.0 	7.1010861147	2.64023776767	144.109212303	-24.7616084043	
3.2	0.0	0.0	0.0 	0.0 	120.8 	19.0 	0.0 	0.0 	0.0 	-0.0 	19.0 	0.0 	0.0 	0.0 	7.14064802663	2.6402377677	144.166410574	-24.8659728061	
3.21666666667	0.0	0.0	0.0 	0.0 	121.116666667 	19.0 	0.0 	0.0 	0.0 	-0.0 	19.0 	0.0 	0.0 	0.0 	7.18001339701	2.64023776772	144.223924172	-24.9709125539	
3.23333333333	0.0	0.0	0.0 	0.0 	121.433333333 	19.0 	0.0 	0.0 	0.0 	-0.0 	19.0 	0.0 	0.0 	0.0 	7.21918320225	2.64023776774	144.281751528	-25.0764247895	
3.25	0.0	0.0	0.0 	0.0 	121.75 	19.0 	0.0 	0.0 	0.0 	-0.0 	19.0 	0.0 	0.0 	0.0 	7.25815841391	2.64023776776	144.339891085	-25.1825066687	
3.26666666667	0.0	0.0	0.0 	0.0 	122.066666667 	19.0 	0.0 	0.0 	0.0 	-0.0 	19.0 	0.0 	0.0 	0.0 	7.29693999871	2.64023776777	144.398341292	-25.2891553615	
3.28333333333	0.0	0.0	0.0 	0.0 	122.383333333 	19.0 	0.0 	0.0 	0.0 	-0.0 	19.0 	0.0 	0.0 	0.0 	7.33552891859	2.64023776778	144.457100606	-25.3963680522	
3.3	0.0	0.0	0.0 	0.0 	122.7 	19.0 	0.0 	0.0 	0.0 	-0.0 	19.0 	0.0 	0.0 	0.0 	7.37392613069	2.64023776779	144.516167489	-25.5041419386	
3.31666666667	0.0	0.0	0.0 	0.0 	123.016666667 	19.0 	0.0 	0.0 	0.0 	-0.0 	19.0 	0.0 	0.0 	0.0 	7.41213258742	2.6402377678	144.575540416	-25.612474233	
3.33333333333	0.0	0.0	0.0 	0.0 	123.333333333 	19.0 	0.0 	0.0 	0.0 	-0.0 	19.0 	0.0 	0.0 	0.0 	7.45014923642	2.64023776781	144.635217865	-25.7213621611	
3.35	0.0	0.0	0.0 	0.0 	123.65 	19.0 	0.0 	0.0 	0.0 	-0.0 	19.0 	0.0 	0.0 	0.0 	7.48797702066	2.64023776781	144.695198323	-25.8308029625	
3.36666666667	0.0	0.0	0.0 	0.0 	123.966666667 	19.0 	0.0 	0.0 	0.0 	-0.0 	19.0 	0.0 	0.0 	0.0 	7.52561687841	2.64023776782	144.755480286	-25.9407938906	
3.38333333333	0.0	0.0	0.0 	0.0 	124.283333333 	19.0 	0.0 	0.0 	0.0 	-0.0 	19.0 	0.0 	0.0 	0.0 	7.56306974328	2.64023776782	144.816062255	-26.0513322125	
3.4	0.0	0.0	0.0 	0.0 	124.6 	19.0 	0.0 	0.0 	0.0 	-0.0 	19.0 	0.0 	0.0 	0.0 	7.60033654423	2.64023776782	144.876942739	-26.1624152086	
3.41666666667	0.0	0.0	0.0 	0.0 	124.916666667 	19.0 	0.0 	0.0 	0.0 	-0.0 	19.0 	0.0 	0.0 	0.0 	7.63741820563	2.64023776783	144.938120257	-26.2740401731	
3.43333333333	0.0	0.0	0.0 	0.0 	125.233333333 	19.0 	0.0 	0.0 	0.0 	-0.0 	19.0 	0.0 	0.0 	0.0 	7.67431564724	2.64023776783	144.999593331	-26.3862044136	
3.45	0.0	0.0	0.0 	0.0 	125.55 	19.0 	0.0 	0.0 	0.0 	-0.0 	19.0 	0.0 	0.0 	0.0 	7.71102978425	2.64023776783	145.061360495	-26.4989052508	
3.46666666667	0.0	0.0	0.0 	0.0 	125.866666667 	19.0 	0.0 	0.0 	0.0 	-0.0 	19.0 	0.0 	0.0 	0.0 	7.74756152731	2.64023776783	145.123420286	-26.612140019	
3.48333333333	0.0	0.0	0.0 	0.0 	126.183333333 	19.0 	0.0 	0.0 	0.0 	-0.0 	19.0 	0.0 	0.0 	0.0 	7.78391178254	2.64023776783	145.185771252	-26.7259060658	
3.5	0.0	0.0	0.0 	0.0 	126.5 	19.0 	0.0 	0.0 	0.0 	-0.0 	19.0 	0.0 	0.0 	0.0 	7.82008145157	2.64023776783	145.248411945	-26.8402007516	
3.51666666667	0.0	0.0	0.0 	0.0 	126.816666667 	19.0 	0.0 	0.0 	0.0 	-0.0 	19.0 	0.0 	0.0 	0.0 	7.85607143154	2.64023776783	145.311340926	-26.9550214504	
3.53333333333	0.0	0.0	0.0 	0.0 	127.133333333 	19.0 	0.0 	0.0 	0.0 	-0.0 	19.0 	0.0 	0.0 	0.0 	7.89188261513	2.64023776784	145.374556763	-27.0703655487	
3.55	0.0	0.0	0.0 	0.0 	127.45 	19.0 	0.0 	0.0 	0.0 	-0.0 	19.0 	0.0 	0.0 	0.0 	7.9275158906	2.64023776784	145.438058032	-27.1862304466	
3.56666666667	0.0	0.0	0.0 	0.0 	127.766666667 	19.0 	0.0 	0.0 	0.0 	-0.0 	19.0 	0.0 	0.0 	0.0 	7.96297214179	2.64023776784	145.501843313	-27.3026135565	
3.58333333333	0.0	0.0	0.0 	0.0 	128.083333333 	19.0 	0.0 	0.0 	0.0 	-0.0 	19.0 	0.0 	0.0 	0.0 	7.99825224813	2.64023776784	145.565911196	-27.4195123042	
3.6	0.0	0.0	0.0 	0.0 	128.4 	19.0 	0.0 	0.0 	0.0 	-0.0 	19.0 	0.0 	0.0 	0.0 	8.03335708472	2.64023776784	145.630260277	-27.5369241278	
3.61666666667	0.0	0.0	0.0 	0.0 	128.716666667 	19.0 	0.0 	0.0 	0.0 	-0.0 	19.0 	0.0 	0.0 	0.0 	8.06828752228	2.64023776784	145.694889159	-27.6548464786	
3.63333333333	0.0	0.0	0.0 	0.0 	129.033333333 	19.0 	0.0 	0.0 	0.0 	-0.0 	19.0 	0.0 	0.0 	0.0 	8.10304442722	2.64023776784	145.759796452	-27.7732768201	
3.65	0.0	0.0	0.0 	0.0 	129.35 	19.0 	0.0 	0.0 	0.0 	-0.0 	19.0 	0.0 	0.0 	0.0 	8.13762866163	2.64023776784	145.824980773	-27.8922126288	
3.66666666667	0.0	0.0	0.0 	0.0 	129.666666667 	19.0 	0.0 	0.0 	0.0 	-0.0 	19.0 	0.0 	0.0 	0.0 	8.17204108335	2.64023776784	145.890440746	-28.0116513935	
3.68333333333	0.0	0.0	0.0 	0.0 	129.983333333 	19.0 	0.0 	0.0 	0.0 	-0.0 	19.0 	0.0 	0.0 	0.0 	8.20628254591	2.64023776784	145.956175	-28.1315906156	
3.7	0.0	0.0	0.0 	0.0 	130.3 	19.0 	0.0 	0.0 	0.0 	-0.0 	19.0 	0.0 	0.0 	0.0 	8.24035389865	2.64023776784	146.022182175	-28.2520278087	
3.71666666667	0.0	0.0	0.0 	0.0 	130.616666667 	19.0 	0.0 	0.0 	0.0 	-0.0 	19.0 	0.0 	0.0 	0.0 	8.27425598665	2.64023776784	146.088460913	-28.3729604991	
3.73333333333	0.0	0.0	0.0 	0.0 	130.933333333 	19.0 	0.0 	0.0 	0.0 	-0.0 	19.0 	0.0 	0.0 	0.0 	8.30798965082	2.64023776784	146.155009865	-28.494386225	
3.75	0.0	0.0	0.0 	0.0 	131.25 	19.0 	0.0 	0.0 	0.0 	-0.0 	19.0 	0.0 	0.0 	0.0 	8.34155572788	2.64023776784	146.22182769	-28.6163025372	
3.76666666667	0.0	0.0	0.0 	0.0 	131.566666667 	19.0 	0.0 	0.0 	0.0 	-0.0 	19.0 	0.0 	0.0 	0.0 	8.37495505038	2.64023776784	146.288913051	-28.7387069984	
3.78333333333	0.0	0.0	0.0 	0.0 	131.883333333 	19.0 	0.0 	0.0 	0.0 	-0.0 	19.0 	0.0 	0.0 	0.0 	8.40818844677	2.64023776784	146.35626462	-28.8615971835	
3.8	0.0	0.0	0.0 	0.0 	132.2 	19.0 	0.0 	0.0 	0.0 	-0.0 	19.0 	0.0 	0.0 	0.0 	8.44125674134	2.64023776784	146.423881073	-28.9849706795	
3.81666666667	0.0	0.0	0.0 	0.0 	132.516666667 	19.0 	0.0 	0.0 	0.0 	-0.0 	19.0 	0.0 	0.0 	0.0 	8.47416075433	2.64023776784	146.491761095	-29.1088250852	
3.83333333333	0.0	0.0	0.0 	0.0 	132.833333333 	19.0 	0.0 	0.0 	0.0 	-0.0 	19.0 	0.0 	0.0 	0.0 	8.50690130186	2.64023776784	146.559903377	-29.2331580117	
3.85	0.0	0.0	0.0 	0.0 	133.15 	19.0 	0.0 	0.0 	0.0 	-0.0 	19.0 	0.0 	0.0 	0.0 	8.53947919603	2.64023776784	146.628306615	-29.3579670815	
3.86666666667	0.0	0.0	0.0 	0.0 	133.466666667 	19.0 	0.0 	0.0 	0.0 	-0.0 	19.0 	0.0 	0.0 	0.0 	8.5718952449	2.64023776784	146.696969514	-29.4832499293	
3.88333333333	0.0	0.0	0.0 	0.0 	133.783333333 	19.0 	0.0 	0.0 	0.0 	-0.0 	19.0 	0.0 	0.0 	0.0 	8.6041502525	2.64023776784	146.765890782	-29.6090042014	
3.9	0.0	0.0	0.0 	0.0 	134.1 	19.0 	0.0 	0.0 	0.0 	-0.0 	19.0 	0.0 	0.0 	0.0 	8.63624501887	2.64023776784	146.835069138	-29.7352275556	
3.91666666667	0.0	0.0	0.0 	0.0 	134.416666667 	19.0 	0.0 	0.0 	0.0 	-0.0 	19.0 	0.0 	0.0 	0.0 	8.66818034009	2.64023776784	146.904503302	-29.8619176617	
3.93333333333	0.0	0.0	0.0 	0.0 	134.733333333 	19.0 	0.0 	0.0 	0.0 	-0.0 	19.0 	0.0 	0.0 	0.0 	8.69995700827	2.64023776784	146.974192006	-29.9890722009	
3.95	0.0	0.0	0.0 	0.0 	135.05 	19.0 	0.0 	0.0 	0.0 	-0.0 	19.0 	0.0 	0.0 	0.0 	8.7315758116	2.64023776784	147.044133983	-30.1166888658	
3.96666666667	0.0	0.0	0.0 	0.0 	135.366666667 	19.0 	0.0 	0.0 	0.0 	-0.0 	19.0 	0.0 	0.0 	0.0 	8.76303753433	2.64023776784	147.114327976	-30.2447653607	
3.98333333333	0.0	0.0	0.0 	0.0 	135.683333333 	19.0 	0.0 	0.0 	0.0 	-0.0 	19.0 	0.0 	0.0 	0.0 	8.79434295684	2.64023776784	147.184772733	-30.3732994012	
4.0	0.0	0.0	0.0 	0.0 	136.0 	19.0 	0.0 	0.0 	0.0 	-0.0 	19.0 	0.0 	0.0 	0.0 	8.82549285561	2.64023776784	147.255467009	-30.5022887141	
4.01666666667	0.0	0.0	0.0 	0.0 	136.316666667 	19.0 	0.0 	0.0 	0.0 	-0.0 	19.0 	0.0 	0.0 	0.0 	8.85648800328	2.64023776784	147.326409562	-30.6317310378	
4.03333333333	0.0	0.0	0.0 	0.0 	136.633333333 	19.0 	0.0 	0.0 	0.0 	-0.0 	19.0 	0.0 	0.0 	0.0 	8.88732916865	2.64023776784	147.39759916	-30.7616241216	
4.05	0.0	0.0	0.0 	0.0 	136.95 	19.0 	0.0 	0.0 	0.0 	-0.0 	19.0 	0.0 	0.0 	0.0 	8.91801711669	2.64023776784	147.469034577	-30.8919657262	
4.06666666667	0.0	0.0	0.0 	0.0 	137.266666667 	19.0 	0.0 	0.0 	0.0 	-0.0 	19.0 	0.0 	0.0 	0.0 	8.94855260858	2.64023776784	147.540714589	-31.0227536234	
4.08333333333	0.0	0.0	0.0 	0.0 	137.583333333 	19.0 	0.0 	0.0 	0.0 	-0.0 	19.0 	0.0 	0.0 	0.0 	8.97893640171	2.64023776784	147.612637983	-31.1539855961	
4.1	0.0	0.0	0.0 	0.0 	137.9 	19.0 	0.0 	0.0 	0.0 	-0.0 	19.0 	0.0 	0.0 	0.0 	9.00916924971	2.64023776784	147.684803549	-31.2856594381	
4.11666666667	0.0	0.0	0.0 	0.0 	138.216666667 	19.0 	0.0 	0.0 	0.0 	-0.0 	19.0 	0.0 	0.0 	0.0 	9.03925190248	2.64023776784	147.757210085	-31.4177729542	
4.13333333333	0.0	0.0	0.0 	0.0 	138.533333333 	19.0 	0.0 	0.0 	0.0 	-0.0 	19.0 	0.0 	0.0 	0.0 	9.06918510617	2.64023776784	147.829856392	-31.5503239601	
4.15	0.0	0.0	0.0 	0.0 	138.85 	19.0 	0.0 	0.0 	0.0 	-0.0 	19.0 	0.0 	0.0 	0.0 	9.09896960324	2.64023776784	147.90274128	-31.6833102824	
4.16666666667	0.0	0.0	0.0 	0.0 	139.166666667 	19.0 	0.0 	0.0 	0.0 	-0.0 	19.0 	0.0 	0.0 	0.0 	9.12860613245	2.64023776784	147.975863564	-31.8167297585	
4.18333333333	0.0	0.0	0.0 	0.0 	139.483333333 	19.0 	0.0 	0.0 	0.0 	-0.0 	19.0 	0.0 	0.0 	0.0 	9.15809542891	2.64023776784	148.049222064	-31.9505802364	
4.2	0.0	0.0	0.0 	0.0 	139.8 	19.0 	0.0 	0.0 	0.0 	-0.0 	19.0 	0.0 	0.0 	0.0 	9.18743822405	2.64023776784	148.122815607	-32.0848595751	
4.21666666667	0.0	0.0	0.0 	0.0 	140.116666667 	19.0 	0.0 	0.0 	0.0 	-0.0 	19.0 	0.0 	0.0 	0.0 	9.2166352457	2.64023776784	148.196643024	-32.2195656439	
4.23333333333	0.0	0.0	0.0 	0.0 	140.433333333 	19.0 	0.0 	0.0 	0.0 	-0.0 	19.0 	0.0 	0.0 	0.0 	9.24568721803	2.64023776784	148.270703155	-32.3546963229	
4.25	0.0	0.0	0.0 	0.0 	140.75 	19.0 	0.0 	0.0 	0.0 	-0.0 	19.0 	0.0 	0.0 	0.0 	9.27459486166	2.64023776784	148.344994843	-32.4902495026	
4.26666666667	0.0	0.0	0.0 	0.0 	141.066666667 	19.0 	0.0 	0.0 	0.0 	-0.0 	19.0 	0.0 	0.0 	0.0 	9.3033588936	2.64023776784	148.419516937	-32.626223084	
4.28333333333	0.0	0.0	0.0 	0.0 	141.383333333 	19.0 	0.0 	0.0 	0.0 	-0.0 	19.0 	0.0 	0.0 	0.0 	9.3319800273	2.64023776784	148.494268294	-32.7626149787	
4.3	0.0	0.0	0.0 	0.0 	141.7 	19.0 	0.0 	0.0 	0.0 	-0.0 	19.0 	0.0 	0.0 	0.0 	9.36045897268	2.64023776784	148.569247773	-32.8994231084	
4.31666666667	0.0	0.0	0.0 	0.0 	142.016666667 	19.0 	0.0 	0.0 	0.0 	-0.0 	19.0 	0.0 	0.0 	0.0 	9.38879643611	2.64023776784	148.644454243	-33.0366454054	
4.33333333333	0.0	0.0	0.0 	0.0 	142.333333333 	19.0 	0.0 	0.0 	0.0 	-0.0 	19.0 	0.0 	0.0 	0.0 	9.41699312049	2.64023776784	148.719886574	-33.174279812	
4.35	0.0	0.0	0.0 	0.0 	142.65 	19.0 	0.0 	0.0 	0.0 	-0.0 	19.0 	0.0 	0.0 	0.0 	9.44504972518	2.64023776784	148.795543645	-33.312324281	
4.36666666667	0.0	0.0	0.0 	0.0 	142.966666667 	19.0 	0.0 	0.0 	0.0 	-0.0 	19.0 	0.0 	0.0 	0.0 	9.47296694609	2.64023776784	148.87142434	-33.4507767751	
4.38333333333	0.0	0.0	0.0 	0.0 	143.283333333 	19.0 	0.0 	0.0 	0.0 	-0.0 	19.0 	0.0 	0.0 	0.0 	9.50074547569	2.64023776784	148.947527548	-33.5896352674	
4.4	0.0	0.0	0.0 	0.0 	143.6 	19.0 	0.0 	0.0 	0.0 	-0.0 	19.0 	0.0 	0.0 	0.0 	9.52838600297	2.64023776784	149.023852162	-33.7288977407	
4.41666666667	0.0	0.0	0.0 	0.0 	143.916666667 	19.0 	0.0 	0.0 	0.0 	-0.0 	19.0 	0.0 	0.0 	0.0 	9.55588921353	2.64023776784	149.100397084	-33.8685621883	
4.43333333333	0.0	0.0	0.0 	0.0 	144.233333333 	19.0 	0.0 	0.0 	0.0 	-0.0 	19.0 	0.0 	0.0 	0.0 	9.58325578956	2.64023776784	149.177161219	-34.008626613	
4.45	0.0	0.0	0.0 	0.0 	144.55 	19.0 	0.0 	0.0 	0.0 	-0.0 	19.0 	0.0 	0.0 	0.0 	9.61048640983	2.64023776784	149.254143477	-34.1490890279	
4.46666666667	0.0	0.0	0.0 	0.0 	144.866666667 	19.0 	0.0 	0.0 	0.0 	-0.0 	19.0 	0.0 	0.0 	0.0 	9.63758174978	2.64023776784	149.331342775	-34.2899474557	
4.48333333333	0.0	0.0	0.0 	0.0 	145.183333333 	19.0 	0.0 	0.0 	0.0 	-0.0 	19.0 	0.0 	0.0 	0.0 	9.66454248148	2.64023776784	149.408758035	-34.431199929	
4.5	0.0	0.0	0.0 	0.0 	145.5 	19.0 	0.0 	0.0 	0.0 	-0.0 	19.0 	0.0 	0.0 	0.0 	9.69136927364	2.64023776784	149.486388184	-34.5728444904	
4.51666666667	0.0	0.0	0.0 	0.0 	145.816666667 	19.0 	0.0 	0.0 	0.0 	-0.0 	19.0 	0.0 	0.0 	0.0 	9.71806279167	2.64023776784	149.564232154	-34.7148791918	
4.53333333333	0.0	0.0	0.0 	0.0 	146.133333333 	19.0 	0.0 	0.0 	0.0 	-0.0 	19.0 	0.0 	0.0 	0.0 	9.74462369767	2.64023776784	149.642288884	-34.8573020951	
4.55	0.0	0.0	0.0 	0.0 	146.45 	19.0 	0.0 	0.0 	0.0 	-0.0 	19.0 	0.0 	0.0 	0.0 	9.77105265045	2.64023776784	149.720557315	-35.0001112717	
4.56666666667	0.0	0.0	0.0 	0.0 	146.766666667 	19.0 	0.0 	0.0 	0.0 	-0.0 	19.0 	0.0 	0.0 	0.0 	9.79735030556	2.64023776784	149.799036397	-35.1433048026	
4.58333333333	0.0	0.0	0.0 	0.0 	147.083333333 	19.0 	0.0 	0.0 	0.0 	-0.0 	19.0 	0.0 	0.0 	0.0 	9.82351731526	2.64023776784	149.877725083	-35.2868807785	
4.6	0.0	0.0	0.0 	0.0 	147.4 	19.0 	0.0 	0.0 	0.0 	-0.0 	19.0 	0.0 	0.0 	0.0 	9.84955432859	2.64023776784	149.956622332	-35.4308372992	
4.61666666667	0.0	0.0	0.0 	0.0 	147.716666667 	19.0 	0.0 	0.0 	0.0 	-0.0 	19.0 	0.0 	0.0 	0.0 	9.87546199138	2.64023776784	150.035727107	-35.5751724744	
4.63333333333	0.0	0.0	0.0 	0.0 	148.033333333 	19.0 	0.0 	0.0 	0.0 	-0.0 	19.0 	0.0 	0.0 	0.0 	9.90124094623	2.64023776784	150.115038377	-35.7198844228	
4.65	0.0	0.0	0.0 	0.0 	148.35 	19.0 	0.0 	0.0 	0.0 	-0.0 	19.0 	0.0 	0.0 	0.0 	9.92689183256	2.64023776784	150.194555117	-35.8649712727	
4.66666666667	0.0	0.0	0.0 	0.0 	148.666666667 	19.0 	0.0 	0.0 	0.0 	-0.0 	19.0 	0.0 	0.0 	0.0 	9.9524152866	2.64023776784	150.274276306	-36.0104311615	
4.68333333333	0.0	0.0	0.0 	0.0 	148.983333333 	19.0 	0.0 	0.0 	0.0 	-0.0 	19.0 	0.0 	0.0 	0.0 	9.97781194142	2.64023776784	150.354200928	-36.1562622361	
4.7	0.0	0.0	0.0 	0.0 	149.3 	19.0 	0.0 	0.0 	0.0 	-0.0 	19.0 	0.0 	0.0 	0.0 	10.003082427	2.64023776784	150.434327973	-36.3024626524	
4.71666666667	0.0	0.0	0.0 	0.0 	149.616666667 	19.0 	0.0 	0.0 	0.0 	-0.0 	19.0 	0.0 	0.0 	0.0 	10.02822737	2.64023776784	150.514656435	-36.4490305755	
4.73333333333	0.0	0.0	0.0 	0.0 	149.933333333 	19.0 	0.0 	0.0 	0.0 	-0.0 	19.0 	0.0 	0.0 	0.0 	10.0532473943	2.64023776784	150.595185313	-36.5959641797	
4.75	0.0	0.0	0.0 	0.0 	150.25 	19.0 	0.0 	0.0 	0.0 	-0.0 	19.0 	0.0 	0.0 	0.0 	10.0781431204	2.64023776784	150.675913611	-36.7432616483	
4.76666666667	0.0	0.0	0.0 	0.0 	150.566666667 	19.0 	0.0 	0.0 	0.0 	-0.0 	19.0 	0.0 	0.0 	0.0 	10.1029151658	2.64023776784	150.756840339	-36.8909211736	
4.78333333333	0.0	0.0	0.0 	0.0 	150.883333333 	19.0 	0.0 	0.0 	0.0 	-0.0 	19.0 	0.0 	0.0 	0.0 	10.127564145	2.64023776784	150.837964512	-37.038940957	
4.8	0.0	0.0	0.0 	0.0 	151.2 	19.0 	0.0 	0.0 	0.0 	-0.0 	19.0 	0.0 	0.0 	0.0 	10.1520906692	2.64023776784	150.919285148	-37.1873192087	
4.81666666667	0.0	0.0	0.0 	0.0 	151.516666667 	19.0 	0.0 	0.0 	0.0 	-0.0 	19.0 	0.0 	0.0 	0.0 	10.176495347	2.64023776784	151.000801271	-37.3360541478	
4.83333333333	0.0	0.0	0.0 	0.0 	151.833333333 	19.0 	0.0 	0.0 	0.0 	-0.0 	19.0 	0.0 	0.0 	0.0 	10.2007787836	2.64023776784	151.08251191	-37.4851440024	
4.85	0.0	0.0	0.0 	0.0 	152.15 	19.0 	0.0 	0.0 	0.0 	-0.0 	19.0 	0.0 	0.0 	0.0 	10.2249415813	2.64023776784	151.164416098	-37.6345870093	
4.86666666667	0.0	0.0	0.0 	0.0 	152.466666667 	19.0 	0.0 	0.0 	0.0 	-0.0 	19.0 	0.0 	0.0 	0.0 	10.2489843395	2.64023776784	151.246512875	-37.7843814139	
4.88333333333	0.0	0.0	0.0 	0.0 	152.783333333 	19.0 	0.0 	0.0 	0.0 	-0.0 	19.0 	0.0 	0.0 	0.0 	10.2729076544	2.64023776784	151.328801284	-37.9345254707	
4.9	0.0	0.0	0.0 	0.0 	153.1 	19.0 	0.0 	0.0 	0.0 	-0.0 	19.0 	0.0 	0.0 	0.0 	10.2967121196	2.64023776784	151.411280371	-38.0850174424	
4.91666666667	0.0	0.0	0.0 	0.0 	153.416666667 	19.0 	0.0 	0.0 	0.0 	-0.0 	19.0 	0.0 	0.0 	0.0 	10.3203983254	2.64023776784	151.493949191	-38.2358556008	
4.93333333333	0.0	0.0	0.0 	0.0 	153.733333333 	19.0 	0.0 	0.0 	0.0 	-0.0 	19.0 	0.0 	0.0 	0.0 	10.3439668594	2.64023776784	151.5768068	-38.387038226	
4.95	0.0	0.0	0.0 	0.0 	154.05 	19.0 	0.0 	0.0 	0.0 	-0.0 	19.0 	0.0 	0.0 	0.0 	10.3674183061	2.64023776784	151.659852261	-38.5385636066	
4.96666666667	0.0	0.0	0.0 	0.0 	154.366666667 	19.0 	0.0 	0.0 	0.0 	-0.0 	19.0 	0.0 	0.0 	0.0 	10.3907532472	2.64023776784	151.74308464	-38.6904300399	
4.98333333333	0.0	0.0	0.0 	0.0 	154.683333333 	19.0 	0.0 	0.0 	0.0 	-0.0 	19.0 	0.0 	0.0 	0.0 	10.4139722615	2.64023776784	151.826503009	-38.8426358315	
5.0	0.0	0.0	0.0 	0.0 	155.0 	19.0 	0.0 	0.0 	0.0 	-0.0 	19.0 	0.0 	0.0 	0.0 	10.4370759249	2.64023776784	151.910106444	-38.9951792956	
5.01666666667	0.0	0.0	0.0 	0.0 	155.316666667 	19.0 	0.0 	0.0 	0.0 	-0.0 	19.0 	0.0 	0.0 	0.0 	10.4600648106	2.64023776784	151.993894025	-39.1480587546	
5.03333333333	0.0	0.0	0.0 	0.0 	155.633333333 	19.0 	0.0 	0.0 	0.0 	-0.0 	19.0 	0.0 	0.0 	0.0 	10.4829394886	2.64023776784	152.077864838	-39.3012725393	
5.05	0.0	0.0	0.0 	0.0 	155.95 	19.0 	0.0 	0.0 	0.0 	-0.0 	19.0 	0.0 	0.0 	0.0 	10.5057005264	2.64023776784	152.162017972	-39.4548189888	
5.06666666667	0.0	0.0	0.0 	0.0 	156.266666667 	19.0 	0.0 	0.0 	0.0 	-0.0 	19.0 	0.0 	0.0 	0.0 	10.5283484885	2.64023776784	152.246352521	-39.6086964503	
5.08333333333	0.0	0.0	0.0 	0.0 	156.583333333 	19.0 	0.0 	0.0 	0.0 	-0.0 	19.0 	0.0 	0.0 	0.0 	10.5508839367	2.64023776784	152.330867585	-39.7629032796	
5.1	0.0	0.0	0.0 	0.0 	156.9 	19.0 	0.0 	0.0 	0.0 	-0.0 	19.0 	0.0 	0.0 	0.0 	10.57330743	2.64023776784	152.415562266	-39.9174378402	
5.11666666667	0.0	0.0	0.0 	0.0 	157.216666667 	19.0 	0.0 	0.0 	0.0 	-0.0 	19.0 	0.0 	0.0 	0.0 	10.5956195245	2.64023776784	152.500435672	-40.0722985041	
5.13333333333	0.0	0.0	0.0 	0.0 	157.533333333 	19.0 	0.0 	0.0 	0.0 	-0.0 	19.0 	0.0 	0.0 	0.0 	10.6178207737	2.64023776784	152.585486916	-40.2274836511	
5.15	0.0	0.0	0.0 	0.0 	157.85 	19.0 	0.0 	0.0 	0.0 	-0.0 	19.0 	0.0 	0.0 	0.0 	10.6399117281	2.64023776784	152.670715113	-40.3829916693	
5.16666666667	0.0	0.0	0.0 	0.0 	158.166666667 	19.0 	0.0 	0.0 	0.0 	-0.0 	19.0 	0.0 	0.0 	0.0 	10.6618929359	2.64023776784	152.756119385	-40.5388209546	
5.18333333333	0.0	0.0	0.0 	0.0 	158.483333333 	19.0 	0.0 	0.0 	0.0 	-0.0 	19.0 	0.0 	0.0 	0.0 	10.6837649422	2.64023776784	152.841698857	-40.694969911	
5.2	0.0	0.0	0.0 	0.0 	158.8 	19.0 	0.0 	0.0 	0.0 	-0.0 	19.0 	0.0 	0.0 	0.0 	10.7055282894	2.64023776784	152.927452658	-40.8514369504	
5.21666666667	0.0	0.0	0.0 	0.0 	159.116666667 	19.0 	0.0 	0.0 	0.0 	-0.0 	19.0 	0.0 	0.0 	0.0 	10.7271835175	2.64023776784	153.013379923	-41.0082204926	
5.23333333333	0.0	0.0	0.0 	0.0 	159.433333333 	19.0 	0.0 	0.0 	0.0 	-0.0 	19.0 	0.0 	0.0 	0.0 	10.7487311634	2.64023776784	153.09947979	-41.1653189653	
5.25	0.0	0.0	0.0 	0.0 	159.75 	19.0 	0.0 	0.0 	0.0 	-0.0 	19.0 	0.0 	0.0 	0.0 	10.7701717618	2.64023776784	153.185751401	-41.3227308037	
5.26666666667	0.0	0.0	0.0 	0.0 	160.066666667 	19.0 	0.0 	0.0 	0.0 	-0.0 	19.0 	0.0 	0.0 	0.0 	10.7915058444	2.64023776784	153.272193902	-41.4804544512	
5.28333333333	0.0	0.0	0.0 	0.0 	160.383333333 	19.0 	0.0 	0.0 	0.0 	-0.0 	19.0 	0.0 	0.0 	0.0 	10.8127339404	2.64023776784	153.358806446	-41.6384883587	
5.3	0.0	0.0	0.0 	0.0 	160.7 	19.0 	0.0 	0.0 	0.0 	-0.0 	19.0 	0.0 	0.0 	0.0 	10.8338565763	2.64023776784	153.445588187	-41.7968309849	
5.31666666667	0.0	0.0	0.0 	0.0 	161.016666667 	19.0 	0.0 	0.0 	0.0 	-0.0 	19.0 	0.0 	0.0 	0.0 	10.854874276	2.64023776784	153.532538285	-41.9554807961	
5.33333333333	0.0	0.0	0.0 	0.0 	161.333333333 	19.0 	0.0 	0.0 	0.0 	-0.0 	19.0 	0.0 	0.0 	0.0 	10.8757875608	2.64023776784	153.619655904	-42.1144362661	
5.35	0.0	0.0	0.0 	0.0 	161.65 	19.0 	0.0 	0.0 	0.0 	-0.0 	19.0 	0.0 	0.0 	0.0 	10.8965969495	2.64023776784	153.70694021	-42.2736958765	
5.36666666667	0.0	0.0	0.0 	0.0 	161.966666667 	19.0 	0.0 	0.0 	0.0 	-0.0 	19.0 	0.0 	0.0 	0.0 	10.9173029583	2.64023776784	153.794390376	-42.4332581163	
5.38333333333	0.0	0.0	0.0 	0.0 	162.283333333 	19.0 	0.0 	0.0 	0.0 	-0.0 	19.0 	0.0 	0.0 	0.0 	10.9379061006	2.64023776784	153.882005579	-42.5931214821	
5.4	0.0	0.0	0.0 	0.0 	162.6 	19.0 	0.0 	0.0 	0.0 	-0.0 	19.0 	0.0 	0.0 	0.0 	10.9584068876	2.64023776784	153.969784997	-42.7532844779	
5.41666666667	0.0	0.0	0.0 	0.0 	162.916666667 	19.0 	0.0 	0.0 	0.0 	-0.0 	19.0 	0.0 	0.0 	0.0 	10.9788058278	2.64023776784	154.057727816	-42.9137456152	
5.43333333333	0.0	0.0	0.0 	0.0 	163.233333333 	19.0 	0.0 	0.0 	0.0 	-0.0 	19.0 	0.0 	0.0 	0.0 	10.999103427	2.64023776784	154.145833223	-43.0745034127	
5.45	0.0	0.0	0.0 	0.0 	163.55 	19.0 	0.0 	0.0 	0.0 	-0.0 	19.0 	0.0 	0.0 	0.0 	11.0193001888	2.64023776784	154.234100411	-43.2355563968	
5.46666666667	0.0	0.0	0.0 	0.0 	163.866666667 	19.0 	0.0 	0.0 	0.0 	-0.0 	19.0 	0.0 	0.0 	0.0 	11.0393966142	2.64023776784	154.322528576	-43.3969031009	
5.48333333333	0.0	0.0	0.0 	0.0 	164.183333333 	19.0 	0.0 	0.0 	0.0 	-0.0 	19.0 	0.0 	0.0 	0.0 	11.0593932015	2.64023776784	154.411116919	-43.5585420659	
5.5	0.0	0.0	0.0 	0.0 	164.5 	19.0 	0.0 	0.0 	0.0 	-0.0 	19.0 	0.0 	0.0 	0.0 	11.0792904468	2.64023776784	154.499864643	-43.7204718398	
5.51666666667	0.0	0.0	0.0 	0.0 	164.816666667 	19.0 	0.0 	0.0 	0.0 	-0.0 	19.0 	0.0 	0.0 	0.0 	11.0990888436	2.64023776784	154.588770957	-43.8826909778	
5.53333333333	0.0	0.0	0.0 	0.0 	165.133333333 	19.0 	0.0 	0.0 	0.0 	-0.0 	19.0 	0.0 	0.0 	0.0 	11.118788883	2.64023776784	154.677835073	-44.0451980425	
5.55	0.0	0.0	0.0 	0.0 	165.45 	19.0 	0.0 	0.0 	0.0 	-0.0 	19.0 	0.0 	0.0 	0.0 	11.1383910537	2.64023776784	154.767056207	-44.2079916035	
5.56666666667	0.0	0.0	0.0 	0.0 	165.766666667 	19.0 	0.0 	0.0 	0.0 	-0.0 	19.0 	0.0 	0.0 	0.0 	11.1578958417	2.64023776784	154.856433579	-44.3710702374	
5.58333333333	0.0	0.0	0.0 	0.0 	166.083333333 	19.0 	0.0 	0.0 	0.0 	-0.0 	19.0 	0.0 	0.0 	0.0 	11.1773037309	2.64023776784	154.945966413	-44.534432528	
5.6	0.0	0.0	0.0 	0.0 	166.4 	19.0 	0.0 	0.0 	0.0 	-0.0 	19.0 	0.0 	0.0 	0.0 	11.1966152028	2.64023776784	155.035653936	-44.6980770661	
5.61666666667	0.0	0.0	0.0 	0.0 	166.716666667 	19.0 	0.0 	0.0 	0.0 	-0.0 	19.0 	0.0 	0.0 	0.0 	11.2158307362	2.64023776784	155.12549538	-44.8620024496	
5.63333333333	0.0	0.0	0.0 	0.0 	167.033333333 	19.0 	0.0 	0.0 	0.0 	-0.0 	19.0 	0.0 	0.0 	0.0 	11.2349508079	2.64023776784	155.215489981	-45.0262072831	
5.65	0.0	0.0	0.0 	0.0 	167.35 	19.0 	0.0 	0.0 	0.0 	-0.0 	19.0 	0.0 	0.0 	0.0 	11.253975892	2.64023776784	155.305636976	-45.1906901785	
5.66666666667	0.0	0.0	0.0 	0.0 	167.666666667 	19.0 	0.0 	0.0 	0.0 	-0.0 	19.0 	0.0 	0.0 	0.0 	11.2729064605	2.64023776784	155.39593561	-45.3554497543	
5.68333333333	0.0	0.0	0.0 	0.0 	167.983333333 	19.0 	0.0 	0.0 	0.0 	-0.0 	19.0 	0.0 	0.0 	0.0 	11.2917429829	2.64023776784	155.48638513	-45.520484636	
5.7	0.0	0.0	0.0 	0.0 	168.3 	19.0 	0.0 	0.0 	0.0 	-0.0 	19.0 	0.0 	0.0 	0.0 	11.3104859264	2.64023776784	155.576984784	-45.6857934558	
5.71666666667	0.0	0.0	0.0 	0.0 	168.616666667 	19.0 	0.0 	0.0 	0.0 	-0.0 	19.0 	0.0 	0.0 	0.0 	11.329135756	2.64023776784	155.667733828	-45.8513748529	
5.73333333333	0.0	0.0	0.0 	0.0 	168.933333333 	19.0 	0.0 	0.0 	0.0 	-0.0 	19.0 	0.0 	0.0 	0.0 	11.3476929341	2.64023776784	155.758631519	-46.0172274732	
5.75	0.0	0.0	0.0 	0.0 	169.25 	19.0 	0.0 	0.0 	0.0 	-0.0 	19.0 	0.0 	0.0 	0.0 	11.3661579211	2.64023776784	155.849677119	-46.1833499691	
5.76666666667	0.0	0.0	0.0 	0.0 	169.566666667 	19.0 	0.0 	0.0 	0.0 	-0.0 	19.0 	0.0 	0.0 	0.0 	11.384531175	2.64023776784	155.940869894	-46.349741	
5.78333333333	0.0	0.0	0.0 	0.0 	169.883333333 	19.0 	0.0 	0.0 	0.0 	-0.0 	19.0 	0.0 	0.0 	0.0 	11.4028131516	2.64023776784	156.032209111	-46.5163992317	
5.8	0.0	0.0	0.0 	0.0 	170.2 	19.0 	0.0 	0.0 	0.0 	-0.0 	19.0 	0.0 	0.0 	0.0 	11.4210043042	2.64023776784	156.123694044	-46.683323337	
5.81666666667	0.0	0.0	0.0 	0.0 	170.516666667 	19.0 	0.0 	0.0 	0.0 	-0.0 	19.0 	0.0 	0.0 	0.0 	11.4391050841	2.64023776784	156.215323968	-46.8505119948	
5.83333333333	0.0	0.0	0.0 	0.0 	170.833333333 	19.0 	0.0 	0.0 	0.0 	-0.0 	19.0 	0.0 	0.0 	0.0 	11.4571159402	2.64023776784	156.307098163	-47.017963891	
5.85	0.0	0.0	0.0 	0.0 	171.15 	19.0 	0.0 	0.0 	0.0 	-0.0 	19.0 	0.0 	0.0 	0.0 	11.4750373194	2.64023776784	156.399015913	-47.1856777177	
5.86666666667	0.0	0.0	0.0 	0.0 	171.466666667 	19.0 	0.0 	0.0 	0.0 	-0.0 	19.0 	0.0 	0.0 	0.0 	11.492869666	2.64023776784	156.491076504	-47.3536521737	
5.88333333333	0.0	0.0	0.0 	0.0 	171.783333333 	19.0 	0.0 	0.0 	0.0 	-0.0 	19.0 	0.0 	0.0 	0.0 	11.5106134225	2.64023776784	156.583279227	-47.5218859643	
5.9	0.0	0.0	0.0 	0.0 	172.1 	19.0 	0.0 	0.0 	0.0 	-0.0 	19.0 	0.0 	0.0 	0.0 	11.5282690289	2.64023776784	156.675623375	-47.690377801	
5.91666666667	0.0	0.0	0.0 	0.0 	172.416666667 	19.0 	0.0 	0.0 	0.0 	-0.0 	19.0 	0.0 	0.0 	0.0 	11.5458369231	2.64023776784	156.768108247	-47.859126402	
5.93333333333	0.0	0.0	0.0 	0.0 	172.733333333 	19.0 	0.0 	0.0 	0.0 	-0.0 	19.0 	0.0 	0.0 	0.0 	11.563317541	2.64023776784	156.860733142	-48.0281304915	
5.95	0.0	0.0	0.0 	0.0 	173.05 	19.0 	0.0 	0.0 	0.0 	-0.0 	19.0 	0.0 	0.0 	0.0 	11.580711316	2.64023776784	156.953497365	-48.1973888004	
5.96666666667	0.0	0.0	0.0 	0.0 	173.366666667 	19.0 	0.0 	0.0 	0.0 	-0.0 	19.0 	0.0 	0.0 	0.0 	11.5980186797	2.64023776784	157.046400225	-48.3669000657	
5.98333333333	0.0	0.0	0.0 	0.0 	173.683333333 	19.0 	0.0 	0.0 	0.0 	-0.0 	19.0 	0.0 	0.0 	0.0 	11.6152400612	2.64023776784	157.139441031	-48.5366630307	
6.0	0.0	0.0	0.0 	0.0 	174.0 	19.0 	0.0 	0.0 	0.0 	-0.0 	19.0 	0.0 	0.0 	0.0 	11.6323758879	2.64023776784	157.2326191	-48.706676445	
6.01666666667	0.0	0.0	0.0 	0.0 	174.316666667 	19.0 	0.0 	0.0 	0.0 	-0.0 	19.0 	0.0 	0.0 	0.0 	11.6494265846	2.64023776784	157.325933749	-48.8769390644	
6.03333333333	0.0	0.0	0.0 	0.0 	174.633333333 	19.0 	0.0 	0.0 	0.0 	-0.0 	19.0 	0.0 	0.0 	0.0 	11.6663925743	2.64023776784	157.4193843	-49.0474496509	
6.05	0.0	0.0	0.0 	0.0 	174.95 	19.0 	0.0 	0.0 	0.0 	-0.0 	19.0 	0.0 	0.0 	0.0 	11.6832742778	2.64023776784	157.512970076	-49.2182069725	
6.06666666667	0.0	0.0	0.0 	0.0 	175.266666667 	19.0 	0.0 	0.0 	0.0 	-0.0 	19.0 	0.0 	0.0 	0.0 	11.700072114	2.64023776784	157.606690408	-49.3892098035	
6.08333333333	0.0	0.0	0.0 	0.0 	175.583333333 	19.0 	0.0 	0.0 	0.0 	-0.0 	19.0 	0.0 	0.0 	0.0 	11.7167864993	2.64023776784	157.700544626	-49.5604569242	
6.1	0.0	0.0	0.0 	0.0 	175.9 	19.0 	0.0 	0.0 	0.0 	-0.0 	19.0 	0.0 	0.0 	0.0 	11.7334178484	2.64023776784	157.794532064	-49.731947121	
6.11666666667	0.0	0.0	0.0 	0.0 	176.216666667 	19.0 	0.0 	0.0 	0.0 	-0.0 	19.0 	0.0 	0.0 	0.0 	11.7499665739	2.64023776784	157.888652062	-49.9036791862	
6.13333333333	0.0	0.0	0.0 	0.0 	176.533333333 	19.0 	0.0 	0.0 	0.0 	-0.0 	19.0 	0.0 	0.0 	0.0 	11.7664330861	2.64023776784	157.982903961	-50.0756519184	
6.15	0.0	0.0	0.0 	0.0 	176.85 	19.0 	0.0 	0.0 	0.0 	-0.0 	19.0 	0.0 	0.0 	0.0 	11.7828177935	2.64023776784	158.077287105	-50.2478641219	
6.16666666667	0.0	0.0	0.0 	0.0 	177.166666667 	19.0 	0.0 	0.0 	0.0 	-0.0 	19.0 	0.0 	0.0 	0.0 	11.7991211025	2.64023776784	158.171800842	-50.420314607	
6.18333333333	0.0	0.0	0.0 	0.0 	177.483333333 	19.0 	0.0 	0.0 	0.0 	-0.0 	19.0 	0.0 	0.0 	0.0 	11.8153434176	2.64023776784	158.266444524	-50.59300219	
6.2	0.0	0.0	0.0 	0.0 	177.8 	19.0 	0.0 	0.0 	0.0 	-0.0 	19.0 	0.0 	0.0 	0.0 	11.831485141	2.64023776784	158.361217504	-50.7659256928	
6.21666666667	0.0	0.0	0.0 	0.0 	178.116666667 	19.0 	0.0 	0.0 	0.0 	-0.0 	19.0 	0.0 	0.0 	0.0 	11.8475466731	2.64023776784	158.456119142	-50.9390839436	
6.23333333333	0.0	0.0	0.0 	0.0 	178.433333333 	19.0 	0.0 	0.0 	0.0 	-0.0 	19.0 	0.0 	0.0 	0.0 	11.8635284124	2.64023776784	158.551148797	-51.1124757761	
6.25	0.0	0.0	0.0 	0.0 	178.75 	19.0 	0.0 	0.0 	0.0 	-0.0 	19.0 	0.0 	0.0 	0.0 	11.8794307552	2.64023776784	158.646305833	-51.2861000299	
6.26666666667	0.0	0.0	0.0 	0.0 	179.066666667 	19.0 	0.0 	0.0 	0.0 	-0.0 	19.0 	0.0 	0.0 	0.0 	11.895254096	2.64023776784	158.741589618	-51.4599555502	
6.28333333333	0.0	0.0	0.0 	0.0 	179.383333333 	19.0 	0.0 	0.0 	0.0 	-0.0 	19.0 	0.0 	0.0 	0.0 	11.9109988273	2.64023776784	158.836999522	-51.6340411883	
6.3	0.0	0.0	0.0 	0.0 	179.7 	19.0 	0.0 	0.0 	0.0 	-0.0 	19.0 	0.0 	0.0 	0.0 	11.9266653395	2.64023776784	158.932534919	-51.8083558008	
6.31666666667	0.0	0.0	0.0 	0.0 	180.016666667 	19.0 	0.0 	0.0 	0.0 	-0.0 	19.0 	0.0 	0.0 	0.0 	11.9422540213	2.64023776784	159.028195184	-51.9828982503	
6.33333333333	0.0	0.0	0.0 	0.0 	180.333333333 	19.0 	0.0 	0.0 	0.0 	-0.0 	19.0 	0.0 	0.0 	0.0 	11.9577652594	2.64023776784	159.123979699	-52.1576674049	
6.35	0.0	0.0	0.0 	0.0 	180.65 	19.0 	0.0 	0.0 	0.0 	-0.0 	19.0 	0.0 	0.0 	0.0 	11.9731994384	2.64023776784	159.219887844	-52.3326621383	
6.36666666667	0.0	0.0	0.0 	0.0 	180.966666667 	19.0 	0.0 	0.0 	0.0 	-0.0 	19.0 	0.0 	0.0 	0.0 	11.9885569412	2.64023776784	159.315919007	-52.5078813298	
6.38333333333	0.0	0.0	0.0 	0.0 	181.283333333 	19.0 	0.0 	0.0 	0.0 	-0.0 	19.0 	0.0 	0.0 	0.0 	12.0038381487	2.64023776784	159.412072576	-52.6833238643	
6.4	0.0	0.0	0.0 	0.0 	181.6 	19.0 	0.0 	0.0 	0.0 	-0.0 	19.0 	0.0 	0.0 	0.0 	12.0190434399	2.64023776784	159.508347943	-52.8589886324	
6.41666666667	0.0	0.0	0.0 	0.0 	181.916666667 	19.0 	0.0 	0.0 	0.0 	-0.0 	19.0 	0.0 	0.0 	0.0 	12.034173192	2.64023776784	159.604744503	-53.0348745299	
6.43333333333	0.0	0.0	0.0 	0.0 	182.233333333 	19.0 	0.0 	0.0 	0.0 	-0.0 	19.0 	0.0 	0.0 	0.0 	12.0492277804	2.64023776784	159.701261653	-53.2109804582	
6.45	0.0	0.0	0.0 	0.0 	182.55 	19.0 	0.0 	0.0 	0.0 	-0.0 	19.0 	0.0 	0.0 	0.0 	12.0642075782	2.64023776784	159.797898796	-53.3873053244	
6.46666666667	0.0	0.0	0.0 	0.0 	182.866666667 	19.0 	0.0 	0.0 	0.0 	-0.0 	19.0 	0.0 	0.0 	0.0 	12.0791129573	2.64023776784	159.894655334	-53.5638480407	
6.48333333333	0.0	0.0	0.0 	0.0 	183.183333333 	19.0 	0.0 	0.0 	0.0 	-0.0 	19.0 	0.0 	0.0 	0.0 	12.0939442871	2.64023776784	159.991530674	-53.7406075248	
6.5	0.0	0.0	0.0 	0.0 	183.5 	19.0 	0.0 	0.0 	0.0 	-0.0 	19.0 	0.0 	0.0 	0.0 	12.1087019357	2.64023776784	160.088524226	-53.9175826998	
6.51666666667	0.0	0.0	0.0 	0.0 	183.816666667 	19.0 	0.0 	0.0 	0.0 	-0.0 	19.0 	0.0 	0.0 	0.0 	12.123386269	2.64023776784	160.185635404	-54.0947724943	
6.53333333333	0.0	0.0	0.0 	0.0 	184.133333333 	19.0 	0.0 	0.0 	0.0 	-0.0 	19.0 	0.0 	0.0 	0.0 	12.1379976513	2.64023776784	160.282863622	-54.272175842	
6.55	0.0	0.0	0.0 	0.0 	184.45 	19.0 	0.0 	0.0 	0.0 	-0.0 	19.0 	0.0 	0.0 	0.0 	12.1525364451	2.64023776784	160.380208299	-54.4497916819	
6.56666666667	0.0	0.0	0.0 	0.0 	184.766666667 	19.0 	0.0 	0.0 	0.0 	-0.0 	19.0 	0.0 	0.0 	0.0 	12.1670030108	2.64023776784	160.477668857	-54.6276189584	
6.58333333333	0.0	0.0	0.0 	0.0 	185.083333333 	19.0 	0.0 	0.0 	0.0 	-0.0 	19.0 	0.0 	0.0 	0.0 	12.1813977074	2.64023776784	160.57524472	-54.8056566212	
6.6	0.0	0.0	0.0 	0.0 	185.4 	19.0 	0.0 	0.0 	0.0 	-0.0 	19.0 	0.0 	0.0 	0.0 	12.1957208918	2.64023776784	160.672935315	-54.983903625	
6.61666666667	0.0	0.0	0.0 	0.0 	185.716666667 	19.0 	0.0 	0.0 	0.0 	-0.0 	19.0 	0.0 	0.0 	0.0 	12.2099729195	2.64023776784	160.770740072	-55.1623589298	
6.63333333333	0.0	0.0	0.0 	0.0 	186.033333333 	19.0 	0.0 	0.0 	0.0 	-0.0 	19.0 	0.0 	0.0 	0.0 	12.2241541437	2.64023776784	160.868658424	-55.3410215008	
6.65	0.0	0.0	0.0 	0.0 	186.35 	19.0 	0.0 	0.0 	0.0 	-0.0 	19.0 	0.0 	0.0 	0.0 	12.2382649164	2.64023776784	160.966689806	-55.5198903084	
6.66666666667	0.0	0.0	0.0 	0.0 	186.666666667 	19.0 	0.0 	0.0 	0.0 	-0.0 	19.0 	0.0 	0.0 	0.0 	12.2523055875	2.64023776784	161.064833658	-55.6989643278	
6.68333333333	0.0	0.0	0.0 	0.0 	186.983333333 	19.0 	0.0 	0.0 	0.0 	-0.0 	19.0 	0.0 	0.0 	0.0 	12.2662765053	2.64023776784	161.16308942	-55.8782425398	
6.7	0.0	0.0	0.0 	0.0 	187.3 	19.0 	0.0 	0.0 	0.0 	-0.0 	19.0 	0.0 	0.0 	0.0 	12.2801780162	2.64023776784	161.261456536	-56.0577239298	
6.71666666667	0.0	0.0	0.0 	0.0 	187.616666667 	19.0 	0.0 	0.0 	0.0 	-0.0 	19.0 	0.0 	0.0 	0.0 	12.2940104652	2.64023776784	161.359934454	-56.2374074884	
6.73333333333	0.0	0.0	0.0 	0.0 	187.933333333 	19.0 	0.0 	0.0 	0.0 	-0.0 	19.0 	0.0 	0.0 	0.0 	12.3077741952	2.64023776784	161.458522622	-56.4172922113	
6.75	0.0	0.0	0.0 	0.0 	188.25 	19.0 	0.0 	0.0 	0.0 	-0.0 	19.0 	0.0 	0.0 	0.0 	12.3214695478	2.64023776784	161.557220493	-56.5973770992	
6.76666666667	0.0	0.0	0.0 	0.0 	188.566666667 	19.0 	0.0 	0.0 	0.0 	-0.0 	19.0 	0.0 	0.0 	0.0 	12.3350968625	2.64023776784	161.656027522	-56.7776611576	
6.78333333333	0.0	0.0	0.0 	0.0 	188.883333333 	19.0 	0.0 	0.0 	0.0 	-0.0 	19.0 	0.0 	0.0 	0.0 	12.3486564775	2.64023776784	161.754943167	-56.958143397	
6.8	0.0	0.0	0.0 	0.0 	189.2 	19.0 	0.0 	0.0 	0.0 	-0.0 	19.0 	0.0 	0.0 	0.0 	12.362148729	2.64023776784	161.853966888	-57.1388228329	
6.81666666667	0.0	0.0	0.0 	0.0 	189.516666667 	19.0 	0.0 	0.0 	0.0 	-0.0 	19.0 	0.0 	0.0 	0.0 	12.3755739516	2.64023776784	161.953098148	-57.3196984857	
6.83333333333	0.0	0.0	0.0 	0.0 	189.833333333 	19.0 	0.0 	0.0 	0.0 	-0.0 	19.0 	0.0 	0.0 	0.0 	12.3889324785	2.64023776784	162.052336414	-57.5007693804	
6.85	0.0	0.0	0.0 	0.0 	190.15 	19.0 	0.0 	0.0 	0.0 	-0.0 	19.0 	0.0 	0.0 	0.0 	12.4022246408	2.64023776784	162.151681152	-57.6820345473	
6.86666666667	0.0	0.0	0.0 	0.0 	190.466666667 	19.0 	0.0 	0.0 	0.0 	-0.0 	19.0 	0.0 	0.0 	0.0 	12.4154507684	2.64023776784	162.251131835	-57.8634930211	
6.88333333333	0.0	0.0	0.0 	0.0 	190.783333333 	19.0 	0.0 	0.0 	0.0 	-0.0 	19.0 	0.0 	0.0 	0.0 	12.4286111893	2.64023776784	162.350687936	-58.0451438416	
6.9	0.0	0.0	0.0 	0.0 	191.1 	19.0 	0.0 	0.0 	0.0 	-0.0 	19.0 	0.0 	0.0 	0.0 	12.4417062298	2.64023776784	162.450348931	-58.226986053	
6.91666666667	0.0	0.0	0.0 	0.0 	191.416666667 	19.0 	0.0 	0.0 	0.0 	-0.0 	19.0 	0.0 	0.0 	0.0 	12.4547362149	2.64023776784	162.5501143	-58.4090187047	
6.93333333333	0.0	0.0	0.0 	0.0 	191.733333333 	19.0 	0.0 	0.0 	0.0 	-0.0 	19.0 	0.0 	0.0 	0.0 	12.4677014677	2.64023776784	162.649983523	-58.5912408506	
6.95	0.0	0.0	0.0 	0.0 	192.05 	19.0 	0.0 	0.0 	0.0 	-0.0 	19.0 	0.0 	0.0 	0.0 	12.4806023098	2.64023776784	162.749956085	-58.7736515491	
6.96666666667	0.0	0.0	0.0 	0.0 	192.366666667 	19.0 	0.0 	0.0 	0.0 	-0.0 	19.0 	0.0 	0.0 	0.0 	12.4934390611	2.64023776784	162.850031473	-58.9562498637	
6.98333333333	0.0	0.0	0.0 	0.0 	192.683333333 	19.0 	0.0 	0.0 	0.0 	-0.0 	19.0 	0.0 	0.0 	0.0 	12.5062120401	2.64023776784	162.950209175	-59.1390348622	
7.0	0.0	0.0	0.0 	0.0 	193.0 	19.0 	0.0 	0.0 	0.0 	-0.0 	19.0 	0.0 	0.0 	0.0 	12.5189215637	2.64023776784	163.050488683	-59.3220056172	
7.01666666667	0.0	0.0	0.0 	0.0 	193.316666667 	19.0 	0.0 	0.0 	0.0 	-0.0 	19.0 	0.0 	0.0 	0.0 	12.5315679469	2.64023776784	163.150869492	-59.5051612059	
7.03333333333	0.0	0.0	0.0 	0.0 	193.633333333 	19.0 	0.0 	0.0 	0.0 	-0.0 	19.0 	0.0 	0.0 	0.0 	12.5441515036	2.64023776784	163.251351098	-59.68850071	
7.05	0.0	0.0	0.0 	0.0 	193.95 	19.0 	0.0 	0.0 	0.0 	-0.0 	19.0 	0.0 	0.0 	0.0 	12.5566725458	2.64023776784	163.351933001	-59.8720232158	
7.06666666667	0.0	0.0	0.0 	0.0 	194.266666667 	19.0 	0.0 	0.0 	0.0 	-0.0 	19.0 	0.0 	0.0 	0.0 	12.5691313841	2.64023776784	163.452614701	-60.0557278143	
7.08333333333	0.0	0.0	0.0 	0.0 	194.583333333 	19.0 	0.0 	0.0 	0.0 	-0.0 	19.0 	0.0 	0.0 	0.0 	12.5815283276	2.64023776784	163.553395705	-60.2396136007	
7.1	0.0	0.0	0.0 	0.0 	194.9 	19.0 	0.0 	0.0 	0.0 	-0.0 	19.0 	0.0 	0.0 	0.0 	12.5938636836	2.64023776784	163.654275517	-60.423679675	
7.11666666667	0.0	0.0	0.0 	0.0 	195.216666667 	19.0 	0.0 	0.0 	0.0 	-0.0 	19.0 	0.0 	0.0 	0.0 	12.6061377583	2.64023776784	163.755253648	-60.6079251415	
7.13333333333	0.0	0.0	0.0 	0.0 	195.533333333 	19.0 	0.0 	0.0 	0.0 	-0.0 	19.0 	0.0 	0.0 	0.0 	12.6183508559	2.64023776784	163.856329608	-60.792349109	
7.15	0.0	0.0	0.0 	0.0 	195.85 	19.0 	0.0 	0.0 	0.0 	-0.0 	19.0 	0.0 	0.0 	0.0 	12.6305032796	2.64023776784	163.957502912	-60.9769506906	
7.16666666667	0.0	0.0	0.0 	0.0 	196.166666667 	19.0 	0.0 	0.0 	0.0 	-0.0 	19.0 	0.0 	0.0 	0.0 	12.6425953306	2.64023776784	164.058773076	-61.1617290041	
7.18333333333	0.0	0.0	0.0 	0.0 	196.483333333 	19.0 	0.0 	0.0 	0.0 	-0.0 	19.0 	0.0 	0.0 	0.0 	12.6546273089	2.64023776784	164.16013962	-61.3466831714	
7.2	0.0	0.0	0.0 	0.0 	196.8 	19.0 	0.0 	0.0 	0.0 	-0.0 	19.0 	0.0 	0.0 	0.0 	12.666599513	2.64023776784	164.261602063	-61.5318123188	
7.21666666667	0.0	0.0	0.0 	0.0 	197.116666667 	19.0 	0.0 	0.0 	0.0 	-0.0 	19.0 	0.0 	0.0 	0.0 	12.6785122398	2.64023776784	164.36315993	-61.7171155772	
7.23333333333	0.0	0.0	0.0 	0.0 	197.433333333 	19.0 	0.0 	0.0 	0.0 	-0.0 	19.0 	0.0 	0.0 	0.0 	12.6903657847	2.64023776784	164.464812747	-61.9025920814	
7.25	0.0	0.0	0.0 	0.0 	197.75 	19.0 	0.0 	0.0 	0.0 	-0.0 	19.0 	0.0 	0.0 	0.0 	12.7021604419	2.64023776784	164.566560042	-62.088240971	
7.26666666667	0.0	0.0	0.0 	0.0 	198.066666667 	19.0 	0.0 	0.0 	0.0 	-0.0 	19.0 	0.0 	0.0 	0.0 	12.7138965038	2.64023776784	164.668401346	-62.2740613893	
7.28333333333	0.0	0.0	0.0 	0.0 	198.383333333 	19.0 	0.0 	0.0 	0.0 	-0.0 	19.0 	0.0 	0.0 	0.0 	12.7255742616	2.64023776784	164.770336191	-62.4600524844	
7.3	0.0	0.0	0.0 	0.0 	198.7 	19.0 	0.0 	0.0 	0.0 	-0.0 	19.0 	0.0 	0.0 	0.0 	12.7371940048	2.64023776784	164.872364113	-62.6462134082	
7.31666666667	0.0	0.0	0.0 	0.0 	199.016666667 	19.0 	0.0 	0.0 	0.0 	-0.0 	19.0 	0.0 	0.0 	0.0 	12.7487560218	2.64023776784	164.974484649	-62.8325433171	
7.33333333333	0.0	0.0	0.0 	0.0 	199.333333333 	19.0 	0.0 	0.0 	0.0 	-0.0 	19.0 	0.0 	0.0 	0.0 	12.7602605992	2.64023776784	165.07669734	-63.0190413716	
7.35	0.0	0.0	0.0 	0.0 	199.65 	19.0 	0.0 	0.0 	0.0 	-0.0 	19.0 	0.0 	0.0 	0.0 	12.7717080225	2.64023776784	165.179001727	-63.2057067363	
7.36666666667	0.0	0.0	0.0 	0.0 	199.966666667 	19.0 	0.0 	0.0 	0.0 	-0.0 	19.0 	0.0 	0.0 	0.0 	12.7830985756	2.64023776784	165.281397356	-63.3925385801	
7.38333333333	0.0	0.0	0.0 	0.0 	200.283333333 	19.0 	0.0 	0.0 	0.0 	-0.0 	19.0 	0.0 	0.0 	0.0 	12.794432541	2.64023776784	165.383883772	-63.5795360758	
7.4	0.0	0.0	0.0 	0.0 	200.6 	19.0 	0.0 	0.0 	0.0 	-0.0 	19.0 	0.0 	0.0 	0.0 	12.8057101999	2.64023776784	165.486460524	-63.7666984006	
7.41666666667	0.0	0.0	0.0 	0.0 	200.916666667 	19.0 	0.0 	0.0 	0.0 	-0.0 	19.0 	0.0 	0.0 	0.0 	12.8169318319	2.64023776784	165.589127165	-63.9540247356	
7.43333333333	0.0	0.0	0.0 	0.0 	201.233333333 	19.0 	0.0 	0.0 	0.0 	-0.0 	19.0 	0.0 	0.0 	0.0 	12.8280977154	2.64023776784	165.691883247	-64.1415142659	
7.45	0.0	0.0	0.0 	0.0 	201.55 	19.0 	0.0 	0.0 	0.0 	-0.0 	19.0 	0.0 	0.0 	0.0 	12.8392081274	2.64023776784	165.794728326	-64.3291661809	
7.46666666667	0.0	0.0	0.0 	0.0 	201.866666667 	19.0 	0.0 	0.0 	0.0 	-0.0 	19.0 	0.0 	0.0 	0.0 	12.8502633435	2.64023776784	165.89766196	-64.5169796738	
7.48333333333	0.0	0.0	0.0 	0.0 	202.183333333 	19.0 	0.0 	0.0 	0.0 	-0.0 	19.0 	0.0 	0.0 	0.0 	12.8612636377	2.64023776784	166.000683709	-64.7049539419	
7.5	0.0	0.0	0.0 	0.0 	202.5 	19.0 	0.0 	0.0 	0.0 	-0.0 	19.0 	0.0 	0.0 	0.0 	12.8722092831	2.64023776784	166.103793135	-64.8930881864	
7.51666666667	0.0	0.0	0.0 	0.0 	202.816666667 	19.0 	0.0 	0.0 	0.0 	-0.0 	19.0 	0.0 	0.0 	0.0 	12.8831005511	2.64023776784	166.206989803	-65.0813816127	
7.53333333333	0.0	0.0	0.0 	0.0 	203.133333333 	19.0 	0.0 	0.0 	0.0 	-0.0 	19.0 	0.0 	0.0 	0.0 	12.8939377118	2.64023776784	166.310273279	-65.2698334299	
7.55	0.0	0.0	0.0 	0.0 	203.45 	19.0 	0.0 	0.0 	0.0 	-0.0 	19.0 	0.0 	0.0 	0.0 	12.9047210341	2.64023776784	166.413643132	-65.4584428512	
7.56666666667	0.0	0.0	0.0 	0.0 	203.766666667 	19.0 	0.0 	0.0 	0.0 	-0.0 	19.0 	0.0 	0.0 	0.0 	12.9154507854	2.64023776784	166.517098933	-65.6472090935	
7.58333333333	0.0	0.0	0.0 	0.0 	204.083333333 	19.0 	0.0 	0.0 	0.0 	-0.0 	19.0 	0.0 	0.0 	0.0 	12.9261272318	2.64023776784	166.620640254	-65.8361313778	
7.6	0.0	0.0	0.0 	0.0 	204.4 	19.0 	0.0 	0.0 	0.0 	-0.0 	19.0 	0.0 	0.0 	0.0 	12.9367506382	2.64023776784	166.724266672	-66.0252089289	
7.61666666667	0.0	0.0	0.0 	0.0 	204.716666667 	19.0 	0.0 	0.0 	0.0 	-0.0 	19.0 	0.0 	0.0 	0.0 	12.947321268	2.64023776784	166.827977763	-66.2144409754	
7.63333333333	0.0	0.0	0.0 	0.0 	205.033333333 	19.0 	0.0 	0.0 	0.0 	-0.0 	19.0 	0.0 	0.0 	0.0 	12.9578393835	2.64023776784	166.931773106	-66.4038267498	
7.65	0.0	0.0	0.0 	0.0 	205.35 	19.0 	0.0 	0.0 	0.0 	-0.0 	19.0 	0.0 	0.0 	0.0 	12.9683052456	2.64023776784	167.035652283	-66.5933654884	
7.66666666667	0.0	0.0	0.0 	0.0 	205.666666667 	19.0 	0.0 	0.0 	0.0 	-0.0 	19.0 	0.0 	0.0 	0.0 	12.9787191137	2.64023776784	167.139614878	-66.7830564313	
7.68333333333	0.0	0.0	0.0 	0.0 	205.983333333 	19.0 	0.0 	0.0 	0.0 	-0.0 	19.0 	0.0 	0.0 	0.0 	12.9890812463	2.64023776784	167.243660476	-66.9728988223	
7.7	0.0	0.0	0.0 	0.0 	206.3 	19.0 	0.0 	0.0 	0.0 	-0.0 	19.0 	0.0 	0.0 	0.0 	12.9993919004	2.64023776784	167.347788665	-67.162891909	
7.71666666667	0.0	0.0	0.0 	0.0 	206.616666667 	19.0 	0.0 	0.0 	0.0 	-0.0 	19.0 	0.0 	0.0 	0.0 	13.0096513317	2.64023776784	167.451999034	-67.3530349429	
7.73333333333	0.0	0.0	0.0 	0.0 	206.933333333 	19.0 	0.0 	0.0 	0.0 	-0.0 	19.0 	0.0 	0.0 	0.0 	13.0198597946	2.64023776784	167.556291176	-67.5433271789	
7.75	0.0	0.0	0.0 	0.0 	207.25 	19.0 	0.0 	0.0 	0.0 	-0.0 	19.0 	0.0 	0.0 	0.0 	13.0300175424	2.64023776784	167.660664683	-67.7337678758	
7.76666666667	0.0	0.0	0.0 	0.0 	207.566666667 	19.0 	0.0 	0.0 	0.0 	-0.0 	19.0 	0.0 	0.0 	0.0 	13.0401248271	2.64023776784	167.765119152	-67.9243562961	
7.78333333333	0.0	0.0	0.0 	0.0 	207.883333333 	19.0 	0.0 	0.0 	0.0 	-0.0 	19.0 	0.0 	0.0 	0.0 	13.0501818992	2.64023776784	167.869654181	-68.115091706	
7.8	0.0	0.0	0.0 	0.0 	208.2 	19.0 	0.0 	0.0 	0.0 	-0.0 	19.0 	0.0 	0.0 	0.0 	13.0601890084	2.64023776784	167.974269369	-68.3059733751	
7.81666666667	0.0	0.0	0.0 	0.0 	208.516666667 	19.0 	0.0 	0.0 	0.0 	-0.0 	19.0 	0.0 	0.0 	0.0 	13.0701464027	2.64023776784	168.078964318	-68.4970005768	
7.83333333333	0.0	0.0	0.0 	0.0 	208.833333333 	19.0 	0.0 	0.0 	0.0 	-0.0 	19.0 	0.0 	0.0 	0.0 	13.0800543293	2.64023776784	168.183738632	-68.6881725882	
7.85	0.0	0.0	0.0 	0.0 	209.15 	19.0 	0.0 	0.0 	0.0 	-0.0 	19.0 	0.0 	0.0 	0.0 	13.0899130337	2.64023776784	168.288591916	-68.8794886899	
7.86666666667	0.0	0.0	0.0 	0.0 	209.466666667 	19.0 	0.0 	0.0 	0.0 	-0.0 	19.0 	0.0 	0.0 	0.0 	13.0997227606	2.64023776784	168.393523779	-69.070948166	
7.88333333333	0.0	0.0	0.0 	0.0 	209.783333333 	19.0 	0.0 	0.0 	0.0 	-0.0 	19.0 	0.0 	0.0 	0.0 	13.1094837533	2.64023776784	168.498533829	-69.2625503043	
7.9	0.0	0.0	0.0 	0.0 	210.1 	19.0 	0.0 	0.0 	0.0 	-0.0 	19.0 	0.0 	0.0 	0.0 	13.1191962539	2.64023776784	168.603621679	-69.4542943959	
7.91666666667	0.0	0.0	0.0 	0.0 	210.416666667 	19.0 	0.0 	0.0 	0.0 	-0.0 	19.0 	0.0 	0.0 	0.0 	13.1288605033	2.64023776784	168.708786942	-69.6461797357	
7.93333333333	0.0	0.0	0.0 	0.0 	210.733333333 	19.0 	0.0 	0.0 	0.0 	-0.0 	19.0 	0.0 	0.0 	0.0 	13.1384767412	2.64023776784	168.814029233	-69.8382056221	
7.95	0.0	0.0	0.0 	0.0 	211.05 	19.0 	0.0 	0.0 	0.0 	-0.0 	19.0 	0.0 	0.0 	0.0 	13.1480452061	2.64023776784	168.91934817	-70.0303713566	
7.96666666667	0.0	0.0	0.0 	0.0 	211.366666667 	19.0 	0.0 	0.0 	0.0 	-0.0 	19.0 	0.0 	0.0 	0.0 	13.1575661353	2.64023776784	169.024743372	-70.2226762447	
7.98333333333	0.0	0.0	0.0 	0.0 	211.683333333 	19.0 	0.0 	0.0 	0.0 	-0.0 	19.0 	0.0 	0.0 	0.0 	13.1670397651	2.64023776784	169.130214459	-70.4151195949	
8.0	0.0	0.0	0.0 	0.0 	212.0 	19.0 	0.0 	0.0 	0.0 	-0.0 	19.0 	0.0 	0.0 	0.0 	13.1764663304	2.64023776784	169.235761056	-70.6077007194	
8.01666666667	0.0	0.0	0.0 	0.0 	212.316666667 	19.0 	0.0 	0.0 	0.0 	-0.0 	19.0 	0.0 	0.0 	0.0 	13.185846065	2.64023776784	169.341382786	-70.8004189338	
8.03333333333	0.0	0.0	0.0 	0.0 	212.633333333 	19.0 	0.0 	0.0 	0.0 	-0.0 	19.0 	0.0 	0.0 	0.0 	13.1951792015	2.64023776784	169.447079278	-70.993273557	
8.05	0.0	0.0	0.0 	0.0 	212.95 	19.0 	0.0 	0.0 	0.0 	-0.0 	19.0 	0.0 	0.0 	0.0 	13.2044659715	2.64023776784	169.552850158	-71.1862639113	
8.06666666667	0.0	0.0	0.0 	0.0 	213.266666667 	19.0 	0.0 	0.0 	0.0 	-0.0 	19.0 	0.0 	0.0 	0.0 	13.2137066053	2.64023776784	169.658695058	-71.3793893225	
8.08333333333	0.0	0.0	0.0 	0.0 	213.583333333 	19.0 	0.0 	0.0 	0.0 	-0.0 	19.0 	0.0 	0.0 	0.0 	13.2229013321	2.64023776784	169.76461361	-71.5726491195	
8.1	0.0	0.0	0.0 	0.0 	213.9 	19.0 	0.0 	0.0 	0.0 	-0.0 	19.0 	0.0 	0.0 	0.0 	13.23205038	2.64023776784	169.870605448	-71.7660426347	
8.11666666667	0.0	0.0	0.0 	0.0 	214.216666667 	19.0 	0.0 	0.0 	0.0 	-0.0 	19.0 	0.0 	0.0 	0.0 	13.2411539758	2.64023776784	169.976670208	-71.9595692039	
8.13333333333	0.0	0.0	0.0 	0.0 	214.533333333 	19.0 	0.0 	0.0 	0.0 	-0.0 	19.0 	0.0 	0.0 	0.0 	13.2502123455	2.64023776784	170.082807528	-72.153228166	
8.15	0.0	0.0	0.0 	0.0 	214.85 	19.0 	0.0 	0.0 	0.0 	-0.0 	19.0 	0.0 	0.0 	0.0 	13.2592257137	2.64023776784	170.189017046	-72.3470188634	
8.16666666667	0.0	0.0	0.0 	0.0 	215.166666667 	19.0 	0.0 	0.0 	0.0 	-0.0 	19.0 	0.0 	0.0 	0.0 	13.2681943039	2.64023776784	170.295298406	-72.5409406414	
8.18333333333	0.0	0.0	0.0 	0.0 	215.483333333 	19.0 	0.0 	0.0 	0.0 	-0.0 	19.0 	0.0 	0.0 	0.0 	13.2771183386	2.64023776784	170.401651249	-72.7349928491	
8.2	0.0	0.0	0.0 	0.0 	215.8 	19.0 	0.0 	0.0 	0.0 	-0.0 	19.0 	0.0 	0.0 	0.0 	13.2859980391	2.64023776784	170.50807522	-72.9291748383	
8.21666666667	0.0	0.0	0.0 	0.0 	216.116666667 	19.0 	0.0 	0.0 	0.0 	-0.0 	19.0 	0.0 	0.0 	0.0 	13.2948336258	2.64023776784	170.614569967	-73.1234859644	
8.23333333333	0.0	0.0	0.0 	0.0 	216.433333333 	19.0 	0.0 	0.0 	0.0 	-0.0 	19.0 	0.0 	0.0 	0.0 	13.3036253177	2.64023776784	170.721135137	-73.3179255857	
8.25	0.0	0.0	0.0 	0.0 	216.75 	19.0 	0.0 	0.0 	0.0 	-0.0 	19.0 	0.0 	0.0 	0.0 	13.312373333	2.64023776784	170.827770381	-73.512493064	
8.26666666667	0.0	0.0	0.0 	0.0 	217.066666667 	19.0 	0.0 	0.0 	0.0 	-0.0 	19.0 	0.0 	0.0 	0.0 	13.3210778885	2.64023776784	170.93447535	-73.7071877641	
8.28333333333	0.0	0.0	0.0 	0.0 	217.383333333 	19.0 	0.0 	0.0 	0.0 	-0.0 	19.0 	0.0 	0.0 	0.0 	13.3297392003	2.64023776784	171.041249698	-73.9020090538	
8.3	0.0	0.0	0.0 	0.0 	217.7 	19.0 	0.0 	0.0 	0.0 	-0.0 	19.0 	0.0 	0.0 	0.0 	13.3383574831	2.64023776784	171.148093081	-74.0969563044	
8.31666666667	0.0	0.0	0.0 	0.0 	218.016666667 	19.0 	0.0 	0.0 	0.0 	-0.0 	19.0 	0.0 	0.0 	0.0 	13.3469329507	2.64023776784	171.255005156	-74.2920288901	
8.33333333333	0.0	0.0	0.0 	0.0 	218.333333333 	19.0 	0.0 	0.0 	0.0 	-0.0 	19.0 	0.0 	0.0 	0.0 	13.3554658159	2.64023776784	171.36198558	-74.4872261881	
8.35	0.0	0.0	0.0 	0.0 	218.65 	19.0 	0.0 	0.0 	0.0 	-0.0 	19.0 	0.0 	0.0 	0.0 	13.3639562902	2.64023776784	171.469034016	-74.682547579	
8.36666666667	0.0	0.0	0.0 	0.0 	218.966666667 	19.0 	0.0 	0.0 	0.0 	-0.0 	19.0 	0.0 	0.0 	0.0 	13.3724045843	2.64023776784	171.576150124	-74.8779924463	
8.38333333333	0.0	0.0	0.0 	0.0 	219.283333333 	19.0 	0.0 	0.0 	0.0 	-0.0 	19.0 	0.0 	0.0 	0.0 	13.3808109077	2.64023776784	171.683333569	-75.0735601764	
8.4	0.0	0.0	0.0 	0.0 	219.6 	19.0 	0.0 	0.0 	0.0 	-0.0 	19.0 	0.0 	0.0 	0.0 	13.3891754689	2.64023776784	171.790584016	-75.2692501592	
8.41666666667	0.0	0.0	0.0 	0.0 	219.916666667 	19.0 	0.0 	0.0 	0.0 	-0.0 	19.0 	0.0 	0.0 	0.0 	13.3974984753	2.64023776784	171.897901132	-75.4650617871	
8.43333333333	0.0	0.0	0.0 	0.0 	220.233333333 	19.0 	0.0 	0.0 	0.0 	-0.0 	19.0 	0.0 	0.0 	0.0 	13.4057801336	2.64023776784	172.005284586	-75.6609944559	
8.45	0.0	0.0	0.0 	0.0 	220.55 	19.0 	0.0 	0.0 	0.0 	-0.0 	19.0 	0.0 	0.0 	0.0 	13.4140206489	2.64023776784	172.112734049	-75.8570475642	
8.46666666667	0.0	0.0	0.0 	0.0 	220.866666667 	19.0 	0.0 	0.0 	0.0 	-0.0 	19.0 	0.0 	0.0 	0.0 	13.4222202258	2.64023776784	172.220249192	-76.0532205138	
8.48333333333	0.0	0.0	0.0 	0.0 	221.183333333 	19.0 	0.0 	0.0 	0.0 	-0.0 	19.0 	0.0 	0.0 	0.0 	13.4303790676	2.64023776784	172.327829689	-76.2495127092	
8.5	0.0	0.0	0.0 	0.0 	221.5 	19.0 	0.0 	0.0 	0.0 	-0.0 	19.0 	0.0 	0.0 	0.0 	13.4384973768	2.64023776784	172.435475216	-76.4459235581	
8.51666666667	0.0	0.0	0.0 	0.0 	221.816666667 	19.0 	0.0 	0.0 	0.0 	-0.0 	19.0 	0.0 	0.0 	0.0 	13.4465753545	2.64023776784	172.54318545	-76.6424524709	
8.53333333333	0.0	0.0	0.0 	0.0 	222.133333333 	19.0 	0.0 	0.0 	0.0 	-0.0 	19.0 	0.0 	0.0 	0.0 	13.4546132013	2.64023776784	172.650960069	-76.8390988612	
8.55	0.0	0.0	0.0 	0.0 	222.45 	19.0 	0.0 	0.0 	0.0 	-0.0 	19.0 	0.0 	0.0 	0.0 	13.4626111165	2.64023776784	172.758798752	-77.0358621453	
8.56666666667	0.0	0.0	0.0 	0.0 	222.766666667 	19.0 	0.0 	0.0 	0.0 	-0.0 	19.0 	0.0 	0.0 	0.0 	13.4705692985	2.64023776784	172.866701183	-77.2327417425	
8.58333333333	0.0	0.0	0.0 	0.0 	223.083333333 	19.0 	0.0 	0.0 	0.0 	-0.0 	19.0 	0.0 	0.0 	0.0 	13.4784879446	2.64023776784	172.974667044	-77.429737075	
8.6	0.0	0.0	0.0 	0.0 	223.4 	19.0 	0.0 	0.0 	0.0 	-0.0 	19.0 	0.0 	0.0 	0.0 	13.4863672513	2.64023776784	173.08269602	-77.6268475677	
8.61666666667	0.0	0.0	0.0 	0.0 	223.716666667 	19.0 	0.0 	0.0 	0.0 	-0.0 	19.0 	0.0 	0.0 	0.0 	13.494207414	2.64023776784	173.190787797	-77.8240726487	
8.63333333333	0.0	0.0	0.0 	0.0 	224.033333333 	19.0 	0.0 	0.0 	0.0 	-0.0 	19.0 	0.0 	0.0 	0.0 	13.5020086271	2.64023776784	173.298942065	-78.0214117485	
8.65	0.0	0.0	0.0 	0.0 	224.35 	19.0 	0.0 	0.0 	0.0 	-0.0 	19.0 	0.0 	0.0 	0.0 	13.5097710843	2.64023776784	173.407158511	-78.2188643009	
8.66666666667	0.0	0.0	0.0 	0.0 	224.666666667 	19.0 	0.0 	0.0 	0.0 	-0.0 	19.0 	0.0 	0.0 	0.0 	13.5174949779	2.64023776784	173.515436827	-78.4164297421	
8.68333333333	0.0	0.0	0.0 	0.0 	224.983333333 	19.0 	0.0 	0.0 	0.0 	-0.0 	19.0 	0.0 	0.0 	0.0 	13.5251804997	2.64023776784	173.623776706	-78.6141075113	
8.7	0.0	0.0	0.0 	0.0 	225.3 	19.0 	0.0 	0.0 	0.0 	-0.0 	19.0 	0.0 	0.0 	0.0 	13.5328278401	2.64023776784	173.732177843	-78.8118970505	
8.71666666667	0.0	0.0	0.0 	0.0 	225.616666667 	19.0 	0.0 	0.0 	0.0 	-0.0 	19.0 	0.0 	0.0 	0.0 	13.540437189	2.64023776784	173.840639932	-79.0097978044	
8.73333333333	0.0	0.0	0.0 	0.0 	225.933333333 	19.0 	0.0 	0.0 	0.0 	-0.0 	19.0 	0.0 	0.0 	0.0 	13.548008735	2.64023776784	173.94916267	-79.2078092205	
8.75	0.0	0.0	0.0 	0.0 	226.25 	19.0 	0.0 	0.0 	0.0 	-0.0 	19.0 	0.0 	0.0 	0.0 	13.555542666	2.64023776784	174.057745758	-79.405930749	
8.76666666667	0.0	0.0	0.0 	0.0 	226.566666667 	19.0 	0.0 	0.0 	0.0 	-0.0 	19.0 	0.0 	0.0 	0.0 	13.5630391688	2.64023776784	174.166388894	-79.604161843	
8.78333333333	0.0	0.0	0.0 	0.0 	226.883333333 	19.0 	0.0 	0.0 	0.0 	-0.0 	19.0 	0.0 	0.0 	0.0 	13.5704984293	2.64023776784	174.27509178	-79.8025019581	
8.8	0.0	0.0	0.0 	0.0 	227.2 	19.0 	0.0 	0.0 	0.0 	-0.0 	19.0 	0.0 	0.0 	0.0 	13.5779206326	2.64023776784	174.38385412	-80.0009505526	
8.81666666667	0.0	0.0	0.0 	0.0 	227.516666667 	19.0 	0.0 	0.0 	0.0 	-0.0 	19.0 	0.0 	0.0 	0.0 	13.5853059628	2.64023776784	174.492675619	-80.1995070877	
8.83333333333	0.0	0.0	0.0 	0.0 	227.833333333 	19.0 	0.0 	0.0 	0.0 	-0.0 	19.0 	0.0 	0.0 	0.0 	13.5926546031	2.64023776784	174.601555981	-80.3981710272	
8.85	0.0	0.0	0.0 	0.0 	228.15 	19.0 	0.0 	0.0 	0.0 	-0.0 	19.0 	0.0 	0.0 	0.0 	13.5999667356	2.64023776784	174.710494916	-80.5969418373	
8.86666666667	0.0	0.0	0.0 	0.0 	228.466666667 	19.0 	0.0 	0.0 	0.0 	-0.0 	19.0 	0.0 	0.0 	0.0 	13.6072425419	2.64023776784	174.819492132	-80.7958189873	
8.88333333333	0.0	0.0	0.0 	0.0 	228.783333333 	19.0 	0.0 	0.0 	0.0 	-0.0 	19.0 	0.0 	0.0 	0.0 	13.6144822024	2.64023776784	174.928547339	-80.9948019488	
8.9	0.0	0.0	0.0 	0.0 	229.1 	19.0 	0.0 	0.0 	0.0 	-0.0 	19.0 	0.0 	0.0 	0.0 	13.6216858966	2.64023776784	175.037660249	-81.1938901962	
8.91666666667	0.0	0.0	0.0 	0.0 	229.416666667 	19.0 	0.0 	0.0 	0.0 	-0.0 	19.0 	0.0 	0.0 	0.0 	13.6288538032	2.64023776784	175.146830576	-81.3930832063	
8.93333333333	0.0	0.0	0.0 	0.0 	229.733333333 	19.0 	0.0 	0.0 	0.0 	-0.0 	19.0 	0.0 	0.0 	0.0 	13.6359861	2.64023776784	175.256058034	-81.5923804588	
8.95	0.0	0.0	0.0 	0.0 	230.05 	19.0 	0.0 	0.0 	0.0 	-0.0 	19.0 	0.0 	0.0 	0.0 	13.6430829639	2.64023776784	175.365342339	-81.7917814358	
8.96666666667	0.0	0.0	0.0 	0.0 	230.366666667 	19.0 	0.0 	0.0 	0.0 	-0.0 	19.0 	0.0 	0.0 	0.0 	13.650144571	2.64023776784	175.47468321	-81.991285622	
8.98333333333	0.0	0.0	0.0 	0.0 	230.683333333 	19.0 	0.0 	0.0 	0.0 	-0.0 	19.0 	0.0 	0.0 	0.0 	13.6571710963	2.64023776784	175.584080365	-82.1908925046	
9.0	0.0	0.0	0.0 	0.0 	231.0 	19.0 	0.0 	0.0 	0.0 	-0.0 	19.0 	0.0 	0.0 	0.0 	13.6641627143	2.64023776784	175.693533525	-82.3906015734	
9.01666666667	0.0	0.0	0.0 	0.0 	231.316666667 	19.0 	0.0 	0.0 	0.0 	-0.0 	19.0 	0.0 	0.0 	0.0 	13.6711195982	2.64023776784	175.803042411	-82.5904123208	
9.03333333333	0.0	0.0	0.0 	0.0 	231.633333333 	19.0 	0.0 	0.0 	0.0 	-0.0 	19.0 	0.0 	0.0 	0.0 	13.6780419208	2.64023776784	175.912606746	-82.7903242417	
9.05	0.0	0.0	0.0 	0.0 	231.95 	19.0 	0.0 	0.0 	0.0 	-0.0 	19.0 	0.0 	0.0 	0.0 	13.6849298535	2.64023776784	176.022226255	-82.9903368334	
9.06666666667	0.0	0.0	0.0 	0.0 	232.266666667 	19.0 	0.0 	0.0 	0.0 	-0.0 	19.0 	0.0 	0.0 	0.0 	13.6917835674	2.64023776784	176.131900664	-83.1904495959	
9.08333333333	0.0	0.0	0.0 	0.0 	232.583333333 	19.0 	0.0 	0.0 	0.0 	-0.0 	19.0 	0.0 	0.0 	0.0 	13.6986032324	2.64023776784	176.2416297	-83.3906620314	
9.1	0.0	0.0	0.0 	0.0 	232.9 	19.0 	0.0 	0.0 	0.0 	-0.0 	19.0 	0.0 	0.0 	0.0 	13.7053890176	2.64023776784	176.351413092	-83.5909736447	
9.11666666667	0.0	0.0	0.0 	0.0 	233.216666667 	19.0 	0.0 	0.0 	0.0 	-0.0 	19.0 	0.0 	0.0 	0.0 	13.7121410914	2.64023776784	176.46125057	-83.7913839433	
9.13333333333	0.0	0.0	0.0 	0.0 	233.533333333 	19.0 	0.0 	0.0 	0.0 	-0.0 	19.0 	0.0 	0.0 	0.0 	13.7188596212	2.64023776784	176.571141864	-83.9918924368	
9.15	0.0	0.0	0.0 	0.0 	233.85 	19.0 	0.0 	0.0 	0.0 	-0.0 	19.0 	0.0 	0.0 	0.0 	13.7255447737	2.64023776784	176.681086708	-84.1924986373	
9.16666666667	0.0	0.0	0.0 	0.0 	234.166666667 	19.0 	0.0 	0.0 	0.0 	-0.0 	19.0 	0.0 	0.0 	0.0 	13.7321967148	2.64023776784	176.791084836	-84.3932020596	
9.18333333333	0.0	0.0	0.0 	0.0 	234.483333333 	19.0 	0.0 	0.0 	0.0 	-0.0 	19.0 	0.0 	0.0 	0.0 	13.7388156093	2.64023776784	176.901135983	-84.5940022205	
9.2	0.0	0.0	0.0 	0.0 	234.8 	19.0 	0.0 	0.0 	0.0 	-0.0 	19.0 	0.0 	0.0 	0.0 	13.7454016215	2.64023776784	177.011239885	-84.7948986396	
9.21666666667	0.0	0.0	0.0 	0.0 	235.116666667 	19.0 	0.0 	0.0 	0.0 	-0.0 	19.0 	0.0 	0.0 	0.0 	13.7519549147	2.64023776784	177.121396281	-84.9958908385	
9.23333333333	0.0	0.0	0.0 	0.0 	235.433333333 	19.0 	0.0 	0.0 	0.0 	-0.0 	19.0 	0.0 	0.0 	0.0 	13.7584756515	2.64023776784	177.231604909	-85.1969783416	
9.25	0.0	0.0	0.0 	0.0 	235.75 	19.0 	0.0 	0.0 	0.0 	-0.0 	19.0 	0.0 	0.0 	0.0 	13.7649639936	2.64023776784	177.341865511	-85.3981606752	
9.26666666667	0.0	0.0	0.0 	0.0 	236.066666667 	19.0 	0.0 	0.0 	0.0 	-0.0 	19.0 	0.0 	0.0 	0.0 	13.771420102	2.64023776784	177.452177827	-85.5994373683	
9.28333333333	0.0	0.0	0.0 	0.0 	236.383333333 	19.0 	0.0 	0.0 	0.0 	-0.0 	19.0 	0.0 	0.0 	0.0 	13.7778441367	2.64023776784	177.562541602	-85.8008079521	
9.3	0.0	0.0	0.0 	0.0 	236.7 	19.0 	0.0 	0.0 	0.0 	-0.0 	19.0 	0.0 	0.0 	0.0 	13.7842362572	2.64023776784	177.672956579	-86.0022719602	
9.31666666667	0.0	0.0	0.0 	0.0 	237.016666667 	19.0 	0.0 	0.0 	0.0 	-0.0 	19.0 	0.0 	0.0 	0.0 	13.790596622	2.64023776784	177.783422503	-86.2038289284	
9.33333333333	0.0	0.0	0.0 	0.0 	237.333333333 	19.0 	0.0 	0.0 	0.0 	-0.0 	19.0 	0.0 	0.0 	0.0 	13.7969253887	2.64023776784	177.893939123	-86.405478395	
9.35	0.0	0.0	0.0 	0.0 	237.65 	19.0 	0.0 	0.0 	0.0 	-0.0 	19.0 	0.0 	0.0 	0.0 	13.8032227145	2.64023776784	178.004506186	-86.6072199003	
9.36666666667	0.0	0.0	0.0 	0.0 	237.966666667 	19.0 	0.0 	0.0 	0.0 	-0.0 	19.0 	0.0 	0.0 	0.0 	13.8094887555	2.64023776784	178.115123441	-86.8090529872	
9.38333333333	0.0	0.0	0.0 	0.0 	238.283333333 	19.0 	0.0 	0.0 	0.0 	-0.0 	19.0 	0.0 	0.0 	0.0 	13.8157236672	2.64023776784	178.22579064	-87.0109772007	
9.4	0.0	0.0	0.0 	0.0 	238.6 	19.0 	0.0 	0.0 	0.0 	-0.0 	19.0 	0.0 	0.0 	0.0 	13.8219276041	2.64023776784	178.336507533	-87.212992088	
9.41666666667	0.0	0.0	0.0 	0.0 	238.916666667 	19.0 	0.0 	0.0 	0.0 	-0.0 	19.0 	0.0 	0.0 	0.0 	13.8281007202	2.64023776784	178.447273875	-87.4150971988	
9.43333333333	0.0	0.0	0.0 	0.0 	239.233333333 	19.0 	0.0 	0.0 	0.0 	-0.0 	19.0 	0.0 	0.0 	0.0 	13.8342431685	2.64023776784	178.558089419	-87.6172920847	
9.45	0.0	0.0	0.0 	0.0 	239.55 	19.0 	0.0 	0.0 	0.0 	-0.0 	19.0 	0.0 	0.0 	0.0 	13.8403551015	2.64023776784	178.668953921	-87.8195762998	
9.46666666667	0.0	0.0	0.0 	0.0 	239.866666667 	19.0 	0.0 	0.0 	0.0 	-0.0 	19.0 	0.0 	0.0 	0.0 	13.8464366707	2.64023776784	178.779867137	-88.0219494003	
9.48333333333	0.0	0.0	0.0 	0.0 	240.183333333 	19.0 	0.0 	0.0 	0.0 	-0.0 	19.0 	0.0 	0.0 	0.0 	13.852488027	2.64023776784	178.890828827	-88.2244109446	
9.5	0.0	0.0	0.0 	0.0 	240.5 	19.0 	0.0 	0.0 	0.0 	-0.0 	19.0 	0.0 	0.0 	0.0 	13.8585093204	2.64023776784	179.001838749	-88.4269604934	
9.51666666667	0.0	0.0	0.0 	0.0 	240.816666667 	19.0 	0.0 	0.0 	0.0 	-0.0 	19.0 	0.0 	0.0 	0.0 	13.8645007004	2.64023776784	179.112896662	-88.6295976094	
9.53333333333	0.0	0.0	0.0 	0.0 	241.133333333 	19.0 	0.0 	0.0 	0.0 	-0.0 	19.0 	0.0 	0.0 	0.0 	13.8704623155	2.64023776784	179.22400233	-88.8323218575	
9.55	0.0	0.0	0.0 	0.0 	241.45 	19.0 	0.0 	0.0 	0.0 	-0.0 	19.0 	0.0 	0.0 	0.0 	13.8763943136	2.64023776784	179.335155515	-89.0351328051	
9.56666666667	0.0	0.0	0.0 	0.0 	241.766666667 	19.0 	0.0 	0.0 	0.0 	-0.0 	19.0 	0.0 	0.0 	0.0 	13.8822968419	2.64023776784	179.44635598	-89.2380300212	
9.58333333333	0.0	0.0	0.0 	0.0 	242.083333333 	19.0 	0.0 	0.0 	0.0 	-0.0 	19.0 	0.0 	0.0 	0.0 	13.8881700467	2.64023776784	179.557603491	-89.4410130774	
9.6	0.0	0.0	0.0 	0.0 	242.4 	19.0 	0.0 	0.0 	0.0 	-0.0 	19.0 	0.0 	0.0 	0.0 	13.8940140737	2.64023776784	179.668897814	-89.6440815472	
9.61666666667	0.0	0.0	0.0 	0.0 	242.716666667 	19.0 	0.0 	0.0 	0.0 	-0.0 	19.0 	0.0 	0.0 	0.0 	13.8998290679	2.64023776784	179.780238716	-89.8472350062	
9.63333333333	0.0	0.0	0.0 	0.0 	243.033333333 	19.0 	0.0 	0.0 	0.0 	-0.0 	19.0 	0.0 	0.0 	0.0 	13.9056151735	2.64023776784	179.891625967	-90.0504730323	
9.65	0.0	0.0	0.0 	0.0 	243.35 	19.0 	0.0 	0.0 	0.0 	-0.0 	19.0 	0.0 	0.0 	0.0 	13.911372534	2.64023776784	180.003059335	-90.2537952052	
9.66666666667	0.0	0.0	0.0 	0.0 	243.666666667 	19.0 	0.0 	0.0 	0.0 	-0.0 	19.0 	0.0 	0.0 	0.0 	13.9171012922	2.64023776784	180.114538592	-90.4572011071	
9.68333333333	0.0	0.0	0.0 	0.0 	243.983333333 	19.0 	0.0 	0.0 	0.0 	-0.0 	19.0 	0.0 	0.0 	0.0 	13.9228015903	2.64023776784	180.22606351	-90.6606903219	
9.7	0.0	0.0	0.0 	0.0 	244.3 	19.0 	0.0 	0.0 	0.0 	-0.0 	19.0 	0.0 	0.0 	0.0 	13.9284735696	2.64023776784	180.337633862	-90.8642624357	
9.71666666667	0.0	0.0	0.0 	0.0 	244.616666667 	19.0 	0.0 	0.0 	0.0 	-0.0 	19.0 	0.0 	0.0 	0.0 	13.9341173707	2.64023776784	180.449249422	-91.0679170366	
9.73333333333	0.0	0.0	0.0 	0.0 	244.933333333 	19.0 	0.0 	0.0 	0.0 	-0.0 	19.0 	0.0 	0.0 	0.0 	13.9397331338	2.64023776784	180.560909965	-91.271653715	
9.75	0.0	0.0	0.0 	0.0 	245.25 	19.0 	0.0 	0.0 	0.0 	-0.0 	19.0 	0.0 	0.0 	0.0 	13.945320998	2.64023776784	180.672615269	-91.475472063	
9.76666666667	0.0	0.0	0.0 	0.0 	245.566666667 	19.0 	0.0 	0.0 	0.0 	-0.0 	19.0 	0.0 	0.0 	0.0 	13.9508811021	2.64023776784	180.78436511	-91.6793716749	
9.78333333333	0.0	0.0	0.0 	0.0 	245.883333333 	19.0 	0.0 	0.0 	0.0 	-0.0 	19.0 	0.0 	0.0 	0.0 	13.9564135838	2.64023776784	180.896159268	-91.883352147	
9.8	0.0	0.0	0.0 	0.0 	246.2 	19.0 	0.0 	0.0 	0.0 	-0.0 	19.0 	0.0 	0.0 	0.0 	13.9619185804	2.64023776784	181.007997522	-92.0874130775	
9.81666666667	0.0	0.0	0.0 	0.0 	246.516666667 	19.0 	0.0 	0.0 	0.0 	-0.0 	19.0 	0.0 	0.0 	0.0 	13.9673962285	2.64023776784	181.119879653	-92.2915540669	
9.83333333333	0.0	0.0	0.0 	0.0 	246.833333333 	19.0 	0.0 	0.0 	0.0 	-0.0 	19.0 	0.0 	0.0 	0.0 	13.9728466639	2.64023776784	181.231805444	-92.4957747172	
9.85	0.0	0.0	0.0 	0.0 	247.15 	19.0 	0.0 	0.0 	0.0 	-0.0 	19.0 	0.0 	0.0 	0.0 	13.9782700218	2.64023776784	181.343774677	-92.7000746329	
9.86666666667	0.0	0.0	0.0 	0.0 	247.466666667 	19.0 	0.0 	0.0 	0.0 	-0.0 	19.0 	0.0 	0.0 	0.0 	13.9836664367	2.64023776784	181.455787136	-92.9044534201	
9.88333333333	0.0	0.0	0.0 	0.0 	247.783333333 	19.0 	0.0 	0.0 	0.0 	-0.0 	19.0 	0.0 	0.0 	0.0 	13.9890360426	2.64023776784	181.567842607	-93.1089106869	
9.9	0.0	0.0	0.0 	0.0 	248.1 	19.0 	0.0 	0.0 	0.0 	-0.0 	19.0 	0.0 	0.0 	0.0 	13.9943789725	2.64023776784	181.679940877	-93.3134460435	
9.91666666667	0.0	0.0	0.0 	0.0 	248.416666667 	19.0 	0.0 	0.0 	0.0 	-0.0 	19.0 	0.0 	0.0 	0.0 	13.999695359	2.64023776784	181.792081732	-93.5180591019	
9.93333333333	0.0	0.0	0.0 	0.0 	248.733333333 	19.0 	0.0 	0.0 	0.0 	-0.0 	19.0 	0.0 	0.0 	0.0 	14.004985334	2.64023776784	181.904264961	-93.7227494762	
9.95	0.0	0.0	0.0 	0.0 	249.05 	19.0 	0.0 	0.0 	0.0 	-0.0 	19.0 	0.0 	0.0 	0.0 	14.0102490286	2.64023776784	182.016490353	-93.9275167822	
9.96666666667	0.0	0.0	0.0 	0.0 	249.366666667 	19.0 	0.0 	0.0 	0.0 	-0.0 	19.0 	0.0 	0.0 	0.0 	14.0154865735	2.64023776784	182.128757699	-94.1323606377	
9.98333333333	0.0	0.0	0.0 	0.0 	249.683333333 	19.0 	0.0 	0.0 	0.0 	-0.0 	19.0 	0.0 	0.0 	0.0 	14.0206980986	2.64023776784	182.241066791	-94.3372806625	
