0.0166666666667	0.0	0.0	0.0 	0.0 	60.4166666667 	25.0 	0.0 	0.0 	0.0 	0.0 	25.0 	0.0 	0.0 	0.0 	0.0	-0.354516129032	140.0	-9.03225806452	
0.0333333333333	0.0	0.0	0.0 	0.0 	60.8333333333 	25.0 	0.0 	0.0 	0.0 	-0.0 	25.0 	0.0 	0.0 	0.0 	0.0	-0.354516129032	140.0	-9.03225806452	
0.05	0.0	0.0	0.0 	0.0 	61.25 	25.0 	0.0 	0.0 	0.0 	-0.0 	25.0 	0.0 	0.0 	0.0 	0.0	-0.354516129032	140.0	-9.03225806452	
0.0666666666667	0.0	0.0	0.0 	0.0 	61.6666666667 	25.0 	0.0 	0.0 	0.0 	-0.0 	25.0 	0.0 	0.0 	0.0 	0.0	-0.354516129032	140.0	-9.03225806452	
0.0833333333333	0.0	0.0	0.0 	0.0 	62.0833333333 	25.0 	0.0 	0.0 	0.0 	-0.0 	25.0 	0.0 	0.0 	0.0 	0.0	-0.354516129032	140.0	-9.03225806452	
0.1	0.0	0.0	0.0 	0.0 	62.5 	25.0 	0.0 	0.0 	0.0 	-0.0 	25.0 	0.0 	0.0 	0.0 	0.0	-0.354516129032	140.0	-9.03225806452	
0.116666666667	0.0	0.0	0.0 	0.0 	62.9166666667 	25.0 	0.0 	0.0 	0.0 	-0.0 	25.0 	0.0 	0.0 	0.0 	0.0	-0.354516129032	140.0	-9.03225806452	
0.133333333333	0.0	0.0	0.0 	0.0 	63.3333333333 	25.0 	0.0 	0.0 	0.0 	-0.0 	25.0 	0.0 	0.0 	0.0 	0.0	-0.354516129032	140.0	-9.03225806452	
0.15	0.0	0.0	0.0 	0.0 	63.75 	25.0 	0.0 	0.0 	0.0 	-0.0 	25.0 	0.0 	0.0 	0.0 	0.0	-0.354516129032	140.0	-9.03225806452	
0.166666666667	0.0	0.0	0.0 	0.0 	64.1666666667 	25.0 	0.0 	0.0 	0.0 	-0.0 	25.0 	0.0 	0.0 	0.0 	0.0	-0.354516129032	140.0	-9.03225806452	
0.183333333333	0.0	0.0	0.0 	0.0 	64.5833333333 	25.0 	0.0 	0.0 	0.0 	-0.0 	25.0 	0.0 	0.0 	0.0 	0.0	-0.354516129032	140.0	-9.03225806452	
0.2	0.0	0.0	0.0 	0.0 	65.0 	25.0 	0.0 	0.0 	0.0 	-0.0 	25.0 	0.0 	0.0 	0.0 	0.0	-0.354516129032	140.0	-9.03225806452	
0.216666666667	0.0	0.0	0.0 	0.0 	65.4166666667 	25.0 	0.0 	0.0 	0.0 	-0.0 	25.0 	0.0 	0.0 	0.0 	0.0	-0.354516129032	140.0	-9.03225806452	
0.233333333333	0.0	0.0	0.0 	0.0 	65.8333333333 	25.0 	0.0 	0.0 	0.0 	-0.0 	25.0 	0.0 	0.0 	0.0 	0.0	-0.354516129032	140.0	-9.03225806452	
0.25	0.0	0.0	0.0 	0.0 	66.25 	25.0 	0.0 	0.0 	0.0 	-0.0 	25.0 	0.0 	0.0 	0.0 	0.0	-0.354516129032	140.0	-9.03225806452	
0.266666666667	0.0	0.0	0.0 	0.0 	66.6666666667 	25.0 	0.0 	0.0 	0.0 	-0.0 	25.0 	0.0 	0.0 	0.0 	0.0	-0.354516129032	140.0	-9.03225806452	
0.283333333333	0.0	0.0	0.0 	0.0 	67.0833333333 	25.0 	0.0 	0.0 	0.0 	-0.0 	25.0 	0.0 	0.0 	0.0 	0.0	-0.354516129032	140.0	-9.03225806452	
0.3	0.0	0.0	0.0 	0.0 	67.5 	25.0 	0.0 	0.0 	0.0 	-0.0 	25.0 	0.0 	0.0 	0.0 	0.0	-0.354516129032	140.0	-9.03225806452	
0.316666666667	0.0	0.0	0.0 	0.0 	67.9166666667 	25.0 	0.0 	0.0 	0.0 	-0.0 	25.0 	0.0 	0.0 	0.0 	0.0	-0.354516129032	140.0	-9.03225806452	
0.333333333333	0.0	0.0	0.0 	0.0 	68.3333333333 	25.0 	0.0 	0.0 	0.0 	-0.0 	25.0 	0.0 	0.0 	0.0 	0.0	-0.354516129032	140.0	-9.03225806452	
0.35	0.0	0.0	0.0 	0.0 	68.75 	25.0 	0.0 	0.0 	0.0 	-0.0 	25.0 	0.0 	0.0 	0.0 	0.0	-0.354516129032	140.0	-9.03225806452	
0.366666666667	0.0	0.0	0.0 	0.0 	69.1666666667 	25.0 	0.0 	0.0 	0.0 	-0.0 	25.0 	0.0 	0.0 	0.0 	0.0	-0.354516129032	140.0	-9.03225806452	
0.383333333333	0.0	0.0	0.0 	0.0 	69.5833333333 	25.0 	0.0 	0.0 	0.0 	-0.0 	25.0 	0.0 	0.0 	0.0 	0.0	-0.354516129032	140.0	-9.03225806452	
0.4	0.0	0.0	0.0 	0.0 	70.0 	25.0 	0.0 	0.0 	0.0 	-0.0 	25.0 	0.0 	0.0 	0.0 	0.0	-0.354516129032	140.0	-9.03225806452	
0.416666666667	0.0	0.0	0.0 	0.0 	70.4166666667 	25.0 	0.0 	0.0 	0.0 	-0.0 	25.0 	0.0 	0.0 	0.0 	0.0	-0.354516129032	140.0	-9.03225806452	
0.433333333333	0.0	0.0	0.0 	0.0 	70.8333333333 	25.0 	0.0 	0.0 	0.0 	-0.0 	25.0 	0.0 	0.0 	0.0 	0.0	-0.354516129032	140.0	-9.03225806452	
0.45	0.0	0.0	0.0 	0.0 	71.25 	25.0 	0.0 	0.0 	0.0 	-0.0 	25.0 	0.0 	0.0 	0.0 	0.0	-0.354516129032	140.0	-9.03225806452	
0.466666666667	0.0	0.0	0.0 	0.0 	71.6666666667 	25.0 	0.0 	0.0 	0.0 	-0.0 	25.0 	0.0 	0.0 	0.0 	0.0	-0.354516129032	140.0	-9.03225806452	
0.483333333333	0.0	0.0	0.0 	0.0 	72.0833333333 	25.0 	0.0 	0.0 	0.0 	-0.0 	25.0 	0.0 	0.0 	0.0 	0.0	-0.354516129032	140.0	-9.03225806452	
0.5	0.0	0.0	0.0 	0.0 	72.5 	25.0 	0.0 	0.0 	0.0 	-0.0 	25.0 	0.0 	0.0 	0.0 	0.0	-0.354516129032	140.0	-9.03225806452	
0.516666666667	0.0	0.0	0.0 	0.0 	72.9166666667 	25.0 	0.0 	0.0 	0.0 	-0.0 	25.0 	0.0 	0.0 	0.0 	0.0	-0.354516129032	140.0	-9.03225806452	
0.533333333333	0.0	0.0	0.0 	0.0 	73.3333333333 	25.0 	0.0 	0.0 	0.0 	-0.0 	25.0 	0.0 	0.0 	0.0 	0.0	-0.354516129032	140.0	-9.03225806452	
0.55	0.0	0.0	0.0 	0.0 	73.75 	25.0 	0.0 	0.0 	0.0 	-0.0 	25.0 	0.0 	0.0 	0.0 	0.0	-0.354516129032	140.0	-9.03225806452	
0.566666666667	0.0	0.0	0.0 	0.0 	74.1666666667 	25.0 	0.0 	0.0 	0.0 	-0.0 	25.0 	0.0 	0.0 	0.0 	0.0	-0.354516129032	140.0	-9.03225806452	
0.583333333333	0.0	0.0	0.0 	0.0 	74.5833333333 	25.0 	0.0 	0.0 	0.0 	-0.0 	25.0 	0.0 	0.0 	0.0 	0.0	-0.354516129032	140.0	-9.03225806452	
0.6	0.0	0.0	0.0 	0.0 	75.0 	25.0 	0.0 	0.0 	0.0 	-0.0 	25.0 	0.0 	0.0 	0.0 	0.0	-0.354516129032	140.0	-9.03225806452	
0.616666666667	0.0	0.0	0.0 	0.0 	75.4166666667 	25.0 	0.0 	0.0 	0.0 	-0.0 	25.0 	0.0 	0.0 	0.0 	0.0	-0.354516129032	140.0	-9.03225806452	
0.633333333333	0.0	0.0	0.0 	0.0 	75.8333333333 	25.0 	0.0 	0.0 	0.0 	-0.0 	25.0 	0.0 	0.0 	0.0 	0.0	-0.354516129032	140.0	-9.03225806452	
0.65	0.0	0.0	0.0 	0.0 	76.25 	25.0 	0.0 	0.0 	0.0 	-0.0 	25.0 	0.0 	0.0 	0.0 	0.0	-0.354516129032	140.0	-9.03225806452	
0.666666666667	0.0	0.0	0.0 	0.0 	76.6666666667 	25.0 	0.0 	0.0 	0.0 	-0.0 	25.0 	0.0 	0.0 	0.0 	0.0	-0.354516129032	140.0	-9.03225806452	
0.683333333333	0.0	0.0	0.0 	0.0 	77.0833333333 	25.0 	0.0 	0.0 	0.0 	-0.0 	25.0 	0.0 	0.0 	0.0 	0.0	-0.354516129032	140.0	-9.03225806452	
0.7	0.0	0.0	0.0 	0.0 	77.5 	25.0 	0.0 	0.0 	0.0 	-0.0 	25.0 	0.0 	0.0 	0.0 	0.0	-0.354516129032	140.0	-9.03225806452	
0.716666666667	0.0	0.0	0.0 	0.0 	77.9166666667 	25.0 	0.0 	0.0 	0.0 	-0.0 	25.0 	0.0 	0.0 	0.0 	0.0	-0.354516129032	140.0	-9.03225806452	
0.733333333333	0.0	0.0	0.0 	0.0 	78.3333333333 	25.0 	0.0 	0.0 	0.0 	-0.0 	25.0 	0.0 	0.0 	0.0 	0.0	-0.354516129032	140.0	-9.03225806452	
0.75	0.0	0.0	0.0 	0.0 	78.75 	25.0 	0.0 	0.0 	0.0 	-0.0 	25.0 	0.0 	0.0 	0.0 	0.0	-0.354516129032	140.0	-9.03225806452	
0.766666666667	0.0	0.0	0.0 	0.0 	79.1666666667 	25.0 	0.0 	0.0 	0.0 	-0.0 	25.0 	0.0 	0.0 	0.0 	0.0	-0.354516129032	140.0	-9.03225806452	
0.783333333333	0.0	0.0	0.0 	0.0 	79.5833333333 	25.0 	0.0 	0.0 	0.0 	-0.0 	25.0 	0.0 	0.0 	0.0 	0.0	-0.354516129032	140.0	-9.03225806452	
0.8	0.0	0.0	0.0 	0.0 	80.0 	25.0 	0.0 	0.0 	0.0 	-0.0 	25.0 	0.0 	0.0 	0.0 	0.0653778558875	0.168436851749	140.000182667	-9.03118385402	
0.816666666667	0.0	0.0	0.0 	0.0 	80.4166666667 	25.0 	0.0 	0.0 	0.0 	-0.0 	25.0 	0.0 	0.0 	0.0 	0.130518252662	0.6042310024	140.001418522	-9.02939371085	
0.833333333333	0.0	0.0	0.0 	0.0 	80.8333333333 	25.0 	0.0 	0.0 	0.0 	-0.0 	25.0 	0.0 	0.0 	0.0 	0.195422052798	0.920805918768	140.004011413	-9.02742262289	
0.85	0.0	0.0	0.0 	0.0 	81.25 	25.0 	0.0 	0.0 	0.0 	-0.0 	25.0 	0.0 	0.0 	0.0 	0.260090115641	1.13223960463	140.007936023	-9.02558190786	
0.866666666667	0.0	0.0	0.0 	0.0 	81.6666666667 	25.0 	0.0 	0.0 	0.0 	-0.0 	25.0 	0.0 	0.0 	0.0 	0.324523297412	1.29110302325	140.013134562	-9.02408877139	
0.883333333333	0.0	0.0	0.0 	0.0 	82.0833333333 	25.0 	0.0 	0.0 	0.0 	-0.0 	25.0 	0.0 	0.0 	0.0 	0.388722451224	1.41842455995	140.019538207	-9.02310541473	
0.9	0.0	0.0	0.0 	0.0 	82.5 	25.0 	0.0 	0.0 	0.0 	-0.0 	25.0 	0.0 	0.0 	0.0 	0.452688427089	1.52471840737	140.027075006	-9.02275788873	
0.916666666667	0.0	0.0	0.0 	0.0 	82.9166666667 	25.0 	0.0 	0.0 	0.0 	-0.0 	25.0 	0.0 	0.0 	0.0 	0.516422071935	1.61599267561	140.035673251	-9.02314676284	
0.933333333333	0.0	0.0	0.0 	0.0 	83.3333333333 	25.0 	0.0 	0.0 	0.0 	-0.0 	25.0 	0.0 	0.0 	0.0 	0.579924229612	1.69600243345	140.045262994	-9.02435377102	
0.95	0.0	0.0	0.0 	0.0 	83.75 	25.0 	0.0 	0.0 	0.0 	-0.0 	25.0 	0.0 	0.0 	0.0 	0.643195740904	1.7672510601	140.055776722	-9.0264462314	
0.966666666667	0.0	0.0	0.0 	0.0 	84.1666666667 	25.0 	0.0 	0.0 	0.0 	-0.0 	25.0 	0.0 	0.0 	0.0 	0.706237443544	1.83149092099	140.067149631	-9.02948013021	
0.983333333333	0.0	0.0	0.0 	0.0 	84.5833333333 	25.0 	0.0 	0.0 	0.0 	-0.0 	25.0 	0.0 	0.0 	0.0 	0.76905017222	1.88999646371	140.079319679	-9.03350235492	
1.0	0.0	0.0	0.0 	0.0 	85.0 	25.0 	0.0 	0.0 	0.0 	-0.0 	25.0 	0.0 	0.0 	0.0 	0.831634758589	1.94372352393	140.09222755	-9.03855235976	
1.01666666667	0.0	0.0	0.0 	0.0 	85.4166666667 	25.0 	0.0 	0.0 	0.0 	-0.0 	25.0 	0.0 	0.0 	0.0 	0.893992031288	1.99340735989	140.105816544	-9.04466343846	
1.03333333333	0.0	0.0	0.0 	0.0 	85.8333333333 	25.0 	0.0 	0.0 	0.0 	-0.0 	25.0 	0.0 	0.0 	0.0 	0.956122815943	2.03962567446	140.120032462	-9.05186371667	
1.05	0.0	0.0	0.0 	0.0 	86.25 	25.0 	0.0 	0.0 	0.0 	-0.0 	25.0 	0.0 	0.0 	0.0 	1.01802793518	2.08284062993	140.13482347	-9.06017693924	
1.06666666667	0.0	0.0	0.0 	0.0 	86.6666666667 	25.0 	0.0 	0.0 	0.0 	-0.0 	25.0 	0.0 	0.0 	0.0 	1.07970820865	2.12342773319	140.150139962	-9.069623104	
1.08333333333	0.0	0.0	0.0 	0.0 	87.0833333333 	25.0 	0.0 	0.0 	0.0 	-0.0 	25.0 	0.0 	0.0 	0.0 	1.141164453	2.16169622516	140.165934432	-9.08021897875	
1.1	0.0	0.0	0.0 	0.0 	87.5 	25.0 	0.0 	0.0 	0.0 	-0.0 	25.0 	0.0 	0.0 	0.0 	1.20239748193	2.19790380665	140.182161352	-9.09197852754	
1.11666666667	0.0	0.0	0.0 	0.0 	87.9166666667 	25.0 	0.0 	0.0 	0.0 	-0.0 	25.0 	0.0 	0.0 	0.0 	1.26340810619	2.23226748883	140.198777051	-9.10491326593	
1.13333333333	0.0	0.0	0.0 	0.0 	88.3333333333 	25.0 	0.0 	0.0 	0.0 	-0.0 	25.0 	0.0 	0.0 	0.0 	1.32419713357	2.2649717312	140.215739608	-9.11903255954	
1.15	0.0	0.0	0.0 	0.0 	88.75 	25.0 	0.0 	0.0 	0.0 	-0.0 	25.0 	0.0 	0.0 	0.0 	1.38476536894	2.29617464191	140.233008751	-9.13434387708	
1.16666666667	0.0	0.0	0.0 	0.0 	89.1666666667 	25.0 	0.0 	0.0 	0.0 	-0.0 	25.0 	0.0 	0.0 	0.0 	1.44511361423	2.32601276889	140.250545764	-9.15085300629	
1.18333333333	0.0	0.0	0.0 	0.0 	89.5833333333 	25.0 	0.0 	0.0 	0.0 	-0.0 	25.0 	0.0 	0.0 	0.0 	1.50524266847	2.35460484949	140.268313396	-9.1685642395	
1.2	0.0	0.0	0.0 	0.0 	90.0 	25.0 	0.0 	0.0 	0.0 	-0.0 	25.0 	0.0 	0.0 	0.0 	1.56515332779	2.38205477885	140.286275784	-9.18748053396	
1.21666666667	0.0	0.0	0.0 	0.0 	90.4166666667 	25.0 	0.0 	0.0 	0.0 	-0.0 	25.0 	0.0 	0.0 	0.0 	1.62484638542	2.40845398472	140.304398378	-9.20760365125	
1.23333333333	0.0	0.0	0.0 	0.0 	90.8333333333 	25.0 	0.0 	0.0 	0.0 	-0.0 	25.0 	0.0 	0.0 	0.0 	1.6843226317	2.43388334548	140.32264787	-9.22893427899	
1.25	0.0	0.0	0.0 	0.0 	91.25 	25.0 	0.0 	0.0 	0.0 	-0.0 	25.0 	0.0 	0.0 	0.0 	1.74358285413	2.45841475303	140.340992132	-9.25147213766	
1.26666666667	0.0	0.0	0.0 	0.0 	91.6666666667 	25.0 	0.0 	0.0 	0.0 	-0.0 	25.0 	0.0 	0.0 	0.0 	1.80262783732	2.48211239655	140.359400152	-9.27521607477	
1.28333333333	0.0	0.0	0.0 	0.0 	92.0833333333 	25.0 	0.0 	0.0 	0.0 	-0.0 	25.0 	0.0 	0.0 	0.0 	1.86145836304	2.50503382496	140.377841985	-9.30016414814	
1.3	0.0	0.0	0.0 	0.0 	92.5 	25.0 	0.0 	0.0 	0.0 	-0.0 	25.0 	0.0 	0.0 	0.0 	1.92007521023	2.52723083228	140.396288696	-9.32631369989	
1.31666666667	0.0	0.0	0.0 	0.0 	92.9166666667 	25.0 	0.0 	0.0 	0.0 	-0.0 	25.0 	0.0 	0.0 	0.0 	1.97847915499	2.54875020022	140.414712317	-9.35366142237	
1.33333333333	0.0	0.0	0.0 	0.0 	93.3333333333 	25.0 	0.0 	0.0 	0.0 	-0.0 	25.0 	0.0 	0.0 	0.0 	2.03667097059	2.56963432469	140.433085795	-9.38220341708	
1.35	0.0	0.0	0.0 	0.0 	93.75 	25.0 	0.0 	0.0 	0.0 	-0.0 	25.0 	0.0 	0.0 	0.0 	2.09465142752	2.5899217474	140.451382959	-9.41193524754	
1.36666666667	0.0	0.0	0.0 	0.0 	94.1666666667 	25.0 	0.0 	0.0 	0.0 	-0.0 	25.0 	0.0 	0.0 	0.0 	2.15242129346	2.60964760937	140.469578473	-9.44285198681	
1.38333333333	0.0	0.0	0.0 	0.0 	94.5833333333 	25.0 	0.0 	0.0 	0.0 	-0.0 	25.0 	0.0 	0.0 	0.0 	2.20998133328	2.62884403948	140.487647805	-9.47494826034	
1.4	0.0	0.0	0.0 	0.0 	95.0 	25.0 	0.0 	0.0 	0.0 	-0.0 	25.0 	0.0 	0.0 	0.0 	2.26733230911	2.64754048921	140.505567189	-9.50821828469	
1.41666666667	0.0	0.0	0.0 	0.0 	95.4166666667 	25.0 	0.0 	0.0 	0.0 	-0.0 	25.0 	0.0 	0.0 	0.0 	2.32447498028	2.66576402211	140.523313594	-9.54265590264	
1.43333333333	0.0	0.0	0.0 	0.0 	95.8333333333 	25.0 	0.0 	0.0 	0.0 	-0.0 	25.0 	0.0 	0.0 	0.0 	2.38141010337	2.68353956509	140.540864695	-9.57825461504	
1.45	0.0	0.0	0.0 	0.0 	96.25 	25.0 	0.0 	0.0 	0.0 	-0.0 	25.0 	0.0 	0.0 	0.0 	2.43813843223	2.70014993019	140.558226042	-9.61499476903	
1.46666666667	0.0	0.0	0.0 	0.0 	96.6666666667 	25.0 	0.0 	0.0 	0.0 	-0.0 	25.0 	0.0 	0.0 	0.0 	2.49466071794	2.7139919011	140.575467838	-9.65282893105	
1.48333333333	0.0	0.0	0.0 	0.0 	97.0833333333 	25.0 	0.0 	0.0 	0.0 	-0.0 	25.0 	0.0 	0.0 	0.0 	2.55097770889	2.72552687686	140.592651437	-9.69171799483	
1.5	0.0	0.0	0.0 	0.0 	97.5 	25.0 	0.0 	0.0 	0.0 	-0.0 	25.0 	0.0 	0.0 	0.0 	2.60709015072	2.73513935666	140.609830166	-9.73162945132	
1.51666666667	0.0	0.0	0.0 	0.0 	97.9166666667 	25.0 	0.0 	0.0 	0.0 	-0.0 	25.0 	0.0 	0.0 	0.0 	2.66299878638	2.74314975649	140.627050167	-9.7725360527	
1.53333333333	0.0	0.0	0.0 	0.0 	98.3333333333 	25.0 	0.0 	0.0 	0.0 	-0.0 	25.0 	0.0 	0.0 	0.0 	2.71870435611	2.74982508968	140.644351216	-9.81441477559	
1.55	0.0	0.0	0.0 	0.0 	98.75 	25.0 	0.0 	0.0 	0.0 	-0.0 	25.0 	0.0 	0.0 	0.0 	2.77420759746	2.75538786735	140.661767481	-9.85724601136	
1.56666666667	0.0	0.0	0.0 	0.0 	99.1666666667 	25.0 	0.0 	0.0 	0.0 	-0.0 	25.0 	0.0 	0.0 	0.0 	2.82950924532	2.7600235154	140.679328227	-9.90101292955	
1.58333333333	0.0	0.0	0.0 	0.0 	99.5833333333 	25.0 	0.0 	0.0 	0.0 	-0.0 	25.0 	0.0 	0.0 	0.0 	2.88461003189	2.76388655544	140.697058446	-9.94570097387	
1.6	0.0	0.0	0.0 	0.0 	100.0 	25.0 	0.0 	0.0 	0.0 	-0.0 	25.0 	0.0 	0.0 	0.0 	2.93951068673	2.76710575548	140.714979419	-9.99129746014	
1.61666666667	0.0	0.0	0.0 	0.0 	100.416666667 	25.0 	0.0 	0.0 	0.0 	-0.0 	25.0 	0.0 	0.0 	0.0 	2.99421193672	2.76978842217	140.733109222	-10.0377912533	
1.63333333333	0.0	0.0	0.0 	0.0 	100.833333333 	25.0 	0.0 	0.0 	0.0 	-0.0 	25.0 	0.0 	0.0 	0.0 	3.04871450614	2.77202397775	140.751463157	-10.0851725059	
1.65	0.0	0.0	0.0 	0.0 	101.25 	25.0 	0.0 	0.0 	0.0 	-0.0 	25.0 	0.0 	0.0 	0.0 	3.1030191166	2.77388694074	140.770054144	-10.1334324455	
1.66666666667	0.0	0.0	0.0 	0.0 	101.666666667 	25.0 	0.0 	0.0 	0.0 	-0.0 	25.0 	0.0 	0.0 	0.0 	3.15712648712	2.77543940989	140.788893051	-10.1825632002	
1.68333333333	0.0	0.0	0.0 	0.0 	102.083333333 	25.0 	0.0 	0.0 	0.0 	-0.0 	25.0 	0.0 	0.0 	0.0 	3.21103733409	2.77673313418	140.807988986	-10.2325576545	
1.7	0.0	0.0	0.0 	0.0 	102.5 	25.0 	0.0 	0.0 	0.0 	-0.0 	25.0 	0.0 	0.0 	0.0 	3.26475237131	2.77781123776	140.827349551	-10.2834093308	
1.71666666667	0.0	0.0	0.0 	0.0 	102.916666667 	25.0 	0.0 	0.0 	0.0 	-0.0 	25.0 	0.0 	0.0 	0.0 	3.31827230997	2.77870965741	140.846981056	-10.3351122901	
1.73333333333	0.0	0.0	0.0 	0.0 	103.333333333 	25.0 	0.0 	0.0 	0.0 	-0.0 	25.0 	0.0 	0.0 	0.0 	3.3715978587	2.77945834045	140.866888707	-10.3876610494	
1.75	0.0	0.0	0.0 	0.0 	103.75 	25.0 	0.0 	0.0 	0.0 	-0.0 	25.0 	0.0 	0.0 	0.0 	3.42472972354	2.78008224299	140.887076771	-10.4410505125	
1.76666666667	0.0	0.0	0.0 	0.0 	104.166666667 	25.0 	0.0 	0.0 	0.0 	-0.0 	25.0 	0.0 	0.0 	0.0 	3.47766860796	2.78060216176	140.907548708	-10.4952759119	
1.78333333333	0.0	0.0	0.0 	0.0 	104.583333333 	25.0 	0.0 	0.0 	0.0 	-0.0 	25.0 	0.0 	0.0 	0.0 	3.5304152129	2.78103542741	140.928307296	-10.5503327597	
1.8	0.0	0.0	0.0 	0.0 	105.0 	25.0 	0.0 	0.0 	0.0 	-0.0 	25.0 	0.0 	0.0 	0.0 	3.58297023673	2.78139648212	140.949354727	-10.6062168062	
1.81666666667	0.0	0.0	0.0 	0.0 	105.416666667 	25.0 	0.0 	0.0 	0.0 	-0.0 	25.0 	0.0 	0.0 	0.0 	3.6353343753	2.78169736104	140.9706927	-10.6629240057	
1.83333333333	0.0	0.0	0.0 	0.0 	105.833333333 	25.0 	0.0 	0.0 	0.0 	-0.0 	25.0 	0.0 	0.0 	0.0 	3.68750832191	2.78194809348	140.99232249	-10.7204504862	
1.85	0.0	0.0	0.0 	0.0 	106.25 	25.0 	0.0 	0.0 	0.0 	-0.0 	25.0 	0.0 	0.0 	0.0 	3.73949276738	2.78215703717	141.014245016	-10.7787925249	
1.86666666667	0.0	0.0	0.0 	0.0 	106.666666667 	25.0 	0.0 	0.0 	0.0 	-0.0 	25.0 	0.0 	0.0 	0.0 	3.79128839997	2.78233115692	141.03646089	-10.837946527	
1.88333333333	0.0	0.0	0.0 	0.0 	107.083333333 	25.0 	0.0 	0.0 	0.0 	-0.0 	25.0 	0.0 	0.0 	0.0 	3.84289590549	2.78247625671	141.058970469	-10.8979090078	
1.9	0.0	0.0	0.0 	0.0 	107.5 	25.0 	0.0 	0.0 	0.0 	-0.0 	25.0 	0.0 	0.0 	0.0 	3.89431596723	2.7825971732	141.081773891	-10.9586765774	
1.91666666667	0.0	0.0	0.0 	0.0 	107.916666667 	25.0 	0.0 	0.0 	0.0 	-0.0 	25.0 	0.0 	0.0 	0.0 	3.945549266	2.78269793694	141.104871109	-11.0202459277	
1.93333333333	0.0	0.0	0.0 	0.0 	108.333333333 	25.0 	0.0 	0.0 	0.0 	-0.0 	25.0 	0.0 	0.0 	0.0 	3.99659648015	2.78278190673	141.128261921	-11.0826138219	
1.95	0.0	0.0	0.0 	0.0 	108.75 	25.0 	0.0 	0.0 	0.0 	-0.0 	25.0 	0.0 	0.0 	0.0 	4.04745828555	2.78285188155	141.15194599	-11.1457770849	
1.96666666667	0.0	0.0	0.0 	0.0 	109.166666667 	25.0 	0.0 	0.0 	0.0 	-0.0 	25.0 	0.0 	0.0 	0.0 	4.09813535563	2.7829101939	141.175922872	-11.2097325953	
1.98333333333	0.0	0.0	0.0 	0.0 	109.583333333 	25.0 	0.0 	0.0 	0.0 	-0.0 	25.0 	0.0 	0.0 	0.0 	4.14862836137	2.78295878753	141.200192026	-11.274477279	
2.0	0.0	0.0	0.0 	0.0 	110.0 	25.0 	0.0 	0.0 	0.0 	-0.0 	25.0 	0.0 	0.0 	0.0 	4.19893797131	2.78299928221	141.224752834	-11.3400081036	
2.01666666667	0.0	0.0	0.0 	0.0 	110.416666667 	25.0 	0.0 	0.0 	0.0 	-0.0 	25.0 	0.0 	0.0 	0.0 	4.24906485155	2.78303302779	141.24960461	-11.4063220732	
2.03333333333	0.0	0.0	0.0 	0.0 	110.833333333 	25.0 	0.0 	0.0 	0.0 	-0.0 	25.0 	0.0 	0.0 	0.0 	4.2990096658	2.7830611491	141.274746616	-11.4734162246	
2.05	0.0	0.0	0.0 	0.0 	111.25 	25.0 	0.0 	0.0 	0.0 	-0.0 	25.0 	0.0 	0.0 	0.0 	4.34877307533	2.78308458352	141.300178063	-11.5412876239	
2.06666666667	0.0	0.0	0.0 	0.0 	111.666666667 	25.0 	0.0 	0.0 	0.0 	-0.0 	25.0 	0.0 	0.0 	0.0 	4.39835573903	2.78310411221	141.325898127	-11.6099333632	
2.08333333333	0.0	0.0	0.0 	0.0 	112.083333333 	25.0 	0.0 	0.0 	0.0 	-0.0 	25.0 	0.0 	0.0 	0.0 	4.44775831338	2.78312038612	141.351905951	-11.6793505585	
2.1	0.0	0.0	0.0 	0.0 	112.5 	25.0 	0.0 	0.0 	0.0 	-0.0 	25.0 	0.0 	0.0 	0.0 	4.49698145249	2.78313394771	141.37820065	-11.7495363473	
2.11666666667	0.0	0.0	0.0 	0.0 	112.916666667 	25.0 	0.0 	0.0 	0.0 	-0.0 	25.0 	0.0 	0.0 	0.0 	4.54602580808	2.78314524903	141.404781319	-11.8204878871	
2.13333333333	0.0	0.0	0.0 	0.0 	113.333333333 	25.0 	0.0 	0.0 	0.0 	-0.0 	25.0 	0.0 	0.0 	0.0 	4.59489202952	2.7831546668	141.431647034	-11.8922023534	
2.15	0.0	0.0	0.0 	0.0 	113.75 	25.0 	0.0 	0.0 	0.0 	-0.0 	25.0 	0.0 	0.0 	0.0 	4.6435807638	2.78316251495	141.458796857	-11.964676939	
2.16666666667	0.0	0.0	0.0 	0.0 	114.166666667 	25.0 	0.0 	0.0 	0.0 	-0.0 	25.0 	0.0 	0.0 	0.0 	4.69209265557	2.78316905506	141.486229837	-12.0379088522	
2.18333333333	0.0	0.0	0.0 	0.0 	114.583333333 	25.0 	0.0 	0.0 	0.0 	-0.0 	25.0 	0.0 	0.0 	0.0 	4.74042834716	2.78317450516	141.513945015	-12.1118953166	
2.2	0.0	0.0	0.0 	0.0 	115.0 	25.0 	0.0 	0.0 	0.0 	-0.0 	25.0 	0.0 	0.0 	0.0 	4.78858847853	2.78317904691	141.541941425	-12.1866335697	
2.21666666667	0.0	0.0	0.0 	0.0 	115.416666667 	25.0 	0.0 	0.0 	0.0 	-0.0 	25.0 	0.0 	0.0 	0.0 	4.83657368734	2.7831828317	141.570218094	-12.2621208626	
2.23333333333	0.0	0.0	0.0 	0.0 	115.833333333 	25.0 	0.0 	0.0 	0.0 	-0.0 	25.0 	0.0 	0.0 	0.0 	4.88438460892	2.78318598569	141.598774046	-12.3383544592	
2.25	0.0	0.0	0.0 	0.0 	116.25 	25.0 	0.0 	0.0 	0.0 	-0.0 	25.0 	0.0 	0.0 	0.0 	4.9320218763	2.78318861402	141.627608301	-12.4153316357	
2.26666666667	0.0	0.0	0.0 	0.0 	116.666666667 	25.0 	0.0 	0.0 	0.0 	-0.0 	25.0 	0.0 	0.0 	0.0 	4.97948612022	2.78319080429	141.656719877	-12.4930496803	
2.28333333333	0.0	0.0	0.0 	0.0 	117.083333333 	25.0 	0.0 	0.0 	0.0 	-0.0 	25.0 	0.0 	0.0 	0.0 	5.02677796911	2.78319262952	141.686107792	-12.5715058929	
2.3	0.0	0.0	0.0 	0.0 	117.5 	25.0 	0.0 	0.0 	0.0 	-0.0 	25.0 	0.0 	0.0 	0.0 	5.07389804913	2.78319415054	141.715771064	-12.6506975845	
2.31666666667	0.0	0.0	0.0 	0.0 	117.916666667 	25.0 	0.0 	0.0 	0.0 	-0.0 	25.0 	0.0 	0.0 	0.0 	5.12084698416	2.78319541806	141.74570871	-12.7306220773	
2.33333333333	0.0	0.0	0.0 	0.0 	118.333333333 	25.0 	0.0 	0.0 	0.0 	-0.0 	25.0 	0.0 	0.0 	0.0 	5.16762539581	2.78319647433	141.775919748	-12.811276704	
2.35	0.0	0.0	0.0 	0.0 	118.75 	25.0 	0.0 	0.0 	0.0 	-0.0 	25.0 	0.0 	0.0 	0.0 	5.21423390346	2.78319735455	141.806403198	-12.892658808	
2.36666666667	0.0	0.0	0.0 	0.0 	119.166666667 	25.0 	0.0 	0.0 	0.0 	-0.0 	25.0 	0.0 	0.0 	0.0 	5.26067312419	2.78319808807	141.83715808	-12.9747657432	
2.38333333333	0.0	0.0	0.0 	0.0 	119.583333333 	25.0 	0.0 	0.0 	0.0 	-0.0 	25.0 	0.0 	0.0 	0.0 	5.30694367289	2.78319869933	141.868183418	-13.0575948736	
2.4	0.0	0.0	0.0 	0.0 	120.0 	25.0 	0.0 	0.0 	0.0 	-0.0 	25.0 	0.0 	0.0 	0.0 	5.35304616219	2.78319920872	141.899478237	-13.1411435732	
2.41666666667	0.0	0.0	0.0 	0.0 	120.416666667 	25.0 	0.0 	0.0 	0.0 	-0.0 	25.0 	0.0 	0.0 	0.0 	5.39898120249	2.78319963321	141.931041564	-13.2254092263	
2.43333333333	0.0	0.0	0.0 	0.0 	120.833333333 	25.0 	0.0 	0.0 	0.0 	-0.0 	25.0 	0.0 	0.0 	0.0 	5.44474940199	2.78319998695	141.962872429	-13.3103892267	
2.45	0.0	0.0	0.0 	0.0 	121.25 	25.0 	0.0 	0.0 	0.0 	-0.0 	25.0 	0.0 	0.0 	0.0 	5.49035136667	2.78320028173	141.994969865	-13.3960809782	
2.46666666667	0.0	0.0	0.0 	0.0 	121.666666667 	25.0 	0.0 	0.0 	0.0 	-0.0 	25.0 	0.0 	0.0 	0.0 	5.53578770031	2.78320052739	142.027332908	-13.4824818943	
2.48333333333	0.0	0.0	0.0 	0.0 	122.083333333 	25.0 	0.0 	0.0 	0.0 	-0.0 	25.0 	0.0 	0.0 	0.0 	5.5810590045	2.7832007321	142.059960596	-13.5695893981	
2.5	0.0	0.0	0.0 	0.0 	122.5 	25.0 	0.0 	0.0 	0.0 	-0.0 	25.0 	0.0 	0.0 	0.0 	5.62616587865	2.78320090269	142.09285197	-13.6574009221	
2.51666666667	0.0	0.0	0.0 	0.0 	122.916666667 	25.0 	0.0 	0.0 	0.0 	-0.0 	25.0 	0.0 	0.0 	0.0 	5.67110891998	2.78320104485	142.126006076	-13.7459139084	
2.53333333333	0.0	0.0	0.0 	0.0 	123.333333333 	25.0 	0.0 	0.0 	0.0 	-0.0 	25.0 	0.0 	0.0 	0.0 	5.71588872355	2.78320116332	142.159421959	-13.8351258086	
2.55	0.0	0.0	0.0 	0.0 	123.75 	25.0 	0.0 	0.0 	0.0 	-0.0 	25.0 	0.0 	0.0 	0.0 	5.76050588226	2.78320126204	142.193098672	-13.9250340835	
2.56666666667	0.0	0.0	0.0 	0.0 	124.166666667 	25.0 	0.0 	0.0 	0.0 	-0.0 	25.0 	0.0 	0.0 	0.0 	5.80496098685	2.78320134431	142.227035268	-14.0156362033	
2.58333333333	0.0	0.0	0.0 	0.0 	124.583333333 	25.0 	0.0 	0.0 	0.0 	-0.0 	25.0 	0.0 	0.0 	0.0 	5.84925462591	2.78320141287	142.261230805	-14.1069296476	
2.6	0.0	0.0	0.0 	0.0 	125.0 	25.0 	0.0 	0.0 	0.0 	-0.0 	25.0 	0.0 	0.0 	0.0 	5.89338738591	2.78320147	142.295684343	-14.1989119049	
2.61666666667	0.0	0.0	0.0 	0.0 	125.416666667 	25.0 	0.0 	0.0 	0.0 	-0.0 	25.0 	0.0 	0.0 	0.0 	5.93735985118	2.78320151761	142.330394945	-14.2915804732	
2.63333333333	0.0	0.0	0.0 	0.0 	125.833333333 	25.0 	0.0 	0.0 	0.0 	-0.0 	25.0 	0.0 	0.0 	0.0 	5.98117260391	2.78320155728	142.365361678	-14.3849328595	
2.65	0.0	0.0	0.0 	0.0 	126.25 	25.0 	0.0 	0.0 	0.0 	-0.0 	25.0 	0.0 	0.0 	0.0 	6.02482622422	2.78320159034	142.400583613	-14.4789665798	
2.66666666667	0.0	0.0	0.0 	0.0 	126.666666667 	25.0 	0.0 	0.0 	0.0 	-0.0 	25.0 	0.0 	0.0 	0.0 	6.06832129007	2.7832016179	142.436059824	-14.5736791594	
2.68333333333	0.0	0.0	0.0 	0.0 	127.083333333 	25.0 	0.0 	0.0 	0.0 	-0.0 	25.0 	0.0 	0.0 	0.0 	6.11165837736	2.78320164086	142.471789387	-14.6690681323	
2.7	0.0	0.0	0.0 	0.0 	127.5 	25.0 	0.0 	0.0 	0.0 	-0.0 	25.0 	0.0 	0.0 	0.0 	6.15483805988	2.78320165999	142.507771382	-14.7651310417	
2.71666666667	0.0	0.0	0.0 	0.0 	127.916666667 	25.0 	0.0 	0.0 	0.0 	-0.0 	25.0 	0.0 	0.0 	0.0 	6.19786090934	2.78320167593	142.544004893	-14.8618654397	
2.73333333333	0.0	0.0	0.0 	0.0 	128.333333333 	25.0 	0.0 	0.0 	0.0 	-0.0 	25.0 	0.0 	0.0 	0.0 	6.24072749537	2.78320168922	142.580489006	-14.9592688874	
2.75	0.0	0.0	0.0 	0.0 	128.75 	25.0 	0.0 	0.0 	0.0 	-0.0 	25.0 	0.0 	0.0 	0.0 	6.28343838555	2.78320170029	142.617222812	-15.0573389545	
2.76666666667	0.0	0.0	0.0 	0.0 	129.166666667 	25.0 	0.0 	0.0 	0.0 	-0.0 	25.0 	0.0 	0.0 	0.0 	6.32599414537	2.78320170952	142.654205403	-15.1560732198	
2.78333333333	0.0	0.0	0.0 	0.0 	129.583333333 	25.0 	0.0 	0.0 	0.0 	-0.0 	25.0 	0.0 	0.0 	0.0 	6.36839533828	2.78320171721	142.691435876	-15.2554692708	
2.8	0.0	0.0	0.0 	0.0 	130.0 	25.0 	0.0 	0.0 	0.0 	-0.0 	25.0 	0.0 	0.0 	0.0 	6.41064252568	2.78320172362	142.728913332	-15.3555247038	
2.81666666667	0.0	0.0	0.0 	0.0 	130.416666667 	25.0 	0.0 	0.0 	0.0 	-0.0 	25.0 	0.0 	0.0 	0.0 	6.45273626695	2.78320172896	142.766636872	-15.4562371237	
2.83333333333	0.0	0.0	0.0 	0.0 	130.833333333 	25.0 	0.0 	0.0 	0.0 	-0.0 	25.0 	0.0 	0.0 	0.0 	6.49467711941	2.78320173341	142.804605604	-15.5576041444	
2.85	0.0	0.0	0.0 	0.0 	131.25 	25.0 	0.0 	0.0 	0.0 	-0.0 	25.0 	0.0 	0.0 	0.0 	6.53646563836	2.78320173711	142.842818636	-15.6596233883	
2.86666666667	0.0	0.0	0.0 	0.0 	131.666666667 	25.0 	0.0 	0.0 	0.0 	-0.0 	25.0 	0.0 	0.0 	0.0 	6.57810237711	2.7832017402	142.881275082	-15.7622924863	
2.88333333333	0.0	0.0	0.0 	0.0 	132.083333333 	25.0 	0.0 	0.0 	0.0 	-0.0 	25.0 	0.0 	0.0 	0.0 	6.61958788693	2.78320174278	142.919974058	-15.865609078	
2.9	0.0	0.0	0.0 	0.0 	132.5 	25.0 	0.0 	0.0 	0.0 	-0.0 	25.0 	0.0 	0.0 	0.0 	6.6609227171	2.78320174493	142.958914681	-15.9695708118	
2.91666666667	0.0	0.0	0.0 	0.0 	132.916666667 	25.0 	0.0 	0.0 	0.0 	-0.0 	25.0 	0.0 	0.0 	0.0 	6.70210741491	2.78320174671	142.998096076	-16.0741753444	
2.93333333333	0.0	0.0	0.0 	0.0 	133.333333333 	25.0 	0.0 	0.0 	0.0 	-0.0 	25.0 	0.0 	0.0 	0.0 	6.74314252564	2.7832017482	143.037517368	-16.1794203411	
2.95	0.0	0.0	0.0 	0.0 	133.75 	25.0 	0.0 	0.0 	0.0 	-0.0 	25.0 	0.0 	0.0 	0.0 	6.78402859263	2.78320174945	143.077177684	-16.2853034756	
2.96666666667	0.0	0.0	0.0 	0.0 	134.166666667 	25.0 	0.0 	0.0 	0.0 	-0.0 	25.0 	0.0 	0.0 	0.0 	6.8247661572	2.78320175048	143.117076158	-16.3918224301	
2.98333333333	0.0	0.0	0.0 	0.0 	134.583333333 	25.0 	0.0 	0.0 	0.0 	-0.0 	25.0 	0.0 	0.0 	0.0 	6.86535575874	2.78320175134	143.157211923	-16.4989748953	
3.0	0.0	0.0	0.0 	0.0 	135.0 	25.0 	0.0 	0.0 	0.0 	-0.0 	25.0 	0.0 	0.0 	0.0 	6.90579793466	2.78320175206	143.197584119	-16.6067585702	
3.01666666667	0.0	0.0	0.0 	0.0 	135.416666667 	25.0 	0.0 	0.0 	0.0 	-0.0 	25.0 	0.0 	0.0 	0.0 	6.94609322042	2.78320175266	143.238191886	-16.7151711622	
3.03333333333	0.0	0.0	0.0 	0.0 	135.833333333 	25.0 	0.0 	0.0 	0.0 	-0.0 	25.0 	0.0 	0.0 	0.0 	6.98624214956	2.78320175316	143.279034369	-16.8242103869	
3.05	0.0	0.0	0.0 	0.0 	136.25 	25.0 	0.0 	0.0 	0.0 	-0.0 	25.0 	0.0 	0.0 	0.0 	7.02624525364	2.78320175358	143.320110715	-16.9338739683	
3.06666666667	0.0	0.0	0.0 	0.0 	136.666666667 	25.0 	0.0 	0.0 	0.0 	-0.0 	25.0 	0.0 	0.0 	0.0 	7.06610306233	2.78320175392	143.361420075	-17.0441596389	
3.08333333333	0.0	0.0	0.0 	0.0 	137.083333333 	25.0 	0.0 	0.0 	0.0 	-0.0 	25.0 	0.0 	0.0 	0.0 	7.10581610335	2.78320175421	143.402961603	-17.1550651389	
3.1	0.0	0.0	0.0 	0.0 	137.5 	25.0 	0.0 	0.0 	0.0 	-0.0 	25.0 	0.0 	0.0 	0.0 	7.1453849025	2.78320175445	143.444734455	-17.2665882172	
3.11666666667	0.0	0.0	0.0 	0.0 	137.916666667 	25.0 	0.0 	0.0 	0.0 	-0.0 	25.0 	0.0 	0.0 	0.0 	7.1848099837	2.78320175465	143.486737791	-17.3787266307	
3.13333333333	0.0	0.0	0.0 	0.0 	138.333333333 	25.0 	0.0 	0.0 	0.0 	-0.0 	25.0 	0.0 	0.0 	0.0 	7.22409186894	2.78320175482	143.528970775	-17.4914781444	
3.15	0.0	0.0	0.0 	0.0 	138.75 	25.0 	0.0 	0.0 	0.0 	-0.0 	25.0 	0.0 	0.0 	0.0 	7.26323107832	2.78320175496	143.571432571	-17.6048405313	
3.16666666667	0.0	0.0	0.0 	0.0 	139.166666667 	25.0 	0.0 	0.0 	0.0 	-0.0 	25.0 	0.0 	0.0 	0.0 	7.30222813006	2.78320175507	143.614122349	-17.7188115729	
3.18333333333	0.0	0.0	0.0 	0.0 	139.583333333 	25.0 	0.0 	0.0 	0.0 	-0.0 	25.0 	0.0 	0.0 	0.0 	7.34108354048	2.78320175517	143.65703928	-17.8333890584	
3.2	0.0	0.0	0.0 	0.0 	140.0 	25.0 	0.0 	0.0 	0.0 	-0.0 	25.0 	0.0 	0.0 	0.0 	7.37979782405	2.78320175525	143.700182541	-17.9485707851	
3.21666666667	0.0	0.0	0.0 	0.0 	140.416666667 	25.0 	0.0 	0.0 	0.0 	-0.0 	25.0 	0.0 	0.0 	0.0 	7.41837149334	2.78320175532	143.743551308	-18.0643545583	
3.23333333333	0.0	0.0	0.0 	0.0 	140.833333333 	25.0 	0.0 	0.0 	0.0 	-0.0 	25.0 	0.0 	0.0 	0.0 	7.4568050591	2.78320175538	143.787144763	-18.1807381914	
3.25	0.0	0.0	0.0 	0.0 	141.25 	25.0 	0.0 	0.0 	0.0 	-0.0 	25.0 	0.0 	0.0 	0.0 	7.49509903018	2.78320175542	143.830962089	-18.2977195057	
3.26666666667	0.0	0.0	0.0 	0.0 	141.666666667 	25.0 	0.0 	0.0 	0.0 	-0.0 	25.0 	0.0 	0.0 	0.0 	7.53325391361	2.78320175546	143.875002474	-18.4152963301	
3.28333333333	0.0	0.0	0.0 	0.0 	142.083333333 	25.0 	0.0 	0.0 	0.0 	-0.0 	25.0 	0.0 	0.0 	0.0 	7.57127021456	2.78320175549	143.919265107	-18.5334665019	
3.3	0.0	0.0	0.0 	0.0 	142.5 	25.0 	0.0 	0.0 	0.0 	-0.0 	25.0 	0.0 	0.0 	0.0 	7.6091484364	2.78320175552	143.963749181	-18.6522278659	
3.31666666667	0.0	0.0	0.0 	0.0 	142.916666667 	25.0 	0.0 	0.0 	0.0 	-0.0 	25.0 	0.0 	0.0 	0.0 	7.64688908062	2.78320175554	144.008453892	-18.7715782749	
3.33333333333	0.0	0.0	0.0 	0.0 	143.333333333 	25.0 	0.0 	0.0 	0.0 	-0.0 	25.0 	0.0 	0.0 	0.0 	7.68449264694	2.78320175556	144.053378438	-18.8915155893	
3.35	0.0	0.0	0.0 	0.0 	143.75 	25.0 	0.0 	0.0 	0.0 	-0.0 	25.0 	0.0 	0.0 	0.0 	7.72195963322	2.78320175558	144.098522021	-19.0120376775	
3.36666666667	0.0	0.0	0.0 	0.0 	144.166666667 	25.0 	0.0 	0.0 	0.0 	-0.0 	25.0 	0.0 	0.0 	0.0 	7.75929053555	2.78320175559	144.143883845	-19.1331424155	
3.38333333333	0.0	0.0	0.0 	0.0 	144.583333333 	25.0 	0.0 	0.0 	0.0 	-0.0 	25.0 	0.0 	0.0 	0.0 	7.79648584819	2.7832017556	144.189463118	-19.254827687	
3.4	0.0	0.0	0.0 	0.0 	145.0 	25.0 	0.0 	0.0 	0.0 	-0.0 	25.0 	0.0 	0.0 	0.0 	7.83354606363	2.78320175561	144.23525905	-19.3770913836	
3.41666666667	0.0	0.0	0.0 	0.0 	145.416666667 	25.0 	0.0 	0.0 	0.0 	-0.0 	25.0 	0.0 	0.0 	0.0 	7.87047167253	2.78320175562	144.281270854	-19.4999314042	
3.43333333333	0.0	0.0	0.0 	0.0 	145.833333333 	25.0 	0.0 	0.0 	0.0 	-0.0 	25.0 	0.0 	0.0 	0.0 	7.90726316382	2.78320175562	144.327497746	-19.6233456558	
3.45	0.0	0.0	0.0 	0.0 	146.25 	25.0 	0.0 	0.0 	0.0 	-0.0 	25.0 	0.0 	0.0 	0.0 	7.94392102462	2.78320175563	144.373938944	-19.7473320524	
3.46666666667	0.0	0.0	0.0 	0.0 	146.666666667 	25.0 	0.0 	0.0 	0.0 	-0.0 	25.0 	0.0 	0.0 	0.0 	7.98044574029	2.78320175563	144.42059367	-19.8718885162	
3.48333333333	0.0	0.0	0.0 	0.0 	147.083333333 	25.0 	0.0 	0.0 	0.0 	-0.0 	25.0 	0.0 	0.0 	0.0 	8.01683779443	2.78320175564	144.46746115	-19.9970129765	
3.5	0.0	0.0	0.0 	0.0 	147.5 	25.0 	0.0 	0.0 	0.0 	-0.0 	25.0 	0.0 	0.0 	0.0 	8.05309766887	2.78320175564	144.514540609	-20.1227033703	
3.51666666667	0.0	0.0	0.0 	0.0 	147.916666667 	25.0 	0.0 	0.0 	0.0 	-0.0 	25.0 	0.0 	0.0 	0.0 	8.08922584371	2.78320175564	144.561831278	-20.2489576421	
3.53333333333	0.0	0.0	0.0 	0.0 	148.333333333 	25.0 	0.0 	0.0 	0.0 	-0.0 	25.0 	0.0 	0.0 	0.0 	8.1252227973	2.78320175564	144.60933239	-20.3757737439	
3.55	0.0	0.0	0.0 	0.0 	148.75 	25.0 	0.0 	0.0 	0.0 	-0.0 	25.0 	0.0 	0.0 	0.0 	8.16108900623	2.78320175565	144.65704318	-20.5031496349	
3.56666666667	0.0	0.0	0.0 	0.0 	149.166666667 	25.0 	0.0 	0.0 	0.0 	-0.0 	25.0 	0.0 	0.0 	0.0 	8.1968249454	2.78320175565	144.704962888	-20.6310832821	
3.58333333333	0.0	0.0	0.0 	0.0 	149.583333333 	25.0 	0.0 	0.0 	0.0 	-0.0 	25.0 	0.0 	0.0 	0.0 	8.23243108796	2.78320175565	144.753090754	-20.7595726595	
3.6	0.0	0.0	0.0 	0.0 	150.0 	25.0 	0.0 	0.0 	0.0 	-0.0 	25.0 	0.0 	0.0 	0.0 	8.26790790533	2.78320175565	144.801426022	-20.8886157487	
3.61666666667	0.0	0.0	0.0 	0.0 	150.416666667 	25.0 	0.0 	0.0 	0.0 	-0.0 	25.0 	0.0 	0.0 	0.0 	8.30325586724	2.78320175565	144.849967938	-21.0182105385	
3.63333333333	0.0	0.0	0.0 	0.0 	150.833333333 	25.0 	0.0 	0.0 	0.0 	-0.0 	25.0 	0.0 	0.0 	0.0 	8.33847544171	2.78320175565	144.898715753	-21.1483550252	
3.65	0.0	0.0	0.0 	0.0 	151.25 	25.0 	0.0 	0.0 	0.0 	-0.0 	25.0 	0.0 	0.0 	0.0 	8.37356709506	2.78320175565	144.947668718	-21.2790472121	
3.66666666667	0.0	0.0	0.0 	0.0 	151.666666667 	25.0 	0.0 	0.0 	0.0 	-0.0 	25.0 	0.0 	0.0 	0.0 	8.4085312919	2.78320175565	144.996826089	-21.41028511	
3.68333333333	0.0	0.0	0.0 	0.0 	152.083333333 	25.0 	0.0 	0.0 	0.0 	-0.0 	25.0 	0.0 	0.0 	0.0 	8.44336849518	2.78320175565	145.046187122	-21.5420667368	
3.7	0.0	0.0	0.0 	0.0 	152.5 	25.0 	0.0 	0.0 	0.0 	-0.0 	25.0 	0.0 	0.0 	0.0 	8.47807916614	2.78320175565	145.095751078	-21.6743901175	
3.71666666667	0.0	0.0	0.0 	0.0 	152.916666667 	25.0 	0.0 	0.0 	0.0 	-0.0 	25.0 	0.0 	0.0 	0.0 	8.51266376436	2.78320175565	145.145517221	-21.8072532846	
3.73333333333	0.0	0.0	0.0 	0.0 	153.333333333 	25.0 	0.0 	0.0 	0.0 	-0.0 	25.0 	0.0 	0.0 	0.0 	8.54712274776	2.78320175565	145.195484815	-21.9406542774	
3.75	0.0	0.0	0.0 	0.0 	153.75 	25.0 	0.0 	0.0 	0.0 	-0.0 	25.0 	0.0 	0.0 	0.0 	8.58145657258	2.78320175565	145.245653129	-22.0745911425	
3.76666666667	0.0	0.0	0.0 	0.0 	154.166666667 	25.0 	0.0 	0.0 	0.0 	-0.0 	25.0 	0.0 	0.0 	0.0 	8.6156656934	2.78320175565	145.296021434	-22.2090619336	
3.78333333333	0.0	0.0	0.0 	0.0 	154.583333333 	25.0 	0.0 	0.0 	0.0 	-0.0 	25.0 	0.0 	0.0 	0.0 	8.64975056318	2.78320175565	145.346589004	-22.3440647114	
3.8	0.0	0.0	0.0 	0.0 	155.0 	25.0 	0.0 	0.0 	0.0 	-0.0 	25.0 	0.0 	0.0 	0.0 	8.68371163319	2.78320175565	145.397355115	-22.4795975436	
3.81666666667	0.0	0.0	0.0 	0.0 	155.416666667 	25.0 	0.0 	0.0 	0.0 	-0.0 	25.0 	0.0 	0.0 	0.0 	8.71754935309	2.78320175565	145.448319045	-22.615658505	
3.83333333333	0.0	0.0	0.0 	0.0 	155.833333333 	25.0 	0.0 	0.0 	0.0 	-0.0 	25.0 	0.0 	0.0 	0.0 	8.75126417091	2.78320175565	145.499480077	-22.7522456775	
3.85	0.0	0.0	0.0 	0.0 	156.25 	25.0 	0.0 	0.0 	0.0 	-0.0 	25.0 	0.0 	0.0 	0.0 	8.78485653303	2.78320175565	145.550837493	-22.8893571497	
3.86666666667	0.0	0.0	0.0 	0.0 	156.666666667 	25.0 	0.0 	0.0 	0.0 	-0.0 	25.0 	0.0 	0.0 	0.0 	8.81832688422	2.78320175565	145.602390582	-23.0269910174	
3.88333333333	0.0	0.0	0.0 	0.0 	157.083333333 	25.0 	0.0 	0.0 	0.0 	-0.0 	25.0 	0.0 	0.0 	0.0 	8.85167566766	2.78320175565	145.654138633	-23.1651453831	
3.9	0.0	0.0	0.0 	0.0 	157.5 	25.0 	0.0 	0.0 	0.0 	-0.0 	25.0 	0.0 	0.0 	0.0 	8.88490332487	2.78320175565	145.706080936	-23.3038183564	
3.91666666667	0.0	0.0	0.0 	0.0 	157.916666667 	25.0 	0.0 	0.0 	0.0 	-0.0 	25.0 	0.0 	0.0 	0.0 	8.9180102958	2.78320175565	145.758216787	-23.4430080536	
3.93333333333	0.0	0.0	0.0 	0.0 	158.333333333 	25.0 	0.0 	0.0 	0.0 	-0.0 	25.0 	0.0 	0.0 	0.0 	8.95099701881	2.78320175565	145.810545483	-23.582712598	
3.95	0.0	0.0	0.0 	0.0 	158.75 	25.0 	0.0 	0.0 	0.0 	-0.0 	25.0 	0.0 	0.0 	0.0 	8.98386393063	2.78320175565	145.863066323	-23.7229301195	
3.96666666667	0.0	0.0	0.0 	0.0 	159.166666667 	25.0 	0.0 	0.0 	0.0 	-0.0 	25.0 	0.0 	0.0 	0.0 	9.01661146644	2.78320175565	145.91577861	-23.8636587549	
3.98333333333	0.0	0.0	0.0 	0.0 	159.583333333 	25.0 	0.0 	0.0 	0.0 	-0.0 	25.0 	0.0 	0.0 	0.0 	9.04924005983	2.78320175565	145.968681647	-24.0048966479	
4.0	0.0	0.0	0.0 	0.0 	160.0 	25.0 	0.0 	0.0 	0.0 	-0.0 	25.0 	0.0 	0.0 	0.0 	9.0817501428	2.78320175565	146.021774743	-24.1466419488	
4.01666666667	0.0	0.0	0.0 	0.0 	160.416666667 	25.0 	0.0 	0.0 	0.0 	-0.0 	25.0 	0.0 	0.0 	0.0 	9.11414214579	2.78320175565	146.075057206	-24.2888928146	
4.03333333333	0.0	0.0	0.0 	0.0 	160.833333333 	25.0 	0.0 	0.0 	0.0 	-0.0 	25.0 	0.0 	0.0 	0.0 	9.14641649769	2.78320175565	146.12852835	-24.431647409	
4.05	0.0	0.0	0.0 	0.0 	161.25 	25.0 	0.0 	0.0 	0.0 	-0.0 	25.0 	0.0 	0.0 	0.0 	9.17857362582	2.78320175565	146.182187488	-24.5749039025	
4.06666666667	0.0	0.0	0.0 	0.0 	161.666666667 	25.0 	0.0 	0.0 	0.0 	-0.0 	25.0 	0.0 	0.0 	0.0 	9.21061395594	2.78320175565	146.236033939	-24.7186604721	
4.08333333333	0.0	0.0	0.0 	0.0 	162.083333333 	25.0 	0.0 	0.0 	0.0 	-0.0 	25.0 	0.0 	0.0 	0.0 	9.24253791228	2.78320175565	146.29006702	-24.8629153015	
4.1	0.0	0.0	0.0 	0.0 	162.5 	25.0 	0.0 	0.0 	0.0 	-0.0 	25.0 	0.0 	0.0 	0.0 	9.27434591752	2.78320175565	146.344286056	-25.0076665809	
4.11666666667	0.0	0.0	0.0 	0.0 	162.916666667 	25.0 	0.0 	0.0 	0.0 	-0.0 	25.0 	0.0 	0.0 	0.0 	9.30603839281	2.78320175565	146.39869037	-25.1529125072	
4.13333333333	0.0	0.0	0.0 	0.0 	163.333333333 	25.0 	0.0 	0.0 	0.0 	-0.0 	25.0 	0.0 	0.0 	0.0 	9.33761575776	2.78320175565	146.45327929	-25.2986512838	
4.15	0.0	0.0	0.0 	0.0 	163.75 	25.0 	0.0 	0.0 	0.0 	-0.0 	25.0 	0.0 	0.0 	0.0 	9.36907843046	2.78320175565	146.508052144	-25.4448811206	
4.16666666667	0.0	0.0	0.0 	0.0 	164.166666667 	25.0 	0.0 	0.0 	0.0 	-0.0 	25.0 	0.0 	0.0 	0.0 	9.40042682749	2.78320175565	146.563008265	-25.591600234	
4.18333333333	0.0	0.0	0.0 	0.0 	164.583333333 	25.0 	0.0 	0.0 	0.0 	-0.0 	25.0 	0.0 	0.0 	0.0 	9.43166136391	2.78320175565	146.618146987	-25.7388068469	
4.2	0.0	0.0	0.0 	0.0 	165.0 	25.0 	0.0 	0.0 	0.0 	-0.0 	25.0 	0.0 	0.0 	0.0 	9.46278245327	2.78320175565	146.673467647	-25.8864991887	
4.21666666667	0.0	0.0	0.0 	0.0 	165.416666667 	25.0 	0.0 	0.0 	0.0 	-0.0 	25.0 	0.0 	0.0 	0.0 	9.49379050763	2.78320175565	146.728969585	-26.0346754951	
4.23333333333	0.0	0.0	0.0 	0.0 	165.833333333 	25.0 	0.0 	0.0 	0.0 	-0.0 	25.0 	0.0 	0.0 	0.0 	9.52468593754	2.78320175565	146.784652141	-26.1833340084	
4.25	0.0	0.0	0.0 	0.0 	166.25 	25.0 	0.0 	0.0 	0.0 	-0.0 	25.0 	0.0 	0.0 	0.0 	9.55546915206	2.78320175565	146.84051466	-26.332472977	
4.26666666667	0.0	0.0	0.0 	0.0 	166.666666667 	25.0 	0.0 	0.0 	0.0 	-0.0 	25.0 	0.0 	0.0 	0.0 	9.58614055877	2.78320175565	146.896556487	-26.482090656	
4.28333333333	0.0	0.0	0.0 	0.0 	167.083333333 	25.0 	0.0 	0.0 	0.0 	-0.0 	25.0 	0.0 	0.0 	0.0 	9.61670056377	2.78320175565	146.952776973	-26.6321853067	
4.3	0.0	0.0	0.0 	0.0 	167.5 	25.0 	0.0 	0.0 	0.0 	-0.0 	25.0 	0.0 	0.0 	0.0 	9.64714957168	2.78320175565	147.009175467	-26.7827551965	
4.31666666667	0.0	0.0	0.0 	0.0 	167.916666667 	25.0 	0.0 	0.0 	0.0 	-0.0 	25.0 	0.0 	0.0 	0.0 	9.67748798566	2.78320175565	147.065751324	-26.9337985995	
4.33333333333	0.0	0.0	0.0 	0.0 	168.333333333 	25.0 	0.0 	0.0 	0.0 	-0.0 	25.0 	0.0 	0.0 	0.0 	9.70771620739	2.78320175565	147.122503899	-27.0853137957	
4.35	0.0	0.0	0.0 	0.0 	168.75 	25.0 	0.0 	0.0 	0.0 	-0.0 	25.0 	0.0 	0.0 	0.0 	9.7378346371	2.78320175565	147.17943255	-27.2372990715	
4.36666666667	0.0	0.0	0.0 	0.0 	169.166666667 	25.0 	0.0 	0.0 	0.0 	-0.0 	25.0 	0.0 	0.0 	0.0 	9.76784367356	2.78320175565	147.236536638	-27.3897527196	
4.38333333333	0.0	0.0	0.0 	0.0 	169.583333333 	25.0 	0.0 	0.0 	0.0 	-0.0 	25.0 	0.0 	0.0 	0.0 	9.79774371412	2.78320175565	147.293815526	-27.5426730388	
4.4	0.0	0.0	0.0 	0.0 	170.0 	25.0 	0.0 	0.0 	0.0 	-0.0 	25.0 	0.0 	0.0 	0.0 	9.82753515464	2.78320175565	147.351268578	-27.6960583341	
4.41666666667	0.0	0.0	0.0 	0.0 	170.416666667 	25.0 	0.0 	0.0 	0.0 	-0.0 	25.0 	0.0 	0.0 	0.0 	9.85721838958	2.78320175565	147.408895162	-27.8499069166	
4.43333333333	0.0	0.0	0.0 	0.0 	170.833333333 	25.0 	0.0 	0.0 	0.0 	-0.0 	25.0 	0.0 	0.0 	0.0 	9.88679381195	2.78320175565	147.466694648	-28.0042171037	
4.45	0.0	0.0	0.0 	0.0 	171.25 	25.0 	0.0 	0.0 	0.0 	-0.0 	25.0 	0.0 	0.0 	0.0 	9.91626181333	2.78320175565	147.524666407	-28.1589872187	
4.46666666667	0.0	0.0	0.0 	0.0 	171.666666667 	25.0 	0.0 	0.0 	0.0 	-0.0 	25.0 	0.0 	0.0 	0.0 	9.9456227839	2.78320175565	147.582809815	-28.3142155912	
4.48333333333	0.0	0.0	0.0 	0.0 	172.083333333 	25.0 	0.0 	0.0 	0.0 	-0.0 	25.0 	0.0 	0.0 	0.0 	9.97487711239	2.78320175565	147.641124248	-28.4699005567	
4.5	0.0	0.0	0.0 	0.0 	172.5 	25.0 	0.0 	0.0 	0.0 	-0.0 	25.0 	0.0 	0.0 	0.0 	10.0040251862	2.78320175565	147.699609083	-28.6260404568	
4.51666666667	0.0	0.0	0.0 	0.0 	172.916666667 	25.0 	0.0 	0.0 	0.0 	-0.0 	25.0 	0.0 	0.0 	0.0 	10.0330673911	2.78320175565	147.758263704	-28.7826336392	
4.53333333333	0.0	0.0	0.0 	0.0 	173.333333333 	25.0 	0.0 	0.0 	0.0 	-0.0 	25.0 	0.0 	0.0 	0.0 	10.0620041118	2.78320175565	147.817087492	-28.9396784574	
4.55	0.0	0.0	0.0 	0.0 	173.75 	25.0 	0.0 	0.0 	0.0 	-0.0 	25.0 	0.0 	0.0 	0.0 	10.0908357313	2.78320175565	147.876079834	-29.0971732711	
4.56666666667	0.0	0.0	0.0 	0.0 	174.166666667 	25.0 	0.0 	0.0 	0.0 	-0.0 	25.0 	0.0 	0.0 	0.0 	10.1195626314	2.78320175565	147.935240116	-29.2551164458	
4.58333333333	0.0	0.0	0.0 	0.0 	174.583333333 	25.0 	0.0 	0.0 	0.0 	-0.0 	25.0 	0.0 	0.0 	0.0 	10.1481851924	2.78320175565	147.99456773	-29.4135063532	
4.6	0.0	0.0	0.0 	0.0 	175.0 	25.0 	0.0 	0.0 	0.0 	-0.0 	25.0 	0.0 	0.0 	0.0 	10.1767037933	2.78320175565	148.054062068	-29.5723413705	
4.61666666667	0.0	0.0	0.0 	0.0 	175.416666667 	25.0 	0.0 	0.0 	0.0 	-0.0 	25.0 	0.0 	0.0 	0.0 	10.2051188118	2.78320175565	148.113722523	-29.7316198811	
4.63333333333	0.0	0.0	0.0 	0.0 	175.833333333 	25.0 	0.0 	0.0 	0.0 	-0.0 	25.0 	0.0 	0.0 	0.0 	10.233430624	2.78320175565	148.173548493	-29.8913402742	
4.65	0.0	0.0	0.0 	0.0 	176.25 	25.0 	0.0 	0.0 	0.0 	-0.0 	25.0 	0.0 	0.0 	0.0 	10.2616396047	2.78320175565	148.233539376	-30.0515009448	
4.66666666667	0.0	0.0	0.0 	0.0 	176.666666667 	25.0 	0.0 	0.0 	0.0 	-0.0 	25.0 	0.0 	0.0 	0.0 	10.2897461275	2.78320175565	148.293694574	-30.2121002938	
4.68333333333	0.0	0.0	0.0 	0.0 	177.083333333 	25.0 	0.0 	0.0 	0.0 	-0.0 	25.0 	0.0 	0.0 	0.0 	10.3177505646	2.78320175565	148.354013489	-30.3731367279	
4.7	0.0	0.0	0.0 	0.0 	177.5 	25.0 	0.0 	0.0 	0.0 	-0.0 	25.0 	0.0 	0.0 	0.0 	10.3456532866	2.78320175565	148.414495528	-30.5346086595	
4.71666666667	0.0	0.0	0.0 	0.0 	177.916666667 	25.0 	0.0 	0.0 	0.0 	-0.0 	25.0 	0.0 	0.0 	0.0 	10.373454663	2.78320175565	148.475140096	-30.6965145068	
4.73333333333	0.0	0.0	0.0 	0.0 	178.333333333 	25.0 	0.0 	0.0 	0.0 	-0.0 	25.0 	0.0 	0.0 	0.0 	10.401155062	2.78320175565	148.535946605	-30.8588526939	
4.75	0.0	0.0	0.0 	0.0 	178.75 	25.0 	0.0 	0.0 	0.0 	-0.0 	25.0 	0.0 	0.0 	0.0 	10.4287548503	2.78320175565	148.596914466	-31.0216216504	
4.76666666667	0.0	0.0	0.0 	0.0 	179.166666667 	25.0 	0.0 	0.0 	0.0 	-0.0 	25.0 	0.0 	0.0 	0.0 	10.4562543933	2.78320175565	148.658043093	-31.1848198118	
4.78333333333	0.0	0.0	0.0 	0.0 	179.583333333 	25.0 	0.0 	0.0 	0.0 	-0.0 	25.0 	0.0 	0.0 	0.0 	10.4836540552	2.78320175565	148.719331902	-31.348445619	
4.8	0.0	0.0	0.0 	0.0 	180.0 	25.0 	0.0 	0.0 	0.0 	-0.0 	25.0 	0.0 	0.0 	0.0 	10.5109541986	2.78320175565	148.780780311	-31.5124975189	
4.81666666667	0.0	0.0	0.0 	0.0 	180.416666667 	25.0 	0.0 	0.0 	0.0 	-0.0 	25.0 	0.0 	0.0 	0.0 	10.5381551851	2.78320175565	148.84238774	-31.6769739639	
4.83333333333	0.0	0.0	0.0 	0.0 	180.833333333 	25.0 	0.0 	0.0 	0.0 	-0.0 	25.0 	0.0 	0.0 	0.0 	10.5652573749	2.78320175565	148.904153612	-31.8418734119	
4.85	0.0	0.0	0.0 	0.0 	181.25 	25.0 	0.0 	0.0 	0.0 	-0.0 	25.0 	0.0 	0.0 	0.0 	10.5922611266	2.78320175565	148.966077352	-32.0071943266	
4.86666666667	0.0	0.0	0.0 	0.0 	181.666666667 	25.0 	0.0 	0.0 	0.0 	-0.0 	25.0 	0.0 	0.0 	0.0 	10.619166798	2.78320175565	149.028158386	-32.1729351771	
4.88333333333	0.0	0.0	0.0 	0.0 	182.083333333 	25.0 	0.0 	0.0 	0.0 	-0.0 	25.0 	0.0 	0.0 	0.0 	10.6459747452	2.78320175565	149.090396143	-32.3390944382	
4.9	0.0	0.0	0.0 	0.0 	182.5 	25.0 	0.0 	0.0 	0.0 	-0.0 	25.0 	0.0 	0.0 	0.0 	10.6726853231	2.78320175565	149.152790053	-32.5056705902	
4.91666666667	0.0	0.0	0.0 	0.0 	182.916666667 	25.0 	0.0 	0.0 	0.0 	-0.0 	25.0 	0.0 	0.0 	0.0 	10.6992988855	2.78320175565	149.215339549	-32.6726621189	
4.93333333333	0.0	0.0	0.0 	0.0 	183.333333333 	25.0 	0.0 	0.0 	0.0 	-0.0 	25.0 	0.0 	0.0 	0.0 	10.7258157847	2.78320175565	149.278044067	-32.8400675156	
4.95	0.0	0.0	0.0 	0.0 	183.75 	25.0 	0.0 	0.0 	0.0 	-0.0 	25.0 	0.0 	0.0 	0.0 	10.7522363718	2.78320175565	149.340903043	-33.0078852772	
4.96666666667	0.0	0.0	0.0 	0.0 	184.166666667 	25.0 	0.0 	0.0 	0.0 	-0.0 	25.0 	0.0 	0.0 	0.0 	10.7785609966	2.78320175565	149.403915916	-33.1761139057	
4.98333333333	0.0	0.0	0.0 	0.0 	184.583333333 	25.0 	0.0 	0.0 	0.0 	-0.0 	25.0 	0.0 	0.0 	0.0 	10.8047900076	2.78320175565	149.467082128	-33.344751909	
5.0	0.0	0.0	0.0 	0.0 	185.0 	25.0 	0.0 	0.0 	0.0 	-0.0 	25.0 	0.0 	0.0 	0.0 	10.8309237521	2.78320175565	149.53040112	-33.5137978002	
5.01666666667	0.0	0.0	0.0 	0.0 	185.416666667 	25.0 	0.0 	0.0 	0.0 	-0.0 	25.0 	0.0 	0.0 	0.0 	10.8569625762	2.78320175565	149.59387234	-33.6832500977	
5.03333333333	0.0	0.0	0.0 	0.0 	185.833333333 	25.0 	0.0 	0.0 	0.0 	-0.0 	25.0 	0.0 	0.0 	0.0 	10.8829068247	2.78320175565	149.657495232	-33.8531073254	
5.05	0.0	0.0	0.0 	0.0 	186.25 	25.0 	0.0 	0.0 	0.0 	-0.0 	25.0 	0.0 	0.0 	0.0 	10.9087568409	2.78320175565	149.721269247	-34.0233680126	
5.06666666667	0.0	0.0	0.0 	0.0 	186.666666667 	25.0 	0.0 	0.0 	0.0 	-0.0 	25.0 	0.0 	0.0 	0.0 	10.9345129672	2.78320175565	149.785193836	-34.194030694	
5.08333333333	0.0	0.0	0.0 	0.0 	187.083333333 	25.0 	0.0 	0.0 	0.0 	-0.0 	25.0 	0.0 	0.0 	0.0 	10.9601755446	2.78320175565	149.849268451	-34.3650939093	
5.1	0.0	0.0	0.0 	0.0 	187.5 	25.0 	0.0 	0.0 	0.0 	-0.0 	25.0 	0.0 	0.0 	0.0 	10.9857449128	2.78320175565	149.913492549	-34.5365562038	
5.11666666667	0.0	0.0	0.0 	0.0 	187.916666667 	25.0 	0.0 	0.0 	0.0 	-0.0 	25.0 	0.0 	0.0 	0.0 	11.0112214105	2.78320175565	149.977865585	-34.7084161281	
5.13333333333	0.0	0.0	0.0 	0.0 	188.333333333 	25.0 	0.0 	0.0 	0.0 	-0.0 	25.0 	0.0 	0.0 	0.0 	11.0366053749	2.78320175565	150.042387019	-34.8806722379	
5.15	0.0	0.0	0.0 	0.0 	188.75 	25.0 	0.0 	0.0 	0.0 	-0.0 	25.0 	0.0 	0.0 	0.0 	11.0618971422	2.78320175565	150.107056312	-35.0533230942	
5.16666666667	0.0	0.0	0.0 	0.0 	189.166666667 	25.0 	0.0 	0.0 	0.0 	-0.0 	25.0 	0.0 	0.0 	0.0 	11.0870970471	2.78320175565	150.171872928	-35.2263672632	
5.18333333333	0.0	0.0	0.0 	0.0 	189.583333333 	25.0 	0.0 	0.0 	0.0 	-0.0 	25.0 	0.0 	0.0 	0.0 	11.1122054234	2.78320175565	150.23683633	-35.3998033164	
5.2	0.0	0.0	0.0 	0.0 	190.0 	25.0 	0.0 	0.0 	0.0 	-0.0 	25.0 	0.0 	0.0 	0.0 	11.1372226034	2.78320175565	150.301945985	-35.5736298305	
5.21666666667	0.0	0.0	0.0 	0.0 	190.416666667 	25.0 	0.0 	0.0 	0.0 	-0.0 	25.0 	0.0 	0.0 	0.0 	11.1621489185	2.78320175565	150.367201364	-35.7478453872	
5.23333333333	0.0	0.0	0.0 	0.0 	190.833333333 	25.0 	0.0 	0.0 	0.0 	-0.0 	25.0 	0.0 	0.0 	0.0 	11.1869846987	2.78320175565	150.432601935	-35.9224485735	
5.25	0.0	0.0	0.0 	0.0 	191.25 	25.0 	0.0 	0.0 	0.0 	-0.0 	25.0 	0.0 	0.0 	0.0 	11.2117302727	2.78320175565	150.498147172	-36.0974379815	
5.26666666667	0.0	0.0	0.0 	0.0 	191.666666667 	25.0 	0.0 	0.0 	0.0 	-0.0 	25.0 	0.0 	0.0 	0.0 	11.2363859682	2.78320175565	150.56383655	-36.2728122083	
5.28333333333	0.0	0.0	0.0 	0.0 	192.083333333 	25.0 	0.0 	0.0 	0.0 	-0.0 	25.0 	0.0 	0.0 	0.0 	11.2609521118	2.78320175565	150.629669544	-36.4485698564	
5.3	0.0	0.0	0.0 	0.0 	192.5 	25.0 	0.0 	0.0 	0.0 	-0.0 	25.0 	0.0 	0.0 	0.0 	11.2854290285	2.78320175565	150.695645634	-36.624709533	
5.31666666667	0.0	0.0	0.0 	0.0 	192.916666667 	25.0 	0.0 	0.0 	0.0 	-0.0 	25.0 	0.0 	0.0 	0.0 	11.3098170426	2.78320175565	150.761764299	-36.8012298506	
5.33333333333	0.0	0.0	0.0 	0.0 	193.333333333 	25.0 	0.0 	0.0 	0.0 	-0.0 	25.0 	0.0 	0.0 	0.0 	11.3341164769	2.78320175565	150.828025022	-36.9781294267	
5.35	0.0	0.0	0.0 	0.0 	193.75 	25.0 	0.0 	0.0 	0.0 	-0.0 	25.0 	0.0 	0.0 	0.0 	11.3583276531	2.78320175565	150.894427287	-37.1554068837	
5.36666666667	0.0	0.0	0.0 	0.0 	194.166666667 	25.0 	0.0 	0.0 	0.0 	-0.0 	25.0 	0.0 	0.0 	0.0 	11.3824508919	2.78320175565	150.960970579	-37.3330608492	
5.38333333333	0.0	0.0	0.0 	0.0 	194.583333333 	25.0 	0.0 	0.0 	0.0 	-0.0 	25.0 	0.0 	0.0 	0.0 	11.4064865125	2.78320175565	151.027654387	-37.5110899556	
5.4	0.0	0.0	0.0 	0.0 	195.0 	25.0 	0.0 	0.0 	0.0 	-0.0 	25.0 	0.0 	0.0 	0.0 	11.4304348334	2.78320175565	151.0944782	-37.6894928404	
5.41666666667	0.0	0.0	0.0 	0.0 	195.416666667 	25.0 	0.0 	0.0 	0.0 	-0.0 	25.0 	0.0 	0.0 	0.0 	11.4542961714	2.78320175565	151.161441509	-37.868268146	
5.43333333333	0.0	0.0	0.0 	0.0 	195.833333333 	25.0 	0.0 	0.0 	0.0 	-0.0 	25.0 	0.0 	0.0 	0.0 	11.4780708426	2.78320175565	151.228543808	-38.0474145197	
5.45	0.0	0.0	0.0 	0.0 	196.25 	25.0 	0.0 	0.0 	0.0 	-0.0 	25.0 	0.0 	0.0 	0.0 	11.5017591617	2.78320175565	151.295784592	-38.2269306138	
5.46666666667	0.0	0.0	0.0 	0.0 	196.666666667 	25.0 	0.0 	0.0 	0.0 	-0.0 	25.0 	0.0 	0.0 	0.0 	11.5253614425	2.78320175565	151.363163358	-38.4068150854	
5.48333333333	0.0	0.0	0.0 	0.0 	197.083333333 	25.0 	0.0 	0.0 	0.0 	-0.0 	25.0 	0.0 	0.0 	0.0 	11.5488779973	2.78320175565	151.430679604	-38.5870665965	
5.5	0.0	0.0	0.0 	0.0 	197.5 	25.0 	0.0 	0.0 	0.0 	-0.0 	25.0 	0.0 	0.0 	0.0 	11.5723091375	2.78320175565	151.498332833	-38.7676838139	
5.51666666667	0.0	0.0	0.0 	0.0 	197.916666667 	25.0 	0.0 	0.0 	0.0 	-0.0 	25.0 	0.0 	0.0 	0.0 	11.5956551735	2.78320175565	151.566122545	-38.9486654095	
5.53333333333	0.0	0.0	0.0 	0.0 	198.333333333 	25.0 	0.0 	0.0 	0.0 	-0.0 	25.0 	0.0 	0.0 	0.0 	11.6189164142	2.78320175565	151.634048246	-39.1300100597	
5.55	0.0	0.0	0.0 	0.0 	198.75 	25.0 	0.0 	0.0 	0.0 	-0.0 	25.0 	0.0 	0.0 	0.0 	11.6420931677	2.78320175565	151.70210944	-39.3117164459	
5.56666666667	0.0	0.0	0.0 	0.0 	199.166666667 	25.0 	0.0 	0.0 	0.0 	-0.0 	25.0 	0.0 	0.0 	0.0 	11.6651857408	2.78320175565	151.770305637	-39.4937832543	
5.58333333333	0.0	0.0	0.0 	0.0 	199.583333333 	25.0 	0.0 	0.0 	0.0 	-0.0 	25.0 	0.0 	0.0 	0.0 	11.6881944394	2.78320175565	151.838636346	-39.6762091756	
5.6	0.0	0.0	0.0 	0.0 	200.0 	25.0 	0.0 	0.0 	0.0 	-0.0 	25.0 	0.0 	0.0 	0.0 	11.711119568	2.78320175565	151.907101079	-39.8589929057	
5.61666666667	0.0	0.0	0.0 	0.0 	200.416666667 	25.0 	0.0 	0.0 	0.0 	-0.0 	25.0 	0.0 	0.0 	0.0 	11.7339614301	2.78320175565	151.975699347	-40.0421331449	
5.63333333333	0.0	0.0	0.0 	0.0 	200.833333333 	25.0 	0.0 	0.0 	0.0 	-0.0 	25.0 	0.0 	0.0 	0.0 	11.7567203282	2.78320175565	152.044430667	-40.2256285983	
5.65	0.0	0.0	0.0 	0.0 	201.25 	25.0 	0.0 	0.0 	0.0 	-0.0 	25.0 	0.0 	0.0 	0.0 	11.7793965637	2.78320175565	152.113294556	-40.4094779758	
5.66666666667	0.0	0.0	0.0 	0.0 	201.666666667 	25.0 	0.0 	0.0 	0.0 	-0.0 	25.0 	0.0 	0.0 	0.0 	11.8019904368	2.78320175565	152.182290531	-40.5936799918	
5.68333333333	0.0	0.0	0.0 	0.0 	202.083333333 	25.0 	0.0 	0.0 	0.0 	-0.0 	25.0 	0.0 	0.0 	0.0 	11.8245022466	2.78320175565	152.251418113	-40.7782333656	
5.7	0.0	0.0	0.0 	0.0 	202.5 	25.0 	0.0 	0.0 	0.0 	-0.0 	25.0 	0.0 	0.0 	0.0 	11.8469322911	2.78320175565	152.320676824	-40.963136821	
5.71666666667	0.0	0.0	0.0 	0.0 	202.916666667 	25.0 	0.0 	0.0 	0.0 	-0.0 	25.0 	0.0 	0.0 	0.0 	11.8692808675	2.78320175565	152.390066188	-41.1483890864	
5.73333333333	0.0	0.0	0.0 	0.0 	203.333333333 	25.0 	0.0 	0.0 	0.0 	-0.0 	25.0 	0.0 	0.0 	0.0 	11.8915482715	2.78320175565	152.45958573	-41.3339888949	
5.75	0.0	0.0	0.0 	0.0 	203.75 	25.0 	0.0 	0.0 	0.0 	-0.0 	25.0 	0.0 	0.0 	0.0 	11.9137347979	2.78320175565	152.529234977	-41.5199349843	
5.76666666667	0.0	0.0	0.0 	0.0 	204.166666667 	25.0 	0.0 	0.0 	0.0 	-0.0 	25.0 	0.0 	0.0 	0.0 	11.9358407407	2.78320175565	152.599013459	-41.7062260967	
5.78333333333	0.0	0.0	0.0 	0.0 	204.583333333 	25.0 	0.0 	0.0 	0.0 	-0.0 	25.0 	0.0 	0.0 	0.0 	11.9578663924	2.78320175565	152.668920705	-41.8928609791	
5.8	0.0	0.0	0.0 	0.0 	205.0 	25.0 	0.0 	0.0 	0.0 	-0.0 	25.0 	0.0 	0.0 	0.0 	11.9798120446	2.78320175565	152.738956248	-42.0798383828	
5.81666666667	0.0	0.0	0.0 	0.0 	205.416666667 	25.0 	0.0 	0.0 	0.0 	-0.0 	25.0 	0.0 	0.0 	0.0 	12.001677988	2.78320175565	152.809119623	-42.2671570637	
5.83333333333	0.0	0.0	0.0 	0.0 	205.833333333 	25.0 	0.0 	0.0 	0.0 	-0.0 	25.0 	0.0 	0.0 	0.0 	12.023464512	2.78320175565	152.879410364	-42.4548157824	
5.85	0.0	0.0	0.0 	0.0 	206.25 	25.0 	0.0 	0.0 	0.0 	-0.0 	25.0 	0.0 	0.0 	0.0 	12.0451719051	2.78320175565	152.94982801	-42.6428133037	
5.86666666667	0.0	0.0	0.0 	0.0 	206.666666667 	25.0 	0.0 	0.0 	0.0 	-0.0 	25.0 	0.0 	0.0 	0.0 	12.0668004547	2.78320175565	153.020372099	-42.831148397	
5.88333333333	0.0	0.0	0.0 	0.0 	207.083333333 	25.0 	0.0 	0.0 	0.0 	-0.0 	25.0 	0.0 	0.0 	0.0 	12.0883504472	2.78320175565	153.091042172	-43.0198198364	
5.9	0.0	0.0	0.0 	0.0 	207.5 	25.0 	0.0 	0.0 	0.0 	-0.0 	25.0 	0.0 	0.0 	0.0 	12.1098221679	2.78320175565	153.161837772	-43.2088264001	
5.91666666667	0.0	0.0	0.0 	0.0 	207.916666667 	25.0 	0.0 	0.0 	0.0 	-0.0 	25.0 	0.0 	0.0 	0.0 	12.1312159011	2.78320175565	153.232758442	-43.3981668709	
5.93333333333	0.0	0.0	0.0 	0.0 	208.333333333 	25.0 	0.0 	0.0 	0.0 	-0.0 	25.0 	0.0 	0.0 	0.0 	12.15253193	2.78320175565	153.303803728	-43.5878400361	
5.95	0.0	0.0	0.0 	0.0 	208.75 	25.0 	0.0 	0.0 	0.0 	-0.0 	25.0 	0.0 	0.0 	0.0 	12.1737705369	2.78320175565	153.374973179	-43.7778446872	
5.96666666667	0.0	0.0	0.0 	0.0 	209.166666667 	25.0 	0.0 	0.0 	0.0 	-0.0 	25.0 	0.0 	0.0 	0.0 	12.1949320031	2.78320175565	153.446266341	-43.9681796203	
5.98333333333	0.0	0.0	0.0 	0.0 	209.583333333 	25.0 	0.0 	0.0 	0.0 	-0.0 	25.0 	0.0 	0.0 	0.0 	12.2160166086	2.78320175565	153.517682767	-44.1588436358	
6.0	0.0	0.0	0.0 	0.0 	210.0 	25.0 	0.0 	0.0 	0.0 	-0.0 	25.0 	0.0 	0.0 	0.0 	12.2370246326	2.78320175565	153.589222009	-44.3498355383	
6.01666666667	0.0	0.0	0.0 	0.0 	210.416666667 	25.0 	0.0 	0.0 	0.0 	-0.0 	25.0 	0.0 	0.0 	0.0 	12.2579563533	2.78320175565	153.660883621	-44.5411541371	
6.03333333333	0.0	0.0	0.0 	0.0 	210.833333333 	25.0 	0.0 	0.0 	0.0 	-0.0 	25.0 	0.0 	0.0 	0.0 	12.2788120479	2.78320175565	153.732667157	-44.7327982454	
6.05	0.0	0.0	0.0 	0.0 	211.25 	25.0 	0.0 	0.0 	0.0 	-0.0 	25.0 	0.0 	0.0 	0.0 	12.2995919924	2.78320175565	153.804572176	-44.924766681	
6.06666666667	0.0	0.0	0.0 	0.0 	211.666666667 	25.0 	0.0 	0.0 	0.0 	-0.0 	25.0 	0.0 	0.0 	0.0 	12.320296462	2.78320175565	153.876598236	-45.117058266	
6.08333333333	0.0	0.0	0.0 	0.0 	212.083333333 	25.0 	0.0 	0.0 	0.0 	-0.0 	25.0 	0.0 	0.0 	0.0 	12.3409257309	2.78320175565	153.948744897	-45.3096718265	
6.1	0.0	0.0	0.0 	0.0 	212.5 	25.0 	0.0 	0.0 	0.0 	-0.0 	25.0 	0.0 	0.0 	0.0 	12.3614800721	2.78320175565	154.021011721	-45.5026061932	
6.11666666667	0.0	0.0	0.0 	0.0 	212.916666667 	25.0 	0.0 	0.0 	0.0 	-0.0 	25.0 	0.0 	0.0 	0.0 	12.3819597578	2.78320175565	154.093398273	-45.6958602008	
6.13333333333	0.0	0.0	0.0 	0.0 	213.333333333 	25.0 	0.0 	0.0 	0.0 	-0.0 	25.0 	0.0 	0.0 	0.0 	12.4023650592	2.78320175565	154.165904116	-45.8894326884	
6.15	0.0	0.0	0.0 	0.0 	213.75 	25.0 	0.0 	0.0 	0.0 	-0.0 	25.0 	0.0 	0.0 	0.0 	12.4226962465	2.78320175565	154.238528818	-46.0833224992	
6.16666666667	0.0	0.0	0.0 	0.0 	214.166666667 	25.0 	0.0 	0.0 	0.0 	-0.0 	25.0 	0.0 	0.0 	0.0 	12.4429535888	2.78320175565	154.311271948	-46.2775284807	
6.18333333333	0.0	0.0	0.0 	0.0 	214.583333333 	25.0 	0.0 	0.0 	0.0 	-0.0 	25.0 	0.0 	0.0 	0.0 	12.4631373543	2.78320175565	154.384133074	-46.4720494845	
6.2	0.0	0.0	0.0 	0.0 	215.0 	25.0 	0.0 	0.0 	0.0 	-0.0 	25.0 	0.0 	0.0 	0.0 	12.4832478103	2.78320175565	154.457111769	-46.6668843665	
6.21666666667	0.0	0.0	0.0 	0.0 	215.416666667 	25.0 	0.0 	0.0 	0.0 	-0.0 	25.0 	0.0 	0.0 	0.0 	12.5032852231	2.78320175565	154.530207604	-46.8620319865	
6.23333333333	0.0	0.0	0.0 	0.0 	215.833333333 	25.0 	0.0 	0.0 	0.0 	-0.0 	25.0 	0.0 	0.0 	0.0 	12.5232498579	2.78320175565	154.603420156	-47.0574912087	
6.25	0.0	0.0	0.0 	0.0 	216.25 	25.0 	0.0 	0.0 	0.0 	-0.0 	25.0 	0.0 	0.0 	0.0 	12.5431419791	2.78320175565	154.676749	-47.2532609013	
6.26666666667	0.0	0.0	0.0 	0.0 	216.666666667 	25.0 	0.0 	0.0 	0.0 	-0.0 	25.0 	0.0 	0.0 	0.0 	12.56296185	2.78320175565	154.750193713	-47.4493399366	
6.28333333333	0.0	0.0	0.0 	0.0 	217.083333333 	25.0 	0.0 	0.0 	0.0 	-0.0 	25.0 	0.0 	0.0 	0.0 	12.5827097332	2.78320175565	154.823753875	-47.6457271912	
6.3	0.0	0.0	0.0 	0.0 	217.5 	25.0 	0.0 	0.0 	0.0 	-0.0 	25.0 	0.0 	0.0 	0.0 	12.60238589	2.78320175565	154.897429066	-47.8424215454	
6.31666666667	0.0	0.0	0.0 	0.0 	217.916666667 	25.0 	0.0 	0.0 	0.0 	-0.0 	25.0 	0.0 	0.0 	0.0 	12.6219905809	2.78320175565	154.971218869	-48.039421884	
6.33333333333	0.0	0.0	0.0 	0.0 	218.333333333 	25.0 	0.0 	0.0 	0.0 	-0.0 	25.0 	0.0 	0.0 	0.0 	12.6415240656	2.78320175565	155.045122868	-48.2367270954	
6.35	0.0	0.0	0.0 	0.0 	218.75 	25.0 	0.0 	0.0 	0.0 	-0.0 	25.0 	0.0 	0.0 	0.0 	12.6609866027	2.78320175565	155.119140646	-48.4343360724	
6.36666666667	0.0	0.0	0.0 	0.0 	219.166666667 	25.0 	0.0 	0.0 	0.0 	-0.0 	25.0 	0.0 	0.0 	0.0 	12.6803784499	2.78320175565	155.193271792	-48.6322477118	
6.38333333333	0.0	0.0	0.0 	0.0 	219.583333333 	25.0 	0.0 	0.0 	0.0 	-0.0 	25.0 	0.0 	0.0 	0.0 	12.6996998638	2.78320175565	155.267515894	-48.8304609141	
6.4	0.0	0.0	0.0 	0.0 	220.0 	25.0 	0.0 	0.0 	0.0 	-0.0 	25.0 	0.0 	0.0 	0.0 	12.7189511004	2.78320175565	155.341872541	-49.028974584	
6.41666666667	0.0	0.0	0.0 	0.0 	220.416666667 	25.0 	0.0 	0.0 	0.0 	-0.0 	25.0 	0.0 	0.0 	0.0 	12.7381324145	2.78320175565	155.416341324	-49.2277876303	
6.43333333333	0.0	0.0	0.0 	0.0 	220.833333333 	25.0 	0.0 	0.0 	0.0 	-0.0 	25.0 	0.0 	0.0 	0.0 	12.7572440601	2.78320175565	155.490921836	-49.4268989656	
6.45	0.0	0.0	0.0 	0.0 	221.25 	25.0 	0.0 	0.0 	0.0 	-0.0 	25.0 	0.0 	0.0 	0.0 	12.7762862902	2.78320175565	155.565613672	-49.6263075065	
6.46666666667	0.0	0.0	0.0 	0.0 	221.666666667 	25.0 	0.0 	0.0 	0.0 	-0.0 	25.0 	0.0 	0.0 	0.0 	12.795259357	2.78320175565	155.640416427	-49.8260121734	
6.48333333333	0.0	0.0	0.0 	0.0 	222.083333333 	25.0 	0.0 	0.0 	0.0 	-0.0 	25.0 	0.0 	0.0 	0.0 	12.8141635116	2.78320175565	155.715329698	-50.0260118908	
6.5	0.0	0.0	0.0 	0.0 	222.5 	25.0 	0.0 	0.0 	0.0 	-0.0 	25.0 	0.0 	0.0 	0.0 	12.8329990045	2.78320175565	155.790353083	-50.2263055872	
6.51666666667	0.0	0.0	0.0 	0.0 	222.916666667 	25.0 	0.0 	0.0 	0.0 	-0.0 	25.0 	0.0 	0.0 	0.0 	12.8517660848	2.78320175565	155.865486184	-50.4268921946	
6.53333333333	0.0	0.0	0.0 	0.0 	223.333333333 	25.0 	0.0 	0.0 	0.0 	-0.0 	25.0 	0.0 	0.0 	0.0 	12.8704650012	2.78320175565	155.940728601	-50.6277706492	
6.55	0.0	0.0	0.0 	0.0 	223.75 	25.0 	0.0 	0.0 	0.0 	-0.0 	25.0 	0.0 	0.0 	0.0 	12.8890960012	2.78320175565	156.016079937	-50.828939891	
6.56666666667	0.0	0.0	0.0 	0.0 	224.166666667 	25.0 	0.0 	0.0 	0.0 	-0.0 	25.0 	0.0 	0.0 	0.0 	12.9076593315	2.78320175565	156.091539796	-51.0303988639	
6.58333333333	0.0	0.0	0.0 	0.0 	224.583333333 	25.0 	0.0 	0.0 	0.0 	-0.0 	25.0 	0.0 	0.0 	0.0 	12.9261552378	2.78320175565	156.167107786	-51.2321465155	
6.6	0.0	0.0	0.0 	0.0 	225.0 	25.0 	0.0 	0.0 	0.0 	-0.0 	25.0 	0.0 	0.0 	0.0 	12.9445839651	2.78320175565	156.242783511	-51.4341817972	
6.61666666667	0.0	0.0	0.0 	0.0 	225.416666667 	25.0 	0.0 	0.0 	0.0 	-0.0 	25.0 	0.0 	0.0 	0.0 	12.9629457574	2.78320175565	156.318566583	-51.6365036644	
6.63333333333	0.0	0.0	0.0 	0.0 	225.833333333 	25.0 	0.0 	0.0 	0.0 	-0.0 	25.0 	0.0 	0.0 	0.0 	12.9812408578	2.78320175565	156.39445661	-51.8391110763	
6.65	0.0	0.0	0.0 	0.0 	226.25 	25.0 	0.0 	0.0 	0.0 	-0.0 	25.0 	0.0 	0.0 	0.0 	12.9994695084	2.78320175565	156.470453204	-52.0420029955	
6.66666666667	0.0	0.0	0.0 	0.0 	226.666666667 	25.0 	0.0 	0.0 	0.0 	-0.0 	25.0 	0.0 	0.0 	0.0 	13.0176319508	2.78320175565	156.546555978	-52.2451783889	
6.68333333333	0.0	0.0	0.0 	0.0 	227.083333333 	25.0 	0.0 	0.0 	0.0 	-0.0 	25.0 	0.0 	0.0 	0.0 	13.0357284252	2.78320175565	156.622764546	-52.4486362267	
6.7	0.0	0.0	0.0 	0.0 	227.5 	25.0 	0.0 	0.0 	0.0 	-0.0 	25.0 	0.0 	0.0 	0.0 	13.0537591714	2.78320175565	156.699078524	-52.6523754832	
6.71666666667	0.0	0.0	0.0 	0.0 	227.916666667 	25.0 	0.0 	0.0 	0.0 	-0.0 	25.0 	0.0 	0.0 	0.0 	13.0717244281	2.78320175565	156.77549753	-52.8563951361	
6.73333333333	0.0	0.0	0.0 	0.0 	228.333333333 	25.0 	0.0 	0.0 	0.0 	-0.0 	25.0 	0.0 	0.0 	0.0 	13.0896244331	2.78320175565	156.852021181	-53.060694167	
6.75	0.0	0.0	0.0 	0.0 	228.75 	25.0 	0.0 	0.0 	0.0 	-0.0 	25.0 	0.0 	0.0 	0.0 	13.1074594234	2.78320175565	156.928649098	-53.2652715613	
6.76666666667	0.0	0.0	0.0 	0.0 	229.166666667 	25.0 	0.0 	0.0 	0.0 	-0.0 	25.0 	0.0 	0.0 	0.0 	13.1252296353	2.78320175565	157.005380903	-53.4701263079	
6.78333333333	0.0	0.0	0.0 	0.0 	229.583333333 	25.0 	0.0 	0.0 	0.0 	-0.0 	25.0 	0.0 	0.0 	0.0 	13.1429353038	2.78320175565	157.082216216	-53.6752573993	
6.8	0.0	0.0	0.0 	0.0 	230.0 	25.0 	0.0 	0.0 	0.0 	-0.0 	25.0 	0.0 	0.0 	0.0 	13.1605766636	2.78320175565	157.159154664	-53.880663832	
6.81666666667	0.0	0.0	0.0 	0.0 	230.416666667 	25.0 	0.0 	0.0 	0.0 	-0.0 	25.0 	0.0 	0.0 	0.0 	13.1781539481	2.78320175565	157.23619587	-54.0863446057	
6.83333333333	0.0	0.0	0.0 	0.0 	230.833333333 	25.0 	0.0 	0.0 	0.0 	-0.0 	25.0 	0.0 	0.0 	0.0 	13.1956673901	2.78320175565	157.313339462	-54.2922987241	
6.85	0.0	0.0	0.0 	0.0 	231.25 	25.0 	0.0 	0.0 	0.0 	-0.0 	25.0 	0.0 	0.0 	0.0 	13.2131172215	2.78320175565	157.390585069	-54.4985251945	
6.86666666667	0.0	0.0	0.0 	0.0 	231.666666667 	25.0 	0.0 	0.0 	0.0 	-0.0 	25.0 	0.0 	0.0 	0.0 	13.2305036733	2.78320175565	157.467932319	-54.7050230274	
6.88333333333	0.0	0.0	0.0 	0.0 	232.083333333 	25.0 	0.0 	0.0 	0.0 	-0.0 	25.0 	0.0 	0.0 	0.0 	13.2478269758	2.78320175565	157.545380843	-54.9117912374	
6.9	0.0	0.0	0.0 	0.0 	232.5 	25.0 	0.0 	0.0 	0.0 	-0.0 	25.0 	0.0 	0.0 	0.0 	13.2650873582	2.78320175565	157.622930273	-55.1188288424	
6.91666666667	0.0	0.0	0.0 	0.0 	232.916666667 	25.0 	0.0 	0.0 	0.0 	-0.0 	25.0 	0.0 	0.0 	0.0 	13.2822850491	2.78320175565	157.700580244	-55.3261348639	
6.93333333333	0.0	0.0	0.0 	0.0 	233.333333333 	25.0 	0.0 	0.0 	0.0 	-0.0 	25.0 	0.0 	0.0 	0.0 	13.2994202762	2.78320175565	157.778330389	-55.5337083271	
6.95	0.0	0.0	0.0 	0.0 	233.75 	25.0 	0.0 	0.0 	0.0 	-0.0 	25.0 	0.0 	0.0 	0.0 	13.3164932664	2.78320175565	157.856180345	-55.7415482605	
6.96666666667	0.0	0.0	0.0 	0.0 	234.166666667 	25.0 	0.0 	0.0 	0.0 	-0.0 	25.0 	0.0 	0.0 	0.0 	13.3335042457	2.78320175565	157.93412975	-55.9496536962	
6.98333333333	0.0	0.0	0.0 	0.0 	234.583333333 	25.0 	0.0 	0.0 	0.0 	-0.0 	25.0 	0.0 	0.0 	0.0 	13.3504534395	2.78320175565	158.012178242	-56.1580236701	
7.0	0.0	0.0	0.0 	0.0 	235.0 	25.0 	0.0 	0.0 	0.0 	-0.0 	25.0 	0.0 	0.0 	0.0 	13.367341072	2.78320175565	158.090325461	-56.3666572211	
7.01666666667	0.0	0.0	0.0 	0.0 	235.416666667 	25.0 	0.0 	0.0 	0.0 	-0.0 	25.0 	0.0 	0.0 	0.0 	13.3841673668	2.78320175565	158.168571048	-56.5755533921	
7.03333333333	0.0	0.0	0.0 	0.0 	235.833333333 	25.0 	0.0 	0.0 	0.0 	-0.0 	25.0 	0.0 	0.0 	0.0 	13.4009325469	2.78320175565	158.246914648	-56.7847112291	
7.05	0.0	0.0	0.0 	0.0 	236.25 	25.0 	0.0 	0.0 	0.0 	-0.0 	25.0 	0.0 	0.0 	0.0 	13.417636834	2.78320175565	158.325355902	-56.9941297817	
7.06666666667	0.0	0.0	0.0 	0.0 	236.666666667 	25.0 	0.0 	0.0 	0.0 	-0.0 	25.0 	0.0 	0.0 	0.0 	13.4342804495	2.78320175565	158.403894458	-57.203808103	
7.08333333333	0.0	0.0	0.0 	0.0 	237.083333333 	25.0 	0.0 	0.0 	0.0 	-0.0 	25.0 	0.0 	0.0 	0.0 	13.4508636137	2.78320175565	158.482529961	-57.4137452495	
7.1	0.0	0.0	0.0 	0.0 	237.5 	25.0 	0.0 	0.0 	0.0 	-0.0 	25.0 	0.0 	0.0 	0.0 	13.4673865461	2.78320175565	158.561262059	-57.623940281	
7.11666666667	0.0	0.0	0.0 	0.0 	237.916666667 	25.0 	0.0 	0.0 	0.0 	-0.0 	25.0 	0.0 	0.0 	0.0 	13.4838494655	2.78320175565	158.640090401	-57.8343922611	
7.13333333333	0.0	0.0	0.0 	0.0 	238.333333333 	25.0 	0.0 	0.0 	0.0 	-0.0 	25.0 	0.0 	0.0 	0.0 	13.5002525899	2.78320175565	158.719014638	-58.0451002562	
7.15	0.0	0.0	0.0 	0.0 	238.75 	25.0 	0.0 	0.0 	0.0 	-0.0 	25.0 	0.0 	0.0 	0.0 	13.5165961364	2.78320175565	158.798034422	-58.2560633367	
7.16666666667	0.0	0.0	0.0 	0.0 	239.166666667 	25.0 	0.0 	0.0 	0.0 	-0.0 	25.0 	0.0 	0.0 	0.0 	13.5328803215	2.78320175565	158.877149405	-58.467280576	
7.18333333333	0.0	0.0	0.0 	0.0 	239.583333333 	25.0 	0.0 	0.0 	0.0 	-0.0 	25.0 	0.0 	0.0 	0.0 	13.5491053607	2.78320175565	158.956359242	-58.6787510509	
7.2	0.0	0.0	0.0 	0.0 	240.0 	25.0 	0.0 	0.0 	0.0 	-0.0 	25.0 	0.0 	0.0 	0.0 	13.565271469	2.78320175565	159.035663588	-58.8904738418	
7.21666666667	0.0	0.0	0.0 	0.0 	240.416666667 	25.0 	0.0 	0.0 	0.0 	-0.0 	25.0 	0.0 	0.0 	0.0 	13.5813788602	2.78320175565	159.1150621	-59.102448032	
7.23333333333	0.0	0.0	0.0 	0.0 	240.833333333 	25.0 	0.0 	0.0 	0.0 	-0.0 	25.0 	0.0 	0.0 	0.0 	13.5974277478	2.78320175565	159.194554435	-59.3146727087	
7.25	0.0	0.0	0.0 	0.0 	241.25 	25.0 	0.0 	0.0 	0.0 	-0.0 	25.0 	0.0 	0.0 	0.0 	13.6134183442	2.78320175565	159.274140254	-59.5271469618	
7.26666666667	0.0	0.0	0.0 	0.0 	241.666666667 	25.0 	0.0 	0.0 	0.0 	-0.0 	25.0 	0.0 	0.0 	0.0 	13.629350861	2.78320175565	159.353819217	-59.7398698851	
7.28333333333	0.0	0.0	0.0 	0.0 	242.083333333 	25.0 	0.0 	0.0 	0.0 	-0.0 	25.0 	0.0 	0.0 	0.0 	13.6452255093	2.78320175565	159.433590984	-59.9528405752	
7.3	0.0	0.0	0.0 	0.0 	242.5 	25.0 	0.0 	0.0 	0.0 	-0.0 	25.0 	0.0 	0.0 	0.0 	13.6610424993	2.78320175565	159.51345522	-60.1660581323	
7.31666666667	0.0	0.0	0.0 	0.0 	242.916666667 	25.0 	0.0 	0.0 	0.0 	-0.0 	25.0 	0.0 	0.0 	0.0 	13.6768020403	2.78320175565	159.593411589	-60.3795216597	
7.33333333333	0.0	0.0	0.0 	0.0 	243.333333333 	25.0 	0.0 	0.0 	0.0 	-0.0 	25.0 	0.0 	0.0 	0.0 	13.692504341	2.78320175565	159.673459755	-60.593230264	
7.35	0.0	0.0	0.0 	0.0 	243.75 	25.0 	0.0 	0.0 	0.0 	-0.0 	25.0 	0.0 	0.0 	0.0 	13.7081496094	2.78320175565	159.753599385	-60.807183055	
7.36666666667	0.0	0.0	0.0 	0.0 	244.166666667 	25.0 	0.0 	0.0 	0.0 	-0.0 	25.0 	0.0 	0.0 	0.0 	13.7237380525	2.78320175565	159.833830147	-61.021379146	
7.38333333333	0.0	0.0	0.0 	0.0 	244.583333333 	25.0 	0.0 	0.0 	0.0 	-0.0 	25.0 	0.0 	0.0 	0.0 	13.7392698768	2.78320175565	159.914151711	-61.2358176531	
7.4	0.0	0.0	0.0 	0.0 	245.0 	25.0 	0.0 	0.0 	0.0 	-0.0 	25.0 	0.0 	0.0 	0.0 	13.7547452879	2.78320175565	159.994563745	-61.4504976959	
7.41666666667	0.0	0.0	0.0 	0.0 	245.416666667 	25.0 	0.0 	0.0 	0.0 	-0.0 	25.0 	0.0 	0.0 	0.0 	13.7701644907	2.78320175565	160.075065923	-61.6654183971	
7.43333333333	0.0	0.0	0.0 	0.0 	245.833333333 	25.0 	0.0 	0.0 	0.0 	-0.0 	25.0 	0.0 	0.0 	0.0 	13.7855276894	2.78320175565	160.155657915	-61.8805788826	
7.45	0.0	0.0	0.0 	0.0 	246.25 	25.0 	0.0 	0.0 	0.0 	-0.0 	25.0 	0.0 	0.0 	0.0 	13.8008350874	2.78320175565	160.236339397	-62.0959782815	
7.46666666667	0.0	0.0	0.0 	0.0 	246.666666667 	25.0 	0.0 	0.0 	0.0 	-0.0 	25.0 	0.0 	0.0 	0.0 	13.8160868873	2.78320175565	160.317110042	-62.3116157261	
7.48333333333	0.0	0.0	0.0 	0.0 	247.083333333 	25.0 	0.0 	0.0 	0.0 	-0.0 	25.0 	0.0 	0.0 	0.0 	13.8312832911	2.78320175565	160.397969528	-62.5274903516	
7.5	0.0	0.0	0.0 	0.0 	247.5 	25.0 	0.0 	0.0 	0.0 	-0.0 	25.0 	0.0 	0.0 	0.0 	13.8464245	2.78320175565	160.478917531	-62.7436012968	
7.51666666667	0.0	0.0	0.0 	0.0 	247.916666667 	25.0 	0.0 	0.0 	0.0 	-0.0 	25.0 	0.0 	0.0 	0.0 	13.8615107145	2.78320175565	160.559953731	-62.9599477031	
7.53333333333	0.0	0.0	0.0 	0.0 	248.333333333 	25.0 	0.0 	0.0 	0.0 	-0.0 	25.0 	0.0 	0.0 	0.0 	13.8765421343	2.78320175565	160.641077806	-63.1765287155	
7.55	0.0	0.0	0.0 	0.0 	248.75 	25.0 	0.0 	0.0 	0.0 	-0.0 	25.0 	0.0 	0.0 	0.0 	13.8915189584	2.78320175565	160.722289437	-63.3933434817	
7.56666666667	0.0	0.0	0.0 	0.0 	249.166666667 	25.0 	0.0 	0.0 	0.0 	-0.0 	25.0 	0.0 	0.0 	0.0 	13.9064413851	2.78320175565	160.803588307	-63.6103911529	
7.58333333333	0.0	0.0	0.0 	0.0 	249.583333333 	25.0 	0.0 	0.0 	0.0 	-0.0 	25.0 	0.0 	0.0 	0.0 	13.9213096121	2.78320175565	160.884974098	-63.8276708829	
7.6	0.0	0.0	0.0 	0.0 	250.0 	25.0 	0.0 	0.0 	0.0 	-0.0 	25.0 	0.0 	0.0 	0.0 	13.9361238361	2.78320175565	160.966446496	-64.0451818291	
7.61666666667	0.0	0.0	0.0 	0.0 	250.416666667 	25.0 	0.0 	0.0 	0.0 	-0.0 	25.0 	0.0 	0.0 	0.0 	13.9508842533	2.78320175565	161.048005184	-64.2629231515	
7.63333333333	0.0	0.0	0.0 	0.0 	250.833333333 	25.0 	0.0 	0.0 	0.0 	-0.0 	25.0 	0.0 	0.0 	0.0 	13.9655910592	2.78320175565	161.129649851	-64.4808940135	
7.65	0.0	0.0	0.0 	0.0 	251.25 	25.0 	0.0 	0.0 	0.0 	-0.0 	25.0 	0.0 	0.0 	0.0 	13.9802444484	2.78320175565	161.211380183	-64.6990935812	
7.66666666667	0.0	0.0	0.0 	0.0 	251.666666667 	25.0 	0.0 	0.0 	0.0 	-0.0 	25.0 	0.0 	0.0 	0.0 	13.9948446151	2.78320175565	161.293195869	-64.9175210241	
7.68333333333	0.0	0.0	0.0 	0.0 	252.083333333 	25.0 	0.0 	0.0 	0.0 	-0.0 	25.0 	0.0 	0.0 	0.0 	14.0093917524	2.78320175565	161.375096601	-65.1361755145	
7.7	0.0	0.0	0.0 	0.0 	252.5 	25.0 	0.0 	0.0 	0.0 	-0.0 	25.0 	0.0 	0.0 	0.0 	14.023886053	2.78320175565	161.457082067	-65.3550562277	
7.71666666667	0.0	0.0	0.0 	0.0 	252.916666667 	25.0 	0.0 	0.0 	0.0 	-0.0 	25.0 	0.0 	0.0 	0.0 	14.0383277088	2.78320175565	161.539151962	-65.574162342	
7.73333333333	0.0	0.0	0.0 	0.0 	253.333333333 	25.0 	0.0 	0.0 	0.0 	-0.0 	25.0 	0.0 	0.0 	0.0 	14.052716911	2.78320175565	161.621305977	-65.7934930387	
7.75	0.0	0.0	0.0 	0.0 	253.75 	25.0 	0.0 	0.0 	0.0 	-0.0 	25.0 	0.0 	0.0 	0.0 	14.0670538502	2.78320175565	161.703543809	-66.0130475023	
7.76666666667	0.0	0.0	0.0 	0.0 	254.166666667 	25.0 	0.0 	0.0 	0.0 	-0.0 	25.0 	0.0 	0.0 	0.0 	14.0813387161	2.78320175565	161.785865151	-66.2328249198	
7.78333333333	0.0	0.0	0.0 	0.0 	254.583333333 	25.0 	0.0 	0.0 	0.0 	-0.0 	25.0 	0.0 	0.0 	0.0 	14.0955716979	2.78320175565	161.868269701	-66.4528244815	
7.8	0.0	0.0	0.0 	0.0 	255.0 	25.0 	0.0 	0.0 	0.0 	-0.0 	25.0 	0.0 	0.0 	0.0 	14.1097529841	2.78320175565	161.950757157	-66.6730453807	
7.81666666667	0.0	0.0	0.0 	0.0 	255.416666667 	25.0 	0.0 	0.0 	0.0 	-0.0 	25.0 	0.0 	0.0 	0.0 	14.1238827623	2.78320175565	162.033327218	-66.8934868132	
7.83333333333	0.0	0.0	0.0 	0.0 	255.833333333 	25.0 	0.0 	0.0 	0.0 	-0.0 	25.0 	0.0 	0.0 	0.0 	14.1379612198	2.78320175565	162.115979583	-67.1141479783	
7.85	0.0	0.0	0.0 	0.0 	256.25 	25.0 	0.0 	0.0 	0.0 	-0.0 	25.0 	0.0 	0.0 	0.0 	14.1519885428	2.78320175565	162.198713953	-67.3350280776	
7.86666666667	0.0	0.0	0.0 	0.0 	256.666666667 	25.0 	0.0 	0.0 	0.0 	-0.0 	25.0 	0.0 	0.0 	0.0 	14.1659649172	2.78320175565	162.281530031	-67.5561263162	
7.88333333333	0.0	0.0	0.0 	0.0 	257.083333333 	25.0 	0.0 	0.0 	0.0 	-0.0 	25.0 	0.0 	0.0 	0.0 	14.1798905279	2.78320175565	162.364427521	-67.7774419016	
7.9	0.0	0.0	0.0 	0.0 	257.5 	25.0 	0.0 	0.0 	0.0 	-0.0 	25.0 	0.0 	0.0 	0.0 	14.1937655594	2.78320175565	162.447406125	-67.9989740444	
7.91666666667	0.0	0.0	0.0 	0.0 	257.916666667 	25.0 	0.0 	0.0 	0.0 	-0.0 	25.0 	0.0 	0.0 	0.0 	14.2075901953	2.78320175565	162.53046555	-68.2207219581	
7.93333333333	0.0	0.0	0.0 	0.0 	258.333333333 	25.0 	0.0 	0.0 	0.0 	-0.0 	25.0 	0.0 	0.0 	0.0 	14.2213646188	2.78320175565	162.613605502	-68.442684859	
7.95	0.0	0.0	0.0 	0.0 	258.75 	25.0 	0.0 	0.0 	0.0 	-0.0 	25.0 	0.0 	0.0 	0.0 	14.2350890121	2.78320175565	162.696825689	-68.6648619662	
7.96666666667	0.0	0.0	0.0 	0.0 	259.166666667 	25.0 	0.0 	0.0 	0.0 	-0.0 	25.0 	0.0 	0.0 	0.0 	14.248763557	2.78320175565	162.780125819	-68.8872525017	
7.98333333333	0.0	0.0	0.0 	0.0 	259.583333333 	25.0 	0.0 	0.0 	0.0 	-0.0 	25.0 	0.0 	0.0 	0.0 	14.2623884345	2.78320175565	162.863505601	-69.1098556903	
8.0	0.0	0.0	0.0 	0.0 	260.0 	25.0 	0.0 	0.0 	0.0 	-0.0 	25.0 	0.0 	0.0 	0.0 	14.2759638251	2.78320175565	162.946964748	-69.3326707596	
8.01666666667	0.0	0.0	0.0 	0.0 	260.416666667 	25.0 	0.0 	0.0 	0.0 	-0.0 	25.0 	0.0 	0.0 	0.0 	14.2894899084	2.78320175565	163.030502969	-69.5556969401	
8.03333333333	0.0	0.0	0.0 	0.0 	260.833333333 	25.0 	0.0 	0.0 	0.0 	-0.0 	25.0 	0.0 	0.0 	0.0 	14.3029668636	2.78320175565	163.114119979	-69.778933465	
8.05	0.0	0.0	0.0 	0.0 	261.25 	25.0 	0.0 	0.0 	0.0 	-0.0 	25.0 	0.0 	0.0 	0.0 	14.3163948692	2.78320175565	163.19781549	-70.0023795702	
8.06666666667	0.0	0.0	0.0 	0.0 	261.666666667 	25.0 	0.0 	0.0 	0.0 	-0.0 	25.0 	0.0 	0.0 	0.0 	14.3297741028	2.78320175565	163.281589218	-70.2260344946	
8.08333333333	0.0	0.0	0.0 	0.0 	262.083333333 	25.0 	0.0 	0.0 	0.0 	-0.0 	25.0 	0.0 	0.0 	0.0 	14.3431047417	2.78320175565	163.365440879	-70.4498974798	
8.1	0.0	0.0	0.0 	0.0 	262.5 	25.0 	0.0 	0.0 	0.0 	-0.0 	25.0 	0.0 	0.0 	0.0 	14.3563869623	2.78320175565	163.449370189	-70.6739677699	
8.11666666667	0.0	0.0	0.0 	0.0 	262.916666667 	25.0 	0.0 	0.0 	0.0 	-0.0 	25.0 	0.0 	0.0 	0.0 	14.3696209405	2.78320175565	163.533376867	-70.8982446121	
8.13333333333	0.0	0.0	0.0 	0.0 	263.333333333 	25.0 	0.0 	0.0 	0.0 	-0.0 	25.0 	0.0 	0.0 	0.0 	14.3828068516	2.78320175565	163.617460631	-71.1227272562	
8.15	0.0	0.0	0.0 	0.0 	263.75 	25.0 	0.0 	0.0 	0.0 	-0.0 	25.0 	0.0 	0.0 	0.0 	14.39594487	2.78320175565	163.701621202	-71.3474149546	
8.16666666667	0.0	0.0	0.0 	0.0 	264.166666667 	25.0 	0.0 	0.0 	0.0 	-0.0 	25.0 	0.0 	0.0 	0.0 	14.4090351699	2.78320175565	163.785858301	-71.5723069625	
8.18333333333	0.0	0.0	0.0 	0.0 	264.583333333 	25.0 	0.0 	0.0 	0.0 	-0.0 	25.0 	0.0 	0.0 	0.0 	14.4220779244	2.78320175565	163.870171649	-71.797402538	
8.2	0.0	0.0	0.0 	0.0 	265.0 	25.0 	0.0 	0.0 	0.0 	-0.0 	25.0 	0.0 	0.0 	0.0 	14.4350733063	2.78320175565	163.95456097	-72.0227009416	
8.21666666667	0.0	0.0	0.0 	0.0 	265.416666667 	25.0 	0.0 	0.0 	0.0 	-0.0 	25.0 	0.0 	0.0 	0.0 	14.4480214876	2.78320175565	164.039025988	-72.2482014366	
8.23333333333	0.0	0.0	0.0 	0.0 	265.833333333 	25.0 	0.0 	0.0 	0.0 	-0.0 	25.0 	0.0 	0.0 	0.0 	14.4609226398	2.78320175565	164.123566428	-72.473903289	
8.25	0.0	0.0	0.0 	0.0 	266.25 	25.0 	0.0 	0.0 	0.0 	-0.0 	25.0 	0.0 	0.0 	0.0 	14.4737769336	2.78320175565	164.208182015	-72.6998057675	
8.26666666667	0.0	0.0	0.0 	0.0 	266.666666667 	25.0 	0.0 	0.0 	0.0 	-0.0 	25.0 	0.0 	0.0 	0.0 	14.4865845394	2.78320175565	164.292872477	-72.9259081434	
8.28333333333	0.0	0.0	0.0 	0.0 	267.083333333 	25.0 	0.0 	0.0 	0.0 	-0.0 	25.0 	0.0 	0.0 	0.0 	14.4993456266	2.78320175565	164.377637543	-73.1522096906	
8.3	0.0	0.0	0.0 	0.0 	267.5 	25.0 	0.0 	0.0 	0.0 	-0.0 	25.0 	0.0 	0.0 	0.0 	14.5120603642	2.78320175565	164.46247694	-73.3787096857	
8.31666666667	0.0	0.0	0.0 	0.0 	267.916666667 	25.0 	0.0 	0.0 	0.0 	-0.0 	25.0 	0.0 	0.0 	0.0 	14.5247289206	2.78320175565	164.547390399	-73.6054074079	
8.33333333333	0.0	0.0	0.0 	0.0 	268.333333333 	25.0 	0.0 	0.0 	0.0 	-0.0 	25.0 	0.0 	0.0 	0.0 	14.5373514635	2.78320175565	164.632377652	-73.832302139	
8.35	0.0	0.0	0.0 	0.0 	268.75 	25.0 	0.0 	0.0 	0.0 	-0.0 	25.0 	0.0 	0.0 	0.0 	14.54992816	2.78320175565	164.717438429	-74.0593931636	
8.36666666667	0.0	0.0	0.0 	0.0 	269.166666667 	25.0 	0.0 	0.0 	0.0 	-0.0 	25.0 	0.0 	0.0 	0.0 	14.5624591766	2.78320175565	164.802572465	-74.2866797686	
8.38333333333	0.0	0.0	0.0 	0.0 	269.583333333 	25.0 	0.0 	0.0 	0.0 	-0.0 	25.0 	0.0 	0.0 	0.0 	14.5749446793	2.78320175565	164.887779492	-74.5141612437	
8.4	0.0	0.0	0.0 	0.0 	270.0 	25.0 	0.0 	0.0 	0.0 	-0.0 	25.0 	0.0 	0.0 	0.0 	14.5873848334	2.78320175565	164.973059246	-74.7418368811	
8.41666666667	0.0	0.0	0.0 	0.0 	270.416666667 	25.0 	0.0 	0.0 	0.0 	-0.0 	25.0 	0.0 	0.0 	0.0 	14.5997798035	2.78320175565	165.058411463	-74.9697059755	
8.43333333333	0.0	0.0	0.0 	0.0 	270.833333333 	25.0 	0.0 	0.0 	0.0 	-0.0 	25.0 	0.0 	0.0 	0.0 	14.6121297538	2.78320175565	165.143835879	-75.1977678244	
8.45	0.0	0.0	0.0 	0.0 	271.25 	25.0 	0.0 	0.0 	0.0 	-0.0 	25.0 	0.0 	0.0 	0.0 	14.6244348479	2.78320175565	165.229332232	-75.4260217275	
8.46666666667	0.0	0.0	0.0 	0.0 	271.666666667 	25.0 	0.0 	0.0 	0.0 	-0.0 	25.0 	0.0 	0.0 	0.0 	14.6366952485	2.78320175565	165.314900261	-75.6544669875	
8.48333333333	0.0	0.0	0.0 	0.0 	272.083333333 	25.0 	0.0 	0.0 	0.0 	-0.0 	25.0 	0.0 	0.0 	0.0 	14.6489111182	2.78320175565	165.400539706	-75.8831029091	
8.5	0.0	0.0	0.0 	0.0 	272.5 	25.0 	0.0 	0.0 	0.0 	-0.0 	25.0 	0.0 	0.0 	0.0 	14.6610826185	2.78320175565	165.486250307	-76.1119287999	
8.51666666667	0.0	0.0	0.0 	0.0 	272.916666667 	25.0 	0.0 	0.0 	0.0 	-0.0 	25.0 	0.0 	0.0 	0.0 	14.6732099107	2.78320175565	165.572031805	-76.34094397	
8.53333333333	0.0	0.0	0.0 	0.0 	273.333333333 	25.0 	0.0 	0.0 	0.0 	-0.0 	25.0 	0.0 	0.0 	0.0 	14.6852931553	2.78320175565	165.657883944	-76.5701477319	
8.55	0.0	0.0	0.0 	0.0 	273.75 	25.0 	0.0 	0.0 	0.0 	-0.0 	25.0 	0.0 	0.0 	0.0 	14.6973325123	2.78320175565	165.743806466	-76.7995394005	
8.56666666667	0.0	0.0	0.0 	0.0 	274.166666667 	25.0 	0.0 	0.0 	0.0 	-0.0 	25.0 	0.0 	0.0 	0.0 	14.7093281412	2.78320175565	165.829799117	-77.0291182933	
8.58333333333	0.0	0.0	0.0 	0.0 	274.583333333 	25.0 	0.0 	0.0 	0.0 	-0.0 	25.0 	0.0 	0.0 	0.0 	14.7212802006	2.78320175565	165.915861641	-77.2588837305	
8.6	0.0	0.0	0.0 	0.0 	275.0 	25.0 	0.0 	0.0 	0.0 	-0.0 	25.0 	0.0 	0.0 	0.0 	14.733188849	2.78320175565	166.001993784	-77.4888350343	
8.61666666667	0.0	0.0	0.0 	0.0 	275.416666667 	25.0 	0.0 	0.0 	0.0 	-0.0 	25.0 	0.0 	0.0 	0.0 	14.7450542439	2.78320175565	166.088195294	-77.7189715297	
8.63333333333	0.0	0.0	0.0 	0.0 	275.833333333 	25.0 	0.0 	0.0 	0.0 	-0.0 	25.0 	0.0 	0.0 	0.0 	14.7568765425	2.78320175565	166.174465919	-77.9492925441	
8.65	0.0	0.0	0.0 	0.0 	276.25 	25.0 	0.0 	0.0 	0.0 	-0.0 	25.0 	0.0 	0.0 	0.0 	14.7686559013	2.78320175565	166.260805407	-78.1797974073	
8.66666666667	0.0	0.0	0.0 	0.0 	276.666666667 	25.0 	0.0 	0.0 	0.0 	-0.0 	25.0 	0.0 	0.0 	0.0 	14.7803924762	2.78320175565	166.347213509	-78.4104854516	
8.68333333333	0.0	0.0	0.0 	0.0 	277.083333333 	25.0 	0.0 	0.0 	0.0 	-0.0 	25.0 	0.0 	0.0 	0.0 	14.7920864227	2.78320175565	166.433689975	-78.6413560115	
8.7	0.0	0.0	0.0 	0.0 	277.5 	25.0 	0.0 	0.0 	0.0 	-0.0 	25.0 	0.0 	0.0 	0.0 	14.8037378956	2.78320175565	166.520234557	-78.8724084242	
8.71666666667	0.0	0.0	0.0 	0.0 	277.916666667 	25.0 	0.0 	0.0 	0.0 	-0.0 	25.0 	0.0 	0.0 	0.0 	14.8153470491	2.78320175565	166.606847008	-79.1036420292	
8.73333333333	0.0	0.0	0.0 	0.0 	278.333333333 	25.0 	0.0 	0.0 	0.0 	-0.0 	25.0 	0.0 	0.0 	0.0 	14.826914037	2.78320175565	166.693527081	-79.3350561683	
8.75	0.0	0.0	0.0 	0.0 	278.75 	25.0 	0.0 	0.0 	0.0 	-0.0 	25.0 	0.0 	0.0 	0.0 	14.8384390123	2.78320175565	166.780274531	-79.5666501859	
8.76666666667	0.0	0.0	0.0 	0.0 	279.166666667 	25.0 	0.0 	0.0 	0.0 	-0.0 	25.0 	0.0 	0.0 	0.0 	14.8499221278	2.78320175565	166.867089112	-79.7984234286	
8.78333333333	0.0	0.0	0.0 	0.0 	279.583333333 	25.0 	0.0 	0.0 	0.0 	-0.0 	25.0 	0.0 	0.0 	0.0 	14.8613635354	2.78320175565	166.953970581	-80.0303752455	
8.8	0.0	0.0	0.0 	0.0 	280.0 	25.0 	0.0 	0.0 	0.0 	-0.0 	25.0 	0.0 	0.0 	0.0 	14.8727633867	2.78320175565	167.040918695	-80.2625049879	
8.81666666667	0.0	0.0	0.0 	0.0 	280.416666667 	25.0 	0.0 	0.0 	0.0 	-0.0 	25.0 	0.0 	0.0 	0.0 	14.8841218325	2.78320175565	167.127933213	-80.4948120096	
8.83333333333	0.0	0.0	0.0 	0.0 	280.833333333 	25.0 	0.0 	0.0 	0.0 	-0.0 	25.0 	0.0 	0.0 	0.0 	14.8954390233	2.78320175565	167.215013892	-80.7272956667	
8.85	0.0	0.0	0.0 	0.0 	281.25 	25.0 	0.0 	0.0 	0.0 	-0.0 	25.0 	0.0 	0.0 	0.0 	14.9067151088	2.78320175565	167.302160492	-80.9599553176	
8.86666666667	0.0	0.0	0.0 	0.0 	281.666666667 	25.0 	0.0 	0.0 	0.0 	-0.0 	25.0 	0.0 	0.0 	0.0 	14.9179502385	2.78320175565	167.389372775	-81.1927903232	
8.88333333333	0.0	0.0	0.0 	0.0 	282.083333333 	25.0 	0.0 	0.0 	0.0 	-0.0 	25.0 	0.0 	0.0 	0.0 	14.929144561	2.78320175565	167.4766505	-81.4258000465	
8.9	0.0	0.0	0.0 	0.0 	282.5 	25.0 	0.0 	0.0 	0.0 	-0.0 	25.0 	0.0 	0.0 	0.0 	14.9402982246	2.78320175565	167.563993432	-81.6589838529	
8.91666666667	0.0	0.0	0.0 	0.0 	282.916666667 	25.0 	0.0 	0.0 	0.0 	-0.0 	25.0 	0.0 	0.0 	0.0 	14.9514113769	2.78320175565	167.651401333	-81.8923411101	
8.93333333333	0.0	0.0	0.0 	0.0 	283.333333333 	25.0 	0.0 	0.0 	0.0 	-0.0 	25.0 	0.0 	0.0 	0.0 	14.9624841651	2.78320175565	167.738873966	-82.1258711882	
8.95	0.0	0.0	0.0 	0.0 	283.75 	25.0 	0.0 	0.0 	0.0 	-0.0 	25.0 	0.0 	0.0 	0.0 	14.9735167358	2.78320175565	167.826411098	-82.3595734594	
8.96666666667	0.0	0.0	0.0 	0.0 	284.166666667 	25.0 	0.0 	0.0 	0.0 	-0.0 	25.0 	0.0 	0.0 	0.0 	14.984509235	2.78320175565	167.914012493	-82.5934472983	
8.98333333333	0.0	0.0	0.0 	0.0 	284.583333333 	25.0 	0.0 	0.0 	0.0 	-0.0 	25.0 	0.0 	0.0 	0.0 	14.9954618084	2.78320175565	168.001677918	-82.8274920818	
9.0	0.0	0.0	0.0 	0.0 	285.0 	25.0 	0.0 	0.0 	0.0 	-0.0 	25.0 	0.0 	0.0 	0.0 	15.0063746009	2.78320175565	168.089407141	-83.0617071889	
9.01666666667	0.0	0.0	0.0 	0.0 	285.416666667 	25.0 	0.0 	0.0 	0.0 	-0.0 	25.0 	0.0 	0.0 	0.0 	15.017247757	2.78320175565	168.17719993	-83.2960920011	
9.03333333333	0.0	0.0	0.0 	0.0 	285.833333333 	25.0 	0.0 	0.0 	0.0 	-0.0 	25.0 	0.0 	0.0 	0.0 	15.0280814207	2.78320175565	168.265056054	-83.530645902	
9.05	0.0	0.0	0.0 	0.0 	286.25 	25.0 	0.0 	0.0 	0.0 	-0.0 	25.0 	0.0 	0.0 	0.0 	15.0388757354	2.78320175565	168.352975282	-83.7653682774	
9.06666666667	0.0	0.0	0.0 	0.0 	286.666666667 	25.0 	0.0 	0.0 	0.0 	-0.0 	25.0 	0.0 	0.0 	0.0 	15.049630844	2.78320175565	168.440957387	-84.0002585153	
9.08333333333	0.0	0.0	0.0 	0.0 	287.083333333 	25.0 	0.0 	0.0 	0.0 	-0.0 	25.0 	0.0 	0.0 	0.0 	15.060346889	2.78320175565	168.529002139	-84.2353160062	
9.1	0.0	0.0	0.0 	0.0 	287.5 	25.0 	0.0 	0.0 	0.0 	-0.0 	25.0 	0.0 	0.0 	0.0 	15.0710240122	2.78320175565	168.61710931	-84.4705401424	
9.11666666667	0.0	0.0	0.0 	0.0 	287.916666667 	25.0 	0.0 	0.0 	0.0 	-0.0 	25.0 	0.0 	0.0 	0.0 	15.081662355	2.78320175565	168.705278675	-84.7059303189	
9.13333333333	0.0	0.0	0.0 	0.0 	288.333333333 	25.0 	0.0 	0.0 	0.0 	-0.0 	25.0 	0.0 	0.0 	0.0 	15.0922620582	2.78320175565	168.793510007	-84.9414859323	
9.15	0.0	0.0	0.0 	0.0 	288.75 	25.0 	0.0 	0.0 	0.0 	-0.0 	25.0 	0.0 	0.0 	0.0 	15.1028232622	2.78320175565	168.881803082	-85.177206382	
9.16666666667	0.0	0.0	0.0 	0.0 	289.166666667 	25.0 	0.0 	0.0 	0.0 	-0.0 	25.0 	0.0 	0.0 	0.0 	15.1133461068	2.78320175565	168.970157674	-85.4130910692	
9.18333333333	0.0	0.0	0.0 	0.0 	289.583333333 	25.0 	0.0 	0.0 	0.0 	-0.0 	25.0 	0.0 	0.0 	0.0 	15.1238307314	2.78320175565	169.05857356	-85.6491393973	
9.2	0.0	0.0	0.0 	0.0 	290.0 	25.0 	0.0 	0.0 	0.0 	-0.0 	25.0 	0.0 	0.0 	0.0 	15.1342772747	2.78320175565	169.147050519	-85.885350772	
9.21666666667	0.0	0.0	0.0 	0.0 	290.416666667 	25.0 	0.0 	0.0 	0.0 	-0.0 	25.0 	0.0 	0.0 	0.0 	15.1446858751	2.78320175565	169.235588328	-86.121724601	
9.23333333333	0.0	0.0	0.0 	0.0 	290.833333333 	25.0 	0.0 	0.0 	0.0 	-0.0 	25.0 	0.0 	0.0 	0.0 	15.1550566704	2.78320175565	169.324186765	-86.3582602945	
9.25	0.0	0.0	0.0 	0.0 	291.25 	25.0 	0.0 	0.0 	0.0 	-0.0 	25.0 	0.0 	0.0 	0.0 	15.1653897979	2.78320175565	169.412845612	-86.5949572643	
9.26666666667	0.0	0.0	0.0 	0.0 	291.666666667 	25.0 	0.0 	0.0 	0.0 	-0.0 	25.0 	0.0 	0.0 	0.0 	15.1756853945	2.78320175565	169.501564647	-86.8318149249	
9.28333333333	0.0	0.0	0.0 	0.0 	292.083333333 	25.0 	0.0 	0.0 	0.0 	-0.0 	25.0 	0.0 	0.0 	0.0 	15.1859435963	2.78320175565	169.590343654	-87.0688326924	
9.3	0.0	0.0	0.0 	0.0 	292.5 	25.0 	0.0 	0.0 	0.0 	-0.0 	25.0 	0.0 	0.0 	0.0 	15.1961645393	2.78320175565	169.679182414	-87.3060099854	
9.31666666667	0.0	0.0	0.0 	0.0 	292.916666667 	25.0 	0.0 	0.0 	0.0 	-0.0 	25.0 	0.0 	0.0 	0.0 	15.2063483588	2.78320175565	169.768080709	-87.5433462245	
9.33333333333	0.0	0.0	0.0 	0.0 	293.333333333 	25.0 	0.0 	0.0 	0.0 	-0.0 	25.0 	0.0 	0.0 	0.0 	15.2164951896	2.78320175565	169.857038324	-87.7808408324	
9.35	0.0	0.0	0.0 	0.0 	293.75 	25.0 	0.0 	0.0 	0.0 	-0.0 	25.0 	0.0 	0.0 	0.0 	15.226605166	2.78320175565	169.946055044	-88.0184932338	
9.36666666667	0.0	0.0	0.0 	0.0 	294.166666667 	25.0 	0.0 	0.0 	0.0 	-0.0 	25.0 	0.0 	0.0 	0.0 	15.236678422	2.78320175565	170.035130653	-88.2563028557	
9.38333333333	0.0	0.0	0.0 	0.0 	294.583333333 	25.0 	0.0 	0.0 	0.0 	-0.0 	25.0 	0.0 	0.0 	0.0 	15.2467150909	2.78320175565	170.124264937	-88.494269127	
9.4	0.0	0.0	0.0 	0.0 	295.0 	25.0 	0.0 	0.0 	0.0 	-0.0 	25.0 	0.0 	0.0 	0.0 	15.2567153056	2.78320175565	170.213457685	-88.7323914786	
9.41666666667	0.0	0.0	0.0 	0.0 	295.416666667 	25.0 	0.0 	0.0 	0.0 	-0.0 	25.0 	0.0 	0.0 	0.0 	15.2666791984	2.78320175565	170.302708682	-88.9706693438	
9.43333333333	0.0	0.0	0.0 	0.0 	295.833333333 	25.0 	0.0 	0.0 	0.0 	-0.0 	25.0 	0.0 	0.0 	0.0 	15.2766069014	2.78320175565	170.392017718	-89.2091021577	
9.45	0.0	0.0	0.0 	0.0 	296.25 	25.0 	0.0 	0.0 	0.0 	-0.0 	25.0 	0.0 	0.0 	0.0 	15.2864985459	2.78320175565	170.481384582	-89.4476893575	
9.46666666667	0.0	0.0	0.0 	0.0 	296.666666667 	25.0 	0.0 	0.0 	0.0 	-0.0 	25.0 	0.0 	0.0 	0.0 	15.296354263	2.78320175565	170.570809064	-89.6864303825	
9.48333333333	0.0	0.0	0.0 	0.0 	297.083333333 	25.0 	0.0 	0.0 	0.0 	-0.0 	25.0 	0.0 	0.0 	0.0 	15.3061741831	2.78320175565	170.660290954	-89.9253246739	
9.5	0.0	0.0	0.0 	0.0 	297.5 	25.0 	0.0 	0.0 	0.0 	-0.0 	25.0 	0.0 	0.0 	0.0 	15.3159584362	2.78320175565	170.749830045	-90.164371675	
9.51666666667	0.0	0.0	0.0 	0.0 	297.916666667 	25.0 	0.0 	0.0 	0.0 	-0.0 	25.0 	0.0 	0.0 	0.0 	15.3257071519	2.78320175565	170.839426127	-90.4035708312	
9.53333333333	0.0	0.0	0.0 	0.0 	298.333333333 	25.0 	0.0 	0.0 	0.0 	-0.0 	25.0 	0.0 	0.0 	0.0 	15.3354204592	2.78320175565	170.929078995	-90.64292159	
9.55	0.0	0.0	0.0 	0.0 	298.75 	25.0 	0.0 	0.0 	0.0 	-0.0 	25.0 	0.0 	0.0 	0.0 	15.3450984869	2.78320175565	171.018788442	-90.8824234005	
9.56666666667	0.0	0.0	0.0 	0.0 	299.166666667 	25.0 	0.0 	0.0 	0.0 	-0.0 	25.0 	0.0 	0.0 	0.0 	15.3547413629	2.78320175565	171.108554262	-91.1220757142	
9.58333333333	0.0	0.0	0.0 	0.0 	299.583333333 	25.0 	0.0 	0.0 	0.0 	-0.0 	25.0 	0.0 	0.0 	0.0 	15.364349215	2.78320175565	171.198376251	-91.3618779845	
9.6	0.0	0.0	0.0 	0.0 	300.0 	25.0 	0.0 	0.0 	0.0 	-0.0 	25.0 	0.0 	0.0 	0.0 	15.3739221704	2.78320175565	171.288254205	-91.6018296667	
9.61666666667	0.0	0.0	0.0 	0.0 	300.416666667 	25.0 	0.0 	0.0 	0.0 	-0.0 	25.0 	0.0 	0.0 	0.0 	15.3834603558	2.78320175565	171.37818792	-91.841930218	
9.63333333333	0.0	0.0	0.0 	0.0 	300.833333333 	25.0 	0.0 	0.0 	0.0 	-0.0 	25.0 	0.0 	0.0 	0.0 	15.3929638976	2.78320175565	171.468177195	-92.0821790979	
9.65	0.0	0.0	0.0 	0.0 	301.25 	25.0 	0.0 	0.0 	0.0 	-0.0 	25.0 	0.0 	0.0 	0.0 	15.4024329215	2.78320175565	171.558221826	-92.3225757675	
9.66666666667	0.0	0.0	0.0 	0.0 	301.666666667 	25.0 	0.0 	0.0 	0.0 	-0.0 	25.0 	0.0 	0.0 	0.0 	15.411867553	2.78320175565	171.648321614	-92.5631196901	
9.68333333333	0.0	0.0	0.0 	0.0 	302.083333333 	25.0 	0.0 	0.0 	0.0 	-0.0 	25.0 	0.0 	0.0 	0.0 	15.4212679169	2.78320175565	171.738476357	-92.8038103308	
9.7	0.0	0.0	0.0 	0.0 	302.5 	25.0 	0.0 	0.0 	0.0 	-0.0 	25.0 	0.0 	0.0 	0.0 	15.4306341377	2.78320175565	171.828685856	-93.0446471568	
9.71666666667	0.0	0.0	0.0 	0.0 	302.916666667 	25.0 	0.0 	0.0 	0.0 	-0.0 	25.0 	0.0 	0.0 	0.0 	15.4399663394	2.78320175565	171.918949913	-93.2856296371	
9.73333333333	0.0	0.0	0.0 	0.0 	303.333333333 	25.0 	0.0 	0.0 	0.0 	-0.0 	25.0 	0.0 	0.0 	0.0 	15.4492646456	2.78320175565	172.009268329	-93.5267572425	
9.75	0.0	0.0	0.0 	0.0 	303.75 	25.0 	0.0 	0.0 	0.0 	-0.0 	25.0 	0.0 	0.0 	0.0 	15.4585291794	2.78320175565	172.099640906	-93.7680294462	
9.76666666667	0.0	0.0	0.0 	0.0 	304.166666667 	25.0 	0.0 	0.0 	0.0 	-0.0 	25.0 	0.0 	0.0 	0.0 	15.4677600635	2.78320175565	172.190067449	-94.0094457227	
9.78333333333	0.0	0.0	0.0 	0.0 	304.583333333 	25.0 	0.0 	0.0 	0.0 	-0.0 	25.0 	0.0 	0.0 	0.0 	15.47695742	2.78320175565	172.28054776	-94.2510055489	
9.8	0.0	0.0	0.0 	0.0 	305.0 	25.0 	0.0 	0.0 	0.0 	-0.0 	25.0 	0.0 	0.0 	0.0 	15.4861213708	2.78320175565	172.371081645	-94.4927084034	
9.81666666667	0.0	0.0	0.0 	0.0 	305.416666667 	25.0 	0.0 	0.0 	0.0 	-0.0 	25.0 	0.0 	0.0 	0.0 	15.4952520372	2.78320175565	172.461668909	-94.7345537666	
9.83333333333	0.0	0.0	0.0 	0.0 	305.833333333 	25.0 	0.0 	0.0 	0.0 	-0.0 	25.0 	0.0 	0.0 	0.0 	15.50434954	2.78320175565	172.552309358	-94.9765411211	
9.85	0.0	0.0	0.0 	0.0 	306.25 	25.0 	0.0 	0.0 	0.0 	-0.0 	25.0 	0.0 	0.0 	0.0 	15.5134139998	2.78320175565	172.6430028	-95.2186699509	
9.86666666667	0.0	0.0	0.0 	0.0 	306.666666667 	25.0 	0.0 	0.0 	0.0 	-0.0 	25.0 	0.0 	0.0 	0.0 	15.5224455365	2.78320175565	172.733749041	-95.4609397423	
9.88333333333	0.0	0.0	0.0 	0.0 	307.083333333 	25.0 	0.0 	0.0 	0.0 	-0.0 	25.0 	0.0 	0.0 	0.0 	15.5314442698	2.78320175565	172.824547889	-95.7033499834	
9.9	0.0	0.0	0.0 	0.0 	307.5 	25.0 	0.0 	0.0 	0.0 	-0.0 	25.0 	0.0 	0.0 	0.0 	15.5404103187	2.78320175565	172.915399154	-95.9459001639	
9.91666666667	0.0	0.0	0.0 	0.0 	307.916666667 	25.0 	0.0 	0.0 	0.0 	-0.0 	25.0 	0.0 	0.0 	0.0 	15.549343802	2.78320175565	173.006302646	-96.1885897756	
9.93333333333	0.0	0.0	0.0 	0.0 	308.333333333 	25.0 	0.0 	0.0 	0.0 	-0.0 	25.0 	0.0 	0.0 	0.0 	15.558244838	2.78320175565	173.097258174	-96.431418312	
9.95	0.0	0.0	0.0 	0.0 	308.75 	25.0 	0.0 	0.0 	0.0 	-0.0 	25.0 	0.0 	0.0 	0.0 	15.5671135445	2.78320175565	173.18826555	-96.6743852687	
9.96666666667	0.0	0.0	0.0 	0.0 	309.166666667 	25.0 	0.0 	0.0 	0.0 	-0.0 	25.0 	0.0 	0.0 	0.0 	15.575950039	2.78320175565	173.279324585	-96.9174901427	
9.98333333333	0.0	0.0	0.0 	0.0 	309.583333333 	25.0 	0.0 	0.0 	0.0 	-0.0 	25.0 	0.0 	0.0 	0.0 	15.5847544384	2.78320175565	173.370435092	-97.1607324333	
