0.0166666666667	0.0	0.0	0.0 	0.0 	40.35 	21.0 	0.0 	0.0 	0.0 	0.0 	21.0 	0.0 	0.0 	0.0 	0.0	0.962258064516	120.0	-24.1290322581	
0.0333333333333	0.0	0.0	0.0 	0.0 	40.7 	21.0 	0.0 	0.0 	0.0 	-0.0 	21.0 	0.0 	0.0 	0.0 	0.0	0.962258064516	120.0	-24.1290322581	
0.05	0.0	0.0	0.0 	0.0 	41.05 	21.0 	0.0 	0.0 	0.0 	-0.0 	21.0 	0.0 	0.0 	0.0 	0.0	0.962258064516	120.0	-24.1290322581	
0.0666666666667	0.0	0.0	0.0 	0.0 	41.4 	21.0 	0.0 	0.0 	0.0 	-0.0 	21.0 	0.0 	0.0 	0.0 	0.0	0.962258064516	120.0	-24.1290322581	
0.0833333333333	0.0	0.0	0.0 	0.0 	41.75 	21.0 	0.0 	0.0 	0.0 	-0.0 	21.0 	0.0 	0.0 	0.0 	0.0	0.962258064516	120.0	-24.1290322581	
0.1	0.0	0.0	0.0 	0.0 	42.1 	21.0 	0.0 	0.0 	0.0 	-0.0 	21.0 	0.0 	0.0 	0.0 	0.0	0.962258064516	120.0	-24.1290322581	
0.116666666667	0.0	0.0	0.0 	0.0 	42.45 	21.0 	0.0 	0.0 	0.0 	-0.0 	21.0 	0.0 	0.0 	0.0 	0.0	0.962258064516	120.0	-24.1290322581	
0.133333333333	0.0	0.0	0.0 	0.0 	42.8 	21.0 	0.0 	0.0 	0.0 	-0.0 	21.0 	0.0 	0.0 	0.0 	0.0	0.962258064516	120.0	-24.1290322581	
0.15	0.0	0.0	0.0 	0.0 	43.15 	21.0 	0.0 	0.0 	0.0 	-0.0 	21.0 	0.0 	0.0 	0.0 	0.0	0.962258064516	120.0	-24.1290322581	
0.166666666667	0.0	0.0	0.0 	0.0 	43.5 	21.0 	0.0 	0.0 	0.0 	-0.0 	21.0 	0.0 	0.0 	0.0 	0.0	0.962258064516	120.0	-24.1290322581	
0.183333333333	0.0	0.0	0.0 	0.0 	43.85 	21.0 	0.0 	0.0 	0.0 	-0.0 	21.0 	0.0 	0.0 	0.0 	0.0	0.962258064516	120.0	-24.1290322581	
0.2	0.0	0.0	0.0 	0.0 	44.2 	21.0 	0.0 	0.0 	0.0 	-0.0 	21.0 	0.0 	0.0 	0.0 	0.0	0.962258064516	120.0	-24.1290322581	
0.216666666667	0.0	0.0	0.0 	0.0 	44.55 	21.0 	0.0 	0.0 	0.0 	-0.0 	21.0 	0.0 	0.0 	0.0 	0.0	0.962258064516	120.0	-24.1290322581	
0.233333333333	0.0	0.0	0.0 	0.0 	44.9 	21.0 	0.0 	0.0 	0.0 	-0.0 	21.0 	0.0 	0.0 	0.0 	0.0	0.962258064516	120.0	-24.1290322581	
0.25	0.0	0.0	0.0 	0.0 	45.25 	21.0 	0.0 	0.0 	0.0 	-0.0 	21.0 	0.0 	0.0 	0.0 	0.0	0.962258064516	120.0	-24.1290322581	
0.266666666667	0.0	0.0	0.0 	0.0 	45.6 	21.0 	0.0 	0.0 	0.0 	-0.0 	21.0 	0.0 	0.0 	0.0 	0.0	0.962258064516	120.0	-24.1290322581	
0.283333333333	0.0	0.0	0.0 	0.0 	45.95 	21.0 	0.0 	0.0 	0.0 	-0.0 	21.0 	0.0 	0.0 	0.0 	0.0	0.962258064516	120.0	-24.1290322581	
0.3	0.0	0.0	0.0 	0.0 	46.3 	21.0 	0.0 	0.0 	0.0 	-0.0 	21.0 	0.0 	0.0 	0.0 	0.0	0.962258064516	120.0	-24.1290322581	
0.316666666667	0.0	0.0	0.0 	0.0 	46.65 	21.0 	0.0 	0.0 	0.0 	-0.0 	21.0 	0.0 	0.0 	0.0 	0.0	0.962258064516	120.0	-24.1290322581	
0.333333333333	0.0	0.0	0.0 	0.0 	47.0 	21.0 	0.0 	0.0 	0.0 	-0.0 	21.0 	0.0 	0.0 	0.0 	0.0	0.962258064516	120.0	-24.1290322581	
0.35	0.0	0.0	0.0 	0.0 	47.35 	21.0 	0.0 	0.0 	0.0 	-0.0 	21.0 	0.0 	0.0 	0.0 	0.0	0.962258064516	120.0	-24.1290322581	
0.366666666667	0.0	0.0	0.0 	0.0 	47.7 	21.0 	0.0 	0.0 	0.0 	-0.0 	21.0 	0.0 	0.0 	0.0 	0.0	0.962258064516	120.0	-24.1290322581	
0.383333333333	0.0	0.0	0.0 	0.0 	48.05 	21.0 	0.0 	0.0 	0.0 	-0.0 	21.0 	0.0 	0.0 	0.0 	0.0	0.962258064516	120.0	-24.1290322581	
0.4	0.0	0.0	0.0 	0.0 	48.4 	21.0 	0.0 	0.0 	0.0 	-0.0 	21.0 	0.0 	0.0 	0.0 	0.0	0.962258064516	120.0	-24.1290322581	
0.416666666667	0.0	0.0	0.0 	0.0 	48.75 	21.0 	0.0 	0.0 	0.0 	-0.0 	21.0 	0.0 	0.0 	0.0 	0.0	0.962258064516	120.0	-24.1290322581	
0.433333333333	0.0	0.0	0.0 	0.0 	49.1 	21.0 	0.0 	0.0 	0.0 	-0.0 	21.0 	0.0 	0.0 	0.0 	0.0	0.962258064516	120.0	-24.1290322581	
0.45	0.0	0.0	0.0 	0.0 	49.45 	21.0 	0.0 	0.0 	0.0 	-0.0 	21.0 	0.0 	0.0 	0.0 	0.0	0.962258064516	120.0	-24.1290322581	
0.466666666667	0.0	0.0	0.0 	0.0 	49.8 	21.0 	0.0 	0.0 	0.0 	-0.0 	21.0 	0.0 	0.0 	0.0 	0.0	0.962258064516	120.0	-24.1290322581	
0.483333333333	0.0	0.0	0.0 	0.0 	50.15 	21.0 	0.0 	0.0 	0.0 	-0.0 	21.0 	0.0 	0.0 	0.0 	0.0	0.962258064516	120.0	-24.1290322581	
0.5	0.0	0.0	0.0 	0.0 	50.5 	21.0 	0.0 	0.0 	0.0 	-0.0 	21.0 	0.0 	0.0 	0.0 	0.0	0.962258064516	120.0	-24.1290322581	
0.516666666667	0.0	0.0	0.0 	0.0 	50.85 	21.0 	0.0 	0.0 	0.0 	-0.0 	21.0 	0.0 	0.0 	0.0 	0.0	0.962258064516	120.0	-24.1290322581	
0.533333333333	0.0	0.0	0.0 	0.0 	51.2 	21.0 	0.0 	0.0 	0.0 	-0.0 	21.0 	0.0 	0.0 	0.0 	0.0	0.962258064516	120.0	-24.1290322581	
0.55	0.0	0.0	0.0 	0.0 	51.55 	21.0 	0.0 	0.0 	0.0 	-0.0 	21.0 	0.0 	0.0 	0.0 	0.0	0.962258064516	120.0	-24.1290322581	
0.566666666667	0.0	0.0	0.0 	0.0 	51.9 	21.0 	0.0 	0.0 	0.0 	-0.0 	21.0 	0.0 	0.0 	0.0 	0.0	0.962258064516	120.0	-24.1290322581	
0.583333333333	0.0	0.0	0.0 	0.0 	52.25 	21.0 	0.0 	0.0 	0.0 	-0.0 	21.0 	0.0 	0.0 	0.0 	0.0	0.962258064516	120.0	-24.1290322581	
0.6	0.0	0.0	0.0 	0.0 	52.6 	21.0 	0.0 	0.0 	0.0 	-0.0 	21.0 	0.0 	0.0 	0.0 	0.0	0.962258064516	120.0	-24.1290322581	
0.616666666667	0.0	0.0	0.0 	0.0 	52.95 	21.0 	0.0 	0.0 	0.0 	-0.0 	21.0 	0.0 	0.0 	0.0 	0.0	0.962258064516	120.0	-24.1290322581	
0.633333333333	0.0	0.0	0.0 	0.0 	53.3 	21.0 	0.0 	0.0 	0.0 	-0.0 	21.0 	0.0 	0.0 	0.0 	0.0	0.962258064516	120.0	-24.1290322581	
0.65	0.0	0.0	0.0 	0.0 	53.65 	21.0 	0.0 	0.0 	0.0 	-0.0 	21.0 	0.0 	0.0 	0.0 	0.0	0.962258064516	120.0	-24.1290322581	
0.666666666667	0.0	0.0	0.0 	0.0 	54.0 	21.0 	0.0 	0.0 	0.0 	-0.0 	21.0 	0.0 	0.0 	0.0 	0.0	0.962258064516	120.0	-24.1290322581	
0.683333333333	0.0	0.0	0.0 	0.0 	54.35 	21.0 	0.0 	0.0 	0.0 	-0.0 	21.0 	0.0 	0.0 	0.0 	0.0	0.962258064516	120.0	-24.1290322581	
0.7	0.0	0.0	0.0 	0.0 	54.7 	21.0 	0.0 	0.0 	0.0 	-0.0 	21.0 	0.0 	0.0 	0.0 	0.0	0.962258064516	120.0	-24.1290322581	
0.716666666667	0.0	0.0	0.0 	0.0 	55.05 	21.0 	0.0 	0.0 	0.0 	-0.0 	21.0 	0.0 	0.0 	0.0 	0.0	0.962258064516	120.0	-24.1290322581	
0.733333333333	0.0	0.0	0.0 	0.0 	55.4 	21.0 	0.0 	0.0 	0.0 	-0.0 	21.0 	0.0 	0.0 	0.0 	0.0	0.962258064516	120.0	-24.1290322581	
0.75	0.0	0.0	0.0 	0.0 	55.75 	21.0 	0.0 	0.0 	0.0 	-0.0 	21.0 	0.0 	0.0 	0.0 	0.0	0.962258064516	120.0	-24.1290322581	
0.766666666667	0.0	0.0	0.0 	0.0 	56.1 	21.0 	0.0 	0.0 	0.0 	-0.0 	21.0 	0.0 	0.0 	0.0 	0.0	0.962258064516	120.0	-24.1290322581	
0.783333333333	0.0	0.0	0.0 	0.0 	56.45 	21.0 	0.0 	0.0 	0.0 	-0.0 	21.0 	0.0 	0.0 	0.0 	0.0	0.962258064516	120.0	-24.1290322581	
0.8	0.0	0.0	0.0 	0.0 	56.8 	21.0 	0.0 	0.0 	0.0 	-0.0 	21.0 	0.0 	0.0 	0.0 	0.0	0.962258064516	120.0	-24.1290322581	
0.816666666667	0.0	0.0	0.0 	0.0 	57.15 	21.0 	0.0 	0.0 	0.0 	-0.0 	21.0 	0.0 	0.0 	0.0 	0.0	0.962258064516	120.0	-24.1290322581	
0.833333333333	0.0	0.0	0.0 	0.0 	57.5 	21.0 	0.0 	0.0 	0.0 	-0.0 	21.0 	0.0 	0.0 	0.0 	0.0	0.962258064516	120.0	-24.1290322581	
0.85	0.0	0.0	0.0 	0.0 	57.85 	21.0 	0.0 	0.0 	0.0 	-0.0 	21.0 	0.0 	0.0 	0.0 	0.0	0.962258064516	120.0	-24.1290322581	
0.866666666667	0.0	0.0	0.0 	0.0 	58.2 	21.0 	0.0 	0.0 	0.0 	-0.0 	21.0 	0.0 	0.0 	0.0 	0.0	0.962258064516	120.0	-24.1290322581	
0.883333333333	0.0	0.0	0.0 	0.0 	58.55 	21.0 	0.0 	0.0 	0.0 	-0.0 	21.0 	0.0 	0.0 	0.0 	0.0	0.962258064516	120.0	-24.1290322581	
0.9	0.0	0.0	0.0 	0.0 	58.9 	21.0 	0.0 	0.0 	0.0 	-0.0 	21.0 	0.0 	0.0 	0.0 	0.0	0.962258064516	120.0	-24.1290322581	
0.916666666667	0.0	0.0	0.0 	0.0 	59.25 	21.0 	0.0 	0.0 	0.0 	-0.0 	21.0 	0.0 	0.0 	0.0 	0.0	0.962258064516	120.0	-24.1290322581	
0.933333333333	0.0	0.0	0.0 	0.0 	59.6 	21.0 	0.0 	0.0 	0.0 	-0.0 	21.0 	0.0 	0.0 	0.0 	0.0	0.962258064516	120.0	-24.1290322581	
0.95	0.0	0.0	0.0 	0.0 	59.95 	21.0 	0.0 	0.0 	0.0 	-0.0 	21.0 	0.0 	0.0 	0.0 	0.0	0.962258064516	120.0	-24.1290322581	
0.966666666667	0.0	0.0	0.0 	0.0 	60.3 	21.0 	0.0 	0.0 	0.0 	-0.0 	21.0 	0.0 	0.0 	0.0 	0.12641509434	1.242103963	120.001994125	-24.1283521329	
0.983333333333	0.0	0.0	0.0 	0.0 	60.65 	21.0 	0.0 	0.0 	0.0 	-0.0 	21.0 	0.0 	0.0 	0.0 	0.251597840275	1.47530887841	120.00616832	-24.1279523338	
1.0	0.0	0.0	0.0 	0.0 	61.0 	21.0 	0.0 	0.0 	0.0 	-0.0 	21.0 	0.0 	0.0 	0.0 	0.375560251266	1.66964630792	120.012397101	-24.1285700621	
1.01666666667	0.0	0.0	0.0 	0.0 	61.35 	21.0 	0.0 	0.0 	0.0 	-0.0 	21.0 	0.0 	0.0 	0.0 	0.49831422366	1.83159416584	120.020421493	-24.1307115799	
1.03333333333	0.0	0.0	0.0 	0.0 	61.7 	21.0 	0.0 	0.0 	0.0 	-0.0 	21.0 	0.0 	0.0 	0.0 	0.619871537832	1.9665507141	120.029954146	-24.1346942997	
1.05	0.0	0.0	0.0 	0.0 	62.05 	21.0 	0.0 	0.0 	0.0 	-0.0 	21.0 	0.0 	0.0 	0.0 	0.740243859318	2.07901450433	120.040732257	-24.1406979414	
1.06666666667	0.0	0.0	0.0 	0.0 	62.4 	21.0 	0.0 	0.0 	0.0 	-0.0 	21.0 	0.0 	0.0 	0.0 	0.859442739935	2.17273432951	120.052538705	-24.1488088021	
1.08333333333	0.0	0.0	0.0 	0.0 	62.75 	21.0 	0.0 	0.0 	0.0 	-0.0 	21.0 	0.0 	0.0 	0.0 	0.977479618885	2.25083418383	120.065206009	-24.1590531544	
1.1	0.0	0.0	0.0 	0.0 	63.1 	21.0 	0.0 	0.0 	0.0 	-0.0 	21.0 	0.0 	0.0 	0.0 	1.09436582386	2.31591739577	120.078612096	-24.1714205972	
1.11666666667	0.0	0.0	0.0 	0.0 	63.45 	21.0 	0.0 	0.0 	0.0 	-0.0 	21.0 	0.0 	0.0 	0.0 	1.21011257212	2.37015340571	120.092672954	-24.1858795873	
1.13333333333	0.0	0.0	0.0 	0.0 	63.8 	21.0 	0.0 	0.0 	0.0 	-0.0 	21.0 	0.0 	0.0 	0.0 	1.32473097157	2.41535008067	120.107334745	-24.2023873878	
1.15	0.0	0.0	0.0 	0.0 	64.15 	21.0 	0.0 	0.0 	0.0 	-0.0 	21.0 	0.0 	0.0 	0.0 	1.43823202185	2.45301397646	120.12256659	-24.2208962344	
1.16666666667	0.0	0.0	0.0 	0.0 	64.5 	21.0 	0.0 	0.0 	0.0 	-0.0 	21.0 	0.0 	0.0 	0.0 	1.55062661535	2.48440055629	120.138354455	-24.2413570288	
1.18333333333	0.0	0.0	0.0 	0.0 	64.85 	21.0 	0.0 	0.0 	0.0 	-0.0 	21.0 	0.0 	0.0 	0.0 	1.66192553828	2.51055603949	120.154696226	-24.2637214599	
1.2	0.0	0.0	0.0 	0.0 	65.2 	21.0 	0.0 	0.0 	0.0 	-0.0 	21.0 	0.0 	0.0 	0.0 	1.77213947171	2.53235227548	120.171597849	-24.2879431492	
1.21666666667	0.0	0.0	0.0 	0.0 	65.55 	21.0 	0.0 	0.0 	0.0 	-0.0 	21.0 	0.0 	0.0 	0.0 	1.88127899258	2.55051580547	120.1890704	-24.313978203	
1.23333333333	0.0	0.0	0.0 	0.0 	65.9 	21.0 	0.0 	0.0 	0.0 	-0.0 	21.0 	0.0 	0.0 	0.0 	1.98935457473	2.56565208047	120.2071279	-24.341785415	
1.25	0.0	0.0	0.0 	0.0 	66.25 	21.0 	0.0 	0.0 	0.0 	-0.0 	21.0 	0.0 	0.0 	0.0 	2.09637658988	2.57826564296	120.225785724	-24.3713262669	
1.26666666667	0.0	0.0	0.0 	0.0 	66.6 	21.0 	0.0 	0.0 	0.0 	-0.0 	21.0 	0.0 	0.0 	0.0 	2.20235530866	2.58877694504	120.245059475	-24.40256482	
1.28333333333	0.0	0.0	0.0 	0.0 	66.95 	21.0 	0.0 	0.0 	0.0 	-0.0 	21.0 	0.0 	0.0 	0.0 	2.30730090156	2.59753636344	120.264964209	-24.4354675517	
1.3	0.0	0.0	0.0 	0.0 	67.3 	21.0 	0.0 	0.0 	0.0 	-0.0 	21.0 	0.0 	0.0 	0.0 	2.41122343994	2.60483587878	120.285513923	-24.4700031685	
1.31666666667	0.0	0.0	0.0 	0.0 	67.65 	21.0 	0.0 	0.0 	0.0 	-0.0 	21.0 	0.0 	0.0 	0.0 	2.51413289698	2.61091880822	120.306721247	-24.5061424136	
1.33333333333	0.0	0.0	0.0 	0.0 	68.0 	21.0 	0.0 	0.0 	0.0 	-0.0 	21.0 	0.0 	0.0 	0.0 	2.61603914861	2.61598791609	120.328597273	-24.5438578797	
1.35	0.0	0.0	0.0 	0.0 	68.35 	21.0 	0.0 	0.0 	0.0 	-0.0 	21.0 	0.0 	0.0 	0.0 	2.71695197452	2.62021217265	120.351151492	-24.583123832	
1.36666666667	0.0	0.0	0.0 	0.0 	68.7 	21.0 	0.0 	0.0 	0.0 	-0.0 	21.0 	0.0 	0.0 	0.0 	2.81688105904	2.62373238645	120.374391798	-24.6239160436	
1.38333333333	0.0	0.0	0.0 	0.0 	69.05 	21.0 	0.0 	0.0 	0.0 	-0.0 	21.0 	0.0 	0.0 	0.0 	2.91583599212	2.62666589795	120.398324547	-24.666211644	
1.4	0.0	0.0	0.0 	0.0 	69.4 	21.0 	0.0 	0.0 	0.0 	-0.0 	21.0 	0.0 	0.0 	0.0 	3.01382627018	2.62911049086	120.422954642	-24.7099889818	
1.41666666667	0.0	0.0	0.0 	0.0 	69.75 	21.0 	0.0 	0.0 	0.0 	-0.0 	21.0 	0.0 	0.0 	0.0 	3.11086129711	2.63114765163	120.448285638	-24.7552274991	
1.43333333333	0.0	0.0	0.0 	0.0 	70.1 	21.0 	0.0 	0.0 	0.0 	-0.0 	21.0 	0.0 	0.0 	0.0 	3.20695038509	2.6328452856	120.474319856	-24.8019076193	
1.45	0.0	0.0	0.0 	0.0 	70.45 	21.0 	0.0 	0.0 	0.0 	-0.0 	21.0 	0.0 	0.0 	0.0 	3.30210275555	2.63425998057	120.501058502	-24.8500106451	
1.46666666667	0.0	0.0	0.0 	0.0 	70.8 	21.0 	0.0 	0.0 	0.0 	-0.0 	21.0 	0.0 	0.0 	0.0 	3.39632754001	2.63543889305	120.528501782	-24.8995186679	
1.48333333333	0.0	0.0	0.0 	0.0 	71.15 	21.0 	0.0 	0.0 	0.0 	-0.0 	21.0 	0.0 	0.0 	0.0 	3.48963378097	2.63642132011	120.556649016	-24.9504144862	
1.5	0.0	0.0	0.0 	0.0 	71.5 	21.0 	0.0 	0.0 	0.0 	-0.0 	21.0 	0.0 	0.0 	0.0 	3.58203043279	2.63724000934	120.585498736	-25.0026815333	
1.51666666667	0.0	0.0	0.0 	0.0 	71.85 	21.0 	0.0 	0.0 	0.0 	-0.0 	21.0 	0.0 	0.0 	0.0 	3.67352636254	2.63792225035	120.61504879	-25.056303812	
1.53333333333	0.0	0.0	0.0 	0.0 	72.2 	21.0 	0.0 	0.0 	0.0 	-0.0 	21.0 	0.0 	0.0 	0.0 	3.76413035083	2.63849078453	120.645296424	-25.1112658383	
1.55	0.0	0.0	0.0 	0.0 	72.55 	21.0 	0.0 	0.0 	0.0 	-0.0 	21.0 	0.0 	0.0 	0.0 	3.85385109269	2.63896456302	120.676238367	-25.1675525898	
1.56666666667	0.0	0.0	0.0 	0.0 	72.9 	21.0 	0.0 	0.0 	0.0 	-0.0 	21.0 	0.0 	0.0 	0.0 	3.94269719839	2.63935937842	120.707870905	-25.2251494612	
1.58333333333	0.0	0.0	0.0 	0.0 	73.25 	21.0 	0.0 	0.0 	0.0 	-0.0 	21.0 	0.0 	0.0 	0.0 	4.03067719425	2.63968839126	120.740189937	-25.2840422244	
1.6	0.0	0.0	0.0 	0.0 	73.6 	21.0 	0.0 	0.0 	0.0 	-0.0 	21.0 	0.0 	0.0 	0.0 	4.11779952349	2.63996256862	120.773191042	-25.344216994	
1.61666666667	0.0	0.0	0.0 	0.0 	73.95 	21.0 	0.0 	0.0 	0.0 	-0.0 	21.0 	0.0 	0.0 	0.0 	4.204072547	2.64019104976	120.806869523	-25.4056601964	
1.63333333333	0.0	0.0	0.0 	0.0 	74.3 	21.0 	0.0 	0.0 	0.0 	-0.0 	21.0 	0.0 	0.0 	0.0 	4.28950454419	2.64038145071	120.841220455	-25.4683585429	
1.65	0.0	0.0	0.0 	0.0 	74.65 	21.0 	0.0 	0.0 	0.0 	-0.0 	21.0 	0.0 	0.0 	0.0 	4.37410371373	2.64054011816	120.876238725	-25.5322990061	
1.66666666667	0.0	0.0	0.0 	0.0 	75.0 	21.0 	0.0 	0.0 	0.0 	-0.0 	21.0 	0.0 	0.0 	0.0 	4.45787817438	2.64067234104	120.911919061	-25.5974687991	
1.68333333333	0.0	0.0	0.0 	0.0 	75.35 	21.0 	0.0 	0.0 	0.0 	-0.0 	21.0 	0.0 	0.0 	0.0 	4.54083596576	2.64078252678	120.948256066	-25.6638553576	
1.7	0.0	0.0	0.0 	0.0 	75.7 	21.0 	0.0 	0.0 	0.0 	-0.0 	21.0 	0.0 	0.0 	0.0 	4.62298504911	2.64087434822	120.985244245	-25.731446324	
1.71666666667	0.0	0.0	0.0 	0.0 	76.05 	21.0 	0.0 	0.0 	0.0 	-0.0 	21.0 	0.0 	0.0 	0.0 	4.70433330807	2.64095086609	121.022878023	-25.8002295332	
1.73333333333	0.0	0.0	0.0 	0.0 	76.4 	21.0 	0.0 	0.0 	0.0 	-0.0 	21.0 	0.0 	0.0 	0.0 	4.7848885494	2.64101463098	121.061151766	-25.870193001	
1.75	0.0	0.0	0.0 	0.0 	76.75 	21.0 	0.0 	0.0 	0.0 	-0.0 	21.0 	0.0 	0.0 	0.0 	4.8646585038	2.64106776839	121.100059799	-25.9413249131	
1.76666666667	0.0	0.0	0.0 	0.0 	77.1 	21.0 	0.0 	0.0 	0.0 	-0.0 	21.0 	0.0 	0.0 	0.0 	4.94365082656	2.64111204957	121.13959642	-26.0136136159	
1.78333333333	0.0	0.0	0.0 	0.0 	77.45 	21.0 	0.0 	0.0 	0.0 	-0.0 	21.0 	0.0 	0.0 	0.0 	5.02187309838	2.64114895055	121.179755911	-26.0870476086	
1.8	0.0	0.0	0.0 	0.0 	77.8 	21.0 	0.0 	0.0 	0.0 	-0.0 	21.0 	0.0 	0.0 	0.0 	5.09933282603	2.64117970136	121.220532547	-26.1616155356	
1.81666666667	0.0	0.0	0.0 	0.0 	78.15 	21.0 	0.0 	0.0 	0.0 	-0.0 	21.0 	0.0 	0.0 	0.0 	5.17603744314	2.64120532704	121.261920609	-26.2373061806	
1.83333333333	0.0	0.0	0.0 	0.0 	78.5 	21.0 	0.0 	0.0 	0.0 	-0.0 	21.0 	0.0 	0.0 	0.0 	5.25199431083	2.64122668178	121.30391439	-26.3141084609	
1.85	0.0	0.0	0.0 	0.0 	78.85 	21.0 	0.0 	0.0 	0.0 	-0.0 	21.0 	0.0 	0.0 	0.0 	5.32721071849	2.64124447739	121.346508197	-26.3920114226	
1.86666666667	0.0	0.0	0.0 	0.0 	79.2 	21.0 	0.0 	0.0 	0.0 	-0.0 	21.0 	0.0 	0.0 	0.0 	5.40169388444	2.64125930706	121.389696365	-26.4710042363	
1.88333333333	0.0	0.0	0.0 	0.0 	79.55 	21.0 	0.0 	0.0 	0.0 	-0.0 	21.0 	0.0 	0.0 	0.0 	5.47545095664	2.64127166513	121.433473253	-26.5510761932	
1.9	0.0	0.0	0.0 	0.0 	79.9 	21.0 	0.0 	0.0 	0.0 	-0.0 	21.0 	0.0 	0.0 	0.0 	5.54848901335	2.64128196351	121.477833254	-26.6322167016	
1.91666666667	0.0	0.0	0.0 	0.0 	80.25 	21.0 	0.0 	0.0 	0.0 	-0.0 	21.0 	0.0 	0.0 	0.0 	5.62081506385	2.6412905455	121.522770793	-26.7144152841	
1.93333333333	0.0	0.0	0.0 	0.0 	80.6 	21.0 	0.0 	0.0 	0.0 	-0.0 	21.0 	0.0 	0.0 	0.0 	5.69243604908	2.64129769716	121.568280336	-26.7976615746	
1.95	0.0	0.0	0.0 	0.0 	80.95 	21.0 	0.0 	0.0 	0.0 	-0.0 	21.0 	0.0 	0.0 	0.0 	5.76335884231	2.64130365687	121.614356386	-26.8819453159	
1.96666666667	0.0	0.0	0.0 	0.0 	81.3 	21.0 	0.0 	0.0 	0.0 	-0.0 	21.0 	0.0 	0.0 	0.0 	5.83359024982	2.6413086233	121.660993488	-26.9672563576	
1.98333333333	0.0	0.0	0.0 	0.0 	81.65 	21.0 	0.0 	0.0 	0.0 	-0.0 	21.0 	0.0 	0.0 	0.0 	5.90313701154	2.64131276199	121.70818623	-27.0535846538	
2.0	0.0	0.0	0.0 	0.0 	82.0 	21.0 	0.0 	0.0 	0.0 	-0.0 	21.0 	0.0 	0.0 	0.0 	5.97200580168	2.6413162109	121.755929243	-27.1409202615	
2.01666666667	0.0	0.0	0.0 	0.0 	82.35 	21.0 	0.0 	0.0 	0.0 	-0.0 	21.0 	0.0 	0.0 	0.0 	6.0402032294	2.64131908499	121.804217205	-27.2292533385	
2.03333333333	0.0	0.0	0.0 	0.0 	82.7 	21.0 	0.0 	0.0 	0.0 	-0.0 	21.0 	0.0 	0.0 	0.0 	6.10773583942	2.64132148006	121.853044838	-27.3185741421	
2.05	0.0	0.0	0.0 	0.0 	83.05 	21.0 	0.0 	0.0 	0.0 	-0.0 	21.0 	0.0 	0.0 	0.0 	6.17461011269	2.64132347596	121.902406909	-27.4088730275	
2.06666666667	0.0	0.0	0.0 	0.0 	83.4 	21.0 	0.0 	0.0 	0.0 	-0.0 	21.0 	0.0 	0.0 	0.0 	6.24083246693	2.64132513921	121.952298234	-27.5001404466	
2.08333333333	0.0	0.0	0.0 	0.0 	83.75 	21.0 	0.0 	0.0 	0.0 	-0.0 	21.0 	0.0 	0.0 	0.0 	6.30640925735	2.64132652525	122.002713674	-27.5923669461	
2.1	0.0	0.0	0.0 	0.0 	84.1 	21.0 	0.0 	0.0 	0.0 	-0.0 	21.0 	0.0 	0.0 	0.0 	6.37134677717	2.64132768028	122.053648137	-27.6855431669	
2.11666666667	0.0	0.0	0.0 	0.0 	84.45 	21.0 	0.0 	0.0 	0.0 	-0.0 	21.0 	0.0 	0.0 	0.0 	6.43565125827	2.64132864281	122.10509658	-27.7796598425	
2.13333333333	0.0	0.0	0.0 	0.0 	84.8 	21.0 	0.0 	0.0 	0.0 	-0.0 	21.0 	0.0 	0.0 	0.0 	6.49932887179	2.64132944491	122.157054003	-27.8747077982	
2.15	0.0	0.0	0.0 	0.0 	85.15 	21.0 	0.0 	0.0 	0.0 	-0.0 	21.0 	0.0 	0.0 	0.0 	6.5623857287	2.64133011333	122.209515456	-27.9706779496	
2.16666666667	0.0	0.0	0.0 	0.0 	85.5 	21.0 	0.0 	0.0 	0.0 	-0.0 	21.0 	0.0 	0.0 	0.0 	6.6248278804	2.64133067035	122.262476034	-28.0675613018	
2.18333333333	0.0	0.0	0.0 	0.0 	85.85 	21.0 	0.0 	0.0 	0.0 	-0.0 	21.0 	0.0 	0.0 	0.0 	6.68666131931	2.64133113453	122.31593088	-28.1653489486	
2.2	0.0	0.0	0.0 	0.0 	86.2 	21.0 	0.0 	0.0 	0.0 	-0.0 	21.0 	0.0 	0.0 	0.0 	6.7478919794	2.64133152135	122.36987518	-28.2640320709	
2.21666666667	0.0	0.0	0.0 	0.0 	86.55 	21.0 	0.0 	0.0 	0.0 	-0.0 	21.0 	0.0 	0.0 	0.0 	6.80852573683	2.6413318437	122.424304169	-28.3636019363	
2.23333333333	0.0	0.0	0.0 	0.0 	86.9 	21.0 	0.0 	0.0 	0.0 	-0.0 	21.0 	0.0 	0.0 	0.0 	6.86856841047	2.64133211232	122.479213127	-28.464049898	
2.25	0.0	0.0	0.0 	0.0 	87.25 	21.0 	0.0 	0.0 	0.0 	-0.0 	21.0 	0.0 	0.0 	0.0 	6.92802576244	2.64133233618	122.534597378	-28.5653673939	
2.26666666667	0.0	0.0	0.0 	0.0 	87.6 	21.0 	0.0 	0.0 	0.0 	-0.0 	21.0 	0.0 	0.0 	0.0 	6.98690349872	2.64133252272	122.590452293	-28.6675459456	
2.28333333333	0.0	0.0	0.0 	0.0 	87.95 	21.0 	0.0 	0.0 	0.0 	-0.0 	21.0 	0.0 	0.0 	0.0 	7.04520726964	2.64133267817	122.646773285	-28.7705771578	
2.3	0.0	0.0	0.0 	0.0 	88.3 	21.0 	0.0 	0.0 	0.0 	-0.0 	21.0 	0.0 	0.0 	0.0 	7.10294267047	2.64133280772	122.703555814	-28.874452717	
2.31666666667	0.0	0.0	0.0 	0.0 	88.65 	21.0 	0.0 	0.0 	0.0 	-0.0 	21.0 	0.0 	0.0 	0.0 	7.16011524193	2.64133291567	122.760795382	-28.9791643912	
2.33333333333	0.0	0.0	0.0 	0.0 	89.0 	21.0 	0.0 	0.0 	0.0 	-0.0 	21.0 	0.0 	0.0 	0.0 	7.2167304707	2.64133300563	122.818487535	-29.0847040287	
2.35	0.0	0.0	0.0 	0.0 	89.35 	21.0 	0.0 	0.0 	0.0 	-0.0 	21.0 	0.0 	0.0 	0.0 	7.27279379001	2.6413330806	122.876627863	-29.1910635574	
2.36666666667	0.0	0.0	0.0 	0.0 	89.7 	21.0 	0.0 	0.0 	0.0 	-0.0 	21.0 	0.0 	0.0 	0.0 	7.32831058011	2.64133314308	122.935211998	-29.298234984	
2.38333333333	0.0	0.0	0.0 	0.0 	90.05 	21.0 	0.0 	0.0 	0.0 	-0.0 	21.0 	0.0 	0.0 	0.0 	7.38328616879	2.64133319514	122.994235615	-29.4062103934	
2.4	0.0	0.0	0.0 	0.0 	90.4 	21.0 	0.0 	0.0 	0.0 	-0.0 	21.0 	0.0 	0.0 	0.0 	7.43772583193	2.64133323852	123.053694429	-29.5149819473	
2.41666666667	0.0	0.0	0.0 	0.0 	90.75 	21.0 	0.0 	0.0 	0.0 	-0.0 	21.0 	0.0 	0.0 	0.0 	7.49163479394	2.64133327467	123.113584199	-29.6245418845	
2.43333333333	0.0	0.0	0.0 	0.0 	91.1 	21.0 	0.0 	0.0 	0.0 	-0.0 	21.0 	0.0 	0.0 	0.0 	7.54501822834	2.6413333048	123.173900725	-29.7348825189	
2.45	0.0	0.0	0.0 	0.0 	91.45 	21.0 	0.0 	0.0 	0.0 	-0.0 	21.0 	0.0 	0.0 	0.0 	7.59788125819	2.64133332991	123.234639847	-29.8459962399	
2.46666666667	0.0	0.0	0.0 	0.0 	91.8 	21.0 	0.0 	0.0 	0.0 	-0.0 	21.0 	0.0 	0.0 	0.0 	7.65022895662	2.64133335083	123.295797445	-29.9578755108	
2.48333333333	0.0	0.0	0.0 	0.0 	92.15 	21.0 	0.0 	0.0 	0.0 	-0.0 	21.0 	0.0 	0.0 	0.0 	7.70206634729	2.64133336827	123.357369441	-30.0705128685	
2.5	0.0	0.0	0.0 	0.0 	92.5 	21.0 	0.0 	0.0 	0.0 	-0.0 	21.0 	0.0 	0.0 	0.0 	7.75339840491	2.6413333828	123.419351794	-30.1839009227	
2.51666666667	0.0	0.0	0.0 	0.0 	92.85 	21.0 	0.0 	0.0 	0.0 	-0.0 	21.0 	0.0 	0.0 	0.0 	7.80423005568	2.6413333949	123.481740506	-30.2980323551	
2.53333333333	0.0	0.0	0.0 	0.0 	93.2 	21.0 	0.0 	0.0 	0.0 	-0.0 	21.0 	0.0 	0.0 	0.0 	7.85456617778	2.64133340499	123.544531614	-30.4128999189	
2.55	0.0	0.0	0.0 	0.0 	93.55 	21.0 	0.0 	0.0 	0.0 	-0.0 	21.0 	0.0 	0.0 	0.0 	7.90441160183	2.6413334134	123.607721197	-30.5284964379	
2.56666666667	0.0	0.0	0.0 	0.0 	93.9 	21.0 	0.0 	0.0 	0.0 	-0.0 	21.0 	0.0 	0.0 	0.0 	7.95377111138	2.64133342041	123.671305369	-30.6448148059	
2.58333333333	0.0	0.0	0.0 	0.0 	94.25 	21.0 	0.0 	0.0 	0.0 	-0.0 	21.0 	0.0 	0.0 	0.0 	8.00264944331	2.64133342625	123.735280285	-30.7618479858	
2.6	0.0	0.0	0.0 	0.0 	94.6 	21.0 	0.0 	0.0 	0.0 	-0.0 	21.0 	0.0 	0.0 	0.0 	8.05105128836	2.64133343111	123.799642135	-30.8795890093	
2.61666666667	0.0	0.0	0.0 	0.0 	94.95 	21.0 	0.0 	0.0 	0.0 	-0.0 	21.0 	0.0 	0.0 	0.0 	8.09898129152	2.64133343517	123.864387147	-30.998030976	
2.63333333333	0.0	0.0	0.0 	0.0 	95.3 	21.0 	0.0 	0.0 	0.0 	-0.0 	21.0 	0.0 	0.0 	0.0 	8.14644405252	2.64133343855	123.929511587	-31.1171670528	
2.65	0.0	0.0	0.0 	0.0 	95.65 	21.0 	0.0 	0.0 	0.0 	-0.0 	21.0 	0.0 	0.0 	0.0 	8.19344412622	2.64133344136	123.995011755	-31.2369904732	
2.66666666667	0.0	0.0	0.0 	0.0 	96.0 	21.0 	0.0 	0.0 	0.0 	-0.0 	21.0 	0.0 	0.0 	0.0 	8.2399860231	2.64133344371	124.060883988	-31.3574945365	
2.68333333333	0.0	0.0	0.0 	0.0 	96.35 	21.0 	0.0 	0.0 	0.0 	-0.0 	21.0 	0.0 	0.0 	0.0 	8.28607420967	2.64133344566	124.127124661	-31.4786726077	
2.7	0.0	0.0	0.0 	0.0 	96.7 	21.0 	0.0 	0.0 	0.0 	-0.0 	21.0 	0.0 	0.0 	0.0 	8.33171310888	2.64133344729	124.19373018	-31.6005181162	
2.71666666667	0.0	0.0	0.0 	0.0 	97.05 	21.0 	0.0 	0.0 	0.0 	-0.0 	21.0 	0.0 	0.0 	0.0 	8.37690710059	2.64133344865	124.26069699	-31.7230245554	
2.73333333333	0.0	0.0	0.0 	0.0 	97.4 	21.0 	0.0 	0.0 	0.0 	-0.0 	21.0 	0.0 	0.0 	0.0 	8.42166052193	2.64133344978	124.328021568	-31.8461854823	
2.75	0.0	0.0	0.0 	0.0 	97.75 	21.0 	0.0 	0.0 	0.0 	-0.0 	21.0 	0.0 	0.0 	0.0 	8.46597766779	2.64133345073	124.395700427	-31.9699945168	
2.76666666667	0.0	0.0	0.0 	0.0 	98.1 	21.0 	0.0 	0.0 	0.0 	-0.0 	21.0 	0.0 	0.0 	0.0 	8.50986279115	2.64133345151	124.463730113	-32.0944453407	
2.78333333333	0.0	0.0	0.0 	0.0 	98.45 	21.0 	0.0 	0.0 	0.0 	-0.0 	21.0 	0.0 	0.0 	0.0 	8.55332010357	2.64133345217	124.532107206	-32.2195316976	
2.8	0.0	0.0	0.0 	0.0 	98.8 	21.0 	0.0 	0.0 	0.0 	-0.0 	21.0 	0.0 	0.0 	0.0 	8.59635377551	2.64133345271	124.60082832	-32.3452473921	
2.81666666667	0.0	0.0	0.0 	0.0 	99.15 	21.0 	0.0 	0.0 	0.0 	-0.0 	21.0 	0.0 	0.0 	0.0 	8.63896793682	2.64133345317	124.6698901	-32.471586289	
2.83333333333	0.0	0.0	0.0 	0.0 	99.5 	21.0 	0.0 	0.0 	0.0 	-0.0 	21.0 	0.0 	0.0 	0.0 	8.68116667706	2.64133345355	124.739289227	-32.5985423133	
2.85	0.0	0.0	0.0 	0.0 	99.85 	21.0 	0.0 	0.0 	0.0 	-0.0 	21.0 	0.0 	0.0 	0.0 	8.72295404593	2.64133345386	124.80902241	-32.7261094487	
2.86666666667	0.0	0.0	0.0 	0.0 	100.2 	21.0 	0.0 	0.0 	0.0 	-0.0 	21.0 	0.0 	0.0 	0.0 	8.76433405366	2.64133345413	124.879086394	-32.854281738	
2.88333333333	0.0	0.0	0.0 	0.0 	100.55 	21.0 	0.0 	0.0 	0.0 	-0.0 	21.0 	0.0 	0.0 	0.0 	8.80531067138	2.64133345435	124.949477954	-32.9830532818	
2.9	0.0	0.0	0.0 	0.0 	100.9 	21.0 	0.0 	0.0 	0.0 	-0.0 	21.0 	0.0 	0.0 	0.0 	8.8458878315	2.64133345453	125.020193897	-33.1124182384	
2.91666666667	0.0	0.0	0.0 	0.0 	101.25 	21.0 	0.0 	0.0 	0.0 	-0.0 	21.0 	0.0 	0.0 	0.0 	8.88606942811	2.64133345468	125.09123106	-33.2423708229	
2.93333333333	0.0	0.0	0.0 	0.0 	101.6 	21.0 	0.0 	0.0 	0.0 	-0.0 	21.0 	0.0 	0.0 	0.0 	8.92585931733	2.64133345481	125.162586312	-33.3729053069	
2.95	0.0	0.0	0.0 	0.0 	101.95 	21.0 	0.0 	0.0 	0.0 	-0.0 	21.0 	0.0 	0.0 	0.0 	8.9652613177	2.64133345491	125.234256552	-33.5040160177	
2.96666666667	0.0	0.0	0.0 	0.0 	102.3 	21.0 	0.0 	0.0 	0.0 	-0.0 	21.0 	0.0 	0.0 	0.0 	9.00427921051	2.641333455	125.306238709	-33.6356973381	
2.98333333333	0.0	0.0	0.0 	0.0 	102.65 	21.0 	0.0 	0.0 	0.0 	-0.0 	21.0 	0.0 	0.0 	0.0 	9.04291674022	2.64133345507	125.378529744	-33.7679437055	
3.0	0.0	0.0	0.0 	0.0 	103.0 	21.0 	0.0 	0.0 	0.0 	-0.0 	21.0 	0.0 	0.0 	0.0 	9.08117761477	2.64133345514	125.451126644	-33.9007496116	
3.01666666667	0.0	0.0	0.0 	0.0 	103.35 	21.0 	0.0 	0.0 	0.0 	-0.0 	21.0 	0.0 	0.0 	0.0 	9.11906550594	2.64133345519	125.524026428	-34.0341096017	
3.03333333333	0.0	0.0	0.0 	0.0 	103.7 	21.0 	0.0 	0.0 	0.0 	-0.0 	21.0 	0.0 	0.0 	0.0 	9.15658404975	2.64133345523	125.597226143	-34.1680182744	
3.05	0.0	0.0	0.0 	0.0 	104.05 	21.0 	0.0 	0.0 	0.0 	-0.0 	21.0 	0.0 	0.0 	0.0 	9.19373684675	2.64133345527	125.670722866	-34.3024702809	
3.06666666667	0.0	0.0	0.0 	0.0 	104.4 	21.0 	0.0 	0.0 	0.0 	-0.0 	21.0 	0.0 	0.0 	0.0 	9.2305274624	2.64133345529	125.744513701	-34.4374603247	
3.08333333333	0.0	0.0	0.0 	0.0 	104.75 	21.0 	0.0 	0.0 	0.0 	-0.0 	21.0 	0.0 	0.0 	0.0 	9.26695942739	2.64133345532	125.818595781	-34.5729831605	
3.1	0.0	0.0	0.0 	0.0 	105.1 	21.0 	0.0 	0.0 	0.0 	-0.0 	21.0 	0.0 	0.0 	0.0 	9.303036238	2.64133345534	125.892966267	-34.7090335946	
3.11666666667	0.0	0.0	0.0 	0.0 	105.45 	21.0 	0.0 	0.0 	0.0 	-0.0 	21.0 	0.0 	0.0 	0.0 	9.33876135643	2.64133345536	125.967622347	-34.8456064838	
3.13333333333	0.0	0.0	0.0 	0.0 	105.8 	21.0 	0.0 	0.0 	0.0 	-0.0 	21.0 	0.0 	0.0 	0.0 	9.37413821114	2.64133345537	126.042561237	-34.9826967348	
3.15	0.0	0.0	0.0 	0.0 	106.15 	21.0 	0.0 	0.0 	0.0 	-0.0 	21.0 	0.0 	0.0 	0.0 	9.40917019713	2.64133345538	126.117780181	-35.1202993043	
3.16666666667	0.0	0.0	0.0 	0.0 	106.5 	21.0 	0.0 	0.0 	0.0 	-0.0 	21.0 	0.0 	0.0 	0.0 	9.44386067634	2.64133345539	126.193276448	-35.2584091978	
3.18333333333	0.0	0.0	0.0 	0.0 	106.85 	21.0 	0.0 	0.0 	0.0 	-0.0 	21.0 	0.0 	0.0 	0.0 	9.47821297792	2.6413334554	126.269047335	-35.3970214699	
3.2	0.0	0.0	0.0 	0.0 	107.2 	21.0 	0.0 	0.0 	0.0 	-0.0 	21.0 	0.0 	0.0 	0.0 	9.51223039858	2.64133345541	126.345090164	-35.5361312232	
3.21666666667	0.0	0.0	0.0 	0.0 	107.55 	21.0 	0.0 	0.0 	0.0 	-0.0 	21.0 	0.0 	0.0 	0.0 	9.54591620287	2.64133345541	126.421402285	-35.6757336078	
3.23333333333	0.0	0.0	0.0 	0.0 	107.9 	21.0 	0.0 	0.0 	0.0 	-0.0 	21.0 	0.0 	0.0 	0.0 	9.57927362353	2.64133345542	126.497981072	-35.8158238216	
3.25	0.0	0.0	0.0 	0.0 	108.25 	21.0 	0.0 	0.0 	0.0 	-0.0 	21.0 	0.0 	0.0 	0.0 	9.61230586179	2.64133345542	126.574823926	-35.9563971088	
3.26666666667	0.0	0.0	0.0 	0.0 	108.6 	21.0 	0.0 	0.0 	0.0 	-0.0 	21.0 	0.0 	0.0 	0.0 	9.64501608767	2.64133345543	126.651928273	-36.0974487604	
3.28333333333	0.0	0.0	0.0 	0.0 	108.95 	21.0 	0.0 	0.0 	0.0 	-0.0 	21.0 	0.0 	0.0 	0.0 	9.67740744027	2.64133345543	126.729291563	-36.238974113	
3.3	0.0	0.0	0.0 	0.0 	109.3 	21.0 	0.0 	0.0 	0.0 	-0.0 	21.0 	0.0 	0.0 	0.0 	9.70948302812	2.64133345543	126.806911273	-36.3809685487	
3.31666666667	0.0	0.0	0.0 	0.0 	109.65 	21.0 	0.0 	0.0 	0.0 	-0.0 	21.0 	0.0 	0.0 	0.0 	9.74124592942	2.64133345543	126.884784902	-36.5234274948	
3.33333333333	0.0	0.0	0.0 	0.0 	110.0 	21.0 	0.0 	0.0 	0.0 	-0.0 	21.0 	0.0 	0.0 	0.0 	9.77269919237	2.64133345543	126.962909975	-36.6663464229	
3.35	0.0	0.0	0.0 	0.0 	110.35 	21.0 	0.0 	0.0 	0.0 	-0.0 	21.0 	0.0 	0.0 	0.0 	9.80384583546	2.64133345544	127.041284041	-36.8097208491	
3.36666666667	0.0	0.0	0.0 	0.0 	110.7 	21.0 	0.0 	0.0 	0.0 	-0.0 	21.0 	0.0 	0.0 	0.0 	9.83468884776	2.64133345544	127.119904673	-36.9535463328	
3.38333333333	0.0	0.0	0.0 	0.0 	111.05 	21.0 	0.0 	0.0 	0.0 	-0.0 	21.0 	0.0 	0.0 	0.0 	9.86523118918	2.64133345544	127.198769467	-37.0978184771	
3.4	0.0	0.0	0.0 	0.0 	111.4 	21.0 	0.0 	0.0 	0.0 	-0.0 	21.0 	0.0 	0.0 	0.0 	9.89547579079	2.64133345544	127.277876043	-37.2425329276	
3.41666666667	0.0	0.0	0.0 	0.0 	111.75 	21.0 	0.0 	0.0 	0.0 	-0.0 	21.0 	0.0 	0.0 	0.0 	9.9254255551	2.64133345544	127.357222044	-37.3876853725	
3.43333333333	0.0	0.0	0.0 	0.0 	112.1 	21.0 	0.0 	0.0 	0.0 	-0.0 	21.0 	0.0 	0.0 	0.0 	9.95508335629	2.64133345544	127.436805135	-37.5332715422	
3.45	0.0	0.0	0.0 	0.0 	112.45 	21.0 	0.0 	0.0 	0.0 	-0.0 	21.0 	0.0 	0.0 	0.0 	9.98445204055	2.64133345544	127.516623007	-37.6792872085	
3.46666666667	0.0	0.0	0.0 	0.0 	112.8 	21.0 	0.0 	0.0 	0.0 	-0.0 	21.0 	0.0 	0.0 	0.0 	10.0135344263	2.64133345544	127.596673369	-37.8257281845	
3.48333333333	0.0	0.0	0.0 	0.0 	113.15 	21.0 	0.0 	0.0 	0.0 	-0.0 	21.0 	0.0 	0.0 	0.0 	10.0423333046	2.64133345544	127.676953955	-37.972590324	
3.5	0.0	0.0	0.0 	0.0 	113.5 	21.0 	0.0 	0.0 	0.0 	-0.0 	21.0 	0.0 	0.0 	0.0 	10.070851439	2.64133345544	127.757462522	-38.1198695213	
3.51666666667	0.0	0.0	0.0 	0.0 	113.85 	21.0 	0.0 	0.0 	0.0 	-0.0 	21.0 	0.0 	0.0 	0.0 	10.0990915665	2.64133345544	127.838196847	-38.2675617109	
3.53333333333	0.0	0.0	0.0 	0.0 	114.2 	21.0 	0.0 	0.0 	0.0 	-0.0 	21.0 	0.0 	0.0 	0.0 	10.1270563971	2.64133345544	127.919154728	-38.4156628667	
3.55	0.0	0.0	0.0 	0.0 	114.55 	21.0 	0.0 	0.0 	0.0 	-0.0 	21.0 	0.0 	0.0 	0.0 	10.1547486146	2.64133345544	128.000333987	-38.564169002	
3.56666666667	0.0	0.0	0.0 	0.0 	114.9 	21.0 	0.0 	0.0 	0.0 	-0.0 	21.0 	0.0 	0.0 	0.0 	10.1821708766	2.64133345544	128.081732465	-38.7130761687	
3.58333333333	0.0	0.0	0.0 	0.0 	115.25 	21.0 	0.0 	0.0 	0.0 	-0.0 	21.0 	0.0 	0.0 	0.0 	10.2093258146	2.64133345544	128.163348026	-38.8623804575	
3.6	0.0	0.0	0.0 	0.0 	115.6 	21.0 	0.0 	0.0 	0.0 	-0.0 	21.0 	0.0 	0.0 	0.0 	10.2362160346	2.64133345544	128.245178554	-39.0120779971	
3.61666666667	0.0	0.0	0.0 	0.0 	115.95 	21.0 	0.0 	0.0 	0.0 	-0.0 	21.0 	0.0 	0.0 	0.0 	10.2628441173	2.64133345544	128.327221951	-39.1621649538	
3.63333333333	0.0	0.0	0.0 	0.0 	116.3 	21.0 	0.0 	0.0 	0.0 	-0.0 	21.0 	0.0 	0.0 	0.0 	10.289212618	2.64133345544	128.409476145	-39.3126375316	
3.65	0.0	0.0	0.0 	0.0 	116.65 	21.0 	0.0 	0.0 	0.0 	-0.0 	21.0 	0.0 	0.0 	0.0 	10.3153240674	2.64133345544	128.491939079	-39.4634919711	
3.66666666667	0.0	0.0	0.0 	0.0 	117.0 	21.0 	0.0 	0.0 	0.0 	-0.0 	21.0 	0.0 	0.0 	0.0 	10.3411809711	2.64133345544	128.574608718	-39.6147245498	
3.68333333333	0.0	0.0	0.0 	0.0 	117.35 	21.0 	0.0 	0.0 	0.0 	-0.0 	21.0 	0.0 	0.0 	0.0 	10.3667858107	2.64133345544	128.657483048	-39.7663315816	
3.7	0.0	0.0	0.0 	0.0 	117.7 	21.0 	0.0 	0.0 	0.0 	-0.0 	21.0 	0.0 	0.0 	0.0 	10.3921410434	2.64133345544	128.740560074	-39.9183094159	
3.71666666667	0.0	0.0	0.0 	0.0 	118.05 	21.0 	0.0 	0.0 	0.0 	-0.0 	21.0 	0.0 	0.0 	0.0 	10.4172491024	2.64133345544	128.823837819	-40.0706544382	
3.73333333333	0.0	0.0	0.0 	0.0 	118.4 	21.0 	0.0 	0.0 	0.0 	-0.0 	21.0 	0.0 	0.0 	0.0 	10.4421123973	2.64133345544	128.907314326	-40.2233630689	
3.75	0.0	0.0	0.0 	0.0 	118.75 	21.0 	0.0 	0.0 	0.0 	-0.0 	21.0 	0.0 	0.0 	0.0 	10.4667333142	2.64133345544	128.990987658	-40.3764317633	
3.76666666667	0.0	0.0	0.0 	0.0 	119.1 	21.0 	0.0 	0.0 	0.0 	-0.0 	21.0 	0.0 	0.0 	0.0 	10.4911142158	2.64133345544	129.074855897	-40.5298570115	
3.78333333333	0.0	0.0	0.0 	0.0 	119.45 	21.0 	0.0 	0.0 	0.0 	-0.0 	21.0 	0.0 	0.0 	0.0 	10.515257442	2.64133345544	129.158917141	-40.6836353375	
3.8	0.0	0.0	0.0 	0.0 	119.8 	21.0 	0.0 	0.0 	0.0 	-0.0 	21.0 	0.0 	0.0 	0.0 	10.5391653097	2.64133345544	129.24316951	-40.8377632995	
3.81666666667	0.0	0.0	0.0 	0.0 	120.15 	21.0 	0.0 	0.0 	0.0 	-0.0 	21.0 	0.0 	0.0 	0.0 	10.5628401133	2.64133345544	129.327611141	-40.9922374891	
3.83333333333	0.0	0.0	0.0 	0.0 	120.5 	21.0 	0.0 	0.0 	0.0 	-0.0 	21.0 	0.0 	0.0 	0.0 	10.5862841248	2.64133345544	129.412240188	-41.147054531	
3.85	0.0	0.0	0.0 	0.0 	120.85 	21.0 	0.0 	0.0 	0.0 	-0.0 	21.0 	0.0 	0.0 	0.0 	10.609499594	2.64133345544	129.497054825	-41.3022110829	
3.86666666667	0.0	0.0	0.0 	0.0 	121.2 	21.0 	0.0 	0.0 	0.0 	-0.0 	21.0 	0.0 	0.0 	0.0 	10.6324887489	2.64133345544	129.582053242	-41.4577038353	
3.88333333333	0.0	0.0	0.0 	0.0 	121.55 	21.0 	0.0 	0.0 	0.0 	-0.0 	21.0 	0.0 	0.0 	0.0 	10.6552537957	2.64133345544	129.667233648	-41.6135295107	
3.9	0.0	0.0	0.0 	0.0 	121.9 	21.0 	0.0 	0.0 	0.0 	-0.0 	21.0 	0.0 	0.0 	0.0 	10.6777969191	2.64133345544	129.752594268	-41.7696848635	
3.91666666667	0.0	0.0	0.0 	0.0 	122.25 	21.0 	0.0 	0.0 	0.0 	-0.0 	21.0 	0.0 	0.0 	0.0 	10.7001202824	2.64133345544	129.838133346	-41.9261666801	
3.93333333333	0.0	0.0	0.0 	0.0 	122.6 	21.0 	0.0 	0.0 	0.0 	-0.0 	21.0 	0.0 	0.0 	0.0 	10.7222260281	2.64133345544	129.923849143	-42.0829717777	
3.95	0.0	0.0	0.0 	0.0 	122.95 	21.0 	0.0 	0.0 	0.0 	-0.0 	21.0 	0.0 	0.0 	0.0 	10.7441162775	2.64133345544	130.009739934	-42.2400970051	
3.96666666667	0.0	0.0	0.0 	0.0 	123.3 	21.0 	0.0 	0.0 	0.0 	-0.0 	21.0 	0.0 	0.0 	0.0 	10.7657931314	2.64133345544	130.095804016	-42.3975392413	
3.98333333333	0.0	0.0	0.0 	0.0 	123.65 	21.0 	0.0 	0.0 	0.0 	-0.0 	21.0 	0.0 	0.0 	0.0 	10.7872586701	2.64133345544	130.182039697	-42.5552953962	
4.0	0.0	0.0	0.0 	0.0 	124.0 	21.0 	0.0 	0.0 	0.0 	-0.0 	21.0 	0.0 	0.0 	0.0 	10.8085149535	2.64133345544	130.268445305	-42.7133624094	
4.01666666667	0.0	0.0	0.0 	0.0 	124.35 	21.0 	0.0 	0.0 	0.0 	-0.0 	21.0 	0.0 	0.0 	0.0 	10.8295640215	2.64133345544	130.355019185	-42.8717372505	
4.03333333333	0.0	0.0	0.0 	0.0 	124.7 	21.0 	0.0 	0.0 	0.0 	-0.0 	21.0 	0.0 	0.0 	0.0 	10.8504078943	2.64133345544	130.441759695	-43.0304169188	
4.05	0.0	0.0	0.0 	0.0 	125.05 	21.0 	0.0 	0.0 	0.0 	-0.0 	21.0 	0.0 	0.0 	0.0 	10.8710485721	2.64133345544	130.528665211	-43.1893984427	
4.06666666667	0.0	0.0	0.0 	0.0 	125.4 	21.0 	0.0 	0.0 	0.0 	-0.0 	21.0 	0.0 	0.0 	0.0 	10.8914880357	2.64133345544	130.615734124	-43.3486788795	
4.08333333333	0.0	0.0	0.0 	0.0 	125.75 	21.0 	0.0 	0.0 	0.0 	-0.0 	21.0 	0.0 	0.0 	0.0 	10.9117282466	2.64133345544	130.702964842	-43.5082553153	
4.1	0.0	0.0	0.0 	0.0 	126.1 	21.0 	0.0 	0.0 	0.0 	-0.0 	21.0 	0.0 	0.0 	0.0 	10.9317711474	2.64133345544	130.790355788	-43.6681248646	
4.11666666667	0.0	0.0	0.0 	0.0 	126.45 	21.0 	0.0 	0.0 	0.0 	-0.0 	21.0 	0.0 	0.0 	0.0 	10.9516186613	2.64133345544	130.877905398	-43.82828467	
4.13333333333	0.0	0.0	0.0 	0.0 	126.8 	21.0 	0.0 	0.0 	0.0 	-0.0 	21.0 	0.0 	0.0 	0.0 	10.9712726933	2.64133345544	130.965612127	-43.9887319019	
4.15	0.0	0.0	0.0 	0.0 	127.15 	21.0 	0.0 	0.0 	0.0 	-0.0 	21.0 	0.0 	0.0 	0.0 	10.9907351293	2.64133345544	131.053474444	-44.1494637584	
4.16666666667	0.0	0.0	0.0 	0.0 	127.5 	21.0 	0.0 	0.0 	0.0 	-0.0 	21.0 	0.0 	0.0 	0.0 	11.0100078371	2.64133345544	131.14149083	-44.3104774649	
4.18333333333	0.0	0.0	0.0 	0.0 	127.85 	21.0 	0.0 	0.0 	0.0 	-0.0 	21.0 	0.0 	0.0 	0.0 	11.0290926664	2.64133345544	131.229659785	-44.4717702737	
4.2	0.0	0.0	0.0 	0.0 	128.2 	21.0 	0.0 	0.0 	0.0 	-0.0 	21.0 	0.0 	0.0 	0.0 	11.0479914486	2.64133345544	131.31797982	-44.633339464	
4.21666666667	0.0	0.0	0.0 	0.0 	128.55 	21.0 	0.0 	0.0 	0.0 	-0.0 	21.0 	0.0 	0.0 	0.0 	11.0667059973	2.64133345544	131.406449464	-44.7951823417	
4.23333333333	0.0	0.0	0.0 	0.0 	128.9 	21.0 	0.0 	0.0 	0.0 	-0.0 	21.0 	0.0 	0.0 	0.0 	11.0852381087	2.64133345544	131.495067257	-44.9572962385	
4.25	0.0	0.0	0.0 	0.0 	129.25 	21.0 	0.0 	0.0 	0.0 	-0.0 	21.0 	0.0 	0.0 	0.0 	11.1035895611	2.64133345544	131.583831756	-45.1196785126	
4.26666666667	0.0	0.0	0.0 	0.0 	129.6 	21.0 	0.0 	0.0 	0.0 	-0.0 	21.0 	0.0 	0.0 	0.0 	11.1217621157	2.64133345544	131.672741531	-45.2823265476	
4.28333333333	0.0	0.0	0.0 	0.0 	129.95 	21.0 	0.0 	0.0 	0.0 	-0.0 	21.0 	0.0 	0.0 	0.0 	11.1397575164	2.64133345544	131.761795164	-45.4452377529	
4.3	0.0	0.0	0.0 	0.0 	130.3 	21.0 	0.0 	0.0 	0.0 	-0.0 	21.0 	0.0 	0.0 	0.0 	11.1575774903	2.64133345544	131.850991254	-45.6084095629	
4.31666666667	0.0	0.0	0.0 	0.0 	130.65 	21.0 	0.0 	0.0 	0.0 	-0.0 	21.0 	0.0 	0.0 	0.0 	11.1752237475	2.64133345544	131.940328412	-45.7718394371	
4.33333333333	0.0	0.0	0.0 	0.0 	131.0 	21.0 	0.0 	0.0 	0.0 	-0.0 	21.0 	0.0 	0.0 	0.0 	11.1926979814	2.64133345544	132.029805263	-45.9355248599	
4.35	0.0	0.0	0.0 	0.0 	131.35 	21.0 	0.0 	0.0 	0.0 	-0.0 	21.0 	0.0 	0.0 	0.0 	11.210001869	2.64133345544	132.119420445	-46.09946334	
4.36666666667	0.0	0.0	0.0 	0.0 	131.7 	21.0 	0.0 	0.0 	0.0 	-0.0 	21.0 	0.0 	0.0 	0.0 	11.2271370709	2.64133345544	132.20917261	-46.2636524104	
4.38333333333	0.0	0.0	0.0 	0.0 	132.05 	21.0 	0.0 	0.0 	0.0 	-0.0 	21.0 	0.0 	0.0 	0.0 	11.2441052316	2.64133345544	132.299060421	-46.4280896285	
4.4	0.0	0.0	0.0 	0.0 	132.4 	21.0 	0.0 	0.0 	0.0 	-0.0 	21.0 	0.0 	0.0 	0.0 	11.2609079793	2.64133345544	132.389082558	-46.592772575	
4.41666666667	0.0	0.0	0.0 	0.0 	132.75 	21.0 	0.0 	0.0 	0.0 	-0.0 	21.0 	0.0 	0.0 	0.0 	11.2775469267	2.64133345544	132.479237709	-46.7576988545	
4.43333333333	0.0	0.0	0.0 	0.0 	133.1 	21.0 	0.0 	0.0 	0.0 	-0.0 	21.0 	0.0 	0.0 	0.0 	11.2940236705	2.64133345544	132.56952458	-46.922866095	
4.45	0.0	0.0	0.0 	0.0 	133.45 	21.0 	0.0 	0.0 	0.0 	-0.0 	21.0 	0.0 	0.0 	0.0 	11.3103397919	2.64133345544	132.659941885	-47.0882719474	
4.46666666667	0.0	0.0	0.0 	0.0 	133.8 	21.0 	0.0 	0.0 	0.0 	-0.0 	21.0 	0.0 	0.0 	0.0 	11.3264968568	2.64133345544	132.750488353	-47.2539140856	
4.48333333333	0.0	0.0	0.0 	0.0 	134.15 	21.0 	0.0 	0.0 	0.0 	-0.0 	21.0 	0.0 	0.0 	0.0 	11.3424964158	2.64133345544	132.841162725	-47.4197902063	
4.5	0.0	0.0	0.0 	0.0 	134.5 	21.0 	0.0 	0.0 	0.0 	-0.0 	21.0 	0.0 	0.0 	0.0 	11.3583400042	2.64133345544	132.931963754	-47.5858980284	
4.51666666667	0.0	0.0	0.0 	0.0 	134.85 	21.0 	0.0 	0.0 	0.0 	-0.0 	21.0 	0.0 	0.0 	0.0 	11.3740291425	2.64133345544	133.022890206	-47.7522352933	
4.53333333333	0.0	0.0	0.0 	0.0 	135.2 	21.0 	0.0 	0.0 	0.0 	-0.0 	21.0 	0.0 	0.0 	0.0 	11.3895653364	2.64133345544	133.113940857	-47.9187997641	
4.55	0.0	0.0	0.0 	0.0 	135.55 	21.0 	0.0 	0.0 	0.0 	-0.0 	21.0 	0.0 	0.0 	0.0 	11.4049500768	2.64133345544	133.205114497	-48.0855892262	
4.56666666667	0.0	0.0	0.0 	0.0 	135.9 	21.0 	0.0 	0.0 	0.0 	-0.0 	21.0 	0.0 	0.0 	0.0 	11.4201848402	2.64133345544	133.296409927	-48.252601486	
4.58333333333	0.0	0.0	0.0 	0.0 	136.25 	21.0 	0.0 	0.0 	0.0 	-0.0 	21.0 	0.0 	0.0 	0.0 	11.4352710886	2.64133345544	133.38782596	-48.4198343717	
4.6	0.0	0.0	0.0 	0.0 	136.6 	21.0 	0.0 	0.0 	0.0 	-0.0 	21.0 	0.0 	0.0 	0.0 	11.4502102699	2.64133345544	133.47936142	-48.5872857326	
4.61666666667	0.0	0.0	0.0 	0.0 	136.95 	21.0 	0.0 	0.0 	0.0 	-0.0 	21.0 	0.0 	0.0 	0.0 	11.4650038175	2.64133345544	133.571015143	-48.7549534387	
4.63333333333	0.0	0.0	0.0 	0.0 	137.3 	21.0 	0.0 	0.0 	0.0 	-0.0 	21.0 	0.0 	0.0 	0.0 	11.4796531514	2.64133345544	133.662785975	-48.9228353813	
4.65	0.0	0.0	0.0 	0.0 	137.65 	21.0 	0.0 	0.0 	0.0 	-0.0 	21.0 	0.0 	0.0 	0.0 	11.4941596773	2.64133345544	133.754672776	-49.0909294716	
4.66666666667	0.0	0.0	0.0 	0.0 	138.0 	21.0 	0.0 	0.0 	0.0 	-0.0 	21.0 	0.0 	0.0 	0.0 	11.5085247873	2.64133345544	133.846674415	-49.2592336417	
4.68333333333	0.0	0.0	0.0 	0.0 	138.35 	21.0 	0.0 	0.0 	0.0 	-0.0 	21.0 	0.0 	0.0 	0.0 	11.5227498602	2.64133345544	133.938789772	-49.4277458436	
4.7	0.0	0.0	0.0 	0.0 	138.7 	21.0 	0.0 	0.0 	0.0 	-0.0 	21.0 	0.0 	0.0 	0.0 	11.5368362609	2.64133345544	134.031017739	-49.5964640493	
4.71666666667	0.0	0.0	0.0 	0.0 	139.05 	21.0 	0.0 	0.0 	0.0 	-0.0 	21.0 	0.0 	0.0 	0.0 	11.5507853414	2.64133345544	134.123357218	-49.7653862507	
4.73333333333	0.0	0.0	0.0 	0.0 	139.4 	21.0 	0.0 	0.0 	0.0 	-0.0 	21.0 	0.0 	0.0 	0.0 	11.5645984403	2.64133345544	134.215807122	-49.9345104589	
4.75	0.0	0.0	0.0 	0.0 	139.75 	21.0 	0.0 	0.0 	0.0 	-0.0 	21.0 	0.0 	0.0 	0.0 	11.5782768831	2.64133345544	134.308366374	-50.1038347049	
4.76666666667	0.0	0.0	0.0 	0.0 	140.1 	21.0 	0.0 	0.0 	0.0 	-0.0 	21.0 	0.0 	0.0 	0.0 	11.5918219827	2.64133345544	134.401033908	-50.2733570386	
4.78333333333	0.0	0.0	0.0 	0.0 	140.45 	21.0 	0.0 	0.0 	0.0 	-0.0 	21.0 	0.0 	0.0 	0.0 	11.6052350388	2.64133345544	134.49380867	-50.4430755289	
4.8	0.0	0.0	0.0 	0.0 	140.8 	21.0 	0.0 	0.0 	0.0 	-0.0 	21.0 	0.0 	0.0 	0.0 	11.6185173388	2.64133345544	134.586689613	-50.6129882635	
4.81666666667	0.0	0.0	0.0 	0.0 	141.15 	21.0 	0.0 	0.0 	0.0 	-0.0 	21.0 	0.0 	0.0 	0.0 	11.6316701572	2.64133345544	134.679675702	-50.783093349	
4.83333333333	0.0	0.0	0.0 	0.0 	141.5 	21.0 	0.0 	0.0 	0.0 	-0.0 	21.0 	0.0 	0.0 	0.0 	11.6446947563	2.64133345544	134.772765913	-50.9533889102	
4.85	0.0	0.0	0.0 	0.0 	141.85 	21.0 	0.0 	0.0 	0.0 	-0.0 	21.0 	0.0 	0.0 	0.0 	11.657592386	2.64133345544	134.865959231	-51.1238730902	
4.86666666667	0.0	0.0	0.0 	0.0 	142.2 	21.0 	0.0 	0.0 	0.0 	-0.0 	21.0 	0.0 	0.0 	0.0 	11.6703642841	2.64133345544	134.95925465	-51.2945440504	
4.88333333333	0.0	0.0	0.0 	0.0 	142.55 	21.0 	0.0 	0.0 	0.0 	-0.0 	21.0 	0.0 	0.0 	0.0 	11.6830116763	2.64133345544	135.052651174	-51.4653999699	
4.9	0.0	0.0	0.0 	0.0 	142.9 	21.0 	0.0 	0.0 	0.0 	-0.0 	21.0 	0.0 	0.0 	0.0 	11.6955357763	2.64133345544	135.14614782	-51.6364390457	
4.91666666667	0.0	0.0	0.0 	0.0 	143.25 	21.0 	0.0 	0.0 	0.0 	-0.0 	21.0 	0.0 	0.0 	0.0 	11.7079377861	2.64133345544	135.239743609	-51.8076594922	
4.93333333333	0.0	0.0	0.0 	0.0 	143.6 	21.0 	0.0 	0.0 	0.0 	-0.0 	21.0 	0.0 	0.0 	0.0 	11.7202188957	2.64133345544	135.333437576	-51.9790595414	
4.95	0.0	0.0	0.0 	0.0 	143.95 	21.0 	0.0 	0.0 	0.0 	-0.0 	21.0 	0.0 	0.0 	0.0 	11.7323802838	2.64133345544	135.427228764	-52.1506374424	
4.96666666667	0.0	0.0	0.0 	0.0 	144.3 	21.0 	0.0 	0.0 	0.0 	-0.0 	21.0 	0.0 	0.0 	0.0 	11.7444231175	2.64133345544	135.521116226	-52.3223914615	
4.98333333333	0.0	0.0	0.0 	0.0 	144.65 	21.0 	0.0 	0.0 	0.0 	-0.0 	21.0 	0.0 	0.0 	0.0 	11.7563485526	2.64133345544	135.615099021	-52.4943198818	
5.0	0.0	0.0	0.0 	0.0 	145.0 	21.0 	0.0 	0.0 	0.0 	-0.0 	21.0 	0.0 	0.0 	0.0 	11.7681577333	2.64133345544	135.709176222	-52.6664210031	
5.01666666667	0.0	0.0	0.0 	0.0 	145.35 	21.0 	0.0 	0.0 	0.0 	-0.0 	21.0 	0.0 	0.0 	0.0 	11.7798517932	2.64133345544	135.803346908	-52.838693142	
5.03333333333	0.0	0.0	0.0 	0.0 	145.7 	21.0 	0.0 	0.0 	0.0 	-0.0 	21.0 	0.0 	0.0 	0.0 	11.7914318543	2.64133345544	135.897610167	-53.0111346312	
5.05	0.0	0.0	0.0 	0.0 	146.05 	21.0 	0.0 	0.0 	0.0 	-0.0 	21.0 	0.0 	0.0 	0.0 	11.802899028	2.64133345544	135.991965097	-53.1837438198	
5.06666666667	0.0	0.0	0.0 	0.0 	146.4 	21.0 	0.0 	0.0 	0.0 	-0.0 	21.0 	0.0 	0.0 	0.0 	11.8142544149	2.64133345544	136.086410805	-53.356519073	
5.08333333333	0.0	0.0	0.0 	0.0 	146.75 	21.0 	0.0 	0.0 	0.0 	-0.0 	21.0 	0.0 	0.0 	0.0 	11.8254991045	2.64133345544	136.180946405	-53.5294587721	
5.1	0.0	0.0	0.0 	0.0 	147.1 	21.0 	0.0 	0.0 	0.0 	-0.0 	21.0 	0.0 	0.0 	0.0 	11.8366341762	2.64133345544	136.275571021	-53.7025613138	
5.11666666667	0.0	0.0	0.0 	0.0 	147.45 	21.0 	0.0 	0.0 	0.0 	-0.0 	21.0 	0.0 	0.0 	0.0 	11.8476606983	2.64133345544	136.370283786	-53.8758251107	
5.13333333333	0.0	0.0	0.0 	0.0 	147.8 	21.0 	0.0 	0.0 	0.0 	-0.0 	21.0 	0.0 	0.0 	0.0 	11.8585797293	2.64133345544	136.46508384	-54.0492485908	
5.15	0.0	0.0	0.0 	0.0 	148.15 	21.0 	0.0 	0.0 	0.0 	-0.0 	21.0 	0.0 	0.0 	0.0 	11.8693923168	2.64133345544	136.559970331	-54.2228301975	
5.16666666667	0.0	0.0	0.0 	0.0 	148.5 	21.0 	0.0 	0.0 	0.0 	-0.0 	21.0 	0.0 	0.0 	0.0 	11.8800994986	2.64133345544	136.654942419	-54.3965683894	
5.18333333333	0.0	0.0	0.0 	0.0 	148.85 	21.0 	0.0 	0.0 	0.0 	-0.0 	21.0 	0.0 	0.0 	0.0 	11.8907023023	2.64133345544	136.749999268	-54.5704616398	
5.2	0.0	0.0	0.0 	0.0 	149.2 	21.0 	0.0 	0.0 	0.0 	-0.0 	21.0 	0.0 	0.0 	0.0 	11.9012017452	2.64133345544	136.845140051	-54.7445084373	
5.21666666667	0.0	0.0	0.0 	0.0 	149.55 	21.0 	0.0 	0.0 	0.0 	-0.0 	21.0 	0.0 	0.0 	0.0 	11.9115988351	2.64133345544	136.940363951	-54.918707285	
5.23333333333	0.0	0.0	0.0 	0.0 	149.9 	21.0 	0.0 	0.0 	0.0 	-0.0 	21.0 	0.0 	0.0 	0.0 	11.9218945698	2.64133345544	137.035670157	-55.0930567006	
5.25	0.0	0.0	0.0 	0.0 	150.25 	21.0 	0.0 	0.0 	0.0 	-0.0 	21.0 	0.0 	0.0 	0.0 	11.9320899372	2.64133345544	137.131057868	-55.2675552164	
5.26666666667	0.0	0.0	0.0 	0.0 	150.6 	21.0 	0.0 	0.0 	0.0 	-0.0 	21.0 	0.0 	0.0 	0.0 	11.9421859158	2.64133345544	137.226526287	-55.4422013789	
5.28333333333	0.0	0.0	0.0 	0.0 	150.95 	21.0 	0.0 	0.0 	0.0 	-0.0 	21.0 	0.0 	0.0 	0.0 	11.9521834744	2.64133345544	137.32207463	-55.6169937487	
5.3	0.0	0.0	0.0 	0.0 	151.3 	21.0 	0.0 	0.0 	0.0 	-0.0 	21.0 	0.0 	0.0 	0.0 	11.9620835727	2.64133345544	137.417702116	-55.7919309006	
5.31666666667	0.0	0.0	0.0 	0.0 	151.65 	21.0 	0.0 	0.0 	0.0 	-0.0 	21.0 	0.0 	0.0 	0.0 	11.9718871605	2.64133345544	137.513407974	-55.9670114231	
5.33333333333	0.0	0.0	0.0 	0.0 	152.0 	21.0 	0.0 	0.0 	0.0 	-0.0 	21.0 	0.0 	0.0 	0.0 	11.9815951787	2.64133345544	137.60919144	-56.1422339186	
5.35	0.0	0.0	0.0 	0.0 	152.35 	21.0 	0.0 	0.0 	0.0 	-0.0 	21.0 	0.0 	0.0 	0.0 	11.991208559	2.64133345544	137.705051757	-56.3175970031	
5.36666666667	0.0	0.0	0.0 	0.0 	152.7 	21.0 	0.0 	0.0 	0.0 	-0.0 	21.0 	0.0 	0.0 	0.0 	12.000728224	2.64133345544	137.800988177	-56.4930993062	
5.38333333333	0.0	0.0	0.0 	0.0 	153.05 	21.0 	0.0 	0.0 	0.0 	-0.0 	21.0 	0.0 	0.0 	0.0 	12.0101550873	2.64133345544	137.896999957	-56.6687394705	
5.4	0.0	0.0	0.0 	0.0 	153.4 	21.0 	0.0 	0.0 	0.0 	-0.0 	21.0 	0.0 	0.0 	0.0 	12.0194900534	2.64133345544	137.993086362	-56.8445161522	
5.41666666667	0.0	0.0	0.0 	0.0 	153.75 	21.0 	0.0 	0.0 	0.0 	-0.0 	21.0 	0.0 	0.0 	0.0 	12.0287340183	2.64133345544	138.089246666	-57.0204280205	
5.43333333333	0.0	0.0	0.0 	0.0 	154.1 	21.0 	0.0 	0.0 	0.0 	-0.0 	21.0 	0.0 	0.0 	0.0 	12.037887869	2.64133345544	138.185480148	-57.1964737574	
5.45	0.0	0.0	0.0 	0.0 	154.45 	21.0 	0.0 	0.0 	0.0 	-0.0 	21.0 	0.0 	0.0 	0.0 	12.0469524842	2.64133345544	138.281786095	-57.3726520581	
5.46666666667	0.0	0.0	0.0 	0.0 	154.8 	21.0 	0.0 	0.0 	0.0 	-0.0 	21.0 	0.0 	0.0 	0.0 	12.0559287335	2.64133345544	138.378163799	-57.5489616302	
5.48333333333	0.0	0.0	0.0 	0.0 	155.15 	21.0 	0.0 	0.0 	0.0 	-0.0 	21.0 	0.0 	0.0 	0.0 	12.0648174786	2.64133345544	138.474612562	-57.725401194	
5.5	0.0	0.0	0.0 	0.0 	155.5 	21.0 	0.0 	0.0 	0.0 	-0.0 	21.0 	0.0 	0.0 	0.0 	12.0736195723	2.64133345544	138.571131691	-57.9019694822	
5.51666666667	0.0	0.0	0.0 	0.0 	155.85 	21.0 	0.0 	0.0 	0.0 	-0.0 	21.0 	0.0 	0.0 	0.0 	12.0823358595	2.64133345544	138.6677205	-58.0786652401	
5.53333333333	0.0	0.0	0.0 	0.0 	156.2 	21.0 	0.0 	0.0 	0.0 	-0.0 	21.0 	0.0 	0.0 	0.0 	12.0909671766	2.64133345544	138.764378309	-58.2554872251	
5.55	0.0	0.0	0.0 	0.0 	156.55 	21.0 	0.0 	0.0 	0.0 	-0.0 	21.0 	0.0 	0.0 	0.0 	12.0995143519	2.64133345544	138.861104446	-58.4324342065	
5.56666666667	0.0	0.0	0.0 	0.0 	156.9 	21.0 	0.0 	0.0 	0.0 	-0.0 	21.0 	0.0 	0.0 	0.0 	12.1079782057	2.64133345544	138.957898246	-58.6095049659	
5.58333333333	0.0	0.0	0.0 	0.0 	157.25 	21.0 	0.0 	0.0 	0.0 	-0.0 	21.0 	0.0 	0.0 	0.0 	12.1163595503	2.64133345544	139.054759047	-58.7866982966	
5.6	0.0	0.0	0.0 	0.0 	157.6 	21.0 	0.0 	0.0 	0.0 	-0.0 	21.0 	0.0 	0.0 	0.0 	12.1246591899	2.64133345544	139.151686198	-58.9640130038	
5.61666666667	0.0	0.0	0.0 	0.0 	157.95 	21.0 	0.0 	0.0 	0.0 	-0.0 	21.0 	0.0 	0.0 	0.0 	12.1328779211	2.64133345544	139.248679051	-59.1414479042	
5.63333333333	0.0	0.0	0.0 	0.0 	158.3 	21.0 	0.0 	0.0 	0.0 	-0.0 	21.0 	0.0 	0.0 	0.0 	12.1410165325	2.64133345544	139.345736965	-59.3190018261	
5.65	0.0	0.0	0.0 	0.0 	158.65 	21.0 	0.0 	0.0 	0.0 	-0.0 	21.0 	0.0 	0.0 	0.0 	12.1490758053	2.64133345544	139.442859308	-59.4966736093	
5.66666666667	0.0	0.0	0.0 	0.0 	159.0 	21.0 	0.0 	0.0 	0.0 	-0.0 	21.0 	0.0 	0.0 	0.0 	12.1570565129	2.64133345544	139.540045449	-59.6744621048	
5.68333333333	0.0	0.0	0.0 	0.0 	159.35 	21.0 	0.0 	0.0 	0.0 	-0.0 	21.0 	0.0 	0.0 	0.0 	12.1649594211	2.64133345544	139.637294769	-59.8523661749	
5.7	0.0	0.0	0.0 	0.0 	159.7 	21.0 	0.0 	0.0 	0.0 	-0.0 	21.0 	0.0 	0.0 	0.0 	12.1727852884	2.64133345544	139.73460665	-60.0303846928	
5.71666666667	0.0	0.0	0.0 	0.0 	160.05 	21.0 	0.0 	0.0 	0.0 	-0.0 	21.0 	0.0 	0.0 	0.0 	12.1805348657	2.64133345544	139.831980483	-60.2085165429	
5.73333333333	0.0	0.0	0.0 	0.0 	160.4 	21.0 	0.0 	0.0 	0.0 	-0.0 	21.0 	0.0 	0.0 	0.0 	12.1882088969	2.64133345544	139.929415663	-60.3867606203	
5.75	0.0	0.0	0.0 	0.0 	160.75 	21.0 	0.0 	0.0 	0.0 	-0.0 	21.0 	0.0 	0.0 	0.0 	12.1958081184	2.64133345544	140.026911594	-60.5651158311	
5.76666666667	0.0	0.0	0.0 	0.0 	161.1 	21.0 	0.0 	0.0 	0.0 	-0.0 	21.0 	0.0 	0.0 	0.0 	12.2033332593	2.64133345544	140.124467682	-60.7435810918	
5.78333333333	0.0	0.0	0.0 	0.0 	161.45 	21.0 	0.0 	0.0 	0.0 	-0.0 	21.0 	0.0 	0.0 	0.0 	12.210785042	2.64133345544	140.222083342	-60.9221553297	
5.8	0.0	0.0	0.0 	0.0 	161.8 	21.0 	0.0 	0.0 	0.0 	-0.0 	21.0 	0.0 	0.0 	0.0 	12.2181641816	2.64133345544	140.319757991	-61.1008374823	
5.81666666667	0.0	0.0	0.0 	0.0 	162.15 	21.0 	0.0 	0.0 	0.0 	-0.0 	21.0 	0.0 	0.0 	0.0 	12.2254713861	2.64133345544	140.417491056	-61.2796264978	
5.83333333333	0.0	0.0	0.0 	0.0 	162.5 	21.0 	0.0 	0.0 	0.0 	-0.0 	21.0 	0.0 	0.0 	0.0 	12.2327073568	2.64133345544	140.515281967	-61.4585213342	
5.85	0.0	0.0	0.0 	0.0 	162.85 	21.0 	0.0 	0.0 	0.0 	-0.0 	21.0 	0.0 	0.0 	0.0 	12.2398727883	2.64133345544	140.61313016	-61.6375209601	
5.86666666667	0.0	0.0	0.0 	0.0 	163.2 	21.0 	0.0 	0.0 	0.0 	-0.0 	21.0 	0.0 	0.0 	0.0 	12.246968368	2.64133345544	140.711035077	-61.816624354	
5.88333333333	0.0	0.0	0.0 	0.0 	163.55 	21.0 	0.0 	0.0 	0.0 	-0.0 	21.0 	0.0 	0.0 	0.0 	12.253994777	2.64133345544	140.808996164	-61.9958305042	
5.9	0.0	0.0	0.0 	0.0 	163.9 	21.0 	0.0 	0.0 	0.0 	-0.0 	21.0 	0.0 	0.0 	0.0 	12.2609526896	2.64133345544	140.907012875	-62.175138409	
5.91666666667	0.0	0.0	0.0 	0.0 	164.25 	21.0 	0.0 	0.0 	0.0 	-0.0 	21.0 	0.0 	0.0 	0.0 	12.2678427734	2.64133345544	141.005084666	-62.3545470765	
5.93333333333	0.0	0.0	0.0 	0.0 	164.6 	21.0 	0.0 	0.0 	0.0 	-0.0 	21.0 	0.0 	0.0 	0.0 	12.2746656898	2.64133345544	141.103211001	-62.5340555244	
5.95	0.0	0.0	0.0 	0.0 	164.95 	21.0 	0.0 	0.0 	0.0 	-0.0 	21.0 	0.0 	0.0 	0.0 	12.2814220934	2.64133345544	141.201391348	-62.71366278	
5.96666666667	0.0	0.0	0.0 	0.0 	165.3 	21.0 	0.0 	0.0 	0.0 	-0.0 	21.0 	0.0 	0.0 	0.0 	12.2881126328	2.64133345544	141.299625181	-62.8933678801	
5.98333333333	0.0	0.0	0.0 	0.0 	165.65 	21.0 	0.0 	0.0 	0.0 	-0.0 	21.0 	0.0 	0.0 	0.0 	12.2947379499	2.64133345544	141.397911978	-63.0731698708	
6.0	0.0	0.0	0.0 	0.0 	166.0 	21.0 	0.0 	0.0 	0.0 	-0.0 	21.0 	0.0 	0.0 	0.0 	12.3012986805	2.64133345544	141.496251223	-63.2530678077	
6.01666666667	0.0	0.0	0.0 	0.0 	166.35 	21.0 	0.0 	0.0 	0.0 	-0.0 	21.0 	0.0 	0.0 	0.0 	12.3077954544	2.64133345544	141.594642405	-63.4330607554	
6.03333333333	0.0	0.0	0.0 	0.0 	166.7 	21.0 	0.0 	0.0 	0.0 	-0.0 	21.0 	0.0 	0.0 	0.0 	12.3142288949	2.64133345544	141.693085016	-63.6131477876	
6.05	0.0	0.0	0.0 	0.0 	167.05 	21.0 	0.0 	0.0 	0.0 	-0.0 	21.0 	0.0 	0.0 	0.0 	12.3205996195	2.64133345544	141.791578557	-63.7933279873	
6.06666666667	0.0	0.0	0.0 	0.0 	167.4 	21.0 	0.0 	0.0 	0.0 	-0.0 	21.0 	0.0 	0.0 	0.0 	12.3269082396	2.64133345544	141.890122531	-63.9736004462	
6.08333333333	0.0	0.0	0.0 	0.0 	167.75 	21.0 	0.0 	0.0 	0.0 	-0.0 	21.0 	0.0 	0.0 	0.0 	12.3331553605	2.64133345544	141.988716445	-64.1539642648	
6.1	0.0	0.0	0.0 	0.0 	168.1 	21.0 	0.0 	0.0 	0.0 	-0.0 	21.0 	0.0 	0.0 	0.0 	12.3393415819	2.64133345544	142.087359813	-64.3344185527	
6.11666666667	0.0	0.0	0.0 	0.0 	168.45 	21.0 	0.0 	0.0 	0.0 	-0.0 	21.0 	0.0 	0.0 	0.0 	12.3454674973	2.64133345544	142.186052153	-64.5149624278	
6.13333333333	0.0	0.0	0.0 	0.0 	168.8 	21.0 	0.0 	0.0 	0.0 	-0.0 	21.0 	0.0 	0.0 	0.0 	12.3515336946	2.64133345544	142.284792987	-64.6955950168	
6.15	0.0	0.0	0.0 	0.0 	169.15 	21.0 	0.0 	0.0 	0.0 	-0.0 	21.0 	0.0 	0.0 	0.0 	12.3575407561	2.64133345544	142.383581844	-64.8763154549	
6.16666666667	0.0	0.0	0.0 	0.0 	169.5 	21.0 	0.0 	0.0 	0.0 	-0.0 	21.0 	0.0 	0.0 	0.0 	12.3634892582	2.64133345544	142.482418254	-65.0571228857	
6.18333333333	0.0	0.0	0.0 	0.0 	169.85 	21.0 	0.0 	0.0 	0.0 	-0.0 	21.0 	0.0 	0.0 	0.0 	12.3693797717	2.64133345544	142.581301753	-65.2380164612	
6.2	0.0	0.0	0.0 	0.0 	170.2 	21.0 	0.0 	0.0 	0.0 	-0.0 	21.0 	0.0 	0.0 	0.0 	12.375212862	2.64133345544	142.680231884	-65.4189953415	
6.21666666667	0.0	0.0	0.0 	0.0 	170.55 	21.0 	0.0 	0.0 	0.0 	-0.0 	21.0 	0.0 	0.0 	0.0 	12.3809890888	2.64133345544	142.779208192	-65.6000586952	
6.23333333333	0.0	0.0	0.0 	0.0 	170.9 	21.0 	0.0 	0.0 	0.0 	-0.0 	21.0 	0.0 	0.0 	0.0 	12.3867090065	2.64133345544	142.878230225	-65.7812056987	
6.25	0.0	0.0	0.0 	0.0 	171.25 	21.0 	0.0 	0.0 	0.0 	-0.0 	21.0 	0.0 	0.0 	0.0 	12.3923731639	2.64133345544	142.977297539	-65.9624355365	
6.26666666667	0.0	0.0	0.0 	0.0 	171.6 	21.0 	0.0 	0.0 	0.0 	-0.0 	21.0 	0.0 	0.0 	0.0 	12.3979821048	2.64133345544	143.076409692	-66.1437474012	
6.28333333333	0.0	0.0	0.0 	0.0 	171.95 	21.0 	0.0 	0.0 	0.0 	-0.0 	21.0 	0.0 	0.0 	0.0 	12.4035363673	2.64133345544	143.175566248	-66.3251404931	
6.3	0.0	0.0	0.0 	0.0 	172.3 	21.0 	0.0 	0.0 	0.0 	-0.0 	21.0 	0.0 	0.0 	0.0 	12.4090364845	2.64133345544	143.274766772	-66.5066140205	
6.31666666667	0.0	0.0	0.0 	0.0 	172.65 	21.0 	0.0 	0.0 	0.0 	-0.0 	21.0 	0.0 	0.0 	0.0 	12.4144829842	2.64133345544	143.374010837	-66.688167199	
6.33333333333	0.0	0.0	0.0 	0.0 	173.0 	21.0 	0.0 	0.0 	0.0 	-0.0 	21.0 	0.0 	0.0 	0.0 	12.419876389	2.64133345544	143.473298017	-66.8697992524	
6.35	0.0	0.0	0.0 	0.0 	173.35 	21.0 	0.0 	0.0 	0.0 	-0.0 	21.0 	0.0 	0.0 	0.0 	12.4252172167	2.64133345544	143.572627894	-67.0515094117	
6.36666666667	0.0	0.0	0.0 	0.0 	173.7 	21.0 	0.0 	0.0 	0.0 	-0.0 	21.0 	0.0 	0.0 	0.0 	12.4305059797	2.64133345544	143.67200005	-67.2332969154	
6.38333333333	0.0	0.0	0.0 	0.0 	174.05 	21.0 	0.0 	0.0 	0.0 	-0.0 	21.0 	0.0 	0.0 	0.0 	12.4357431855	2.64133345544	143.771414073	-67.4151610097	
6.4	0.0	0.0	0.0 	0.0 	174.4 	21.0 	0.0 	0.0 	0.0 	-0.0 	21.0 	0.0 	0.0 	0.0 	12.4409293369	2.64133345544	143.870869556	-67.5971009478	
6.41666666667	0.0	0.0	0.0 	0.0 	174.75 	21.0 	0.0 	0.0 	0.0 	-0.0 	21.0 	0.0 	0.0 	0.0 	12.4460649314	2.64133345544	143.970366094	-67.7791159904	
6.43333333333	0.0	0.0	0.0 	0.0 	175.1 	21.0 	0.0 	0.0 	0.0 	-0.0 	21.0 	0.0 	0.0 	0.0 	12.4511504619	2.64133345544	144.069903286	-67.9612054053	
6.45	0.0	0.0	0.0 	0.0 	175.45 	21.0 	0.0 	0.0 	0.0 	-0.0 	21.0 	0.0 	0.0 	0.0 	12.4561864165	2.64133345544	144.169480737	-68.1433684676	
6.46666666667	0.0	0.0	0.0 	0.0 	175.8 	21.0 	0.0 	0.0 	0.0 	-0.0 	21.0 	0.0 	0.0 	0.0 	12.4611732785	2.64133345544	144.269098054	-68.3256044593	
6.48333333333	0.0	0.0	0.0 	0.0 	176.15 	21.0 	0.0 	0.0 	0.0 	-0.0 	21.0 	0.0 	0.0 	0.0 	12.4661115264	2.64133345544	144.368754849	-68.5079126694	
6.5	0.0	0.0	0.0 	0.0 	176.5 	21.0 	0.0 	0.0 	0.0 	-0.0 	21.0 	0.0 	0.0 	0.0 	12.4710016342	2.64133345544	144.468450736	-68.6902923939	
6.51666666667	0.0	0.0	0.0 	0.0 	176.85 	21.0 	0.0 	0.0 	0.0 	-0.0 	21.0 	0.0 	0.0 	0.0 	12.4758440711	2.64133345544	144.568185335	-68.8727429357	
6.53333333333	0.0	0.0	0.0 	0.0 	177.2 	21.0 	0.0 	0.0 	0.0 	-0.0 	21.0 	0.0 	0.0 	0.0 	12.4806393018	2.64133345544	144.667958267	-69.0552636044	
6.55	0.0	0.0	0.0 	0.0 	177.55 	21.0 	0.0 	0.0 	0.0 	-0.0 	21.0 	0.0 	0.0 	0.0 	12.4853877866	2.64133345544	144.76776916	-69.2378537164	
6.56666666667	0.0	0.0	0.0 	0.0 	177.9 	21.0 	0.0 	0.0 	0.0 	-0.0 	21.0 	0.0 	0.0 	0.0 	12.4900899812	2.64133345544	144.867617644	-69.4205125947	
6.58333333333	0.0	0.0	0.0 	0.0 	178.25 	21.0 	0.0 	0.0 	0.0 	-0.0 	21.0 	0.0 	0.0 	0.0 	12.4947463367	2.64133345544	144.967503351	-69.603239569	
6.6	0.0	0.0	0.0 	0.0 	178.6 	21.0 	0.0 	0.0 	0.0 	-0.0 	21.0 	0.0 	0.0 	0.0 	12.4993573001	2.64133345544	145.06742592	-69.7860339754	
6.61666666667	0.0	0.0	0.0 	0.0 	178.95 	21.0 	0.0 	0.0 	0.0 	-0.0 	21.0 	0.0 	0.0 	0.0 	12.5039233138	2.64133345544	145.16738499	-69.9688951566	
6.63333333333	0.0	0.0	0.0 	0.0 	179.3 	21.0 	0.0 	0.0 	0.0 	-0.0 	21.0 	0.0 	0.0 	0.0 	12.5084448161	2.64133345544	145.267380206	-70.1518224616	
6.65	0.0	0.0	0.0 	0.0 	179.65 	21.0 	0.0 	0.0 	0.0 	-0.0 	21.0 	0.0 	0.0 	0.0 	12.5129222409	2.64133345544	145.367411215	-70.3348152459	
6.66666666667	0.0	0.0	0.0 	0.0 	180.0 	21.0 	0.0 	0.0 	0.0 	-0.0 	21.0 	0.0 	0.0 	0.0 	12.5173560177	2.64133345544	145.467477669	-70.517872871	
6.68333333333	0.0	0.0	0.0 	0.0 	180.35 	21.0 	0.0 	0.0 	0.0 	-0.0 	21.0 	0.0 	0.0 	0.0 	12.5217465723	2.64133345544	145.567579223	-70.700994705	
6.7	0.0	0.0	0.0 	0.0 	180.7 	21.0 	0.0 	0.0 	0.0 	-0.0 	21.0 	0.0 	0.0 	0.0 	12.5260943258	2.64133345544	145.667715533	-70.8841801218	
6.71666666667	0.0	0.0	0.0 	0.0 	181.05 	21.0 	0.0 	0.0 	0.0 	-0.0 	21.0 	0.0 	0.0 	0.0 	12.5303996956	2.64133345544	145.767886261	-71.0674285017	
6.73333333333	0.0	0.0	0.0 	0.0 	181.4 	21.0 	0.0 	0.0 	0.0 	-0.0 	21.0 	0.0 	0.0 	0.0 	12.5346630948	2.64133345544	145.868091071	-71.2507392308	
6.75	0.0	0.0	0.0 	0.0 	181.75 	21.0 	0.0 	0.0 	0.0 	-0.0 	21.0 	0.0 	0.0 	0.0 	12.5388849326	2.64133345544	145.968329632	-71.4341117013	
6.76666666667	0.0	0.0	0.0 	0.0 	182.1 	21.0 	0.0 	0.0 	0.0 	-0.0 	21.0 	0.0 	0.0 	0.0 	12.543065614	2.64133345544	146.068601614	-71.6175453114	
6.78333333333	0.0	0.0	0.0 	0.0 	182.45 	21.0 	0.0 	0.0 	0.0 	-0.0 	21.0 	0.0 	0.0 	0.0 	12.5472055404	2.64133345544	146.168906692	-71.8010394651	
6.8	0.0	0.0	0.0 	0.0 	182.8 	21.0 	0.0 	0.0 	0.0 	-0.0 	21.0 	0.0 	0.0 	0.0 	12.5513051091	2.64133345544	146.269244542	-71.9845935721	
6.81666666667	0.0	0.0	0.0 	0.0 	183.15 	21.0 	0.0 	0.0 	0.0 	-0.0 	21.0 	0.0 	0.0 	0.0 	12.5553647134	2.64133345544	146.369614846	-72.168207048	
6.83333333333	0.0	0.0	0.0 	0.0 	183.5 	21.0 	0.0 	0.0 	0.0 	-0.0 	21.0 	0.0 	0.0 	0.0 	12.5593847429	2.64133345544	146.470017287	-72.351879314	
6.85	0.0	0.0	0.0 	0.0 	183.85 	21.0 	0.0 	0.0 	0.0 	-0.0 	21.0 	0.0 	0.0 	0.0 	12.5633655834	2.64133345544	146.570451551	-72.535609797	
6.86666666667	0.0	0.0	0.0 	0.0 	184.2 	21.0 	0.0 	0.0 	0.0 	-0.0 	21.0 	0.0 	0.0 	0.0 	12.5673076171	2.64133345544	146.670917329	-72.7193979296	
6.88333333333	0.0	0.0	0.0 	0.0 	184.55 	21.0 	0.0 	0.0 	0.0 	-0.0 	21.0 	0.0 	0.0 	0.0 	12.571211222	2.64133345544	146.771414314	-72.9032431496	
6.9	0.0	0.0	0.0 	0.0 	184.9 	21.0 	0.0 	0.0 	0.0 	-0.0 	21.0 	0.0 	0.0 	0.0 	12.575076773	2.64133345544	146.8719422	-73.0871449007	
6.91666666667	0.0	0.0	0.0 	0.0 	185.25 	21.0 	0.0 	0.0 	0.0 	-0.0 	21.0 	0.0 	0.0 	0.0 	12.578904641	2.64133345544	146.972500687	-73.2711026316	
6.93333333333	0.0	0.0	0.0 	0.0 	185.6 	21.0 	0.0 	0.0 	0.0 	-0.0 	21.0 	0.0 	0.0 	0.0 	12.5826951932	2.64133345544	147.073089477	-73.4551157968	
6.95	0.0	0.0	0.0 	0.0 	185.95 	21.0 	0.0 	0.0 	0.0 	-0.0 	21.0 	0.0 	0.0 	0.0 	12.5864487935	2.64133345544	147.173708273	-73.6391838557	
6.96666666667	0.0	0.0	0.0 	0.0 	186.3 	21.0 	0.0 	0.0 	0.0 	-0.0 	21.0 	0.0 	0.0 	0.0 	12.5901658021	2.64133345544	147.274356784	-73.8233062733	
6.98333333333	0.0	0.0	0.0 	0.0 	186.65 	21.0 	0.0 	0.0 	0.0 	-0.0 	21.0 	0.0 	0.0 	0.0 	12.5938465758	2.64133345544	147.375034721	-74.0074825196	
7.0	0.0	0.0	0.0 	0.0 	187.0 	21.0 	0.0 	0.0 	0.0 	-0.0 	21.0 	0.0 	0.0 	0.0 	12.5974914676	2.64133345544	147.475741795	-74.19171207	
7.01666666667	0.0	0.0	0.0 	0.0 	187.35 	21.0 	0.0 	0.0 	0.0 	-0.0 	21.0 	0.0 	0.0 	0.0 	12.6011008275	2.64133345544	147.576477723	-74.3759944047	
7.03333333333	0.0	0.0	0.0 	0.0 	187.7 	21.0 	0.0 	0.0 	0.0 	-0.0 	21.0 	0.0 	0.0 	0.0 	12.6046750019	2.64133345544	147.677242224	-74.5603290093	
7.05	0.0	0.0	0.0 	0.0 	188.05 	21.0 	0.0 	0.0 	0.0 	-0.0 	21.0 	0.0 	0.0 	0.0 	12.6082143336	2.64133345544	147.778035019	-74.7447153741	
7.06666666667	0.0	0.0	0.0 	0.0 	188.4 	21.0 	0.0 	0.0 	0.0 	-0.0 	21.0 	0.0 	0.0 	0.0 	12.6117191624	2.64133345544	147.878855833	-74.9291529946	
7.08333333333	0.0	0.0	0.0 	0.0 	188.75 	21.0 	0.0 	0.0 	0.0 	-0.0 	21.0 	0.0 	0.0 	0.0 	12.6151898247	2.64133345544	147.979704391	-75.1136413711	
7.1	0.0	0.0	0.0 	0.0 	189.1 	21.0 	0.0 	0.0 	0.0 	-0.0 	21.0 	0.0 	0.0 	0.0 	12.6186266534	2.64133345544	148.080580425	-75.2981800089	
7.11666666667	0.0	0.0	0.0 	0.0 	189.45 	21.0 	0.0 	0.0 	0.0 	-0.0 	21.0 	0.0 	0.0 	0.0 	12.6220299785	2.64133345544	148.181483665	-75.4827684179	
7.13333333333	0.0	0.0	0.0 	0.0 	189.8 	21.0 	0.0 	0.0 	0.0 	-0.0 	21.0 	0.0 	0.0 	0.0 	12.6254001265	2.64133345544	148.282413847	-75.667406113	
7.15	0.0	0.0	0.0 	0.0 	190.15 	21.0 	0.0 	0.0 	0.0 	-0.0 	21.0 	0.0 	0.0 	0.0 	12.6287374209	2.64133345544	148.383370708	-75.8520926137	
7.16666666667	0.0	0.0	0.0 	0.0 	190.5 	21.0 	0.0 	0.0 	0.0 	-0.0 	21.0 	0.0 	0.0 	0.0 	12.6320421819	2.64133345544	148.484353988	-76.0368274442	
7.18333333333	0.0	0.0	0.0 	0.0 	190.85 	21.0 	0.0 	0.0 	0.0 	-0.0 	21.0 	0.0 	0.0 	0.0 	12.6353147266	2.64133345544	148.58536343	-76.2216101334	
7.2	0.0	0.0	0.0 	0.0 	191.2 	21.0 	0.0 	0.0 	0.0 	-0.0 	21.0 	0.0 	0.0 	0.0 	12.6385553692	2.64133345544	148.686398778	-76.4064402148	
7.21666666667	0.0	0.0	0.0 	0.0 	191.55 	21.0 	0.0 	0.0 	0.0 	-0.0 	21.0 	0.0 	0.0 	0.0 	12.6417644207	2.64133345544	148.78745978	-76.5913172263	
7.23333333333	0.0	0.0	0.0 	0.0 	191.9 	21.0 	0.0 	0.0 	0.0 	-0.0 	21.0 	0.0 	0.0 	0.0 	12.6449421889	2.64133345544	148.888546185	-76.7762407104	
7.25	0.0	0.0	0.0 	0.0 	192.25 	21.0 	0.0 	0.0 	0.0 	-0.0 	21.0 	0.0 	0.0 	0.0 	12.6480889789	2.64133345544	148.989657747	-76.9612102142	
7.26666666667	0.0	0.0	0.0 	0.0 	192.6 	21.0 	0.0 	0.0 	0.0 	-0.0 	21.0 	0.0 	0.0 	0.0 	12.6512050926	2.64133345544	149.090794219	-77.146225289	
7.28333333333	0.0	0.0	0.0 	0.0 	192.95 	21.0 	0.0 	0.0 	0.0 	-0.0 	21.0 	0.0 	0.0 	0.0 	12.6542908291	2.64133345544	149.19195536	-77.3312854905	
7.3	0.0	0.0	0.0 	0.0 	193.3 	21.0 	0.0 	0.0 	0.0 	-0.0 	21.0 	0.0 	0.0 	0.0 	12.6573464846	2.64133345544	149.293140928	-77.5163903788	
7.31666666667	0.0	0.0	0.0 	0.0 	193.65 	21.0 	0.0 	0.0 	0.0 	-0.0 	21.0 	0.0 	0.0 	0.0 	12.6603723522	2.64133345544	149.394350686	-77.7015395184	
7.33333333333	0.0	0.0	0.0 	0.0 	194.0 	21.0 	0.0 	0.0 	0.0 	-0.0 	21.0 	0.0 	0.0 	0.0 	12.6633687223	2.64133345544	149.495584397	-77.8867324778	
7.35	0.0	0.0	0.0 	0.0 	194.35 	21.0 	0.0 	0.0 	0.0 	-0.0 	21.0 	0.0 	0.0 	0.0 	12.6663358826	2.64133345544	149.596841828	-78.0719688298	
7.36666666667	0.0	0.0	0.0 	0.0 	194.7 	21.0 	0.0 	0.0 	0.0 	-0.0 	21.0 	0.0 	0.0 	0.0 	12.6692741177	2.64133345544	149.698122749	-78.2572481515	
7.38333333333	0.0	0.0	0.0 	0.0 	195.05 	21.0 	0.0 	0.0 	0.0 	-0.0 	21.0 	0.0 	0.0 	0.0 	12.6721837096	2.64133345544	149.799426929	-78.442570024	
7.4	0.0	0.0	0.0 	0.0 	195.4 	21.0 	0.0 	0.0 	0.0 	-0.0 	21.0 	0.0 	0.0 	0.0 	12.6750649376	2.64133345544	149.900754142	-78.6279340324	
7.41666666667	0.0	0.0	0.0 	0.0 	195.75 	21.0 	0.0 	0.0 	0.0 	-0.0 	21.0 	0.0 	0.0 	0.0 	12.6779180782	2.64133345544	150.002104164	-78.813339766	
7.43333333333	0.0	0.0	0.0 	0.0 	196.1 	21.0 	0.0 	0.0 	0.0 	-0.0 	21.0 	0.0 	0.0 	0.0 	12.6807434051	2.64133345544	150.103476772	-78.998786818	
7.45	0.0	0.0	0.0 	0.0 	196.45 	21.0 	0.0 	0.0 	0.0 	-0.0 	21.0 	0.0 	0.0 	0.0 	12.6835411895	2.64133345544	150.204871747	-79.1842747857	
7.46666666667	0.0	0.0	0.0 	0.0 	196.8 	21.0 	0.0 	0.0 	0.0 	-0.0 	21.0 	0.0 	0.0 	0.0 	12.6863116999	2.64133345544	150.306288869	-79.3698032702	
7.48333333333	0.0	0.0	0.0 	0.0 	197.15 	21.0 	0.0 	0.0 	0.0 	-0.0 	21.0 	0.0 	0.0 	0.0 	12.6890552022	2.64133345544	150.407727923	-79.5553718765	
7.5	0.0	0.0	0.0 	0.0 	197.5 	21.0 	0.0 	0.0 	0.0 	-0.0 	21.0 	0.0 	0.0 	0.0 	12.6917719597	2.64133345544	150.509188696	-79.7409802134	
7.51666666667	0.0	0.0	0.0 	0.0 	197.85 	21.0 	0.0 	0.0 	0.0 	-0.0 	21.0 	0.0 	0.0 	0.0 	12.694462233	2.64133345544	150.610670976	-79.9266278938	
7.53333333333	0.0	0.0	0.0 	0.0 	198.2 	21.0 	0.0 	0.0 	0.0 	-0.0 	21.0 	0.0 	0.0 	0.0 	12.6971262804	2.64133345544	150.712174552	-80.112314534	
7.55	0.0	0.0	0.0 	0.0 	198.55 	21.0 	0.0 	0.0 	0.0 	-0.0 	21.0 	0.0 	0.0 	0.0 	12.6997643576	2.64133345544	150.813699218	-80.2980397542	
7.56666666667	0.0	0.0	0.0 	0.0 	198.9 	21.0 	0.0 	0.0 	0.0 	-0.0 	21.0 	0.0 	0.0 	0.0 	12.7023767176	2.64133345544	150.915244768	-80.4838031784	
7.58333333333	0.0	0.0	0.0 	0.0 	199.25 	21.0 	0.0 	0.0 	0.0 	-0.0 	21.0 	0.0 	0.0 	0.0 	12.7049636112	2.64133345544	151.016810998	-80.6696044341	
7.6	0.0	0.0	0.0 	0.0 	199.6 	21.0 	0.0 	0.0 	0.0 	-0.0 	21.0 	0.0 	0.0 	0.0 	12.7075252867	2.64133345544	151.118397706	-80.8554431526	
7.61666666667	0.0	0.0	0.0 	0.0 	199.95 	21.0 	0.0 	0.0 	0.0 	-0.0 	21.0 	0.0 	0.0 	0.0 	12.7100619899	2.64133345544	151.220004693	-81.0413189685	
7.63333333333	0.0	0.0	0.0 	0.0 	200.3 	21.0 	0.0 	0.0 	0.0 	-0.0 	21.0 	0.0 	0.0 	0.0 	12.7125739642	2.64133345544	151.321631762	-81.2272315203	
7.65	0.0	0.0	0.0 	0.0 	200.65 	21.0 	0.0 	0.0 	0.0 	-0.0 	21.0 	0.0 	0.0 	0.0 	12.7150614507	2.64133345544	151.423278716	-81.4131804499	
7.66666666667	0.0	0.0	0.0 	0.0 	201.0 	21.0 	0.0 	0.0 	0.0 	-0.0 	21.0 	0.0 	0.0 	0.0 	12.7175246882	2.64133345544	151.524945362	-81.5991654026	
7.68333333333	0.0	0.0	0.0 	0.0 	201.35 	21.0 	0.0 	0.0 	0.0 	-0.0 	21.0 	0.0 	0.0 	0.0 	12.7199639129	2.64133345544	151.626631507	-81.7851860273	
7.7	0.0	0.0	0.0 	0.0 	201.7 	21.0 	0.0 	0.0 	0.0 	-0.0 	21.0 	0.0 	0.0 	0.0 	12.722379359	2.64133345544	151.728336962	-81.9712419762	
7.71666666667	0.0	0.0	0.0 	0.0 	202.05 	21.0 	0.0 	0.0 	0.0 	-0.0 	21.0 	0.0 	0.0 	0.0 	12.7247712584	2.64133345544	151.830061539	-82.157332905	
7.73333333333	0.0	0.0	0.0 	0.0 	202.4 	21.0 	0.0 	0.0 	0.0 	-0.0 	21.0 	0.0 	0.0 	0.0 	12.7271398404	2.64133345544	151.93180505	-82.3434584726	
7.75	0.0	0.0	0.0 	0.0 	202.75 	21.0 	0.0 	0.0 	0.0 	-0.0 	21.0 	0.0 	0.0 	0.0 	12.7294853326	2.64133345544	152.033567312	-82.5296183415	
7.76666666667	0.0	0.0	0.0 	0.0 	203.1 	21.0 	0.0 	0.0 	0.0 	-0.0 	21.0 	0.0 	0.0 	0.0 	12.7318079598	2.64133345544	152.135348141	-82.7158121771	
7.78333333333	0.0	0.0	0.0 	0.0 	203.45 	21.0 	0.0 	0.0 	0.0 	-0.0 	21.0 	0.0 	0.0 	0.0 	12.7341079451	2.64133345544	152.237147357	-82.9020396484	
7.8	0.0	0.0	0.0 	0.0 	203.8 	21.0 	0.0 	0.0 	0.0 	-0.0 	21.0 	0.0 	0.0 	0.0 	12.7363855092	2.64133345544	152.33896478	-83.0883004275	
7.81666666667	0.0	0.0	0.0 	0.0 	204.15 	21.0 	0.0 	0.0 	0.0 	-0.0 	21.0 	0.0 	0.0 	0.0 	12.7386408706	2.64133345544	152.440800233	-83.2745941897	
7.83333333333	0.0	0.0	0.0 	0.0 	204.5 	21.0 	0.0 	0.0 	0.0 	-0.0 	21.0 	0.0 	0.0 	0.0 	12.7408742457	2.64133345544	152.54265354	-83.4609206135	
7.85	0.0	0.0	0.0 	0.0 	204.85 	21.0 	0.0 	0.0 	0.0 	-0.0 	21.0 	0.0 	0.0 	0.0 	12.743085849	2.64133345544	152.644524528	-83.6472793804	
7.86666666667	0.0	0.0	0.0 	0.0 	205.2 	21.0 	0.0 	0.0 	0.0 	-0.0 	21.0 	0.0 	0.0 	0.0 	12.7452758926	2.64133345544	152.746413023	-83.8336701752	
7.88333333333	0.0	0.0	0.0 	0.0 	205.55 	21.0 	0.0 	0.0 	0.0 	-0.0 	21.0 	0.0 	0.0 	0.0 	12.7474445867	2.64133345544	152.848318855	-84.0200926856	
7.9	0.0	0.0	0.0 	0.0 	205.9 	21.0 	0.0 	0.0 	0.0 	-0.0 	21.0 	0.0 	0.0 	0.0 	12.7495921395	2.64133345544	152.950241854	-84.2065466025	
7.91666666667	0.0	0.0	0.0 	0.0 	206.25 	21.0 	0.0 	0.0 	0.0 	-0.0 	21.0 	0.0 	0.0 	0.0 	12.751718757	2.64133345544	153.052181855	-84.3930316197	
7.93333333333	0.0	0.0	0.0 	0.0 	206.6 	21.0 	0.0 	0.0 	0.0 	-0.0 	21.0 	0.0 	0.0 	0.0 	12.7538246433	2.64133345544	153.15413869	-84.579547434	
7.95	0.0	0.0	0.0 	0.0 	206.95 	21.0 	0.0 	0.0 	0.0 	-0.0 	21.0 	0.0 	0.0 	0.0 	12.7559100006	2.64133345544	153.256112197	-84.7660937452	
7.96666666667	0.0	0.0	0.0 	0.0 	207.3 	21.0 	0.0 	0.0 	0.0 	-0.0 	21.0 	0.0 	0.0 	0.0 	12.7579750289	2.64133345544	153.358102211	-84.952670256	
7.98333333333	0.0	0.0	0.0 	0.0 	207.65 	21.0 	0.0 	0.0 	0.0 	-0.0 	21.0 	0.0 	0.0 	0.0 	12.7600199264	2.64133345544	153.460108573	-85.1392766721	
8.0	0.0	0.0	0.0 	0.0 	208.0 	21.0 	0.0 	0.0 	0.0 	-0.0 	21.0 	0.0 	0.0 	0.0 	12.7620448894	2.64133345544	153.562131123	-85.3259127018	
8.01666666667	0.0	0.0	0.0 	0.0 	208.35 	21.0 	0.0 	0.0 	0.0 	-0.0 	21.0 	0.0 	0.0 	0.0 	12.7640501122	2.64133345544	153.664169703	-85.5125780564	
8.03333333333	0.0	0.0	0.0 	0.0 	208.7 	21.0 	0.0 	0.0 	0.0 	-0.0 	21.0 	0.0 	0.0 	0.0 	12.7660357872	2.64133345544	153.766224157	-85.6992724503	
8.05	0.0	0.0	0.0 	0.0 	209.05 	21.0 	0.0 	0.0 	0.0 	-0.0 	21.0 	0.0 	0.0 	0.0 	12.768002105	2.64133345544	153.86829433	-85.8859956001	
8.06666666667	0.0	0.0	0.0 	0.0 	209.4 	21.0 	0.0 	0.0 	0.0 	-0.0 	21.0 	0.0 	0.0 	0.0 	12.7699492543	2.64133345544	153.970380069	-86.0727472256	
8.08333333333	0.0	0.0	0.0 	0.0 	209.75 	21.0 	0.0 	0.0 	0.0 	-0.0 	21.0 	0.0 	0.0 	0.0 	12.7718774219	2.64133345544	154.072481223	-86.2595270493	
8.1	0.0	0.0	0.0 	0.0 	210.1 	21.0 	0.0 	0.0 	0.0 	-0.0 	21.0 	0.0 	0.0 	0.0 	12.7737867929	2.64133345544	154.17459764	-86.4463347961	
8.11666666667	0.0	0.0	0.0 	0.0 	210.45 	21.0 	0.0 	0.0 	0.0 	-0.0 	21.0 	0.0 	0.0 	0.0 	12.7756775506	2.64133345544	154.276729172	-86.633170194	
8.13333333333	0.0	0.0	0.0 	0.0 	210.8 	21.0 	0.0 	0.0 	0.0 	-0.0 	21.0 	0.0 	0.0 	0.0 	12.7775498764	2.64133345544	154.378875672	-86.8200329734	
8.15	0.0	0.0	0.0 	0.0 	211.15 	21.0 	0.0 	0.0 	0.0 	-0.0 	21.0 	0.0 	0.0 	0.0 	12.7794039499	2.64133345544	154.481036994	-87.0069228672	
8.16666666667	0.0	0.0	0.0 	0.0 	211.5 	21.0 	0.0 	0.0 	0.0 	-0.0 	21.0 	0.0 	0.0 	0.0 	12.7812399491	2.64133345544	154.583212994	-87.1938396113	
8.18333333333	0.0	0.0	0.0 	0.0 	211.85 	21.0 	0.0 	0.0 	0.0 	-0.0 	21.0 	0.0 	0.0 	0.0 	12.7830580503	2.64133345544	154.685403527	-87.3807829439	
8.2	0.0	0.0	0.0 	0.0 	212.2 	21.0 	0.0 	0.0 	0.0 	-0.0 	21.0 	0.0 	0.0 	0.0 	12.7848584278	2.64133345544	154.787608453	-87.5677526057	
8.21666666667	0.0	0.0	0.0 	0.0 	212.55 	21.0 	0.0 	0.0 	0.0 	-0.0 	21.0 	0.0 	0.0 	0.0 	12.7866412544	2.64133345544	154.889827632	-87.7547483402	
8.23333333333	0.0	0.0	0.0 	0.0 	212.9 	21.0 	0.0 	0.0 	0.0 	-0.0 	21.0 	0.0 	0.0 	0.0 	12.7884067013	2.64133345544	154.992060924	-87.941769893	
8.25	0.0	0.0	0.0 	0.0 	213.25 	21.0 	0.0 	0.0 	0.0 	-0.0 	21.0 	0.0 	0.0 	0.0 	12.7901549379	2.64133345544	155.094308192	-88.1288170126	
8.26666666667	0.0	0.0	0.0 	0.0 	213.6 	21.0 	0.0 	0.0 	0.0 	-0.0 	21.0 	0.0 	0.0 	0.0 	12.7918861319	2.64133345544	155.196569299	-88.3158894497	
8.28333333333	0.0	0.0	0.0 	0.0 	213.95 	21.0 	0.0 	0.0 	0.0 	-0.0 	21.0 	0.0 	0.0 	0.0 	12.7936004495	2.64133345544	155.298844111	-88.5029869575	
8.3	0.0	0.0	0.0 	0.0 	214.3 	21.0 	0.0 	0.0 	0.0 	-0.0 	21.0 	0.0 	0.0 	0.0 	12.7952980551	2.64133345544	155.401132494	-88.6901092917	
8.31666666667	0.0	0.0	0.0 	0.0 	214.65 	21.0 	0.0 	0.0 	0.0 	-0.0 	21.0 	0.0 	0.0 	0.0 	12.7969791118	2.64133345544	155.503434315	-88.8772562101	
8.33333333333	0.0	0.0	0.0 	0.0 	215.0 	21.0 	0.0 	0.0 	0.0 	-0.0 	21.0 	0.0 	0.0 	0.0 	12.7986437809	2.64133345544	155.605749445	-89.0644274731	
8.35	0.0	0.0	0.0 	0.0 	215.35 	21.0 	0.0 	0.0 	0.0 	-0.0 	21.0 	0.0 	0.0 	0.0 	12.800292222	2.64133345544	155.708077752	-89.2516228434	
8.36666666667	0.0	0.0	0.0 	0.0 	215.7 	21.0 	0.0 	0.0 	0.0 	-0.0 	21.0 	0.0 	0.0 	0.0 	12.8019245934	2.64133345544	155.810419109	-89.4388420861	
8.38333333333	0.0	0.0	0.0 	0.0 	216.05 	21.0 	0.0 	0.0 	0.0 	-0.0 	21.0 	0.0 	0.0 	0.0 	12.8035410518	2.64133345544	155.912773388	-89.6260849683	
8.4	0.0	0.0	0.0 	0.0 	216.4 	21.0 	0.0 	0.0 	0.0 	-0.0 	21.0 	0.0 	0.0 	0.0 	12.8051417522	2.64133345544	156.015140464	-89.8133512596	
8.41666666667	0.0	0.0	0.0 	0.0 	216.75 	21.0 	0.0 	0.0 	0.0 	-0.0 	21.0 	0.0 	0.0 	0.0 	12.8067268483	2.64133345544	156.117520211	-90.0006407319	
8.43333333333	0.0	0.0	0.0 	0.0 	217.1 	21.0 	0.0 	0.0 	0.0 	-0.0 	21.0 	0.0 	0.0 	0.0 	12.8082964923	2.64133345544	156.219912506	-90.1879531591	
8.45	0.0	0.0	0.0 	0.0 	217.45 	21.0 	0.0 	0.0 	0.0 	-0.0 	21.0 	0.0 	0.0 	0.0 	12.8098508346	2.64133345544	156.322317227	-90.3752883175	
8.46666666667	0.0	0.0	0.0 	0.0 	217.8 	21.0 	0.0 	0.0 	0.0 	-0.0 	21.0 	0.0 	0.0 	0.0 	12.8113900246	2.64133345544	156.424734252	-90.5626459855	
8.48333333333	0.0	0.0	0.0 	0.0 	218.15 	21.0 	0.0 	0.0 	0.0 	-0.0 	21.0 	0.0 	0.0 	0.0 	12.8129142099	2.64133345544	156.527163463	-90.7500259436	
8.5	0.0	0.0	0.0 	0.0 	218.5 	21.0 	0.0 	0.0 	0.0 	-0.0 	21.0 	0.0 	0.0 	0.0 	12.8144235368	2.64133345544	156.629604739	-90.9374279746	
8.51666666667	0.0	0.0	0.0 	0.0 	218.85 	21.0 	0.0 	0.0 	0.0 	-0.0 	21.0 	0.0 	0.0 	0.0 	12.8159181501	2.64133345544	156.732057963	-91.1248518632	
8.53333333333	0.0	0.0	0.0 	0.0 	219.2 	21.0 	0.0 	0.0 	0.0 	-0.0 	21.0 	0.0 	0.0 	0.0 	12.8173981933	2.64133345544	156.834523019	-91.3122973965	
8.55	0.0	0.0	0.0 	0.0 	219.55 	21.0 	0.0 	0.0 	0.0 	-0.0 	21.0 	0.0 	0.0 	0.0 	12.8188638084	2.64133345544	156.936999792	-91.4997643634	
8.56666666667	0.0	0.0	0.0 	0.0 	219.9 	21.0 	0.0 	0.0 	0.0 	-0.0 	21.0 	0.0 	0.0 	0.0 	12.8203151361	2.64133345544	157.039488167	-91.6872525549	
8.58333333333	0.0	0.0	0.0 	0.0 	220.25 	21.0 	0.0 	0.0 	0.0 	-0.0 	21.0 	0.0 	0.0 	0.0 	12.8217523156	2.64133345544	157.141988031	-91.8747617642	
8.6	0.0	0.0	0.0 	0.0 	220.6 	21.0 	0.0 	0.0 	0.0 	-0.0 	21.0 	0.0 	0.0 	0.0 	12.8231754848	2.64133345544	157.244499272	-92.0622917863	
8.61666666667	0.0	0.0	0.0 	0.0 	220.95 	21.0 	0.0 	0.0 	0.0 	-0.0 	21.0 	0.0 	0.0 	0.0 	12.8245847804	2.64133345544	157.347021779	-92.2498424184	
8.63333333333	0.0	0.0	0.0 	0.0 	221.3 	21.0 	0.0 	0.0 	0.0 	-0.0 	21.0 	0.0 	0.0 	0.0 	12.8259803376	2.64133345544	157.449555443	-92.4374134596	
8.65	0.0	0.0	0.0 	0.0 	221.65 	21.0 	0.0 	0.0 	0.0 	-0.0 	21.0 	0.0 	0.0 	0.0 	12.8273622903	2.64133345544	157.552100154	-92.6250047108	
8.66666666667	0.0	0.0	0.0 	0.0 	222.0 	21.0 	0.0 	0.0 	0.0 	-0.0 	21.0 	0.0 	0.0 	0.0 	12.8287307711	2.64133345544	157.654655806	-92.8126159751	
8.68333333333	0.0	0.0	0.0 	0.0 	222.35 	21.0 	0.0 	0.0 	0.0 	-0.0 	21.0 	0.0 	0.0 	0.0 	12.8300859114	2.64133345544	157.75722229	-93.0002470575	
8.7	0.0	0.0	0.0 	0.0 	222.7 	21.0 	0.0 	0.0 	0.0 	-0.0 	21.0 	0.0 	0.0 	0.0 	12.8314278411	2.64133345544	157.859799502	-93.1878977646	
8.71666666667	0.0	0.0	0.0 	0.0 	223.05 	21.0 	0.0 	0.0 	0.0 	-0.0 	21.0 	0.0 	0.0 	0.0 	12.8327566892	2.64133345544	157.962387338	-93.3755679051	
8.73333333333	0.0	0.0	0.0 	0.0 	223.4 	21.0 	0.0 	0.0 	0.0 	-0.0 	21.0 	0.0 	0.0 	0.0 	12.8340725831	2.64133345544	158.064985693	-93.5632572898	
8.75	0.0	0.0	0.0 	0.0 	223.75 	21.0 	0.0 	0.0 	0.0 	-0.0 	21.0 	0.0 	0.0 	0.0 	12.8353756492	2.64133345544	158.167594464	-93.7509657308	
8.76666666667	0.0	0.0	0.0 	0.0 	224.1 	21.0 	0.0 	0.0 	0.0 	-0.0 	21.0 	0.0 	0.0 	0.0 	12.8366660123	2.64133345544	158.270213552	-93.9386930425	
8.78333333333	0.0	0.0	0.0 	0.0 	224.45 	21.0 	0.0 	0.0 	0.0 	-0.0 	21.0 	0.0 	0.0 	0.0 	12.8379437965	2.64133345544	158.372842854	-94.126439041	
8.8	0.0	0.0	0.0 	0.0 	224.8 	21.0 	0.0 	0.0 	0.0 	-0.0 	21.0 	0.0 	0.0 	0.0 	12.8392091243	2.64133345544	158.475482271	-94.3142035439	
8.81666666667	0.0	0.0	0.0 	0.0 	225.15 	21.0 	0.0 	0.0 	0.0 	-0.0 	21.0 	0.0 	0.0 	0.0 	12.8404621171	2.64133345544	158.578131706	-94.501986371	
8.83333333333	0.0	0.0	0.0 	0.0 	225.5 	21.0 	0.0 	0.0 	0.0 	-0.0 	21.0 	0.0 	0.0 	0.0 	12.8417028952	2.64133345544	158.680791059	-94.6897873436	
8.85	0.0	0.0	0.0 	0.0 	225.85 	21.0 	0.0 	0.0 	0.0 	-0.0 	21.0 	0.0 	0.0 	0.0 	12.8429315776	2.64133345544	158.783460234	-94.8776062849	
8.86666666667	0.0	0.0	0.0 	0.0 	226.2 	21.0 	0.0 	0.0 	0.0 	-0.0 	21.0 	0.0 	0.0 	0.0 	12.8441482824	2.64133345544	158.886139137	-95.0654430196	
8.88333333333	0.0	0.0	0.0 	0.0 	226.55 	21.0 	0.0 	0.0 	0.0 	-0.0 	21.0 	0.0 	0.0 	0.0 	12.8453531262	2.64133345544	158.98882767	-95.2532973743	
8.9	0.0	0.0	0.0 	0.0 	226.9 	21.0 	0.0 	0.0 	0.0 	-0.0 	21.0 	0.0 	0.0 	0.0 	12.8465462246	2.64133345544	159.091525742	-95.4411691773	
8.91666666667	0.0	0.0	0.0 	0.0 	227.25 	21.0 	0.0 	0.0 	0.0 	-0.0 	21.0 	0.0 	0.0 	0.0 	12.8477276923	2.64133345544	159.194233259	-95.6290582584	
8.93333333333	0.0	0.0	0.0 	0.0 	227.6 	21.0 	0.0 	0.0 	0.0 	-0.0 	21.0 	0.0 	0.0 	0.0 	12.8488976424	2.64133345544	159.296950129	-95.8169644492	
8.95	0.0	0.0	0.0 	0.0 	227.95 	21.0 	0.0 	0.0 	0.0 	-0.0 	21.0 	0.0 	0.0 	0.0 	12.8500561874	2.64133345544	159.39967626	-96.0048875829	
8.96666666667	0.0	0.0	0.0 	0.0 	228.3 	21.0 	0.0 	0.0 	0.0 	-0.0 	21.0 	0.0 	0.0 	0.0 	12.8512034384	2.64133345544	159.502411563	-96.1928274943	
8.98333333333	0.0	0.0	0.0 	0.0 	228.65 	21.0 	0.0 	0.0 	0.0 	-0.0 	21.0 	0.0 	0.0 	0.0 	12.8523395055	2.64133345544	159.605155947	-96.38078402	
9.0	0.0	0.0	0.0 	0.0 	229.0 	21.0 	0.0 	0.0 	0.0 	-0.0 	21.0 	0.0 	0.0 	0.0 	12.8534644978	2.64133345544	159.707909325	-96.5687569979	
9.01666666667	0.0	0.0	0.0 	0.0 	229.35 	21.0 	0.0 	0.0 	0.0 	-0.0 	21.0 	0.0 	0.0 	0.0 	12.8545785231	2.64133345544	159.810671609	-96.7567462676	
9.03333333333	0.0	0.0	0.0 	0.0 	229.7 	21.0 	0.0 	0.0 	0.0 	-0.0 	21.0 	0.0 	0.0 	0.0 	12.8556816884	2.64133345544	159.913442712	-96.9447516703	
9.05	0.0	0.0	0.0 	0.0 	230.05 	21.0 	0.0 	0.0 	0.0 	-0.0 	21.0 	0.0 	0.0 	0.0 	12.8567740997	2.64133345544	160.016222547	-97.1327730489	
9.06666666667	0.0	0.0	0.0 	0.0 	230.4 	21.0 	0.0 	0.0 	0.0 	-0.0 	21.0 	0.0 	0.0 	0.0 	12.8578558616	2.64133345544	160.119011031	-97.3208102474	
9.08333333333	0.0	0.0	0.0 	0.0 	230.75 	21.0 	0.0 	0.0 	0.0 	-0.0 	21.0 	0.0 	0.0 	0.0 	12.858927078	2.64133345544	160.221808078	-97.5088631117	
9.1	0.0	0.0	0.0 	0.0 	231.1 	21.0 	0.0 	0.0 	0.0 	-0.0 	21.0 	0.0 	0.0 	0.0 	12.8599878518	2.64133345544	160.324613605	-97.6969314891	
9.11666666667	0.0	0.0	0.0 	0.0 	231.45 	21.0 	0.0 	0.0 	0.0 	-0.0 	21.0 	0.0 	0.0 	0.0 	12.8610382847	2.64133345544	160.42742753	-97.8850152283	
9.13333333333	0.0	0.0	0.0 	0.0 	231.8 	21.0 	0.0 	0.0 	0.0 	-0.0 	21.0 	0.0 	0.0 	0.0 	12.8620784775	2.64133345544	160.53024977	-98.0731141797	
9.15	0.0	0.0	0.0 	0.0 	232.15 	21.0 	0.0 	0.0 	0.0 	-0.0 	21.0 	0.0 	0.0 	0.0 	12.8631085301	2.64133345544	160.633080244	-98.2612281948	
9.16666666667	0.0	0.0	0.0 	0.0 	232.5 	21.0 	0.0 	0.0 	0.0 	-0.0 	21.0 	0.0 	0.0 	0.0 	12.8641285413	2.64133345544	160.735918873	-98.4493571269	
9.18333333333	0.0	0.0	0.0 	0.0 	232.85 	21.0 	0.0 	0.0 	0.0 	-0.0 	21.0 	0.0 	0.0 	0.0 	12.865138609	2.64133345544	160.838765576	-98.6375008306	
9.2	0.0	0.0	0.0 	0.0 	233.2 	21.0 	0.0 	0.0 	0.0 	-0.0 	21.0 	0.0 	0.0 	0.0 	12.8661388301	2.64133345544	160.941620276	-98.8256591617	
9.21666666667	0.0	0.0	0.0 	0.0 	233.55 	21.0 	0.0 	0.0 	0.0 	-0.0 	21.0 	0.0 	0.0 	0.0 	12.8671293006	2.64133345544	161.044482893	-99.0138319779	
9.23333333333	0.0	0.0	0.0 	0.0 	233.9 	21.0 	0.0 	0.0 	0.0 	-0.0 	21.0 	0.0 	0.0 	0.0 	12.8681101156	2.64133345544	161.147353351	-99.2020191377	
9.25	0.0	0.0	0.0 	0.0 	234.25 	21.0 	0.0 	0.0 	0.0 	-0.0 	21.0 	0.0 	0.0 	0.0 	12.8690813692	2.64133345544	161.250231574	-99.3902205015	
9.26666666667	0.0	0.0	0.0 	0.0 	234.6 	21.0 	0.0 	0.0 	0.0 	-0.0 	21.0 	0.0 	0.0 	0.0 	12.8700431546	2.64133345544	161.353117486	-99.5784359307	
9.28333333333	0.0	0.0	0.0 	0.0 	234.95 	21.0 	0.0 	0.0 	0.0 	-0.0 	21.0 	0.0 	0.0 	0.0 	12.8709955641	2.64133345544	161.456011011	-99.7666652882	
9.3	0.0	0.0	0.0 	0.0 	235.3 	21.0 	0.0 	0.0 	0.0 	-0.0 	21.0 	0.0 	0.0 	0.0 	12.8719386891	2.64133345544	161.558912075	-99.9549084383	
9.31666666667	0.0	0.0	0.0 	0.0 	235.65 	21.0 	0.0 	0.0 	0.0 	-0.0 	21.0 	0.0 	0.0 	0.0 	12.8728726201	2.64133345544	161.661820606	-100.143165246	
9.33333333333	0.0	0.0	0.0 	0.0 	236.0 	21.0 	0.0 	0.0 	0.0 	-0.0 	21.0 	0.0 	0.0 	0.0 	12.8737974467	2.64133345544	161.76473653	-100.33143558	
9.35	0.0	0.0	0.0 	0.0 	236.35 	21.0 	0.0 	0.0 	0.0 	-0.0 	21.0 	0.0 	0.0 	0.0 	12.8747132578	2.64133345544	161.867659775	-100.519719306	
9.36666666667	0.0	0.0	0.0 	0.0 	236.7 	21.0 	0.0 	0.0 	0.0 	-0.0 	21.0 	0.0 	0.0 	0.0 	12.8756201411	2.64133345544	161.97059027	-100.708016295	
9.38333333333	0.0	0.0	0.0 	0.0 	237.05 	21.0 	0.0 	0.0 	0.0 	-0.0 	21.0 	0.0 	0.0 	0.0 	12.8765181838	2.64133345544	162.073527945	-100.896326417	
9.4	0.0	0.0	0.0 	0.0 	237.4 	21.0 	0.0 	0.0 	0.0 	-0.0 	21.0 	0.0 	0.0 	0.0 	12.8774074719	2.64133345544	162.176472728	-101.084649544	
9.41666666667	0.0	0.0	0.0 	0.0 	237.75 	21.0 	0.0 	0.0 	0.0 	-0.0 	21.0 	0.0 	0.0 	0.0 	12.8782880909	2.64133345544	162.279424551	-101.272985549	
9.43333333333	0.0	0.0	0.0 	0.0 	238.1 	21.0 	0.0 	0.0 	0.0 	-0.0 	21.0 	0.0 	0.0 	0.0 	12.8791601252	2.64133345544	162.382383346	-101.461334308	
9.45	0.0	0.0	0.0 	0.0 	238.45 	21.0 	0.0 	0.0 	0.0 	-0.0 	21.0 	0.0 	0.0 	0.0 	12.8800236586	2.64133345544	162.485349043	-101.649695695	
9.46666666667	0.0	0.0	0.0 	0.0 	238.8 	21.0 	0.0 	0.0 	0.0 	-0.0 	21.0 	0.0 	0.0 	0.0 	12.8808787739	2.64133345544	162.588321577	-101.838069588	
9.48333333333	0.0	0.0	0.0 	0.0 	239.15 	21.0 	0.0 	0.0 	0.0 	-0.0 	21.0 	0.0 	0.0 	0.0 	12.8817255531	2.64133345544	162.69130088	-102.026455864	
9.5	0.0	0.0	0.0 	0.0 	239.5 	21.0 	0.0 	0.0 	0.0 	-0.0 	21.0 	0.0 	0.0 	0.0 	12.8825640776	2.64133345544	162.794286886	-102.214854403	
9.51666666667	0.0	0.0	0.0 	0.0 	239.85 	21.0 	0.0 	0.0 	0.0 	-0.0 	21.0 	0.0 	0.0 	0.0 	12.8833944278	2.64133345544	162.897279531	-102.403265085	
9.53333333333	0.0	0.0	0.0 	0.0 	240.2 	21.0 	0.0 	0.0 	0.0 	-0.0 	21.0 	0.0 	0.0 	0.0 	12.8842166834	2.64133345544	163.000278748	-102.591687792	
9.55	0.0	0.0	0.0 	0.0 	240.55 	21.0 	0.0 	0.0 	0.0 	-0.0 	21.0 	0.0 	0.0 	0.0 	12.8850309233	2.64133345544	163.103284475	-102.780122407	
9.56666666667	0.0	0.0	0.0 	0.0 	240.9 	21.0 	0.0 	0.0 	0.0 	-0.0 	21.0 	0.0 	0.0 	0.0 	12.8858372256	2.64133345544	163.206296648	-102.968568814	
9.58333333333	0.0	0.0	0.0 	0.0 	241.25 	21.0 	0.0 	0.0 	0.0 	-0.0 	21.0 	0.0 	0.0 	0.0 	12.8866356677	2.64133345544	163.309315203	-103.157026897	
9.6	0.0	0.0	0.0 	0.0 	241.6 	21.0 	0.0 	0.0 	0.0 	-0.0 	21.0 	0.0 	0.0 	0.0 	12.8874263263	2.64133345544	163.41234008	-103.345496543	
9.61666666667	0.0	0.0	0.0 	0.0 	241.95 	21.0 	0.0 	0.0 	0.0 	-0.0 	21.0 	0.0 	0.0 	0.0 	12.8882092772	2.64133345544	163.515371215	-103.533977639	
9.63333333333	0.0	0.0	0.0 	0.0 	242.3 	21.0 	0.0 	0.0 	0.0 	-0.0 	21.0 	0.0 	0.0 	0.0 	12.8889845956	2.64133345544	163.618408548	-103.722470074	
9.65	0.0	0.0	0.0 	0.0 	242.65 	21.0 	0.0 	0.0 	0.0 	-0.0 	21.0 	0.0 	0.0 	0.0 	12.8897523558	2.64133345544	163.721452019	-103.910973736	
9.66666666667	0.0	0.0	0.0 	0.0 	243.0 	21.0 	0.0 	0.0 	0.0 	-0.0 	21.0 	0.0 	0.0 	0.0 	12.8905126316	2.64133345544	163.824501568	-104.099488517	
9.68333333333	0.0	0.0	0.0 	0.0 	243.35 	21.0 	0.0 	0.0 	0.0 	-0.0 	21.0 	0.0 	0.0 	0.0 	12.8912654959	2.64133345544	163.927557136	-104.288014309	
9.7	0.0	0.0	0.0 	0.0 	243.7 	21.0 	0.0 	0.0 	0.0 	-0.0 	21.0 	0.0 	0.0 	0.0 	12.8920110209	2.64133345544	164.030618663	-104.476551002	
9.71666666667	0.0	0.0	0.0 	0.0 	244.05 	21.0 	0.0 	0.0 	0.0 	-0.0 	21.0 	0.0 	0.0 	0.0 	12.8927492783	2.64133345544	164.133686092	-104.665098493	
9.73333333333	0.0	0.0	0.0 	0.0 	244.4 	21.0 	0.0 	0.0 	0.0 	-0.0 	21.0 	0.0 	0.0 	0.0 	12.8934803388	2.64133345544	164.236759365	-104.853656675	
9.75	0.0	0.0	0.0 	0.0 	244.75 	21.0 	0.0 	0.0 	0.0 	-0.0 	21.0 	0.0 	0.0 	0.0 	12.8942042726	2.64133345544	164.339838426	-105.042225443	
9.76666666667	0.0	0.0	0.0 	0.0 	245.1 	21.0 	0.0 	0.0 	0.0 	-0.0 	21.0 	0.0 	0.0 	0.0 	12.8949211492	2.64133345544	164.442923217	-105.230804696	
9.78333333333	0.0	0.0	0.0 	0.0 	245.45 	21.0 	0.0 	0.0 	0.0 	-0.0 	21.0 	0.0 	0.0 	0.0 	12.8956310373	2.64133345544	164.546013684	-105.41939433	
9.8	0.0	0.0	0.0 	0.0 	245.8 	21.0 	0.0 	0.0 	0.0 	-0.0 	21.0 	0.0 	0.0 	0.0 	12.8963340052	2.64133345544	164.64910977	-105.607994245	
9.81666666667	0.0	0.0	0.0 	0.0 	246.15 	21.0 	0.0 	0.0 	0.0 	-0.0 	21.0 	0.0 	0.0 	0.0 	12.8970301202	2.64133345544	164.752211421	-105.79660434	
9.83333333333	0.0	0.0	0.0 	0.0 	246.5 	21.0 	0.0 	0.0 	0.0 	-0.0 	21.0 	0.0 	0.0 	0.0 	12.8977194493	2.64133345544	164.855318583	-105.985224515	
9.85	0.0	0.0	0.0 	0.0 	246.85 	21.0 	0.0 	0.0 	0.0 	-0.0 	21.0 	0.0 	0.0 	0.0 	12.8984020584	2.64133345544	164.958431201	-106.173854674	
9.86666666667	0.0	0.0	0.0 	0.0 	247.2 	21.0 	0.0 	0.0 	0.0 	-0.0 	21.0 	0.0 	0.0 	0.0 	12.8990780132	2.64133345544	165.061549224	-106.362494718	
9.88333333333	0.0	0.0	0.0 	0.0 	247.55 	21.0 	0.0 	0.0 	0.0 	-0.0 	21.0 	0.0 	0.0 	0.0 	12.8997473785	2.64133345544	165.164672597	-106.55114455	
9.9	0.0	0.0	0.0 	0.0 	247.9 	21.0 	0.0 	0.0 	0.0 	-0.0 	21.0 	0.0 	0.0 	0.0 	12.9004102185	2.64133345544	165.267801269	-106.739804077	
9.91666666667	0.0	0.0	0.0 	0.0 	248.25 	21.0 	0.0 	0.0 	0.0 	-0.0 	21.0 	0.0 	0.0 	0.0 	12.9010665968	2.64133345544	165.370935189	-106.928473202	
9.93333333333	0.0	0.0	0.0 	0.0 	248.6 	21.0 	0.0 	0.0 	0.0 	-0.0 	21.0 	0.0 	0.0 	0.0 	12.9017165766	2.64133345544	165.474074305	-107.117151833	
9.95	0.0	0.0	0.0 	0.0 	248.95 	21.0 	0.0 	0.0 	0.0 	-0.0 	21.0 	0.0 	0.0 	0.0 	12.90236022	2.64133345544	165.577218566	-107.305839877	
9.96666666667	0.0	0.0	0.0 	0.0 	249.3 	21.0 	0.0 	0.0 	0.0 	-0.0 	21.0 	0.0 	0.0 	0.0 	12.9029975889	2.64133345544	165.680367922	-107.494537242	
9.98333333333	0.0	0.0	0.0 	0.0 	249.65 	21.0 	0.0 	0.0 	0.0 	-0.0 	21.0 	0.0 	0.0 	0.0 	12.9036287445	2.64133345544	165.783522324	-107.683243837	
